HOST, TIME, SNAP_ID, SYS_CPU, SYS_DBTIME, SYS_SYSPCT, SYS_READ, SYS_WRITE, SYS_REDO, SYS_OSWAIT, SYS_RMWAIT, SYS_ACTSESS_MAX, SYS_ACTSESS_AVG, SYS_PGA, SYS_PXRUNS, SYS_PXQCT, SYS_PXSRVT, SYS_UCALLS, SYS_IOWAIT
1, 29/01/2019 23:59:08, 131363, 63, 81.1, 19.3, 1319.3, 203.1, 29.5, 1.7, 0.9, 277.4, 207.7, 67842, 110.4, 11.2, 298.5, 137.7, 22.6
1, 30/01/2019 00:20:08, 131364, 64.4, 84, 20.4, 1474.4, 260.5, 41.5, 1.6, 3.6, 271.2, 215.1, 56123.3, 95, 12.6, 289.7, 151.9, 32.9
1, 30/01/2019 00:40:08, 131365, 67.9, 102, 21.3, 2499.2, 218.4, 30.4, 3.2, 26.8, 300.5, 261, 55846.6, 99, 26, 361.5, 154, 25.1
1, 30/01/2019 00:59:08, 131366, 69.3, 91.5, 21.7, 2493.8, 192.9, 22.3, 1.6, 4, 258.1, 234.3, 58223, 649.6, 25.8, 399.5, 141.2, 33
1, 30/01/2019 01:20:07, 131367, 65.7, 102.4, 19.8, 3057, 191.4, 23.7, 1.6, 2.6, 386.4, 262.2, 65371.1, 404.9, 25.3, 417.3, 129, 33.5
1, 30/01/2019 01:39:08, 131368, 49.1, 70.2, 15.2, 1401.5, 215, 25.8, 1.3, 0.7, 234.8, 179.7, 57307.7, 581, 21.8, 353.1, 160, 25
1, 30/01/2019 01:59:08, 131369, 41.7, 74.1, 13.8, 3132.1, 158.9, 27.4, 1.2, 0, 242.1, 189.7, 53254.2, 597.9, 18, 295.1, 128.4, 28.7
1, 30/01/2019 02:19:07, 131370, 55.3, 61.4, 16.3, 6430.8, 172.4, 33, 1.3, 0.3, 206.5, 157.3, 64899.5, 603.6, 17.6, 270.2, 150.7, 15.9
1, 30/01/2019 02:40:07, 131371, 77.6, 91.7, 16.8, 11281.3, 143.8, 21.4, 1.7, 6.6, 273.1, 234.9, 83989.4, 376.1, 20.4, 384.8, 117.6, 13.9
1, 30/01/2019 03:00:08, 131372, 65.9, 118.6, 14.5, 8108.3, 197.8, 18.5, 5.6, 11, 423.8, 303.6, 73457.1, 101.9, 19.7, 397.1, 74.4, 19.5
1, 30/01/2019 03:20:07, 131373, 42.2, 62.2, 10.9, 2433.1, 167.4, 22.6, 0.9, 1.4, 262.6, 159.3, 58027.4, 43.9, 12.7, 203.2, 52.2, 21.4
1, 30/01/2019 03:40:07, 131374, 37.1, 78.7, 10.1, 1125.9, 156.1, 26.7, 0.9, 0.6, 445.1, 201.5, 60999.9, 33.6, 10.2, 161.8, 59.2, 46.5
1, 30/01/2019 03:59:08, 131375, 52, 57.7, 13, 1449.8, 246, 29.4, 1.1, 2.2, 188.9, 147.7, 89167.2, 29.5, 9, 143.1, 70, 11.3
1, 30/01/2019 04:20:07, 131376, 39.8, 59, 10.4, 1830.5, 444.2, 26.6, 1, 0.2, 313.1, 151, 84157.7, 70.6, 8.1, 144.3, 62.9, 10.5
1, 30/01/2019 04:39:07, 131377, 38.9, 48.5, 10.4, 773.3, 411.1, 25.4, 0.9, 0, 226.4, 124.2, 83830.6, 48.9, 6.4, 135.7, 67.3, 10.5
1, 30/01/2019 04:59:07, 131378, 30.8, 48.6, 8.4, 471.2, 320.9, 23.4, 0.9, 0, 288.1, 124.4, 78212.9, 59, 5.3, 107.5, 70, 11.4
1, 30/01/2019 05:19:07, 131379, 35.4, 52.3, 9.8, 1649.1, 287.4, 30.4, 0.9, 0.1, 293.2, 134, 81587.1, 64.3, 5.8, 122.5, 69.7, 9.3
1, 30/01/2019 05:39:07, 131380, 25.1, 30.5, 7.3, 250.9, 180.5, 33.1, 0.8, 0, 162.4, 78.2, 75216.2, 60.3, 2.9, 52.8, 87.3, 6.9
1, 30/01/2019 06:00:07, 131381, 33.5, 55.9, 10.4, 970.7, 234.2, 44.4, 1, 0, 240.5, 143.1, 51685, 59, 2.4, 44, 103.2, 17
1, 30/01/2019 06:20:07, 131382, 54.2, 80.1, 14.6, 1123.5, 346.9, 49, 1.2, 0, 328.1, 205, 52949.7, 60.9, 6.4, 128.5, 108.6, 16.1
1, 30/01/2019 06:39:07, 131383, 39.7, 65.7, 11.7, 300.7, 273.2, 44.2, 1.1, 0, 257, 168.3, 49009.2, 43.9, 2.7, 55.9, 100.1, 15.2
1, 30/01/2019 07:00:07, 131384, 37.4, 65, 11.2, 1017.7, 257.4, 40.8, 1, 0, 283.3, 166.4, 49653.8, 54.1, 3.5, 67.3, 104.6, 15.5
1, 30/01/2019 07:20:07, 131385, 41.5, 90.2, 12.3, 915.7, 263.9, 42.2, 1.1, 0, 327.5, 230.9, 45426.3, 73.1, 4.7, 80, 93.6, 14
1, 30/01/2019 07:40:07, 131386, 44, 65.5, 13.6, 221.4, 299.6, 51.7, 1.2, 0, 247.1, 167.6, 45333.2, 42, 3.1, 52.1, 112.9, 16.5
1, 30/01/2019 08:00:07, 131387, 55.9, 78, 15.1, 6080.9, 395.2, 58.3, 1.3, 0.4, 342.3, 199.8, 47322, 40, 6.8, 113.9, 109, 17.5
1, 30/01/2019 08:20:07, 131388, 61.4, 82.2, 16.7, 6325.5, 377.4, 74.9, 1.4, 0, 354.7, 210.4, 47271.2, 37.8, 4.8, 73.6, 141.9, 21
1, 30/01/2019 08:39:06, 131389, 65, 104.5, 16.8, 16846.5, 401.4, 74.6, 1.6, 0.1, 353.3, 267.6, 48936.7, 49.5, 4.9, 115, 137.2, 15.2
1, 30/01/2019 09:00:06, 131390, 55.7, 91.5, 15.6, 17314.7, 370, 78.8, 1.4, 0.1, 323.2, 234.3, 48756, 35.1, 3.8, 100.6, 148.1, 11.4
1, 30/01/2019 09:20:06, 131391, 46, 77.9, 12.9, 328.2, 363, 73, 1.1, 0, 1148, 199.4, 49253.1, 41, 3.2, 64.1, 166.8, 8
1, 30/01/2019 09:40:06, 131392, 65.5, 80.5, 17.9, 1403.8, 448.6, 85.1, 1.5, 0.1, 314.8, 206, 50077.5, 60.1, 6, 125.8, 176.6, 8.7
1, 30/01/2019 10:00:06, 131393, 50.4, 72.5, 14.3, 628.9, 348.2, 73, 1.2, 0.6, 270.2, 185.5, 49853.5, 65, 4.4, 100.4, 165.5, 9.8
1, 30/01/2019 10:20:06, 131394, 57, 78.9, 14.3, 4098.8, 364.1, 70.2, 1.4, 17.1, 388.7, 202.1, 50420.8, 98, 13.5, 174.9, 154.9, 10.3
1, 30/01/2019 10:40:06, 131395, 56.2, 103.4, 14.5, 4947.3, 315.4, 68.7, 1.8, 30.6, 326.6, 264.7, 51891.1, 71, 21.7, 268, 139.6, 13.8
1, 30/01/2019 11:00:05, 131396, 57.5, 153.3, 13.8, 2682.3, 266.4, 54.5, 2.1, 16.1, 499.4, 392.5, 55777.9, 62, 20.1, 365, 106.9, 17.1
1, 30/01/2019 11:20:05, 131397, 63, 106.1, 16.1, 1086.1, 327, 70.9, 1.5, 6.2, 416.8, 271.5, 55170, 90.4, 15.7, 260, 140.3, 17.6
1, 30/01/2019 11:41:05, 131398, 55.1, 98.8, 14.6, 617.6, 332.1, 69.4, 1.2, 0, 405.1, 253, 56860, 56, 14.1, 221.1, 136.1, 14.2
1, 30/01/2019 12:00:05, 131399, 50.7, 76.5, 13.4, 847.2, 733.4, 68.8, 1.1, 7, 363.6, 195.7, 84874.9, 141.9, 12.1, 187.4, 152.6, 16.3
1, 30/01/2019 12:20:05, 131400, 59.5, 88.8, 13.4, 976.7, 291.1, 56.2, 1.3, 8.2, 335.8, 227.4, 46849.7, 70, 7.8, 143.8, 136.2, 9.4
1, 30/01/2019 12:40:06, 131401, 59.9, 95.1, 13.5, 1716, 252.8, 53.3, 2.3, 1, 377.9, 243.4, 44802.1, 243, 9.1, 157.2, 122, 7.8
1, 30/01/2019 13:00:06, 131402, 51, 66.1, 13, 535.5, 271.8, 59.8, 1.1, 0, 288.8, 169.3, 45358.7, 108.2, 4.2, 50.9, 144.5, 9.3
1, 30/01/2019 13:20:05, 131403, 47, 60.4, 13, 685.6, 284.5, 60.1, 1.1, 0, 292.5, 154.5, 44228.3, 73.7, 5.2, 68.9, 147.6, 10.8
1, 30/01/2019 13:40:05, 131404, 44.9, 51.5, 13.1, 2075.7, 344, 69.6, 1.2, 0.1, 232.8, 131.8, 50154.3, 122.2, 4.2, 69, 197.5, 9.3
1, 30/01/2019 14:00:05, 131405, 47.9, 63.3, 13.4, 1142, 324, 65.7, 1.2, 0, 316.9, 161.9, 49081.2, 118.2, 5, 85.1, 170.3, 8.8
1, 30/01/2019 14:20:05, 131406, 41.3, 50.4, 12.1, 422.4, 333.8, 64.3, 1.1, 0, 206.3, 129.1, 44472.7, 100.9, 3.2, 50.3, 164.6, 6.9
1, 30/01/2019 14:40:05, 131407, 33.9, 59.5, 9.9, 57.7, 266.1, 60.4, 0.9, 0, 295.4, 152.2, 44147.3, 92.2, 1.5, 11.4, 165.5, 6.8
1, 30/01/2019 15:00:05, 131408, 50.7, 72.8, 14, 2066.2, 340.5, 59, 1.4, 0.1, 286.9, 186.5, 49831.9, 190.7, 4.3, 73.9, 161.8, 10.6
1, 30/01/2019 15:20:05, 131409, 51.7, 54.5, 15, 761, 337.6, 60.8, 1.3, 0, 164.5, 139.4, 48382.9, 73.2, 4.2, 73.5, 175.7, 9.7
1, 30/01/2019 15:40:05, 131410, 46.1, 47.2, 14, 381.9, 349, 62.7, 1.3, 0, 174.2, 120.9, 44478.2, 102, 2.4, 23.4, 192.2, 9.4
1, 30/01/2019 15:59:05, 131411, 58.9, 88.5, 14.3, 1791.7, 381.7, 53.1, 1.6, 8.7, 362.2, 226.7, 63590.3, 72.5, 7.7, 174.2, 140.7, 16.5
1, 30/01/2019 16:20:04, 131412, 68.9, 74.5, 17.3, 2055.8, 530.7, 61.3, 1.5, 0.4, 277.4, 190.8, 74766, 82.9, 5.8, 131.9, 159.7, 12.7
1, 30/01/2019 16:40:04, 131413, 70.1, 71.2, 16.2, 844.5, 464.2, 61.3, 1.3, 0.2, 288.4, 182.3, 100739.2, 82, 4.6, 93.5, 161.1, 8.7
1, 30/01/2019 17:00:05, 131414, 78.5, 138.1, 15.6, 7639.1, 354.8, 44.9, 8.6, 6.5, 507.7, 353.4, 106884.2, 123.7, 16, 303.4, 99.7, 11.9
1, 30/01/2019 17:21:04, 131415, 95.7, 136.9, 20.2, 5649.6, 434, 50.7, 23.7, 6.6, 460.5, 350.4, 128298.6, 111.5, 16.9, 378.5, 125.4, 26.8
1, 30/01/2019 17:40:05, 131416, 94.4, 113.2, 18.8, 3486.6, 445, 55.6, 22.6, 6.9, 357, 289.7, 105851, 65, 17.9, 377.7, 129.1, 8.2
1, 30/01/2019 18:00:04, 131417, 89.3, 147, 19.7, 3858.7, 459.6, 56.7, 17.3, 5.3, 469.1, 376.3, 104854, 79.2, 21.9, 399.4, 135.3, 24.1
1, 30/01/2019 18:20:04, 131418, 74, 123.9, 16, 1577, 455.4, 51.4, 3.5, 5.2, 428.3, 317.1, 108631.3, 66, 19.8, 370.3, 124.1, 13.8
1, 30/01/2019 18:40:04, 131419, 77.5, 115.3, 17.7, 3426.1, 571.7, 57, 6, 7.6, 489.3, 295.3, 107099.6, 56.9, 17.7, 319.3, 135.7, 14.5
1, 30/01/2019 19:00:04, 131420, 73.2, 96.3, 17.3, 598.3, 571.2, 54.5, 1.9, 4.4, 332.4, 246.4, 98957.8, 43.9, 15.5, 278.7, 146.1, 12.5
1, 30/01/2019 19:20:04, 131421, 68.8, 82.9, 16.1, 1839.8, 615.2, 60.6, 1.5, 2.7, 358, 212.2, 78740.5, 47, 15.9, 287.3, 158.2, 8.7
1, 30/01/2019 19:40:04, 131422, 63.3, 76.4, 15.4, 675.4, 638.3, 57.4, 1.3, 3.1, 313.2, 195.5, 74026.9, 30, 13.5, 244.4, 159.1, 5.1
1, 30/01/2019 20:00:03, 131423, 79.8, 112.4, 16.8, 2775.1, 557.9, 44, 3.9, 5.6, 458.4, 287.6, 74499.3, 82.9, 21.6, 444.8, 109, 10.2
1, 30/01/2019 20:20:03, 131424, 80, 133.4, 18.7, 2373.2, 548.4, 42.4, 11.2, 12.7, 453.5, 341.4, 77395.5, 87.9, 21.6, 536.4, 108.5, 17.8
1, 30/01/2019 20:40:04, 131425, 77, 141.7, 20.1, 2754.7, 409, 35.1, 10.7, 23, 505, 362.8, 91210.5, 81.9, 22.6, 531.6, 85.8, 24.9
1, 30/01/2019 21:00:04, 131426, 82.8, 145.4, 18.5, 3272.9, 523.9, 30.1, 14.3, 23.2, 509.4, 372.2, 94283.6, 95.9, 22.7, 578.3, 98, 25.9
1, 30/01/2019 21:20:03, 131427, 85.2, 116, 18.5, 1586.7, 481.1, 31.6, 12.7, 21.4, 317.7, 296.9, 101173.6, 62.1, 18.3, 502.8, 107.2, 15.5
1, 30/01/2019 21:40:03, 131428, 84.4, 108.4, 18.2, 1868.3, 260, 30.1, 9.6, 18.8, 315, 277.5, 80090.6, 64.2, 14.7, 407.6, 95.5, 14.5
1, 30/01/2019 21:59:03, 131429, 81.4, 102.3, 17.2, 1301.1, 321.6, 32.6, 8.2, 17.4, 303.1, 262, 85944.9, 16.1, 13.9, 373.8, 111, 14.7
1, 30/01/2019 22:20:03, 131430, 77.6, 99.3, 17.5, 1369.4, 362, 24.7, 4.5, 16.5, 348.4, 254.1, 93967.1, 26.3, 13.1, 354.9, 93, 14
1, 30/01/2019 22:39:03, 131431, 79.6, 91.1, 19.9, 1208, 331.9, 36.8, 2.1, 3.2, 290.6, 233.1, 73106.9, 23.8, 13, 347.9, 151.8, 15.4
1, 30/01/2019 23:00:03, 131432, 62.8, 68.2, 16.6, 1329.3, 304.6, 34.8, 1.3, 0, 243.8, 174.5, 61548, 33.2, 9.3, 246.7, 135.7, 15.6
1, 30/01/2019 23:20:03, 131433, 73.5, 79.1, 18, 2550.1, 289.6, 34.9, 2.6, 5.7, 263.5, 202.5, 73773.6, 99.1, 12.9, 333, 149.2, 12.3
1, 30/01/2019 23:40:03, 131434, 63.1, 60.8, 18.3, 1248.2, 228.8, 32.8, 1.4, 0, 192.7, 155.5, 60432.7, 65, 9.3, 241.7, 154, 14.3
2, 29/01/2019 23:59:34, 131363, 64.2, 98.3, 14.4, 2716.6, 328.5, 46.5, 1.1, 5.2, 351.4, 251.6, 83310.1, 305.1, 11.5, 258.2, 134, 13.8
2, 30/01/2019 00:19:34, 131364, 50.5, 73.3, 11.9, 3266.4, 331.3, 52, 0.9, 5, 342.8, 187.6, 77530.7, 189.1, 10.9, 212.4, 133.8, 21.4
2, 30/01/2019 00:39:34, 131365, 68.2, 136.6, 15.5, 22634.7, 334.5, 38.9, 4.8, 32, 427.2, 349.7, 73840.3, 239.1, 24.1, 345.7, 114, 15.1
2, 30/01/2019 00:59:34, 131366, 66, 120.2, 15.6, 1154.6, 218.2, 34.3, 1.2, 18.3, 358, 307.8, 71838, 174.1, 20.9, 280.9, 125.3, 15
2, 30/01/2019 01:19:34, 131367, 69.4, 122.1, 15.1, 36383.6, 203.7, 31.3, 1.9, 5.5, 465.7, 312.6, 86875.8, 334.1, 25.2, 397.3, 118.5, 17.2
2, 30/01/2019 01:39:33, 131368, 87, 121.5, 17.8, 90494, 239.4, 26.1, 4, 3.7, 403.8, 311.1, 74955.3, 387.8, 29.9, 547, 103.1, 20.5
2, 30/01/2019 01:59:33, 131369, 63.8, 93.6, 13.5, 19588.5, 261.6, 27.1, 1, 0.1, 309.9, 239.6, 81503.3, 223.8, 20.6, 297.9, 117.4, 15.9
2, 30/01/2019 02:19:33, 131370, 64.2, 69.6, 13.6, 1072.6, 297.5, 33.9, 1, 0.1, 201.9, 178, 73858.1, 163.5, 15.3, 195.9, 174, 6.8
2, 30/01/2019 02:39:33, 131371, 60.6, 67.9, 13.4, 1215.9, 227.6, 33.1, 1, 0, 233.9, 173.9, 64971.7, 215.3, 13.2, 173.2, 202.9, 8
2, 30/01/2019 02:59:33, 131372, 65.2, 90.3, 13.2, 2732.5, 314.2, 26.2, 1, 2.8, 321.5, 231, 52038.1, 283.5, 15, 232.6, 142.4, 6.5
2, 30/01/2019 03:19:33, 131373, 47.7, 63.2, 10.4, 831.3, 143.7, 25.5, 0.8, 0, 192.2, 161.9, 51289.8, 240.5, 9.6, 139.4, 145.5, 12.9
2, 30/01/2019 03:39:33, 131374, 40, 58.4, 8, 1656.1, 125.9, 19.7, 0.6, 1.4, 228.7, 149.4, 49582.9, 226.8, 10.3, 170.7, 118.2, 22
2, 30/01/2019 03:59:33, 131375, 45.7, 53, 9.8, 985.7, 150.1, 21.4, 0.7, 0, 170.4, 135.7, 78930.6, 178.4, 8.9, 116.1, 116.6, 6.2
2, 30/01/2019 04:19:32, 131376, 54.5, 82.7, 10.9, 3441.9, 425.4, 21.5, 0.7, 11.4, 366.9, 211.7, 80301.6, 255.2, 12.2, 220.4, 82.4, 17.6
2, 30/01/2019 04:39:32, 131377, 43, 43.2, 9.1, 572.9, 437.7, 19.3, 0.7, 0, 232, 110.7, 78443.9, 232.3, 6.5, 82.7, 90.8, 6.6
2, 30/01/2019 05:00:33, 131378, 41.1, 56.5, 8.8, 2076.4, 321.4, 23.6, 0.6, 4.4, 255.3, 144.8, 78534.2, 153.9, 7.9, 126.8, 85.4, 12
2, 30/01/2019 05:19:32, 131379, 39.9, 52.1, 8.7, 2131.1, 132.9, 20.5, 0.6, 0.1, 241.1, 133.3, 82875.3, 272.6, 7.7, 127.9, 80.6, 4.9
2, 30/01/2019 05:39:33, 131380, 41.3, 42.5, 8.6, 787.4, 162.6, 25, 0.6, 0, 145.5, 108.9, 79081.5, 246.4, 6.1, 86.5, 111.7, 4.2
2, 30/01/2019 05:59:33, 131381, 34.3, 46.8, 7.2, 621, 146.4, 26.8, 0.5, 0.8, 198.2, 119.7, 46342, 189.7, 4.4, 56.7, 84.9, 4.7
2, 30/01/2019 06:19:32, 131382, 35.4, 48.5, 7.5, 1606.6, 116.7, 19.8, 0.6, 0.1, 242.4, 124.1, 42507.3, 219.2, 5.3, 91.2, 82.2, 6
2, 30/01/2019 06:39:33, 131383, 29.2, 36, 5.8, 291.6, 115.1, 17.6, 0.5, 0, 218.5, 92.2, 43471.4, 212, 4.1, 52.3, 57.5, 5.2
2, 30/01/2019 06:59:32, 131384, 41.5, 63.8, 8.5, 1231.1, 284.9, 25.3, 0.6, 0.6, 334.5, 163.3, 48428.9, 213, 6.2, 115.7, 66.6, 5.6
2, 30/01/2019 07:19:32, 131385, 34.2, 75.1, 7.4, 1215.1, 183.7, 25.9, 0.6, 0, 320.7, 192.3, 45440, 189.3, 5.3, 108.1, 77.2, 5.1
2, 30/01/2019 07:39:32, 131386, 32.1, 39.7, 6.9, 384.5, 130.2, 23.5, 0.5, 0, 165.6, 101.8, 41564.5, 218, 3.8, 60, 76.8, 4.6
2, 30/01/2019 07:59:32, 131387, 31.9, 46.2, 7.3, 437.1, 145.8, 29.8, 0.6, 0, 235.8, 118.3, 41619.2, 174.4, 3.3, 40.1, 96.4, 5.9
2, 30/01/2019 08:21:32, 131388, 31.7, 42.7, 7.2, 18783.2, 152, 33, 0.6, 0, 158.3, 109.2, 39735.3, 188, 4, 40.9, 99.5, 5.1
2, 30/01/2019 08:39:32, 131389, 45.4, 80.2, 9.4, 2570.9, 236.1, 34.8, 0.7, 0, 302.9, 205.2, 49478.1, 317, 6.4, 112, 104.2, 4.9
2, 30/01/2019 08:59:31, 131390, 39.7, 78, 8.9, 6492.9, 218.5, 39.2, 0.7, 0, 270.2, 199.6, 40159, 178.5, 4.1, 42, 117.6, 5.2
2, 30/01/2019 09:19:31, 131391, 37.6, 55.5, 8.6, 365.2, 207.8, 43.4, 0.7, 0, 226.7, 142.1, 40767.3, 212.4, 3.7, 34.3, 134.9, 4.1
2, 30/01/2019 09:39:32, 131392, 39.1, 57.3, 9.1, 1617.5, 209.1, 45.9, 0.7, 0, 233.3, 146.6, 38405.1, 330.1, 4.1, 61.8, 130.9, 4.3
2, 30/01/2019 09:59:32, 131393, 43.9, 71.6, 10.6, 535.8, 346.7, 47.1, 0.9, 0, 293.7, 183.3, 40210.7, 199.9, 3.7, 49, 139.9, 6.1
2, 30/01/2019 10:19:32, 131394, 46.8, 95, 11.3, 15378.7, 237.9, 50.9, 1, 19.5, 399.1, 243.2, 40649.2, 227.3, 11.3, 122.3, 139.6, 5.7
2, 30/01/2019 10:39:31, 131395, 49.2, 125.3, 12.1, 4071.7, 303.8, 53.8, 0.9, 29.7, 367.5, 320.7, 41306.9, 293, 21.9, 203.7, 126.5, 8
2, 30/01/2019 10:59:32, 131396, 51.3, 157.6, 12.4, 2975.9, 254.6, 47.3, 0.9, 10.6, 531.6, 403.6, 42170.6, 407.8, 26.8, 319.6, 107.7, 16.2
2, 30/01/2019 11:19:31, 131397, 50.4, 114.6, 12.5, 1365.4, 268.7, 58.6, 0.9, 12, 386.3, 293.4, 41269, 312.3, 18, 167.5, 132.2, 13.2
2, 30/01/2019 11:40:31, 131398, 47.9, 108.9, 11.7, 738.9, 1596.5, 60, 0.9, 9.4, 333.4, 278.8, 40490.3, 321, 14.4, 129.6, 123, 16.2
2, 30/01/2019 11:59:31, 131399, 51.4, 103.1, 13, 1104.6, 291.8, 60.3, 1, 3.4, 404.7, 263.8, 39825.7, 217.2, 14.5, 122.6, 142.4, 21.9
2, 30/01/2019 12:19:31, 131400, 43.4, 83.6, 11.5, 880.8, 304.6, 57, 0.9, 1, 318.3, 214, 44504.5, 296.2, 10.3, 76.6, 130.8, 12.1
2, 30/01/2019 12:39:30, 131401, 49.7, 101.2, 11.7, 2294.7, 345.3, 53.4, 0.9, 0.1, 361.1, 259, 60255, 304.1, 11.2, 144.7, 111.8, 13.4
2, 30/01/2019 13:00:30, 131402, 59.5, 93.2, 14.3, 1232, 423, 80.9, 1, 0.1, 319.2, 238.6, 59992.3, 186.2, 10.4, 139.9, 126.2, 7.5
2, 30/01/2019 13:19:31, 131403, 56.6, 83.6, 13.1, 1071.1, 398.3, 66, 1, 0.4, 310.2, 214, 55719.6, 187.6, 7.7, 106.7, 130.3, 5.5
2, 30/01/2019 13:39:30, 131404, 44.7, 69.6, 12.1, 623.6, 460.2, 98.2, 0.9, 0, 301.6, 178.1, 51095.1, 291.5, 7, 77.3, 148.6, 5.6
2, 30/01/2019 13:59:31, 131405, 40.7, 79.6, 11.1, 659.1, 331.1, 62.6, 0.9, 0, 331.2, 203.7, 45370.9, 204.1, 7.6, 105.3, 148.5, 5.9
2, 30/01/2019 14:19:30, 131406, 38.5, 71, 10.4, 431.7, 330.2, 62, 0.8, 0, 289.6, 181.8, 47609.8, 163.3, 6, 76.1, 146.3, 4.9
2, 30/01/2019 14:39:31, 131407, 38.1, 74.9, 9.3, 272.5, 347.4, 55, 0.8, 0, 341.2, 191.6, 49333.7, 219.6, 5.8, 74, 138.2, 4.2
2, 30/01/2019 14:59:30, 131408, 43.2, 78.9, 10.7, 1540.8, 391.2, 55.2, 0.8, 0.6, 272, 201.9, 46764.4, 174.4, 6.2, 105.4, 139.1, 6.1
2, 30/01/2019 15:19:31, 131409, 36.8, 60.8, 9.5, 287.9, 346.7, 55.2, 0.8, 0, 220.3, 155.8, 67386.3, 201.1, 5.1, 69.3, 129.1, 5
2, 30/01/2019 15:39:31, 131410, 39.2, 63.1, 9.6, 172.5, 347.8, 56.5, 0.8, 0, 241.6, 161.6, 69228.2, 238.9, 5.4, 70.6, 131.6, 5.5
2, 30/01/2019 15:59:31, 131411, 49.9, 91.4, 12.6, 2523, 357.2, 56, 0.9, 0.7, 333.5, 234.1, 72712.7, 376.7, 9.8, 190.7, 130.9, 11.9
2, 30/01/2019 16:19:30, 131412, 42.2, 74.9, 11.3, 987.4, 333.5, 58.4, 0.9, 0, 301.8, 191.8, 58429.8, 255.8, 7.6, 126.9, 128.4, 6.3
2, 30/01/2019 16:40:30, 131413, 35.8, 57.4, 9.3, 840.7, 324.4, 55.8, 0.8, 0, 205.5, 147, 48818.3, 279.7, 6.3, 109.4, 121.3, 4
2, 30/01/2019 16:59:30, 131414, 33.7, 85.6, 9.1, 782.8, 343.4, 58.4, 0.7, 0.2, 312.9, 219.2, 51563, 254.4, 8.1, 166.7, 117.4, 5.4
2, 30/01/2019 17:19:30, 131415, 38.2, 85.9, 10.8, 743.9, 319.2, 66, 0.9, 0, 330.1, 219.9, 49767.6, 235.3, 7.7, 133.9, 139.6, 14.9
2, 30/01/2019 17:40:30, 131416, 34.9, 57.7, 9.5, 301.1, 350.3, 64.7, 0.8, 0, 231.7, 147.7, 46008.7, 376.6, 5.8, 86.5, 138, 4
2, 30/01/2019 17:59:30, 131417, 30.7, 59, 8.8, 517.7, 295.1, 58.1, 0.7, 0, 216.9, 151.1, 45555.1, 266.2, 5.5, 73, 126.5, 4.4
2, 30/01/2019 18:20:30, 131418, 25.5, 55.8, 7.2, 2063.2, 251.1, 46.6, 0.6, 0.4, 235.7, 142.9, 39861, 522, 6.7, 89.1, 84.1, 5.3
2, 30/01/2019 18:39:30, 131419, 18.1, 28.8, 5.7, 431.8, 215, 39.4, 0.5, 0, 163.7, 73.8, 38964.2, 451.3, 4.9, 36.5, 71.1, 4.4
2, 30/01/2019 18:59:30, 131420, 20.9, 31.6, 6.2, 140.6, 218.7, 45.3, 0.5, 0, 172.4, 81, 37610.1, 233.7, 4.4, 20.1, 95.1, 3.2
2, 30/01/2019 19:19:30, 131421, 30.5, 39.8, 8.8, 1705.4, 280.9, 55.5, 0.7, 0.7, 204.6, 101.9, 66573.1, 373.3, 6.4, 88.9, 126.5, 3.5
2, 30/01/2019 19:40:30, 131422, 29.9, 45.9, 7.9, 1131.8, 406, 42, 0.7, 0, 253.9, 117.4, 74999.4, 390.6, 6.2, 75.3, 109.2, 2.8
2, 30/01/2019 19:59:30, 131423, 40.5, 56, 10.3, 6440.1, 309.7, 39.1, 0.8, 0.3, 265.7, 143.4, 74061.9, 364.4, 7, 108.1, 113.5, 7.6
2, 30/01/2019 20:19:30, 131424, 37.3, 59, 9.1, 1047.4, 338.4, 28.3, 0.6, 4.5, 241.9, 150.9, 86229.4, 299.3, 9.2, 162.7, 69.4, 5.4
2, 30/01/2019 20:39:30, 131425, 33.7, 61.9, 9.2, 2249.2, 301.5, 22.7, 0.7, 4.8, 291.3, 158.4, 93251.5, 454.9, 9.1, 194.7, 52.2, 7.4
2, 30/01/2019 20:59:29, 131426, 26.9, 46.4, 7, 645.2, 426.2, 19.5, 0.5, 0, 164.1, 118.8, 83725.3, 211.4, 6.7, 110.2, 49.5, 9.9
2, 30/01/2019 21:19:30, 131427, 32.8, 38.1, 8.7, 440.4, 462.8, 30.4, 0.7, 0, 124.5, 97.5, 73848.1, 166.4, 5.5, 85.6, 111.7, 5.7
2, 30/01/2019 21:39:29, 131428, 29.9, 31.5, 7.6, 489.2, 242.8, 32.9, 0.6, 0, 106.9, 80.5, 73493.7, 519.8, 4.6, 76.6, 126.8, 4.2
2, 30/01/2019 21:59:29, 131429, 33.6, 40.4, 8.3, 1938.4, 154.4, 30.1, 0.7, 0, 163.8, 103.5, 73899.4, 180.3, 4.8, 74, 96.1, 7.2
2, 30/01/2019 22:19:29, 131430, 41, 46.8, 10.4, 3723.7, 131.9, 22.4, 0.7, 0.7, 168.8, 119.9, 45873.8, 320.9, 7.6, 152.2, 68.8, 9.3
2, 30/01/2019 22:39:29, 131431, 45.2, 57.1, 10.3, 1732.8, 340.3, 11.7, 0.7, 1.4, 249, 146.2, 68872.2, 261.3, 7.5, 160.1, 37.2, 10.3
2, 30/01/2019 22:59:29, 131432, 50.3, 64.1, 11.4, 1316.3, 283.7, 17.3, 0.8, 1.9, 236.5, 164.1, 69469.2, 240.5, 7.9, 167.9, 65.7, 11.1
2, 30/01/2019 23:19:28, 131433, 56.5, 81.8, 12.3, 1301.8, 368.6, 27.3, 1.4, 26.5, 256.4, 209.4, 77376.5, 236, 12.1, 295.4, 106.8, 6.7
2, 30/01/2019 23:40:29, 131434, 55.8, 67.2, 12.1, 920.9, 370.1, 27.3, 0.9, 9.1, 210.1, 171.9, 55032.9, 249.7, 9.2, 207.8, 104.2, 9.5
3, 29/01/2019 23:59:47, 131363, 22.8, 31, 4.3, 31017.7, 51.3, 3, 0.3, 4.3, 114.7, 79.4, 57936.4, 338.7, 11.4, 142.6, 1.2, 5.3
3, 30/01/2019 00:19:47, 131364, 29.7, 64.6, 6.4, 37503.8, 105.9, 0.3, 0.4, 8.4, 214.3, 165.4, 73684.3, 519.8, 30.1, 269.4, 3.2, 23.3
3, 30/01/2019 00:39:47, 131365, 40.4, 74.7, 10.7, 23213.4, 117.6, 0.6, 0.7, 10, 354.4, 191.3, 81136.7, 708, 31.1, 434.5, 2.9, 11.4
3, 30/01/2019 00:59:47, 131366, 45.5, 81.4, 10.6, 28619.6, 106, 2.5, 0.7, 20.1, 261.9, 208.3, 98748.7, 816.3, 37.1, 456.6, 2.4, 9.9
3, 30/01/2019 01:19:46, 131367, 40.5, 78.1, 7.6, 16227.2, 206.9, 0.5, 0.5, 25.2, 305.2, 200, 90439.2, 492.3, 35.9, 416.7, 3, 5.1
3, 30/01/2019 01:39:46, 131368, 43.9, 71.7, 9.4, 16132.3, 317.4, 0.2, 0.6, 18, 207.1, 183.5, 103256.5, 567.2, 35, 415.4, 6.8, 10.4
3, 30/01/2019 01:59:46, 131369, 45.8, 76.2, 10.1, 31016, 447, 1.2, 0.7, 16.7, 217.9, 195.1, 77660.4, 541.2, 35.6, 491.8, 9.8, 11.9
3, 30/01/2019 02:19:47, 131370, 41.5, 66.4, 8.8, 15517.3, 249, 1.5, 0.6, 18.5, 211.1, 170.1, 84499.1, 526.3, 28.5, 390.7, 6.9, 10.2
3, 30/01/2019 02:39:46, 131371, 28.1, 52.1, 6.5, 18564.5, 97.8, 0.5, 0.5, 11.8, 241.8, 133.3, 85706.5, 398.9, 21.9, 310.7, 2.1, 12
3, 30/01/2019 02:59:46, 131372, 34.6, 58, 7.2, 19960, 227.8, 3.8, 0.5, 5.8, 199, 148.6, 79732, 476.5, 21.4, 345, 1.7, 11
3, 30/01/2019 03:19:46, 131373, 37.2, 85.4, 7.6, 67874.6, 178.6, 9.4, 0.5, 16, 436.6, 218.7, 86000.6, 533.6, 26.2, 383.6, 8.2, 28.5
3, 30/01/2019 03:39:46, 131374, 38.7, 100.1, 8, 73733.4, 353.3, 11.4, 0.5, 18.6, 345.9, 256.1, 83709.9, 413.5, 29.7, 512.3, 8.7, 45.6
3, 30/01/2019 03:59:46, 131375, 43.7, 72.2, 8.1, 38864.5, 335.6, 3.6, 0.6, 17.7, 310.6, 185, 120408.1, 4413.3, 27.1, 409.6, 6.7, 8.1
3, 30/01/2019 04:19:46, 131376, 62.6, 69.8, 9.1, 12365.1, 467, 4.2, 0.9, 11.9, 239.9, 178.7, 111786.4, 5219.9, 26.8, 317.3, 8.8, 5.4
3, 30/01/2019 04:39:46, 131377, 73.3, 91, 11.3, 2856.5, 415.9, 2.9, 1.9, 15.3, 293.1, 233, 125560.7, 5084.2, 33.6, 571.2, 4.8, 7.1
3, 30/01/2019 04:59:45, 131378, 61.1, 90.4, 12.2, 23621.8, 418.3, 8.5, 1, 20.9, 312.8, 231.5, 129648.1, 484.7, 34.9, 608.3, 5.8, 15.4
3, 30/01/2019 05:19:46, 131379, 43.5, 59, 8.3, 6506.9, 213.4, 9.9, 0.6, 11.4, 183.3, 151, 132432.4, 278.5, 30.7, 508, 9.8, 7.3
3, 30/01/2019 05:39:45, 131380, 49.9, 67.7, 9.8, 2450.1, 156.5, 7.2, 1, 12.5, 246.1, 173.4, 131866.3, 1449.8, 30.4, 549.4, 8.3, 8.1
3, 30/01/2019 05:59:46, 131381, 58.4, 85.9, 11.8, 16397, 394.7, 5.3, 1.4, 16.4, 328.5, 220, 111516.7, 5335.7, 33.8, 684.4, 7.7, 11.9
3, 30/01/2019 06:19:45, 131382, 34.2, 52.2, 7.7, 7677.2, 331.7, 10, 0.6, 12.4, 183, 133.6, 95346.8, 175.5, 26.3, 494.5, 8.1, 7.9
3, 30/01/2019 06:39:45, 131383, 37.5, 51, 7.5, 3449.3, 428.3, 16.7, 0.5, 9, 186.1, 130.4, 79522.8, 195.6, 24.9, 391.2, 4.7, 6.9
3, 30/01/2019 06:59:45, 131384, 50.8, 75, 10.2, 6247.2, 320.4, 22.6, 0.9, 10.4, 339.5, 191.9, 106676.3, 277.2, 31.4, 629.5, 3.8, 9.9
3, 30/01/2019 07:19:44, 131385, 45.2, 73.6, 8.6, 4052.8, 296.8, 22, 0.6, 7.4, 244.3, 188.3, 112447.4, 329.4, 37.7, 1151.8, 3, 9.2
3, 30/01/2019 07:39:45, 131386, 45.9, 67.9, 9.5, 1930.6, 355.6, 37.6, 1.8, 7.1, 377.4, 173.7, 105315.4, 384.2, 37.5, 1110.8, 2.9, 8.7
3, 30/01/2019 07:59:45, 131387, 54.7, 77.5, 10.7, 13600.3, 461.5, 38.8, 0.8, 4.7, 255.1, 198.4, 111693.1, 361, 35.4, 1028.3, 2.6, 9.4
3, 30/01/2019 08:20:45, 131388, 53.3, 74.2, 11.7, 2302.9, 460, 37.5, 0.7, 5, 244.5, 189.8, 110421.4, 254.6, 37.2, 1130.3, 3, 8.9
3, 30/01/2019 08:39:45, 131389, 40.7, 57.8, 8.1, 2251.4, 237.7, 28.6, 0.5, 3, 188.2, 147.9, 102465.4, 273, 32.3, 850.1, 3.1, 6.8
3, 30/01/2019 08:59:45, 131390, 37.8, 63.8, 7.7, 14491.2, 301.1, 46.9, 0.7, 1, 248.6, 163.3, 86010.1, 384.1, 36.4, 840.2, 3.9, 6.7
3, 30/01/2019 09:19:45, 131391, 40.4, 60.7, 9.3, 20174.4, 279.1, 31.7, 1.4, 2.8, 283.4, 155.4, 69786.4, 347.1, 32.8, 752.6, 2.2, 7.1
3, 30/01/2019 09:39:45, 131392, 38.2, 45.6, 8.8, 8042.7, 306.7, 15.8, 0.6, 0.1, 177.4, 116.7, 79204.4, 321.7, 33.1, 707, 2.9, 5.2
3, 30/01/2019 09:59:45, 131393, 40.6, 48.4, 7.9, 27651, 309.3, 24.1, 0.5, 0.1, 198.1, 124, 73186, 321.2, 34.2, 788, 2.7, 5.1
3, 30/01/2019 10:19:44, 131394, 29, 37.3, 6.4, 10958, 431.4, 14.2, 0.4, 0.2, 204.7, 95.4, 97181.4, 360.1, 31.2, 581.8, 3.8, 4.8
3, 30/01/2019 10:39:44, 131395, 50.7, 81.3, 9.4, 14348.5, 357.3, 18.8, 1, 12.2, 392.7, 208.1, 90242.3, 247.7, 41.4, 811.7, 2.6, 5
3, 30/01/2019 10:59:44, 131396, 41, 92, 9.2, 59958.5, 390.1, 7.4, 0.6, 0.2, 359.3, 235.6, 80094.7, 267.1, 38.9, 880.6, 1.6, 15.5
3, 30/01/2019 11:19:45, 131397, 41.4, 63.3, 8.6, 8625.7, 298.4, 17.7, 0.6, 0.3, 210.2, 162, 90895.8, 293.5, 30.9, 716.2, 2.3, 10.5
3, 30/01/2019 11:40:45, 131398, 33.8, 48, 6.7, 4952.3, 283.8, 25.6, 0.5, 0.9, 147.2, 123, 89014.1, 208.1, 32.9, 669.6, 2.3, 8
3, 30/01/2019 12:00:44, 131399, 41.8, 59.2, 8.7, 21726.3, 230.7, 30.7, 0.5, 5.7, 236.1, 151.6, 94575.9, 252.8, 33.5, 702, 1.4, 9.8
3, 30/01/2019 12:19:44, 131400, 33.3, 45.4, 6.5, 5343.2, 203.1, 20.9, 0.5, 1.5, 233.1, 116.3, 85455.3, 302.5, 30.5, 577.2, 2.6, 4.4
3, 30/01/2019 12:39:44, 131401, 28.6, 43.8, 5.8, 7506.2, 197.3, 16.6, 0.5, 8.4, 134.2, 112.2, 102059.5, 220.3, 27.1, 507.8, 1, 4.2
3, 30/01/2019 12:59:43, 131402, 34.3, 47.7, 7.1, 16250.9, 150.5, 12.4, 0.5, 2.2, 257, 122.2, 78214.8, 231.9, 25.2, 509.6, 2, 6.1
3, 30/01/2019 13:19:43, 131403, 39, 46.5, 7.8, 11541, 181.4, 17.5, 0.6, 2.9, 276.5, 118.9, 99723.5, 214.1, 25.7, 533.9, 3.3, 5.8
3, 30/01/2019 13:39:43, 131404, 25.3, 31.8, 5.8, 31244.1, 150.2, 17.5, 0.4, 0.1, 149, 81.3, 81202.1, 383.1, 24.2, 404.6, 5.7, 5.6
3, 30/01/2019 13:59:44, 131405, 35.8, 45.7, 7.3, 56219.5, 86.9, 7.6, 0.5, 0.1, 164.7, 116.9, 83525.9, 264.5, 29.1, 524, 5.6, 6.2
3, 30/01/2019 14:19:44, 131406, 47.7, 64.9, 8.8, 33855.8, 219.2, 14.1, 0.7, 7.6, 246.1, 166.2, 126999.5, 445, 34.3, 621.5, 5.1, 5.3
3, 30/01/2019 14:39:43, 131407, 41, 58.6, 7.7, 25120.9, 289.2, 4.5, 0.5, 2.5, 278.1, 150.1, 117276.4, 337.9, 33.5, 549.7, 6.9, 5.7
3, 30/01/2019 14:59:43, 131408, 35.8, 41.1, 6.5, 35504.7, 263.6, 17.7, 0.5, 0.2, 141.5, 105.2, 79875.6, 413.1, 28.3, 510.8, 11, 5.3
3, 30/01/2019 15:19:43, 131409, 41.8, 47, 7.3, 9623.6, 172.4, 17.1, 0.6, 1.2, 231.5, 120.2, 104427.7, 270.6, 26.5, 542.8, 2, 4.6
3, 30/01/2019 15:39:43, 131410, 34.7, 36.1, 5.9, 21115.8, 149.3, 1.8, 0.4, 0.1, 133.7, 92.3, 114581, 236.7, 23.8, 489.3, 1.4, 4.1
3, 30/01/2019 15:59:44, 131411, 35.1, 42.7, 6.8, 31973.6, 155.6, 18, 0.5, 0, 170.8, 109.4, 104508.1, 217.1, 23.7, 503, 1.2, 8.2
3, 30/01/2019 16:19:43, 131412, 24.1, 27.8, 4.8, 5932.4, 157.1, 2.6, 0.4, 0, 91.5, 71.3, 97279.1, 270.6, 18.4, 356.1, 1.8, 3.6
3, 30/01/2019 16:39:43, 131413, 22.4, 27.5, 4.4, 1714.5, 65.2, 2.1, 0.3, 0.4, 139.6, 70.3, 83077.8, 201.8, 23.5, 433.9, 1, 2.5
3, 30/01/2019 16:59:43, 131414, 23.3, 29.8, 4.5, 17722.6, 110.4, 4.3, 0.3, 0, 115.8, 76.4, 95740.2, 290.7, 21, 395.9, 0.8, 3.3
3, 30/01/2019 17:19:43, 131415, 17.1, 22.7, 3.6, 17169, 133.3, 0.3, 0.3, 0, 95.4, 58, 80590, 183, 20.1, 327.8, 4.2, 5.9
3, 30/01/2019 17:39:43, 131416, 17.2, 16.2, 2.8, 3434.8, 52.4, 1.5, 0.2, 0.1, 61.1, 41.6, 83692.3, 248.5, 18.2, 339.8, 0.4, 1.5
3, 30/01/2019 17:59:42, 131417, 17.1, 22.3, 3.3, 16886, 47.8, 3.3, 0.3, 0.1, 126.6, 57.1, 79816.2, 260.1, 20.2, 408.8, 0.6, 2.5
3, 30/01/2019 18:20:43, 131418, 19.3, 28, 4.2, 3109.7, 136.1, 4, 0.3, 0.1, 141.1, 71.7, 86666, 194.8, 18.7, 341.4, 1.3, 3.2
3, 30/01/2019 18:39:42, 131419, 16.6, 20.5, 3.6, 2970.3, 49.4, 4.5, 0.3, 0, 80.4, 52.5, 62147.1, 158.1, 17.9, 320.2, 1.9, 2.7
3, 30/01/2019 18:59:43, 131420, 25, 33.8, 5.1, 16068.5, 231, 3.3, 0.4, 0, 144.1, 86.5, 88065.3, 234.9, 19.3, 383.6, 2.5, 3.6
3, 30/01/2019 19:19:43, 131421, 27.2, 35.7, 6.9, 4620.7, 143.9, 18.6, 0.5, 0, 123.8, 91.4, 70580.6, 209.4, 25.7, 442.3, 2.1, 6.8
3, 30/01/2019 19:39:43, 131422, 17.1, 22.3, 4.6, 4453.7, 147, 17.8, 0.4, 0, 85.3, 57.2, 58152.6, 238.3, 23.3, 411.5, 2.2, 3.5
3, 30/01/2019 19:59:42, 131423, 16, 18.4, 4.4, 15673.7, 124.4, 7.7, 0.4, 0, 105.5, 47, 72240.8, 247.5, 24, 412.1, 19.1, 3.2
3, 30/01/2019 20:19:43, 131424, 13.8, 16.4, 2.8, 5301.1, 49.8, 0.2, 0.2, 0, 58.3, 41.9, 56109, 201.9, 18.8, 322.2, 11.3, 2.1
3, 30/01/2019 20:39:42, 131425, 25.8, 28.5, 3.7, 2350.5, 50.5, 0.2, 0.3, 0.1, 142.9, 73, 74582.5, 209, 17.2, 410.7, 1.5, 0.9
3, 30/01/2019 20:59:42, 131426, 17.7, 36.9, 3.9, 19390.5, 70.4, 0.3, 0.3, 0, 135.9, 94.5, 76503, 378.3, 17.8, 471.7, 1.1, 3.2
3, 30/01/2019 21:19:42, 131427, 10, 13.4, 2.4, 4133.2, 37.3, 3.4, 0.2, 0, 89.3, 34.3, 69306.2, 185.1, 17, 426.1, 1.1, 0.9
3, 30/01/2019 21:39:42, 131428, 14.2, 13.3, 2.5, 998.2, 27.1, 4.8, 0.2, 0, 69.6, 34, 70108.6, 206.1, 16.8, 425.2, 1.2, 1
3, 30/01/2019 21:59:42, 131429, 24, 23.6, 3.7, 12192.7, 146.6, 4, 0.3, 0, 119.1, 60.3, 66630.6, 245.7, 17.4, 450, 0.8, 1.6
3, 30/01/2019 22:19:42, 131430, 23.5, 21.6, 3.3, 782.4, 85.4, 4.2, 0.3, 0.1, 91.4, 55.2, 67448.9, 167.7, 16.6, 492.2, 4.1, 0.9
3, 30/01/2019 22:39:42, 131431, 17.1, 16.3, 2.7, 874, 80.7, 4.7, 0.3, 0, 83.5, 41.6, 57915.6, 195, 15.7, 444.3, 0.8, 0.8
3, 30/01/2019 22:59:41, 131432, 21.1, 23.4, 3.4, 16873, 71, 1.6, 0.3, 0, 125.7, 59.9, 58206.5, 251.4, 14.6, 400.7, 0.9, 2.4
3, 30/01/2019 23:19:41, 131433, 18, 21.5, 3.5, 2218.1, 32.8, 0.1, 0.3, 0, 99.8, 54.9, 73974.4, 216.2, 13.6, 326.3, 1.9, 1.9
3, 30/01/2019 23:39:42, 131434, 14.9, 17.2, 3.8, 3720.6, 17.6, 1, 0.3, 0, 100.7, 44, 55463.9, 228.2, 13.7, 324.4, 1.6, 3.2
4, 29/01/2019 23:59:53, 131363, 35.4, 34.9, 5.6, 27059.3, 18.7, 1.4, 0.4, 0, 135.9, 89.2, 72107.8, 275.1, 10.5, 190.6, 4.9, 6.6
4, 30/01/2019 00:19:53, 131364, 40.5, 70.1, 6.5, 19714.6, 59.5, 2.1, 0.4, 3.6, 255, 179.4, 115198.9, 475, 37.5, 326.2, 8.3, 27.3
4, 30/01/2019 00:39:53, 131365, 58.8, 90.2, 9, 3807.5, 204.9, 0.8, 0.9, 31, 272.1, 230.9, 118187.3, 473.1, 41.6, 525, 3.6, 4.2
4, 30/01/2019 00:59:53, 131366, 62.3, 99.8, 10.3, 20554.2, 200.8, 0.8, 1, 29.1, 302.3, 255.6, 101005.7, 607.2, 41.5, 578.1, 4.6, 7.5
4, 30/01/2019 01:19:53, 131367, 52, 70.1, 8.2, 4767.1, 206.8, 0.6, 0.5, 12.8, 202.7, 179.4, 100827.7, 509.6, 29.9, 423.9, 5.6, 7.6
4, 30/01/2019 01:39:53, 131368, 43.6, 57.6, 7.6, 7320.8, 400.3, 0.6, 0.5, 13.2, 265.2, 147.4, 94536.2, 297.4, 24.6, 361.9, 2.3, 4.4
4, 30/01/2019 01:59:53, 131369, 54.3, 79.2, 10, 25856.5, 454.8, 3, 1.3, 13.5, 276.1, 202.7, 77953.9, 298, 31.1, 529.1, 2.6, 7.3
4, 30/01/2019 02:19:53, 131370, 45.4, 55, 8.8, 7366, 441.1, 1.1, 0.6, 5.8, 250.2, 140.8, 90013.1, 299.9, 21.7, 329.6, 6.3, 6.6
4, 30/01/2019 02:39:53, 131371, 34.6, 42.3, 7.2, 6162.2, 425.8, 0.4, 0.5, 0.6, 153.9, 108.2, 77316.8, 154, 18.3, 275.3, 2.4, 13.7
4, 30/01/2019 02:59:52, 131372, 47, 55.7, 8.8, 34259.8, 425.7, 5.6, 0.5, 1.7, 197.8, 142.5, 64429.9, 176.9, 20.7, 350, 3.5, 11.7
4, 30/01/2019 03:19:52, 131373, 44.2, 72.6, 7.9, 54074, 427.5, 3.7, 0.9, 1.4, 360.9, 185.8, 78290, 303.2, 21.3, 401.5, 3.4, 35.3
4, 30/01/2019 03:39:52, 131374, 42.8, 100.7, 8.1, 91412.5, 384, 13.4, 0.6, 0.2, 342.8, 257.7, 70672.8, 244.7, 24.6, 557, 4.7, 66.6
4, 30/01/2019 03:59:52, 131375, 49.2, 57.6, 9.1, 8682.4, 455.5, 4.6, 1, 0.8, 316.1, 147.4, 106228.1, 259.9, 22.1, 511.8, 4.8, 9.6
4, 30/01/2019 04:19:52, 131376, 49.9, 45.8, 8.8, 8688, 634.7, 5.2, 0.5, 0.5, 148.4, 117.2, 97916.6, 274.2, 19.8, 431.3, 4.1, 9.5
4, 30/01/2019 04:39:52, 131377, 65.8, 67.1, 12, 11729.1, 559.2, 8.8, 1.1, 2.1, 237.5, 171.7, 116674.2, 478.8, 27.3, 586, 5.9, 9.8
4, 30/01/2019 04:59:52, 131378, 49.5, 45.9, 8.5, 30458.2, 632.1, 13.8, 0.5, 0.3, 161.5, 117.4, 111760.5, 231.8, 25.6, 587, 6.9, 8
4, 30/01/2019 05:19:52, 131379, 38.4, 35.9, 6.9, 5665.2, 520.2, 8.7, 0.5, 0.1, 132.7, 91.9, 104510.3, 243.2, 24.3, 553.8, 8.6, 6.8
4, 30/01/2019 05:39:52, 131380, 44.6, 44.3, 8.5, 5902.5, 451.8, 9.8, 0.6, 0.8, 247.5, 113.3, 136682.1, 248.8, 26.1, 594.8, 8.5, 8.7
4, 30/01/2019 05:59:51, 131381, 51.5, 54.8, 9.6, 22871.5, 680.8, 15.3, 0.6, 0.2, 236.1, 140.3, 75390.9, 237.3, 27.8, 666.3, 8.3, 13.1
4, 30/01/2019 06:19:52, 131382, 32.1, 36.1, 6.2, 5826.3, 341.1, 9.8, 0.4, 0, 134.4, 92.4, 97944.9, 217.3, 24.9, 510.6, 8.1, 11.5
4, 30/01/2019 06:39:51, 131383, 36.5, 42.1, 6.9, 5587.6, 297.4, 1.9, 0.5, 0.3, 150.1, 107.7, 92117.3, 197.8, 23.2, 413.7, 7.5, 10.7
4, 30/01/2019 06:59:52, 131384, 55.6, 77.2, 11.4, 38896.1, 327.8, 11.7, 1.3, 10.2, 367.9, 197.7, 134373.8, 317, 30.5, 654.2, 10.2, 8
4, 30/01/2019 07:19:52, 131385, 63.6, 89.3, 13.4, 11481.4, 507.1, 13.1, 1, 7.9, 284.9, 228.7, 93289.8, 329.1, 36.5, 972.8, 11.3, 8.6
4, 30/01/2019 07:39:52, 131386, 50.9, 65.8, 12, 9428.1, 257.8, 13.4, 0.9, 9.3, 243.8, 168.4, 121528.1, 267.2, 36.4, 691.9, 8.4, 11.1
4, 30/01/2019 07:59:51, 131387, 60.3, 76.8, 11, 38957.6, 365.2, 8.2, 1.3, 8.4, 281.6, 196.7, 85228.4, 313.1, 34.5, 764.2, 6.8, 9.6
4, 30/01/2019 08:19:51, 131388, 57, 69.7, 8.9, 13809.2, 309.2, 3, 0.6, 4.7, 247.8, 178.5, 65200.2, 226.8, 29.7, 660.7, 4.8, 8.3
4, 30/01/2019 08:39:51, 131389, 55.3, 69.2, 8, 5444.8, 499.3, 4.2, 0.5, 11.2, 236.4, 177.2, 97462.2, 194.7, 29.2, 614, 4.6, 4.1
4, 30/01/2019 08:59:51, 131390, 56, 110.3, 9.5, 24454, 481.5, 8.1, 0.9, 42.7, 327.3, 282.4, 98754.9, 280.1, 39.2, 698.8, 4.8, 6.3
4, 30/01/2019 09:19:51, 131391, 55.1, 104, 9.2, 5392.3, 491.3, 9, 1.3, 41.2, 303.7, 266.3, 82296.8, 718.4, 41.2, 841.9, 5.9, 4.6
4, 30/01/2019 09:39:51, 131392, 55.5, 100.2, 8.8, 3485.2, 457.9, 19.2, 1, 38.1, 288.9, 256.4, 83926.5, 820.7, 38.5, 778.7, 5.2, 5
4, 30/01/2019 09:59:51, 131393, 58.7, 102.4, 9.2, 14932.1, 496.6, 29.7, 1.2, 37.5, 333.8, 262, 68141.6, 773.5, 36.7, 764.1, 5.4, 5.1
4, 30/01/2019 10:19:51, 131394, 60.8, 94.3, 8.7, 4737.3, 529.3, 9.1, 1.2, 36.5, 262.8, 241.3, 97680.1, 920.4, 33.8, 616.4, 5.5, 4.8
4, 30/01/2019 10:39:51, 131395, 82.6, 154.4, 14.8, 10633.9, 603.5, 16.6, 11.2, 39.2, 461, 395.2, 118102.1, 598.5, 41.9, 937.5, 3.4, 14.5
4, 30/01/2019 10:59:51, 131396, 67.8, 124.3, 10.7, 30905.5, 456.6, 28.3, 3.5, 27, 396.7, 318.1, 85029.4, 590.3, 40.2, 875.5, 5, 14.1
4, 30/01/2019 11:19:56, 131397, 67.3, 102.3, 13.2, 19349, 339.4, 20.6, 1.7, 28.2, 305.3, 261.9, 97558.8, 653.3, 35.7, 752.8, 4.4, 9.8
4, 30/01/2019 11:39:55, 131398, 65.6, 104.2, 12.7, 10771.3, 367, 16.9, 1.4, 34.2, 294.1, 266.8, 96115.9, 682.4, 33.4, 643.5, 1.5, 9
4, 30/01/2019 11:59:55, 131399, 59.6, 104.8, 11.8, 45235.6, 418.2, 15.6, 1, 42.5, 304.3, 268.2, 98702.6, 751, 36.7, 643.6, 1.9, 10.3
4, 30/01/2019 12:19:55, 131400, 53.5, 99.7, 9.2, 11319.9, 398.8, 4.7, 1.3, 40.8, 296, 255.3, 109086.1, 839.7, 34.2, 636.5, 2, 7.9
4, 30/01/2019 12:39:56, 131401, 45.8, 91.6, 7.9, 9695.1, 317.3, 4.6, 0.6, 37.4, 349, 234.5, 76796.3, 784.7, 28.9, 492.8, 2.1, 8
4, 30/01/2019 12:59:55, 131402, 45.4, 81.6, 7.6, 29145.3, 155.1, 3, 0.5, 36.3, 237, 209, 80675.4, 811.7, 31.7, 465.9, 3.6, 6.1
4, 30/01/2019 13:19:55, 131403, 42.1, 79.6, 7.5, 12479, 218.9, 8.6, 0.5, 39.2, 240, 203.7, 86956.3, 860.7, 33.6, 509.8, 4.3, 4
4, 30/01/2019 13:39:55, 131404, 42.8, 74, 7.4, 13920, 119, 0.7, 0.5, 33.7, 240.1, 189.3, 78777.5, 1093.6, 28.2, 516.8, 2.8, 4.7
4, 30/01/2019 13:59:55, 131405, 55.4, 81.5, 7.7, 11311.3, 120.2, 2.7, 0.5, 27.6, 263.1, 208.7, 96716.5, 977.2, 28.9, 586, 2.1, 4.5
4, 30/01/2019 14:19:55, 131406, 51.4, 85.6, 8.7, 10812.3, 318.9, 4, 0.7, 28.9, 270.1, 219.3, 93181.2, 1068.8, 31.3, 676.1, 4.8, 5.3
4, 30/01/2019 14:39:55, 131407, 47.7, 73.5, 7.8, 12662.9, 408.6, 8.4, 0.5, 22.1, 198.3, 188.1, 79012.8, 823, 27.4, 605.8, 4.4, 4.5
4, 30/01/2019 14:59:55, 131408, 52.1, 78.6, 8.5, 12250, 336.6, 11, 0.6, 22.3, 320.9, 201.1, 79422.5, 877.2, 24.2, 562.7, 2.9, 5.5
4, 30/01/2019 15:19:54, 131409, 50.6, 72, 6.6, 15912.3, 289.4, 0.8, 0.4, 29.6, 238.5, 184.2, 100732.6, 1077.5, 22.9, 451.5, 3, 2.5
4, 30/01/2019 15:39:54, 131410, 52.4, 74.6, 7.2, 30537.1, 341.6, 0.7, 0.6, 28.8, 239.5, 190.9, 95357.3, 1328.9, 23.9, 485.4, 3.8, 3.3
4, 30/01/2019 15:59:55, 131411, 33, 55.4, 4.6, 20479.6, 174.1, 0.8, 0.3, 22.8, 182.6, 141.8, 83252.3, 576.1, 24, 416.3, 2.3, 2.7
4, 30/01/2019 16:19:54, 131412, 28.9, 44.3, 4.4, 20648.9, 175.9, 0.3, 0.3, 20.8, 126.9, 113.5, 80024.7, 490, 23.1, 393.3, 2.2, 1.6
4, 30/01/2019 16:39:54, 131413, 31.2, 53.9, 4.7, 17529.4, 159.4, 1, 0.4, 28, 206, 137.9, 76524.2, 1340.4, 24, 377.4, 3.2, 1.8
4, 30/01/2019 16:59:55, 131414, 32.4, 66.9, 5.6, 29939.4, 155, 0.9, 0.4, 20.3, 245.7, 171.2, 70077.5, 883.4, 27.2, 456.5, 2.2, 4.6
4, 30/01/2019 17:20:55, 131415, 26.3, 45.8, 4.7, 20597.3, 99.6, 0.6, 0.3, 18.7, 145.3, 117.4, 67120.9, 354.8, 20.6, 337.3, 3.5, 3.6
4, 30/01/2019 17:39:54, 131416, 35, 49.2, 5.6, 17226.8, 260.9, 0.3, 0.4, 14.9, 182.5, 125.9, 59087.7, 335, 20, 341.9, 2, 2.8
4, 30/01/2019 17:59:54, 131417, 32.6, 46.9, 4.7, 29417.9, 110.8, 3.1, 0.3, 13.3, 172.2, 120.1, 55257.7, 299.9, 18.3, 316.5, 2.9, 3.2
4, 30/01/2019 18:19:54, 131418, 28.7, 48.2, 4.7, 16733.7, 157.4, 0.5, 0.3, 15.9, 262.2, 123.3, 63179.7, 343.4, 17.6, 248.7, 3.2, 2.4
4, 30/01/2019 18:39:54, 131419, 28.7, 46.9, 5.2, 19600.5, 109.3, 0.3, 0.4, 17.5, 161.3, 120.1, 58886.9, 406.9, 17.5, 229.1, 5.7, 3.1
4, 30/01/2019 18:59:54, 131420, 34, 59.4, 5.7, 29236.5, 106, 3.6, 0.4, 19.7, 246.5, 152.2, 67773.1, 279, 26, 368.5, 5.1, 4.5
4, 30/01/2019 19:19:54, 131421, 29.2, 44.8, 5.2, 15022.3, 236.7, 0.4, 0.4, 20.2, 153.9, 114.6, 73303, 286, 20.9, 342.3, 1.7, 2.9
4, 30/01/2019 19:39:53, 131422, 26.7, 44.1, 4.3, 4026.2, 260.3, 0.5, 0.3, 17.9, 170, 112.9, 64528.3, 141.7, 18.2, 309.3, 1.5, 2.3
4, 30/01/2019 19:59:54, 131423, 40.7, 61.6, 6.8, 37578.7, 279.3, 6.7, 0.9, 16.9, 323.8, 157.6, 61148.1, 185.2, 21.4, 425.4, 2.1, 7.3
4, 30/01/2019 20:19:54, 131424, 24, 38.2, 3.7, 4116.8, 138.5, 5.9, 0.3, 13.9, 172.3, 97.8, 51629.2, 140.1, 17.1, 274.2, 1.8, 2.2
4, 30/01/2019 20:39:53, 131425, 24.7, 43.5, 3.9, 3607.7, 128.3, 1.3, 0.3, 16.1, 186.2, 111.4, 62818.7, 146.1, 15.4, 243.8, 1.7, 1.7
4, 30/01/2019 20:59:53, 131426, 41.3, 69.5, 6.9, 29348.3, 275.2, 3.3, 0.7, 19.5, 264.7, 178, 52433.4, 192.1, 21.7, 386.5, 1.8, 5.6
4, 30/01/2019 21:19:53, 131427, 25.2, 38.5, 3.8, 1003.1, 102.4, 0.3, 0.3, 14.9, 124.6, 98.5, 52774.7, 339.2, 16.3, 233.3, 2.7, 2.1
4, 30/01/2019 21:39:53, 131428, 24.5, 36, 3.8, 3725.2, 72.4, 0.3, 0.3, 15.2, 109.2, 92.2, 52915.3, 252.8, 14.8, 210.6, 2.5, 2.7
4, 30/01/2019 21:59:53, 131429, 34.4, 51.3, 5.3, 21790, 144.9, 4.7, 0.4, 17.5, 304.5, 131.4, 53004.7, 263.2, 15.8, 297.5, 2.4, 4.6
4, 30/01/2019 22:19:53, 131430, 30.2, 43.4, 4, 4221.7, 154, 0.9, 0.3, 17.4, 168.9, 111.1, 52970.9, 198.7, 16, 210.7, 2.6, 2.1
4, 30/01/2019 22:39:53, 131431, 33.3, 40.5, 3.6, 3869.9, 146.9, 1.1, 0.3, 12.4, 167, 103.7, 53812.2, 142.9, 11.8, 249.4, 3.2, 1.4
4, 30/01/2019 22:59:53, 131432, 46.7, 60, 6.9, 19608.1, 308, 3.1, 0.8, 14.1, 234.7, 153.7, 53441.4, 124.1, 15.5, 391.4, 2.3, 4.6
4, 30/01/2019 23:19:53, 131433, 30.9, 39.6, 4.1, 3993.1, 112.4, 0.4, 0.3, 12.5, 124.8, 101.5, 57800.3, 147.8, 12.9, 294.1, 3.3, 2.1
4, 30/01/2019 23:39:53, 131434, 29.7, 38.2, 4.3, 1397.4, 102.9, 0.8, 0.4, 11.4, 165.2, 97.8, 70333.6, 130.8, 13.5, 291.5, 3.1, 1.9
