HOST, TIME, SNAP_ID, SYS_CPU, SYS_DBTIME, SYS_SYSPCT, SYS_READ, SYS_WRITE, SYS_REDO, SYS_OSWAIT, SYS_RMWAIT, SYS_ACTSESS_MAX, SYS_ACTSESS_AVG, SYS_PGA, SYS_PXRUNS, SYS_PXQCT, SYS_PXSRVT, SYS_UCALLS, SYS_IOWAIT
1, 11/12/2018 23:59:18, 128091, 72, 85.1, 17.4, 1841.3, 352.7, 61.1, 1.9, 0, 262.3, 217.9, 48623.3, 210.7, 9.7, 313.2, 135.9, 9.8
1, 12/12/2018 00:20:19, 128092, 46.4, 66.4, 11.6, 1498.4, 306.9, 52.8, 1, 5.2, 298.7, 170, 26653.6, 190.5, 9.7, 224.8, 128.5, 17
1, 12/12/2018 00:39:18, 128093, 45.9, 91.2, 11.7, 1399.5, 203.2, 44.8, 1, 20.7, 290.6, 233.4, 27726, 237.1, 21.8, 277.4, 120.1, 7.4
1, 12/12/2018 00:59:18, 128094, 57.1, 92.8, 14.6, 4240.9, 273.5, 42.8, 1.3, 10.4, 339.6, 237.7, 25778.7, 780.8, 24.3, 347.3, 124.1, 15.7
1, 12/12/2018 01:21:18, 128095, 48.6, 68.9, 12.8, 2684.6, 239.9, 43.8, 1, 0.4, 207, 176.4, 17240.1, 504.1, 18.9, 195.5, 136.6, 20.1
1, 12/12/2018 01:40:18, 128096, 33.7, 50.3, 9.6, 1075.5, 192.7, 39.1, 0.8, 0.1, 165.6, 128.8, 18177.3, 604.6, 13.5, 127.5, 123.1, 11.5
1, 12/12/2018 01:59:18, 128097, 31.2, 47.5, 9, 862.9, 227.6, 51.1, 0.8, 0, 205.3, 121.5, 14894.8, 798.4, 9.9, 100.5, 122.7, 9.7
1, 12/12/2018 02:19:18, 128098, 50.1, 55.7, 12, 7507.8, 254.2, 43, 0.9, 0, 223.8, 142.5, 37121.5, 862.4, 14, 197.1, 114.7, 4.3
1, 12/12/2018 02:39:18, 128099, 75.5, 96.6, 14.7, 6505.3, 184, 29.2, 1.7, 0.3, 335.7, 247.2, 26304.6, 647.7, 18.5, 300.3, 92.8, 4.5
1, 12/12/2018 03:00:18, 128100, 62, 72.5, 12.3, 3467.6, 227.2, 35.6, 3.8, 0.7, 277.9, 185.5, 22214.7, 212.4, 12.4, 203.5, 112.4, 6.1
1, 12/12/2018 03:20:17, 128101, 34.4, 76.9, 9.2, 2670.8, 256.9, 40.6, 0.8, 0, 280.6, 196.8, 35154.6, 219.3, 14.4, 204.3, 80.6, 38.3
1, 12/12/2018 03:40:18, 128102, 35.1, 43.7, 9.7, 848.3, 300.6, 44.2, 0.8, 0, 158.6, 111.9, 22903.6, 191.2, 7.4, 108.4, 103.7, 5.5
1, 12/12/2018 04:00:18, 128103, 28.1, 39.3, 8.2, 130.3, 283.8, 43.4, 0.7, 0, 209.1, 100.5, 44384.8, 4321.2, 4, 49.7, 101.7, 3.8
1, 12/12/2018 04:20:18, 128104, 37.3, 40.4, 9, 1248.5, 554.1, 32.8, 0.7, 0, 179.3, 103.4, 45703.1, 5133.7, 6.3, 99.8, 76.9, 5
1, 12/12/2018 04:39:17, 128105, 31.1, 28.9, 7.7, 804.2, 520.1, 37.3, 0.7, 0, 120.5, 74, 46562.1, 4931, 4.5, 61.5, 93.3, 3.9
1, 12/12/2018 04:59:17, 128106, 30.1, 58.6, 7.4, 718, 429.8, 30.7, 0.6, 0, 332, 150.1, 48628.8, 2699.9, 7.1, 140.3, 63.2, 5.7
1, 12/12/2018 05:20:17, 128107, 29.5, 48.7, 8.6, 124.3, 242.7, 44.5, 0.7, 0, 304.5, 124.7, 47373.3, 3491.8, 5.2, 87.9, 98.6, 4.2
1, 12/12/2018 05:39:16, 128108, 25.4, 34.8, 7.5, 1333.5, 223.5, 37.2, 0.6, 0, 170.7, 89, 51458.5, 1489.5, 5.8, 110.1, 88.1, 3.1
1, 12/12/2018 05:59:17, 128109, 48.4, 61.4, 12.5, 824.1, 343.7, 54.9, 0.9, 0, 243.6, 157.1, 19017.6, 6993.3, 6.3, 154.6, 109.6, 8.9
1, 12/12/2018 06:19:17, 128110, 34.3, 37, 10.1, 220.1, 325.3, 57.4, 0.9, 0, 144.9, 94.8, 17122.9, 176.4, 5.2, 83.9, 114.1, 6
1, 12/12/2018 06:39:17, 128111, 28.6, 33.9, 8.3, 1439.6, 265.3, 44.6, 0.7, 0, 122.6, 86.8, 20612.6, 198.3, 5.8, 112.4, 108.4, 3.9
1, 12/12/2018 06:59:17, 128112, 40.5, 53.5, 11, 6710.7, 341, 55.4, 0.9, 0, 219.6, 136.9, 20072.6, 182.9, 5.7, 117.3, 128.4, 7
1, 12/12/2018 07:19:17, 128113, 36.2, 46.7, 11.1, 113.6, 320.4, 62, 0.9, 0, 211.7, 119.4, 12838, 195.1, 4.4, 77, 144.1, 5.8
1, 12/12/2018 07:40:16, 128114, 54.6, 82.6, 15.8, 1531.7, 394.9, 65.3, 1.2, 0, 333.8, 211.5, 18905.7, 169.8, 7.4, 141, 154.2, 10.4
1, 12/12/2018 08:00:17, 128115, 64, 83.2, 17.9, 6019.8, 438.2, 73.9, 1.4, 0, 328.9, 213.1, 17830.7, 183.2, 8.4, 167.6, 169.3, 15
1, 12/12/2018 08:20:16, 128116, 51.1, 92.6, 14.4, 231.7, 376.1, 72.9, 1.1, 0, 392.3, 237.1, 11979.5, 180.7, 6, 97.8, 138.2, 14.7
1, 12/12/2018 08:39:17, 128117, 60.4, 84.6, 17.5, 1327.3, 449, 85.3, 1.4, 0, 310.1, 216.6, 13775.3, 211.4, 6.6, 116.3, 164.5, 14.8
1, 12/12/2018 09:00:16, 128118, 36.9, 83, 11.2, 172.2, 357.7, 74.3, 0.9, 0, 343, 212.5, 12453.6, 189.4, 5.3, 86.4, 118.8, 13.3
1, 12/12/2018 09:19:16, 128119, 32.3, 76.8, 10.2, 179.6, 287.9, 55.2, 0.9, 0, 330.3, 196.6, 14989.9, 197.6, 5.3, 86.5, 140.8, 10.9
1, 12/12/2018 09:39:17, 128120, 33.9, 53.6, 10.4, 956.8, 339, 60.4, 0.9, 0, 311.9, 137.2, 27050.9, 201, 5.9, 105.3, 139, 12.8
1, 12/12/2018 10:01:17, 128121, 35.9, 80.2, 11, 418.5, 329, 60.1, 0.9, 0, 357.3, 205.3, 18423.4, 173.5, 6.8, 128.3, 126.6, 13.9
1, 12/12/2018 10:19:17, 128122, 39.7, 48.9, 11.9, 1226.3, 425.2, 64.8, 1, 0, 168.1, 125.2, 12768.1, 209.9, 6.4, 114.3, 132.9, 16.8
1, 12/12/2018 10:39:16, 128123, 37.5, 71.8, 10.8, 3655.3, 572.9, 61.1, 0.9, 0, 318.6, 183.9, 17340.7, 167.6, 5.8, 99.1, 124, 12.5
1, 12/12/2018 11:00:16, 128124, 36.3, 78.8, 10.3, 2801.7, 557.8, 59.5, 0.9, 0, 314.3, 201.7, 15387.7, 225.9, 5.7, 97.6, 113.6, 11.8
1, 12/12/2018 11:20:15, 128125, 38.5, 84.9, 11.1, 2508.3, 533.6, 57.6, 0.9, 0, 348.4, 217.3, 11372.5, 221, 5.3, 84.8, 126, 12.7
1, 12/12/2018 11:39:16, 128126, 38, 58.8, 11.2, 144.5, 311.1, 60.2, 0.9, 0, 247.2, 150.6, 14216.8, 138.1, 4.1, 65, 136.6, 14.5
1, 12/12/2018 12:00:16, 128127, 50.6, 76.6, 13.2, 1510.7, 387.7, 65.6, 1, 0, 292.5, 196, 17828.2, 162.8, 6, 102.7, 137, 22.4
1, 12/12/2018 12:20:16, 128128, 46, 82.7, 12.7, 1056, 295.4, 53.3, 1, 0, 311.6, 211.6, 18551.1, 528.6, 7.1, 118.9, 128.9, 18.3
1, 12/12/2018 12:40:16, 128129, 46.1, 67.5, 12.4, 301.4, 327.4, 58, 1, 0, 326.3, 172.8, 16709.8, 229.6, 6.1, 98.4, 156.9, 9.5
1, 12/12/2018 13:00:15, 128130, 43.4, 51.5, 12, 89.3, 316.3, 64.9, 1, 0, 175.2, 131.8, 18986.2, 268.3, 5.3, 75.9, 177.7, 6.2
1, 12/12/2018 13:19:15, 128131, 41.9, 68.1, 11.2, 249.2, 307.6, 59.4, 0.9, 0, 298.6, 174.2, 18017.2, 328.7, 5.4, 84.8, 154.5, 4.8
1, 12/12/2018 13:40:16, 128132, 38.5, 72.5, 9.6, 129.8, 293.7, 51.9, 0.8, 0, 302.7, 185.7, 17214.1, 220.6, 4.5, 76.8, 135.1, 3.4
1, 12/12/2018 14:00:15, 128133, 43.9, 70.3, 10.7, 157.3, 339.9, 54.5, 0.8, 0, 276.2, 180, 17489.4, 230.6, 4.3, 70.3, 147.3, 6.4
1, 12/12/2018 14:19:15, 128134, 43, 66.8, 10.3, 165.8, 356.9, 51, 0.8, 0, 268.5, 170.9, 17582.2, 295.1, 4.3, 70.7, 146.5, 5.1
1, 12/12/2018 14:39:15, 128135, 54.1, 61.3, 13.3, 429.9, 354.9, 56.6, 1, 0.3, 263.4, 157, 45450.4, 247.1, 6.2, 115, 166.8, 5.9
1, 12/12/2018 15:00:16, 128136, 53, 86.4, 12.5, 378.5, 321.3, 54.9, 1, 0.1, 314.9, 221.2, 45713.1, 350.2, 7.3, 136.5, 145.2, 6.9
1, 12/12/2018 15:20:15, 128137, 55.2, 71, 13.3, 302.6, 298.1, 60.6, 1, 0, 242.1, 181.7, 45720.4, 276.4, 6.3, 119.3, 162.9, 5.6
1, 12/12/2018 15:39:15, 128138, 54.2, 65.5, 13.2, 276.2, 343.2, 62.9, 1, 0, 292.6, 167.7, 30711.5, 273.6, 5.6, 97.4, 170, 5
1, 12/12/2018 16:00:15, 128139, 43.4, 58.7, 11.4, 120.9, 297.5, 59, 0.9, 0, 233.9, 150.2, 15425.6, 413.1, 4.4, 62.3, 162.1, 5.1
1, 12/12/2018 16:20:15, 128140, 58.6, 89.5, 14.1, 1613.3, 334.1, 55, 1.8, 2.5, 331.7, 229.1, 21651.5, 440.2, 8.2, 168.1, 145.7, 5.9
1, 12/12/2018 16:40:15, 128141, 50, 55.9, 13.5, 327.7, 331.2, 63, 1.1, 0, 213.7, 143.1, 16227.2, 257.4, 4.2, 69.5, 177, 5.5
1, 12/12/2018 16:59:15, 128142, 76.9, 95.2, 16.8, 6480.9, 294.5, 56, 4.3, 0, 367, 243.6, 41347.1, 334.8, 14.2, 227.3, 142.5, 8.3
1, 12/12/2018 17:19:15, 128143, 89.1, 103.6, 19.4, 4319.8, 309.6, 58.3, 7, 0.2, 429.4, 265.1, 43227, 355.5, 13.4, 225.3, 157.7, 5.7
1, 12/12/2018 17:40:15, 128144, 90.4, 112.2, 19.8, 3254, 310.2, 59.2, 15, 1.4, 417.8, 287.4, 35504.1, 307, 19.2, 344.3, 151.9, 7.4
1, 12/12/2018 17:59:14, 128145, 90.1, 118.5, 20.7, 2537.7, 348.7, 62.3, 6.2, 0.1, 360.2, 303.3, 38220.2, 297.1, 18.1, 276.5, 164.8, 42.4
1, 12/12/2018 18:19:14, 128146, 78.6, 105.6, 18.7, 16340.8, 351.5, 60.8, 11.1, 0.3, 437.4, 270.3, 33608.3, 453.2, 16.8, 283.9, 143.3, 8.5
1, 12/12/2018 18:40:14, 128147, 54.1, 105.7, 14, 11877.9, 288, 51.7, 1.2, 0, 391.1, 270.5, 18453.5, 306.2, 13.2, 210.6, 123.7, 19.7
1, 12/12/2018 19:01:14, 128148, 50.6, 110.7, 13.4, 1523.8, 402, 47.8, 1.1, 0, 416.8, 283.5, 32945.1, 418.5, 9.6, 165.6, 110.9, 6.5
1, 12/12/2018 19:20:14, 128149, 53.9, 79.8, 13.6, 10854.5, 428.9, 55.8, 1.1, 0, 364.2, 204.2, 16761.2, 277.7, 6.5, 108.2, 130.5, 6.3
1, 12/12/2018 19:40:14, 128150, 33, 81.1, 7.8, 147.7, 249.3, 47, 0.6, 0, 353.7, 207.5, 16265.9, 233.6, 4.2, 67.2, 89.6, 2.7
1, 12/12/2018 20:01:15, 128151, 61.1, 110.9, 13.7, 1118.4, 273.9, 41.1, 1.2, 0, 394, 283.9, 20034.3, 288.2, 8.8, 167.3, 110.2, 8.3
1, 12/12/2018 20:19:14, 128152, 57.5, 109.2, 13.5, 2468.4, 438.3, 46.6, 1.2, 0, 480.2, 279.7, 41341.6, 441, 13.5, 326.9, 85, 6.5
1, 12/12/2018 20:40:14, 128153, 58.1, 115.6, 14.6, 2147, 415.8, 41.2, 1.3, 0, 478.6, 295.8, 47598.4, 300.8, 12.6, 333.3, 85, 9
1, 12/12/2018 21:00:14, 128154, 72, 105.9, 14.1, 980.8, 452.3, 40.6, 1.4, 0, 363.2, 271.2, 65716.9, 318.9, 14.7, 369.7, 86.2, 13.3
1, 12/12/2018 21:20:14, 128155, 61.2, 119.3, 10.7, 1292.1, 307.2, 32.8, 0.9, 0.1, 417.1, 305.5, 50527.2, 277.6, 14.8, 350.6, 64.2, 4
1, 12/12/2018 21:39:13, 128156, 62.2, 103.6, 12.2, 1031.7, 410.5, 39.4, 1, 0, 360.5, 265.2, 25275.2, 258.9, 12.9, 309.1, 78.8, 4.7
1, 12/12/2018 22:00:14, 128157, 59.3, 89.3, 11.4, 688.9, 339.5, 35.9, 0.9, 0, 356.3, 228.7, 27459.4, 316.4, 11, 260.6, 82.5, 6.3
1, 12/12/2018 22:20:14, 128158, 51.5, 79.7, 10.3, 572.3, 310.4, 37.2, 0.8, 0, 331.8, 204, 25285.7, 257.9, 10.1, 239, 85.8, 8.1
1, 12/12/2018 22:40:13, 128159, 44.4, 76, 8.5, 578.2, 217.6, 35.6, 0.7, 0, 293, 194.6, 41268.1, 262.1, 9.3, 213.7, 78.9, 3.7
1, 12/12/2018 22:59:13, 128160, 42.2, 80.5, 9.2, 504.4, 235.6, 45.9, 0.8, 0, 311.2, 206.1, 57607.6, 339.8, 8.8, 202.6, 84.9, 5.1
1, 12/12/2018 23:20:14, 128161, 48.8, 79, 13.1, 747.5, 261, 48.4, 1, 0, 314.9, 202.1, 23274.6, 259.6, 9.9, 246.5, 118, 8.3
1, 12/12/2018 23:39:13, 128162, 41, 75.9, 11, 867.7, 171.2, 38.8, 0.9, 0, 337.5, 194.3, 38373.6, 252.7, 8.1, 212.6, 92.2, 6.7
2, 11/12/2018 23:59:31, 128091, 57.3, 69.2, 12.5, 2165.3, 390.8, 39.7, 1.1, 0, 247.6, 177.1, 38150, 337.6, 9, 219, 119.7, 10.1
2, 12/12/2018 00:20:31, 128092, 31.4, 53.2, 8.9, 19143.9, 271.3, 49.2, 0.7, 6.7, 287.8, 136.1, 32480.7, 367.3, 10.2, 178.2, 130.8, 16.5
2, 12/12/2018 00:39:31, 128093, 39.5, 94.5, 10.9, 8373.5, 256.5, 44.9, 0.9, 18.6, 290.1, 241.9, 31027.3, 377, 21.6, 240, 134.4, 9.9
2, 12/12/2018 00:59:31, 128094, 41, 59.7, 11.8, 942.8, 263.2, 42, 0.9, 2.3, 209.4, 152.8, 31813.4, 443.3, 18.2, 198.9, 169.3, 8
2, 12/12/2018 01:20:30, 128095, 49.5, 56.8, 11.3, 43298.7, 169.5, 29.8, 0.9, 7.9, 218.2, 145.5, 42052.3, 448.5, 19, 275.1, 139.6, 6.8
2, 12/12/2018 01:40:31, 128096, 60.4, 72.3, 11.6, 93793.1, 147.7, 17.6, 0.8, 10.3, 228.3, 185.2, 43176.1, 427.6, 21.4, 381.1, 90.6, 5.7
2, 12/12/2018 01:59:30, 128097, 33.7, 45.7, 8, 13849.1, 108.5, 19.6, 0.6, 10, 175.3, 117.1, 29507.2, 298.2, 15.5, 205.6, 108.9, 5.2
2, 12/12/2018 02:19:30, 128098, 45.4, 54.1, 12, 1795.7, 172.3, 36.1, 0.9, 3.3, 202.9, 138.4, 30952.1, 405, 13.6, 206.2, 207, 3.5
2, 12/12/2018 02:39:30, 128099, 23.5, 34.8, 7, 360.5, 197, 25.9, 0.6, 0, 237.6, 89.1, 29463.3, 329.8, 10.4, 129.7, 148.2, 3.8
2, 12/12/2018 02:59:30, 128100, 21.5, 23.9, 6.4, 183.3, 144.5, 26.8, 0.6, 0, 104.3, 61.1, 13122, 285.6, 8.2, 96.8, 156.9, 3.3
2, 12/12/2018 03:20:30, 128101, 17.9, 35.2, 5.8, 1660.4, 125.8, 21.3, 0.5, 0.1, 195, 90.2, 13629.9, 437.8, 9.3, 164.3, 104.6, 17.4
2, 12/12/2018 03:39:30, 128102, 12.2, 12, 4.6, 154.4, 99.1, 22.4, 0.4, 0, 60.1, 30.8, 11660.3, 305.6, 5, 53.4, 119.5, 1.8
2, 12/12/2018 04:00:30, 128103, 14.8, 18, 5.2, 19.8, 155.8, 24.4, 0.5, 0, 115.7, 46.1, 46147.5, 299.8, 4.3, 46.9, 125, 1.6
2, 12/12/2018 04:19:30, 128104, 25.4, 19.7, 6.7, 2317.7, 515.3, 19.3, 0.5, 0.2, 90.9, 50.3, 46155.7, 380.6, 4.9, 83.4, 100.7, 1.7
2, 12/12/2018 04:39:29, 128105, 19, 11.9, 4.8, 611.5, 516.2, 17.4, 0.4, 0.1, 91.1, 30.5, 51535, 326.3, 4.2, 58.8, 75, 1.7
2, 12/12/2018 04:59:30, 128106, 15.7, 39.9, 4.7, 1204.4, 222.3, 17.6, 0.4, 0, 262.3, 102.2, 45873.7, 323.6, 4.1, 65.3, 73.3, 2.6
2, 12/12/2018 05:22:30, 128107, 10.9, 12.9, 4.3, 104.4, 98.7, 19.2, 0.4, 0, 137.5, 33.1, 45855.9, 345.7, 2.2, 31.2, 65.8, 2.1
2, 12/12/2018 05:39:30, 128108, 16.4, 20.3, 5.2, 1886.5, 98.5, 16.9, 0.4, 0.7, 135.7, 52, 46848.1, 429.2, 5, 92.5, 53.3, 2.3
2, 12/12/2018 05:59:30, 128109, 50.1, 58.4, 10.5, 1965.9, 510.8, 20.2, 0.7, 0, 224.4, 149.6, 78158.9, 288.4, 10.4, 240.6, 58, 7.2
2, 12/12/2018 06:19:29, 128110, 55.8, 50.4, 9.2, 1004.6, 244.1, 19.5, 0.6, 0, 150.8, 129.1, 74686.5, 303.7, 10.3, 243.4, 56, 4.4
2, 12/12/2018 06:39:29, 128111, 64.5, 63.3, 10.9, 2284.5, 265.3, 22.8, 0.8, 2.3, 248.4, 162.1, 79989.1, 390.5, 13.2, 315.5, 66.8, 4.7
2, 12/12/2018 06:59:30, 128112, 58.8, 70.8, 10.4, 968.4, 477.4, 28.5, 0.8, 0.1, 348.3, 181.4, 65967.8, 264.9, 11.4, 269.5, 84.8, 5.3
2, 12/12/2018 07:19:29, 128113, 44.3, 52, 9.4, 1165.2, 401, 29.9, 0.7, 0, 178.2, 133.1, 57732.8, 311.8, 9.6, 219.1, 85.4, 6
2, 12/12/2018 07:39:29, 128114, 35.1, 53.8, 9, 1822, 227.7, 34.2, 0.7, 0, 287.8, 137.7, 42954.2, 376.3, 8.5, 195.5, 97.9, 4.8
2, 12/12/2018 08:00:29, 128115, 40.6, 51.9, 11, 746.2, 324.4, 43, 0.8, 0, 294.9, 132.9, 53350.4, 303.2, 8.1, 157.1, 127.3, 8.7
2, 12/12/2018 08:20:29, 128116, 34.8, 67.2, 10, 17610.2, 219.5, 43.6, 0.7, 0, 334.1, 172, 39024.7, 322, 5.8, 123.8, 118.3, 9
2, 12/12/2018 08:39:29, 128117, 41.4, 57.7, 11.4, 1993.3, 258.6, 49.2, 0.9, 0, 281.7, 147.8, 39563.7, 408.3, 6.4, 180.8, 121.9, 8
2, 12/12/2018 09:00:29, 128118, 34.7, 72.6, 10.1, 526.6, 246.8, 50.2, 0.8, 0, 324.8, 185.9, 33416.1, 284.3, 5.5, 137.9, 130.2, 8.1
2, 12/12/2018 09:19:29, 128119, 26.6, 56.7, 8.2, 160.8, 244, 53, 0.7, 0, 312.9, 145.2, 25981.2, 304.7, 3.6, 71.8, 156.5, 3.5
2, 12/12/2018 09:39:29, 128120, 34.5, 52.1, 9.3, 1491.1, 312.5, 53.6, 0.7, 0.9, 349.9, 133.5, 21855.8, 384.5, 5.9, 118.3, 131.9, 5.5
2, 12/12/2018 10:01:29, 128121, 34.8, 72.7, 10.5, 652.7, 273.1, 61.6, 0.8, 0, 374.3, 186.1, 12980.4, 280.6, 4.7, 89.3, 166, 8
2, 12/12/2018 10:19:29, 128122, 30.3, 30.5, 9.6, 1285.7, 294.4, 60.9, 0.8, 0, 119.8, 78, 12707.6, 342.9, 4.2, 57.6, 157.6, 7
2, 12/12/2018 10:39:28, 128123, 34.3, 63.9, 9.6, 1796.3, 300.3, 61.8, 0.8, 1.9, 268.7, 163.5, 23228.9, 396, 6.5, 110.8, 142.1, 6.1
2, 12/12/2018 11:00:29, 128124, 27.5, 57.5, 8.7, 1122.3, 270.3, 57.5, 0.7, 0, 270.3, 147.1, 13451.3, 356, 5.2, 74, 149.9, 5.3
2, 12/12/2018 11:20:28, 128125, 30.8, 65.9, 9.4, 793.7, 329.5, 58.7, 0.8, 0, 352.6, 168.6, 16305.3, 371.7, 5.1, 73.1, 157.3, 5.8
2, 12/12/2018 11:39:29, 128126, 38.6, 49.8, 10.8, 1483.1, 366.8, 62.5, 0.9, 0, 221, 127.4, 13787.8, 344.5, 4.3, 72.1, 178.6, 6.9
2, 12/12/2018 11:59:28, 128127, 41.3, 51.9, 11.7, 1936.9, 322.1, 66.5, 1, 1.4, 238.1, 133, 23774.5, 395, 5.6, 94.1, 190.7, 8.4
2, 12/12/2018 12:19:28, 128128, 39.9, 59.5, 10.5, 1583.5, 315, 63.3, 0.8, 0.1, 248.5, 152.3, 13052.2, 203.1, 5.9, 99.7, 154.1, 5.6
2, 12/12/2018 12:39:28, 128129, 38, 52, 9.9, 1180.3, 283.9, 58.6, 0.8, 0, 318.9, 133, 12882.5, 91.3, 4.2, 58.6, 153.7, 4.6
2, 12/12/2018 13:00:28, 128130, 41.1, 44.3, 10.7, 993.2, 303.6, 64.1, 0.9, 0, 159.7, 113.5, 11783.2, 85.4, 3.7, 50.8, 181.7, 5.1
2, 12/12/2018 13:19:28, 128131, 35.9, 55.3, 9.8, 38.9, 276, 60.7, 0.8, 0, 278.7, 141.7, 11990.1, 92.1, 3.2, 41.6, 164.9, 4.5
2, 12/12/2018 13:39:28, 128132, 36.9, 68.8, 10.1, 1631.5, 293, 63.7, 0.8, 0, 320.2, 176.2, 11805.6, 95.1, 3.2, 42, 167, 4
2, 12/12/2018 14:00:28, 128133, 39.6, 62.5, 11.2, 1104.6, 327, 69.8, 0.9, 0, 265.8, 160.1, 11831.1, 87.3, 3.8, 51.9, 206.1, 5.4
2, 12/12/2018 14:19:28, 128134, 30.3, 50.7, 9.8, 798.9, 317.3, 68.6, 0.8, 0, 241.4, 129.8, 11832.9, 90.2, 2.9, 30.9, 198.1, 4.7
2, 12/12/2018 14:39:27, 128135, 37.1, 44.2, 11.1, 2171.4, 322.2, 66.8, 0.9, 0.2, 227.4, 113.2, 14491.7, 179.8, 5.2, 76.5, 178.3, 5.2
2, 12/12/2018 14:59:28, 128136, 32.3, 53.3, 9.8, 2037.9, 316.8, 67.5, 0.8, 0, 232.6, 136.4, 12427, 109.7, 5.2, 76.7, 172.9, 5.3
2, 12/12/2018 15:19:28, 128137, 29.8, 37.1, 9.5, 179, 304.7, 68.3, 0.8, 0, 156.4, 94.9, 12754.2, 84.2, 4.6, 50.5, 180.5, 4
2, 12/12/2018 15:39:28, 128138, 29.3, 38.5, 9.2, 1262, 290.1, 62.9, 0.8, 0, 209.3, 98.5, 12032.4, 68.2, 4.8, 63.4, 169.6, 4.7
2, 12/12/2018 15:59:28, 128139, 32.5, 44.2, 10, 1251.5, 319.5, 69, 0.8, 0, 230, 113.1, 16382.2, 38, 6.1, 109.5, 180.6, 4.3
2, 12/12/2018 16:20:28, 128140, 34.8, 55.2, 10.4, 2411.8, 320.7, 65.5, 0.8, 0, 218.1, 141.3, 19988.9, 64.2, 8.3, 166.6, 173, 4.4
2, 12/12/2018 16:39:27, 128141, 42.8, 50.9, 12.7, 2143.7, 376.9, 71.2, 1, 0, 177, 130.4, 20861.4, 83, 6.3, 116.1, 191.6, 5.8
2, 12/12/2018 16:59:27, 128142, 37.4, 56.9, 10.9, 1249.4, 374.9, 74.2, 0.9, 0, 274.2, 145.7, 16597.4, 77, 5.7, 94.9, 187.8, 5.5
2, 12/12/2018 17:19:28, 128143, 33.8, 40.4, 10.3, 1216.5, 334.7, 69.8, 0.9, 0, 265, 103.4, 14040.2, 170.1, 5.1, 65.8, 172.3, 4.2
2, 12/12/2018 17:39:27, 128144, 26.9, 30.9, 8.9, 1560.4, 292.1, 61.7, 0.8, 0, 134.6, 79.1, 11960.5, 238, 4.8, 43, 165.9, 3.6
2, 12/12/2018 17:59:28, 128145, 26.6, 25.4, 8.7, 2105.2, 298.8, 60.8, 0.8, 0, 90.9, 65.1, 11865.4, 198.9, 4.5, 41.9, 158.3, 5.3
2, 12/12/2018 18:19:27, 128146, 32.4, 42.9, 9.8, 2045, 327.7, 59.8, 0.8, 0, 195.9, 109.7, 16340.5, 303.8, 6, 113.3, 146.9, 4.2
2, 12/12/2018 18:39:27, 128147, 29.4, 64.2, 9, 989.2, 498.8, 53.7, 0.7, 0, 340.8, 164.3, 17202.9, 135.6, 5.8, 100.8, 133.5, 3.7
2, 12/12/2018 19:00:27, 128148, 29.6, 80.8, 8.9, 932.1, 421.1, 57.3, 0.7, 0, 334.1, 206.9, 11912.5, 128.3, 5.4, 69.6, 144.2, 3.3
2, 12/12/2018 19:19:26, 128149, 24.3, 48.8, 7.8, 319.1, 274.7, 59, 0.7, 0, 318.6, 125, 11930.3, 233, 4.5, 49.1, 123.5, 3.1
2, 12/12/2018 19:39:27, 128150, 18.7, 62.1, 6.1, 634.4, 238, 44.9, 0.5, 0, 323.7, 159.1, 11872.8, 160.8, 5.7, 58.6, 89.6, 2.1
2, 12/12/2018 20:01:27, 128151, 29.4, 78.8, 8.9, 301.1, 236, 54.8, 0.8, 0, 326.9, 201.7, 13029, 173.4, 5.7, 65.4, 151.9, 5.6
2, 12/12/2018 20:19:27, 128152, 31, 77.2, 9.5, 1239.3, 263.2, 51.3, 0.7, 0, 384.8, 197.6, 16998.4, 193, 10.4, 212.8, 105.7, 4.4
2, 12/12/2018 20:39:27, 128153, 31.6, 83.1, 10.2, 821.5, 244, 48.6, 0.8, 0, 323.4, 212.7, 15651.4, 287, 12.3, 248.7, 98, 5.6
2, 12/12/2018 20:59:27, 128154, 36.2, 74.6, 12.3, 786.4, 232.4, 48.8, 1, 0, 298.7, 190.9, 15688.9, 135.2, 10, 200.3, 110.9, 15.7
2, 12/12/2018 21:19:26, 128155, 27.5, 79.6, 9.6, 475, 195.5, 43, 0.8, 0, 352.5, 203.7, 15145.5, 88, 8.9, 173.5, 108.4, 8.1
2, 12/12/2018 21:39:27, 128156, 37, 76.7, 11, 582.6, 294.3, 48.2, 0.9, 2.2, 294.4, 196.4, 18559.4, 108, 11.1, 236.4, 120.3, 7.5
2, 12/12/2018 21:59:27, 128157, 30.6, 60.4, 9.4, 728.9, 226.4, 39, 0.7, 0, 252.6, 154.5, 20624.8, 92, 9.8, 213.4, 87.6, 8.9
2, 12/12/2018 22:19:27, 128158, 28.1, 53.6, 10.2, 1724.7, 136.5, 28.5, 0.8, 0, 198.3, 137.3, 21167, 397.3, 8.9, 212.9, 52.6, 13.4
2, 12/12/2018 22:39:27, 128159, 23.4, 53, 9.2, 784.1, 121.7, 27.6, 0.7, 0, 224.5, 135.8, 20336.6, 87.9, 8.3, 212, 30.2, 11.6
2, 12/12/2018 22:59:26, 128160, 39.7, 70.4, 11.4, 2670.2, 450.1, 31, 0.8, 3.5, 262.1, 180.2, 41995, 95.4, 13.4, 279.8, 52.4, 11.1
2, 12/12/2018 23:20:26, 128161, 50, 75, 14.2, 1898.5, 515.6, 35.1, 1, 5.3, 263.5, 192.1, 34208.2, 91.5, 13.5, 267.8, 105.5, 9.9
2, 12/12/2018 23:39:26, 128162, 39.1, 66.7, 11.3, 1773, 428.1, 31.1, 0.8, 1, 337.4, 170.8, 40066.2, 88, 11.5, 211.2, 82.4, 8.8
3, 11/12/2018 23:59:49, 128091, 51.2, 67.9, 11.3, 14880.3, 263.1, 6.3, 0.7, 0.1, 443, 173.9, 48997.4, 202.1, 28.6, 672.6, 4.5, 14.2
3, 12/12/2018 00:19:50, 128092, 46.6, 110.6, 10.5, 16411.2, 109.5, 3.9, 0.7, 1.8, 434.9, 283, 87597.5, 429.8, 58.6, 690.3, 6, 15
3, 12/12/2018 00:39:49, 128093, 62.4, 134.7, 12.6, 9412.6, 237, 2.6, 0.9, 12, 454, 344.9, 91509.4, 635.1, 63.7, 897.9, 4.9, 11.9
3, 12/12/2018 00:59:49, 128094, 70.2, 128.9, 14.8, 20173.9, 247.7, 4.2, 1.6, 24.2, 374.7, 329.9, 122378.9, 515.8, 46.5, 850.3, 5.3, 15.2
3, 12/12/2018 01:20:48, 128095, 64.2, 99.9, 14.4, 7883, 543.6, 2, 2.2, 17.7, 353.4, 255.7, 77587.8, 341.1, 37.1, 697.4, 6, 17.1
3, 12/12/2018 01:39:49, 128096, 57.6, 83.7, 13.5, 6193.5, 665, 2.4, 0.9, 15.1, 412.9, 214.2, 91232.2, 174.1, 35.4, 607.2, 6.2, 12.7
3, 12/12/2018 01:59:49, 128097, 67.4, 122.2, 16.1, 23669.2, 546.5, 2.4, 10, 42, 366.6, 312.8, 99590.1, 120, 48.1, 876.6, 5.1, 12.3
3, 12/12/2018 02:19:48, 128098, 74, 111.2, 15.5, 3914.4, 435, 1.7, 5.6, 26.5, 345.4, 284.6, 75475.4, 60, 42, 770.5, 9.1, 13.2
3, 12/12/2018 02:39:48, 128099, 58.7, 85.2, 12.6, 18002.8, 392.1, 1.7, 0.9, 24.9, 263.8, 218.1, 79354.5, 68, 39.1, 660.2, 12, 9.9
3, 12/12/2018 02:59:49, 128100, 65.5, 103.5, 12.8, 43755.7, 470.2, 6, 2, 19, 495.5, 264.9, 73867.2, 231.7, 40.5, 750.2, 8.2, 15.2
3, 12/12/2018 03:19:48, 128101, 57.1, 126, 12.1, 105765.3, 274.8, 9.9, 0.9, 6.3, 446.1, 322.6, 66965.2, 150.1, 45.3, 874.2, 6.7, 69.3
3, 12/12/2018 03:39:48, 128102, 65.4, 87.1, 13.8, 7204.6, 507.9, 6.7, 1, 15.5, 304.1, 222.9, 66849, 153.4, 36.7, 686.2, 6, 13.2
3, 12/12/2018 04:00:49, 128103, 68.6, 88.4, 15, 38726.5, 565.2, 4.1, 2, 2.8, 302.6, 226.3, 109425.8, 209.6, 38.5, 929.9, 4.9, 16
3, 12/12/2018 04:19:48, 128104, 88.8, 127.1, 18.8, 10106.7, 684.5, 4.3, 11.2, 17, 493.5, 325.3, 106103.7, 155.9, 39.4, 933.5, 4, 29.5
3, 12/12/2018 04:39:48, 128105, 82.8, 110.5, 18.5, 14094.4, 313.1, 5.3, 2.4, 4.2, 451.4, 283, 121248.1, 136.1, 38.1, 806.3, 7.1, 31.8
3, 12/12/2018 04:59:48, 128106, 57.2, 103.1, 13.6, 35051.1, 314.4, 5.4, 2.4, 4.7, 382.8, 263.9, 113839.5, 168.1, 40.9, 851.9, 6.8, 26.4
3, 12/12/2018 05:19:48, 128107, 56.8, 75.9, 15.6, 9501, 355.4, 4.4, 0.9, 0.1, 330.1, 194.3, 80557.2, 306.5, 31.1, 640.6, 8.7, 17.2
3, 12/12/2018 05:39:48, 128108, 48.9, 50.4, 13.2, 6891.1, 340.4, 9, 0.8, 0.2, 164.7, 129, 95801.2, 162, 25.8, 602.7, 7.3, 13.7
3, 12/12/2018 05:59:48, 128109, 56.5, 75.1, 13.4, 34570.7, 383.2, 11.4, 1.2, 10.5, 357.9, 192.2, 83906.2, 202.9, 36.5, 859.2, 9.5, 15.1
3, 12/12/2018 06:19:48, 128110, 50.7, 55.6, 12.8, 3500.1, 301.5, 16.8, 0.7, 0.6, 208.3, 142.4, 80813.6, 69.8, 32.4, 831.8, 17.9, 13.3
3, 12/12/2018 06:39:48, 128111, 42, 47.9, 11.8, 2037, 333.9, 15.5, 0.8, 0, 174.4, 122.6, 75476.3, 121.2, 27.2, 739.9, 10, 13.7
3, 12/12/2018 06:59:48, 128112, 74.3, 107.1, 16.4, 22928.1, 407.9, 11.3, 4.3, 9.5, 373.7, 274.2, 105283.5, 239.5, 37.8, 1100.7, 7.1, 13
3, 12/12/2018 07:19:48, 128113, 75.8, 98.7, 16.1, 5203.7, 731.6, 6.5, 2.8, 2.5, 348.9, 252.6, 89594.8, 157, 32.9, 1004.9, 5.8, 12.5
3, 12/12/2018 07:39:43, 128114, 71.1, 84.1, 14.9, 3413, 534.9, 11, 3.3, 4.3, 327.9, 215.3, 78852.1, 109.7, 35.3, 950.6, 9.3, 12.4
3, 12/12/2018 08:00:42, 128115, 56.7, 65.2, 12.2, 32748.1, 333, 10, 0.8, 1.6, 242.2, 166.8, 87250.9, 179.7, 29.7, 750.3, 12.4, 13.5
3, 12/12/2018 08:19:42, 128116, 51.9, 58.4, 9, 9868.1, 307.9, 6.3, 0.6, 1.2, 216.9, 149.6, 90767.7, 136.7, 29.9, 705.3, 11.4, 8.6
3, 12/12/2018 08:39:42, 128117, 54.2, 57.9, 9.6, 20676.3, 411.5, 13.7, 0.6, 2.3, 180.4, 148.2, 91458.6, 89.1, 31.1, 701.8, 13.4, 6.7
3, 12/12/2018 08:59:42, 128118, 66.8, 107.2, 11.6, 33429.7, 426.7, 4.4, 2.3, 27.3, 490.9, 274.4, 104030.2, 155.8, 37.9, 903.4, 10.5, 9.3
3, 12/12/2018 09:19:42, 128119, 54.6, 94.4, 9.9, 4153.3, 301.6, 6.8, 0.8, 25.9, 344.9, 241.6, 82162.9, 77.2, 41.9, 926.3, 13.2, 9
3, 12/12/2018 09:39:42, 128120, 51.3, 75, 8.7, 3300.4, 272.9, 4.5, 0.6, 16.9, 282.1, 192.1, 96801.8, 144, 35.6, 725.5, 9.8, 8.9
3, 12/12/2018 10:00:41, 128121, 64.3, 94.5, 10.3, 39996.4, 370.3, 3.7, 1, 11.5, 390.7, 242, 84331.1, 166, 36.8, 845.1, 7, 11.5
3, 12/12/2018 10:19:42, 128122, 56.1, 86.7, 10.5, 6823.7, 275.9, 6, 2, 27.3, 365.3, 221.9, 108570.1, 203.6, 39, 778.9, 8.2, 9.5
3, 12/12/2018 10:39:42, 128123, 60.6, 128.4, 12, 13273.3, 179.8, 2.4, 5, 42.5, 431.1, 328.8, 117268.6, 343.6, 56.7, 974.9, 8.6, 13.1
3, 12/12/2018 10:59:42, 128124, 67.2, 140, 14.1, 29773.7, 265.8, 16.2, 6.5, 15.3, 553.3, 358.4, 86718.4, 95.2, 55.3, 1072.8, 7.2, 13.4
3, 12/12/2018 11:20:42, 128125, 69.3, 122.9, 14.1, 17854.7, 214.5, 2.7, 3.8, 19.4, 373.5, 314.7, 176403.3, 91.4, 48.5, 1015.9, 7.2, 13.7
3, 12/12/2018 11:39:42, 128126, 70.3, 123.1, 13.6, 9516.3, 548.1, 3.3, 4.6, 32.9, 341.1, 315, 100990, 154.2, 44.1, 1068.4, 6.7, 12.6
3, 12/12/2018 11:59:42, 128127, 73.6, 120.3, 12.9, 41995.4, 407.8, 12.6, 4.6, 29.3, 367.9, 308, 94203.6, 160.9, 42.7, 1058.3, 6.6, 15.5
3, 12/12/2018 12:19:36, 128128, 67.9, 98.7, 11.6, 14829.2, 203.9, 14.3, 1.4, 14.6, 308, 252.6, 79644.1, 176.2, 35.9, 871.6, 7.4, 10.7
3, 12/12/2018 12:39:37, 128129, 72.2, 112.9, 14.2, 13594.4, 320.4, 12.3, 9.4, 18.6, 475.4, 289.1, 152674.5, 131.6, 42.4, 987.2, 6.1, 13.3
3, 12/12/2018 13:00:36, 128130, 89.2, 139.2, 16.2, 19425.7, 473.9, 25.1, 13.9, 20, 465.7, 356.3, 133253.8, 169.5, 47.9, 1132.6, 5.7, 15.9
3, 12/12/2018 13:19:36, 128131, 85, 132.5, 15.5, 6946.2, 451.2, 25.4, 8.6, 13.2, 414.4, 339.3, 93124.1, 77.9, 50.1, 1300.8, 6.6, 14.3
3, 12/12/2018 13:39:37, 128132, 82.3, 121.3, 13.9, 5699.4, 291.4, 18, 5.3, 14.4, 353.6, 310.4, 89611.7, 53.1, 45.8, 1267.5, 6.1, 12.4
3, 12/12/2018 13:59:36, 128133, 86.4, 135, 14.8, 2957.6, 348, 20.8, 11.9, 13.9, 451, 345.7, 84823.9, 107, 44.8, 1332, 5.3, 13.4
3, 12/12/2018 14:19:36, 128134, 78.3, 127, 12.8, 4238, 358.2, 18.6, 7.2, 18.9, 472.9, 325.1, 104581.1, 190.7, 45.3, 1230.2, 5.7, 10.9
3, 12/12/2018 14:39:36, 128135, 69.3, 126.9, 12, 8266, 304.7, 14.5, 3.3, 35.3, 644.2, 324.8, 93861.1, 251.5, 44.2, 1040.2, 5.7, 10.6
3, 12/12/2018 14:59:35, 128136, 74.2, 155.5, 11.9, 23647.6, 345.2, 21, 9.2, 52.3, 529.9, 398.2, 89428.3, 242, 43.6, 1128.6, 1.9, 11.4
3, 12/12/2018 15:19:36, 128137, 72.1, 136.9, 11.2, 12844.3, 299.2, 7.3, 5.8, 46.6, 385.9, 350.6, 122479, 403.1, 37.4, 983.9, 0.4, 10.3
3, 12/12/2018 15:39:36, 128138, 73.4, 162.2, 11.5, 13738.4, 303.8, 6.1, 12.7, 60.1, 504, 415.2, 102536.1, 161.8, 40.5, 1007.1, 4.8, 12
3, 12/12/2018 15:59:36, 128139, 66.4, 175.6, 10.3, 19399.1, 212.6, 18.4, 9.9, 77.7, 546.4, 449.5, 88022.8, 567.5, 44, 1108.6, 1.1, 10.9
3, 12/12/2018 16:20:36, 128140, 61.5, 166.5, 10.6, 8557.9, 241.5, 14.6, 6.4, 66.1, 478.9, 426.2, 97445.5, 552, 44.4, 1048, 2, 10.3
3, 12/12/2018 16:39:36, 128141, 68.3, 140.1, 13.9, 6224.5, 212.6, 10.9, 5, 38.7, 441.2, 358.7, 74501.3, 592.7, 39.9, 1004.8, 3.3, 14.7
3, 12/12/2018 16:59:35, 128142, 71.4, 140.2, 13, 21992.4, 173.6, 20.1, 3.2, 27.7, 476.5, 359, 64078.4, 535.4, 43.3, 967, 2.5, 14.3
3, 12/12/2018 17:19:36, 128143, 70.5, 109.3, 12.5, 12030.5, 160.4, 4.2, 1.1, 16.4, 387.4, 279.7, 77167.7, 681.7, 36.6, 888.4, 4.4, 12.1
3, 12/12/2018 17:39:35, 128144, 61.3, 102.6, 10, 10667.1, 197.2, 12.8, 1.3, 25.4, 349.6, 262.5, 79204.1, 762.4, 32.8, 684, 2.3, 9
3, 12/12/2018 17:59:35, 128145, 65.9, 121.3, 9.9, 25112.5, 289.9, 6.5, 5.9, 46.6, 390.1, 310.4, 81427.9, 701.6, 34.7, 739.4, 2.7, 11.4
3, 12/12/2018 18:19:35, 128146, 53.9, 109.4, 8.7, 6799.5, 131.4, 6.5, 0.9, 44.2, 347.6, 280.1, 75784.8, 819.5, 31.9, 675.4, 2.1, 9.1
3, 12/12/2018 18:39:35, 128147, 54.8, 102.6, 8.4, 3557, 240.3, 14.5, 1.5, 30.8, 415.1, 262.6, 49080.3, 593.6, 29.7, 660.1, 1.5, 7.4
3, 12/12/2018 19:00:35, 128148, 62.7, 94.6, 9.7, 3582.6, 397.8, 19.5, 0.7, 3.6, 297.3, 242.1, 78222.5, 330.3, 29.1, 668.2, 3.3, 9.7
3, 12/12/2018 19:19:35, 128149, 56.4, 75.8, 9.5, 5505, 338.7, 21.9, 0.6, 0.3, 244.6, 194, 40037.8, 621.1, 25.1, 586.2, 4, 8.8
3, 12/12/2018 19:39:34, 128150, 49.7, 81.5, 8.6, 14549.3, 385.5, 6.5, 0.6, 0.2, 262.2, 208.7, 35878.8, 535.5, 24.3, 607.9, 2.6, 6.9
3, 12/12/2018 20:01:35, 128151, 55, 87.1, 9.9, 39795.8, 388.6, 17.7, 1.8, 3.8, 293.7, 223, 31992.6, 310.5, 28.6, 677.9, 2.3, 10.8
3, 12/12/2018 20:19:35, 128152, 47, 72.8, 8.2, 5827.2, 383, 4, 0.7, 0.6, 265.1, 186.3, 47290.7, 550.9, 22.1, 522.7, 5.5, 6.5
3, 12/12/2018 20:40:35, 128153, 37.7, 68.6, 7.1, 9065.1, 229.7, 8.7, 0.5, 0.1, 212.1, 175.7, 57009.6, 774.3, 21, 392.9, 2.6, 7.7
3, 12/12/2018 21:00:34, 128154, 52.7, 104.4, 10.1, 46864.2, 176, 13.1, 0.8, 7.7, 317.4, 267.3, 71475.9, 610.6, 29.4, 568.1, 2.9, 15.2
3, 12/12/2018 21:19:34, 128155, 56.8, 109.3, 9.5, 9288.8, 289.9, 5.7, 1.7, 5, 390.9, 279.8, 41272.3, 502.8, 29, 627.6, 1.6, 7.4
3, 12/12/2018 21:39:34, 128156, 40.6, 74.9, 7.3, 6614.6, 163.9, 2.4, 0.6, 0.1, 236, 191.8, 23553, 689.5, 22.3, 463.3, 2.7, 7.5
3, 12/12/2018 21:59:34, 128157, 56.8, 125.9, 10.3, 21978.9, 335.4, 48.7, 4.1, 8.8, 620.1, 322.4, 43668.1, 405.4, 37.9, 968.6, 2.1, 10.4
3, 12/12/2018 22:19:34, 128158, 59.3, 113.6, 12.7, 11517.5, 470.2, 35.6, 5.1, 7.1, 661.3, 290.9, 50179.2, 453.9, 30.7, 786.6, 2.6, 16.3
3, 12/12/2018 22:39:34, 128159, 47.9, 188.4, 11.3, 1789.5, 269.4, 38.4, 2, 5.9, 665.1, 482.2, 73784.4, 395.3, 35.9, 1204.9, 3.9, 12.5
3, 12/12/2018 22:59:34, 128160, 45.8, 139.4, 8.3, 17781.8, 184.7, 28.8, 3.4, 9.7, 648.9, 356.8, 43553.4, 416.6, 28.7, 940.9, 2.5, 11.7
3, 12/12/2018 23:19:34, 128161, 40.2, 146.9, 7.1, 3391.2, 230.5, 30, 0.9, 0.6, 585.1, 376.1, 28924.8, 640.4, 26.1, 935.7, 3, 6.8
3, 12/12/2018 23:39:34, 128162, 31.3, 84.4, 5.7, 3315.9, 152.8, 14.8, 0.4, 0.2, 503.9, 216, 28944.7, 444.1, 19.3, 595, 4.7, 5.9
4, 11/12/2018 23:59:17, 128091, 48.5, 69.5, 9, 27218.9, 104.9, 2.5, 0.6, 2.6, 457.4, 177.9, 79717, 664.6, 36.8, 617.8, 1.5, 8.9
4, 12/12/2018 00:20:17, 128092, 58.5, 101.5, 10.1, 20639.4, 219.6, 1.6, 1.3, 6.1, 364.8, 259.9, 90166.3, 1549.6, 64.6, 670.2, 4.5, 9.4
4, 12/12/2018 00:39:17, 128093, 87.4, 144.1, 13.7, 8409.7, 225.1, 1.1, 16.3, 41, 391, 368.9, 104013.1, 989.7, 69.5, 948.7, 2.9, 10
4, 12/12/2018 00:59:17, 128094, 74.7, 123.4, 12.6, 20369.4, 271.4, 0.7, 8.2, 39.9, 406.1, 316, 102027.2, 302.9, 58.8, 879.7, 2.7, 11.7
4, 12/12/2018 01:21:17, 128095, 70.6, 107.1, 10.9, 7171.5, 318.6, 0.3, 4.7, 36.7, 350.7, 274.1, 108332.1, 162.3, 56, 845, 3.2, 8
4, 12/12/2018 01:40:17, 128096, 72.5, 105.5, 11.9, 3785.4, 457.4, 0.1, 3.5, 32.5, 332.6, 270.1, 109565.7, 77.9, 52.8, 754.6, 3.1, 7.9
4, 12/12/2018 01:59:17, 128097, 77.2, 115.6, 12, 21326.7, 433, 3.8, 8.5, 29.8, 371.9, 296, 158503.7, 243.3, 52.1, 841, 3.9, 8.9
4, 12/12/2018 02:19:17, 128098, 66.3, 103.5, 10.7, 5891.4, 415.2, 1, 7.4, 30.4, 339.2, 265, 106720.9, 168.3, 48.6, 744.1, 3.6, 5.2
4, 12/12/2018 02:39:16, 128099, 58.9, 87.8, 9.8, 4757.4, 391.9, 0.4, 0.7, 20.6, 277.7, 224.8, 96034.8, 134.2, 45.8, 670.6, 3.3, 6.4
4, 12/12/2018 03:00:17, 128100, 76.7, 113.5, 12.5, 45003.3, 288.1, 5.5, 6.2, 20.3, 348, 290.7, 118462.9, 199.9, 48.6, 822.9, 3.2, 13.9
4, 12/12/2018 03:20:17, 128101, 79.2, 136.5, 13.5, 94020.2, 338, 14.7, 5.2, 13.5, 447.2, 349.3, 131208, 96.9, 52.3, 1031.5, 2.5, 44.7
4, 12/12/2018 03:40:17, 128102, 64.9, 93, 11.1, 11295.2, 300.3, 8.7, 1.7, 18, 326.3, 238, 125461.2, 135.1, 45.4, 779.3, 1.2, 8
4, 12/12/2018 04:01:17, 128103, 69, 91.7, 11.4, 2905.7, 230.4, 1.4, 1, 12.3, 286.7, 234.9, 151598.3, 174.8, 43.9, 760.7, 0.4, 7.5
4, 12/12/2018 04:20:17, 128104, 81.4, 135.9, 12.1, 9801.1, 224.7, 2.9, 12.1, 44.4, 432.6, 347.9, 138240.3, 215.5, 53.9, 909.6, 1.6, 8.5
4, 12/12/2018 04:39:16, 128105, 83.8, 127.2, 13.3, 4005.6, 383.7, 1.3, 9.7, 31.5, 430.4, 325.6, 147029.9, 212, 56.8, 955.6, 1.1, 9.7
4, 12/12/2018 04:59:17, 128106, 78.7, 112.9, 12, 33334, 323.9, 3.3, 4.2, 13.8, 345.2, 289, 158040.5, 111.3, 51.1, 919.5, 1.3, 9.9
4, 12/12/2018 05:20:17, 128107, 75.4, 91.7, 13.6, 1409.8, 315, 3.8, 1.1, 12, 287.7, 234.9, 143050.8, 118.1, 44.2, 769, 0.6, 13.4
4, 12/12/2018 05:39:16, 128108, 76.9, 91, 12.8, 2975.5, 322.3, 3.1, 2.8, 15.4, 267.2, 232.9, 137011.3, 211.2, 43.1, 704.2, 0.9, 11.9
4, 12/12/2018 05:59:16, 128109, 80.9, 117.7, 13.8, 3150.8, 347.4, 6.1, 7, 27.2, 366.6, 301.4, 150488.8, 190.8, 48.7, 983.6, 1.2, 14.1
4, 12/12/2018 06:19:16, 128110, 54.7, 83.8, 10.8, 5529.8, 477.4, 10.8, 0.7, 24.5, 245.3, 214.4, 148707.3, 188.9, 44.3, 856, 2.2, 13.8
4, 12/12/2018 06:39:16, 128111, 56.1, 92.6, 11.8, 6352.3, 324.8, 5.5, 0.8, 21.2, 275.4, 237.1, 132389.6, 229.1, 42.5, 805.2, 1.1, 15.9
4, 12/12/2018 06:59:16, 128112, 82.8, 126.2, 16, 21909.8, 441.7, 6, 6.7, 18.5, 394.8, 323.2, 156254.7, 204.1, 43.1, 1063.1, 1.3, 20.8
4, 12/12/2018 07:19:16, 128113, 69.8, 135.4, 12.6, 6773.4, 397.4, 6.9, 5, 42.3, 539.3, 346.6, 123072.6, 170, 50.3, 1169.9, 2.4, 15.5
4, 12/12/2018 07:40:16, 128114, 61.4, 104.7, 11.1, 6805.5, 238.2, 5.7, 0.9, 19.5, 451.1, 268.1, 130517.9, 150.6, 41.4, 946.9, 2.2, 13.5
4, 12/12/2018 08:00:15, 128115, 63.7, 89.9, 12.6, 43904, 336.5, 7.1, 1, 5, 388.9, 230.1, 126079.4, 100.1, 38.1, 912, 1.2, 22
4, 12/12/2018 08:20:16, 128116, 57.2, 89.7, 11.7, 12434.1, 277.1, 12.6, 1.1, 1.1, 305.1, 229.6, 122284.7, 328.7, 37.5, 829.2, 3.5, 17.6
4, 12/12/2018 08:39:15, 128117, 60.1, 85.7, 12, 6820.4, 191, 10.4, 1.1, 3.5, 264.2, 219.4, 109442.5, 313.7, 38.2, 819.4, 4.7, 15
4, 12/12/2018 09:00:15, 128118, 67.9, 124, 14.2, 24088.3, 293, 10.6, 3.8, 13.8, 510.1, 317.5, 126951.4, 245.4, 43.4, 1059.2, 2.2, 17.8
4, 12/12/2018 09:20:16, 128119, 58.4, 123, 13.3, 13220.3, 173.6, 12.3, 4.6, 27.2, 419.6, 314.8, 124299.8, 785.5, 45.5, 1013.7, 1.5, 14.3
4, 12/12/2018 09:39:15, 128120, 66.3, 101.8, 15.3, 43778, 223.9, 12.8, 2.3, 10.1, 414.4, 260.5, 147658, 1486.2, 43.7, 960.5, 0.4, 18.7
4, 12/12/2018 10:00:15, 128121, 69.7, 126.9, 14.7, 29610.6, 156.4, 5.8, 5.6, 16.7, 461.5, 324.8, 132531.5, 413, 42, 968.6, 2, 23
4, 12/12/2018 10:19:15, 128122, 80.8, 124.8, 17.2, 22868.7, 426.7, 20.6, 5.5, 26.1, 484, 319.6, 130780.7, 319.9, 43.6, 1053.4, 2.1, 20
4, 12/12/2018 10:39:15, 128123, 66.9, 125, 16, 23633, 285.6, 14.8, 2, 9.1, 382.1, 320.1, 137742.4, 498.6, 46, 1138.9, 2.7, 20.3
4, 12/12/2018 11:00:15, 128124, 53.3, 97.7, 13.3, 39169.9, 153.3, 19.5, 0.8, 2.5, 304.6, 250.1, 159356.4, 382.9, 42, 1051.6, 2.2, 20.8
4, 12/12/2018 11:20:15, 128125, 54.4, 101.1, 13.7, 22830.5, 149.2, 2.7, 1.3, 11.1, 312.7, 258.8, 130628.1, 876.4, 42.2, 1008.1, 2.9, 16.6
4, 12/12/2018 11:39:14, 128126, 57.1, 95.6, 14.1, 26995.3, 155, 8.9, 1.6, 18.3, 327.2, 244.8, 149328.2, 817.1, 42.6, 1074.8, 4, 16.8
4, 12/12/2018 12:00:14, 128127, 57.1, 108, 12.4, 52038.1, 212.1, 9.2, 0.9, 29.3, 333.5, 276.5, 154374.9, 626.8, 48.3, 1086.7, 3.2, 16.3
4, 12/12/2018 12:20:15, 128128, 51.1, 98.2, 11.1, 21953.5, 200.2, 9.9, 0.7, 30.4, 282.5, 251.4, 144878.6, 642.6, 44.7, 993.1, 2.8, 12.2
4, 12/12/2018 12:40:15, 128129, 54.3, 88.4, 12.7, 31096.8, 258.8, 14.2, 1, 12, 300.4, 226.2, 121916, 1486.6, 40.2, 964.2, 2.9, 16.2
4, 12/12/2018 13:00:15, 128130, 71.2, 95.2, 12.9, 32158.9, 287.9, 12.7, 2, 2.8, 357.3, 243.8, 152848.6, 728.2, 37.7, 1116.3, 2.3, 14.4
4, 12/12/2018 13:20:15, 128131, 64.3, 97, 12.5, 12831, 426.9, 8.6, 1.6, 1.9, 342.5, 248.2, 100473.9, 1046, 36.4, 1140.4, 1.5, 14.4
4, 12/12/2018 13:39:24, 128132, 44.4, 73, 9.2, 10994.7, 192.7, 8.2, 0.6, 0.6, 269, 186.9, 90508.3, 570.1, 36, 1097.2, 3.1, 11.8
4, 12/12/2018 14:00:25, 128133, 51.3, 88, 11.5, 63169.4, 183.8, 7.3, 0.7, 4.8, 288.1, 225.3, 85546.2, 496.9, 41.3, 1123.3, 3.5, 16.2
4, 12/12/2018 14:19:24, 128134, 51.4, 77.6, 10.2, 16879.7, 369.9, 6.2, 0.7, 3.9, 395.9, 198.8, 115366, 728.1, 40.7, 1223.5, 5.1, 11.7
4, 12/12/2018 14:39:24, 128135, 52.7, 82.1, 12.2, 33016.3, 196.2, 10.6, 0.7, 6.8, 276.4, 210.1, 95613.3, 2066.5, 40.7, 1120.9, 4.5, 15.6
4, 12/12/2018 15:00:24, 128136, 59, 117.6, 14.5, 145346.2, 103.7, 11, 1.1, 7.2, 354, 301, 114199.5, 933.6, 43.8, 1227.4, 2.8, 20.6
4, 12/12/2018 15:19:24, 128137, 69.5, 122, 18, 59488.4, 266.4, 21, 2.2, 9.3, 383.4, 312.3, 96448.1, 1546.4, 41.7, 1123.6, 3.1, 24.1
4, 12/12/2018 15:40:24, 128138, 49.5, 100.3, 13.5, 30619.6, 187.2, 7.8, 0.9, 13.8, 307.6, 256.8, 111981.5, 1326.9, 38.1, 1051.6, 3.6, 19
4, 12/12/2018 15:59:24, 128139, 63.7, 102.9, 15.8, 41288.4, 288, 9.7, 1.7, 4.5, 341.8, 263.5, 192906.2, 1682, 41.7, 1160, 2.6, 20.6
4, 12/12/2018 16:20:24, 128140, 53.6, 88.8, 14.4, 31204.7, 77.5, 4.9, 0.9, 1.6, 288.6, 227.4, 108895.1, 2384.3, 37.4, 1048.7, 2.1, 18.3
4, 12/12/2018 16:40:24, 128141, 69, 92.4, 16.9, 25445.5, 194.3, 4.4, 1.1, 4.7, 283.3, 236.5, 104730.1, 2206.6, 38.5, 1055.9, 3.1, 18.4
4, 12/12/2018 16:59:24, 128142, 62.3, 96.1, 12.4, 39434.3, 240.2, 7.5, 1.2, 1.8, 290.8, 245.9, 111476.4, 1134.5, 37.8, 1128.8, 2.9, 14.8
4, 12/12/2018 17:20:24, 128143, 50, 80, 11.4, 10599.6, 296.7, 5.6, 0.7, 0.9, 285.1, 204.8, 89488.3, 641, 34.4, 1099.2, 3.4, 11.6
4, 12/12/2018 17:39:24, 128144, 40.1, 72.4, 9.7, 3798.7, 167.7, 6, 0.7, 0, 365.1, 185.5, 81826.9, 110.3, 29.2, 895.7, 3.4, 9.3
4, 12/12/2018 17:59:23, 128145, 51.2, 71.5, 11, 14558.4, 396.5, 7.4, 0.7, 0.7, 255.9, 183.1, 99191.1, 128, 27.2, 806.1, 2.4, 9.9
4, 12/12/2018 18:19:23, 128146, 37, 66.6, 8.8, 5114.5, 197.5, 7.5, 0.6, 0.1, 241.7, 170.4, 78112.4, 198.4, 26.5, 756.6, 1.1, 7.5
4, 12/12/2018 18:39:24, 128147, 32.2, 61.7, 7, 7825.1, 117.6, 8.4, 0.5, 0, 186.1, 157.9, 74974.3, 219.4, 25.4, 643.1, 1, 5.9
4, 12/12/2018 19:00:23, 128148, 41.6, 77, 8.6, 35907.3, 195.9, 11.2, 0.6, 0, 250.3, 197.2, 115610.5, 167.2, 28.5, 759, 2, 7.3
4, 12/12/2018 19:19:23, 128149, 43.6, 72, 9.8, 20547.3, 298.5, 6.8, 0.7, 0, 246.9, 184.2, 92192.9, 122.1, 33.4, 814.4, 1.5, 9.6
4, 12/12/2018 19:39:23, 128150, 24.3, 58.7, 5.9, 5480.5, 171.5, 3.6, 0.5, 0, 209, 150.2, 80788.9, 125.2, 31, 778, 0.3, 6.9
4, 12/12/2018 20:03:23, 128151, 34.8, 65.7, 7.2, 26219.3, 163.7, 8.5, 0.5, 0, 216.8, 168.2, 82588.3, 146, 27.1, 731.7, 0.2, 11.4
4, 12/12/2018 20:19:23, 128152, 23.4, 53.2, 5.5, 1607.2, 116.4, 13.9, 0.4, 0, 181.9, 136.2, 92146.3, 118.3, 25.5, 698.1, 2, 7.5
4, 12/12/2018 20:41:23, 128153, 24.1, 49.3, 6.1, 971.3, 156.8, 11.3, 0.5, 0, 161, 126.1, 47449, 86.1, 24.7, 730.6, 2.7, 5.7
4, 12/12/2018 21:00:22, 128154, 23.3, 53.1, 5.3, 1883.4, 95.2, 7.1, 0.4, 0, 223.1, 136, 70771.5, 111.9, 23.1, 704.9, 1.7, 6.9
4, 12/12/2018 21:20:23, 128155, 20.3, 54.2, 4.6, 1539.6, 64.6, 2.3, 0.4, 0, 224, 138.9, 73927.4, 114.7, 21.7, 672.4, 1, 4.5
4, 12/12/2018 21:39:22, 128156, 17.2, 42.1, 4, 2588.9, 61.2, 6.2, 0.3, 0, 177, 107.8, 57634.7, 76, 18.6, 569.9, 2.1, 4.1
4, 12/12/2018 21:59:23, 128157, 23.8, 56.4, 5.5, 14806.6, 62.1, 4.2, 0.4, 0, 393.6, 144.3, 55309.4, 156, 19.8, 536.4, 1.4, 6.3
4, 12/12/2018 22:19:22, 128158, 25.7, 56.6, 6.6, 8988.3, 56.3, 3.9, 0.5, 0, 180.1, 144.9, 59480.1, 141.7, 20.9, 579.9, 4.2, 8.9
4, 12/12/2018 22:39:23, 128159, 29.5, 63.5, 7.8, 20601.8, 67.1, 4.6, 0.5, 0, 203.3, 162.6, 63347.2, 177.7, 22.7, 627.9, 2.4, 9.7
4, 12/12/2018 22:59:22, 128160, 39, 77.5, 9.9, 19889.9, 118.7, 3.7, 0.7, 2.3, 292.8, 198.3, 62371.3, 178.9, 25, 704.3, 2.2, 12.9
4, 12/12/2018 23:20:22, 128161, 43.3, 76.7, 11.8, 4778.6, 225.2, 3.7, 0.7, 0.2, 268.5, 196.4, 60262.6, 155.7, 21.4, 616.6, 2.2, 13.4
4, 12/12/2018 23:39:23, 128162, 32.1, 79, 9.7, 6305.5, 83.5, 4.8, 0.7, 0.1, 1132, 202.2, 47337.4, 127, 20.8, 553.9, 2.1, 13.7
