HOST, TIME, SNAP_ID, SYS_CPU, SYS_DBTIME, SYS_SYSPCT, SYS_READ, SYS_WRITE, SYS_REDO, SYS_OSWAIT, SYS_RMWAIT, SYS_ACTSESS_MAX, SYS_ACTSESS_AVG, SYS_PGA, SYS_PXRUNS, SYS_PXQCT, SYS_PXSRVT, SYS_UCALLS, SYS_IOWAIT
1, 05/01/2019 23:59:11, 129635, 33.4, 37.9, 9.6, 1396, 314.6, 19, 0.8, 0.3, 125.2, 97.1, 75710.6, 227.4, 6.3, 169.2, 67.6, 9.1
1, 06/01/2019 00:19:11, 129636, 52.2, 79, 12.2, 3079.5, 387.5, 44.4, 2.7, 14.1, 338.8, 202.1, 83370.3, 303.1, 12.7, 236.4, 106.4, 12.8
1, 06/01/2019 00:40:11, 129637, 58.6, 128.6, 11.5, 5855.7, 414.4, 35.3, 1.5, 22.3, 412.1, 329.2, 73951.4, 265, 23.8, 372.2, 70.4, 6.6
1, 06/01/2019 00:59:10, 129638, 67.9, 93, 13.4, 3003.3, 545.6, 41.3, 1.4, 19.7, 285.4, 238.1, 74570.4, 805.7, 16.6, 334.9, 80.6, 6.1
1, 06/01/2019 01:19:11, 129639, 52.1, 73.2, 10.6, 1542.3, 468.4, 14.1, 0.7, 9.3, 314.6, 187.5, 76533, 706.6, 15, 293, 47.6, 5.4
1, 06/01/2019 01:40:11, 129640, 58.6, 80.9, 11.9, 2527.8, 386.6, 13.5, 1.3, 22.1, 249.6, 207.1, 68069.8, 869.3, 16.5, 335.5, 54.9, 5.5
1, 06/01/2019 01:59:11, 129641, 57.6, 75.9, 11.7, 1372.4, 507, 25.4, 0.9, 15.5, 221.4, 194.4, 68870.5, 877.3, 14.2, 282.4, 60.7, 5.8
1, 06/01/2019 02:19:10, 129642, 66.7, 79.8, 13.9, 5141.2, 496.1, 17.5, 3.9, 11.8, 273, 204.3, 74354.6, 392.6, 16.6, 300.4, 57.1, 5.9
1, 06/01/2019 02:40:10, 129643, 90.1, 122.7, 17.6, 5758.2, 302.8, 11.1, 12.7, 17.3, 367.7, 314, 75768.4, 308, 24.6, 503.8, 55.1, 15.5
1, 06/01/2019 03:00:10, 129644, 89.4, 122.4, 17.4, 5232, 324.3, 10.7, 12.7, 13.8, 342.2, 313.4, 74215.6, 195.1, 19.7, 445.2, 51, 17.2
1, 06/01/2019 03:19:10, 129645, 80.4, 126.6, 16.1, 4826.2, 207.9, 11.3, 14.8, 24.3, 369.4, 324.2, 62192.8, 212.2, 20.3, 481.5, 32.5, 20.4
1, 06/01/2019 03:39:09, 129646, 60.3, 102.3, 13, 3478.4, 180.6, 14.9, 1.9, 22.8, 359, 261.9, 53951.8, 293.3, 19.4, 404.2, 52.5, 17.6
1, 06/01/2019 03:59:10, 129647, 41.7, 93.3, 10, 1135.6, 139.2, 14.7, 0.8, 8.3, 288.1, 238.8, 51651, 174.7, 10, 226, 47.6, 35.5
1, 06/01/2019 04:20:10, 129648, 32.8, 76.9, 9.2, 516.5, 178.9, 19.3, 0.7, 0.6, 263.6, 196.8, 57736.3, 247, 7.7, 181, 67.2, 40.3
1, 06/01/2019 04:40:09, 129649, 37.7, 52.2, 11.4, 1379.7, 160.6, 21.1, 0.9, 4.2, 211.5, 133.6, 75359.2, 247.1, 6.9, 157.3, 69.1, 9.8
1, 06/01/2019 05:00:10, 129650, 32.9, 53.7, 8.7, 1552.6, 315.5, 15.4, 0.7, 0.4, 177.9, 137.5, 65493.7, 210.8, 5.7, 138.6, 51.1, 10
1, 06/01/2019 05:20:09, 129651, 36.5, 42.8, 10.1, 525.1, 364.7, 25.3, 0.8, 0, 173.9, 109.4, 73975.6, 205.8, 4.1, 99.1, 76.8, 7.4
1, 06/01/2019 05:39:10, 129652, 35.7, 41.6, 9.9, 1845.2, 360.9, 20, 0.8, 1.7, 173.6, 106.6, 73356.5, 331.7, 5, 119, 59.6, 7.3
1, 06/01/2019 06:00:09, 129653, 56.7, 79.7, 13.9, 1761.4, 334, 34.7, 1.1, 0.1, 289.4, 204.1, 69381, 210.5, 6.8, 201.9, 76.4, 11.3
1, 06/01/2019 06:19:09, 129654, 40.9, 64.6, 10.9, 409, 307.3, 39, 0.9, 0, 257, 165.3, 70709.8, 252.2, 5.2, 117, 77.1, 8.5
1, 06/01/2019 06:40:09, 129655, 26.3, 46.3, 8.3, 230.4, 189.8, 37.5, 0.7, 0, 188.3, 118.5, 44223.7, 197.7, 4.1, 82, 76.9, 7.4
1, 06/01/2019 07:00:10, 129656, 37, 87.5, 10.2, 8913.5, 206.3, 32.1, 0.9, 0, 313.1, 224, 62377.6, 288, 8.1, 182.2, 71.2, 7.7
1, 06/01/2019 07:19:09, 129657, 37.8, 68.1, 9.8, 496.6, 456.6, 36.5, 0.8, 0, 252, 174.3, 38515.3, 268, 4.1, 84.9, 80.1, 5.8
1, 06/01/2019 07:40:09, 129658, 35.4, 72.7, 9, 796.8, 441.8, 31.5, 0.7, 0, 257.1, 186.2, 46359.3, 209.9, 4, 82.1, 64.5, 5.7
1, 06/01/2019 08:00:09, 129659, 45, 71.8, 12, 1446.8, 446.4, 35.5, 0.9, 0, 262.1, 183.8, 43188.7, 173.4, 6.6, 137.6, 70.7, 15.1
1, 06/01/2019 08:20:09, 129660, 42.1, 56.9, 10.3, 24201.4, 433.9, 33.9, 0.9, 0, 202.9, 145.8, 40120.2, 206.7, 4.3, 89.2, 70.3, 7.9
1, 06/01/2019 08:39:08, 129661, 40.7, 62.5, 10.2, 1778.1, 243, 33, 0.8, 0, 218.8, 160, 43318.7, 262.5, 4.6, 101.4, 64.3, 9.1
1, 06/01/2019 09:00:09, 129662, 29.8, 46.5, 9, 17911.6, 190.8, 36.9, 0.8, 0, 154.1, 119, 14749.3, 175.3, 4.1, 96.6, 74.6, 11.4
1, 06/01/2019 09:19:09, 129663, 25.8, 37.5, 7.1, 416.4, 203.7, 52.2, 0.7, 0, 172.9, 96, 10415.9, 245.4, 2.3, 41.3, 79.3, 6.5
1, 06/01/2019 09:40:09, 129664, 19.6, 25.5, 6.2, 740.1, 133.6, 29.3, 0.6, 0, 120.6, 65.4, 15636.7, 230.2, 3.2, 54.1, 65.8, 5.7
1, 06/01/2019 09:59:09, 129665, 24.4, 31.5, 7.6, 2261.6, 213.8, 21.6, 0.7, 0, 118.5, 80.5, 12300.9, 202.6, 3.3, 71.9, 68.2, 8.7
1, 06/01/2019 10:19:09, 129666, 20.2, 26.8, 6.3, 851.1, 143.4, 27.3, 0.6, 0, 137.6, 68.6, 9660.4, 267.4, 2.3, 42.8, 76.5, 5.3
1, 06/01/2019 10:40:08, 129667, 19.9, 27.5, 5.6, 1854.7, 150, 25.5, 0.5, 0, 168.3, 70.3, 10621.7, 316, 3, 44.8, 75, 3.2
1, 06/01/2019 11:00:09, 129668, 17, 21.4, 4.7, 2781.6, 149, 23.2, 0.4, 0, 82.6, 54.8, 14067.2, 301.8, 2.8, 39.4, 69.4, 3.4
1, 06/01/2019 11:20:09, 129669, 15.8, 23.5, 4.6, 280.9, 152.1, 27.6, 0.5, 0, 158.3, 60.1, 9907.3, 192.6, 2.7, 27.3, 79.3, 1.9
1, 06/01/2019 11:39:09, 129670, 12.8, 13, 4, 30.8, 160.7, 35.8, 0.4, 0, 47.6, 33.2, 10783.2, 243.2, 1.8, 7.5, 82.6, 1.2
1, 06/01/2019 12:00:08, 129671, 31.5, 39, 7.1, 1535.1, 376.5, 44, 0.6, 0, 206.9, 99.9, 14958.7, 242.2, 3, 79.8, 79.8, 4
1, 06/01/2019 12:20:08, 129672, 30.5, 31.8, 6.3, 156.5, 278.1, 34, 0.6, 0, 116.4, 81.5, 56781.1, 197.8, 2.1, 67.2, 76.6, 3.4
1, 06/01/2019 12:39:08, 129673, 28, 28.5, 6.5, 724.1, 203, 39.2, 0.6, 0, 149.5, 73, 10517.4, 273.1, 2.9, 75.1, 80.9, 3.1
1, 06/01/2019 12:59:08, 129674, 16.6, 19.4, 5.2, 381.7, 208.8, 39.2, 0.5, 0, 103, 49.7, 15271.5, 198, 2.2, 40.9, 76.1, 3.1
1, 06/01/2019 13:19:08, 129675, 24, 26, 6.6, 1319.3, 279.2, 41.2, 0.6, 0, 154.2, 66.6, 16266.1, 217.5, 4.1, 73.5, 74.9, 3
1, 06/01/2019 13:39:08, 129676, 17.1, 15.8, 4.4, 1261.5, 269.5, 36.9, 0.4, 0, 77.9, 40.6, 13619.5, 269.7, 3.8, 68.6, 46.3, 2.1
1, 06/01/2019 14:00:08, 129677, 13.1, 12.1, 3.5, 626.3, 192.2, 29.9, 0.3, 0, 63.3, 30.9, 10235.9, 187.9, 3, 30, 25.8, 2.3
1, 06/01/2019 14:20:08, 129678, 15.2, 13.8, 4, 1965.5, 191.6, 24.8, 0.4, 0, 89.8, 35.3, 10088.7, 300.2, 2.7, 45.6, 33.9, 1.7
1, 06/01/2019 14:40:07, 129679, 4.3, 4.8, 1.7, 26.1, 43.4, 9.8, 0.2, 0, 91.6, 12.3, 9712.4, 195, 1.1, 3.2, 18.7, 0.6
1, 06/01/2019 15:00:07, 129680, 12.8, 12.9, 3.4, 1460.6, 143.5, 10.8, 0.3, 0, 78.9, 32.9, 11079.5, 222.9, 3.1, 46.3, 21.5, 2.6
1, 06/01/2019 15:20:08, 129681, 12.8, 13.5, 3.3, 1204.9, 130.8, 11.2, 0.3, 0, 81.9, 34.7, 13996.7, 277.9, 2.8, 49.6, 22.6, 1.7
1, 06/01/2019 15:40:08, 129682, 5.9, 5.3, 2.1, 137.2, 69.3, 11.8, 0.2, 0, 50.6, 13.6, 10160.1, 195.4, 1.3, 7.2, 21.1, 0.7
1, 06/01/2019 16:00:08, 129683, 26.8, 26.9, 5.1, 3029.9, 479.7, 14.9, 0.4, 0, 103.5, 68.9, 74695.9, 168.2, 4.7, 104.2, 22.4, 3
1, 06/01/2019 16:19:08, 129684, 30.9, 32.7, 5.3, 660, 345.8, 12.6, 0.5, 0, 125.9, 83.7, 72603.1, 241.3, 4, 96.1, 20.6, 3.5
1, 06/01/2019 16:40:08, 129685, 22.1, 19, 3.9, 303.1, 286.3, 8.2, 0.4, 0, 65.5, 48.7, 83719.8, 192.8, 3.1, 67.2, 15.6, 1.1
1, 06/01/2019 17:00:07, 129686, 30.5, 28.3, 5.3, 1228.8, 435.3, 8.5, 0.4, 0, 97.5, 72.5, 70864.3, 204.7, 5.4, 116.7, 18.1, 2.8
1, 06/01/2019 17:20:07, 129687, 22.5, 19.8, 4.5, 2194.7, 418.8, 8, 0.4, 0.1, 79.6, 50.8, 45808.3, 528.9, 4.2, 78.9, 16.8, 1.6
1, 06/01/2019 17:39:07, 129688, 22.6, 21.3, 4, 628.6, 208.4, 9.2, 0.3, 0.2, 124.3, 54.5, 64367, 572, 4.3, 68.2, 16.2, 1.7
1, 06/01/2019 17:59:07, 129689, 48.7, 70.6, 7.3, 5678.8, 227.4, 12.8, 0.6, 1.6, 270.1, 180.7, 51618, 312.9, 12.7, 232.2, 17.2, 26.2
1, 06/01/2019 18:20:07, 129690, 39.1, 53.2, 8.1, 2949.4, 276.6, 17.3, 0.7, 1.4, 206.5, 136.3, 46778.4, 507.5, 10.2, 181.4, 23.1, 16.5
1, 06/01/2019 18:40:07, 129691, 37.5, 45.3, 7.8, 3428.6, 516.3, 16.2, 0.6, 1.9, 164.4, 115.9, 51376.3, 522.7, 9.7, 204.1, 24, 9.7
1, 06/01/2019 19:00:07, 129692, 21.5, 23.1, 4.4, 2591.1, 183.2, 14.8, 0.4, 0.1, 86.8, 59.1, 47659.9, 174.7, 5, 102.1, 24.4, 3.7
1, 06/01/2019 19:19:07, 129693, 19.5, 18.9, 4, 2444.9, 299.6, 12, 0.4, 0.3, 74.5, 48.3, 75133.9, 606.4, 4.3, 86.6, 20.2, 1.9
1, 06/01/2019 19:40:06, 129694, 21.2, 19.8, 3.9, 608.8, 411.7, 8.1, 0.4, 0, 82.9, 50.6, 73864.4, 197.2, 3.1, 67.1, 20.5, 1.2
1, 06/01/2019 20:00:06, 129695, 46.4, 72.5, 11.2, 2908.7, 366.4, 12.4, 0.8, 8, 285.3, 185.6, 52310, 287.7, 14.8, 402.9, 23.5, 9
1, 06/01/2019 20:20:07, 129696, 42.3, 57.2, 11.6, 2136.7, 291.7, 7.9, 0.8, 5.5, 222.5, 146.4, 56314.4, 290.1, 12.5, 364.8, 18.1, 12.9
1, 06/01/2019 20:40:06, 129697, 31.1, 34.9, 8.9, 2056.4, 326, 6.7, 0.7, 0, 154, 89.4, 33811.4, 218.6, 10.7, 295.4, 14.4, 10.9
1, 06/01/2019 20:59:06, 129698, 50, 54.7, 12.2, 2082.6, 307.8, 6.3, 0.9, 0.1, 172.2, 139.9, 38318.8, 183.2, 10.7, 281.5, 19.2, 17.5
1, 06/01/2019 21:19:06, 129699, 56, 59.8, 14.4, 1836.9, 205.2, 7, 1, 1.3, 185.8, 153.2, 58840.1, 276, 10.6, 291.1, 27.3, 17.3
1, 06/01/2019 21:40:06, 129700, 48, 50.3, 13.5, 1607.2, 212.4, 7.5, 1, 0.2, 151.9, 128.8, 28167.6, 202.7, 9, 241.1, 28.9, 15.9
1, 06/01/2019 21:59:07, 129701, 49.3, 53.5, 12.9, 1119.7, 249.2, 9.4, 0.9, 1.1, 171.1, 137, 36108.8, 187.5, 8.7, 243.9, 38.4, 18
1, 06/01/2019 22:19:06, 129702, 50.8, 48.7, 13.1, 1061.5, 447.1, 13.7, 1, 0.1, 166.9, 124.7, 26156.2, 244, 8.3, 222.5, 69.7, 15.6
1, 06/01/2019 22:40:06, 129703, 39.2, 38, 11.2, 827.9, 402.3, 14.5, 0.9, 0, 123.1, 97.2, 25635.4, 194.4, 6.1, 163.3, 72.5, 14.9
1, 06/01/2019 23:00:06, 129704, 46.2, 50.1, 14, 1779.9, 401.6, 10.6, 1, 0.2, 160.1, 128.2, 29398.5, 206.6, 8.2, 228.3, 52.8, 20.2
1, 06/01/2019 23:19:06, 129705, 47.2, 57.7, 15.8, 1318.5, 403.3, 12.3, 1.2, 0.1, 269, 147.6, 25612.9, 246.2, 6.8, 218, 66.1, 21.5
1, 06/01/2019 23:40:05, 129706, 45.8, 56.6, 14.9, 1691.2, 437, 14.8, 1.1, 0.1, 273.6, 144.8, 25599.2, 209.3, 6.6, 191.4, 86.1, 19.1
2, 05/01/2019 23:59:30, 129635, 57.3, 71.8, 12.6, 2304.1, 415.7, 15.2, 1, 7.5, 226.1, 183.7, 57283, 61.9, 13.1, 243.6, 46, 7.5
2, 06/01/2019 00:19:30, 129636, 59.7, 104.1, 14.8, 8655.2, 368.5, 35.1, 3.2, 21.1, 456.1, 266.6, 74013.3, 97.8, 18.5, 308.5, 80, 13.1
2, 06/01/2019 00:39:30, 129637, 72.4, 166.7, 17, 12155.1, 322.4, 49.8, 8.2, 38.3, 536, 426.7, 66837.5, 71.1, 26.6, 425.2, 126.1, 9
2, 06/01/2019 00:59:30, 129638, 77.4, 127.9, 20.8, 1449.2, 380.4, 61.6, 5.5, 26, 389, 327.4, 73744.7, 95.2, 22.7, 304.5, 155.8, 8.1
2, 06/01/2019 01:19:30, 129639, 66.2, 111.4, 17.1, 712.5, 256.1, 39.8, 2.1, 17.7, 336.2, 285.2, 74011.5, 80.1, 20.4, 272.3, 116.1, 6.1
2, 06/01/2019 01:39:29, 129640, 69.8, 114.1, 16.6, 1919.1, 219.5, 29.1, 3.5, 29, 361.9, 292.1, 66507.3, 92.8, 26.8, 364.4, 78.6, 7.1
2, 06/01/2019 01:59:30, 129641, 64.7, 107.2, 15.9, 6457.2, 168.9, 25.6, 2.6, 12.4, 299.1, 274.4, 67447, 36, 23.3, 288.3, 120.3, 9.3
2, 06/01/2019 02:19:29, 129642, 67.1, 95, 16.1, 768, 170.9, 25.9, 2.4, 8.7, 269.3, 243.2, 43270.7, 34, 22.3, 266.1, 142, 10.2
2, 06/01/2019 02:39:29, 129643, 69.7, 93.9, 16.3, 2709.2, 231.5, 23.4, 2, 5.8, 296.1, 240.5, 58058.9, 129.1, 22.4, 303.2, 121.8, 10.2
2, 06/01/2019 02:59:29, 129644, 65, 86.9, 16.2, 2259, 265.8, 24.5, 2.5, 2.6, 300.7, 222.5, 69255.7, 96, 16.5, 244.8, 144.4, 8.3
2, 06/01/2019 03:19:29, 129645, 59.6, 77.4, 14.3, 1939.6, 189.5, 18.2, 2.8, 3.2, 282.1, 198.1, 66887.4, 103, 13.7, 216.3, 90.9, 6.3
2, 06/01/2019 03:39:29, 129646, 63.4, 76.4, 15, 2600.8, 218.2, 18.9, 4.1, 4.9, 225.9, 195.6, 67791.8, 155.1, 13.6, 220.8, 108.2, 3.8
2, 06/01/2019 03:59:29, 129647, 45.1, 69.7, 11.1, 484.2, 196, 15.5, 2.5, 0, 220, 178.4, 64283.5, 63.2, 11.8, 165.4, 69.3, 7.2
2, 06/01/2019 04:19:29, 129648, 48.2, 63.3, 15.6, 368.7, 151.4, 17.6, 3.9, 0, 191.4, 162, 65081.8, 43.2, 9.8, 149.9, 84.6, 9.8
2, 06/01/2019 04:39:29, 129649, 55.3, 63.9, 13, 581.9, 356.6, 15.6, 2.1, 1.2, 190.2, 163.6, 129066.1, 73.1, 9.6, 178.6, 67.7, 3
2, 06/01/2019 04:59:29, 129650, 63.3, 83.8, 13.7, 1375.3, 572, 14.3, 1.8, 5.6, 240, 214.4, 122225.1, 51.9, 12.7, 247.5, 63.4, 5.1
2, 06/01/2019 05:19:29, 129651, 63.5, 77.2, 14.1, 619.9, 585, 13.7, 2, 3.5, 245.9, 197.7, 83366, 30, 11, 206.5, 75.4, 2.8
2, 06/01/2019 05:39:29, 129652, 56.8, 64.8, 12, 490.2, 425, 13.5, 1.5, 3.6, 204.9, 166, 92790.9, 30.9, 8.4, 186.6, 63.3, 1.9
2, 06/01/2019 05:59:29, 129653, 92.3, 112.9, 15.9, 2505.1, 609.2, 8.3, 8.4, 5.9, 340.4, 289, 120057.6, 32.1, 16, 401.7, 40.5, 5.4
2, 06/01/2019 06:19:28, 129654, 91.5, 119, 14.7, 1340.1, 288.3, 7.5, 4.4, 4.7, 363.3, 304.7, 110364.9, 30.9, 14.9, 386.1, 31.3, 4.9
2, 06/01/2019 06:39:29, 129655, 87.7, 109.4, 15.6, 1051.6, 154.2, 8, 2.8, 2.5, 312.4, 280, 106231.8, 33.3, 13.5, 347.7, 40.8, 7.5
2, 06/01/2019 07:00:29, 129656, 84.2, 103.2, 15.7, 1573.1, 238.3, 8.1, 3.6, 0, 358.6, 264.1, 78090.1, 73.7, 14.7, 360.2, 41.7, 6.7
2, 06/01/2019 07:19:28, 129657, 63.9, 105.1, 13.7, 867.6, 310.1, 9.7, 2.1, 0, 543.5, 269.1, 40499.5, 61.9, 12.1, 299.7, 65, 5.1
2, 06/01/2019 07:39:29, 129658, 52.5, 79.4, 11.9, 1319.9, 186.7, 14, 1.7, 0, 262.6, 203.3, 40788.2, 94.1, 10.3, 238, 65.1, 3
2, 06/01/2019 08:00:29, 129659, 48.7, 69.4, 11.9, 1431.1, 153.3, 22.7, 2.4, 0, 238.8, 177.6, 28341.3, 98, 8, 166.2, 92.9, 5
2, 06/01/2019 08:19:28, 129660, 48.7, 60.1, 11.4, 305, 163.8, 24.7, 2.1, 0, 210.3, 153.8, 26010, 28, 6.2, 138, 89.2, 3.3
2, 06/01/2019 08:39:28, 129661, 56.5, 79.9, 14.4, 18424.8, 273, 31.6, 2.6, 0, 280, 204.5, 41445.1, 122.8, 9.2, 195.4, 91.4, 6.3
2, 06/01/2019 08:59:28, 129662, 49.3, 66.9, 13.3, 17013.5, 139.7, 27.7, 2.1, 0, 198.4, 171.3, 24328.9, 35.1, 6.6, 151.2, 98.5, 8.3
2, 06/01/2019 09:19:28, 129663, 45.7, 65.9, 12.3, 521.2, 137.7, 22.9, 1.8, 0, 261.8, 168.6, 24271.3, 33, 6, 145.6, 67.5, 5.8
2, 06/01/2019 09:39:28, 129664, 40.4, 52.7, 10.1, 579.2, 114.9, 22, 1.4, 0, 181.1, 135, 25912.9, 63.3, 6.1, 122.9, 60.6, 2.7
2, 06/01/2019 09:59:28, 129665, 51, 62.4, 12.5, 1536, 260.1, 27.1, 59888905365208.1, 0, 184.8, 159.6, 23616.4, 70.9, 7.2, 149.5, 76.8, 4.9
2, 06/01/2019 10:19:28, 129666, 36.4, 47.8, 9, 216.3, 162.6, 24, 1.2, 0, 154.9, 122.4, 11645, 27, 4.5, 78.4, 48.1, 1.2
2, 06/01/2019 10:39:28, 129667, 39.7, 51.5, 10.2, 1385.8, 174.8, 26.5, 1.3, 0, 168.8, 131.7, 15622.9, 35.1, 5, 90.3, 57.9, 2.3
2, 06/01/2019 10:59:28, 129668, 38.7, 49.2, 9.9, 909.3, 134.8, 18, 1.2, 0, 161.1, 126.1, 12243, 42.8, 4.4, 63.3, 61.2, 2.4
2, 06/01/2019 11:20:27, 129669, 35.1, 48, 10.1, 190.9, 116.6, 22.8, 1.2, 0, 208.6, 122.9, 12133.6, 35.7, 3.1, 27.9, 90.9, 1.5
2, 06/01/2019 11:39:28, 129670, 38.7, 41.6, 10.4, 124.3, 183.1, 30, 1.4, 0, 118.8, 106.4, 11252.5, 26.9, 3, 26.3, 120.6, 1
2, 06/01/2019 11:59:27, 129671, 52.2, 59.8, 13.3, 6835.4, 231.8, 30.7, 1.6, 0, 205.5, 153.2, 16989.6, 76.1, 5.6, 88, 131.6, 3.1
2, 06/01/2019 12:20:28, 129672, 38.7, 45.5, 10.6, 204.3, 184.3, 28.5, 1.5, 0, 159.1, 116.4, 11277.1, 25.3, 3.1, 30.7, 102.1, 1.3
2, 06/01/2019 12:39:28, 129673, 48.1, 53.9, 12.5, 1883.1, 211.2, 28.4, 1.9, 0, 169, 137.9, 17022.5, 118.9, 4.8, 74.7, 108.8, 2.9
2, 06/01/2019 12:59:27, 129674, 46.6, 52.3, 11.9, 377.3, 251, 31.6, 1.5, 0, 173.9, 133.8, 11441.7, 20.9, 3.8, 63.1, 135, 1.8
2, 06/01/2019 13:19:27, 129675, 44, 50.4, 12.2, 1852, 178.8, 28.5, 1.7, 0, 166.1, 129.1, 15199.1, 131, 3.5, 56, 109.5, 2.2
2, 06/01/2019 13:39:27, 129676, 39.4, 45.5, 10.7, 1483.5, 180.5, 29.2, 1.2, 0, 186.2, 116.5, 17734.8, 126.1, 2.7, 30.3, 112.3, 1.8
2, 06/01/2019 13:59:27, 129677, 40.2, 41.3, 11.1, 478.1, 184.9, 28.9, 1, 0, 147.5, 105.7, 11388.2, 29.8, 3.3, 45.1, 116.5, 2.1
2, 06/01/2019 14:19:27, 129678, 39.9, 35.8, 11.3, 1209.4, 167.2, 28.8, 1.7, 0, 129.9, 91.6, 12231.5, 77.2, 4.2, 38.8, 119.6, 1.5
2, 06/01/2019 14:39:27, 129679, 31.9, 30.3, 8.6, 189.1, 127.3, 20.1, 1.2, 0, 100.5, 77.6, 13150.7, 25.1, 4, 29.1, 76.3, 1
2, 06/01/2019 14:59:27, 129680, 31.9, 29.9, 8.7, 1776.7, 108.8, 16.6, 1.2, 0, 122.2, 76.6, 11240, 91.9, 3.8, 32.3, 61.1, 1.2
2, 06/01/2019 15:19:27, 129681, 30.1, 25.4, 9, 1808.1, 95.5, 17.1, 1.7, 0, 102.9, 65, 12378.7, 98.5, 3.9, 29.6, 64.5, 1.5
2, 06/01/2019 15:39:27, 129682, 29.2, 22.9, 8.2, 438.5, 105.4, 13.6, 1.6, 0, 113.4, 58.6, 18329.5, 62.9, 3.7, 36.1, 45.1, 1.5
2, 06/01/2019 16:00:26, 129683, 70.3, 63.6, 14.4, 47945.3, 312.5, 13.3, 3, 0, 245.9, 162.9, 74143, 265.9, 13.2, 338.7, 44.6, 4.6
2, 06/01/2019 16:19:27, 129684, 63.4, 56.5, 13.5, 62025.1, 315.5, 11.3, 2.3, 0, 198.2, 144.8, 59795.5, 86, 10.2, 270.8, 40.7, 3
2, 06/01/2019 16:39:26, 129685, 42.8, 34.2, 10.6, 12082.9, 298.6, 11.9, 1.6, 0, 99.7, 87.6, 43440.4, 30.1, 6.4, 139, 43.4, 1.8
2, 06/01/2019 16:59:26, 129686, 42.4, 37.8, 9.9, 30620.4, 293.7, 12.6, 1.7, 0.5, 208.8, 96.7, 40332.3, 117.5, 5.6, 131.9, 54.3, 1.9
2, 06/01/2019 17:19:26, 129687, 49.8, 43.6, 10.8, 938.9, 343.7, 11.1, 2, 3, 156.6, 111.7, 66887.6, 28.1, 6.6, 157.5, 44.7, 2
2, 06/01/2019 17:39:27, 129688, 50.9, 45.7, 10.7, 1199.1, 404.8, 10.9, 2.9, 0, 171.2, 117, 70530.5, 26, 6.2, 153.9, 42.6, 2.4
2, 06/01/2019 17:59:26, 129689, 54.4, 52.9, 11.5, 1956.7, 182.9, 11.5, 2, 3.7, 193.5, 135.4, 70955.4, 125.6, 8.1, 197.9, 40.9, 6.1
2, 06/01/2019 18:19:26, 129690, 52.6, 44.5, 11.3, 454.7, 259.2, 14.3, 2.6, 0.2, 137, 113.9, 70712.7, 32.1, 6.3, 144, 83.6, 1.8
2, 06/01/2019 18:39:26, 129691, 42.8, 37.2, 10.6, 1806.8, 222.4, 13.1, 2.2, 0.9, 150.8, 95.2, 64675.4, 110.1, 6.7, 155.7, 85.8, 2.4
2, 06/01/2019 18:59:26, 129692, 35.5, 28.7, 9.6, 861.8, 360.4, 13.3, 2.2, 0, 87.3, 73.4, 65682.9, 67.4, 6.2, 138.3, 90.5, 1.6
2, 06/01/2019 19:19:26, 129693, 39.6, 34.8, 11, 847.6, 417.8, 20.3, 2, 1.9, 126.6, 89.1, 59362.2, 40.9, 7, 162, 90.3, 2.4
2, 06/01/2019 19:39:26, 129694, 32.7, 26.3, 9, 568.2, 260.8, 22.7, 1.5, 0, 83.2, 67.4, 59789.2, 21.1, 5.4, 115.1, 85.2, 1
2, 06/01/2019 19:59:26, 129695, 41.6, 48.6, 12.9, 2168.9, 127.5, 27, 2.2, 7.1, 202.9, 124.3, 57528.1, 178.9, 9.1, 204, 101, 3.5
2, 06/01/2019 20:20:25, 129696, 37.6, 34.2, 11.7, 747.2, 162.3, 20.3, 1.6, 0.6, 119.5, 87.5, 28196.6, 35.9, 6.8, 147.8, 87.7, 4
2, 06/01/2019 20:39:26, 129697, 31.8, 29.2, 10.4, 2239.2, 371.6, 13.5, 1.6, 3.2, 121.4, 74.7, 42659, 142.7, 6.1, 141.6, 87.8, 2.2
2, 06/01/2019 20:59:25, 129698, 29.3, 28.4, 10.3, 762.6, 271.7, 14.5, 1.4, 0.1, 122.6, 72.7, 42460.8, 27, 6, 135.9, 109.5, 4
2, 06/01/2019 21:19:25, 129699, 37.6, 35.2, 13.2, 1212.9, 349.7, 21.2, 2.8, 1.5, 152, 90, 49180, 78.1, 7.7, 185, 151, 4.1
2, 06/01/2019 21:39:26, 129700, 41.4, 38.9, 13.5, 1215.2, 296.5, 17.5, 4, 0.9, 125.1, 99.5, 42776.8, 33.9, 7.7, 189.6, 118.7, 4.5
2, 06/01/2019 21:59:26, 129701, 40.8, 42.3, 12.8, 1763.7, 346.6, 16.8, 3.3, 2.7, 184.9, 108.4, 58470.1, 1870.3, 6.6, 157.6, 100.1, 6.5
2, 06/01/2019 22:19:26, 129702, 58.2, 49.4, 16.1, 1437.7, 475.9, 18, 4.3, 1.9, 165, 126.5, 67749.2, 11798.7, 8.1, 192.8, 121.3, 8.1
2, 06/01/2019 22:39:25, 129703, 51.8, 42.1, 14.5, 542, 547.8, 21.9, 2.8, 0.4, 166.1, 107.8, 45394, 7940.3, 7.8, 191.3, 155.9, 7.7
2, 06/01/2019 22:59:25, 129704, 51, 43.9, 15.5, 1831.9, 515, 26.4, 2.9, 2.4, 185.5, 112.4, 28141.3, 10659.4, 7.9, 190.4, 160.3, 8.6
2, 06/01/2019 23:19:26, 129705, 43.9, 33.2, 14.8, 757.7, 617.4, 38.3, 3, 0, 165, 85.1, 26677.2, 8419.2, 4.6, 76.8, 198.5, 4.9
2, 06/01/2019 23:39:25, 129706, 42.8, 38.1, 13.1, 1589.9, 563.7, 29.7, 2.9, 2.6, 173.6, 97.4, 29270.7, 10877.6, 5.7, 100.7, 156.4, 4.3
3, 05/01/2019 23:59:26, 129635, 24.4, 34.5, 5, 20196.8, 191.6, 2.2, 0.3, 0, 309.1, 88.4, 28467, 375.9, 14.2, 194.4, 0.1, 2.8
3, 06/01/2019 00:19:26, 129636, 29.6, 98.2, 5.2, 7798.6, 38.8, 1.6, 0.4, 0.2, 311.5, 251.3, 71817.5, 519.1, 50.2, 435.3, 1.5, 3.1
3, 06/01/2019 00:39:26, 129637, 25.1, 88.9, 5.4, 6867.3, 39.7, 1.7, 0.4, 0, 283.8, 227.5, 73238, 744.2, 48.9, 515, 2.3, 2.7
3, 06/01/2019 00:59:25, 129638, 44.7, 72.8, 9.1, 20084.8, 243.5, 2.6, 0.6, 0.1, 252.8, 186.3, 54031.5, 440.4, 38.2, 428.6, 1.6, 4.5
3, 06/01/2019 01:19:25, 129639, 18.1, 19.3, 4, 6530.5, 47.2, 0.3, 0.3, 0, 84.4, 49.3, 21095.6, 433.9, 16.7, 228.5, 2.9, 2.4
3, 06/01/2019 01:39:25, 129640, 14.8, 12.1, 4.4, 4270.9, 9.4, 0.3, 0.4, 0, 48.4, 30.9, 23418.3, 380.9, 11.1, 178.1, 3.1, 3.1
3, 06/01/2019 01:59:25, 129641, 37.1, 38.9, 7.7, 13259.5, 289, 3.7, 0.5, 0, 172, 99.6, 25143.9, 333.3, 13, 290.8, 1.9, 4.7
3, 06/01/2019 02:19:25, 129642, 13.6, 15.1, 3.7, 1824.1, 28.6, 3.1, 0.3, 0, 120.7, 38.8, 21953.2, 336.4, 10.1, 197.1, 4.4, 2.3
3, 06/01/2019 02:39:24, 129643, 13.4, 11.9, 3.2, 4664.3, 18.9, 2.7, 0.3, 0, 54.7, 30.3, 21381.5, 395, 8.6, 153.5, 2.9, 3.2
3, 06/01/2019 02:59:24, 129644, 24.4, 29.1, 5.8, 21372.4, 127.6, 4.1, 0.4, 0, 124.8, 74.5, 49780.6, 402.2, 13.7, 300.7, 3.9, 6.1
3, 06/01/2019 03:19:25, 129645, 12.5, 10.8, 3.2, 2874.2, 32.7, 6.1, 0.3, 0, 68.2, 27.6, 30540, 385.5, 13.9, 265.5, 7.4, 2.7
3, 06/01/2019 03:39:24, 129646, 20.5, 21.7, 4.2, 2671.1, 103, 8.4, 0.3, 0, 186.5, 55.6, 51556.2, 545, 12.4, 270.5, 6.3, 1.9
3, 06/01/2019 03:59:24, 129647, 37.3, 65.2, 7.3, 47561.1, 453.4, 15.2, 1.5, 2.9, 341.4, 167, 74254.8, 389.7, 20.1, 568.9, 4.7, 20
3, 06/01/2019 04:19:24, 129648, 37.6, 78.9, 7.7, 105839.4, 169.7, 6.3, 0.5, 0.1, 311.1, 201.9, 26546.8, 538.1, 22.9, 681.5, 3.7, 44.7
3, 06/01/2019 04:39:30, 129649, 25.1, 22.5, 4.6, 5223.2, 45.4, 2.4, 0.4, 0, 147.3, 57.6, 27106.3, 584.8, 15.9, 279.4, 5.5, 1
3, 06/01/2019 04:59:29, 129650, 25.9, 24.8, 5.2, 30422.4, 160.2, 5.1, 0.4, 0.3, 143.2, 63.4, 74347.8, 478.7, 14.3, 353.2, 5.3, 2.4
3, 06/01/2019 05:19:29, 129651, 29.1, 25.2, 6, 5875.6, 370.6, 16.5, 0.4, 0.4, 157.3, 64.6, 45261.4, 486.3, 15.9, 382.5, 4.7, 2
3, 06/01/2019 05:39:29, 129652, 24.6, 19.8, 4.8, 6140.6, 154.1, 7.4, 0.3, 0, 85.4, 50.6, 63478.6, 521.2, 15.1, 390.4, 5, 1.9
3, 06/01/2019 05:59:29, 129653, 46.4, 45.3, 8.4, 17284.7, 478.8, 8.3, 0.6, 1.7, 200.9, 116, 77322.6, 329.5, 20.5, 539.8, 4.8, 2.7
3, 06/01/2019 06:19:29, 129654, 38.6, 43.7, 7.7, 3248.8, 279.5, 13.2, 0.5, 0.2, 194.7, 112, 56491.4, 405.3, 19.1, 481.2, 5.3, 3.6
3, 06/01/2019 06:39:29, 129655, 18.1, 21, 4.3, 5280.6, 135.6, 20.9, 0.3, 0, 90.3, 53.7, 32385.5, 508, 17, 330.1, 7.1, 2
3, 06/01/2019 07:00:29, 129656, 43.4, 79.2, 8.8, 5102.7, 312.2, 22.9, 2.5, 0.4, 392, 202.9, 189525.9, 433.9, 29.4, 895.2, 6.9, 4.8
3, 06/01/2019 07:19:29, 129657, 27.8, 75.6, 6.6, 2563.3, 300.4, 35.4, 0.5, 0, 402.7, 193.6, 26918.3, 491.3, 26.7, 981, 6.4, 4.3
3, 06/01/2019 07:39:29, 129658, 24.5, 41.3, 5.4, 3139.9, 193, 26.7, 0.5, 0, 179.7, 105.8, 32126, 512.5, 24.4, 691, 7.8, 2.9
3, 06/01/2019 08:00:28, 129659, 42, 54.3, 7.5, 22353.7, 486.8, 32.5, 0.7, 0, 255.6, 138.9, 40508.4, 496.7, 26.6, 796.5, 6.6, 4.7
3, 06/01/2019 08:19:28, 129660, 36.6, 44.7, 5.8, 5179.9, 573.1, 35.1, 0.4, 0, 180.1, 114.4, 18625.3, 731.1, 16.8, 402.3, 6.1, 2.4
3, 06/01/2019 08:39:28, 129661, 31.8, 36.8, 4.9, 3140, 541.9, 24.7, 0.4, 0, 127, 94.3, 33623.4, 530.7, 16, 510.3, 4.4, 2.6
3, 06/01/2019 09:00:28, 129662, 50.5, 49.6, 7.7, 21731.9, 257.8, 8.3, 0.6, 0, 161.4, 126.9, 88634.1, 881.1, 17.5, 661, 4.2, 3.7
3, 06/01/2019 09:19:28, 129663, 38.7, 41.3, 6.2, 6194.8, 272.2, 6.2, 0.5, 0, 232.2, 105.7, 30521.2, 1144, 16, 587.1, 5.6, 2
3, 06/01/2019 09:39:28, 129664, 30.7, 33.5, 5.3, 4325.7, 218.8, 12.3, 0.4, 0, 173.7, 85.8, 27484.3, 1361.8, 13.6, 359.5, 6, 2.2
3, 06/01/2019 09:59:29, 129665, 47.7, 50.3, 8.4, 27645.8, 385, 12.2, 1.2, 0, 258.7, 128.9, 35652.1, 1019, 14.4, 422.7, 5.5, 5
3, 06/01/2019 10:19:28, 129666, 27.5, 27.5, 4.6, 2609.7, 121.8, 14.7, 0.3, 0, 112.5, 70.3, 25932.7, 1157.2, 13, 334.3, 8.6, 2.3
3, 06/01/2019 10:39:28, 129667, 20.9, 19.2, 4, 4174.1, 144.5, 6.3, 0.3, 0, 96, 49.1, 22591.9, 1472.4, 12, 342.3, 4.5, 1.9
3, 06/01/2019 10:59:28, 129668, 44.1, 46.7, 7.1, 5887.9, 352.2, 7.3, 0.6, 0, 216.2, 119.5, 40878.6, 1000.6, 15.9, 478.1, 3.7, 3.7
3, 06/01/2019 11:20:28, 129669, 24, 27.1, 4.2, 6404.5, 112.2, 7.9, 0.3, 0, 111.1, 69.4, 28524.8, 1140.9, 13.6, 430.7, 4.4, 1.9
3, 06/01/2019 11:39:28, 129670, 18.9, 24.1, 3.2, 6107.6, 99.6, 0.6, 0.2, 0, 367, 61.8, 32446.4, 1299.4, 10.6, 261.3, 2.4, 1
3, 06/01/2019 11:59:28, 129671, 43.4, 41, 7, 19708.9, 345.8, 0.8, 0.5, 0, 190.8, 105.1, 57157.8, 1092.9, 13.2, 394.5, 1.8, 2.6
3, 06/01/2019 12:20:27, 129672, 35.3, 34.5, 5.6, 9759.2, 130.7, 4.3, 0.4, 0, 166.9, 88.3, 47112.6, 1274.5, 11.8, 373, 2, 3.5
3, 06/01/2019 12:39:28, 129673, 22.1, 23.6, 4.1, 7684, 56.4, 5.9, 0.3, 0, 93.5, 60.5, 18290.3, 1428.5, 9.8, 281.6, 2.7, 5.7
3, 06/01/2019 12:59:27, 129674, 28.6, 32.8, 5.9, 15927.7, 251, 6.2, 0.4, 0, 149.7, 84, 15584, 1518.4, 11.8, 362.2, 4.6, 5.8
3, 06/01/2019 13:19:27, 129675, 16.7, 17, 3, 11822.4, 181.9, 5, 0.2, 0, 77.4, 43.4, 17963.6, 684.2, 10.3, 274.3, 5.7, 5.4
3, 06/01/2019 13:39:27, 129676, 35.1, 31.2, 4.6, 7732.1, 224.6, 3.8, 0.3, 0, 126.5, 79.9, 19496.9, 557.3, 12.2, 348.4, 5.8, 2.3
3, 06/01/2019 13:59:27, 129677, 41.8, 42, 5.3, 17321.9, 146.3, 5.7, 0.4, 0, 162.4, 107.6, 21840.9, 1318.6, 17.3, 417.2, 4.8, 1.4
3, 06/01/2019 14:19:27, 129678, 23.9, 20.9, 3, 4316, 106.4, 4.8, 0.2, 0, 111.5, 53.6, 19010.2, 356.1, 8.8, 210.6, 3.7, 1.2
3, 06/01/2019 14:39:27, 129679, 19.5, 15.4, 2.7, 4578.2, 25.7, 5.6, 0.2, 0, 62.7, 39.5, 16596.5, 362.1, 7.9, 214.7, 6.5, 0.7
3, 06/01/2019 14:59:27, 129680, 23.4, 21.5, 3.8, 22884.1, 84.6, 7.8, 0.3, 0, 109.5, 55, 29910.3, 357.3, 8.7, 241.2, 4.3, 3.8
3, 06/01/2019 15:19:27, 129681, 18.9, 20.7, 4.2, 12003.7, 62.4, 5, 0.3, 0, 112.1, 53.1, 14383.2, 384.9, 8.8, 203.2, 5.1, 4.3
3, 06/01/2019 15:39:27, 129682, 13.1, 8.7, 2.1, 5838.9, 35.5, 6.4, 0.2, 0, 46.7, 22.4, 14548.2, 376.1, 7, 143.6, 6.1, 0.7
3, 06/01/2019 16:00:26, 129683, 18.2, 15.9, 3.6, 16461.1, 230.2, 7.6, 0.3, 0, 112, 40.7, 12511.6, 392.9, 7.9, 206.8, 4, 2.4
3, 06/01/2019 16:19:27, 129684, 9.8, 6.2, 2, 4814.4, 34.1, 6.3, 0.2, 0, 35.1, 15.9, 28539.1, 358.9, 6.5, 123.6, 8.6, 0.7
3, 06/01/2019 16:39:27, 129685, 13.7, 9.9, 2.5, 4712.4, 74.9, 9, 0.2, 0, 60.9, 25.3, 13677.1, 374.1, 7, 179, 14.3, 1
3, 06/01/2019 16:59:26, 129686, 20.9, 19.4, 4.8, 20657.5, 204.1, 6.1, 0.3, 0.1, 146, 49.7, 15799.4, 378.3, 6.9, 161.4, 4, 2.8
3, 06/01/2019 17:19:32, 129687, 10.9, 7.8, 3.1, 3178.5, 27.4, 3.7, 0.2, 0, 65.4, 20, 14922.7, 388, 5.9, 122.1, 2.4, 1.3
3, 06/01/2019 17:39:32, 129688, 14.8, 11.7, 3.7, 5619.2, 101.7, 0.3, 0.3, 0, 71.7, 29.9, 13198.1, 402.9, 6.1, 138.9, 0.5, 1.2
3, 06/01/2019 17:59:31, 129689, 18.6, 30.3, 3.6, 47788, 61.8, 2.4, 0.3, 13.3, 128.8, 77.5, 48122.7, 376.9, 16, 255, 0.3, 3
3, 06/01/2019 18:19:32, 129690, 14.9, 11.9, 3.3, 2273.2, 31, 0.3, 0.3, 0, 48.2, 30.4, 28286.9, 314.4, 12.5, 212.5, 0.4, 1.6
3, 06/01/2019 18:39:31, 129691, 9.8, 6.4, 2.3, 1354.4, 14.2, 0.7, 0.2, 0, 25.2, 16.3, 21591.5, 340.2, 9.1, 141.3, 0.7, 1.3
3, 06/01/2019 18:59:32, 129692, 24.4, 25.5, 4.6, 39833.9, 204.7, 8.3, 0.3, 0.1, 217.1, 65.3, 17774.9, 364, 12.9, 320.1, 3.5, 3.6
3, 06/01/2019 19:19:31, 129693, 18.1, 15.7, 3.8, 2774.5, 69, 1.9, 0.3, 0.1, 82.2, 40.2, 48236.6, 357.6, 10, 302.4, 2.1, 1.7
3, 06/01/2019 19:39:31, 129694, 10.6, 7.7, 2.1, 1536.2, 58.1, 8.6, 0.2, 0, 51.4, 19.6, 13949.2, 358.3, 6.5, 172.8, 1.3, 0.8
3, 06/01/2019 19:59:31, 129695, 16.7, 12.8, 3.2, 15779.8, 185, 2.8, 0.2, 0, 112, 32.6, 11459.6, 353.1, 5.4, 123.2, 2.8, 1.1
3, 06/01/2019 20:20:31, 129696, 13.6, 9.8, 2.1, 5222.1, 20, 0.1, 0.2, 0, 43, 25.2, 10331.2, 322.9, 6.5, 139.2, 3.5, 0.6
3, 06/01/2019 20:39:31, 129697, 11.5, 7.5, 2, 5846.6, 19.4, 0.1, 0.2, 0, 39.8, 19.2, 12395.7, 367.8, 6.1, 117.6, 1.3, 0.7
3, 06/01/2019 20:59:31, 129698, 32.2, 37.1, 5.8, 28748.1, 111.8, 2.3, 0.4, 0.2, 139.1, 95, 28327.2, 444.5, 9.3, 259.7, 1.7, 2.8
3, 06/01/2019 21:19:31, 129699, 20.7, 23.1, 3.8, 5916.9, 34.3, 2.2, 0.2, 0.1, 108.4, 59.1, 20163.2, 409.4, 8.6, 201.4, 1, 0.9
3, 06/01/2019 21:39:30, 129700, 11.8, 10.3, 2.7, 5179.9, 85, 2.1, 0.2, 0, 93.7, 26.4, 11333.2, 362.2, 6.6, 138.4, 0.5, 0.9
3, 06/01/2019 21:59:30, 129701, 23.4, 29.5, 4.5, 23065, 246.7, 2.5, 0.3, 0, 191.5, 75.5, 58087.6, 359.4, 9.4, 201, 0.6, 11.7
3, 06/01/2019 22:19:30, 129702, 17.4, 10.5, 2.7, 1730.5, 415.4, 0.3, 0.2, 0.1, 77.2, 27, 18005.1, 321.9, 6.8, 143.6, 0.6, 1.1
3, 06/01/2019 22:39:35, 129703, 14, 5.8, 2, 4957.2, 356, 0.2, 0.2, 0, 20, 14.8, 25311.6, 358.8, 5.8, 93.6, 0.7, 0.7
3, 06/01/2019 22:59:36, 129704, 22, 19.9, 3.7, 20429.6, 471.5, 3.3, 0.3, 0, 86.6, 50.8, 89609.6, 329.5, 7.8, 196.6, 0.7, 8.4
3, 06/01/2019 23:19:35, 129705, 20.9, 14, 3.5, 992.9, 400.8, 0.2, 0.2, 0, 83.7, 35.8, 18530.8, 362, 8.8, 268, 0.6, 0.7
3, 06/01/2019 23:39:35, 129706, 12.8, 5.7, 2, 1455.4, 384.2, 0.2, 0.2, 0, 52.4, 14.7, 28684.6, 349.4, 7.1, 129.3, 0.4, 0.5
4, 05/01/2019 23:59:13, 129635, 18.5, 12.5, 3.7, 19402.3, 34.4, 0.2, 0.3, 0, 70.7, 32.1, 21760.9, 253.8, 9.7, 216.7, 0.3, 1.9
4, 06/01/2019 00:19:13, 129636, 49.8, 66.2, 8.3, 25650.7, 34.2, 0.8, 0.8, 0.3, 316.2, 169.5, 58789.8, 738.8, 39.2, 359.2, 3.1, 4.7
4, 06/01/2019 00:40:13, 129637, 58.1, 94.9, 9.9, 7244.2, 32.5, 0.4, 0.6, 0.2, 325, 243.1, 51375.8, 367.8, 53.7, 497.9, 2.2, 4.5
4, 06/01/2019 00:59:12, 129638, 57.4, 76.6, 12, 20322.7, 60.8, 0.3, 0.7, 0.1, 254.3, 196.1, 64534.6, 288.7, 39.8, 421.8, 3, 8.5
4, 06/01/2019 01:19:12, 129639, 46.6, 44, 9.1, 2147.6, 97.7, 3.6, 0.6, 1.5, 172.9, 112.7, 38206.8, 116.1, 26.6, 375.7, 2.1, 4.7
4, 06/01/2019 01:40:12, 129640, 22.1, 18.6, 5.3, 1950.8, 25.7, 2, 0.4, 0, 121.6, 47.6, 19423.1, 92.6, 16.2, 207.6, 2.1, 2.6
4, 06/01/2019 01:59:12, 129641, 31.4, 30, 6.2, 23811.6, 50.1, 0.8, 0.4, 1.1, 185.7, 76.7, 15735.6, 183.7, 17.3, 292.8, 3.7, 3.6
4, 06/01/2019 02:19:12, 129642, 15.7, 8, 2.9, 4850.7, 8.4, 1.6, 0.3, 0, 39, 20.4, 12627.3, 100, 8.8, 133.3, 9, 0.8
4, 06/01/2019 02:39:12, 129643, 12.9, 6.9, 2.6, 8016.4, 8.4, 1.6, 0.2, 0, 43.5, 17.7, 12748.5, 208.7, 9.1, 120.6, 6.7, 1.4
4, 06/01/2019 03:00:12, 129644, 35.3, 32.5, 7.5, 18897.6, 229.2, 4.6, 0.5, 0.6, 132.8, 83.3, 28930.3, 218.9, 17, 273, 5.8, 4.2
4, 06/01/2019 03:19:17, 129645, 19.1, 12.5, 3.8, 6548.7, 9.8, 1.6, 0.3, 0, 61.4, 32, 23147.5, 250, 11, 143.3, 8.5, 1.7
4, 06/01/2019 03:39:16, 129646, 21.1, 18, 4.3, 5612.2, 39.7, 2.7, 0.3, 0, 122.9, 46, 23190.7, 203.8, 10.4, 203.4, 8.6, 2
4, 06/01/2019 03:59:16, 129647, 51.2, 75.7, 8.9, 74518.3, 283.1, 4.4, 1.1, 2.3, 413.4, 193.7, 82283.1, 3607.9, 17.2, 454.8, 5, 20.4
4, 06/01/2019 04:19:16, 129648, 57.7, 85.3, 10.2, 75498.7, 266.8, 8, 1.3, 0.2, 311.8, 218.5, 43831.1, 289.3, 24.8, 628.5, 6.4, 36.4
4, 06/01/2019 04:40:17, 129649, 37.4, 30.3, 7.4, 11589, 159.6, 14.8, 0.5, 0, 113.5, 77.6, 52896.2, 974.6, 18.6, 319.6, 13.7, 3.9
4, 06/01/2019 05:00:17, 129650, 48.1, 49.2, 8.9, 21310.6, 199.7, 14.3, 0.9, 0.5, 199.4, 126, 52412, 5368.3, 22.2, 518.2, 5, 5
4, 06/01/2019 05:20:17, 129651, 41.3, 32.2, 7, 1751.4, 275, 18.3, 0.5, 0, 125.3, 82.4, 96349.9, 5367.8, 17.4, 373.9, 3.6, 2.4
4, 06/01/2019 05:39:17, 129652, 36.6, 26.3, 7.3, 1034.4, 491, 3.4, 0.5, 0.3, 174.6, 67.4, 84625.3, 3995.5, 13.6, 525.2, 3.9, 3.1
4, 06/01/2019 05:59:16, 129653, 30.5, 26.5, 6.3, 19455, 385.8, 9.4, 0.5, 0, 135.8, 67.8, 69666.8, 912.4, 14.4, 501.1, 4.9, 5.8
4, 06/01/2019 06:19:17, 129654, 44.7, 49, 9.2, 4587.6, 510.8, 7.3, 0.6, 0.2, 215.7, 125.6, 95067.7, 210.3, 18, 500.5, 5.2, 4.2
4, 06/01/2019 06:40:16, 129655, 37.1, 44.5, 9.6, 1962.9, 203.4, 13.8, 0.6, 0, 220.7, 113.8, 61367.1, 359, 19.8, 447.6, 4.3, 7.7
4, 06/01/2019 07:00:16, 129656, 41.6, 40.1, 10, 35070, 187.9, 21.4, 3.8, 0.3, 146.8, 102.6, 128348.9, 294.7, 20.5, 557.1, 3.7, 7.9
4, 06/01/2019 07:19:16, 129657, 75.5, 94.6, 16.3, 5159.1, 629.4, 18.6, 7.9, 0.7, 378.4, 242.3, 33573, 6891.3, 27.6, 1168.8, 2.9, 10
4, 06/01/2019 07:40:16, 129658, 31.8, 59.5, 7.5, 4993.1, 241.9, 14.6, 0.5, 0, 405.4, 152.4, 23825.6, 182.4, 22.4, 735.9, 1, 3.3
4, 06/01/2019 08:00:16, 129659, 42.7, 44.9, 8.7, 38091, 402.2, 6, 0.5, 0, 154.6, 115, 66199, 156.9, 24.8, 878, 1.9, 6.8
4, 06/01/2019 08:20:16, 129660, 63.5, 62.7, 9.5, 2117.1, 503.3, 14.3, 0.8, 0, 231.6, 160.6, 85933.8, 155.6, 23.9, 738.2, 1.4, 4.6
4, 06/01/2019 08:39:16, 129661, 59, 63.6, 9, 2581, 439.3, 8.5, 1.2, 0.2, 253.5, 162.8, 62393.4, 139.9, 19.6, 614.4, 1.1, 3.8
4, 06/01/2019 09:00:16, 129662, 68.7, 73.7, 12, 17495.9, 475, 26.3, 4.6, 1.4, 342.3, 188.7, 60923.7, 317.1, 25.2, 906.6, 1.6, 6.5
4, 06/01/2019 09:19:31, 129663, 51.7, 53.6, 8.3, 4079.5, 349.8, 11.8, 0.6, 0, 186.1, 137.1, 45888.4, 173.3, 19.7, 673.7, 1, 5.3
4, 06/01/2019 09:39:30, 129664, 43, 37.7, 7.1, 2683.9, 465.5, 25.1, 0.5, 0, 140.1, 96.6, 21101.8, 222.6, 13, 307.4, 1.4, 3.1
4, 06/01/2019 09:59:31, 129665, 49.6, 47, 8, 21949.9, 382.4, 24.4, 1.5, 0, 254.8, 120.3, 21629.2, 155.1, 14.9, 389.8, 2, 5.4
4, 06/01/2019 10:19:30, 129666, 57.7, 51.6, 9.6, 4893.2, 544.3, 7, 0.7, 0, 201.9, 132.1, 80895.5, 112.9, 14, 378.9, 1, 6.1
4, 06/01/2019 10:39:31, 129667, 49.5, 46.5, 8.3, 3082.6, 285.2, 21.2, 0.5, 0, 176.5, 119, 27182.3, 111.9, 14.5, 423, 1, 4.4
4, 06/01/2019 10:59:30, 129668, 70.5, 67.4, 11.4, 61663.5, 373.7, 22.8, 3.4, 0.1, 286.8, 172.7, 61419.6, 138.4, 17, 567.2, 2.3, 7
4, 06/01/2019 11:20:30, 129669, 64.5, 63.8, 11.6, 3410.1, 455, 20.7, 2.1, 0, 248.4, 163.5, 42201.6, 136.7, 15.4, 465.8, 1.2, 6.7
4, 06/01/2019 11:39:30, 129670, 44.9, 46.7, 6.5, 2116.3, 354.3, 22.4, 0.4, 0, 373.5, 119.5, 25896.1, 127.1, 11.8, 306.5, 2.5, 3.3
4, 06/01/2019 11:59:29, 129671, 54.4, 55.4, 8.9, 22731.8, 179.4, 17.1, 0.9, 0, 261.7, 141.9, 78491.8, 140, 13.7, 466.3, 1.8, 5.1
4, 06/01/2019 12:20:30, 129672, 40.6, 37, 6.8, 3202.9, 380.7, 13.7, 0.5, 0, 179.5, 94.8, 77906, 79.2, 11.7, 425.9, 3.3, 3.6
4, 06/01/2019 12:39:30, 129673, 33.7, 26.2, 5, 2127.5, 256.3, 19.2, 0.3, 0, 117, 67.1, 37258.6, 85, 9.6, 351.8, 3.5, 1.6
4, 06/01/2019 12:59:30, 129674, 49.1, 43.8, 8, 22992.5, 419.9, 18.6, 2.1, 0, 246.2, 112.1, 20639.6, 132, 14.4, 543.5, 3.8, 3.5
4, 06/01/2019 13:19:29, 129675, 26.4, 18.7, 4.2, 4003.9, 382.8, 15.2, 0.3, 0, 84.1, 47.8, 23947.7, 95, 9.7, 332.7, 3.7, 1.3
4, 06/01/2019 13:39:30, 129676, 27.4, 19.9, 4.8, 3043.4, 328, 5.5, 0.4, 0, 83.9, 50.9, 64550.9, 106, 9.4, 337.1, 3.6, 1.5
4, 06/01/2019 13:59:30, 129677, 24.4, 19.4, 4.6, 20120, 259.5, 1.8, 0.4, 0, 113.5, 49.6, 16594.6, 101.9, 9.4, 331, 4.3, 2.9
4, 06/01/2019 14:19:40, 129678, 12.4, 4.8, 2.3, 4661, 2.2, 0.1, 0.2, 0, 22.2, 12.2, 17226, 111, 8.5, 195.5, 6.1, 0.7
4, 06/01/2019 14:39:39, 129679, 11.7, 5.2, 2.5, 3958.5, 9.9, 1.7, 0.2, 0, 25.7, 13.2, 16131.4, 102, 8.4, 174.6, 16, 1.1
4, 06/01/2019 14:59:39, 129680, 22.4, 15.3, 4.4, 20110.2, 199.3, 3, 0.3, 0, 94.6, 39.3, 14685.5, 124.1, 9.2, 188.5, 15.4, 2.6
4, 06/01/2019 15:19:39, 129681, 34.4, 26.7, 4.5, 672.1, 53.3, 2.9, 0.3, 0, 149, 68.5, 31336.9, 87.6, 10.7, 304.8, 11.8, 2.1
4, 06/01/2019 15:39:39, 129682, 19.3, 13, 3.9, 554, 68.5, 2.5, 0.3, 0, 66.4, 33.4, 26298.9, 127.2, 10.9, 313, 11.2, 2.1
4, 06/01/2019 15:59:39, 129683, 14.3, 7.9, 2.7, 16993.4, 64.5, 3.2, 0.2, 0, 52, 20.2, 25910, 108, 9.3, 200.9, 13.1, 1.8
4, 06/01/2019 16:19:39, 129684, 13.1, 8.5, 2.6, 483.2, 71.6, 8.6, 0.2, 0, 81.5, 21.7, 24392, 115.9, 9.1, 235, 12.6, 1.2
4, 06/01/2019 16:39:39, 129685, 9.8, 3.6, 1.5, 375.3, 20.5, 0.6, 0.1, 0, 70, 9.3, 19044.9, 67.1, 7.1, 158.3, 1.8, 0.3
4, 06/01/2019 16:59:39, 129686, 9.9, 3, 1.7, 13701.7, 1.7, 0, 0.1, 0, 19.1, 7.8, 17760.5, 93, 7.8, 164.1, 0.9, 0.5
4, 06/01/2019 17:19:39, 129687, 9.3, 2.3, 1.4, 1686, 0.3, 0, 0.1, 0, 9.8, 6, 16713.9, 80.2, 6.7, 150.3, 0.8, 0.4
4, 06/01/2019 17:39:39, 129688, 15.4, 9.7, 3, 1038.3, 96.7, 0.3, 0.2, 0, 59.4, 24.8, 17105.5, 97, 7.2, 226.1, 0.9, 1
4, 06/01/2019 17:59:39, 129689, 20.6, 14, 3.6, 12829.1, 183.8, 0.4, 0.2, 0.2, 120.4, 35.8, 14551.8, 94, 8.1, 277.3, 0.8, 2.1
4, 06/01/2019 18:19:44, 129690, 11.6, 5, 2, 2824.4, 6.3, 0.3, 0.2, 0, 26.4, 12.8, 13351.6, 88, 6.3, 165.7, 0.7, 0.9
4, 06/01/2019 18:39:44, 129691, 10.9, 3.7, 1.8, 3468.1, 6.1, 1.3, 0.2, 0, 15.7, 9.3, 14962.8, 89, 7.3, 232.4, 1, 0.7
4, 06/01/2019 18:59:43, 129692, 19.6, 12.2, 3.1, 12542.8, 94, 0.5, 0.2, 0, 59.6, 31.1, 30165, 117.8, 9, 289, 0.7, 1.4
4, 06/01/2019 19:19:43, 129693, 18.9, 12.6, 4, 5028.6, 232.1, 0.7, 0.3, 0, 63.2, 32.3, 28570.6, 135.8, 11.9, 223.6, 0.8, 2.6
4, 06/01/2019 19:39:43, 129694, 13.1, 6.6, 2.6, 3686.1, 26.3, 0.3, 0.2, 0, 25.2, 16.9, 25352, 91, 9.1, 167.9, 1.1, 1.9
4, 06/01/2019 19:59:43, 129695, 23, 16.4, 3, 22232.8, 36.8, 0.2, 0.3, 0, 72.3, 42, 26235, 114.2, 9, 260.4, 0.8, 1.4
4, 06/01/2019 20:20:43, 129696, 13.4, 6.4, 2.2, 1129.4, 23.3, 0.2, 0.2, 0, 31.2, 16.3, 25312.8, 106.3, 8.3, 236.6, 0.9, 0.9
4, 06/01/2019 20:39:43, 129697, 11.1, 3.2, 1.7, 232.8, 10.2, 0.1, 0.1, 0, 11.7, 8.2, 22472.2, 69.1, 6.4, 160.5, 0.8, 0.5
4, 06/01/2019 20:59:43, 129698, 19.1, 13.7, 3.4, 17453.5, 129.9, 4.6, 0.2, 0, 77.8, 35, 31192.8, 127.1, 9.6, 330.5, 0.8, 2.4
4, 06/01/2019 21:19:43, 129699, 10.8, 4.2, 1.7, 1000.3, 15.8, 0.6, 0.2, 0, 64.7, 10.8, 32089.3, 76.1, 7.5, 218.8, 1.1, 0.6
4, 06/01/2019 21:39:42, 129700, 14.5, 8.1, 2.7, 283.3, 65.9, 0.1, 0.2, 0, 58.9, 20.7, 18567.9, 85.7, 7.2, 217, 1.5, 0.9
4, 06/01/2019 21:59:43, 129701, 24.5, 19.7, 3.5, 14115, 156.6, 0.3, 0.3, 0, 99.1, 50.5, 24362.5, 118.1, 8.8, 247.5, 1, 4.2
4, 06/01/2019 22:19:42, 129702, 26.1, 13.4, 3, 3423.2, 388.3, 0.4, 0.2, 0, 59.6, 34.4, 22777.4, 92.9, 7.8, 250.9, 0.8, 1.2
4, 06/01/2019 22:39:42, 129703, 26, 13.3, 2.3, 188.8, 338.2, 0.3, 0.2, 0, 42.2, 34.2, 20686.9, 64, 5.9, 179.7, 1, 0.8
4, 06/01/2019 22:59:43, 129704, 18.1, 6.5, 2.3, 13561.8, 408.6, 0.9, 0.2, 0, 43.4, 16.6, 22107.2, 97.1, 6.1, 187.8, 0.2, 1.9
4, 06/01/2019 23:19:42, 129705, 22.8, 12.3, 4.1, 5100.5, 400, 0.2, 0.3, 0.6, 96.6, 31.5, 57704.4, 103.9, 8.1, 232.2, 1.2, 2.4
4, 06/01/2019 23:39:43, 129706, 22.5, 12.4, 3.6, 3808, 395.8, 0.5, 0.3, 0, 55.5, 31.9, 36568.5, 103.1, 8.3, 219.8, 0.9, 2.5
