HOST, TIME, SNAP_ID, SYS_CPU, SYS_DBTIME, SYS_SYSPCT, SYS_READ, SYS_WRITE, SYS_REDO, SYS_OSWAIT, SYS_RMWAIT, SYS_ACTSESS_MAX, SYS_ACTSESS_AVG, SYS_PGA, SYS_PXRUNS, SYS_PXQCT, SYS_PXSRVT, SYS_UCALLS, SYS_IOWAIT
1, 22/12/2018 00:00:28, 128555, 46.1, 46.7, 10.9, 671.1, 485.4, 45.2, 0.8, 0.1, 128.3, 119.4, 67873.4, 101.1, 7.3, 132.3, 109.6, 6.5
1, 22/12/2018 00:19:27, 128556, 47.7, 74.9, 10.8, 11729, 347.2, 43.3, 2, 11.9, 391.3, 191.7, 70631, 92, 13.2, 194.3, 113.6, 7
1, 22/12/2018 00:39:27, 128557, 52.3, 109.8, 10.8, 1827.9, 370.2, 28.3, 1.3, 31.8, 333.3, 281.1, 70837.5, 67, 25, 315.1, 89.6, 6.6
1, 22/12/2018 00:59:26, 128558, 49.7, 91.6, 11.2, 1242.3, 285.4, 27.7, 0.8, 28, 264, 234.4, 37007.2, 652.1, 25, 296.2, 104.6, 10.1
1, 22/12/2018 01:19:27, 128559, 54, 97, 11.8, 1827.7, 250.2, 24.8, 1, 12.9, 369.9, 248.4, 56464.2, 355.3, 21.6, 256.1, 89.4, 14.9
1, 22/12/2018 01:39:27, 128560, 52.8, 71.5, 11.5, 1142, 206.6, 18, 0.9, 8.4, 247.5, 182.9, 67806.2, 529.8, 19.9, 234.4, 94.6, 15.5
1, 22/12/2018 01:59:27, 128561, 54.1, 73.8, 12, 2745.1, 260.5, 30.3, 0.8, 6.5, 228.3, 189, 65112.8, 610.8, 18.8, 257.6, 106.1, 12.5
1, 22/12/2018 02:19:27, 128562, 46, 52.1, 11.2, 979.3, 296.1, 29.9, 0.8, 0.4, 172.7, 133.3, 63315.3, 622.1, 16.2, 212.2, 118.4, 10.2
1, 22/12/2018 02:39:27, 128563, 28.3, 41.4, 7.5, 1233.1, 302.4, 13.8, 0.6, 2, 198.8, 105.9, 71713.9, 632.6, 14, 207.6, 65.9, 3.9
1, 22/12/2018 02:59:26, 128564, 26.4, 51.8, 6.7, 975, 449.3, 12.7, 0.6, 0.5, 430.1, 132.5, 67110.4, 107, 11.1, 199.7, 42.8, 6.1
1, 22/12/2018 03:19:27, 128565, 24.2, 42.8, 6.6, 416.7, 289.2, 20.5, 0.6, 0, 155.3, 109.6, 64353.3, 83, 11.9, 204.2, 66.1, 22.3
1, 22/12/2018 03:39:27, 128566, 40.4, 57.8, 9.5, 1072.9, 152.2, 19.8, 0.7, 2, 286.3, 147.9, 65878.6, 83, 14.6, 245, 63.3, 5.5
1, 22/12/2018 03:59:26, 128567, 39.8, 43.4, 9.7, 463.7, 243.9, 23.8, 0.7, 0, 145.5, 111.1, 74764.2, 63.7, 10.6, 186.1, 78.9, 6.3
1, 22/12/2018 04:20:26, 128568, 45.8, 44.8, 11, 1122.6, 506.6, 22.5, 0.8, 0.8, 163.5, 114.6, 59219.1, 82.1, 12, 234.9, 72.9, 6.2
1, 22/12/2018 04:39:26, 128569, 29.4, 28.4, 6.9, 861.2, 514.4, 18.2, 0.6, 0.4, 105.6, 72.8, 55426.3, 56.8, 9.7, 171, 62.1, 4.8
1, 22/12/2018 04:59:27, 128570, 30.8, 42, 7.8, 1889.1, 424, 21.1, 0.6, 0.1, 193.6, 107.5, 55652.5, 121.9, 9.7, 197.1, 63.1, 7.7
1, 22/12/2018 05:19:26, 128571, 25.6, 33, 8.3, 1369.1, 169.3, 29.2, 0.7, 0.5, 133.7, 84.6, 54420, 66.5, 7.1, 127.9, 75.8, 6.1
1, 22/12/2018 05:39:26, 128572, 30, 44.6, 9.2, 2166.3, 173.7, 25.5, 0.7, 0.2, 201.7, 114.2, 21987.6, 186, 7.6, 155, 66.8, 7.4
1, 22/12/2018 05:59:26, 128573, 39.7, 43.2, 10.9, 811.4, 280.3, 39.8, 0.9, 0, 171.9, 110.7, 18090.2, 44.9, 7, 162.6, 88.8, 8
1, 22/12/2018 06:19:26, 128574, 25.2, 24.8, 8.1, 1743.9, 215, 36.3, 0.7, 0.1, 127.4, 63.5, 17086.4, 174.7, 5.8, 94.9, 94.2, 4.2
1, 22/12/2018 06:40:26, 128575, 27.5, 45.6, 7.2, 1330.6, 213.5, 44.7, 0.6, 1.3, 262, 116.6, 23759.8, 149.6, 6.8, 111.9, 81.1, 2.8
1, 22/12/2018 06:59:26, 128576, 42.6, 52.3, 11.5, 1315.7, 322, 61.2, 0.9, 0, 220, 133.8, 18585, 92.1, 6.8, 119.4, 103.4, 6
1, 22/12/2018 07:19:25, 128577, 41.7, 50.8, 11.7, 236.6, 391.3, 60.4, 0.9, 0, 272.6, 130, 20565, 83, 5.9, 93, 93.8, 4.5
1, 22/12/2018 07:39:26, 128578, 38, 48.8, 11.6, 1828.9, 349.1, 51.4, 0.9, 0.1, 254.6, 125, 17982.1, 176.6, 5.9, 96, 91.4, 5.1
1, 22/12/2018 07:59:26, 128579, 35, 46, 11.1, 347.9, 359.6, 58, 0.9, 0, 174.2, 117.8, 17426.6, 57, 4.6, 65, 101.8, 6.9
1, 22/12/2018 08:19:25, 128580, 42.7, 47.4, 12.5, 1742.1, 373.8, 53.6, 1, 0.1, 199.5, 121.2, 22920.5, 102.8, 6.6, 114.9, 116.8, 5.6
1, 22/12/2018 08:39:25, 128581, 27, 32.8, 7.9, 530.7, 280.5, 33.5, 0.7, 0, 121.2, 83.9, 21762.9, 45, 5.6, 80.5, 98.3, 4.4
1, 22/12/2018 08:59:25, 128582, 27, 32.8, 8.2, 2017.1, 249.4, 40.4, 0.7, 0, 185.9, 84, 12161.6, 105, 5.9, 74.9, 105.9, 6.1
1, 22/12/2018 09:19:25, 128583, 25.3, 28.6, 8.1, 180.1, 243.4, 39.2, 0.7, 0, 184.9, 73.3, 10923.3, 34, 5, 44.4, 121.3, 3.8
1, 22/12/2018 09:39:26, 128584, 32.5, 29.5, 9.9, 6783.2, 262.1, 44.7, 0.9, 0.1, 129.7, 75.6, 11694.5, 90.5, 5.6, 63.7, 130.9, 4.5
1, 22/12/2018 09:59:25, 128585, 37.5, 35.9, 10.8, 886.7, 282, 55.6, 0.9, 0.3, 145.4, 91.9, 32218.1, 85.8, 5.9, 66.5, 127.6, 5.7
1, 22/12/2018 10:19:25, 128586, 27.3, 42.5, 8.3, 474.9, 265.2, 46.2, 0.7, 0, 293.4, 108.9, 12371.1, 67.8, 5.4, 55, 121.4, 3.9
1, 22/12/2018 10:39:25, 128587, 26.2, 35.4, 7.8, 952.2, 229.6, 45.6, 0.7, 0.2, 261.3, 90.5, 10439.7, 125.3, 5.3, 60.5, 119.3, 3.1
1, 22/12/2018 10:59:25, 128588, 19.6, 42.2, 5.7, 110.9, 377.5, 39.3, 0.5, 0, 255.5, 108, 21865, 40.9, 4.2, 34.9, 94.7, 3.7
1, 22/12/2018 11:19:25, 128589, 45.7, 47.9, 10.5, 2794.9, 596.8, 43.7, 0.8, 0.1, 293.4, 122.7, 23573.9, 99.1, 7.4, 119.3, 113.7, 4.9
1, 22/12/2018 11:39:25, 128590, 30.5, 27.4, 7.4, 242.5, 551.5, 42.5, 0.7, 0, 204.5, 70.1, 18506.4, 50.6, 4.6, 50, 110.7, 2.9
1, 22/12/2018 12:00:25, 128591, 35, 44.5, 8.6, 7846.2, 551, 41.7, 0.7, 0.1, 233.7, 114, 22427.6, 90.5, 5.1, 83.7, 99.5, 5.9
1, 22/12/2018 12:19:25, 128592, 32.5, 26.6, 8.8, 222.1, 543, 43.6, 0.7, 0, 88.6, 68.2, 18347.6, 59.9, 3.4, 40.2, 122.6, 4.8
1, 22/12/2018 12:40:24, 128593, 35.2, 38.7, 9, 1940.3, 544.4, 45.1, 0.7, 0, 215.6, 99, 18836.8, 136.9, 4.5, 59.8, 130.1, 9.3
1, 22/12/2018 12:59:25, 128594, 31.4, 42.7, 8.9, 93.7, 526.4, 42.7, 0.8, 0, 203.7, 109.3, 18249.1, 50.1, 3.4, 28.7, 106.9, 13.5
1, 22/12/2018 13:19:24, 128595, 36.7, 41.9, 10.2, 1304.6, 547, 41.8, 0.8, 0, 145.9, 107.3, 19230.6, 66.9, 4, 41.7, 109.3, 14.7
1, 22/12/2018 13:39:25, 128596, 33.4, 35.9, 9.4, 238.8, 535.5, 38.5, 0.8, 0, 109.8, 91.8, 20105.3, 42, 3, 22.1, 105.4, 15.8
1, 22/12/2018 13:59:24, 128597, 38.2, 42.7, 10.3, 1472.4, 519.9, 36.6, 0.8, 1.4, 189.2, 109.2, 20420.3, 143.9, 4.6, 61.3, 99.2, 15.1
1, 22/12/2018 14:19:24, 128598, 29.2, 41.2, 8.5, 329.2, 502, 25.9, 0.7, 0, 234.6, 105.5, 19963.6, 55, 3.2, 25.3, 88.2, 13.2
1, 22/12/2018 14:39:24, 128599, 35.8, 36.6, 10, 177, 552.8, 43.5, 0.8, 0, 118.3, 93.7, 18151.5, 31.9, 2.8, 18.1, 114.5, 14.8
1, 22/12/2018 14:59:24, 128600, 35.4, 39.2, 9.5, 1561.6, 526.2, 37.1, 0.8, 0.5, 195.8, 100.4, 19192.2, 161.6, 3.6, 50.9, 90.2, 16.8
1, 22/12/2018 15:19:24, 128601, 30.1, 30.8, 8.2, 1214, 533.1, 35.2, 0.7, 1, 163.3, 78.7, 26370.3, 118.9, 2.9, 31.7, 76.4, 15.5
1, 22/12/2018 15:39:24, 128602, 24.1, 25.4, 6.8, 317.3, 520.3, 30.7, 0.6, 0, 124.4, 65.1, 18527.2, 63, 2.3, 12.6, 71.7, 14.7
1, 22/12/2018 15:59:23, 128603, 26.9, 38.6, 7.2, 1273, 492.2, 26, 0.6, 0.1, 196.9, 98.8, 22017.9, 85.3, 3.8, 37.7, 66.8, 15.2
1, 22/12/2018 16:20:24, 128604, 30.4, 30.1, 8.6, 492.1, 531.5, 33, 0.7, 0, 187, 77, 20038.1, 57, 3.2, 26.2, 115.7, 7.3
1, 22/12/2018 16:39:24, 128605, 30.1, 27.2, 7.7, 1260.4, 541.2, 34.9, 0.7, 0, 183.8, 69.6, 22766.2, 75.1, 3.3, 27.8, 127, 2.7
1, 22/12/2018 16:59:23, 128606, 22.1, 18.7, 5.4, 562.9, 506.1, 23.2, 0.5, 0, 101.8, 47.8, 18332.2, 68, 3.1, 36.6, 57.8, 2.9
1, 22/12/2018 17:19:23, 128607, 16.2, 8.3, 4.1, 2138.3, 606.3, 19.7, 0.3, 0, 47.7, 21.4, 18621.1, 154.8, 2.7, 22.6, 44.4, 1.6
1, 22/12/2018 17:39:24, 128608, 11.9, 44.4, 2.8, 15.5, 580.7, 14, 0.3, 0, 269.4, 113.8, 18546, 48.6, 2, 6.3, 31.1, 0.9
1, 22/12/2018 18:00:24, 128609, 17.1, 10.7, 4.1, 1404.8, 572.8, 21.4, 0.4, 0.1, 83.5, 27.4, 18146.7, 123.3, 3.3, 35, 33.5, 3
1, 22/12/2018 18:20:23, 128610, 15.1, 7.6, 3.2, 1345.3, 505.8, 12.5, 0.3, 0.6, 74.9, 19.6, 18794.7, 139.2, 3.3, 36.8, 24.1, 1.1
1, 22/12/2018 18:39:23, 128611, 16.6, 8.5, 3.8, 1092.2, 466.9, 13.5, 0.3, 0.1, 82.2, 21.8, 21932.5, 118.6, 3, 26.5, 30.8, 1.4
1, 22/12/2018 18:59:23, 128612, 21.1, 14.4, 5.5, 405.3, 462.5, 23.1, 0.5, 0, 58.6, 37, 19315.4, 66.9, 3.2, 25.2, 55.3, 3.4
1, 22/12/2018 19:19:23, 128613, 19.3, 12.5, 4.1, 1404.7, 493.1, 14.1, 0.4, 0.1, 90.2, 31.9, 22315.1, 127.8, 3.2, 38.1, 28.3, 1.4
1, 22/12/2018 19:39:23, 128614, 13.2, 5.9, 2.9, 167.9, 509.7, 11.9, 0.3, 0, 41.1, 15, 18162.9, 44, 2.3, 14, 25.8, 0.7
1, 22/12/2018 19:59:23, 128615, 41.6, 52.3, 12, 2256.1, 479.1, 13.8, 0.9, 2.4, 289.4, 133.9, 28744.8, 154, 10.5, 225.8, 28.3, 14.4
1, 22/12/2018 20:19:23, 128616, 38.4, 43.3, 12.3, 1115.4, 409.1, 10.9, 0.9, 0.8, 198.3, 110.7, 20901.8, 63.1, 7.9, 179, 22.2, 15.8
1, 22/12/2018 20:39:22, 128617, 33.8, 47.9, 11, 1297.5, 413, 8.7, 0.9, 0.4, 265.9, 122.6, 24219.3, 50.9, 7.4, 167, 16.8, 15.3
1, 22/12/2018 20:59:23, 128618, 31.9, 41.9, 9.4, 1165.9, 392.1, 9.6, 0.8, 0, 211.1, 107.4, 20412.1, 66, 7.2, 139.1, 26.9, 16
1, 22/12/2018 21:19:23, 128619, 34.2, 34, 10.4, 1910.3, 531.5, 9.6, 0.8, 1.1, 123.4, 86.9, 24314.8, 69, 6.7, 146.3, 34.2, 12.9
1, 22/12/2018 21:39:23, 128620, 28.7, 27.3, 9.5, 779.6, 543.7, 10.4, 0.8, 0, 93.5, 70, 20212.4, 62, 5.5, 114.2, 38.9, 12.7
1, 22/12/2018 21:59:22, 128621, 29.8, 32.7, 9.4, 1211.9, 426.5, 11.5, 0.7, 0.3, 154.8, 83.6, 21643.3, 64, 5.9, 122.1, 45.3, 13.8
1, 22/12/2018 22:19:22, 128622, 24.9, 25.1, 8.6, 640.5, 388, 9.2, 0.8, 0, 99.8, 64.3, 20216.9, 50, 5.1, 103, 24.7, 13.5
1, 22/12/2018 22:39:22, 128623, 31, 29.9, 9.9, 1377, 411.7, 9.4, 0.8, 0, 96.5, 76.5, 21036, 53.2, 6.7, 131.6, 30.5, 13.8
1, 22/12/2018 22:59:22, 128624, 30.6, 36, 8, 755.9, 461.4, 18.1, 0.6, 0.6, 204.3, 92.2, 33287.1, 66.2, 6, 132.5, 34.9, 8.5
1, 22/12/2018 23:19:23, 128625, 40.3, 42.8, 11.3, 1309.2, 447.7, 18.1, 0.9, 0.1, 230.5, 109.6, 27204.6, 34.4, 6, 154.8, 88.2, 7.7
1, 22/12/2018 23:40:22, 128626, 23, 15.1, 6.8, 199.4, 482.3, 19.9, 0.6, 0, 76, 38.6, 19344.8, 43.9, 3.2, 44.6, 118.1, 3.6
2, 21/12/2018 23:59:42, 128555, 36.3, 39.5, 10.2, 285.5, 295.4, 32.8, 0.8, 0, 125.9, 101.2, 61024.5, 200, 7, 198.2, 127.4, 6.9
2, 22/12/2018 00:19:43, 128556, 38.4, 72.2, 10.8, 7366.6, 298.2, 43.9, 0.9, 8.4, 339.1, 184.8, 68122.3, 218.8, 14.2, 265.5, 135.8, 11.4
2, 22/12/2018 00:39:42, 128557, 45.8, 109.3, 11.8, 6784, 337.9, 23.9, 0.9, 14.2, 319.7, 279.9, 66499, 311.1, 24.9, 360.3, 98.7, 8.3
2, 22/12/2018 00:59:42, 128558, 56.7, 92.4, 15.4, 1979, 495.4, 34.6, 1.1, 12.1, 274.1, 236.4, 73852.9, 289.5, 19.8, 341.3, 120.8, 9.3
2, 22/12/2018 01:19:42, 128559, 49.3, 72, 12.1, 1195.9, 454.5, 27.7, 0.9, 8.8, 275.4, 184.3, 74123.8, 248, 15.8, 312.7, 103.2, 7.8
2, 22/12/2018 01:39:43, 128560, 39.8, 51.5, 9.9, 1417.3, 167.1, 22.8, 0.7, 5.4, 171.7, 131.8, 51689.9, 231.9, 13.5, 286.9, 64.3, 7.5
2, 22/12/2018 01:59:42, 128561, 42.7, 64.1, 9.4, 2380.1, 124.3, 17.8, 0.7, 9.8, 194.7, 164.1, 58952, 231.7, 16.8, 356.2, 35.6, 6.9
2, 22/12/2018 02:19:42, 128562, 48.2, 52.9, 12.4, 2368.7, 219.4, 26.7, 0.9, 3, 162.8, 135.4, 33524.7, 210.3, 12.9, 295.8, 92.6, 8.7
2, 22/12/2018 02:39:42, 128563, 42.5, 57.1, 11.9, 1458.3, 299.3, 37.4, 0.9, 0.7, 245.8, 146.2, 52515.9, 270.9, 10.8, 259.2, 176.1, 5.5
2, 22/12/2018 02:59:41, 128564, 40.2, 54.6, 11.1, 1406.5, 318.9, 30.5, 0.8, 0.4, 241.3, 139.7, 52921.6, 159.5, 10.7, 270.5, 143.7, 9.7
2, 22/12/2018 03:19:42, 128565, 23.9, 44.3, 7, 345.2, 143, 25.6, 0.6, 0, 160.7, 113.4, 51697.4, 177.9, 8.9, 228.6, 130.2, 24.5
2, 22/12/2018 03:39:41, 128566, 32.6, 47.1, 9, 4111.5, 186.6, 18.5, 0.7, 1.2, 190.4, 120.7, 49436.7, 340.9, 10.3, 271.1, 81.8, 5.4
2, 22/12/2018 03:59:42, 128567, 28.1, 31, 6.9, 797.2, 289.5, 8.6, 0.6, 0.4, 122.9, 79.2, 73871.3, 179, 8.7, 194.4, 40, 5.4
2, 22/12/2018 04:20:42, 128568, 31.3, 29, 6.8, 2160.2, 464.9, 12, 0.5, 2.3, 127.7, 74.2, 66133, 321.8, 9.7, 208.5, 29.9, 3.9
2, 22/12/2018 04:39:42, 128569, 33.6, 28, 7.9, 1113.8, 668.4, 17, 0.6, 0, 109.6, 71.6, 72281.7, 218, 7.8, 189.3, 91.4, 5.8
2, 22/12/2018 04:59:42, 128570, 35.4, 43.4, 8.5, 2422.5, 543.9, 13, 0.6, 1.5, 187.8, 111.1, 71654.3, 244.2, 9.6, 250.5, 31.3, 10.4
2, 22/12/2018 05:19:42, 128571, 30.3, 30.4, 7.3, 1079, 394.7, 11.5, 0.6, 0.1, 101.9, 77.8, 70182.4, 247.4, 6.8, 159.4, 53.8, 7.1
2, 22/12/2018 05:39:41, 128572, 34.8, 46.7, 8, 1791.4, 354, 10.6, 0.7, 7, 198.3, 119.4, 37325.7, 217.7, 8.6, 201.5, 37.9, 7.1
2, 22/12/2018 05:59:41, 128573, 31.7, 33, 6.9, 858, 211.2, 11.3, 0.6, 0.7, 114.8, 84.4, 58401.4, 178.5, 5.9, 146.9, 38.3, 7.6
2, 22/12/2018 06:19:41, 128574, 31.8, 38.3, 7.2, 2069.7, 167.4, 10, 0.5, 7.2, 150.1, 98, 51060.3, 214, 8.7, 220.6, 33.7, 6.9
2, 22/12/2018 06:39:41, 128575, 21.3, 31.3, 5.8, 1313.7, 113.9, 14.2, 0.5, 0, 204.6, 80.1, 28365.2, 232.4, 6.2, 155.7, 40.4, 5.9
2, 22/12/2018 06:59:41, 128576, 27.4, 30.8, 7.7, 7514.9, 185.7, 20, 0.6, 0.1, 130.1, 78.9, 22430.7, 174.9, 6.8, 178.2, 54.9, 7.2
2, 22/12/2018 07:19:41, 128577, 13.3, 16.4, 3.9, 323.9, 158.8, 16.9, 0.4, 0, 129.9, 42, 46430.2, 205.1, 3.9, 103, 57, 1.7
2, 22/12/2018 07:39:41, 128578, 24.7, 27.9, 6.1, 2119.2, 335.8, 17.5, 0.6, 0.7, 171.1, 71.4, 61881.6, 234, 6, 153.3, 49.1, 3.1
2, 22/12/2018 07:59:41, 128579, 26.2, 29.3, 6.3, 547, 354.1, 24.7, 0.5, 0.1, 131.6, 74.9, 29961.1, 180, 4.9, 114.1, 83.5, 4
2, 22/12/2018 08:19:40, 128580, 22.4, 23.9, 6, 23385, 150.6, 25.8, 0.5, 0.1, 127.9, 61.1, 12437.9, 274.2, 4.8, 101.5, 69.6, 3.9
2, 22/12/2018 08:39:40, 128581, 10.5, 11.2, 3.8, 30.8, 119.4, 24.6, 0.4, 0, 97, 28.7, 11861.4, 207.1, 2.2, 38.1, 60.3, 1.9
2, 22/12/2018 08:59:40, 128582, 19.9, 22.5, 5.9, 17560, 185.4, 31.2, 0.5, 0.1, 121.6, 57.5, 15971.8, 239.7, 4.1, 84.2, 76.2, 3.9
2, 22/12/2018 09:19:40, 128583, 15, 15.1, 5.1, 246.3, 167.1, 32.4, 0.5, 0, 119.3, 38.7, 11880.4, 235.8, 2.6, 51.1, 76.7, 2.3
2, 22/12/2018 09:39:40, 128584, 22.5, 18.8, 6.7, 2300, 230.2, 35.7, 0.6, 0, 90.6, 48.1, 12049.8, 294.8, 4, 86.9, 81.3, 3.3
2, 22/12/2018 09:59:40, 128585, 16.5, 13.5, 5.3, 1940.8, 189.8, 37.7, 0.5, 0, 70.4, 34.5, 17410.5, 229.8, 2.9, 60.5, 69.4, 2.9
2, 22/12/2018 10:19:40, 128586, 17.9, 27.1, 5.6, 524.2, 197.9, 37.8, 0.5, 0, 213.2, 69.3, 11753.1, 272.3, 2.9, 62.5, 64.6, 3
2, 22/12/2018 10:39:40, 128587, 21.9, 28.1, 6.5, 2206.2, 239.9, 39, 0.6, 0, 229.3, 71.9, 16730.2, 264.8, 4.4, 87.7, 66.5, 3.8
2, 22/12/2018 10:59:41, 128588, 17.7, 35.2, 4.7, 258.4, 343.5, 36.9, 0.4, 0, 205.6, 90.1, 18419.9, 205.9, 3.1, 58.1, 60.7, 3.9
2, 22/12/2018 11:19:40, 128589, 26, 24.9, 6.5, 1058.3, 548.5, 42, 0.6, 0, 226.2, 63.8, 18497.8, 280, 3.4, 65.5, 78.1, 3.4
2, 22/12/2018 11:39:40, 128590, 20, 17, 5.4, 41.8, 531.8, 40, 0.5, 0, 120.7, 43.5, 19007.9, 218.7, 2.1, 38.2, 66.8, 2.7
2, 22/12/2018 11:59:40, 128591, 28.1, 30.9, 7.4, 1484.6, 519.1, 39.4, 0.6, 0.1, 133.2, 79.2, 19499.8, 261.8, 5.1, 93, 74.8, 6.3
2, 22/12/2018 12:19:40, 128592, 22.6, 13.8, 5.7, 822.2, 538.7, 38.2, 0.5, 0, 47, 35.4, 18578.3, 206.6, 3.1, 55.9, 57.9, 2.7
2, 22/12/2018 12:39:40, 128593, 26.7, 22.3, 6.8, 1228.2, 534.6, 36.5, 0.6, 0.1, 138, 57.2, 23554.1, 251.4, 4.3, 91, 62.4, 3.5
2, 22/12/2018 12:59:40, 128594, 25.1, 22.5, 6.2, 317.6, 541.6, 35.4, 0.5, 0, 156.8, 57.7, 20378.6, 145.7, 3.4, 67.1, 74.9, 4.1
2, 22/12/2018 13:19:40, 128595, 30.6, 22.5, 7.9, 1776.3, 543.7, 41.5, 0.7, 0.3, 92.5, 57.7, 22524.3, 301.8, 3.9, 87.6, 88.4, 3.7
2, 22/12/2018 13:39:40, 128596, 23.8, 13.8, 6.4, 206.2, 525, 39.7, 0.6, 0, 51.8, 35.3, 18756.6, 219.4, 2.4, 49.5, 94.2, 2.9
2, 22/12/2018 13:59:40, 128597, 36.5, 26.9, 8.8, 1851.8, 610, 41.6, 0.7, 0.3, 121.9, 68.9, 33013.4, 191.4, 4.8, 112.7, 92.2, 4.5
2, 22/12/2018 14:19:39, 128598, 26.7, 25.5, 7.1, 369.6, 555.8, 41.6, 0.6, 0, 202.6, 65.3, 25079.7, 223, 4, 99, 101.1, 2.5
2, 22/12/2018 14:39:39, 128599, 22.3, 12.1, 6.3, 39.2, 571, 52, 0.6, 0, 43.5, 31, 24729.9, 224.1, 2.9, 66.1, 99.2, 2.3
2, 22/12/2018 14:59:40, 128600, 33.2, 24.7, 8.6, 1824.3, 603.2, 47, 0.7, 0, 83.7, 63.1, 30271.6, 170.1, 4.9, 103.1, 115.9, 5.1
2, 22/12/2018 15:19:39, 128601, 31.2, 20.1, 8, 1287.6, 552.2, 42.5, 0.6, 0, 94.6, 51.5, 31863.5, 212.6, 3.5, 65.3, 111.7, 2.4
2, 22/12/2018 15:39:39, 128602, 28.3, 22, 7.2, 771.7, 541.3, 34.1, 0.6, 0.2, 114.9, 56.3, 28980.4, 198, 4.4, 87.8, 87.7, 3.5
2, 22/12/2018 15:59:39, 128603, 24.8, 22.2, 6.4, 1416.3, 524.9, 34.7, 0.6, 0, 146.9, 56.8, 26336.8, 223.8, 3.4, 50.9, 99.3, 2.6
2, 22/12/2018 16:19:39, 128604, 22.8, 16, 6.2, 482.2, 500.6, 28.3, 0.5, 0, 76.1, 41.1, 18378, 217.7, 2.3, 38.3, 91.9, 2
2, 22/12/2018 16:39:39, 128605, 16.2, 11, 4, 1049, 453.3, 15.7, 0.4, 0.8, 98.6, 28.1, 26848.7, 287.2, 2.4, 35.4, 40.7, 1.2
2, 22/12/2018 16:59:39, 128606, 17.3, 12.1, 4.3, 548.4, 458.3, 13.9, 0.4, 0, 59.2, 30.9, 19373.1, 204.3, 2.6, 35, 40.6, 2.7
2, 22/12/2018 17:19:38, 128607, 19.1, 12.2, 4.3, 862.8, 564.7, 13.1, 0.4, 0.1, 70.8, 31.3, 24637.6, 237.8, 2.9, 46.2, 40.2, 2.5
2, 22/12/2018 17:39:39, 128608, 14.2, 40.9, 3, 349.1, 554.6, 10.2, 0.3, 0, 228.9, 104.8, 20685.1, 211.9, 2.4, 30.3, 29, 1.3
2, 22/12/2018 17:59:39, 128609, 19.7, 15.3, 4.4, 2023.4, 537.8, 11.2, 0.4, 0.1, 154.5, 39.1, 19541.4, 258.7, 2.9, 49.1, 34.7, 3
2, 22/12/2018 18:20:39, 128610, 17.7, 11, 4.1, 8557.9, 537.3, 8.3, 0.4, 0, 55.8, 28.1, 25280.9, 232.6, 3.2, 50.7, 23.1, 3.3
2, 22/12/2018 18:39:38, 128611, 18.6, 11.3, 3.9, 3444.4, 495.1, 9.1, 0.4, 0, 50.4, 28.9, 24550.8, 256.2, 4, 79.8, 33.8, 1.6
2, 22/12/2018 18:59:39, 128612, 14.2, 8.1, 3.3, 383.5, 388.2, 8.6, 0.3, 0, 37.7, 20.7, 18813.5, 170, 2.7, 55.8, 29, 2.4
2, 22/12/2018 19:19:39, 128613, 13.9, 7.9, 3.3, 1585.1, 445.6, 7.5, 0.3, 0, 60.6, 20.2, 19895.1, 237.5, 3.6, 72.6, 24.1, 1.7
2, 22/12/2018 19:39:38, 128614, 13.2, 6.8, 2.9, 179.1, 473.1, 9.1, 0.3, 0, 20.9, 17.5, 18929.4, 206.9, 2.9, 51.8, 35, 1.2
2, 22/12/2018 19:59:39, 128615, 31.9, 35.3, 8.4, 2246.1, 476.7, 25.3, 0.7, 0.4, 186.1, 90.3, 33197.4, 339.5, 6.6, 153.7, 63.4, 6.7
2, 22/12/2018 20:19:38, 128616, 23.9, 25.9, 6.9, 565.4, 484.8, 26.8, 0.6, 0, 157.4, 66.2, 25400.2, 196.3, 5, 116.6, 25.5, 6.5
2, 22/12/2018 20:39:38, 128617, 23.7, 31, 5.9, 2132.8, 426.4, 11.5, 0.5, 0.4, 183.1, 79.4, 21892, 364.3, 6.2, 135, 17.6, 5.5
2, 22/12/2018 20:59:38, 128618, 23.1, 25.9, 6.5, 499.3, 383.9, 9.5, 0.6, 0, 110.6, 66.3, 20169.6, 180.7, 5, 117, 45.9, 9.8
2, 22/12/2018 21:19:38, 128619, 30.1, 27.8, 9.1, 2242.1, 525.4, 13.2, 0.7, 0.6, 120.4, 71.1, 21158.3, 317.2, 5.6, 131.5, 80.7, 8.8
2, 22/12/2018 21:39:38, 128620, 28.8, 25.3, 8.8, 672.2, 489.9, 16.9, 0.7, 0, 73.2, 64.6, 21322.3, 203.3, 5.1, 118.4, 99.7, 8.3
2, 22/12/2018 21:59:38, 128621, 30.5, 30.8, 8.4, 2449.2, 443.6, 16.1, 0.7, 0.8, 126.5, 78.9, 26302.5, 298.6, 6.1, 142.6, 86.8, 7.8
2, 22/12/2018 22:19:38, 128622, 30, 26.4, 8.3, 1750.8, 406.7, 12.2, 0.6, 0, 84.7, 67.6, 22220.1, 215.5, 5.9, 142.7, 68.4, 7.7
2, 22/12/2018 22:39:38, 128623, 24.3, 21.5, 6.1, 2077.5, 453.1, 11.3, 0.5, 0.8, 112.7, 54.9, 20321.1, 328.6, 5.5, 142.1, 27.8, 5.8
2, 22/12/2018 22:59:38, 128624, 32.1, 37.2, 7.2, 2744.7, 664.3, 15.3, 0.6, 6.2, 170.2, 95.3, 32720.6, 267.8, 9.7, 182.6, 54.8, 4.3
2, 22/12/2018 23:19:37, 128625, 36.2, 39.1, 8.6, 1182.8, 694.4, 21.6, 0.7, 7, 116, 100.1, 31259.2, 249.7, 10.3, 187.9, 83.2, 4.7
2, 22/12/2018 23:39:37, 128626, 36.4, 34.3, 8.4, 1879.9, 718.7, 21.7, 0.7, 4.3, 103.6, 87.9, 40997.5, 212.4, 9.5, 172, 97.7, 4.4
3, 22/12/2018 00:00:01, 128555, 28.9, 40.9, 6.4, 29624.7, 97.4, 9.2, 0.4, 0.6, 199.5, 104.8, 35297.4, 409.9, 29.8, 510.4, 23.2, 7.5
3, 22/12/2018 00:20:00, 128556, 36.5, 68.8, 7.7, 28406.3, 66.3, 5.2, 0.5, 0, 241.5, 176.2, 28353.3, 1092.7, 50.9, 517.7, 22, 9.3
3, 22/12/2018 00:40:00, 128557, 53, 82.5, 10.6, 9646.1, 86.5, 2.3, 0.6, 0.1, 289.4, 211.2, 28078.7, 908.4, 56.4, 585.2, 18.9, 6.1
3, 22/12/2018 01:00:01, 128558, 43.7, 62.4, 9.2, 25141.9, 111.7, 0.7, 0.7, 2.1, 283.2, 159.8, 30165.5, 587.4, 42.8, 620.5, 19.2, 5.7
3, 22/12/2018 01:20:00, 128559, 33.7, 39.2, 7.8, 7120.7, 115.7, 0.3, 0.5, 2.4, 133.9, 100.5, 26650.3, 459.6, 30.8, 473.5, 16.5, 6.1
3, 22/12/2018 01:40:00, 128560, 25.5, 30.6, 6.7, 3802.3, 61.4, 0.1, 0.5, 0.4, 116.8, 78.4, 26430.7, 284.7, 25.7, 317.1, 25.9, 8.7
3, 22/12/2018 02:00:00, 128561, 45.3, 64.7, 10.1, 20680.8, 327.2, 1.2, 0.7, 7.3, 257.3, 165.5, 54838.6, 492, 29.9, 472, 18.3, 13.2
3, 22/12/2018 02:20:00, 128562, 31.3, 42, 7.9, 4174.3, 93.6, 8.7, 0.5, 0.8, 161.6, 107.5, 22799.5, 467.8, 28.4, 490.2, 24.4, 8
3, 22/12/2018 02:40:00, 128563, 18.9, 22.2, 4.8, 4452.8, 128.9, 2.7, 0.4, 0.2, 98.7, 56.9, 29318.5, 359, 25.1, 333.2, 21.3, 3.2
3, 22/12/2018 03:00:00, 128564, 47.6, 70.6, 8.5, 36754.5, 273.3, 4.4, 3, 17.7, 442.1, 180.8, 60245.3, 465.3, 32.8, 646.3, 9.7, 4.6
3, 22/12/2018 03:20:00, 128565, 38, 93.3, 8, 105079.4, 174.8, 13.2, 0.5, 12.4, 365, 238.8, 45981.7, 416.8, 34.1, 622, 10.7, 46.6
3, 22/12/2018 03:39:59, 128566, 34.2, 45.1, 7.6, 5701.7, 204, 8.3, 0.5, 7.6, 172.1, 115.6, 50614.7, 375.3, 28.8, 561.7, 8.2, 3.5
3, 22/12/2018 04:00:00, 128567, 45.2, 44.1, 9.1, 20979, 175.4, 8.5, 0.5, 2.4, 184.2, 112.8, 71662.2, 5208.4, 27.3, 597, 0.7, 5.3
3, 22/12/2018 04:19:59, 128568, 44.8, 40.1, 9.8, 14430.9, 507.2, 19.2, 0.6, 0.6, 164, 102.6, 79591.7, 5423, 28.5, 682.9, 0.9, 6.5
3, 22/12/2018 04:40:00, 128569, 38.1, 30.9, 7.7, 5950.9, 436.9, 17.4, 0.5, 0.1, 139.2, 79.1, 75430.2, 5320.7, 26.8, 631.3, 0.3, 4.4
3, 22/12/2018 05:00:00, 128570, 39.9, 39.4, 8.1, 31566.1, 518.2, 9.5, 0.5, 0.1, 150.5, 100.9, 84524.7, 2552.3, 24, 617.3, 0.5, 6.9
3, 22/12/2018 05:20:00, 128571, 44.8, 51.1, 9.1, 4063.8, 422.6, 25.2, 0.6, 1.1, 226.6, 130.9, 89638.2, 1012.9, 26, 640.5, 0.4, 5.3
3, 22/12/2018 05:39:59, 128572, 35.8, 39.9, 6.7, 6460.7, 487.7, 16.8, 0.4, 3.4, 193.8, 102.1, 27115.7, 7123.7, 24.5, 490.6, 0.2, 3.7
3, 22/12/2018 05:59:59, 128573, 33.7, 43.9, 6.6, 23515.4, 280.6, 6.6, 0.4, 13.5, 164.1, 112.3, 57897.2, 418.1, 26.2, 533.8, 0.3, 3.8
3, 22/12/2018 06:19:59, 128574, 24.6, 33.6, 5.5, 6116.3, 225.2, 0.9, 0.4, 9.9, 139.7, 85.9, 36210.1, 408.7, 24.8, 392.1, 0.9, 4.7
3, 22/12/2018 06:40:00, 128575, 22.1, 23.4, 6.1, 5866, 264.1, 3.7, 0.4, 0.6, 78.3, 60, 24932.9, 353.5, 21.3, 336.1, 1.8, 5
3, 22/12/2018 06:59:59, 128576, 48.7, 58, 9.7, 23379.1, 350.5, 2.6, 0.5, 8.1, 235.5, 148.5, 85952.1, 439.3, 24.2, 447.9, 3, 6.1
3, 22/12/2018 07:19:59, 128577, 37.7, 42.5, 6.5, 5554.1, 309.5, 2.8, 0.4, 4.2, 148.4, 108.8, 73146.3, 523.4, 23.5, 428.6, 2.5, 3.6
3, 22/12/2018 07:39:59, 128578, 60.2, 84.1, 11, 6393.3, 525.3, 16.1, 4.8, 14.9, 404.2, 215.3, 72122, 325.1, 35, 1131.7, 0.7, 5.6
3, 22/12/2018 07:59:59, 128579, 52.1, 72.1, 8.8, 30408.2, 366.6, 29.6, 0.6, 11.4, 242.2, 184.7, 67540.7, 442.3, 34.1, 1077.5, 0.3, 6.9
3, 22/12/2018 08:19:59, 128580, 37.1, 47.6, 7.5, 5974.1, 189.2, 9.4, 0.5, 5.3, 156.9, 121.9, 33985.4, 595.5, 28, 705, 0.5, 6.2
3, 22/12/2018 08:39:59, 128581, 34.3, 766.8, 6.9, 22173.9, 137.4, 10.2, 0.5, 10.3, 36846.3, 1963.1, 28881.8, 474.6, 28.5, 781.3, 0.5, 4.9
3, 22/12/2018 08:59:58, 128582, 55.4, 76.3, 10.8, 23931.9, 476.4, 12.5, 1.5, 12.5, 295.7, 195.3, 42916.1, 467.4, 29.2, 831.3, 0.3, 9.6
3, 22/12/2018 09:19:59, 128583, 53.7, 64.8, 10.3, 6080.3, 282, 32.3, 0.6, 9.5, 223.6, 165.8, 60162.4, 497.6, 29, 765.3, 0.3, 6.8
3, 22/12/2018 09:39:59, 128584, 41.4, 44.6, 8.1, 6318.9, 272.6, 42.2, 0.5, 1.5, 143.6, 114.1, 31513.2, 1183.6, 28, 767, 1.5, 6.5
3, 22/12/2018 09:59:58, 128585, 36.2, 39.3, 7.4, 23330.8, 263, 23, 0.5, 0.3, 137.9, 100.5, 37710.4, 1544, 22.6, 496.4, 1.9, 6.6
3, 22/12/2018 10:19:58, 128586, 32.7, 40.3, 6.7, 5397.6, 268.2, 42, 0.5, 0.2, 133.7, 103.2, 23730.6, 1650.7, 22.3, 421.2, 1.7, 6.1
3, 22/12/2018 10:39:58, 128587, 29.6, 34, 6.1, 5869.6, 122.8, 7.4, 0.4, 3.5, 113.9, 87, 54645.3, 1191.1, 20.8, 402.9, 1.4, 4.9
3, 22/12/2018 10:59:58, 128588, 61.9, 90.6, 10.2, 34846, 427.4, 4.6, 3.2, 18, 361.4, 231.9, 70305.6, 791.6, 29.8, 890.1, 0.6, 5.9
3, 22/12/2018 11:19:58, 128589, 53, 56.7, 8.3, 1454.6, 583.1, 9.9, 0.5, 7.9, 214.3, 145.1, 73169, 1068.5, 28.1, 804.8, 1.1, 4.6
3, 22/12/2018 11:39:58, 128590, 54.2, 50.7, 7.5, 2767.8, 489.9, 23.9, 0.5, 1.5, 179.4, 129.8, 62541.2, 841.5, 24.8, 688.8, 1.3, 4
3, 22/12/2018 11:59:57, 128591, 56.2, 58.9, 10.2, 17377, 579.1, 30.7, 1, 2.4, 245.6, 150.9, 54221.5, 852.9, 22.4, 696.2, 3, 5.3
3, 22/12/2018 12:19:58, 128592, 49.9, 45.8, 7.5, 3235.9, 567.5, 11.1, 0.4, 4.5, 171.8, 117.2, 83627, 1165.6, 21.5, 605.5, 1.6, 2.9
3, 22/12/2018 12:39:58, 128593, 53.3, 56.8, 7.8, 5145.6, 520.8, 20.8, 0.4, 13.8, 189.1, 145.4, 74329.8, 1257.7, 21.5, 563.4, 1.3, 2.9
3, 22/12/2018 12:59:58, 128594, 49, 54.4, 9.2, 22341.1, 556.1, 25, 0.6, 7.1, 234.3, 139.4, 33165.9, 907.9, 20.1, 536.1, 1.7, 5.3
3, 22/12/2018 13:20:07, 128595, 32.4, 29.2, 5.5, 6228.9, 431.8, 0.5, 0.4, 4.8, 125.9, 74.7, 58543, 1342.5, 18.4, 438.9, 1.8, 2.1
3, 22/12/2018 13:39:07, 128596, 35.8, 36.8, 6.4, 5439.8, 336.6, 1.3, 0.4, 6.9, 128.1, 94.3, 41230.1, 1657.6, 18.4, 404.2, 1.7, 3.1
3, 22/12/2018 13:59:07, 128597, 30.7, 29.7, 5.6, 22969.2, 373.6, 1.7, 0.4, 6.6, 130.3, 76, 43882.6, 696.4, 17.5, 397.8, 0.6, 4.3
3, 22/12/2018 14:19:08, 128598, 28.6, 32.1, 4.6, 5185.7, 392.4, 0.4, 0.3, 11.8, 108.5, 82.3, 30524.9, 1009.8, 17.9, 413.9, 0.9, 1.3
3, 22/12/2018 14:40:08, 128599, 28.2, 23.8, 5.1, 3246.6, 388.7, 0.8, 0.4, 3, 83.3, 60.8, 31684.1, 2057.7, 15.5, 302.7, 2.2, 3.5
3, 22/12/2018 15:00:08, 128600, 27.1, 32.6, 4.3, 20636.3, 367.3, 1.5, 0.3, 13.8, 129.2, 83.6, 48900.9, 417.2, 17, 353.4, 0.3, 2.5
3, 22/12/2018 15:20:07, 128601, 29.1, 34.2, 5.3, 1165.4, 394.4, 1.2, 0.4, 11, 154.8, 87.6, 44852, 417.7, 19.6, 377, 0.3, 2
3, 22/12/2018 15:39:08, 128602, 21.9, 17.9, 5, 3392.5, 423, 0.2, 0.4, 0.1, 103.8, 45.9, 22311.6, 376.5, 18, 332, 0.4, 2.6
3, 22/12/2018 16:00:07, 128603, 29.8, 34.7, 5.7, 22306.3, 359.6, 0.2, 0.4, 7.5, 162.2, 88.8, 36598.7, 415.7, 19, 484.1, 0.2, 4.2
3, 22/12/2018 16:20:07, 128604, 27, 28.9, 4.1, 2870.2, 408.2, 0.3, 0.3, 11.8, 96.2, 74.1, 33617.7, 481.7, 16.3, 343.5, 0.2, 1.2
3, 22/12/2018 16:40:07, 128605, 27.6, 33.8, 4.1, 4676.9, 417.5, 0.4, 0.3, 15.9, 138.9, 86.5, 38568.9, 288.4, 17.6, 428.8, 0.2, 1.2
3, 22/12/2018 16:59:07, 128606, 35.5, 740.9, 5.3, 19245.7, 522.7, 6.1, 0.4, 18.1, 37542.4, 1896.8, 24492.3, 346.5, 18.3, 482, 0.2, 2.1
3, 22/12/2018 17:20:06, 128607, 24.9, 20.5, 3.5, 2701.9, 475.4, 1.6, 0.3, 3.7, 66.8, 52.5, 20721.9, 417.4, 13.9, 300.8, 0.2, 1.8
3, 22/12/2018 17:40:07, 128608, 20.1, 26.4, 3.2, 4296.3, 406.1, 0.6, 0.2, 1.2, 157.2, 67.5, 22092.7, 325.8, 13.9, 280.9, 0.1, 1.2
3, 22/12/2018 18:00:07, 128609, 25.7, 30.1, 4.3, 21685.3, 378.6, 0.4, 0.3, 13.1, 118, 77.1, 42637.7, 370.9, 15.7, 308.8, 0.2, 2.3
3, 22/12/2018 18:20:07, 128610, 23.7, 28.7, 3.7, 3887.2, 408, 0.3, 0.3, 13.9, 94.2, 73.5, 44633.5, 376.7, 16.3, 314.3, 0.2, 1.1
3, 22/12/2018 18:39:07, 128611, 24.9, 23.7, 4.7, 5457, 406.1, 0.5, 0.3, 6.6, 77.3, 60.6, 26157.9, 311, 17.1, 328.4, 0.3, 2.1
3, 22/12/2018 18:59:06, 128612, 34.3, 28.6, 5.7, 21378.9, 501.9, 0.2, 0.4, 2.7, 160.1, 73.2, 25232.3, 373.9, 16.6, 362.1, 2.2, 3.3
3, 22/12/2018 19:20:01, 128613, 31.1, 23, 5.8, 4392.2, 557, 0.2, 0.4, 0.2, 118.2, 58.9, 25004.1, 330.8, 16.6, 374.8, 0.5, 3.8
3, 22/12/2018 19:40:02, 128614, 19.4, 11.6, 3.6, 2089.2, 383.7, 0.2, 0.3, 0, 39.3, 29.6, 21598.5, 289.6, 13.8, 307.5, 0.4, 2.6
3, 22/12/2018 20:00:02, 128615, 26.3, 21, 5.4, 26837.8, 423.1, 1.8, 0.4, 0, 96.8, 53.9, 21342.2, 396, 13.7, 290.5, 1.4, 5.3
3, 22/12/2018 20:20:01, 128616, 18.8, 15.2, 4, 3391, 403.7, 7.4, 0.3, 0, 101.7, 39, 18390.9, 401.9, 14.5, 358.4, 2.2, 2.6
3, 22/12/2018 20:40:01, 128617, 15.7, 7.7, 3.3, 2121.8, 352.8, 0, 0.3, 0, 24.9, 19.8, 17971.3, 301.4, 12.3, 208.7, 0.8, 2.4
3, 22/12/2018 21:00:01, 128618, 26.7, 20.8, 5.7, 19090.4, 461, 1, 0.4, 0.1, 126.2, 53.3, 18419.1, 397, 14.3, 287.1, 1.1, 5.9
3, 22/12/2018 21:20:01, 128619, 17.7, 10.6, 4, 2853.8, 547.5, 0.1, 0.3, 0, 77.1, 27.2, 18136.9, 371.5, 13.9, 255.8, 0.5, 2
3, 22/12/2018 21:40:01, 128620, 17.8, 9.7, 3.5, 5334.2, 463.7, 0.3, 0.3, 0, 52.9, 24.7, 19719.4, 292.2, 13.2, 265.6, 0.2, 1.5
3, 22/12/2018 22:00:00, 128621, 19.3, 11.8, 3.3, 14704.7, 401.1, 0.4, 0.2, 0, 55.2, 30.2, 19250.9, 421, 13.7, 264.7, 0.3, 1.4
3, 22/12/2018 22:20:01, 128622, 14.1, 6.2, 2.5, 2194.3, 412.1, 0.1, 0.2, 0, 43.9, 16, 18772, 417.9, 11, 180.7, 0.2, 0.9
3, 22/12/2018 22:40:01, 128623, 15.9, 7.3, 2.8, 4766.4, 395.8, 0.7, 0.2, 0, 44.1, 18.8, 18955.2, 355, 11.4, 185.1, 0.2, 0.9
3, 22/12/2018 23:00:00, 128624, 17.2, 8.7, 2.9, 14978.3, 387.6, 0.3, 0.3, 0, 59.4, 22.3, 18363.8, 479, 11.1, 189.2, 0.7, 1
3, 22/12/2018 23:20:00, 128625, 14.4, 5.5, 2.8, 2681.4, 362, 0.1, 0.2, 0, 25.2, 14.1, 19050.4, 337.7, 11.6, 189.5, 2.5, 0.9
3, 22/12/2018 23:40:00, 128626, 14, 5.4, 2.6, 1615.8, 369.8, 0.5, 0.2, 0, 24.5, 13.8, 19948.9, 342, 11.9, 192.8, 2.9, 1.1
4, 22/12/2018 00:00:03, 128555, 39.7, 135.9, 7.9, 15715.5, 225.2, 3.6, 0.5, 29.6, 407.9, 347.9, 67527.7, 254.2, 27.2, 742.4, 2.2, 6.8
4, 22/12/2018 00:19:04, 128556, 34.3, 133.7, 6.4, 7513.6, 75.6, 0.5, 0.5, 18.9, 432.8, 342.3, 87145.3, 145, 67, 780.7, 1.6, 7
4, 22/12/2018 00:40:04, 128557, 47, 142.7, 7.5, 5363.8, 97.6, 1.6, 0.5, 20.1, 457.7, 365.2, 94112.6, 155.9, 62.7, 849.9, 1.3, 3.8
4, 22/12/2018 01:00:03, 128558, 57.6, 138.2, 9.8, 15332.2, 278.9, 3.8, 0.8, 11.7, 439.8, 353.8, 88189.3, 152.9, 59.5, 890, 1.7, 5.1
4, 22/12/2018 01:20:03, 128559, 40.8, 105.6, 6.8, 6626.2, 134.7, 0.5, 0.5, 5.4, 368.4, 270.3, 57011.9, 113.9, 47.6, 691.4, 2, 4
4, 22/12/2018 01:39:04, 128560, 31.3, 99, 6.3, 3741.7, 143.1, 1.2, 0.5, 3.7, 294.3, 253.5, 35581, 138.9, 23.3, 538.5, 3.7, 4.2
4, 22/12/2018 02:00:03, 128561, 36.8, 98.3, 7.2, 21868.7, 123.9, 4.4, 0.5, 5.8, 378.3, 251.5, 43560.8, 194.5, 22.6, 664.9, 4, 5.8
4, 22/12/2018 02:20:03, 128562, 26.3, 81.6, 6.5, 2258.9, 840.6, 2.4, 0.5, 3.3, 245.9, 208.8, 39791, 133.9, 17.7, 536.2, 5.3, 4.9
4, 22/12/2018 02:40:03, 128563, 26, 90.3, 6, 1630.9, 634.6, 1.7, 0.4, 9.2, 279, 231.2, 39791.6, 113, 16.8, 523.6, 4.6, 4.7
4, 22/12/2018 03:00:03, 128564, 32.7, 118, 6.1, 56521.6, 59.6, 11.5, 0.4, 29.6, 398, 302.2, 48863.1, 233.8, 22.8, 689.4, 4.6, 5.4
4, 22/12/2018 03:20:03, 128565, 39.9, 132.1, 8, 99172.8, 89.4, 13, 0.6, 4.1, 507.6, 338.2, 44773.5, 177.9, 29.6, 799.8, 4.5, 45.7
4, 22/12/2018 03:40:02, 128566, 30, 94, 6.4, 5491.2, 78.1, 3.1, 0.5, 8, 277.4, 240.6, 50551, 167.9, 23.8, 765.3, 4.3, 4
4, 22/12/2018 04:00:03, 128567, 49.4, 98.1, 9.7, 21348.6, 252.6, 2.5, 0.7, 23, 336.7, 251.2, 88541, 222, 26.8, 692.6, 1.9, 5.7
4, 22/12/2018 04:20:12, 128568, 57.8, 118.8, 9.6, 5276.3, 353.3, 10.2, 1, 14.7, 394.9, 304.2, 96689.8, 311.5, 33.9, 805.2, 3.7, 3.3
4, 22/12/2018 04:40:13, 128569, 58.4, 115.4, 8.9, 4584, 344.1, 8, 0.6, 11.7, 337.6, 295.4, 82442.9, 114.8, 33.7, 812.6, 3.5, 3.2
4, 22/12/2018 04:59:12, 128570, 55.5, 106.5, 8.8, 15863.3, 350.1, 4, 0.6, 11, 365.7, 272.7, 89597.5, 164.8, 31.2, 777, 3.8, 3.8
4, 22/12/2018 05:19:13, 128571, 75.6, 140.4, 13.9, 5105.4, 381.8, 5, 3.5, 11.9, 464.2, 359.4, 98070.4, 117.3, 32.5, 948.8, 2.6, 8
4, 22/12/2018 05:40:12, 128572, 52.5, 116.7, 9, 1641.9, 334.6, 10.5, 0.7, 13.4, 357.6, 298.7, 60823.8, 57.9, 30.8, 891.2, 2.6, 4.3
4, 22/12/2018 05:59:12, 128573, 33.5, 106.1, 6.4, 12324.4, 145.9, 16.7, 0.5, 9.8, 311.9, 271.5, 67971.1, 163.9, 24.8, 733.4, 3.7, 5.3
4, 22/12/2018 06:20:12, 128574, 40.2, 93.6, 6.9, 3630.3, 362.3, 10.4, 0.5, 2.3, 298.2, 239.6, 73193, 77, 20.4, 726.2, 2.8, 5.9
4, 22/12/2018 06:40:12, 128575, 35.9, 97.1, 6.4, 890.4, 214.2, 9.2, 0.5, 2.4, 297, 248.6, 53089.9, 55.9, 19.1, 750.2, 2.7, 4.5
4, 22/12/2018 06:59:12, 128576, 38.5, 96.2, 7.3, 13916.2, 116.4, 14.9, 0.5, 3.6, 300.6, 246.3, 57732, 188, 21.2, 749.8, 2.1, 7
4, 22/12/2018 07:19:12, 128577, 37.8, 96.6, 7.9, 1097.9, 159.6, 16.1, 0.6, 1.4, 329.1, 247.2, 44930, 218.8, 23.3, 787.5, 2.5, 6.2
4, 22/12/2018 07:39:12, 128578, 65.3, 133.7, 15, 1720.5, 590.5, 28.3, 4, 6.6, 511.6, 342.4, 64331.8, 215, 28.5, 1215.4, 2, 8.8
4, 22/12/2018 08:00:12, 128579, 61, 123.3, 13.2, 27268, 452.6, 22.1, 1.3, 6.9, 439.1, 315.7, 47761, 260.2, 32.3, 1364.9, 2.5, 11.2
4, 22/12/2018 08:20:12, 128580, 42.3, 92.5, 8.7, 2173.3, 246.5, 24.2, 0.6, 0.5, 298.4, 236.9, 36420.4, 289.4, 31.4, 1189, 3.5, 6
4, 22/12/2018 08:39:11, 128581, 55.1, 111, 10.5, 2173.5, 238.5, 35.3, 1.2, 2.8, 389, 284, 41138.3, 202.7, 29.1, 1123, 3.6, 5.9
4, 22/12/2018 09:00:12, 128582, 49.5, 98.6, 9.5, 32722.3, 236.1, 21.5, 0.7, 0.6, 303.3, 252.4, 43189.6, 156.8, 25.6, 1038.2, 3.4, 6.2
4, 22/12/2018 09:19:12, 128583, 44, 88.3, 8.1, 1318.1, 307.9, 31.5, 0.5, 1.5, 303.5, 225.9, 46387.8, 135.3, 19.2, 830, 3, 4.6
4, 22/12/2018 09:39:12, 128584, 48.5, 104.1, 7.7, 3570, 187.9, 17.4, 0.6, 8.2, 332.7, 266.6, 71808.3, 151.7, 22, 912.8, 2.8, 2.9
4, 22/12/2018 10:00:11, 128585, 56.8, 126.9, 10.1, 13981.7, 399.5, 23, 1.5, 20.9, 456.2, 324.9, 49227.7, 138.5, 24.9, 1007.3, 1.9, 4.2
4, 22/12/2018 10:19:12, 128586, 36.3, 110.4, 5.7, 854.7, 237.5, 18.9, 0.4, 19.9, 316.2, 282.6, 41661.1, 7875.3, 20.7, 838.7, 2, 2.6
4, 22/12/2018 10:40:10, 128587, 32.9, 93.3, 4.6, 1979.7, 82.2, 3.3, 0.4, 4.8, 271.3, 238.8, 37600.1, 127.9, 16.6, 708.7, 2.2, 2.1
4, 22/12/2018 11:00:11, 128588, 64.4, 153.3, 9.4, 33018.8, 349.8, 17.4, 5.3, 19.8, 539.3, 392.6, 66182.8, 1990, 26.7, 1022.8, 1.6, 5.9
4, 22/12/2018 11:20:11, 128589, 59.7, 122.2, 7.5, 7602.7, 557, 13.9, 0.6, 16, 389.6, 312.8, 69193, 10574.1, 19.3, 745.3, 1.7, 3.1
4, 22/12/2018 11:39:11, 128590, 54, 138.6, 6.8, 5028.5, 638.5, 19.2, 1.2, 44.7, 391.3, 354.8, 62511.1, 7695.8, 22.6, 842, 1.6, 3.2
4, 22/12/2018 12:00:11, 128591, 48, 162.8, 6.3, 18869.2, 597, 5.3, 0.9, 57.2, 487.3, 416.9, 66425.2, 8298.4, 25.6, 944.6, 1.9, 3.2
4, 22/12/2018 12:20:11, 128592, 51.5, 132, 6.8, 5610.6, 582.8, 16.6, 1, 50.8, 444.2, 338, 70073.9, 8400.7, 23.2, 811.2, 1.3, 2
4, 22/12/2018 12:40:11, 128593, 45.1, 123.8, 5.7, 2994.5, 657.9, 14.2, 0.8, 45.5, 375, 317, 73862.2, 8448.7, 21.7, 888.1, 1.5, 1.4
4, 22/12/2018 12:59:11, 128594, 50.6, 147.9, 6.4, 12987.9, 584.3, 8.8, 2.1, 44.3, 450.2, 378.5, 74552.1, 8277.4, 21.2, 863.4, 2, 2.7
4, 22/12/2018 13:20:11, 128595, 50.4, 152.3, 6.6, 1684.2, 556.2, 19.6, 4, 43.8, 534.7, 389.9, 72850.4, 10235.4, 21.7, 849.8, 2, 2.2
4, 22/12/2018 13:39:11, 128596, 62.9, 146.6, 8.6, 3189.5, 700.1, 11.3, 2.3, 32.5, 432.4, 375.3, 78819.8, 9112.6, 19.4, 872.7, 1.8, 2.4
4, 22/12/2018 13:59:11, 128597, 57.9, 127.5, 8.2, 15033.6, 654.7, 10.4, 0.9, 11.8, 437.8, 326.3, 75114.1, 7884.6, 16.2, 728.9, 1.9, 3.7
4, 22/12/2018 14:19:10, 128598, 55.9, 117, 8.6, 2983.2, 680.8, 11.7, 2, 6.4, 440, 299.6, 75683.2, 9009.6, 17.8, 798.9, 2, 3.3
4, 22/12/2018 14:40:10, 128599, 38.4, 86, 5.6, 4325.4, 661.3, 10.2, 0.4, 0.1, 281.5, 220.1, 58850.4, 8673, 13, 640.4, 2, 2.8
4, 22/12/2018 15:00:10, 128600, 48.9, 85.4, 8.3, 14777.6, 887.2, 15.7, 0.5, 0.4, 299.8, 218.7, 43069.7, 9456.7, 13.4, 659.9, 1.6, 4.1
4, 22/12/2018 15:20:10, 128601, 35.4, 79.5, 6.8, 5471.3, 525.5, 4.2, 0.5, 0.6, 233.1, 203.6, 61600.2, 9035.4, 12.5, 562.4, 2.3, 4.6
4, 22/12/2018 15:39:10, 128602, 48.4, 99.7, 8.6, 3818.7, 575.4, 1.5, 0.6, 4.8, 334.8, 255.3, 43716, 10880, 16.2, 674, 1.7, 7.2
4, 22/12/2018 16:00:09, 128603, 50.7, 104.9, 9, 15964.7, 613.3, 5.1, 0.7, 0.3, 307.4, 268.5, 39312.2, 8543.4, 16.2, 720, 1.9, 7
4, 22/12/2018 16:20:20, 128604, 38.8, 93.8, 7.4, 6152.4, 490.9, 4, 0.5, 0, 267.5, 240.2, 46369, 12339.6, 13.1, 602.5, 2.3, 12.2
4, 22/12/2018 16:39:20, 128605, 34, 88.6, 6.7, 3596.2, 526.9, 4.2, 0.5, 0, 270.9, 226.8, 39421.3, 11949.6, 13.8, 673.9, 2, 14.8
4, 22/12/2018 16:59:20, 128606, 32.4, 80.6, 6.5, 17760.4, 508.6, 5, 0.5, 0.3, 278.7, 206.4, 37698.1, 13639, 12.7, 570.7, 2.1, 8.6
4, 22/12/2018 17:19:20, 128607, 37.3, 93.8, 6.4, 10726.3, 635.4, 5, 0.4, 3.5, 300.4, 240.1, 41295.4, 10066.8, 12.4, 582.9, 1.8, 8.4
4, 22/12/2018 17:39:19, 128608, 47.2, 100.9, 4.8, 2306.9, 574.7, 2.3, 0.4, 0.2, 323.7, 258.2, 34027.3, 10623.9, 11.5, 560.7, 1.5, 3.1
4, 22/12/2018 18:00:20, 128609, 55.3, 97.8, 7.3, 15468.1, 632, 4.2, 0.5, 1, 314.9, 250.3, 35414.7, 10104.2, 11.8, 574.2, 1.6, 4.1
4, 22/12/2018 18:20:19, 128610, 35.2, 35.1, 4.7, 4837.9, 548.5, 4.2, 0.4, 0.1, 244.7, 89.8, 34926.2, 12388.5, 10.4, 365.6, 0.7, 4
4, 22/12/2018 18:39:19, 128611, 32.9, 19.6, 4.1, 1833.7, 469.9, 3.2, 0.3, 0, 60.3, 50.1, 33388.8, 14565.1, 10.6, 354.9, 1.1, 2.6
4, 22/12/2018 18:59:19, 128612, 38.4, 27.5, 5, 19421.2, 485.6, 4.6, 0.3, 0.3, 98.1, 70.3, 47647.7, 17345.3, 12.4, 349.4, 1.2, 4.2
4, 22/12/2018 19:19:19, 128613, 33.5, 25, 4.7, 10738.8, 503.6, 3.7, 0.3, 0.5, 122.9, 63.9, 35986.6, 14127.4, 15.5, 296.9, 0.4, 3.9
4, 22/12/2018 19:39:19, 128614, 26.2, 15.8, 3.8, 6297.2, 605.5, 4.8, 0.3, 0, 82.4, 40.3, 27906.5, 14347.5, 14.5, 304.8, 0.4, 1.8
4, 22/12/2018 20:00:19, 128615, 27, 16.8, 4.3, 27306.1, 670.8, 5.7, 0.3, 0, 96.4, 43, 25594.8, 11480.5, 9.8, 222.3, 1.3, 2.7
4, 22/12/2018 20:19:19, 128616, 25.3, 17.6, 4.1, 3060, 592.3, 5.5, 0.3, 0, 113.9, 45.1, 25997.6, 13147, 10.6, 290.2, 1.6, 2.2
4, 22/12/2018 20:39:19, 128617, 20.6, 10.6, 2.8, 3614.5, 568, 0.3, 0.2, 0.1, 87.3, 27.2, 24725.5, 14275.4, 7.9, 169.8, 1.3, 1.1
4, 22/12/2018 20:59:18, 128618, 44.3, 36.8, 5.8, 24704.6, 438.3, 0.3, 0.4, 0.9, 123, 94.2, 47394, 12736.9, 12, 330.7, 2, 3.6
4, 22/12/2018 21:19:19, 128619, 36.1, 27.5, 6, 3166.1, 672.1, 2, 0.4, 0.1, 128.9, 70.4, 41341.6, 12003.9, 11.6, 354.9, 1.8, 2.1
4, 22/12/2018 21:39:19, 128620, 36.8, 26.6, 6, 2380.7, 702.1, 0.3, 0.4, 0, 98.5, 68, 25845.9, 17344.4, 10, 314.2, 1.5, 2.2
4, 22/12/2018 21:59:19, 128621, 41.1, 31.9, 6.4, 19930.6, 637.4, 1.3, 0.6, 0.8, 173.3, 81.7, 24201.5, 14719.9, 8.7, 251.9, 0.7, 2.8
4, 22/12/2018 22:19:18, 128622, 24, 13.6, 3.8, 3418, 585.8, 0.7, 0.3, 0, 59.1, 34.7, 26039.6, 17817.2, 9.1, 232.8, 1.4, 2.1
4, 22/12/2018 22:39:18, 128623, 21.2, 9.5, 3.1, 106.4, 623.1, 1.2, 0.2, 0, 31.1, 24.2, 25635.2, 14003.7, 8, 155.8, 1.5, 1.6
4, 22/12/2018 22:59:18, 128624, 28.6, 14.5, 4.1, 17916.5, 747.4, 1.6, 0.3, 0, 80.1, 37, 24786.8, 15097.9, 8.6, 189, 1.5, 1.9
4, 22/12/2018 23:20:18, 128625, 20.9, 5.3, 2.9, 2209.8, 648.4, 0.1, 0.2, 0, 21.1, 13.7, 25480.5, 13531.8, 7.4, 152.8, 1.4, 0.8
4, 22/12/2018 23:40:18, 128626, 20.6, 5.3, 2.6, 3489.1, 641.7, 0.1, 0.2, 0, 23.5, 13.6, 31993.4, 15266.6, 7.1, 144.7, 1.4, 1
