HOST, TIME, SNAP_ID, SYS_CPU, SYS_DBTIME, SYS_SYSPCT, SYS_READ, SYS_WRITE, SYS_REDO, SYS_OSWAIT, SYS_RMWAIT, SYS_ACTSESS_MAX, SYS_ACTSESS_AVG, SYS_PGA, SYS_PXRUNS, SYS_PXQCT, SYS_PXSRVT, SYS_UCALLS, SYS_IOWAIT
1, 19/12/2018 23:59:37, 128411, 44.3, 66.5, 13.6, 767.8, 273, 60.4, 1, 0.1, 232.9, 170.2, 24921.3, 244.1, 10, 224.6, 114.3, 10.9
1, 20/12/2018 00:19:38, 128412, 48.1, 84, 14.1, 3999.2, 261.9, 57.8, 1, 9.1, 341.5, 215, 27090.4, 204.3, 14.9, 290.5, 124.5, 17.1
1, 20/12/2018 00:39:37, 128413, 53.7, 91.1, 14.2, 9755.8, 238.2, 49.7, 1.2, 20.5, 326.4, 233.1, 20218.1, 53, 21.7, 347.7, 107.6, 8.9
1, 20/12/2018 00:59:37, 128414, 34, 74.6, 10, 1771.8, 187.2, 42.4, 0.8, 0.7, 384.8, 191, 18999.2, 616, 10.4, 199.5, 90, 9.6
1, 20/12/2018 01:20:37, 128415, 47.7, 94.1, 13.7, 2654.3, 221.6, 36.7, 1, 1, 314.1, 240.9, 25568.1, 447.2, 22.6, 389.7, 76, 20.7
1, 20/12/2018 01:39:37, 128416, 37.6, 69.4, 11.6, 3443.7, 162, 32.3, 0.9, 0, 224.9, 177.7, 24424.6, 520.1, 16.3, 302.1, 75.6, 26.2
1, 20/12/2018 01:59:37, 128417, 30.3, 61.8, 9.6, 559.1, 185.6, 40.1, 0.8, 0, 254.5, 158.3, 19629.4, 536.1, 13.9, 229.8, 82.1, 18.2
1, 20/12/2018 02:19:37, 128418, 42.7, 66.7, 11.7, 4867.2, 151.1, 33.4, 0.8, 5.8, 239.4, 170.8, 31780.9, 652.4, 17.9, 288.2, 84.4, 12.9
1, 20/12/2018 02:39:37, 128419, 67.4, 95.2, 15.1, 4903.7, 123.1, 21.7, 2.2, 8.5, 299.5, 243.8, 32899.9, 322.5, 23.2, 391.1, 82, 11.2
1, 20/12/2018 02:59:37, 128420, 63.7, 102.4, 14.2, 5975.1, 139, 19.1, 1.1, 9.3, 317.9, 262.1, 29370.6, 99.1, 24.3, 445.3, 40.4, 16.9
1, 20/12/2018 03:19:37, 128421, 38.2, 84.1, 9.8, 1870.1, 112.5, 18.7, 0.7, 2.4, 330.6, 215.3, 25604.2, 53.4, 17.5, 310.7, 41.9, 35.7
1, 20/12/2018 03:39:36, 128422, 52.1, 87.5, 12.2, 3307.9, 175.6, 24.9, 1.5, 0.2, 325, 224, 33572.3, 96.6, 19, 322.6, 38.4, 34.8
1, 20/12/2018 03:59:36, 128423, 33.6, 59.4, 9.7, 866.8, 222, 32.1, 0.7, 0.1, 202.5, 152.2, 49566.9, 3614.2, 12.1, 229.9, 52, 9.3
1, 20/12/2018 04:19:36, 128424, 36.3, 50, 10.3, 538, 458.1, 36.1, 0.8, 0, 182.3, 128.1, 39517.9, 4763.2, 10.4, 211, 47.2, 7.1
1, 20/12/2018 04:39:36, 128425, 22.6, 33.1, 6.8, 251.2, 470.8, 30.3, 0.6, 0, 131.8, 84.7, 38506.3, 4990.5, 8, 172.6, 26.7, 6.3
1, 20/12/2018 04:59:37, 128426, 26, 63.8, 7.8, 1260.4, 392.4, 29.5, 0.7, 0, 303.4, 163.3, 41519.9, 3453.6, 8.7, 185.8, 32.1, 9.2
1, 20/12/2018 05:19:36, 128427, 39.8, 71, 13.3, 682.2, 231.1, 40.9, 1, 0, 276.1, 181.9, 42351.6, 2494.5, 8, 180.7, 66.8, 25.2
1, 20/12/2018 05:39:37, 128428, 45.2, 60.6, 15.2, 950.1, 237.4, 40.5, 1.1, 0, 211.5, 155.1, 38449.1, 976.9, 8.6, 204.4, 69.4, 16.1
1, 20/12/2018 05:59:36, 128429, 54.7, 87.6, 16.2, 1907.2, 312.2, 50.8, 1.2, 0.1, 361, 224.2, 25643.7, 7453.9, 9.5, 238.4, 83.3, 19.7
1, 20/12/2018 06:19:36, 128430, 70, 87.3, 20.6, 906.4, 342.8, 55.6, 1.5, 0.1, 311.4, 223.5, 17969.4, 45.2, 10.3, 230.9, 107.7, 16.5
1, 20/12/2018 06:39:36, 128431, 46.2, 68, 14.3, 443.7, 343, 62.8, 1.1, 0, 258.6, 174, 13277.6, 56, 7.1, 156.4, 120.5, 16.5
1, 20/12/2018 06:59:36, 128432, 43.9, 72.7, 13.4, 216.6, 295.2, 56.8, 1.1, 0, 247.2, 186.2, 13890.6, 59.8, 5.4, 104.5, 129.2, 15.4
1, 20/12/2018 07:19:36, 128433, 52.8, 82.5, 16.6, 649.9, 308.3, 53.4, 1.3, 0.3, 294, 211.1, 16235.4, 74, 7.1, 121.5, 115.2, 19.7
1, 20/12/2018 07:39:36, 128434, 70.4, 91.2, 21.5, 1397.6, 372.6, 67.9, 1.6, 0.3, 296.8, 233.4, 14050.3, 125.1, 8.1, 146.3, 126.9, 23
1, 20/12/2018 07:59:35, 128435, 66.3, 93.4, 19.4, 771.6, 408.3, 80.7, 1.4, 0, 297.9, 239.2, 14961.1, 75, 7.2, 119.7, 147.8, 21.4
1, 20/12/2018 08:19:36, 128436, 64.6, 83.3, 19.4, 383, 400.3, 78.6, 1.5, 0, 323.4, 213.3, 12218.6, 59.1, 6.1, 104.9, 147.3, 20
1, 20/12/2018 08:39:35, 128437, 67.7, 102.7, 20.2, 1396.8, 423.7, 82.5, 1.8, 0, 353.3, 262.8, 15165.1, 104, 5.8, 111.1, 155.1, 16.5
1, 20/12/2018 08:59:36, 128438, 65.1, 100.9, 20.1, 806.3, 403.5, 69.9, 1.6, 0, 318.7, 258.4, 18961.5, 49, 6.1, 158.5, 147.2, 19.1
1, 20/12/2018 09:19:35, 128439, 67.9, 91.1, 19.8, 631.7, 428, 68.3, 1.6, 0, 327.4, 233.2, 18934.4, 36.9, 5, 123.1, 152.3, 17.3
1, 20/12/2018 09:39:35, 128440, 58.5, 88.6, 17.8, 431, 412.3, 63.7, 1.4, 0, 325.3, 226.7, 14784.5, 53.9, 4.1, 92.8, 146.1, 18.1
1, 20/12/2018 09:59:35, 128441, 60.5, 77.5, 18.4, 386.8, 429.9, 66.9, 1.4, 0, 278.9, 198.3, 16163.9, 71, 4.1, 92.6, 153.1, 21.3
1, 20/12/2018 10:19:35, 128442, 57.3, 80.4, 16.6, 600, 389.8, 71.6, 1.3, 0, 319.4, 205.8, 35142.5, 71.9, 4.5, 101.5, 151.1, 20.4
1, 20/12/2018 10:39:36, 128443, 46.5, 61.8, 13, 280.9, 340.5, 66.4, 1, 0, 277.7, 158.2, 37077, 73.9, 3.6, 73.6, 166.1, 18.7
1, 20/12/2018 10:59:36, 128444, 41.4, 75.9, 11.6, 1559.1, 301.6, 67.3, 0.9, 0.1, 301.3, 194.4, 39435.1, 432.4, 5.4, 114.9, 145.3, 22.1
1, 20/12/2018 11:19:35, 128445, 36.8, 58.7, 11.6, 521.7, 300, 60, 1, 0, 306.3, 150.2, 25369.2, 227.4, 3.4, 69.8, 160.1, 12.1
1, 20/12/2018 11:40:35, 128446, 36.9, 44.1, 11.7, 320.6, 316.9, 67.3, 1, 0, 233.6, 112.8, 11610.5, 455.4, 3.3, 65.9, 197.6, 4.7
1, 20/12/2018 11:59:35, 128447, 45.9, 61.1, 12.9, 1259.9, 344.8, 65.3, 1.2, 1.5, 334.6, 156.3, 20166.9, 180.9, 5.1, 111.9, 177.5, 5.6
1, 20/12/2018 12:20:35, 128448, 44.1, 55.3, 13.5, 792.2, 399.6, 69.7, 1.1, 0, 265.3, 141.5, 18291.7, 93.5, 4.1, 85.6, 192.8, 5.5
1, 20/12/2018 12:39:35, 128449, 40.8, 41.9, 13.2, 302.6, 390, 72.9, 1.1, 0, 146.1, 107.3, 17712.6, 101.9, 5.2, 84.1, 204.6, 6.3
1, 20/12/2018 12:59:35, 128450, 43.5, 53.7, 13.4, 1508.1, 372.3, 70.4, 1.1, 0.1, 204, 137.4, 19612.8, 99.9, 6.4, 98.9, 191.6, 6.6
1, 20/12/2018 13:19:35, 128451, 59.1, 60.1, 17, 1061.8, 429, 72.2, 1.3, 0.1, 205.6, 153.8, 23911.7, 80, 7.8, 132.3, 189.8, 7.2
1, 20/12/2018 13:39:35, 128452, 54.6, 54.2, 15.1, 322.5, 415.9, 71.5, 1.2, 0, 163.5, 138.9, 13507.5, 41.9, 6.4, 96.7, 194, 5.4
1, 20/12/2018 14:00:34, 128453, 45.7, 45.8, 13, 442.8, 331.7, 70.3, 1.1, 0, 205.1, 117.1, 17550.3, 74.8, 4.8, 53.6, 210.6, 5.9
1, 20/12/2018 14:19:35, 128454, 39.8, 43.7, 11.1, 91.7, 304.1, 64.9, 0.9, 0, 227.2, 111.8, 11084.2, 52.2, 3.2, 40.7, 195.4, 3.9
1, 20/12/2018 14:39:34, 128455, 37.5, 44, 10.6, 170.6, 294.8, 63.2, 0.9, 0, 208.2, 112.7, 15658.1, 90.1, 4.1, 46.5, 176.3, 3.8
1, 20/12/2018 14:59:34, 128456, 38.3, 45.1, 10.5, 1439.1, 306.8, 64.7, 0.9, 0.3, 241.5, 115.4, 14097.1, 60.1, 5.1, 68.4, 158.9, 5.3
1, 20/12/2018 15:19:34, 128457, 30.6, 51.5, 8.8, 460.6, 250.4, 55.3, 0.8, 0, 261.8, 132, 12663.7, 131, 4.6, 57.4, 140.5, 3.7
1, 20/12/2018 15:39:34, 128458, 38, 52, 10.8, 572.9, 311.8, 61.8, 0.9, 0, 258.7, 133.2, 14935, 110.9, 4.3, 68.5, 162.2, 10.3
1, 20/12/2018 15:59:34, 128459, 38.8, 58.6, 11.3, 481.3, 308.8, 67.5, 0.9, 0, 292.7, 150, 11184.3, 131.3, 3.8, 51.5, 165.1, 17.5
1, 20/12/2018 16:20:34, 128460, 42.9, 48.6, 12.1, 799.1, 305.2, 67.3, 1, 0, 287.6, 124.4, 12937, 95.7, 3.8, 61, 178.8, 4.6
1, 20/12/2018 16:39:33, 128461, 41.4, 47.5, 12, 1095.7, 315.8, 68.7, 1, 0, 218.2, 121.5, 12167.5, 82.9, 3.7, 61.2, 191.2, 5.7
1, 20/12/2018 16:59:34, 128462, 47.2, 50.8, 12.3, 4553.7, 327.9, 62.4, 1.4, 0.2, 377.1, 130.1, 27995.3, 274.8, 7.7, 114.6, 148.1, 7.9
1, 20/12/2018 17:19:34, 128463, 61.7, 89.2, 14.4, 2860.7, 284.9, 54.1, 1.4, 0, 367.9, 228.3, 24979.5, 435.4, 9.6, 171.7, 130.8, 5.4
1, 20/12/2018 17:39:34, 128464, 65.4, 75.9, 15.4, 4518.4, 329.4, 60.7, 1.3, 0.1, 432, 194.3, 42277.5, 204.7, 10.5, 167.9, 132.2, 5.6
1, 20/12/2018 17:59:34, 128465, 84.6, 116.2, 18.8, 3367.3, 316.8, 56.6, 7.4, 3.3, 435.7, 297.4, 41833, 378.6, 23.9, 378.5, 126.9, 32.6
1, 20/12/2018 18:19:33, 128466, 83.4, 92.1, 18.1, 6256.7, 304.4, 55.9, 8, 1.8, 309.2, 235.9, 37833.3, 372.1, 23.7, 383.7, 123.7, 16.3
1, 20/12/2018 18:39:34, 128467, 83, 96.8, 19.9, 3747.2, 346.8, 53.2, 10.7, 2.1, 318.8, 247.7, 31570.7, 243.9, 19, 325, 114.4, 15.6
1, 20/12/2018 18:59:33, 128468, 62.9, 76.4, 17.5, 2569, 427.8, 58.7, 1.3, 0, 280.3, 195.5, 14249.7, 385.9, 11.3, 169.9, 119.1, 20.7
1, 20/12/2018 19:19:33, 128469, 50.5, 66.7, 14, 4551, 465.2, 54, 1.1, 0.1, 335, 170.8, 16966.9, 335.1, 9.6, 161.9, 104.4, 8
1, 20/12/2018 19:39:33, 128470, 34, 34.2, 9.6, 960, 305.4, 54.4, 0.8, 0, 141.8, 87.7, 12102.9, 164, 6.5, 75.4, 112.2, 3.9
1, 20/12/2018 19:59:33, 128471, 40.9, 78, 10.5, 2723.4, 322.9, 48.6, 0.8, 0, 348, 199.7, 21600.4, 204.3, 10.3, 179.8, 78.9, 6
1, 20/12/2018 20:19:33, 128472, 44.1, 77, 11.9, 1644, 456.1, 39.8, 0.8, 0, 343.1, 197, 39417.2, 186.2, 13.3, 280.2, 61.2, 8
1, 20/12/2018 20:39:33, 128473, 48.3, 71.2, 11.2, 1941.4, 555.4, 40.8, 0.8, 4.7, 345.5, 182.2, 74657.8, 179, 11.8, 267.1, 60.5, 5.1
1, 20/12/2018 20:59:33, 128474, 55.7, 68.4, 11.1, 1714, 379.5, 38.5, 0.7, 0.1, 268.9, 175.1, 39630.3, 100, 13, 289.6, 54.8, 11.9
1, 20/12/2018 21:19:33, 128475, 62.4, 78.2, 13, 2390.8, 461.1, 38, 0.8, 1.6, 319.5, 200.3, 45076.5, 186.9, 14.9, 325.5, 47.5, 5.6
1, 20/12/2018 21:39:33, 128476, 54.7, 56.7, 11.5, 1678.8, 433.9, 43, 0.8, 0, 239.7, 145.2, 42347.4, 227, 11.8, 250.6, 56.1, 4.9
1, 20/12/2018 21:59:33, 128477, 43.9, 47.2, 8.4, 764.1, 413.8, 43.9, 0.6, 0, 163.1, 120.9, 29509.4, 52, 9.7, 187, 60.7, 3.3
1, 20/12/2018 22:19:33, 128478, 34.8, 41.5, 7.4, 997, 326.1, 44.2, 0.6, 1, 221.3, 106.4, 44822.7, 98.3, 8.7, 179.1, 52.5, 2.8
1, 20/12/2018 22:39:32, 128479, 34, 36.2, 8.4, 1472.4, 317.7, 49.7, 0.6, 0.5, 282.3, 92.7, 26674.2, 188.8, 7.8, 158.3, 66.5, 3.7
1, 20/12/2018 22:59:33, 128480, 44.5, 54.7, 11.5, 1303.1, 273.3, 49.2, 0.8, 0.2, 227.9, 140.1, 26764.8, 279.9, 8.8, 185.4, 74.9, 7.8
1, 20/12/2018 23:19:32, 128481, 40.2, 58.8, 11.9, 2567.9, 242.1, 44.8, 0.9, 0.7, 273.6, 150.6, 30548, 250.4, 9.5, 244.1, 56.4, 8.7
1, 20/12/2018 23:39:32, 128482, 40, 43.5, 12.2, 1385.3, 251.6, 50.4, 0.9, 0, 142.4, 111.4, 27476.9, 61.1, 8, 210.6, 72.9, 8.8
2, 19/12/2018 23:59:52, 128411, 62.2, 83.3, 13.2, 3161.7, 415.3, 41.8, 0.9, 5.3, 311.6, 213.3, 73952.3, 136.4, 12.8, 274.2, 123.6, 9.5
2, 20/12/2018 00:19:52, 128412, 43.2, 76.7, 11.6, 12288.2, 355, 45.9, 0.8, 7.4, 344.9, 196.3, 70913.1, 127.1, 15.4, 263.5, 156.3, 24.6
2, 20/12/2018 00:39:52, 128413, 47.2, 104.3, 11.9, 2386, 270, 36.3, 0.9, 27.8, 347.2, 266.9, 57692, 56.9, 25.7, 346.3, 92, 15.1
2, 20/12/2018 00:59:52, 128414, 44.3, 93.8, 11.2, 1146.6, 346.3, 49.4, 0.8, 11.3, 387.3, 240.1, 74313.6, 58.1, 18.6, 260.2, 112.7, 9
2, 20/12/2018 01:20:52, 128415, 43.8, 69.3, 10.9, 1647.6, 348.7, 34.9, 0.8, 1.3, 253.6, 177.3, 58313.1, 229.5, 14.9, 241.9, 139.4, 10.1
2, 20/12/2018 01:39:52, 128416, 46.5, 62.7, 11.4, 28193, 494.3, 28.2, 0.9, 0.4, 249.5, 160.5, 74834, 156.8, 17.2, 293.2, 138.7, 16.7
2, 20/12/2018 01:59:52, 128417, 61.2, 69.2, 12.5, 14798.4, 335.1, 32.2, 0.9, 0.1, 286.8, 177, 73302.8, 84, 14.2, 251.1, 160, 8.7
2, 20/12/2018 02:19:52, 128418, 69.4, 84.4, 15, 74129, 374.8, 35.7, 2.5, 2.8, 570.6, 216.1, 67522.3, 248.3, 20.6, 362.8, 195.8, 6.7
2, 20/12/2018 02:39:51, 128419, 59.5, 72.6, 14.1, 36557.3, 397.4, 38.3, 1.2, 2.7, 254.6, 185.9, 43435.7, 156.7, 17.8, 293.9, 223.4, 5.1
2, 20/12/2018 02:59:51, 128420, 59.5, 74.6, 14.7, 3380.2, 344.2, 40.6, 1.2, 3.8, 330, 191.1, 55175.5, 225.8, 16.8, 259.5, 222.3, 7.7
2, 20/12/2018 03:19:52, 128421, 39.8, 62.5, 10.7, 979.9, 288, 33.6, 0.8, 2.2, 222.7, 159.9, 55108.1, 70, 15.8, 228.4, 175, 20.9
2, 20/12/2018 03:39:51, 128422, 39.4, 50.9, 9.3, 850.8, 219.1, 28.8, 0.7, 0.9, 175.3, 130.3, 51272.1, 99.9, 15.1, 204.3, 135.9, 17.2
2, 20/12/2018 03:59:52, 128423, 35.5, 51.9, 8.6, 2217.7, 119.8, 21.5, 0.6, 1.3, 231.5, 132.9, 57593.7, 168.6, 13.3, 178.2, 107, 9.1
2, 20/12/2018 04:19:51, 128424, 29.4, 31.4, 7.5, 1310.4, 401.4, 20.9, 0.6, 0, 109.9, 80.3, 63920, 170.1, 11.7, 184.2, 86.2, 6
2, 20/12/2018 04:39:51, 128425, 21.5, 18.9, 5.2, 574.3, 424.3, 19.6, 0.5, 0, 95.1, 48.4, 50071.4, 73.8, 7.5, 129.3, 63, 3.7
2, 20/12/2018 04:59:51, 128426, 23.8, 45, 6.4, 1317.1, 301.2, 21.6, 0.5, 1.3, 193.2, 115.3, 52631.3, 131.1, 8.2, 156.9, 87.4, 2.9
2, 20/12/2018 05:19:51, 128427, 16.5, 29, 5.2, 610.3, 120.7, 24, 0.5, 0, 192.1, 74.3, 51197.6, 77, 6, 115.8, 79.1, 5.6
2, 20/12/2018 05:39:51, 128428, 16.1, 19.4, 4.9, 799, 147.6, 24.5, 0.4, 0, 117.3, 49.7, 50183.9, 116.8, 5.4, 107.9, 78.6, 2.3
2, 20/12/2018 05:59:51, 128429, 53.4, 76.5, 10.9, 3356.4, 452.6, 25.6, 2, 1.9, 328.9, 195.7, 94060.8, 180, 12.4, 299.7, 79.9, 6.5
2, 20/12/2018 06:19:51, 128430, 63.7, 65.7, 11.1, 1340.4, 336.7, 24.1, 0.7, 0.4, 259.3, 168.1, 84978.1, 67.9, 12.5, 314.9, 75.9, 5.4
2, 20/12/2018 06:39:50, 128431, 60.7, 59.3, 10.3, 823.3, 288.5, 27.1, 0.7, 0.1, 189.4, 151.7, 89952.6, 44, 11.3, 286.2, 80.5, 5.3
2, 20/12/2018 06:59:50, 128432, 69.7, 77.4, 11.5, 7168.9, 447.2, 31.1, 0.9, 0.3, 343.5, 198.2, 73174.6, 49.1, 12.4, 319, 93.1, 4.1
2, 20/12/2018 07:19:50, 128433, 56.3, 67.1, 11.3, 831.2, 501.2, 35.8, 0.8, 0.1, 260.2, 171.7, 59934.4, 47.9, 12, 314.7, 106.8, 5.2
2, 20/12/2018 07:39:51, 128434, 39.1, 44, 10, 2190.8, 279.6, 37.1, 0.8, 0, 150.9, 112.7, 50803.5, 80, 10, 234.4, 105.9, 6
2, 20/12/2018 07:59:50, 128435, 56.3, 69.1, 13.1, 17057.2, 382.6, 46.1, 0.9, 0, 276, 176.9, 56431.7, 56.1, 12.5, 283.1, 142.9, 8.7
2, 20/12/2018 08:19:50, 128436, 52, 60.1, 12.7, 22746.4, 352.2, 50.6, 1, 0, 333.3, 153.9, 44078.6, 51, 9.8, 251.7, 154.9, 7.5
2, 20/12/2018 08:39:51, 128437, 53.6, 77.6, 13.6, 1695, 260.6, 51.9, 0.9, 0, 329.3, 198.7, 46978, 100, 8, 249.6, 145.9, 6.9
2, 20/12/2018 08:59:50, 128438, 46.7, 64.5, 12.8, 904.4, 281.3, 57.9, 1, 0, 289.9, 165.2, 48254.3, 66, 7.4, 231.7, 164.1, 8
2, 20/12/2018 09:19:50, 128439, 44, 57, 12.6, 533.9, 291.3, 58.7, 1, 0, 277.4, 146, 37700, 47.1, 6, 162.1, 177.4, 7.7
2, 20/12/2018 09:39:50, 128440, 36.4, 54.1, 10.4, 150.6, 314.5, 64.9, 0.8, 0, 257.6, 138.5, 36396, 33.9, 5.3, 126.7, 196.3, 4.8
2, 20/12/2018 09:59:50, 128441, 34.7, 39.9, 11, 156, 320.8, 66.4, 0.9, 0, 205.5, 102.1, 24338.1, 66.9, 4.1, 102.2, 207.7, 6.3
2, 20/12/2018 10:19:50, 128442, 36.8, 46.5, 10.6, 351.9, 352, 65.4, 0.9, 0, 254.8, 119, 30518.8, 65.1, 4, 98.1, 189.9, 6.3
2, 20/12/2018 10:39:49, 128443, 36.3, 38.1, 11, 322.1, 302.6, 66.9, 0.9, 0, 178.3, 97.6, 25467.5, 58.7, 4.1, 94.8, 199.9, 5.3
2, 20/12/2018 10:59:49, 128444, 39.2, 59.8, 11.7, 597.7, 342.9, 71.5, 0.9, 0, 287.5, 153, 26728.7, 65, 4.9, 108.6, 208.9, 8.9
2, 20/12/2018 11:19:49, 128445, 40.7, 52.4, 11.8, 484.9, 366.3, 66.9, 0.9, 0, 337.9, 134.1, 29944.7, 46.1, 5.3, 122, 204.8, 5.1
2, 20/12/2018 11:39:50, 128446, 41.2, 50.4, 11.9, 419.5, 353.2, 69.6, 1, 0, 273.5, 129, 24549.2, 55, 4.4, 106.2, 223.3, 4.8
2, 20/12/2018 11:59:49, 128447, 37.2, 46.7, 11.3, 6679.6, 330.8, 68.8, 0.9, 0, 283.3, 119.4, 28541.2, 67.9, 4.8, 113.3, 207.7, 4.9
2, 20/12/2018 12:19:49, 128448, 42, 55.9, 12.2, 648.1, 352.9, 66.5, 1, 0, 291.8, 143.1, 29944.7, 86.2, 5.7, 128.5, 198.4, 5.5
2, 20/12/2018 12:39:49, 128449, 36.1, 35.9, 10.1, 293.2, 345.3, 64.8, 0.8, 0, 149.3, 92, 24611.3, 41.1, 4.4, 99.8, 181.1, 4.6
2, 20/12/2018 12:59:49, 128450, 34.9, 40.3, 10.3, 361.7, 329.3, 65.5, 0.9, 0, 163.3, 103.2, 27715.5, 67.8, 4.1, 94.1, 192.9, 4.4
2, 20/12/2018 13:19:49, 128451, 30, 27.6, 9.5, 321.9, 309.1, 65.2, 0.8, 0, 111.9, 70.8, 24584.8, 68.7, 3.5, 78.4, 181.1, 4.2
2, 20/12/2018 13:39:50, 128452, 27.7, 25.9, 8.9, 286.5, 297.8, 63, 0.8, 0, 126.4, 66.2, 18336.7, 62.9, 3.4, 81.9, 181.8, 3
2, 20/12/2018 13:59:49, 128453, 27, 23.5, 8.8, 41.5, 301.7, 64.8, 0.8, 0, 91.7, 60.1, 17789.2, 49.8, 2, 38.1, 182.3, 3.3
2, 20/12/2018 14:19:50, 128454, 27.9, 31.5, 9, 162.2, 286.5, 63, 0.8, 0, 218.8, 80.6, 18098.1, 43.2, 2.5, 46.8, 174, 3.2
2, 20/12/2018 14:39:49, 128455, 29.9, 37, 9.6, 152.8, 304.8, 68, 0.8, 0, 215.5, 94.8, 17708.8, 50, 2.4, 47, 182.8, 3.4
2, 20/12/2018 14:59:49, 128456, 32.9, 36.5, 9.9, 234.3, 317.9, 68, 0.8, 0, 183.8, 93.5, 18079.4, 56.9, 2.8, 60.4, 176.8, 4.7
2, 20/12/2018 15:19:49, 128457, 27.5, 42.4, 8.8, 196.7, 287.9, 64.4, 0.8, 0, 247.8, 108.6, 18304.1, 65.9, 3.2, 42.8, 167, 4
2, 20/12/2018 15:39:49, 128458, 32.6, 41.5, 10, 498.2, 334.8, 69.1, 0.9, 0, 230.7, 106.2, 19237.6, 63.7, 3.9, 53.5, 183.6, 6.1
2, 20/12/2018 15:59:49, 128459, 38.8, 60, 11.6, 325.6, 343.4, 68.6, 1, 0, 250.2, 153.5, 21961.4, 49.2, 4.3, 75, 181.8, 12.3
2, 20/12/2018 16:19:49, 128460, 40.5, 54.7, 11.4, 376.5, 341.1, 69.3, 0.9, 0, 278.7, 140, 25936, 57.3, 4.5, 78.5, 190.4, 4.3
2, 20/12/2018 16:39:49, 128461, 27.5, 30.9, 8.9, 66.2, 293.9, 63.3, 0.8, 0, 185, 79, 17803.6, 39.9, 3.3, 46.4, 166.5, 4.3
2, 20/12/2018 16:59:48, 128462, 44.8, 50.6, 12.4, 31496.5, 339.6, 70.8, 1.6, 0.1, 299.8, 129.7, 27836.7, 88.1, 6.1, 113.5, 186.9, 6.7
2, 20/12/2018 17:19:49, 128463, 49.9, 75.9, 12, 21844.7, 307.8, 61.6, 1, 0, 315.3, 194.3, 22260.7, 78.1, 7.1, 158.1, 156, 4.2
2, 20/12/2018 17:39:48, 128464, 27.8, 36.1, 8.4, 32168.9, 279.1, 59.6, 0.7, 0, 243.2, 92.4, 22051.9, 117.9, 3.6, 77.6, 130, 4
2, 20/12/2018 17:59:49, 128465, 38.9, 41.5, 10.5, 57987.3, 330.3, 58.4, 0.8, 0, 189.7, 106.4, 18276.6, 139, 4.9, 120.7, 143.3, 6.2
2, 20/12/2018 18:19:48, 128466, 28.7, 24.3, 8.7, 2488, 286.9, 57.2, 0.8, 0.1, 110.1, 62.3, 29920.9, 89.9, 3.3, 74.4, 136.7, 4
2, 20/12/2018 18:39:48, 128467, 24.3, 22.9, 8.1, 527.1, 268.4, 53.7, 0.7, 0, 111.3, 58.7, 19562, 54, 3.5, 68.6, 131.9, 3.4
2, 20/12/2018 18:59:48, 128468, 22.4, 19.9, 7.2, 754.9, 271.9, 51.8, 0.6, 0, 93.6, 51.1, 17954.1, 44.9, 4.2, 80.6, 113.5, 3.6
2, 20/12/2018 19:19:48, 128469, 24.3, 30.9, 7.5, 1126.6, 271.5, 51.8, 0.6, 0, 236.3, 79.1, 18221.9, 85, 4, 83, 111.4, 2.8
2, 20/12/2018 19:39:48, 128470, 17.1, 14.5, 6.2, 33.4, 221.1, 47.9, 0.6, 0, 78.2, 37.1, 17752.2, 46, 2, 38.1, 111.7, 2.6
2, 20/12/2018 19:59:48, 128471, 28.4, 55.6, 8.3, 1195.3, 270.2, 55.6, 0.7, 0.2, 310.4, 142.2, 20635.7, 123.8, 5.5, 113, 120.4, 4.1
2, 20/12/2018 20:19:48, 128472, 32.4, 69.2, 11.1, 1022.4, 213.7, 42, 0.8, 0.1, 289.7, 177.2, 31399.8, 110.1, 10.8, 306.1, 74.4, 9.4
2, 20/12/2018 20:39:48, 128473, 43.6, 72, 15.2, 1058.5, 205.3, 42.3, 1.1, 0.8, 286.3, 184.3, 22945, 79.2, 8.5, 228.7, 68.4, 16.8
2, 20/12/2018 20:59:47, 128474, 43.6, 64.3, 15.3, 751.2, 213.1, 40.7, 1.1, 0.1, 251.4, 164.6, 23731.2, 61, 8, 214.1, 84, 21.7
2, 20/12/2018 21:19:48, 128475, 36.1, 55.1, 13.3, 1578.6, 176.6, 34.8, 1, 0.6, 271, 141, 25211.5, 67, 7.9, 214.4, 48.5, 16.6
2, 20/12/2018 21:39:47, 128476, 49.1, 67, 17.4, 1202, 204.4, 38.1, 1.3, 1, 283.5, 171.4, 25415.7, 52.8, 9.1, 257.3, 70.9, 21.2
2, 20/12/2018 21:59:47, 128477, 37.6, 49.9, 12.6, 705.2, 220.1, 43.6, 1, 0, 203.3, 127.7, 21336.9, 50.8, 7.3, 207.7, 80.8, 16.5
2, 20/12/2018 22:19:48, 128478, 36.3, 45, 13.6, 1221, 164, 35.4, 1, 0, 177.3, 115.1, 22620.2, 50.9, 6.2, 172.5, 65.7, 17.5
2, 20/12/2018 22:39:48, 128479, 37.2, 42.1, 13.8, 1864.2, 187.1, 39.3, 1, 0.2, 204.6, 107.9, 24669.5, 49.1, 6.5, 179.6, 56.5, 17
2, 20/12/2018 22:59:47, 128480, 51, 69.8, 16.1, 2367, 369, 23.2, 1.2, 6.2, 256.1, 178.7, 33454.3, 80.1, 13.7, 318, 58.8, 19.3
2, 20/12/2018 23:19:48, 128481, 54, 72.8, 17, 1839.1, 393.9, 28, 1.1, 6.3, 262.2, 186.3, 33914.8, 78, 13.7, 303.6, 73.3, 18
2, 20/12/2018 23:39:47, 128482, 50.7, 59.9, 16.2, 2389.6, 414.6, 29, 1.1, 7.5, 190, 153.3, 33987.1, 57, 13, 282.7, 64, 17.6
3, 19/12/2018 23:59:07, 128411, 32, 100, 7, 21751, 71.5, 0.3, 0.4, 40.6, 460.4, 256.1, 69103, 617.8, 35.9, 660.1, 2.6, 10.3
3, 20/12/2018 00:19:07, 128412, 46.3, 172, 10.3, 20151.9, 106.6, 1.8, 1, 42.1, 527, 440.4, 93070.4, 1002.3, 72.2, 943.4, 4.6, 20.6
3, 20/12/2018 00:40:06, 128413, 68.6, 157.7, 15.8, 6358.1, 110.9, 3.5, 2.4, 41.1, 472.5, 403.6, 86060.4, 554.8, 66.5, 1086.6, 3.6, 21.7
3, 20/12/2018 01:00:06, 128414, 47.2, 122.9, 10.7, 22157.8, 116.5, 2.1, 1, 35.1, 509.4, 314.6, 87581.3, 562.4, 52.1, 894, 2.5, 17.1
3, 20/12/2018 01:21:06, 128415, 52.9, 133.5, 10.6, 7039.5, 173.9, 0.6, 1.6, 47.6, 455.6, 341.7, 106231, 898.6, 53.9, 905.6, 2.6, 14.9
3, 20/12/2018 01:39:06, 128416, 44.3, 120.2, 10, 12950.2, 399, 0.7, 1.2, 55.8, 516.9, 307.8, 87137.7, 554.8, 51, 961.8, 4.8, 12.2
3, 20/12/2018 02:00:05, 128417, 48, 108.8, 10.5, 18337.4, 428.4, 3.6, 1.5, 51.8, 360.5, 278.5, 81471.4, 524.6, 48.7, 976.1, 4.6, 8.4
3, 20/12/2018 02:20:06, 128418, 40.6, 121.1, 9.1, 5718.8, 341.7, 0.8, 0.6, 56.3, 921.2, 310.1, 83693.7, 895.8, 47.8, 849.6, 3.7, 9.7
3, 20/12/2018 02:40:05, 128419, 45.7, 115.7, 9.6, 5119.7, 487.3, 0.7, 0.9, 54.8, 462.9, 296.1, 111974.9, 482.1, 44.1, 829.1, 1.7, 9.3
3, 20/12/2018 03:00:05, 128420, 44.2, 141.9, 9, 19385.2, 294.9, 6, 2.1, 66.3, 900.5, 363.3, 99577.1, 518, 44.4, 909.6, 6, 20.2
3, 20/12/2018 03:20:06, 128421, 35.5, 174.9, 8.2, 60682.1, 119, 14, 0.5, 55.3, 1006.5, 447.7, 88673.1, 543.1, 46.1, 934.2, 1.6, 49.5
3, 20/12/2018 03:40:06, 128422, 37.3, 107.1, 8.1, 52768.7, 275.6, 9.7, 0.5, 37.9, 508, 274.1, 94576.7, 426, 41.8, 842.1, 2.3, 32.5
3, 20/12/2018 03:59:05, 128423, 51.1, 123.8, 10.7, 17850.6, 348.2, 3.1, 2.1, 45.3, 430.6, 317, 112358.6, 546.3, 47.2, 977.7, 1.4, 19.3
3, 20/12/2018 04:19:05, 128424, 55.9, 120.9, 13.3, 7170.9, 534.8, 6.6, 4.4, 46.7, 420.4, 309.4, 138259.4, 572.4, 48, 1013, 2.7, 14.5
3, 20/12/2018 04:40:05, 128425, 54.1, 133.4, 13.9, 8341.3, 565.4, 6, 2.9, 45.1, 600.9, 341.6, 132063.1, 410.2, 45.9, 1229.6, 2.6, 16.4
3, 20/12/2018 05:00:05, 128426, 59.7, 113.6, 12.2, 24100.2, 630.2, 6.1, 1.2, 34.5, 354, 290.9, 101375, 565.1, 45.4, 907.3, 5.7, 15.7
3, 20/12/2018 05:20:05, 128427, 42.7, 105.8, 8.2, 12180.2, 541.4, 4.1, 0.6, 38.5, 571.6, 270.9, 99716.4, 561.4, 46, 832.8, 5.8, 18.5
3, 20/12/2018 05:40:05, 128428, 36.7, 97.8, 7.5, 8140.7, 186, 6.3, 0.7, 53.3, 352.9, 250.4, 100896.4, 570.9, 48.4, 988.3, 2.8, 8.1
3, 20/12/2018 06:00:05, 128429, 38, 81, 8.9, 37992, 212.7, 11.5, 0.7, 27.4, 287.7, 207.3, 77546.8, 588.2, 46.8, 967.5, 2.7, 8.2
3, 20/12/2018 06:19:05, 128430, 33.9, 70.8, 8.6, 4310.6, 282.1, 10.4, 0.6, 21.4, 239.9, 181.2, 107770.2, 530.1, 41.6, 870.6, 3.1, 7.1
3, 20/12/2018 06:40:04, 128431, 43.6, 75.7, 11, 2898.4, 502.3, 6.2, 0.7, 18.6, 490.4, 193.8, 95742.7, 433.9, 43.9, 959.3, 5.9, 9.1
3, 20/12/2018 07:00:05, 128432, 34.1, 66.6, 8.4, 31987.7, 558.1, 7.8, 0.6, 21.9, 244.4, 170.6, 84708.5, 529.8, 39.8, 901.9, 10.4, 9
3, 20/12/2018 07:20:05, 128433, 56.4, 99.7, 13, 6750.4, 862.7, 16.1, 1.8, 24.3, 332, 255.2, 96906.4, 410.1, 42.6, 1043.2, 8.3, 9.3
3, 20/12/2018 07:40:04, 128434, 44.1, 83.3, 10.5, 7249, 842.6, 16.7, 0.7, 29.8, 297.2, 213.2, 69159.7, 531, 37.8, 828.7, 10, 9
3, 20/12/2018 08:00:04, 128435, 42.9, 95.1, 8.4, 27721.8, 616, 11.3, 0.6, 40.6, 356.2, 243.5, 70563.5, 510.9, 41.5, 896.9, 11.3, 11
3, 20/12/2018 08:20:04, 128436, 44.2, 102.9, 7.7, 6844.1, 496.7, 4.6, 1, 51.3, 353.5, 263.4, 91830.6, 550.3, 40.5, 814, 6, 8.1
3, 20/12/2018 08:40:04, 128437, 53.6, 126.7, 8.5, 11013.1, 374.1, 5.3, 1.4, 64.2, 407.6, 324.4, 73294.7, 513.9, 46.1, 1006.9, 3.5, 4.3
3, 20/12/2018 09:00:05, 128438, 64.7, 144.7, 10.8, 30029.7, 425.9, 7.5, 7.3, 60.1, 556, 370.5, 80270.8, 521.1, 53, 1197.6, 3.3, 6.8
3, 20/12/2018 09:20:04, 128439, 54.1, 135.4, 8.5, 3200.9, 336.6, 10.7, 4.4, 71.2, 457, 346.5, 89443.5, 519, 52, 1187.6, 3.3, 6.7
3, 20/12/2018 09:40:05, 128440, 50.5, 129.7, 8.3, 4200.8, 353.1, 7.8, 2, 67.4, 458.1, 332.1, 70576.4, 455.7, 49.6, 1043.9, 2.9, 6.6
3, 20/12/2018 10:00:04, 128441, 47.5, 141.6, 8.5, 25401.5, 369.8, 2.5, 3.3, 85.7, 442, 362.6, 76121.3, 465.3, 49.6, 1082.7, 3.1, 6.8
3, 20/12/2018 10:19:04, 128442, 44.4, 153.7, 9.5, 3537.3, 255.4, 6.4, 4.7, 101.4, 585.7, 393.5, 89179.5, 559.9, 54.5, 1116.6, 3.8, 6.6
3, 20/12/2018 10:40:04, 128443, 44.3, 160.7, 9.6, 8534.9, 164.8, 6.5, 3, 101.9, 564.5, 411.3, 104655.9, 457.2, 53, 1018.2, 4.4, 7.3
3, 20/12/2018 11:00:04, 128444, 39.2, 164.7, 7.7, 51352.1, 194.4, 13.7, 6.6, 112.4, 533.4, 421.6, 80301.6, 511.2, 57.2, 1165.5, 4.3, 9.5
3, 20/12/2018 11:20:04, 128445, 41.4, 172.5, 8.5, 2374.6, 175.5, 10.8, 6.2, 115.3, 683.7, 441.5, 79531.1, 530.9, 56.3, 1114.3, 3.5, 6.3
3, 20/12/2018 11:40:04, 128446, 53.1, 197.3, 10, 969.9, 203.9, 20.8, 6.9, 114.8, 689.1, 505.1, 66717.3, 400.3, 59.2, 1198.1, 2.9, 5.7
3, 20/12/2018 12:00:03, 128447, 55.8, 173.5, 10, 18830.6, 330.2, 10.2, 3.4, 103.6, 698.2, 444.1, 56384.5, 514.7, 57.9, 1261.2, 2.8, 7.1
3, 20/12/2018 12:20:03, 128448, 40.2, 149.6, 6.9, 1256.6, 221.8, 23.7, 1.5, 97.5, 502.3, 383, 71106.1, 508.1, 54.4, 1138.5, 4.1, 4.3
3, 20/12/2018 12:40:03, 128449, 38.9, 153.8, 6.8, 9108.5, 177.5, 18.1, 4.3, 104.1, 503.9, 393.7, 64275.3, 428.6, 58.4, 1223.1, 6.3, 4.3
3, 20/12/2018 13:00:03, 128450, 39.4, 154.8, 7.9, 23624.5, 217.3, 24.4, 5, 104.8, 563.9, 396.3, 66286.6, 491.2, 59.6, 1149.4, 0.7, 7
3, 20/12/2018 13:20:03, 128451, 30, 150.3, 5.5, 2235.7, 226.8, 29.7, 3.6, 111.8, 691.9, 384.7, 68976.3, 595, 52.7, 949.6, 0.5, 3.9
3, 20/12/2018 13:40:03, 128452, 45.5, 176.8, 7.3, 3506.6, 165.4, 19.9, 9.1, 119.7, 647.3, 452.6, 79089.1, 430.4, 57.1, 1103.6, 0.3, 3.8
3, 20/12/2018 14:00:04, 128453, 47.5, 172.7, 8, 24309.6, 264.5, 15.7, 4.4, 112, 778.4, 442.2, 73991.5, 486.1, 56.1, 1110.4, 0.3, 6.4
3, 20/12/2018 14:20:03, 128454, 50.1, 175.6, 8.4, 6056.8, 290.9, 19.7, 4.4, 114.6, 539.4, 449.5, 75039.7, 483.3, 58.1, 1036, 0.5, 7
3, 20/12/2018 14:40:03, 128455, 59.3, 186.4, 9.7, 3257.3, 239.2, 13.4, 6.9, 112.6, 652.9, 477.2, 87394.7, 339.9, 59.8, 1091.1, 0.3, 8.2
3, 20/12/2018 15:00:03, 128456, 53.6, 164.8, 8.4, 19716.7, 225.9, 5.1, 7.2, 98.1, 527, 422, 98527.5, 454.9, 57.6, 1033.4, 0.5, 8.5
3, 20/12/2018 15:20:02, 128457, 61.7, 198.2, 10.1, 2210.3, 289.5, 16.1, 8.2, 102.2, 700.5, 507.3, 100415.6, 469.9, 63.9, 1213.9, 0.3, 9
3, 20/12/2018 15:40:03, 128458, 49.6, 152.3, 8.7, 5057.3, 280.8, 2, 3, 90.2, 446, 389.8, 62521.1, 347.6, 55.9, 1013, 0.3, 10
3, 20/12/2018 16:00:03, 128459, 50.3, 158.4, 9.9, 25089, 287.1, 15.9, 2, 84, 540.1, 405.5, 53441.5, 503.9, 54.4, 967.7, 0.7, 13.7
3, 20/12/2018 16:20:02, 128460, 39.6, 146.9, 7.9, 6138.4, 150.6, 14.7, 0.7, 86, 707.3, 376.1, 47158.4, 484.2, 52.4, 906.5, 0.8, 9.3
3, 20/12/2018 16:40:03, 128461, 41, 170.3, 8.3, 17023.7, 161.4, 21.3, 7.8, 104, 771.3, 436, 50704, 407.8, 52.5, 933.7, 1.1, 11
3, 20/12/2018 17:00:03, 128462, 41.9, 159.4, 8.3, 20336.8, 320, 18.2, 5, 100.2, 501.9, 408.1, 56996.6, 472.6, 51.3, 961.8, 1, 16.3
3, 20/12/2018 17:20:03, 128463, 33.5, 163.6, 6.3, 6516.7, 116.5, 5.8, 1.7, 93.6, 545.6, 418.8, 69659, 533.8, 51.8, 916.3, 0.6, 12.7
3, 20/12/2018 17:40:02, 128464, 35.7, 154.3, 6.9, 2505.5, 140.9, 15.9, 2, 92.9, 646.8, 395.1, 74320.2, 411, 49.6, 873.8, 0.8, 14.7
3, 20/12/2018 18:00:02, 128465, 41, 145.6, 8.3, 18481.6, 263.3, 12.8, 0.8, 81.1, 768.2, 372.8, 57416.7, 473.4, 47.9, 869.4, 1, 15
3, 20/12/2018 18:20:02, 128466, 29.8, 119.6, 6, 2423.9, 105.2, 5.9, 1, 80.7, 394.7, 306.2, 73400.4, 532.2, 44.3, 770.2, 1, 11.9
3, 20/12/2018 18:40:02, 128467, 26.7, 115.5, 6.3, 482.3, 46.5, 0.4, 0.4, 66, 485.7, 295.7, 49382, 405.9, 47.4, 823.9, 1.6, 11.3
3, 20/12/2018 19:00:02, 128468, 38.5, 102.1, 8.2, 19595.3, 203, 2.8, 1.5, 53.8, 362.6, 261.2, 58846.5, 478.1, 41.2, 763.2, 1.5, 8.4
3, 20/12/2018 19:20:02, 128469, 35.2, 97.4, 7.2, 3730.3, 343.1, 30, 2.5, 48.2, 410.5, 249.4, 50665.9, 461.9, 37.1, 691, 1, 9.1
3, 20/12/2018 19:40:02, 128470, 49.2, 149, 9.2, 2419, 385.9, 73.9, 4.7, 61.3, 693.8, 381.4, 53422.9, 342.5, 42.3, 1024.5, 1.2, 13
3, 20/12/2018 20:00:02, 128471, 39, 113.9, 8.5, 39045, 227, 34, 1, 35.9, 483.8, 291.6, 56465.7, 683.3, 40.9, 839.9, 1.9, 14.4
3, 20/12/2018 20:20:02, 128472, 40.4, 118.9, 7.9, 4965.4, 308.1, 54.6, 2.7, 34.3, 492.8, 304.3, 55662.8, 521.1, 41.1, 942.5, 2, 11.1
3, 20/12/2018 20:40:01, 128473, 37.7, 109, 7.6, 7132.8, 305.2, 40.9, 2, 38.6, 516, 279.1, 58317.4, 451.2, 38.4, 826.3, 1.9, 11.5
3, 20/12/2018 21:00:01, 128474, 41.5, 136, 9.1, 30191.8, 166.2, 18, 1, 53.7, 406.4, 348.2, 74657.1, 616.6, 39.7, 851.8, 2.1, 19.6
3, 20/12/2018 21:20:02, 128475, 45.6, 138.6, 9, 2671, 229.7, 43.4, 7.3, 48.1, 541.7, 354.8, 55124, 482.7, 43.9, 1076.3, 2.9, 14.7
3, 20/12/2018 21:40:01, 128476, 50.4, 148, 8.8, 2637.8, 265.6, 55.5, 3.4, 58.5, 576.4, 378.9, 52103.7, 459.4, 42.3, 1098.4, 2.4, 13.6
3, 20/12/2018 22:00:01, 128477, 47.7, 138.4, 7.6, 39692.8, 213.2, 36.2, 2.7, 64.1, 575.8, 354.3, 58693.4, 426.5, 40.4, 1042.3, 1.2, 13.9
3, 20/12/2018 22:20:01, 128478, 46.4, 138.4, 7.1, 4356.8, 171.5, 30.8, 2.9, 65, 566.1, 354.3, 64948.1, 479.8, 42.9, 1250.9, 0.8, 10.6
3, 20/12/2018 22:40:01, 128479, 44, 128.5, 6, 2490, 99.5, 15, 1.5, 68.2, 575, 328.9, 77861.1, 246.9, 44.5, 1345.4, 0.6, 5.2
3, 20/12/2018 23:00:01, 128480, 47.3, 127.5, 8.1, 22549.9, 183.1, 3.4, 1.9, 71, 465.2, 326.4, 62605.2, 569.8, 36.5, 833.3, 0.8, 6.9
3, 20/12/2018 23:20:01, 128481, 32.2, 104.3, 5.2, 2738.8, 72.3, 3.5, 0.6, 67.2, 332.3, 267, 57264.2, 610.5, 34.5, 694.4, 0.9, 3.7
3, 20/12/2018 23:40:01, 128482, 32.6, 104.7, 5.6, 5219.8, 88.4, 4.9, 0.6, 67.6, 352.2, 268.1, 60145.2, 388.7, 34.8, 703.3, 1.5, 4.3
4, 19/12/2018 23:59:09, 128411, 37.9, 211.1, 10.2, 12670, 100.3, 19.6, 1.1, 3.3, 979.3, 540.3, 70249.6, 341.3, 37.4, 1323.1, 9.5, 13.1
4, 20/12/2018 00:19:09, 128412, 60.9, 238.7, 14.2, 12942.3, 256.8, 4.2, 1, 11.3, 779.2, 611.2, 85895.6, 443.7, 77.5, 1309.9, 15.2, 20.6
4, 20/12/2018 00:40:09, 128413, 67.3, 236.8, 13.6, 4786.9, 246.4, 1.8, 1.6, 25.9, 833.6, 606.2, 92448.8, 160.9, 86.1, 1354.2, 4.9, 9.6
4, 20/12/2018 01:00:09, 128414, 63.9, 268.2, 12.7, 15223.3, 392.1, 1.5, 0.9, 18.6, 940.6, 686.5, 88962.7, 180.9, 72.7, 1352.4, 4.7, 10.9
4, 20/12/2018 01:19:09, 128415, 67.3, 247.4, 13.8, 6217.8, 479, 1.3, 1.1, 17.4, 1014.3, 633.4, 93324.3, 212.2, 74.2, 1375.8, 9.9, 10
4, 20/12/2018 01:39:09, 128416, 65.3, 265.6, 14.4, 3105.8, 352.1, 2.6, 1.5, 31.1, 786, 679.9, 84969.6, 197.3, 63.2, 1380.3, 10.9, 16
4, 20/12/2018 02:00:09, 128417, 74.3, 226.8, 15.2, 15571.7, 595.1, 1.8, 6.6, 40.2, 659.5, 580.5, 74462.8, 190.9, 51.7, 1331.1, 4.9, 12.5
4, 20/12/2018 02:20:09, 128418, 70.5, 252.4, 15.6, 4863.2, 388.2, 1.5, 3.3, 34.1, 987.4, 646.1, 73572.1, 306.4, 44.9, 1364.7, 12.1, 15.7
4, 20/12/2018 02:39:09, 128419, 64.5, 239.3, 14.9, 3695.9, 376.6, 2.6, 1.2, 31.8, 788.9, 612.6, 74121.5, 263.5, 43, 1330.3, 10.4, 13.5
4, 20/12/2018 03:00:09, 128420, 66.9, 253.8, 14.3, 19182.5, 318.5, 5.7, 1.9, 34.4, 896.1, 649.8, 60521.5, 470.1, 47.5, 1362.9, 9.7, 15.9
4, 20/12/2018 03:20:09, 128421, 72.5, 277.1, 14.8, 79655.9, 167.3, 4.1, 6.2, 37.2, 775.3, 709.3, 67635.4, 233.9, 50, 1434.1, 6.8, 42.4
4, 20/12/2018 03:39:08, 128422, 59.8, 251.1, 13.6, 85973.3, 286, 9.3, 1.7, 46, 741.2, 642.7, 69358.8, 200.3, 50.4, 1359.7, 8.5, 30.3
4, 20/12/2018 03:59:08, 128423, 69.3, 244.3, 15, 40549, 211.5, 6.6, 2.4, 34.9, 720.9, 625.3, 92922, 3818.2, 50.5, 1332.3, 7.9, 20.5
4, 20/12/2018 04:19:08, 128424, 78.7, 242.9, 16.5, 8167.5, 506.2, 5.6, 5.1, 35.9, 727.6, 621.8, 94166.1, 317.5, 50.5, 1357.8, 9.7, 16.7
4, 20/12/2018 04:39:08, 128425, 76.7, 239.6, 15, 6092.1, 626.1, 4.2, 6.7, 46.2, 722.1, 613.3, 99105.7, 276.9, 49.3, 1393, 7.9, 14.7
4, 20/12/2018 05:00:08, 128426, 72.5, 244.6, 13.8, 21767.2, 626.1, 2.9, 6.2, 50.3, 743.1, 626.1, 107052.1, 169.8, 51.4, 1434.1, 7.4, 16.5
4, 20/12/2018 05:20:09, 128427, 56.7, 234.8, 11, 26216.8, 396.7, 3.8, 1.1, 43.9, 767.6, 601, 96189.6, 136.2, 45.1, 1413.7, 12.6, 10.8
4, 20/12/2018 05:40:08, 128428, 59.4, 224.4, 12.5, 2079.7, 339, 5.4, 1.8, 33.9, 869.3, 574.3, 94321.5, 296.8, 45.1, 1315.5, 12.6, 8.4
4, 20/12/2018 06:00:08, 128429, 51.2, 244, 10.8, 21020.8, 233.9, 4.3, 0.9, 35.4, 819.3, 624.6, 75335, 227.4, 44, 1381.1, 11.7, 7.9
4, 20/12/2018 06:19:08, 128430, 60.2, 237.7, 12.2, 5548.8, 439.8, 7.9, 0.8, 25.6, 646.8, 608.5, 66980, 204.9, 43.8, 1341.4, 12.5, 6.3
4, 20/12/2018 06:39:07, 128431, 49.6, 227.1, 11.4, 5824.9, 248.1, 8.4, 0.8, 28.3, 629.2, 581.3, 76043.1, 257.7, 45.4, 1311.6, 18.6, 8.2
4, 20/12/2018 06:59:08, 128432, 71.4, 257.9, 14.8, 4860.5, 333.5, 9.6, 1.6, 33.2, 819.9, 660.2, 72264.2, 188.5, 47.9, 1343.7, 10.3, 11.5
4, 20/12/2018 07:20:08, 128433, 70.6, 254.6, 14.4, 4772.9, 217.8, 10, 1.4, 30.3, 786.9, 651.7, 84126.4, 172.3, 43.6, 1324.3, 9.7, 9.2
4, 20/12/2018 07:39:08, 128434, 62, 244, 13.2, 3536.3, 350.2, 10.2, 1.3, 40, 697, 624.6, 78490.4, 205.1, 47.9, 1357.5, 11.8, 11.1
4, 20/12/2018 07:59:08, 128435, 52.5, 239.9, 10.4, 13578, 267.6, 17, 0.6, 35, 711.3, 614.1, 74613.5, 236.2, 43.7, 1296.3, 13.7, 10.1
4, 20/12/2018 08:19:07, 128436, 59.5, 242.4, 11.9, 2231.6, 284, 16.7, 0.9, 23.6, 701.1, 620.5, 93492.9, 280.2, 45.7, 1334.9, 15.8, 10
4, 20/12/2018 08:39:08, 128437, 57.8, 239.4, 11.7, 3893.2, 248.8, 13.8, 0.8, 15.6, 771.7, 612.9, 88085.8, 310, 42.9, 1258.6, 13.3, 10.1
4, 20/12/2018 09:00:08, 128438, 66.7, 224.5, 13.9, 16159.8, 293.7, 22.8, 1.5, 25.8, 676.2, 574.8, 104081, 199.3, 47.3, 1414.5, 10.6, 13
4, 20/12/2018 09:19:07, 128439, 53.6, 236.6, 11, 1259, 307.7, 18.2, 0.7, 35.1, 754.4, 605.7, 83242.4, 184.7, 40.5, 1400.2, 5.4, 9.5
4, 20/12/2018 09:40:07, 128440, 60.6, 278.4, 13.3, 10189.2, 291.6, 18.8, 1, 45.7, 2306.8, 712.7, 117054.3, 163.4, 48.1, 1417.6, 8.3, 10.5
4, 20/12/2018 10:00:07, 128441, 66.5, 220.5, 14.4, 22337.3, 443.7, 27.7, 3.9, 57.2, 1226.9, 564.5, 97760.2, 144.8, 51.5, 1408.7, 5.8, 10.4
4, 20/12/2018 10:19:07, 128442, 67.3, 193.6, 13.8, 4852.6, 349.5, 15.8, 8.3, 56.3, 827.7, 495.5, 117543.7, 199.4, 53.1, 1427, 6, 10.1
4, 20/12/2018 10:40:07, 128443, 56.9, 227.5, 12.4, 1554.4, 195, 12.4, 1.3, 48.6, 1172, 582.4, 96441.9, 119.3, 48.4, 1453.6, 6.2, 12.1
4, 20/12/2018 11:00:06, 128444, 59, 262.1, 12.1, 16939.7, 268.6, 25.5, 2.2, 52.1, 942.7, 671.1, 99880.3, 175.6, 54, 1400.7, 8.3, 10.6
4, 20/12/2018 11:19:07, 128445, 43.4, 278.6, 10.3, 4514.8, 197.8, 17.8, 1.1, 66.9, 971.3, 713.2, 74894.6, 179.1, 50.4, 1415.3, 10.3, 13.7
4, 20/12/2018 11:40:07, 128446, 39.5, 275.5, 9.1, 4181.2, 148.6, 6, 1.8, 79.4, 828.9, 705.2, 124314, 228.1, 51.1, 1340.5, 9.6, 16.4
4, 20/12/2018 12:00:07, 128447, 46.7, 238.7, 10.6, 17470.4, 288.6, 26.9, 2.7, 66.4, 702.7, 611.2, 92084.3, 169, 54.9, 1318.5, 8.8, 14.9
4, 20/12/2018 12:20:07, 128448, 43.7, 267.8, 9.7, 12950.5, 275.1, 36.3, 1.5, 71.4, 803.3, 685.6, 101109.3, 147.4, 51, 1359.7, 8.6, 14
4, 20/12/2018 12:40:07, 128449, 42.9, 269.6, 8.2, 14700, 192.9, 10.7, 2.7, 88.9, 803.7, 690.2, 107913.7, 167.1, 51.2, 1379.7, 8.5, 12.2
4, 20/12/2018 13:00:06, 128450, 38, 277.5, 7.3, 13798, 149.1, 4.5, 0.9, 82.1, 810.1, 710.5, 115636.4, 186.7, 51.3, 1391.6, 8.1, 12.5
4, 20/12/2018 13:20:06, 128451, 31.9, 269.4, 6.6, 3556.8, 87.1, 6.8, 2.3, 90.4, 810.4, 689.6, 117114.2, 127.7, 49.6, 1359.9, 8.5, 11.9
4, 20/12/2018 13:40:07, 128452, 37.5, 260, 6.8, 1281.9, 133.4, 2.2, 2.8, 88.5, 766.2, 665.7, 143259.3, 108.9, 49.2, 1410, 7.3, 7.8
4, 20/12/2018 14:00:06, 128453, 51.9, 277.1, 9.3, 13359.7, 336.4, 6.4, 7.3, 95.8, 1066.9, 709.3, 166919.9, 90.3, 46.6, 1435.9, 5, 7
4, 20/12/2018 14:19:06, 128454, 51.5, 249.9, 9.1, 1471.7, 381, 12.6, 4.2, 87.5, 814.4, 639.8, 115832.3, 98.2, 49.4, 1392.1, 5.8, 6.8
4, 20/12/2018 14:40:06, 128455, 37.2, 237.7, 7.1, 2660.2, 176.9, 10.6, 0.8, 80.4, 724.8, 608.4, 115716.2, 110.8, 50.8, 1428.8, 7.5, 6.1
4, 20/12/2018 15:00:06, 128456, 34.9, 267.3, 6.9, 16592.1, 167.2, 24, 0.7, 83.2, 824.1, 684.2, 117271.1, 105.1, 45.9, 1390.5, 6.7, 6
4, 20/12/2018 15:19:06, 128457, 34.5, 256.4, 6.9, 6830.9, 74.7, 3.3, 0.7, 79.5, 744.5, 656.4, 123298.2, 283.8, 46.9, 1364.1, 8, 5.5
4, 20/12/2018 15:40:06, 128458, 32.7, 259.1, 6.5, 5531.4, 95.1, 5.3, 1.1, 85.7, 742.6, 663.3, 94869, 129.1, 48.9, 1373.2, 7.2, 6
4, 20/12/2018 16:00:05, 128459, 34, 262.6, 7.1, 15064.9, 81.1, 6.4, 2.4, 93.5, 746.8, 672.2, 94318.1, 158, 52.2, 1374.6, 5.5, 7.9
4, 20/12/2018 16:20:06, 128460, 31.7, 259.9, 6.8, 2505.6, 104, 3.5, 0.8, 79.4, 723.1, 665.3, 101171.2, 214.9, 47.4, 1361.3, 7.4, 6.2
4, 20/12/2018 16:40:05, 128461, 41.9, 253.9, 7.9, 2889.2, 388.2, 2.4, 1.4, 75.7, 722.1, 649.9, 101884, 116.9, 47, 1379.2, 5.9, 7.4
4, 20/12/2018 17:00:05, 128462, 58.8, 241.4, 10.3, 14686.8, 412, 3.9, 3.5, 65.8, 857.8, 617.9, 116109.5, 139, 44, 1373.6, 4.6, 8.1
4, 20/12/2018 17:20:05, 128463, 48.2, 243.2, 8.7, 4777.5, 269.6, 2.1, 0.7, 49.8, 694.8, 622.6, 116330.7, 113.7, 42.5, 1364.9, 7.2, 6.7
4, 20/12/2018 17:40:05, 128464, 51, 259.5, 8.9, 10037.6, 295.5, 2.3, 1.4, 65.7, 779.8, 664.3, 138774.3, 108.1, 42.9, 1361.1, 6.8, 5.8
4, 20/12/2018 18:00:05, 128465, 46.3, 254.7, 8.4, 14299.2, 198.9, 5.3, 1.6, 66.8, 702.9, 652, 79855, 220.4, 44.6, 1332.3, 7, 7.3
4, 20/12/2018 18:20:05, 128466, 37.7, 242.1, 8.1, 5021.3, 96, 3.9, 0.5, 58.3, 689.7, 619.8, 75727.1, 1105.5, 41.5, 1291.8, 11.6, 7.4
4, 20/12/2018 18:40:05, 128467, 34.3, 234.6, 7.7, 6958.6, 80.5, 3.4, 0.4, 49.4, 659, 600.6, 78490.6, 1178.6, 40.5, 1258.9, 11.7, 7.4
4, 20/12/2018 19:00:05, 128468, 42.1, 238.1, 10.2, 17993.4, 98, 4.7, 0.7, 51.7, 683.1, 609.6, 90390.3, 498.2, 43.9, 1308.9, 12.8, 10
4, 20/12/2018 19:20:05, 128469, 40.6, 236.2, 9.1, 3716.2, 97.5, 4.6, 0.6, 42.9, 913.2, 604.7, 92898.4, 675.3, 39.1, 1295.7, 11.3, 8
4, 20/12/2018 19:40:05, 128470, 43, 242.2, 9.5, 4403.6, 91.3, 3.5, 0.8, 55.9, 707.6, 620.1, 100216.7, 856.7, 44.8, 1305, 9.4, 8.4
4, 20/12/2018 20:00:05, 128471, 41, 242.7, 7.7, 14695.5, 157.1, 4.5, 0.8, 40.3, 709.6, 621.2, 79894.7, 420.5, 44.2, 1284.2, 9.6, 6.8
4, 20/12/2018 20:19:04, 128472, 38.3, 231.1, 7.6, 4357.2, 148.9, 1.4, 0.6, 38.6, 651.3, 591.6, 86155.3, 591.6, 38, 1190.3, 10.4, 6.6
4, 20/12/2018 20:40:05, 128473, 36.5, 218.4, 7.3, 2422.6, 133.5, 1.4, 0.5, 33.2, 642.5, 559.1, 71320, 602.9, 37.9, 1252.8, 11.9, 6.4
4, 20/12/2018 20:59:04, 128474, 48.2, 233.7, 10, 15491.6, 199.4, 5.3, 0.7, 34.9, 686.1, 598.3, 78916.3, 466.8, 39, 1292, 10.8, 11.1
4, 20/12/2018 21:20:04, 128475, 34.3, 226.3, 7.1, 3333.3, 177.4, 1.8, 0.5, 46, 666.3, 579.3, 94782.4, 403.1, 35.3, 1234.5, 7.6, 4.3
4, 20/12/2018 21:39:04, 128476, 37, 226.2, 7.1, 4923.3, 135.6, 4.2, 0.5, 39.2, 642.6, 579.1, 91013, 1188.9, 36, 1170.3, 10.3, 4.6
4, 20/12/2018 22:00:05, 128477, 42.3, 232.3, 7.6, 4660.8, 169.3, 7.1, 0.5, 31.3, 711.5, 594.6, 87637.6, 578.8, 33.4, 1211.4, 9.7, 7.5
4, 20/12/2018 22:20:04, 128478, 34.7, 204.8, 7.9, 3454.6, 118.7, 6.3, 0.5, 16.9, 589.1, 524.3, 79517, 664.3, 31.8, 1186.5, 15.6, 12.4
4, 20/12/2018 22:40:05, 128479, 38, 214.1, 7.8, 5624.7, 77.6, 6.1, 0.5, 28.5, 596.4, 548.1, 78595.8, 1622.4, 30.7, 1220.9, 15.2, 13.4
4, 20/12/2018 23:00:04, 128480, 40.1, 217.4, 9.3, 17849.2, 100.9, 6.7, 0.6, 18.9, 640.8, 556.4, 72983.6, 357.8, 34.1, 1235.4, 16, 15.5
4, 20/12/2018 23:20:04, 128481, 33.2, 199.3, 8, 5498.5, 129.2, 3.9, 0.6, 16, 541.9, 510.2, 68151.5, 337.9, 29.3, 1066, 16.3, 7.9
4, 20/12/2018 23:40:04, 128482, 32.3, 220.2, 8.4, 5602.5, 102.7, 6.1, 0.6, 18.6, 1683.7, 563.7, 67644.7, 1469.8, 24.9, 946.8, 16.9, 9.7
