HOST, TIME, SNAP_ID, SYS_CPU, SYS_DBTIME, SYS_SYSPCT, SYS_READ, SYS_WRITE, SYS_REDO, SYS_OSWAIT, SYS_RMWAIT, SYS_ACTSESS_MAX, SYS_ACTSESS_AVG, SYS_PGA, SYS_PXRUNS, SYS_PXQCT, SYS_PXSRVT, SYS_UCALLS, SYS_IOWAIT
1, 08/01/2019 23:59:56, 129851, 38.8, 44.8, 12.7, 1126, 196.1, 35.9, 1, 0.4, 146.9, 114.8, 15810.4, 232.9, 6.5, 164.8, 116.2, 15.1
1, 09/01/2019 00:19:55, 129852, 37.4, 55.2, 10.6, 10330.6, 231.7, 48.5, 0.9, 13.1, 270.2, 141.2, 13243.1, 290.3, 9, 142.7, 159.1, 7.5
1, 09/01/2019 00:39:55, 129853, 30.1, 63.3, 7.9, 16050.5, 82.8, 17.9, 0.6, 27.6, 250.6, 162.2, 13498.8, 257.2, 17.3, 202.1, 89, 5.5
1, 09/01/2019 00:59:55, 129854, 50.3, 79.4, 12.3, 3002.1, 232.5, 29.3, 1, 16.9, 324.5, 203.3, 18773.8, 908.1, 17.9, 242.4, 109, 12.6
1, 09/01/2019 01:19:55, 129855, 51.6, 74.5, 12.1, 1682.5, 278.3, 40.7, 0.9, 7.4, 290.1, 190.7, 28970.3, 620.6, 13.1, 182.4, 120.6, 15
1, 09/01/2019 01:40:55, 129856, 36.7, 56.2, 9.5, 1588.9, 106.1, 24.6, 0.8, 9.8, 294.9, 144, 11840.6, 707.8, 11.4, 141.8, 95.1, 8.5
1, 09/01/2019 01:59:55, 129857, 36.8, 47.5, 9.1, 1651.8, 159.9, 28.3, 0.8, 7.9, 159.7, 121.5, 13377.2, 720, 11.7, 144.1, 71.7, 7.1
1, 09/01/2019 02:19:55, 129858, 43.2, 48.2, 9.9, 5896.2, 108.4, 22.7, 0.8, 5, 205.3, 123.5, 34339.4, 787.5, 13.3, 175.4, 64.1, 6.3
1, 09/01/2019 02:39:55, 129859, 66.1, 81.8, 13.3, 6782.4, 170, 12.5, 1, 4.1, 280.6, 209.3, 35242.1, 294.2, 17.3, 276.6, 53.2, 15.1
1, 09/01/2019 02:59:55, 129860, 64.3, 97.8, 12.3, 6081, 135.1, 12.8, 5.8, 17.4, 317.6, 250.5, 39537.9, 196.3, 17.6, 357.1, 45.2, 20.8
1, 09/01/2019 03:19:55, 129861, 34.6, 60.3, 8.5, 3007.2, 171.4, 11.9, 0.7, 4.1, 219.1, 154.4, 32834.6, 265.2, 12.5, 192.3, 49.4, 14.8
1, 09/01/2019 03:39:55, 129862, 20.6, 44.4, 7.3, 323.1, 141.4, 16.1, 0.7, 0, 195.8, 113.6, 10121.8, 194.1, 5, 34.6, 61.9, 15.5
1, 09/01/2019 03:59:55, 129863, 26.1, 50.9, 7.6, 789.6, 302.8, 17.7, 0.7, 0, 245.1, 130.4, 42062, 6705.5, 5.7, 53.9, 65.4, 15.8
1, 09/01/2019 04:19:54, 129864, 27.7, 54.2, 7.9, 626.4, 436.8, 19.3, 0.6, 0, 223.1, 138.8, 41322.7, 4579.4, 5.1, 44.8, 78.5, 17.3
1, 09/01/2019 04:39:54, 129865, 14.4, 33.7, 4.8, 158.9, 110.7, 16.4, 0.4, 0, 204.1, 86.3, 41510.4, 2304.4, 3.2, 34.6, 61.2, 13.4
1, 09/01/2019 04:59:55, 129866, 17, 30.9, 5.5, 246.8, 98.4, 16.3, 0.5, 0.1, 130.3, 79.1, 15414.4, 7067.1, 4, 46.9, 59, 5.6
1, 09/01/2019 05:19:54, 129867, 23.3, 46.1, 7.1, 1366.7, 147.2, 21.8, 0.6, 0, 246.9, 118.1, 11005.3, 270.3, 3.9, 56.4, 59.5, 5.9
1, 09/01/2019 05:39:54, 129868, 23.8, 41.1, 7.4, 243.3, 171.1, 26.7, 0.6, 0, 259.4, 105.2, 11845.6, 166.7, 3, 34, 69.5, 6.2
1, 09/01/2019 05:59:54, 129869, 34.5, 65.2, 9.1, 2563.2, 244, 30.3, 0.7, 0, 253.6, 167, 15602.8, 232.5, 4.6, 105.3, 69.5, 8.1
1, 09/01/2019 06:19:54, 129870, 24.6, 40.8, 7.3, 838.2, 187.2, 30.2, 0.7, 0, 244.8, 104.4, 13904.8, 275.1, 2.5, 45.4, 77.1, 5.5
1, 09/01/2019 06:39:54, 129871, 21.5, 47.1, 6.3, 42.9, 212.1, 46.3, 0.6, 0, 208.6, 120.5, 9817.8, 205, 1.1, 4, 79.2, 3.7
1, 09/01/2019 06:59:54, 129872, 33, 49.6, 9.2, 6656.7, 290.8, 54.6, 0.8, 0, 228.4, 127, 10496.1, 185.8, 1.8, 27, 113.5, 7.1
1, 09/01/2019 07:19:54, 129873, 25.7, 40.6, 8.3, 48.6, 231.2, 44.1, 0.7, 0, 246.9, 103.9, 9746.3, 244.3, 1, 3.1, 110.5, 6
1, 09/01/2019 07:39:53, 129874, 31.5, 46, 9.6, 2555, 236.1, 42.4, 0.8, 0, 221.1, 117.7, 11237.5, 300.2, 4, 56.7, 100.4, 6.1
1, 09/01/2019 07:59:54, 129875, 33, 89.5, 10, 6185.2, 233.4, 40.1, 0.8, 0, 339.4, 229.2, 10936.9, 179.5, 5, 70.2, 91.8, 7.6
1, 09/01/2019 08:19:54, 129876, 36.7, 45.6, 10.9, 178, 318.7, 56.9, 0.9, 0, 173.8, 116.7, 13651.6, 251.5, 2.3, 23.5, 135, 6.4
1, 09/01/2019 08:39:54, 129877, 38, 74, 10.9, 2048.4, 295.6, 52.9, 0.9, 0.1, 294.1, 189.4, 14740.5, 275.4, 2.7, 54.8, 120.7, 6
1, 09/01/2019 08:59:54, 129878, 32.8, 66.8, 10.1, 368.9, 260.2, 53.4, 0.8, 0, 311.8, 171.1, 14929, 190.4, 2.2, 39.9, 127.6, 7.9
1, 09/01/2019 09:19:54, 129879, 28.5, 59.4, 8.6, 278.6, 281.2, 54, 0.7, 0, 226, 152.1, 11009, 246.9, 2.1, 25.1, 132.8, 5.3
1, 09/01/2019 09:39:54, 129880, 26.2, 55.8, 8.5, 258.8, 264.3, 58.6, 0.7, 0, 270.3, 142.9, 10027.2, 200.4, 1.3, 6.3, 136.9, 9.9
1, 09/01/2019 09:59:53, 129881, 27.7, 53.1, 8.8, 331.8, 246.6, 54.4, 0.8, 0, 310.4, 136, 10596, 187.1, 1.3, 6.9, 141.6, 8.5
1, 09/01/2019 10:19:53, 129882, 37.6, 57.6, 11.1, 2274, 321.6, 58.7, 0.9, 0, 271.5, 147.5, 14342.9, 384.3, 3.4, 53.9, 152.3, 7.1
1, 09/01/2019 10:39:53, 129883, 32.7, 75.8, 10.1, 531.7, 270.5, 56.6, 0.9, 0, 331.5, 194, 14862.4, 241.5, 3, 49.8, 145.7, 8.2
1, 09/01/2019 10:59:54, 129884, 31.1, 64.1, 9.3, 6011.4, 312.1, 55, 0.8, 0, 338.4, 164, 15884, 232.2, 2.6, 44.9, 140.7, 9.3
1, 09/01/2019 11:19:53, 129885, 29.4, 47.1, 9, 132.1, 283.1, 59.7, 0.8, 0, 198.7, 120.5, 19153.1, 257.6, 1.8, 15.4, 151.1, 7.9
1, 09/01/2019 11:39:53, 129886, 28.3, 44.8, 8.5, 106.3, 566.4, 58, 0.8, 0, 182.3, 114.6, 10142.8, 252.2, 1.7, 16.8, 141.7, 14.9
1, 09/01/2019 11:59:53, 129887, 31.8, 60.6, 9.7, 1685.1, 246.4, 54.5, 0.8, 0, 200.7, 155.2, 11987.1, 324.9, 3.6, 71.6, 137.6, 21.8
1, 09/01/2019 12:19:53, 129888, 25.9, 59.7, 8.1, 307.9, 235.8, 50.6, 0.7, 0, 286.5, 152.8, 11926.5, 295.4, 2.9, 44.1, 130.5, 6.4
1, 09/01/2019 12:39:53, 129889, 30.6, 64.2, 9.3, 592, 250.9, 55.5, 0.7, 0, 292.6, 164.2, 11242.8, 197.4, 2.9, 46.3, 138.4, 4.5
1, 09/01/2019 12:59:52, 129890, 29.6, 47.3, 8.7, 128.1, 287.5, 57.3, 0.7, 0, 261.5, 121.1, 11365.4, 177.6, 2.1, 19.3, 138.3, 7.1
1, 09/01/2019 13:19:53, 129891, 32.7, 47.6, 9.6, 1827.7, 258.9, 53.8, 0.8, 0.2, 228.7, 121.7, 11269, 301.7, 3.6, 60.3, 131.6, 13.1
1, 09/01/2019 13:39:52, 129892, 25.9, 38.8, 8.3, 193.1, 250.2, 53.3, 0.7, 0, 187.7, 99.3, 11626, 209.9, 2, 19.1, 126.7, 14.8
1, 09/01/2019 13:59:53, 129893, 32.8, 50.5, 9.6, 160.6, 300.1, 62.2, 0.8, 0, 190.6, 129.2, 10426.8, 186.2, 2.6, 30, 151.8, 14.9
1, 09/01/2019 14:19:53, 129894, 36.9, 79.3, 10.5, 2127.2, 306.1, 58.3, 0.8, 0, 272.1, 203, 15532.1, 322.1, 4.4, 83.2, 140.7, 18.6
1, 09/01/2019 14:39:52, 129895, 36.5, 41.5, 10.7, 253.6, 294.5, 64.3, 0.9, 0, 130.5, 106.2, 14292.8, 185, 2.2, 38.3, 186.6, 4.6
1, 09/01/2019 14:59:52, 129896, 36.3, 48.2, 10.4, 472.8, 326.1, 66.5, 0.9, 0, 172.8, 123.4, 14947, 171.1, 4, 53, 175.5, 6.5
1, 09/01/2019 15:19:52, 129897, 30.2, 37.3, 9.2, 249.8, 290.1, 65.8, 0.8, 0, 173.9, 95.5, 10717.9, 220.1, 3.2, 44.7, 155.1, 3.4
1, 09/01/2019 15:39:53, 129898, 45.3, 52.2, 12.6, 2089.7, 343.7, 69.3, 1, 0.1, 202.9, 133.5, 14903.6, 253.2, 5.7, 123.6, 152, 5.1
1, 09/01/2019 15:59:52, 129899, 47.8, 50.1, 11.9, 1075.5, 419.8, 61.5, 0.9, 0.6, 172.4, 128.3, 38549.9, 174.6, 6.3, 120, 134.1, 5.5
1, 09/01/2019 16:19:52, 129900, 44.3, 47.6, 11.9, 874, 444.2, 66.5, 0.9, 0, 168.7, 121.8, 62788.2, 222.8, 5.3, 86.4, 139.4, 9.7
1, 09/01/2019 16:39:52, 129901, 57.6, 56.3, 13.3, 921.1, 522.4, 70.3, 1, 0, 177.9, 144.2, 74893, 205, 6.2, 115.1, 138.6, 6.9
1, 09/01/2019 16:59:52, 129902, 82.3, 123.8, 17.1, 7601.4, 432.9, 61.4, 9.6, 9.8, 503.9, 317, 77530.3, 268.9, 21.6, 406.9, 105.3, 10.1
1, 09/01/2019 17:19:52, 129903, 96, 134.2, 19.4, 5271.6, 382.2, 57.2, 20.9, 9.3, 513.7, 343.6, 71555.5, 275.4, 23.7, 511.3, 121.5, 9.4
1, 09/01/2019 17:39:52, 129904, 97.5, 114, 20.7, 3157.2, 454.7, 67.9, 24.2, 3, 319.5, 292, 71028.8, 206.7, 18, 374.9, 140, 8.9
1, 09/01/2019 17:59:52, 129905, 91.8, 169.6, 19.1, 3334.2, 412.3, 58.5, 37, 37.7, 541.1, 434.3, 66591.3, 167.5, 27.9, 557.5, 119.8, 23.7
1, 09/01/2019 18:19:52, 129906, 90.8, 115.1, 18.8, 3898.9, 435.8, 66.1, 11.9, 4, 366.4, 294.7, 67601, 240.1, 19.9, 343.2, 150.1, 25.9
1, 09/01/2019 18:39:51, 129907, 63.2, 64, 14.6, 2274.7, 476.9, 63.5, 1.1, 0, 228.5, 163.8, 63671.6, 190, 15.4, 255.8, 141.1, 8.6
1, 09/01/2019 18:59:51, 129908, 52.7, 90.2, 12.6, 1925.9, 408.4, 50.5, 6.2, 5.5, 305, 231, 23188.4, 233.9, 11.8, 239.1, 105.4, 10.2
1, 09/01/2019 19:19:51, 129909, 80.9, 108.4, 17.6, 2444.1, 477.7, 51.5, 7.9, 3.9, 365.7, 277.5, 46464.4, 269.7, 13.9, 277.4, 111.6, 18.1
1, 09/01/2019 19:39:51, 129910, 64.9, 77.6, 15.3, 1939.2, 629.2, 52.8, 1.1, 0.1, 292.2, 198.5, 61553.8, 258, 10.8, 223.1, 105.1, 6.6
1, 09/01/2019 19:59:51, 129911, 71.7, 117.8, 14.7, 4945.4, 423.5, 46.1, 3.7, 6.5, 450.9, 301.6, 68225.4, 282.5, 15.8, 388.8, 75, 8.4
1, 09/01/2019 20:19:51, 129912, 67.1, 96.8, 15.6, 2168.4, 575.9, 47.1, 1.5, 15.5, 319.7, 247.9, 75197.2, 252.4, 15.5, 385.5, 94.6, 7.4
1, 09/01/2019 20:39:51, 129913, 60.4, 77.8, 14, 1879.5, 534, 40.1, 1, 15, 251.4, 199.2, 73906.1, 208, 14.9, 354.3, 78.8, 6.5
1, 09/01/2019 20:59:51, 129914, 56.2, 90.2, 10.5, 1218.7, 412.9, 28.5, 0.8, 0.6, 366.2, 230.9, 71125.4, 175.8, 15, 369.6, 53.8, 16.8
1, 09/01/2019 21:19:51, 129915, 56.4, 60.2, 10.5, 2118.4, 416.4, 33.4, 0.7, 0.4, 221.4, 154.1, 47725.5, 232.7, 12.2, 299.1, 67.6, 4.6
1, 09/01/2019 21:39:51, 129916, 52.8, 55.2, 10.7, 2415.4, 367.6, 33.6, 0.7, 1, 230.8, 141.3, 65365.8, 281, 12.2, 296.1, 69.4, 4.3
1, 09/01/2019 21:59:51, 129917, 51.9, 76.2, 9.8, 1666.4, 474.5, 25.3, 0.7, 0.1, 357.8, 195.1, 80409.7, 181.1, 11.4, 291.6, 51.6, 5.7
1, 09/01/2019 22:20:51, 129918, 46.2, 51.9, 8.4, 777.1, 492.9, 23.3, 0.6, 0.1, 218.9, 132.7, 62839.3, 210.2, 9.9, 246.9, 45.2, 3.7
1, 09/01/2019 22:39:50, 129919, 37.4, 60.9, 7.3, 1808.9, 384, 24, 0.5, 4.5, 278.8, 155.8, 79210.5, 233.7, 9.6, 243, 54.3, 3
1, 09/01/2019 22:59:51, 129920, 47.3, 60.4, 11.3, 1715.7, 185.7, 33.5, 0.8, 1.3, 192.8, 154.6, 52916.1, 221.1, 10.8, 287.3, 82.1, 7.9
1, 09/01/2019 23:19:51, 129921, 49.2, 58.9, 13.3, 1065.7, 185.7, 37.1, 1, 0.1, 187.2, 150.9, 52019.5, 234.6, 8.9, 243, 107.7, 11.4
1, 09/01/2019 23:39:50, 129922, 37.3, 45.9, 10.8, 1240.4, 186.7, 32.1, 0.8, 0, 164.3, 117.6, 16749.4, 167.8, 7.3, 200.5, 87.7, 7.8
2, 09/01/2019 00:00:15, 129851, 56.7, 70, 16.9, 3968.7, 432.5, 59.2, 2.9, 6.2, 259, 179.2, 31630.2, 183.5, 11.9, 206.9, 181.6, 8.8
2, 09/01/2019 00:19:16, 129852, 43.7, 74.6, 15.4, 648.2, 361.2, 48, 2.5, 8.4, 331.1, 191, 32164.1, 55.8, 15.3, 195.9, 156.4, 11.1
2, 09/01/2019 00:40:15, 129853, 55.9, 114.5, 17.9, 845.4, 246.9, 43.9, 4.3, 15.7, 315.1, 293, 35534.8, 79.1, 23.1, 258.6, 177.2, 10.6
2, 09/01/2019 01:00:15, 129854, 58.3, 116.8, 19, 2666.4, 235.9, 37.7, 4, 21.1, 359.9, 299, 32467, 164, 21.9, 273.8, 161.7, 9.1
2, 09/01/2019 01:19:15, 129855, 67.2, 114, 18.6, 65514.1, 219.6, 29.6, 5.2, 22.1, 437.9, 291.9, 60552.8, 143.7, 23.6, 351.6, 137.1, 10.3
2, 09/01/2019 01:41:15, 129856, 77.5, 123.6, 18, 66750.9, 203.8, 26.2, 6.2, 23.3, 432.7, 316.4, 38345.9, 117.8, 28.9, 471.5, 142.8, 6.4
2, 09/01/2019 01:59:15, 129857, 53.7, 78.4, 16, 16280.7, 187.2, 28.4, 2.3, 7.1, 276.9, 200.7, 38614.1, 210.4, 17, 208, 162, 7.5
2, 09/01/2019 02:20:15, 129858, 52.1, 67.8, 16.7, 1370, 207, 31.1, 2.2, 1.5, 195.3, 173.5, 35919.7, 77.9, 12.6, 154.3, 172.4, 5.7
2, 09/01/2019 02:39:15, 129859, 49.8, 56.6, 15.8, 783.4, 221.6, 33.2, 3.3, 0.4, 223.5, 144.8, 32875.3, 55.1, 10.5, 122.2, 229, 4.2
2, 09/01/2019 02:59:15, 129860, 47.9, 56.2, 15.4, 3445.4, 181.9, 34.6, 2.7, 6, 231.1, 143.8, 31084.3, 177.7, 11, 158.1, 212.6, 7
2, 09/01/2019 03:20:15, 129861, 41.2, 42.6, 14.6, 2160.7, 179.1, 35.2, 2.9, 2.2, 187.1, 109.1, 28365.6, 62.8, 8.4, 109.5, 204.6, 3.7
2, 09/01/2019 03:40:15, 129862, 34.1, 31, 12.4, 1390.6, 176.6, 31.9, 2.4, 1.3, 113.9, 79.4, 29404.5, 44.9, 6.4, 76.4, 184.1, 3.2
2, 09/01/2019 04:00:15, 129863, 39.6, 37.2, 13.4, 1826.2, 284.7, 30.1, 3.1, 0.3, 141.8, 95.3, 58152.2, 118.1, 6.1, 96.7, 171.4, 2.7
2, 09/01/2019 04:20:15, 129864, 38.5, 29.8, 18.4, 348.1, 309.8, 22.9, 6.5, 0, 118.3, 76.4, 33675, 63.1, 4.5, 67.5, 125.2, 4
2, 09/01/2019 04:39:15, 129865, 27.6, 25.5, 11.3, 152.8, 213, 30.9, 2.3, 0, 186.5, 65.2, 29175.1, 57.1, 2.6, 28.7, 168.2, 5.5
2, 09/01/2019 04:59:14, 129866, 25.3, 21.7, 11.1, 495, 142.4, 32.3, 1.7, 0, 71.7, 55.6, 12888.8, 97.1, 2.9, 23.5, 145.4, 2.6
2, 09/01/2019 05:19:14, 129867, 31.1, 31.7, 12.6, 1630.5, 180.1, 31.3, 2.2, 0, 169.8, 81, 14927.7, 73.2, 4.2, 57.1, 157.5, 2.8
2, 09/01/2019 05:40:15, 129868, 25.5, 23.1, 10.7, 210.9, 149.3, 30.4, 2.2, 0, 142.6, 59.3, 10976.8, 57, 2.4, 22.9, 135.4, 2.3
2, 09/01/2019 05:59:14, 129869, 73.3, 93.1, 17.5, 2354.2, 482.8, 26.6, 4.2, 2.3, 335.5, 238.3, 101231.4, 80.6, 10.6, 243.4, 107.9, 5.8
2, 09/01/2019 06:20:14, 129870, 78.3, 90.7, 17.3, 1032.8, 283, 27.2, 3.9, 1.7, 320.7, 232.2, 76522, 24.2, 11.7, 273.4, 102.5, 5.3
2, 09/01/2019 06:39:14, 129871, 67.2, 71.9, 14.9, 594.9, 242.4, 29.3, 3.4, 0.1, 280.2, 184.2, 79328.1, 14.2, 10, 221, 100.1, 4.3
2, 09/01/2019 07:00:14, 129872, 77.3, 84.9, 16.1, 864.1, 401.3, 31.3, 3.6, 1.3, 301.3, 217.4, 74190, 20, 10.9, 249.9, 95.1, 4.7
2, 09/01/2019 07:19:14, 129873, 78.3, 101.8, 17, 627.2, 468.5, 34.6, 3.8, 1.2, 499.9, 260.6, 50327.8, 28.9, 10.7, 245.4, 104.8, 4.8
2, 09/01/2019 07:39:14, 129874, 68.8, 86.3, 18.2, 1669.1, 348.7, 37.3, 3, 0.2, 317.6, 221, 60686.3, 73, 11.2, 255.2, 108.7, 6.5
2, 09/01/2019 07:59:14, 129875, 45.6, 89.9, 14.7, 342.8, 266.6, 38.6, 2.7, 0, 341.9, 230.2, 46014.4, 54, 8.9, 159.5, 125.6, 6.9
2, 09/01/2019 08:19:13, 129876, 54.1, 52.8, 15.9, 394.4, 317.6, 55.2, 2.8, 0, 181.1, 135.1, 38427.8, 27, 6.3, 125.9, 152.2, 5
2, 09/01/2019 08:39:14, 129877, 54.3, 83.8, 16.8, 1338.9, 346.7, 50.6, 2.8, 0, 347.1, 214.6, 38133.6, 76.4, 7.2, 148.3, 145.3, 7.9
2, 09/01/2019 09:00:13, 129878, 54.1, 87.8, 17.9, 468.9, 267.8, 57, 3.9, 0, 333.5, 224.8, 36933.3, 26.2, 5.7, 111, 171.6, 9.7
2, 09/01/2019 09:19:14, 129879, 46.7, 68.7, 16.2, 363.1, 261, 59.5, 3.6, 0, 242.6, 176, 43046.5, 20, 5.4, 116.6, 176.3, 7.1
2, 09/01/2019 09:40:14, 129880, 50.5, 72.6, 16.7, 270.6, 289.3, 61.4, 3.3, 0, 292.6, 185.8, 41584.1, 22, 5, 123.3, 193.2, 10.4
2, 09/01/2019 09:59:13, 129881, 61.5, 91.6, 19.4, 745.4, 363.7, 62.7, 4.1, 0, 359.2, 234.5, 38779.2, 21, 5.6, 121.1, 189.6, 13.4
2, 09/01/2019 10:20:13, 129882, 62.1, 91.2, 18.5, 1250.4, 358.2, 64.3, 4.5, 0.1, 329.5, 233.3, 31307.6, 75.9, 7.2, 162.7, 177.3, 7.1
2, 09/01/2019 10:40:13, 129883, 41.8, 78.9, 14, 626.1, 292.8, 64.3, 2.5, 0, 311.5, 202.1, 27557.8, 40.2, 5.9, 108.2, 150.3, 5.5
2, 09/01/2019 10:59:13, 129884, 37.7, 63.3, 13.5, 988.7, 318.6, 75.1, 2.3, 0, 349.4, 161.9, 27558.6, 47.2, 4.3, 64.3, 152.6, 7.1
2, 09/01/2019 11:19:13, 129885, 42.1, 53, 14.6, 144.3, 344.7, 75.9, 2.7, 0, 207.7, 135.8, 17224.7, 24, 4, 58, 159.6, 7.2
2, 09/01/2019 11:39:13, 129886, 49.7, 64.2, 14.8, 284.9, 384, 73, 1.6, 0, 288.4, 164.2, 19375.8, 24.8, 4.3, 63.4, 170.5, 12.3
2, 09/01/2019 12:00:13, 129887, 53.2, 78.1, 16, 1388, 371.8, 73.1, 2.4, 0, 262.3, 199.9, 35286.4, 79.1, 5.7, 109.1, 156.5, 18
2, 09/01/2019 12:20:13, 129888, 48.1, 86.3, 16, 529.6, 363.9, 70.3, 3.4, 0, 318.2, 221, 32321.4, 23, 4.6, 82.6, 159.5, 6.7
2, 09/01/2019 12:40:13, 129889, 45.6, 83.6, 14.9, 338.4, 363.3, 67.6, 2.8, 0, 287, 214, 32049.1, 45.3, 4, 73.7, 147.5, 4.5
2, 09/01/2019 12:59:13, 129890, 42.8, 69.1, 14.7, 82.6, 353.8, 78.2, 2.1, 0, 269.3, 176.9, 28091.5, 33, 3.2, 46.6, 162.9, 6.3
2, 09/01/2019 13:19:13, 129891, 54, 78.7, 17.2, 1534, 414.4, 78.6, 3.1, 0, 312.4, 201.4, 33851, 118.2, 5.5, 102.4, 169.6, 11.8
2, 09/01/2019 13:39:13, 129892, 50.9, 76.7, 16.4, 314.1, 396.2, 79.3, 3.4, 0, 244.7, 196.3, 15664.6, 25.1, 4.2, 78, 162.3, 14
2, 09/01/2019 13:59:13, 129893, 49.4, 69.8, 16.4, 484.3, 378.5, 80.8, 3.4, 0, 263.4, 178.7, 28266, 32.3, 4, 62.5, 183.3, 13.7
2, 09/01/2019 14:20:13, 129894, 55.5, 91.8, 16.8, 1166.3, 372.5, 75.8, 2.8, 0.1, 369, 234.9, 12490.4, 93.8, 6.2, 119.1, 163, 12.1
2, 09/01/2019 14:40:13, 129895, 46.3, 49, 15.4, 464.4, 343.5, 81.4, 3.3, 0, 169.5, 125.4, 12350.5, 66.4, 3.9, 49.8, 172.9, 4.8
2, 09/01/2019 14:59:12, 129896, 45.3, 60, 15.8, 127.5, 357.2, 78.8, 3.9, 0, 229.1, 153.6, 12584.9, 57.1, 3.2, 28.8, 187.9, 5.1
2, 09/01/2019 15:19:13, 129897, 46.1, 57.8, 15.7, 100.3, 367.9, 84.1, 3, 0, 216.4, 147.8, 11468.2, 60, 3, 25.9, 169.1, 3.9
2, 09/01/2019 15:39:12, 129898, 53, 70, 16.8, 1321.1, 368.8, 78.5, 2.2, 0, 253.7, 179.1, 13044.3, 109.8, 5.2, 86.3, 167, 4.9
2, 09/01/2019 15:59:12, 129899, 65.7, 76.9, 19.7, 1686.3, 472.8, 75.5, 3.3, 0.3, 258.5, 196.9, 46310.2, 106.3, 8.8, 187.1, 195, 7.3
2, 09/01/2019 16:19:12, 129900, 58.8, 63.9, 18.5, 435.7, 529.9, 86.3, 4.3, 0.1, 256, 163.7, 66421.8, 84.2, 11, 267.7, 147.3, 9.4
2, 09/01/2019 16:40:12, 129901, 67.9, 86.6, 20, 200, 500.6, 92.2, 4.6, 0.1, 257.1, 221.8, 70602.7, 72.6, 11.7, 308.1, 148.4, 6.1
2, 09/01/2019 16:59:12, 129902, 63.6, 89.3, 19, 404, 522.5, 89.3, 3.6, 0, 333.9, 228.5, 72405.6, 127.8, 12.4, 337, 152.8, 6.7
2, 09/01/2019 17:20:11, 129903, 69.3, 93.1, 22.4, 129.1, 558.6, 97.8, 4.4, 0, 325.9, 238.4, 68769.2, 418.7, 12.3, 334.9, 161.2, 6.6
2, 09/01/2019 17:40:11, 129904, 64.8, 82.1, 21.7, 173, 588.5, 101.1, 2.7, 0, 236.3, 210.2, 60224.1, 247, 11.8, 309.7, 145.9, 5.8
2, 09/01/2019 18:00:12, 129905, 60, 76.2, 22, 363.1, 491.3, 105.7, 5, 0, 257.5, 195.2, 59098.3, 189, 9.5, 241.2, 166.1, 8.8
2, 09/01/2019 18:20:12, 129906, 53.4, 63.7, 19.8, 89.6, 406.6, 86.6, 3.7, 0, 203, 163, 53287.8, 169, 7.1, 158.7, 168, 6.9
2, 09/01/2019 18:40:11, 129907, 38.5, 37.6, 15.2, 102.8, 315.6, 69.8, 2.7, 0, 149.7, 96.3, 53087.1, 296.8, 6.1, 123.8, 132.4, 5.4
2, 09/01/2019 18:59:12, 129908, 46.3, 78.1, 17.1, 1609.2, 307.5, 61.6, 3.6, 0, 309.4, 200, 55828.9, 133, 7.9, 151.8, 138.2, 7.1
2, 09/01/2019 19:19:11, 129909, 58.2, 74.4, 19.8, 944.4, 394.2, 69.7, 4.3, 0, 269.6, 190.6, 62305.5, 105.6, 7.4, 145.3, 162.6, 6
2, 09/01/2019 19:40:11, 129910, 57.1, 65.4, 17.9, 358.5, 534.3, 66.4, 3.5, 0.1, 255.9, 167.3, 58990.4, 122.9, 6.2, 109.1, 138.9, 4.1
2, 09/01/2019 20:00:12, 129911, 53.9, 80, 18.8, 521.3, 536.2, 58.7, 3.8, 0.2, 369.3, 204.8, 60715.6, 150.5, 9.4, 219.5, 119.4, 5
2, 09/01/2019 20:19:11, 129912, 65.8, 81.8, 21.5, 879.3, 481.8, 58.3, 3.8, 8.6, 269.8, 209.3, 74033.6, 235.5, 12.7, 335, 112.3, 8.1
2, 09/01/2019 20:40:11, 129913, 74.1, 87.4, 24.3, 811.7, 418.8, 57.2, 4.6, 14.4, 256.1, 223.8, 63609.5, 163.2, 11.9, 307.7, 89.1, 14.8
2, 09/01/2019 20:59:11, 129914, 71, 104.5, 24.4, 842.3, 398.8, 53.1, 5, 2.2, 347.3, 267.6, 46123.8, 117.9, 10.4, 263.2, 99.5, 27.2
2, 09/01/2019 21:20:11, 129915, 67.2, 73.4, 25.2, 782.1, 302.5, 54.4, 5.1, 0.6, 243.5, 187.9, 46148, 228.6, 9.7, 240.1, 103.5, 22.5
2, 09/01/2019 21:40:11, 129916, 63.3, 80.3, 22.2, 950.8, 285.8, 48.8, 3.5, 5.7, 255.3, 205.7, 54889, 76.6, 11, 260.3, 83.7, 16.9
2, 09/01/2019 21:59:11, 129917, 65.3, 89.2, 21, 888.7, 276.4, 47.8, 4, 7.9, 334.3, 228.3, 51210.8, 67.8, 12, 277.2, 61.6, 14.3
2, 09/01/2019 22:20:11, 129918, 69, 78.1, 22.8, 936.8, 269.9, 45.3, 4.7, 4.7, 291.6, 200, 57653, 84.9, 10.8, 263.9, 63.5, 15.3
2, 09/01/2019 22:40:11, 129919, 69.5, 86, 22.4, 960.9, 328.3, 41.8, 3.6, 2.8, 350.4, 220.2, 73521.2, 369.6, 11.2, 292, 49.6, 16.2
2, 09/01/2019 23:00:10, 129920, 86.2, 108.2, 26.4, 2029.6, 479.2, 40.7, 7.7, 7.6, 401.2, 277, 71818.3, 117.1, 18.5, 414.5, 73.1, 22.5
2, 09/01/2019 23:20:11, 129921, 83.3, 89.6, 26.2, 1530, 476.3, 49.1, 5.7, 9, 275.7, 229.4, 64008.9, 63.9, 16.3, 373.1, 88.4, 18.8
2, 09/01/2019 23:40:10, 129922, 75.5, 87, 25, 1291.1, 473.8, 47.4, 4.4, 8.2, 290.3, 222.8, 61200, 68.5, 15.1, 329.7, 85.2, 21.3
3, 08/01/2019 23:59:35, 129851, 31.6, 42.3, 4.9, 23260.9, 202.8, 2.5, 0.4, 4.4, 211.1, 108.3, 24191.2, 345.9, 13.4, 263.6, 1.1, 3.2
3, 09/01/2019 00:19:34, 129852, 43.6, 77.5, 7.1, 28059.3, 35.5, 0.7, 0.5, 0.5, 279.2, 198.4, 45428.9, 1052.5, 41.9, 382.7, 2.5, 5.4
3, 09/01/2019 00:39:34, 129853, 59.6, 83.6, 11.6, 11254.4, 66.3, 1.1, 0.7, 2.9, 273.9, 214.1, 37772.9, 988.8, 42.6, 475.7, 2.4, 7.6
3, 09/01/2019 00:59:34, 129854, 58.7, 77.2, 10.8, 22744.2, 245.1, 7.6, 0.7, 2, 361.1, 197.7, 50080.6, 408.1, 33, 570.9, 2.3, 7.2
3, 09/01/2019 01:19:34, 129855, 36.7, 57, 6.9, 3897.7, 51.7, 1.4, 0.5, 5.7, 382.3, 146, 60159.1, 427, 28.2, 361.1, 4.2, 6.5
3, 09/01/2019 01:39:34, 129856, 38.5, 62.1, 6.9, 7931.4, 121.1, 0.4, 0.5, 12, 205.4, 159.1, 75584.8, 500.3, 26.9, 364, 3.3, 5.1
3, 09/01/2019 01:59:33, 129857, 51.7, 91.1, 9, 31494.7, 362.8, 0.7, 1.5, 32.4, 301.8, 233.2, 52905.3, 476.1, 27.7, 491, 1.5, 4.2
3, 09/01/2019 02:19:34, 129858, 53.3, 80.5, 10, 3487.5, 792.2, 0.2, 1, 24.5, 271.9, 206, 57312.2, 474.8, 21.5, 401.5, 1.4, 4.4
3, 09/01/2019 02:39:34, 129859, 39.6, 66.4, 6.9, 2477.8, 331.2, 1, 0.5, 22.3, 197.9, 169.9, 58806.3, 322.7, 20.5, 336.5, 4.3, 5.7
3, 09/01/2019 02:59:34, 129860, 44, 73.5, 8.3, 22037.9, 371.5, 2.3, 0.6, 20.7, 288.3, 188.2, 82663.6, 438.1, 21.1, 366.2, 1.3, 11.6
3, 09/01/2019 03:19:34, 129861, 45.6, 80.1, 9.1, 5522.7, 330.6, 1.8, 1.1, 27.7, 274.5, 205.1, 85100.8, 486.4, 22.5, 386.8, 2.3, 9.6
3, 09/01/2019 03:39:34, 129862, 43.7, 71.2, 8.7, 3934.9, 286.8, 1.9, 0.6, 20.7, 235.4, 182.2, 72364.8, 355.8, 20.7, 380.1, 2, 8.2
3, 09/01/2019 04:00:33, 129863, 36.1, 55.5, 6.6, 14479.8, 263.8, 3.3, 0.5, 13.3, 168.8, 142.1, 107138.3, 537.3, 18.8, 374.1, 0.9, 10.6
3, 09/01/2019 04:19:33, 129864, 49.1, 71.7, 8.1, 52689.7, 398.9, 6.8, 0.8, 12.5, 326.6, 183.6, 105290.8, 575.3, 22.5, 480.3, 1.5, 17.5
3, 09/01/2019 04:39:33, 129865, 43.5, 112.8, 7.7, 72137.3, 257.1, 10.5, 0.5, 17.9, 362.5, 288.8, 118527.9, 473.6, 30.1, 701.4, 0.3, 54.8
3, 09/01/2019 04:59:38, 129866, 56, 89.8, 10.1, 17095, 353.8, 10.8, 1.8, 18.1, 360.5, 229.8, 123634.8, 482.5, 24.3, 608.5, 0.6, 9.5
3, 09/01/2019 05:19:38, 129867, 67.3, 101.8, 12.1, 6199, 840.8, 9.3, 2.4, 20.3, 343.1, 260.7, 54324.3, 397, 26, 627.6, 0.3, 7.8
3, 09/01/2019 05:39:37, 129868, 43.4, 58.2, 7.4, 3854.9, 350.1, 8.2, 0.5, 11.9, 197.4, 148.9, 72052.9, 564.4, 19.3, 421.5, 0.3, 3.5
3, 09/01/2019 05:59:38, 129869, 41.8, 62.6, 8.1, 17031.4, 420.4, 7.6, 0.6, 8.8, 231.6, 160.3, 79427.9, 428, 21.4, 522, 0.4, 7.2
3, 09/01/2019 06:19:38, 129870, 38, 55.2, 7.5, 3245.4, 281.2, 9.2, 0.6, 10, 218.8, 141.4, 88516.8, 384.3, 18, 343.1, 0.5, 4.9
3, 09/01/2019 06:39:38, 129871, 56.7, 80.1, 10.7, 7662.6, 380, 4.1, 2.1, 13.1, 323.3, 205, 87777.7, 704.1, 25.9, 596.9, 0.7, 4.4
3, 09/01/2019 06:59:37, 129872, 45.8, 69.1, 8.6, 18032.2, 330.6, 9.2, 0.6, 14.9, 239.6, 176.8, 70539.8, 493.6, 25.6, 551.6, 1.1, 4.8
3, 09/01/2019 07:19:38, 129873, 42.7, 63.3, 6, 4496.3, 221.6, 23, 0.6, 15.4, 238.9, 161.9, 98647.6, 381.7, 24.6, 536.3, 0.8, 2.9
3, 09/01/2019 07:39:38, 129874, 40.3, 59.7, 6.3, 3242.9, 286.7, 34.3, 0.6, 10, 244.6, 152.7, 65129.5, 614.1, 21.1, 407.9, 1.9, 2.7
3, 09/01/2019 07:59:38, 129875, 44.1, 82.1, 6.2, 15748.2, 253.4, 14, 2.7, 11.5, 384.9, 210.2, 79975, 389.6, 27.1, 637.8, 1.4, 2.8
3, 09/01/2019 08:19:37, 129876, 50.1, 83.5, 8.7, 11099, 320.8, 31.5, 1, 17.3, 364.6, 213.7, 94705.6, 680.8, 26.5, 613.1, 1, 6.3
3, 09/01/2019 08:39:37, 129877, 46.3, 86.1, 7.7, 16054, 309.3, 26.3, 3.6, 21, 503.5, 220.4, 108798.4, 639.4, 28.4, 749.3, 1.2, 4.2
3, 09/01/2019 08:59:38, 129878, 53.2, 122.2, 9.5, 25607.1, 267.8, 23.1, 6.5, 33.1, 585.1, 312.9, 154602.5, 424.3, 37.8, 1095.7, 1.3, 6
3, 09/01/2019 09:19:37, 129879, 54.9, 124.4, 9.6, 14389.3, 440.4, 12.9, 1.2, 23.3, 491.7, 318.6, 100804.8, 724, 38.6, 1180, 1.5, 4.8
3, 09/01/2019 09:40:37, 129880, 50.2, 110.1, 8.8, 35028.3, 272.6, 14.8, 1.6, 28.2, 430.2, 281.7, 102013.6, 795.4, 40.3, 1136.5, 1.7, 5.9
3, 09/01/2019 09:59:37, 129881, 60.2, 118.7, 12.2, 76633.7, 291.8, 9.3, 2.3, 39.5, 407.8, 303.9, 116850.1, 432.5, 43.5, 1214.6, 3, 11.3
3, 09/01/2019 10:20:37, 129882, 67.8, 142.9, 12.7, 70693, 254, 3.6, 3.7, 51.2, 531.9, 365.8, 97700.9, 691.1, 42.4, 1049.6, 1.4, 8.6
3, 09/01/2019 10:39:37, 129883, 48.7, 109.9, 10.2, 70234, 88.5, 2.6, 0.6, 36.4, 359, 281.2, 90182.6, 483.1, 35.6, 748.6, 1.3, 9.1
3, 09/01/2019 10:59:37, 129884, 57.9, 135.6, 11, 67433.2, 173.5, 4.9, 3, 48.4, 394.5, 347.1, 132504, 802.9, 38.7, 847.5, 2.3, 11.3
3, 09/01/2019 11:19:36, 129885, 76.5, 144.3, 11, 25188.1, 327.9, 15.8, 4.5, 48.5, 509.7, 369.5, 103600.8, 754.3, 43.6, 1174.8, 0.9, 6.1
3, 09/01/2019 11:39:37, 129886, 60.5, 122.6, 9.1, 8660.9, 182.6, 12.8, 2, 45.6, 409.3, 313.8, 90569.3, 1011.3, 42.2, 1157.1, 1.4, 7.9
3, 09/01/2019 11:59:37, 129887, 56, 131.8, 8.4, 22100.3, 244.1, 4.7, 4.7, 64.4, 519.5, 337.4, 120732.1, 762.7, 44.8, 1073.3, 1.3, 9.2
3, 09/01/2019 12:19:36, 129888, 69.9, 148.7, 10.1, 16479.3, 354.8, 7.5, 5.2, 55.5, 485.5, 380.7, 65103.5, 818, 42.4, 920.6, 2.7, 5.3
3, 09/01/2019 12:40:37, 129889, 47.3, 109.8, 7.8, 5993.6, 307.5, 4.8, 0.7, 42.8, 355.5, 281, 64987.1, 959.3, 35.5, 726.2, 1.4, 4.9
3, 09/01/2019 12:59:37, 129890, 45.9, 95.4, 7.5, 29401.6, 332.5, 13.2, 1, 33, 410.5, 244.2, 78518.8, 716, 34.4, 754.9, 2, 5.8
3, 09/01/2019 13:19:37, 129891, 66.8, 115.9, 11.3, 20777.1, 583.9, 3.1, 2.2, 39.9, 344.1, 296.6, 71336.2, 986.8, 34.7, 816.3, 1.9, 7.8
3, 09/01/2019 13:39:36, 129892, 39.9, 89.2, 6.6, 11902.7, 151.3, 4.7, 0.5, 43.1, 285.8, 228.5, 61797.2, 1414.4, 28.7, 597.5, 3, 6.8
3, 09/01/2019 13:59:37, 129893, 49.4, 130.2, 9.1, 44267.5, 275.1, 6.4, 3.4, 62.7, 405.7, 333.4, 65455.1, 754.3, 37.2, 866.5, 2.1, 9.6
3, 09/01/2019 14:19:36, 129894, 43.6, 121.1, 8, 27643.8, 70.3, 4.9, 0.7, 56.7, 437, 310, 64811.7, 1110.2, 36.7, 819.6, 1.6, 6.7
3, 09/01/2019 14:39:36, 129895, 36.3, 99.2, 6.4, 7022.6, 52.7, 0.8, 0.5, 54.3, 317.4, 254, 60507.3, 1219.8, 36, 660, 4.6, 3.9
3, 09/01/2019 14:59:36, 129896, 34.5, 98.6, 6, 35081, 105.8, 0.5, 0.4, 55, 292.6, 252.4, 68780.8, 896.3, 37.9, 667.7, 3.6, 3.8
3, 09/01/2019 15:19:36, 129897, 39.2, 106.8, 7.1, 4673.9, 220.5, 1.2, 0.6, 60.2, 385.5, 273.4, 59389.5, 1294.8, 44.9, 840.1, 4.8, 3.1
3, 09/01/2019 15:39:36, 129898, 28.4, 94.7, 5.3, 6175.1, 54, 0.7, 0.4, 59.8, 322.6, 242.4, 66051, 1356.4, 45.9, 817, 3.1, 2.9
3, 09/01/2019 15:59:35, 129899, 28.9, 87.5, 5.5, 20503.7, 67.4, 1.7, 0.4, 53.5, 268.3, 224, 61909, 1096.7, 40.2, 707.1, 2.6, 3.7
3, 09/01/2019 16:19:35, 129900, 27.8, 85.8, 5.4, 3449.1, 34.7, 0.8, 0.5, 53.4, 267.4, 219.7, 67134.6, 1895.2, 40.4, 687.5, 4, 3.2
3, 09/01/2019 16:39:35, 129901, 25.4, 94.8, 5, 5052.5, 53.6, 0.9, 0.4, 55, 481.8, 242.8, 68130.3, 1037, 43.2, 747, 2.7, 2.6
3, 09/01/2019 16:59:35, 129902, 30, 94.5, 5.6, 19717, 199.8, 0.2, 0.4, 52.7, 341.1, 242, 74219.8, 542.7, 43.4, 763.1, 1.8, 3.4
3, 09/01/2019 17:19:40, 129903, 25.9, 86.6, 4.8, 1939.3, 43.8, 1.2, 0.3, 49.1, 257.2, 221.6, 69630.9, 1329.2, 42, 683.9, 2.9, 2.9
3, 09/01/2019 17:39:41, 129904, 24.7, 83.6, 4.9, 3321.4, 54.1, 0.3, 0.4, 47.6, 244.7, 214.1, 76384.1, 529.8, 41, 613.8, 1.3, 2.9
3, 09/01/2019 18:00:40, 129905, 23.5, 118.5, 5, 20265.2, 55, 0.3, 0.4, 47.8, 1862.5, 303.4, 74192.9, 303.1, 40.7, 584, 2.4, 4.7
3, 09/01/2019 18:19:40, 129906, 22.4, 85.9, 5.1, 1034.9, 31.8, 1.4, 0.4, 51.9, 272.4, 220, 81140.5, 438.5, 40.6, 615.8, 0.8, 3.2
3, 09/01/2019 18:39:40, 129907, 22.3, 82.8, 4.7, 1534.5, 35.7, 0.1, 0.3, 50.1, 255.4, 212, 77374.3, 302.3, 39.3, 601.1, 0.8, 3
3, 09/01/2019 18:59:40, 129908, 33.9, 98.9, 6.4, 51599.7, 51.8, 3.1, 0.4, 32.3, 307.4, 253.1, 112179.5, 338.8, 50.7, 866.7, 3.6, 7.3
3, 09/01/2019 19:19:40, 129909, 31.2, 92.7, 6.2, 6511, 111.7, 8.4, 0.4, 35.7, 284.9, 237.2, 87896.8, 440.2, 47.9, 790.6, 3.6, 4.4
3, 09/01/2019 19:39:40, 129910, 26.7, 75.5, 5.8, 790.2, 60.4, 4.1, 0.4, 28.3, 237.5, 193.2, 66267.7, 314.2, 44.5, 676.4, 2.9, 5.3
3, 09/01/2019 19:59:39, 129911, 27.2, 69.1, 5.2, 17482.9, 72.7, 1.2, 0.4, 18.9, 218.2, 176.9, 73704.2, 291.1, 39.5, 639, 2.2, 4.8
3, 09/01/2019 20:19:40, 129912, 25.4, 53.3, 4.8, 599.1, 29.2, 0.9, 0.4, 8.5, 161.2, 136.5, 74839.9, 460.5, 35.5, 603.1, 3.6, 4.4
3, 09/01/2019 20:39:40, 129913, 22.7, 53.8, 4.5, 4994.1, 31.2, 0.1, 0.3, 7.6, 413.5, 137.8, 51949.7, 382.5, 32, 544.5, 3.1, 4.8
3, 09/01/2019 20:59:39, 129914, 34.3, 71.8, 6.7, 34825.4, 187, 0.2, 0.4, 7.3, 356.1, 183.8, 49771.3, 484.8, 32.3, 669.5, 2.1, 8.6
3, 09/01/2019 21:19:40, 129915, 23.6, 67, 3.6, 5094.1, 22.5, 0, 0.3, 19.5, 471.1, 171.5, 49731.9, 436.3, 30.1, 537.1, 2.3, 2.6
3, 09/01/2019 21:39:39, 129916, 23.7, 57.2, 3.7, 3856.1, 30.1, 0, 0.3, 20.8, 161.3, 146.4, 49233.2, 340.6, 30.3, 526.4, 2.6, 4.2
3, 09/01/2019 21:59:39, 129917, 26.7, 59.4, 3.7, 18191.6, 17.8, 0.2, 0.3, 16.4, 173.3, 152, 46005.4, 282.3, 30.6, 531, 1.9, 3.8
3, 09/01/2019 22:19:40, 129918, 23.5, 46.9, 3.9, 1445.7, 15.1, 0.2, 0.3, 16.7, 202.6, 120, 44918.7, 350.5, 27.6, 481.1, 1.8, 3
3, 09/01/2019 22:39:40, 129919, 21.2, 50.4, 4, 3936.8, 11.6, 0.5, 0.3, 17.4, 168.5, 129.1, 43599.5, 359.4, 25.4, 433.4, 4.5, 2.7
3, 09/01/2019 22:59:39, 129920, 28.9, 62.2, 5.4, 20552.2, 141.6, 1.3, 0.5, 19.3, 302.7, 159.3, 43266.2, 315, 26.5, 465.6, 9.5, 4
3, 09/01/2019 23:19:39, 129921, 23.3, 51.8, 4.8, 548.9, 36.3, 1.7, 0.4, 16, 162.8, 132.6, 42741.8, 413.6, 24.3, 404, 10.2, 2.8
3, 09/01/2019 23:39:39, 129922, 22.5, 44.6, 4.1, 1706.3, 19.9, 1.5, 0.3, 14.6, 153.4, 114.1, 42464.6, 361.9, 23.4, 385.8, 6.9, 2.6
4, 08/01/2019 23:59:32, 129851, 29.1, 32.2, 4.3, 16683, 26.2, 1.2, 0.3, 1.5, 232.4, 82.4, 38539.2, 262.6, 16.8, 212.6, 4.7, 3
4, 09/01/2019 00:19:31, 129852, 49.7, 105.9, 6.4, 5463.6, 106.6, 0.8, 0.7, 7.9, 368.9, 271.1, 83799, 226.4, 54.3, 461.4, 4.1, 2.1
4, 09/01/2019 00:40:31, 129853, 57.1, 122.2, 7.5, 4449.4, 209.2, 0.5, 0.5, 13.6, 377.9, 312.9, 88671.5, 196.6, 64.9, 688.2, 2.3, 1.7
4, 09/01/2019 00:59:31, 129854, 58.3, 117.8, 8.3, 17529, 421.3, 0.6, 0.6, 4.8, 369.2, 301.6, 55786.3, 201.8, 65.4, 719.9, 3.4, 2.4
4, 09/01/2019 01:19:30, 129855, 53.8, 106, 7.9, 5218.4, 542.8, 1.7, 0.6, 1.3, 389.6, 271.3, 35597.2, 185.1, 60, 664.5, 3.7, 4.7
4, 09/01/2019 01:42:31, 129856, 49, 91.3, 7.2, 3822.3, 412.3, 1.9, 0.5, 5.3, 319.6, 233.6, 59263.5, 298.4, 43.9, 465.8, 3.8, 5.5
4, 09/01/2019 01:59:31, 129857, 72.5, 103.5, 10.6, 15235.4, 402.6, 3.7, 1.8, 6.9, 334.4, 265.1, 51844.4, 160, 41.3, 532.9, 3.3, 8
4, 09/01/2019 02:19:30, 129858, 47, 54.6, 7.1, 6813.2, 321, 3, 0.5, 2.8, 214.3, 139.9, 52794.6, 123.9, 21.5, 331.3, 1.8, 5.7
4, 09/01/2019 02:39:31, 129859, 40, 39.3, 5.9, 9387.4, 212.6, 2.2, 0.4, 1.1, 113.8, 100.7, 33099.2, 196.4, 17, 282.1, 4.7, 8.5
4, 09/01/2019 02:59:31, 129860, 51.5, 55.8, 8.2, 17605.4, 350.4, 9, 0.6, 5.2, 206.2, 142.9, 40255.9, 142.3, 19.2, 360.5, 2.7, 10
4, 09/01/2019 03:19:31, 129861, 49.4, 54.8, 8.8, 5042.3, 400.7, 6.3, 0.6, 10.9, 178.6, 140.2, 74784.3, 160.7, 23, 392.1, 4.7, 7
4, 09/01/2019 03:39:31, 129862, 39.9, 46.3, 6.7, 4862, 102, 4, 0.5, 5.7, 171.1, 118.5, 71784.9, 178, 20.8, 331.8, 10.8, 9
4, 09/01/2019 04:00:31, 129863, 57.5, 54.1, 8.5, 30845.1, 257.4, 8.8, 0.7, 4.9, 186.1, 138.5, 123054.1, 238.4, 25.1, 511.8, 8.9, 6.4
4, 09/01/2019 04:19:30, 129864, 76.8, 79.8, 11.5, 30957.2, 451.1, 4.9, 3.4, 1.8, 425.1, 204.4, 73331.4, 3717.8, 30.3, 569.7, 8.4, 16.4
4, 09/01/2019 04:39:30, 129865, 71.9, 139.8, 10.8, 129120.4, 259.4, 8.3, 0.9, 1.3, 437.7, 358, 58324.6, 225.8, 38.4, 708.1, 8.2, 78.9
4, 09/01/2019 04:59:31, 129866, 67.4, 71.9, 10.9, 35199.1, 291.4, 6.4, 1.3, 5.2, 247.1, 184.1, 86100, 237.8, 28.6, 651.3, 9.3, 4.4
4, 09/01/2019 05:19:31, 129867, 59.1, 59.3, 9.4, 3936.4, 417.6, 6.5, 0.8, 1.1, 235, 151.7, 41748, 145.9, 24.3, 526.5, 7.8, 2.8
4, 09/01/2019 05:39:30, 129868, 44.4, 39.3, 6.8, 4486.1, 49.1, 13.5, 0.5, 0.8, 149.6, 100.6, 46589.5, 144.8, 24.4, 458.3, 5, 3.3
4, 09/01/2019 05:59:30, 129869, 41.8, 57.9, 7.1, 21151.7, 315.5, 17.4, 0.4, 15, 213.4, 148.2, 61374.8, 235, 30, 555, 5.8, 5.2
4, 09/01/2019 06:19:30, 129870, 33.9, 38.7, 5.7, 4002.6, 149.3, 6.7, 0.5, 9.2, 136.3, 99, 74512.8, 96.3, 24.5, 516.7, 6, 4.1
4, 09/01/2019 06:39:30, 129871, 43.8, 47.5, 7.7, 2535.5, 103.5, 5.8, 0.5, 5, 181.7, 121.6, 95990.5, 314.2, 25.6, 646.5, 6.3, 4.1
4, 09/01/2019 06:59:29, 129872, 52, 56.9, 7.9, 19638.6, 283.3, 10.6, 0.6, 5.9, 202.9, 145.6, 78704.1, 136.7, 21.8, 550.4, 6, 3.4
4, 09/01/2019 07:19:29, 129873, 42.6, 46.1, 8.4, 5247.5, 223.6, 4.3, 0.6, 2.7, 141.2, 117.9, 74406.3, 168.7, 17.7, 354.2, 7.3, 4.2
4, 09/01/2019 07:39:30, 129874, 45.2, 44.1, 9.7, 3634.3, 316, 25.6, 0.7, 2.1, 229.3, 112.9, 17699.5, 147.9, 18.4, 367, 6.1, 5.1
4, 09/01/2019 07:59:30, 129875, 57.3, 83.4, 11.2, 35044.9, 523.2, 9.3, 2.5, 4.2, 415.6, 213.4, 92457.7, 142.4, 23.9, 687.6, 4.1, 5.7
4, 09/01/2019 08:19:30, 129876, 69.2, 80.9, 12.8, 19443.3, 545.3, 13.2, 2.1, 3.8, 292.3, 207, 76334.3, 178.1, 26.5, 784.2, 4.3, 7.5
4, 09/01/2019 08:39:29, 129877, 47.7, 55.3, 9.8, 5740.8, 303.6, 15.3, 0.8, 0.5, 263.2, 141.5, 93516, 300.4, 23.7, 617.6, 5.3, 7.9
4, 09/01/2019 08:59:29, 129878, 58.4, 86.6, 11.3, 17852.3, 379, 17.6, 5.3, 8.2, 421.6, 221.8, 97705.6, 294, 31.2, 1042, 4.5, 8.6
4, 09/01/2019 09:19:29, 129879, 71.7, 137.6, 13.9, 3381.4, 409.9, 21.8, 3, 11.7, 597.4, 352.3, 111197.3, 228.8, 41, 1420.9, 4.7, 9.4
4, 09/01/2019 09:40:29, 129880, 58.9, 98.4, 11.9, 9186.8, 352.7, 22.1, 1.6, 5.5, 446, 252, 72970.9, 158.7, 38.5, 1379.6, 4.1, 12.2
4, 09/01/2019 09:59:29, 129881, 65.7, 94.6, 12, 16944.1, 420.6, 14.4, 1.8, 3.8, 572.8, 242.2, 97510.9, 197, 34.7, 1409.1, 1.1, 11.2
4, 09/01/2019 10:20:29, 129882, 64.5, 85.8, 12.3, 3355.6, 416.9, 20.5, 1.2, 7.3, 252.4, 219.7, 53206.1, 196.9, 32.6, 1109.9, 1.2, 9.6
4, 09/01/2019 10:39:29, 129883, 62.9, 98.3, 10.3, 20288.9, 227.5, 12.1, 2.7, 6.6, 366.7, 251.7, 58013.4, 206, 32.3, 964.7, 1.2, 10.1
4, 09/01/2019 10:59:29, 129884, 59.5, 87.7, 11.2, 43192, 233.4, 11.4, 6.4, 6.2, 358, 224.6, 54463, 167.9, 29, 881.5, 1.3, 13.2
4, 09/01/2019 11:19:29, 129885, 76.6, 101.2, 12.9, 14705, 426.5, 16.9, 4.3, 8.8, 394.4, 259, 45941, 178.2, 31, 946.3, 1.2, 13.1
4, 09/01/2019 11:39:28, 129886, 65.7, 84.8, 12.4, 27628.8, 334.2, 11.2, 1.5, 8.6, 348.5, 217.2, 69574.6, 192.8, 35.4, 1016.1, 1, 19.8
4, 09/01/2019 11:59:28, 129887, 66.5, 92.7, 12.2, 53535.5, 227.5, 14.3, 1.3, 1.1, 377.6, 237.2, 89165.1, 189, 36, 1057.3, 0.5, 24.6
4, 09/01/2019 12:19:29, 129888, 63.8, 81.8, 11.1, 2838.4, 275.6, 18.7, 0.8, 3.3, 259.6, 209.4, 73579.4, 133.5, 33.2, 948.7, 2.6, 11.6
4, 09/01/2019 12:40:28, 129889, 61, 75.6, 12.2, 1768, 207.1, 12.3, 0.8, 0.2, 244.7, 193.6, 49352.2, 123.8, 28.7, 765.2, 0.5, 11
4, 09/01/2019 12:59:29, 129890, 60.5, 69.1, 10.3, 21655.9, 236.1, 30.5, 0.9, 0.3, 258.3, 176.9, 57449, 204.7, 25, 632.8, 0.9, 11.5
4, 09/01/2019 13:19:28, 129891, 54.9, 70.8, 9.7, 23248.1, 234.2, 9.8, 0.6, 10.2, 237, 181.2, 82303.4, 181, 25.8, 650.2, 0.5, 13.7
4, 09/01/2019 13:39:29, 129892, 67.4, 82.1, 11.2, 16261.1, 241.4, 9.9, 1, 7.5, 300.7, 210.2, 65796.4, 124.1, 27.9, 682.6, 0.9, 16.2
4, 09/01/2019 13:59:28, 129893, 67.3, 86, 11.3, 17741.8, 192.9, 19.1, 1.7, 4.4, 310.1, 220.2, 43688.6, 192.6, 30.3, 829.7, 0.7, 16.9
4, 09/01/2019 14:19:28, 129894, 51.3, 76.9, 10.2, 7790.3, 179.3, 9.5, 0.7, 3.5, 300.8, 196.8, 58868, 176.1, 33.1, 802.3, 1.9, 13.7
4, 09/01/2019 14:40:28, 129895, 66.1, 87.7, 12.9, 5371.5, 195.2, 19.4, 1.2, 3.8, 305.9, 224.6, 60656.4, 134.6, 35.4, 899.7, 1.2, 12.8
4, 09/01/2019 14:59:29, 129896, 82.7, 102.1, 14, 3107.6, 311.7, 5.9, 3.1, 5.8, 385.7, 261.5, 76279.1, 107.3, 29.3, 901.1, 0.6, 13.9
4, 09/01/2019 15:19:28, 129897, 63.8, 78.6, 12.3, 2172.9, 288.5, 9.1, 1, 0.5, 249.7, 201.1, 50530.4, 115.1, 27, 780.6, 0.5, 12.3
4, 09/01/2019 15:39:28, 129898, 61.2, 72.6, 9.8, 5601.6, 381.9, 16.6, 0.7, 9.9, 241.9, 185.8, 63697.7, 150.8, 30.2, 788.3, 2.5, 8.6
4, 09/01/2019 15:59:28, 129899, 67.6, 91.3, 10.7, 17606.8, 313.2, 11.4, 3.2, 23.1, 329.7, 233.7, 81605, 136.9, 30.6, 740.6, 2.4, 9.3
4, 09/01/2019 16:19:33, 129900, 57.8, 87.7, 10.5, 12783.8, 247.1, 18.2, 1, 16, 375.5, 224.5, 36844, 160.9, 31.4, 766.1, 1, 11.9
4, 09/01/2019 16:39:33, 129901, 62.2, 94.3, 10.7, 7423, 388.8, 5, 1.1, 28.2, 407.4, 241.4, 38272.7, 123, 32.5, 721.6, 1, 8.8
4, 09/01/2019 16:59:33, 129902, 53.2, 96.5, 8.3, 17683.4, 196.3, 19.4, 0.9, 17.9, 455, 246.9, 65821.7, 153.1, 32.3, 670.7, 1.1, 6.8
4, 09/01/2019 17:19:33, 129903, 43.9, 74.3, 7.5, 8740.3, 78.5, 5, 0.5, 7, 416.5, 190.3, 66804.1, 195.5, 28.2, 489, 1.2, 7
4, 09/01/2019 17:39:33, 129904, 48.3, 63, 7.9, 4529.9, 139.2, 15.3, 1.3, 8.6, 310.5, 161.4, 39474.1, 178.1, 25.5, 432.9, 1.3, 7.5
4, 09/01/2019 18:00:33, 129905, 53.1, 80.4, 8.5, 17349.7, 370.2, 4.7, 0.7, 20.5, 243.2, 205.8, 85205.5, 134.6, 31.7, 514.7, 4.6, 8
4, 09/01/2019 18:19:33, 129906, 51, 79.6, 10.2, 6003.4, 243, 13.8, 0.7, 11.5, 249.1, 203.7, 40768.4, 157.2, 34.9, 536.4, 8.8, 10.1
4, 09/01/2019 18:40:32, 129907, 45.5, 77.7, 8.8, 6505.8, 119.4, 7.7, 0.5, 13.7, 322.6, 199, 46369.9, 207.2, 33.7, 509, 6.8, 7.7
4, 09/01/2019 18:59:32, 129908, 58, 129.3, 9.9, 17873.3, 206.4, 36.1, 1.4, 23, 750.2, 331.1, 47123.1, 125.9, 44.6, 1135.5, 5.9, 14.3
4, 09/01/2019 19:19:32, 129909, 64.4, 102.4, 12, 3972.5, 502.6, 21, 2, 10, 510, 262.2, 64179.2, 163, 34.5, 718.6, 7.7, 10.5
4, 09/01/2019 19:39:32, 129910, 46, 71.5, 9, 17099.2, 214, 22.3, 0.7, 6.9, 250.7, 183, 34125.1, 144.4, 30.9, 491.6, 8.5, 10.2
4, 09/01/2019 19:59:32, 129911, 33.9, 58.6, 7.3, 17461.5, 167.5, 19.1, 0.5, 1.7, 199.9, 150.1, 34474.7, 156.2, 28.1, 401.7, 7.8, 10
4, 09/01/2019 20:19:32, 129912, 54.9, 123.2, 9.5, 5493.3, 375.7, 72.4, 6.1, 24.7, 510, 315.3, 41981.7, 147.7, 29.9, 787, 2.3, 12.4
4, 09/01/2019 20:39:32, 129913, 66, 134.4, 11.3, 2526.5, 594.9, 92.6, 10.2, 32.9, 501.1, 344, 51874, 74, 32.5, 1034.6, 1.3, 16
4, 09/01/2019 20:59:32, 129914, 57, 148.5, 8.2, 12425.4, 378.4, 71.1, 6.2, 37.2, 614.9, 380.2, 69182.3, 87.1, 32.5, 987.4, 0.6, 29
4, 09/01/2019 21:19:32, 129915, 62.3, 130.4, 8.5, 285.8, 449.1, 85.1, 8.9, 41, 632.3, 333.9, 69404.6, 72.8, 31.2, 996.4, 0.5, 11.5
4, 09/01/2019 21:39:32, 129916, 47.9, 93, 7.3, 1719.4, 266.1, 49.9, 2.6, 24.9, 494.6, 238, 69295.7, 110.4, 24, 618.8, 0.4, 10.6
4, 09/01/2019 21:59:31, 129917, 41.9, 66.3, 6.5, 16787.7, 201.1, 4.6, 0.5, 10.6, 285.9, 169.7, 42645.3, 178.8, 19, 387.6, 0.8, 8.1
4, 09/01/2019 22:20:31, 129918, 35.9, 50, 5.1, 4759.8, 80.9, 15.3, 0.4, 7.7, 190.5, 127.9, 40561.3, 136.4, 16.7, 351.9, 0.8, 7
4, 09/01/2019 22:39:32, 129919, 33.1, 48.6, 4.7, 1463.3, 88.6, 14.5, 0.4, 6.9, 167.8, 124.4, 33607.3, 107.1, 17, 356.7, 1.2, 6.5
4, 09/01/2019 22:59:31, 129920, 38.7, 55.2, 5.8, 14546.6, 141.3, 20.8, 0.4, 7.7, 192.5, 141.4, 42697.7, 103, 17.2, 400.7, 0.4, 6.2
4, 09/01/2019 23:19:31, 129921, 27.8, 44.9, 4.9, 4858.5, 45.6, 6.4, 0.4, 9.3, 164.3, 114.9, 44546.9, 122.7, 16.5, 333.4, 2.1, 5
4, 09/01/2019 23:39:31, 129922, 28.8, 50, 5.2, 3903.1, 42.5, 6.1, 0.4, 13, 156.2, 128.1, 44426.2, 104.7, 17.3, 348.3, 0.8, 5.4
