INSTANCE_NUMBER, SNAP_ID, T_BEG, USR_GROUP, CPU, DBTIME, PGA, OTH_WAIT, PXENQ, PXQTIME, PXQRY, PXREL, REQS, YIELDS, IOWAIT, READ, WRITE
1, 131651, 03/02/2019 00:00:17, ADW_UNLOAD_GROUP, 0, 0, 0, 0, 0, 0, 0, 0, 477, 0, 0, 0, 0
1, 131652, 03/02/2019 00:20:23, ADW_UNLOAD_GROUP, 0, 0, 0, 0, 0, 0, 0, 0, 376, 1, 0, 0, 0
1, 131653, 03/02/2019 00:40:10, ADW_UNLOAD_GROUP, 0, 0, 0.4, 0, 0, 0, 0, 0, 166, 0, 0, 0, 0
1, 131654, 03/02/2019 01:00:27, ADW_UNLOAD_GROUP, 3, 12.3, 1009.3, 5.6, 0, 0, 11, 84, 769, 437, 3.7, 778.9, 4540.5
1, 131655, 03/02/2019 01:20:06, ADW_UNLOAD_GROUP, 5.4, 17.5, 1540.1, 3.9, 0, 0, 12, 76, 894, 1328, 8.2, 1613.5, 5216.6
1, 131656, 03/02/2019 01:40:16, ADW_UNLOAD_GROUP, 2.6, 9.9, 1063.3, 1.6, 0, 0, 13, 140, 656, 508, 5.7, 1345.9, 4712.2
1, 131657, 03/02/2019 02:00:11, ADW_UNLOAD_GROUP, 2.5, 6.3, 845.4, 2.4, 0, 0, 6, 76, 546, 541, 1.4, 1247.6, 3284.9
1, 131658, 03/02/2019 02:20:06, ADW_UNLOAD_GROUP, 9.3, 15, 4653.1, 3.3, 0, 0, 26, 264, 1149, 3691, 2.4, 2805.1, 5379.2
1, 131659, 03/02/2019 02:40:07, ADW_UNLOAD_GROUP, 32.4, 44.3, 28201.4, 9.9, 0, 0, 28, 300, 1073, 38709, 2, 4413.9, 2418.3
1, 131660, 03/02/2019 03:00:08, ADW_UNLOAD_GROUP, 27.3, 40.1, 14249.3, 8.8, 0, 0, 27, 344, 1441, 26879, 4, 4455.5, 2726.9
1, 131661, 03/02/2019 03:20:11, ADW_UNLOAD_GROUP, 3.7, 12.3, 12884.5, 5.1, 0, 0, 19, 284, 713, 946, 3.5, 447.1, 3491.3
1, 131662, 03/02/2019 03:40:18, ADW_UNLOAD_GROUP, 6.3, 9.9, 12921.4, 2.2, 0, 0, 26, 241, 564, 1382, 1.4, 1444, 4545
1, 131663, 03/02/2019 04:00:05, ADW_UNLOAD_GROUP, 1.4, 1.9, 5402, 0.4, 0, 0, 9, 76, 396, 187, 0.1, 196.8, 37.8
1, 131664, 03/02/2019 04:20:26, ADW_UNLOAD_GROUP, 0, 0, 0, 0, 0, 0, 0, 0, 643, 0, 0, 0, 0
1, 131665, 03/02/2019 04:40:24, ADW_UNLOAD_GROUP, 0, 0, 0.1, 0, 0, 0, 0, 0, 546, 0, 0, 0, 0
1, 131666, 03/02/2019 05:00:38, ADW_UNLOAD_GROUP, 0, 0, 0, 0, 0, 0, 0, 0, 471, 0, 0, 0, 0
1, 131667, 03/02/2019 05:20:39, ADW_UNLOAD_GROUP, 0, 0, 0, 0, 0, 0, 0, 0, 764, 0, 0, 0, 0
1, 131668, 03/02/2019 05:40:02, ADW_UNLOAD_GROUP, 0, 0, 0, 0, 0, 0, 0, 0, 716, 0, 0, 0, 0
1, 131669, 03/02/2019 06:00:10, ADW_UNLOAD_GROUP, 0, 0, 0, 0, 0, 0, 0, 0, 597, 0, 0, 0, 0
1, 131670, 03/02/2019 06:20:19, ADW_UNLOAD_GROUP, 0, 0, 0, 0, 0, 0, 0, 0, 657, 0, 0, 0, 0
1, 131671, 03/02/2019 06:40:03, ADW_UNLOAD_GROUP, 0, 0, 0, 0, 0, 0, 0, 0, 580, 0, 0, 0, 0
1, 131702, 03/02/2019 17:00:35, ADW_UNLOAD_GROUP, 28.7, 37.2, 13293.3, 6.5, 0, 0, 42, 436, 1723, 42109, 2, 5927.2, 2407.7
1, 131703, 03/02/2019 17:20:28, ADW_UNLOAD_GROUP, 28.3, 37, 10188.6, 8.1, 0, 0, 49, 536, 1460, 45645, 0.6, 4769.3, 649.5
1, 131704, 03/02/2019 17:40:04, ADW_UNLOAD_GROUP, 19.1, 25, 9597.4, 4.3, 0, 0, 20, 341, 360, 24772, 1.6, 2142.5, 3120.1
1, 131705, 03/02/2019 18:00:05, ADW_UNLOAD_GROUP, 8.3, 52, 9597.1, 2.8, 0, 0, 18, 136, 820, 3128, 40.9, 2581.3, 7977.9
1, 131706, 03/02/2019 18:20:02, ADW_UNLOAD_GROUP, 3.7, 14, 5247.2, 0, 0, 0, 4, 36, 230, 1082, 10.3, 378.3, 2895.2
1, 131707, 03/02/2019 18:40:08, ADW_UNLOAD_GROUP, 1.4, 2.9, 955.4, 0.1, 0, 0, 0, 0, 355, 189, 1.4, 18.3, 654.4
1, 131708, 03/02/2019 19:00:13, ADW_UNLOAD_GROUP, 1.6, 5.7, 828.9, 0.6, 0, 0, 8, 128, 363, 252, 3.5, 355.5, 1492.9
1, 131709, 03/02/2019 19:20:08, ADW_UNLOAD_GROUP, 1.5, 8.1, 998, 0.5, 0, 0, 0, 0, 196, 264, 6.1, 33.8, 2908.6
1, 131710, 03/02/2019 19:40:18, ADW_UNLOAD_GROUP, 1, 3.9, 962.7, 0.1, 0, 0, 0, 0, 320, 136, 2.8, 15.6, 1119.9
1, 131711, 03/02/2019 20:00:06, ADW_UNLOAD_GROUP, 13.9, 19.8, 3260.9, 1.8, 0, 0, 8, 40, 1481, 8779, 4.1, 1395.1, 4445.6
1, 131712, 03/02/2019 20:20:03, ADW_UNLOAD_GROUP, 9.1, 12.4, 4670, 1.3, 0, 0, 3, 96, 430, 3907, 2, 672.4, 2776.5
1, 131713, 03/02/2019 20:40:16, ADW_UNLOAD_GROUP, 9.7, 13, 5820.8, 1.5, 0, 0, 0, 0, 554, 5496, 1.8, 940.9, 4730
1, 131714, 03/02/2019 21:00:33, ADW_UNLOAD_GROUP, 24.9, 30.4, 13817.4, 4.5, 0, 0, 4, 80, 840, 20714, 1, 618.3, 756
1, 131715, 03/02/2019 21:20:12, ADW_UNLOAD_GROUP, 29.9, 44.5, 11779.1, 10, 0, 0, 25, 432, 1387, 42985, 4.6, 2318.1, 4707.9
1, 131716, 03/02/2019 21:40:15, ADW_UNLOAD_GROUP, 33.2, 68.9, 8578, 13.2, 0, 0, 20, 384, 933, 75518, 22.5, 1207.7, 15272
1, 131717, 03/02/2019 22:00:03, ADW_UNLOAD_GROUP, 27.3, 62.8, 8271.8, 0.2, 2, 0, 20, 352, 702, 20536, 35.3, 1006.5, 13775.4
1, 131718, 03/02/2019 22:20:21, ADW_UNLOAD_GROUP, 31, 55.6, 9477, 13.8, 0, 0, 28, 480, 1033, 40911, 10.8, 745.3, 13554.1
1, 131719, 03/02/2019 22:40:08, ADW_UNLOAD_GROUP, 21.9, 38.9, 10375.9, 14.2, 0, 0, 74, 1280, 2027, 16867, 2.8, 1978.1, 6040.2
1, 131720, 03/02/2019 23:00:06, ADW_UNLOAD_GROUP, 21.1, 22.8, 14049, 1.5, 1, 0, 30, 300, 1078, 13855, 0.2, 441.5, 349.1
1, 131721, 03/02/2019 23:20:15, ADW_UNLOAD_GROUP, 15.5, 15.9, 7319.1, 0.3, 0, 0, 2, 40, 586, 8394, 0.1, 320.1, 129.8
1, 131722, 03/02/2019 23:40:03, ADW_UNLOAD_GROUP, 11, 11.9, 10919.9, 0.8, 0, 0, 1, 32, 588, 6005, 0.1, 266.2, 83.4
1, 131651, 03/02/2019 00:00:17, FP_DM_PRIOR, 5.6, 14.6, 2166.4, 5.7, 0, 0, 24, 616, 729, 2063, 3.3, 584.8, 13165.2
1, 131652, 03/02/2019 00:20:23, FP_DM_PRIOR, 6.4, 14.9, 2583.4, 4.4, 0, 0, 8, 240, 204, 1638, 4.1, 447.7, 12348.8
1, 131653, 03/02/2019 00:40:10, FP_DM_PRIOR, 3.2, 6.5, 502.4, 0.9, 0, 0, 0, 0, 3, 477, 2.4, 198.9, 9693.8
1, 131654, 03/02/2019 01:00:27, FP_DM_PRIOR, 4.5, 7.8, 979.2, 1, 0, 0, 126, 3208, 3057, 1464, 2.3, 1695.8, 6804.2
1, 131655, 03/02/2019 01:20:06, FP_DM_PRIOR, 2.9, 6.9, 529.5, 0.7, 0, 0, 15, 209, 222, 442, 3.3, 239.4, 10670.1
1, 131656, 03/02/2019 01:40:16, FP_DM_PRIOR, 2.9, 6.7, 526.4, 0.9, 0, 0, 1, 16, 20, 361, 2.9, 245.9, 11853.2
1, 131657, 03/02/2019 02:00:11, FP_DM_PRIOR, 5.6, 12.6, 1864, 3.4, 0, 0, 2, 32, 286, 2095, 3.6, 401, 10899.3
1, 131658, 03/02/2019 02:20:06, FP_DM_PRIOR, 6.1, 12, 1440.6, 1.9, 0, 0, 4, 96, 29, 1753, 4, 546.2, 12518.8
1, 131659, 03/02/2019 02:40:07, FP_DM_PRIOR, 4.8, 9.6, 1098.1, 1.2, 0, 0, 2, 19, 33, 1034, 3.6, 311.2, 10304.9
1, 131660, 03/02/2019 03:00:08, FP_DM_PRIOR, 4.3, 9, 1448.7, 0.6, 0, 0, 3, 37, 41, 1105, 4.1, 197.3, 6205.1
1, 131661, 03/02/2019 03:20:11, FP_DM_PRIOR, 1.2, 7.5, 3618.6, 1.9, 0, 0, 2, 11, 59, 140, 4.4, 117.3, 5381.5
1, 131662, 03/02/2019 03:40:18, FP_DM_PRIOR, 6.4, 10.8, 1398.1, 2.3, 0, 0, 101, 2402, 2599, 5781, 2.1, 1527.2, 9765.2
1, 131663, 03/02/2019 04:00:05, FP_DM_PRIOR, 0.2, 0.6, 146.9, 0.4, 0, 0, 19, 129, 236, 4, 0, 4.9, 48.5
1, 131664, 03/02/2019 04:20:26, FP_DM_PRIOR, 0.2, 0.4, 38.7, 0.2, 0, 0, 3, 34, 155, 0, 0, 6, 12.2
1, 131665, 03/02/2019 04:40:24, FP_DM_PRIOR, 5.4, 9.3, 1288.1, 3.1, 0, 0, 121, 2887, 2914, 4465, 0.8, 1587.7, 2137.5
1, 131666, 03/02/2019 05:00:38, FP_DM_PRIOR, 1.8, 3.4, 804.6, 1.2, 0, 0, 1, 16, 23, 332, 0.4, 214.5, 978.4
1, 131667, 03/02/2019 05:20:39, FP_DM_PRIOR, 0, 0.2, 1.9, 0.2, 0, 0, 1, 16, 176, 1, 0, 0, 1.8
1, 131668, 03/02/2019 05:40:02, FP_DM_PRIOR, 4.3, 7.1, 1010.9, 2.2, 0, 0, 126, 3068, 3154, 3693, 0.6, 1893.7, 2140.4
1, 131669, 03/02/2019 06:00:10, FP_DM_PRIOR, 2.1, 2.9, 729.3, 0.7, 0, 0, 1, 16, 40, 135, 0.1, 141.2, 96.7
1, 131670, 03/02/2019 06:20:19, FP_DM_PRIOR, 5.8, 8.4, 1067.4, 1.6, 0, 0, 117, 2924, 2888, 3260, 1, 1422.8, 3424.7
1, 131671, 03/02/2019 06:40:03, FP_DM_PRIOR, 4.6, 5.6, 1414.5, 0.7, 0, 0, 4, 80, 93, 861, 0.3, 587.5, 2721.7
1, 131702, 03/02/2019 17:00:35, FP_DM_PRIOR, 0, 17.5, 29251.1, 17.5, 0, 0, 1, 16, 29, 4, 0, 0, 0
1, 131703, 03/02/2019 17:20:28, FP_DM_PRIOR, 2, 17.5, 27481.2, 15.3, 0, 0, 53, 1408, 1455, 2708, 0.2, 1264.9, 188.6
1, 131704, 03/02/2019 17:40:04, FP_DM_PRIOR, 6.8, 21.5, 23658, 13.7, 0, 0, 33, 888, 797, 4252, 1, 923.6, 1842.2
1, 131705, 03/02/2019 18:00:05, FP_DM_PRIOR, 9.3, 18.8, 14728.7, 8.7, 0, 0, 0, 0, 37, 2002, 0.8, 655.5, 1100.1
1, 131706, 03/02/2019 18:20:02, FP_DM_PRIOR, 11.2, 21.5, 19781.7, 9.6, 0, 0, 86, 2160, 2082, 6038, 0.7, 1614.6, 1115.9
1, 131707, 03/02/2019 18:40:08, FP_DM_PRIOR, 10.2, 22, 27094.1, 11.3, 0, 0, 0, 0, 6, 1949, 0.5, 280.5, 1479.9
1, 131708, 03/02/2019 19:00:13, FP_DM_PRIOR, 11, 21.9, 39595.1, 10.8, 0, 0, 1, 16, 16, 1437, 0.1, 161, 102.8
1, 131709, 03/02/2019 19:20:08, FP_DM_PRIOR, 11, 20.6, 43189.8, 9.2, 0, 0, 16, 280, 432, 4857, 0.4, 1377.7, 825.9
1, 131710, 03/02/2019 19:40:18, FP_DM_PRIOR, 16.4, 19.6, 42043.8, 2.5, 0, 0, 2, 48, 0, 7799, 0.7, 850.3, 1893.8
1, 131711, 03/02/2019 20:00:06, FP_DM_PRIOR, 18.3, 34.6, 33598.4, 13, 0, 0, 51, 1513, 1730, 13371, 3.3, 460.2, 5027
1, 131712, 03/02/2019 20:20:03, FP_DM_PRIOR, 19.5, 30.8, 18241.7, 4.5, 0, 0, 8, 240, 131, 31265, 6.8, 455.1, 13883.7
1, 131713, 03/02/2019 20:40:16, FP_DM_PRIOR, 20.2, 51.3, 22642.6, 11.2, 0, 0, 14, 312, 486, 38478, 19.9, 1926.2, 28506.9
1, 131714, 03/02/2019 21:00:33, FP_DM_PRIOR, 19.9, 50.2, 20002.8, 8.5, 0, 0, 2, 32, 0, 33689, 21.8, 934.5, 28671.6
1, 131715, 03/02/2019 21:20:12, FP_DM_PRIOR, 20.2, 49.5, 19670.7, 9.9, 0, 0, 1, 16, 16, 49406, 19.4, 635.2, 18318
1, 131716, 03/02/2019 21:40:15, FP_DM_PRIOR, 20.4, 42.6, 17808.9, 3.7, 0, 0, 0, 0, 0, 42682, 18.5, 498.1, 21060.9
1, 131717, 03/02/2019 22:00:03, FP_DM_PRIOR, 20.1, 41, 16638.5, 2.4, 0, 0, 0, 0, 0, 36943, 18.5, 544.8, 25795.6
1, 131718, 03/02/2019 22:20:21, FP_DM_PRIOR, 20.5, 37.3, 11794, 0.4, 0, 0, 19, 400, 496, 23058, 16.4, 1604.1, 32621.2
1, 131719, 03/02/2019 22:40:08, FP_DM_PRIOR, 14.7, 28.5, 6013.7, 0, 0, 0, 4, 112, 64, 16180, 13.8, 538, 31703
1, 131720, 03/02/2019 23:00:06, FP_DM_PRIOR, 8.2, 21.1, 1460.9, 0, 0, 0, 0, 0, 0, 6802, 12.9, 489.7, 33536.7
1, 131721, 03/02/2019 23:20:15, FP_DM_PRIOR, 16.9, 35.7, 4149.1, 1.8, 0, 0, 10, 184, 345, 24905, 17, 1208.9, 39582.1
1, 131722, 03/02/2019 23:40:03, FP_DM_PRIOR, 11.4, 26.9, 1934.6, 0.2, 0, 0, 5, 112, 88, 11578, 15.3, 783.2, 43960.8
1, 131652, 03/02/2019 00:20:23, HDP_UNLOAD_GROUP, 4.2, 22.1, 1062.2, 16, 0, 0, 6, 64, 389, 9350, 1.9, 6907.5, 397.8
1, 131653, 03/02/2019 00:40:10, HDP_UNLOAD_GROUP, 9.8, 49.1, 2626.1, 29.8, 0, 0, 22, 204, 300, 17263, 9.5, 5985, 1685.5
1, 131654, 03/02/2019 01:00:27, HDP_UNLOAD_GROUP, 10.3, 38.1, 2071.9, 15.5, 0, 0, 58, 536, 931, 11519, 12.3, 906.9, 1194.7
1, 131655, 03/02/2019 01:20:06, HDP_UNLOAD_GROUP, 9.8, 33.1, 1903.7, 8.8, 0, 0, 55, 568, 915, 7628, 14.5, 894.8, 2028.2
1, 131656, 03/02/2019 01:40:16, HDP_UNLOAD_GROUP, 9.9, 30.5, 1592.3, 5.4, 0, 0, 44, 388, 757, 6767, 15.2, 1126.2, 2748.3
1, 131657, 03/02/2019 02:00:11, HDP_UNLOAD_GROUP, 10.2, 20.6, 1024.3, 4.9, 0, 0, 20, 160, 287, 7410, 5.5, 892.8, 584.6
1, 131658, 03/02/2019 02:20:06, HDP_UNLOAD_GROUP, 10.2, 13, 606.3, 2.5, 0, 0, 20, 160, 292, 6566, 0.3, 874.1, 49.5
1, 131659, 03/02/2019 02:40:07, HDP_UNLOAD_GROUP, 4.2, 4.4, 2413.6, 0.1, 0, 0, 68, 584, 1068, 837, 0.1, 362.2, 31.3
1, 131660, 03/02/2019 03:00:08, HDP_UNLOAD_GROUP, 3.5, 3.6, 2559.6, 0.1, 0, 0, 7, 72, 112, 722, 0, 201.2, 0.7
1, 131661, 03/02/2019 03:20:11, HDP_UNLOAD_GROUP, 0.8, 2.1, 4871.2, 1.3, 0, 0, 0, 0, 0, 54, 0, 35.2, 0
1, 131662, 03/02/2019 03:40:18, HDP_UNLOAD_GROUP, 1, 1.2, 2272.6, 0.2, 0, 0, 1, 8, 3, 71, 0, 54.6, 0
1, 131663, 03/02/2019 04:00:05, HDP_UNLOAD_GROUP, 0.2, 0.2, 1562.1, 0, 0, 0, 0, 0, 0, 1, 0, 2.7, 0
1, 131664, 03/02/2019 04:20:26, HDP_UNLOAD_GROUP, 0, 0.1, 140.6, 0.1, 0, 0, 1, 16, 13, 0, 0, 0.6, 0
1, 131665, 03/02/2019 04:40:24, HDP_UNLOAD_GROUP, 0.7, 0.8, 32.4, 0, 0, 0, 14, 224, 336, 125, 0.1, 111.5, 27.7
1, 131666, 03/02/2019 05:00:38, HDP_UNLOAD_GROUP, 0.5, 0.6, 40.6, 0.1, 0, 0, 1, 16, 8, 41, 0, 86, 0
1, 131717, 03/02/2019 22:00:03, HDP_UNLOAD_GROUP, 0.3, 0.4, 33, 0.1, 0, 0, 0, 0, 9, 107, 0, 1.8, 2.1
1, 131718, 03/02/2019 22:20:21, HDP_UNLOAD_GROUP, 0.3, 0.3, 44.6, 0, 0, 0, 0, 0, 0, 155, 0, 1.8, 0.9
1, 131651, 03/02/2019 00:00:17, ODS2EXA_GROUP, 0, 0, None, 0, 0, 0, 0, 0, 0, 0, 0, 0, 0
1, 131652, 03/02/2019 00:20:23, ODS2EXA_GROUP, 0, 0, None, 0, 0, 0, 0, 0, 0, 0, 0, 0, 0
1, 131653, 03/02/2019 00:40:10, ODS2EXA_GROUP, 0, 0, None, 0, 0, 0, 0, 0, 0, 0, 0, 0, 0
1, 131654, 03/02/2019 01:00:27, ODS2EXA_GROUP, 0, 0, None, 0, 0, 0, 0, 0, 0, 0, 0, 0, 0.1
1, 131655, 03/02/2019 01:20:06, ODS2EXA_GROUP, 0, 0, None, 0, 0, 0, 0, 0, 0, 0, 0, 0, 0
1, 131656, 03/02/2019 01:40:16, ODS2EXA_GROUP, 0, 0, None, 0, 0, 0, 0, 0, 0, 0, 0, 0, 0
1, 131657, 03/02/2019 02:00:11, ODS2EXA_GROUP, 0, 0, None, 0, 0, 0, 0, 0, 0, 0, 0, 0, 0
1, 131658, 03/02/2019 02:20:06, ODS2EXA_GROUP, 0, 0, None, 0, 0, 0, 0, 0, 0, 0, 0, 0, 0
1, 131659, 03/02/2019 02:40:07, ODS2EXA_GROUP, 0, 0, None, 0, 0, 0, 0, 0, 0, 0, 0, 0, 0
1, 131660, 03/02/2019 03:00:08, ODS2EXA_GROUP, 0, 0, None, 0, 0, 0, 0, 0, 0, 0, 0, 0, 0
1, 131661, 03/02/2019 03:20:11, ODS2EXA_GROUP, 0, 0, None, 0, 0, 0, 0, 0, 0, 0, 0, 0, 0
1, 131662, 03/02/2019 03:40:18, ODS2EXA_GROUP, 0, 0, None, 0, 0, 0, 0, 0, 0, 0, 0, 0, 0
1, 131663, 03/02/2019 04:00:05, ODS2EXA_GROUP, 0, 0, None, 0, 0, 0, 0, 0, 0, 0, 0, 0, 0
1, 131664, 03/02/2019 04:20:26, ODS2EXA_GROUP, 0, 0, None, 0, 0, 0, 0, 0, 0, 0, 0, 0, 0
1, 131665, 03/02/2019 04:40:24, ODS2EXA_GROUP, 0, 0, None, 0, 0, 0, 0, 0, 0, 0, 0, 0, 0
1, 131666, 03/02/2019 05:00:38, ODS2EXA_GROUP, 0, 0, None, 0, 0, 0, 0, 0, 0, 0, 0, 0, 0
1, 131667, 03/02/2019 05:20:39, ODS2EXA_GROUP, 0, 0, None, 0, 0, 0, 0, 0, 0, 0, 0, 0, 0
1, 131668, 03/02/2019 05:40:02, ODS2EXA_GROUP, 0, 0, None, 0, 0, 0, 0, 0, 0, 0, 0, 0, 0
1, 131669, 03/02/2019 06:00:10, ODS2EXA_GROUP, 0, 0, None, 0, 0, 0, 0, 0, 0, 0, 0, 0, 0
1, 131670, 03/02/2019 06:20:19, ODS2EXA_GROUP, 0, 0, None, 0, 0, 0, 0, 0, 0, 0, 0, 0, 0
1, 131671, 03/02/2019 06:40:03, ODS2EXA_GROUP, 0, 0, None, 0, 0, 0, 0, 0, 0, 0, 0, 0, 0
1, 131702, 03/02/2019 17:00:35, ODS2EXA_GROUP, 0, 0, None, 0, 0, 0, 0, 0, 0, 0, 0, 0, 0
1, 131703, 03/02/2019 17:20:28, ODS2EXA_GROUP, 0, 0, None, 0, 0, 0, 0, 0, 0, 0, 0, 0, 0
1, 131704, 03/02/2019 17:40:04, ODS2EXA_GROUP, 0, 0, None, 0, 0, 0, 0, 0, 0, 0, 0, 0, 0
1, 131705, 03/02/2019 18:00:05, ODS2EXA_GROUP, 0, 0, None, 0, 0, 0, 0, 0, 0, 0, 0, 0, 0
1, 131706, 03/02/2019 18:20:02, ODS2EXA_GROUP, 0, 0, None, 0, 0, 0, 0, 0, 0, 0, 0, 0, 0
1, 131707, 03/02/2019 18:40:08, ODS2EXA_GROUP, 0, 0, None, 0, 0, 0, 0, 0, 0, 0, 0, 0, 0
1, 131708, 03/02/2019 19:00:13, ODS2EXA_GROUP, 0, 0, None, 0, 0, 0, 0, 0, 0, 0, 0, 0, 0
1, 131709, 03/02/2019 19:20:08, ODS2EXA_GROUP, 0, 0, None, 0, 0, 0, 0, 0, 0, 0, 0, 0, 0
1, 131710, 03/02/2019 19:40:18, ODS2EXA_GROUP, 0, 0, None, 0, 0, 0, 0, 0, 0, 0, 0, 0, 0
1, 131711, 03/02/2019 20:00:06, ODS2EXA_GROUP, 0, 0, None, 0, 0, 0, 0, 0, 0, 0, 0, 0, 0
1, 131712, 03/02/2019 20:20:03, ODS2EXA_GROUP, 0, 0, None, 0, 0, 0, 0, 0, 0, 0, 0, 0, 0
1, 131713, 03/02/2019 20:40:16, ODS2EXA_GROUP, 0, 0, None, 0, 0, 0, 0, 0, 0, 0, 0, 0, 0
1, 131714, 03/02/2019 21:00:33, ODS2EXA_GROUP, 0, 0, None, 0, 0, 0, 0, 0, 0, 0, 0, 0, 0
1, 131715, 03/02/2019 21:20:12, ODS2EXA_GROUP, 0, 0, None, 0, 0, 0, 0, 0, 0, 0, 0, 0, 0
1, 131716, 03/02/2019 21:40:15, ODS2EXA_GROUP, 0, 0, None, 0, 0, 0, 0, 0, 0, 0, 0, 0, 0
1, 131717, 03/02/2019 22:00:03, ODS2EXA_GROUP, 0, 0, None, 0, 0, 0, 0, 0, 0, 0, 0, 0, 0
1, 131718, 03/02/2019 22:20:21, ODS2EXA_GROUP, 0, 0, None, 0, 0, 0, 0, 0, 0, 0, 0, 0, 0
1, 131719, 03/02/2019 22:40:08, ODS2EXA_GROUP, 0, 0, None, 0, 0, 0, 0, 0, 0, 0, 0, 0, 0
1, 131720, 03/02/2019 23:00:06, ODS2EXA_GROUP, 0, 0, None, 0, 0, 0, 0, 0, 0, 0, 0, 0, 0
1, 131721, 03/02/2019 23:20:15, ODS2EXA_GROUP, 0, 0, None, 0, 0, 0, 0, 0, 0, 0, 0, 0, 0
1, 131722, 03/02/2019 23:40:03, ODS2EXA_GROUP, 0, 0, None, 0, 0, 0, 0, 0, 0, 0, 0, 0, 0
1, 131651, 03/02/2019 00:00:17, ODS_SUPPORT_GROUP, 0, 0, 1.6, 0, 0, 0, 0, 0, 9, 0, 0, 0, 0
1, 131652, 03/02/2019 00:20:23, ODS_SUPPORT_GROUP, 0, 0, 1, 0, 0, 0, 0, 0, 8, 0, 0, 0, 0
1, 131654, 03/02/2019 01:00:27, ODS_SUPPORT_GROUP, 0, 0, 1.7, 0, 0, 0, 0, 0, 8, 2, 0, 0, 0
1, 131655, 03/02/2019 01:20:06, ODS_SUPPORT_GROUP, 0, 0, 1.4, 0, 0, 0, 0, 0, 8, 5, 0, 0, 0
1, 131656, 03/02/2019 01:40:16, ODS_SUPPORT_GROUP, 0, 0.3, 16.2, 0.3, 0, 0, 0, 0, 25, 6, 0, 0, 0
1, 131657, 03/02/2019 02:00:11, ODS_SUPPORT_GROUP, 0.2, 0.5, 27.3, 0.3, 0, 0, 1, 16, 7, 11, 0, 968.7, 0
1, 131658, 03/02/2019 02:20:06, ODS_SUPPORT_GROUP, 0, 0, 0.9, 0, 0, 0, 0, 0, 9, 5, 0, 0, 0
1, 131659, 03/02/2019 02:40:07, ODS_SUPPORT_GROUP, 0.3, 0.3, 37.6, 0, 0, 0, 2, 36, 43, 12, 0, 9.6, 2.3
1, 131660, 03/02/2019 03:00:08, ODS_SUPPORT_GROUP, 0.1, 0.1, 4.6, 0, 0, 0, 1, 32, 46, 7, 0, 2.7, 4.9
1, 131661, 03/02/2019 03:20:11, ODS_SUPPORT_GROUP, 0.2, 0.3, 9, 0, 0, 0, 3, 40, 45, 2, 0.1, 7.1, 11.2
1, 131662, 03/02/2019 03:40:18, ODS_SUPPORT_GROUP, 0.3, 0.4, 9.6, 0.1, 0, 0, 2, 40, 61, 50, 0, 289.4, 1.8
1, 131663, 03/02/2019 04:00:05, ODS_SUPPORT_GROUP, 1.1, 4.1, 96, 3, 0, 0, 8, 163, 161, 340, 0, 1221.3, 54.2
1, 131664, 03/02/2019 04:20:26, ODS_SUPPORT_GROUP, 1, 2.2, 48.5, 1.2, 0, 0, 9, 146, 156, 196, 0, 957.7, 27.5
1, 131665, 03/02/2019 04:40:24, ODS_SUPPORT_GROUP, 0.3, 0.7, 11.2, 0.4, 0, 0, 1, 32, 57, 67, 0, 253.1, 17.4
1, 131666, 03/02/2019 05:00:38, ODS_SUPPORT_GROUP, 0.4, 1, 542.1, 0.5, 0, 0, 2, 36, 35, 42, 0.1, 202.9, 218.7
1, 131667, 03/02/2019 05:20:39, ODS_SUPPORT_GROUP, 0.3, 0.3, 8.9, 0, 0, 0, 6, 24, 33, 4, 0, 173.5, 1.7
1, 131668, 03/02/2019 05:40:02, ODS_SUPPORT_GROUP, 0, 0, 2.8, 0, 0, 0, 1, 16, 24, 1, 0, 20, 1.4
1, 131669, 03/02/2019 06:00:10, ODS_SUPPORT_GROUP, 0, 0, 0.8, 0, 0, 0, 0, 0, 10, 1, 0, 0, 0
1, 131670, 03/02/2019 06:20:19, ODS_SUPPORT_GROUP, 0, 0, 1.1, 0, 0, 0, 0, 0, 7, 0, 0, 0, 0
1, 131671, 03/02/2019 06:40:03, ODS_SUPPORT_GROUP, 0, 0, 0.2, 0, 0, 0, 0, 0, 4, 0, 0, 0, 0
1, 131711, 03/02/2019 20:00:06, ODS_SUPPORT_GROUP, 0, 0, 0, 0, 0, 0, 0, 0, 5, 0, 0, 0, 0
1, 131712, 03/02/2019 20:20:03, ODS_SUPPORT_GROUP, 0, 0, None, 0, 0, 0, 0, 0, 6, 0, 0, 0, 0
1, 131713, 03/02/2019 20:40:16, ODS_SUPPORT_GROUP, 0, 0, 0.9, 0, 0, 0, 0, 0, 9, 1, 0, 0, 0
1, 131714, 03/02/2019 21:00:33, ODS_SUPPORT_GROUP, 0, 0, 4.2, 0, 0, 0, 0, 0, 10, 10, 0, 0, 0
1, 131715, 03/02/2019 21:20:12, ODS_SUPPORT_GROUP, 0, 0, 3.6, 0, 0, 0, 0, 0, 10, 29, 0, 0, 0
1, 131716, 03/02/2019 21:40:15, ODS_SUPPORT_GROUP, 0.4, 0.5, 75.3, 0.1, 0, 0, 1, 29, 39, 105, 0, 86.5, 0
1, 131718, 03/02/2019 22:20:21, ODS_SUPPORT_GROUP, 0, 0, 2.7, 0, 0, 0, 0, 0, 8, 6, 0, 0, 0
1, 131719, 03/02/2019 22:40:08, ODS_SUPPORT_GROUP, 0, 0, 0.7, 0, 0, 0, 0, 0, 8, 0, 0, 0, 0
1, 131720, 03/02/2019 23:00:06, ODS_SUPPORT_GROUP, 0, 0, 0.5, 0, 0, 0, 0, 0, 9, 2, 0, 0, 0
1, 131721, 03/02/2019 23:20:15, ODS_SUPPORT_GROUP, 0, 0, 0.9, 0, 0, 0, 0, 0, 8, 2, 0, 0, 0
1, 131722, 03/02/2019 23:40:03, ODS_SUPPORT_GROUP, 0, 0, 1, 0, 0, 0, 0, 0, 7, 3, 0, 0, 0
1, 131651, 03/02/2019 00:00:17, OTHER_GROUPS, 16, 34.3, 15996, 14, 0, 0, 0, 0, 5364, 11573, 4.3, 1033.8, 2334.3
1, 131652, 03/02/2019 00:20:23, OTHER_GROUPS, 19.9, 40.5, 15152.3, 14.1, 0, 0, 1, 22, 5344, 12416, 6.5, 1048.5, 2392.2
1, 131653, 03/02/2019 00:40:10, OTHER_GROUPS, 15.8, 26.1, 12836.9, 8.4, 0, 0, 1, 24, 4842, 6244, 1.9, 885.2, 1642
1, 131654, 03/02/2019 01:00:27, OTHER_GROUPS, 17, 32.1, 13831.9, 12.2, 0, 0, 0, 0, 4631, 7161, 2.9, 701.1, 2206
1, 131655, 03/02/2019 01:20:06, OTHER_GROUPS, 13.9, 24.1, 13385.7, 7.2, 0, 0, 0, 0, 5260, 5861, 3, 712.5, 1944
1, 131656, 03/02/2019 01:40:16, OTHER_GROUPS, 13.7, 21.3, 14411.1, 5.1, 0, 0, 0, 0, 5452, 6052, 2.5, 740.1, 2078.7
1, 131657, 03/02/2019 02:00:11, OTHER_GROUPS, 16.7, 32.3, 16014.2, 12.3, 0, 0, 0, 0, 5590, 8244, 3.3, 739.2, 2384.2
1, 131658, 03/02/2019 02:20:06, OTHER_GROUPS, 13.1, 24.7, 13248, 9.8, 0, 0, 0, 0, 4823, 5744, 1.8, 730, 1357.9
1, 131659, 03/02/2019 02:40:07, OTHER_GROUPS, 7.8, 11.8, 13357.9, 2.5, 0, 0, 0, 0, 4818, 2302, 1.5, 577.2, 1078.6
1, 131660, 03/02/2019 03:00:08, OTHER_GROUPS, 6.7, 14.1, 12533.6, 3.9, 0, 0, 0, 0, 4894, 1656, 3.5, 673, 895.6
1, 131661, 03/02/2019 03:20:11, OTHER_GROUPS, 2.3, 14, 13361.2, 1.6, 0, 0, 0, 0, 3899, 313, 10.1, 273.2, 455.8
1, 131662, 03/02/2019 03:40:18, OTHER_GROUPS, 6.9, 8.8, 12618.2, 0.6, 0, 0, 0, 0, 5391, 739, 1.3, 1346.7, 458.4
1, 131663, 03/02/2019 04:00:05, OTHER_GROUPS, 8.8, 13.5, 31993.2, 3, 0, 0, 0, 0, 7695, 918, 1.7, 2235.9, 460.7
1, 131664, 03/02/2019 04:20:26, OTHER_GROUPS, 13, 15.4, 46980.1, 0, 0, 0, 0, 0, 7562, 1466, 2.4, 2375.9, 469.3
1, 131665, 03/02/2019 04:40:24, OTHER_GROUPS, 9.5, 11.4, 30113.1, 0, 0, 0, 0, 0, 4818, 1208, 1.9, 1327.3, 423.6
1, 131666, 03/02/2019 05:00:38, OTHER_GROUPS, 6.6, 9.3, 12486.4, 1, 0, 0, 0, 0, 7177, 465, 1.7, 1217.2, 586.4
1, 131667, 03/02/2019 05:20:39, OTHER_GROUPS, 8, 17.4, 17211, 6.9, 0, 0, 0, 0, 8208, 1489, 2.5, 1587, 2361.2
1, 131668, 03/02/2019 05:40:02, OTHER_GROUPS, 8.1, 24.2, 12211.3, 6.5, 0, 0, 0, 0, 5014, 2004, 9.6, 1076.3, 3956.5
1, 131669, 03/02/2019 06:00:10, OTHER_GROUPS, 14.7, 42.1, 16609.4, 14.6, 0, 0, 1, 64, 4700, 7230, 12.8, 1583.6, 8775.1
1, 131670, 03/02/2019 06:20:19, OTHER_GROUPS, 9.6, 32.2, 14972.6, 9.5, 0, 0, 0, 0, 5115, 3360, 13.1, 1201.5, 6204.3
1, 131671, 03/02/2019 06:40:03, OTHER_GROUPS, 9.9, 30.8, 13955.7, 8.1, 0, 0, 0, 0, 6598, 3548, 12.8, 1204.3, 6224.4
1, 131672, 03/02/2019 07:00:03, OTHER_GROUPS, 16.7, 47.9, 3982, 5.7, 0, 0, 135, 3276, 10720, 9820, 25.5, 3446.3, 6889.1
1, 131673, 03/02/2019 07:20:18, OTHER_GROUPS, 7.1, 16.3, 1360.1, 0, 0, 0, 0, 0, 2838, 3358, 9.2, 758.7, 2996.2
1, 131674, 03/02/2019 07:40:21, OTHER_GROUPS, 14.3, 30.6, 2708.2, 5.7, 1, 0, 3, 80, 5623, 9143, 10.6, 1301.2, 3582.2
1, 131675, 03/02/2019 08:00:03, OTHER_GROUPS, 14.6, 18.7, 4717.1, 0, 0, 0, 7, 228, 5695, 5829, 4.1, 3683.3, 1946.5
1, 131676, 03/02/2019 08:20:11, OTHER_GROUPS, 15.3, 25.5, 4796, 7.2, 2, 0, 27, 556, 6137, 8049, 3, 1588.5, 1692.7
1, 131677, 03/02/2019 08:40:08, OTHER_GROUPS, 20.2, 25.4, 5794.5, 0.6, 0, 0, 30, 816, 6607, 16251, 4.6, 2990.1, 6613.3
1, 131678, 03/02/2019 09:00:14, OTHER_GROUPS, 16.8, 22.9, 4484.2, 0, 0, 0, 4, 54, 4586, 9226, 6.1, 1774, 3949.4
1, 131679, 03/02/2019 09:20:16, OTHER_GROUPS, 24, 33.5, 9266.7, 5.3, 0, 0, 16, 432, 6277, 19397, 4.2, 2718.1, 2835.5
1, 131680, 03/02/2019 09:40:39, OTHER_GROUPS, 28.8, 39.3, 24627.2, 5.3, 0, 0, 3, 48, 6204, 23074, 5.2, 1539.6, 4979.8
1, 131681, 03/02/2019 10:00:02, OTHER_GROUPS, 17, 27.7, 19458.4, 4.2, 0, 0, 6, 192, 5782, 11592, 6.5, 1804.4, 5565.7
1, 131682, 03/02/2019 10:20:09, OTHER_GROUPS, 16.8, 28.1, 6769, 5.8, 0, 0, 90, 2240, 7756, 10437, 5.5, 2814.4, 3886.8
1, 131683, 03/02/2019 10:40:03, OTHER_GROUPS, 15.3, 23.4, 8320, 2.5, 0, 0, 0, 0, 5581, 9918, 5.6, 1397.2, 5557.7
1, 131684, 03/02/2019 11:00:12, OTHER_GROUPS, 14.3, 29.8, 7616, 9.4, 0, 0, 13, 280, 6036, 8229, 6.1, 1796.5, 4351.1
1, 131685, 03/02/2019 11:20:11, OTHER_GROUPS, 18.7, 32.1, 9106.5, 7.5, 0, 0, 11, 272, 5418, 14122, 5.9, 1604, 7977.6
1, 131686, 03/02/2019 11:40:22, OTHER_GROUPS, 17.7, 28.6, 6146.8, 4.3, 0, 0, 4, 88, 6035, 11786, 6.6, 1157.1, 4719.3
1, 131687, 03/02/2019 12:00:27, OTHER_GROUPS, 26.1, 35.1, 4047.7, 0.2, 0, 0, 53, 1344, 7131, 25928, 8.8, 2386, 9346.5
1, 131688, 03/02/2019 12:20:32, OTHER_GROUPS, 19.9, 27.5, 4137.2, 1.2, 0, 0, 0, 0, 5538, 15626, 6.4, 1236.7, 6428.5
1, 131689, 03/02/2019 12:40:16, OTHER_GROUPS, 25.3, 38, 4521.8, 7.4, 0, 0, 84, 1944, 7529, 23662, 5.3, 2584.1, 7092.8
1, 131690, 03/02/2019 13:00:02, OTHER_GROUPS, 24.4, 42.5, 4523.9, 11, 0, 0, 0, 0, 5710, 24967, 7.1, 1221.6, 7341.3
1, 131691, 03/02/2019 13:20:06, OTHER_GROUPS, 26.3, 45.8, 4545, 13.6, 0, 0, 79, 2008, 8357, 28581, 5.9, 3067.4, 5993.5
1, 131692, 03/02/2019 13:40:09, OTHER_GROUPS, 11.9, 22.2, 3702.4, 5.4, 0, 0, 0, 0, 6123, 6916, 4.9, 1389.9, 4178.5
1, 131693, 03/02/2019 14:00:27, OTHER_GROUPS, 13.2, 28.4, 4227.3, 9.6, 0, 0, 2, 32, 5873, 7195, 5.6, 1371, 4302.9
1, 131694, 03/02/2019 14:20:17, OTHER_GROUPS, 15, 25.2, 3563.8, 4.8, 0, 0, 51, 1416, 7415, 9802, 5.4, 2290.9, 2969.2
1, 131695, 03/02/2019 14:40:03, OTHER_GROUPS, 10.4, 20, 3545.2, 4.5, 0, 0, 0, 0, 6831, 5237, 5.1, 1232.4, 2751.4
1, 131696, 03/02/2019 15:00:12, OTHER_GROUPS, 15.6, 27, 3306.5, 5.3, 0, 0, 81, 2080, 9904, 10752, 6.1, 3036.4, 4191.8
1, 131697, 03/02/2019 15:20:14, OTHER_GROUPS, 13.9, 19.7, 3066.9, 0, 0, 0, 3, 24, 7990, 8650, 5.8, 1598.9, 4451.9
1, 131698, 03/02/2019 15:40:03, OTHER_GROUPS, 15.7, 23.1, 3748.2, 1.5, 1, 0, 66, 1512, 7066, 10873, 5.9, 2163.8, 4456
1, 131699, 03/02/2019 16:00:01, OTHER_GROUPS, 26.8, 41.2, 12387.1, 7.7, 0, 0, 3, 64, 5999, 14777, 6.7, 2699.8, 5477.7
1, 131700, 03/02/2019 16:20:16, OTHER_GROUPS, 33.2, 39.8, 45219.5, 1.1, 0, 0, 1, 16, 5760, 24291, 5.5, 1596.3, 3089
1, 131701, 03/02/2019 16:40:29, OTHER_GROUPS, 32.6, 39.2, 43079.2, 1.1, 0, 0, 53, 1168, 8607, 17207, 5.5, 2516.8, 2688.8
1, 131702, 03/02/2019 17:00:35, OTHER_GROUPS, 30.6, 37.5, 16243.4, 1.8, 0, 0, 0, 0, 5272, 18710, 5.1, 808.7, 2521.8
1, 131703, 03/02/2019 17:20:28, OTHER_GROUPS, 28, 33.1, 14496.1, 0.6, 0, 0, 61, 476, 5497, 19563, 4.5, 999.5, 2322.3
1, 131704, 03/02/2019 17:40:04, OTHER_GROUPS, 26.5, 31.5, 14092.8, 0, 0, 0, 209, 1624, 7291, 19303, 5, 829.7, 2674.8
1, 131705, 03/02/2019 18:00:05, OTHER_GROUPS, 19.7, 36.2, 14077.9, 10.4, 0, 0, 225, 1800, 6779, 12092, 6.1, 980.8, 2796.6
1, 131706, 03/02/2019 18:20:02, OTHER_GROUPS, 22.9, 28.6, 13684.7, 0, 0, 0, 66, 484, 6451, 19903, 5.7, 1218.8, 3157.8
1, 131707, 03/02/2019 18:40:08, OTHER_GROUPS, 23.3, 29.6, 14512, 0.6, 0, 0, 179, 1332, 7220, 16421, 5.7, 1211.6, 3060.8
1, 131708, 03/02/2019 19:00:13, OTHER_GROUPS, 24.9, 31, 14113.8, 0, 0, 0, 141, 1108, 6101, 12688, 6.1, 1092.9, 3150.6
1, 131709, 03/02/2019 19:20:08, OTHER_GROUPS, 21.3, 28.8, 14061.7, 2.4, 0, 0, 224, 1760, 7447, 11625, 5.1, 1120.7, 2839.9
1, 131710, 03/02/2019 19:40:18, OTHER_GROUPS, 14.7, 27.4, 14197.5, 7.2, 0, 0, 11, 72, 5051, 7739, 5.5, 912.6, 3058.1
1, 131711, 03/02/2019 20:00:06, OTHER_GROUPS, 14.3, 43.1, 16679.1, 23.4, 0, 0, 5, 56, 5320, 8134, 5.4, 811.3, 2563.1
1, 131712, 03/02/2019 20:20:03, OTHER_GROUPS, 13.9, 33.1, 14288.7, 13.9, 0, 0, 177, 1408, 6720, 7545, 5.3, 806, 2904.3
1, 131713, 03/02/2019 20:40:16, OTHER_GROUPS, 12.1, 30.1, 14729, 13.6, 0, 0, 114, 880, 6486, 6075, 4.4, 873.8, 2015.5
1, 131714, 03/02/2019 21:00:33, OTHER_GROUPS, 11.3, 33.8, 14379.6, 15.8, 0, 0, 0, 0, 5472, 6057, 6.7, 683.9, 1473.6
1, 131715, 03/02/2019 21:20:12, OTHER_GROUPS, 13.1, 28.7, 13807.8, 10.8, 0, 0, 0, 0, 5331, 9615, 4.8, 679, 1963.8
1, 131716, 03/02/2019 21:40:15, OTHER_GROUPS, 13.9, 30.1, 14558.7, 11, 0, 0, 0, 0, 5534, 9866, 5.2, 550.7, 2320.3
1, 131717, 03/02/2019 22:00:03, OTHER_GROUPS, 14.4, 41.4, 15753.3, 20.7, 0, 0, 0, 0, 5142, 10467, 6.3, 592.9, 2331.8
1, 131718, 03/02/2019 22:20:21, OTHER_GROUPS, 18.9, 44.3, 16273.8, 19.3, 0, 0, 0, 0, 6005, 17970, 6.1, 501.9, 2851
1, 131719, 03/02/2019 22:40:08, OTHER_GROUPS, 15.8, 40.7, 11462.4, 19.9, 0, 0, 0, 0, 3923, 15524, 5, 446.8, 2571.9
1, 131720, 03/02/2019 23:00:06, OTHER_GROUPS, 15.1, 42.4, 9966.7, 20.7, 0, 0, 0, 0, 2509, 16515, 6.6, 257.4, 6833.3
1, 131721, 03/02/2019 23:20:15, OTHER_GROUPS, 17.8, 44.1, 11264, 15.4, 0, 0, 0, 0, 4771, 20825, 10.9, 385.7, 20829.4
1, 131722, 03/02/2019 23:40:03, OTHER_GROUPS, 18, 45, 11884.2, 20, 0, 0, 1, 64, 573, 22980, 7, 431.7, 9080.4
2, 131651, 03/02/2019 00:00:17, ADW_UNLOAD_GROUP, 0, 0, 0, 0, 0, 0, 0, 0, 335, 0, 0, 0, 0
2, 131652, 03/02/2019 00:20:22, ADW_UNLOAD_GROUP, 0, 0, 0, 0, 0, 0, 0, 0, 438, 2, 0, 0, 0
2, 131653, 03/02/2019 00:40:10, ADW_UNLOAD_GROUP, 0, 0, 0, 0, 0, 0, 0, 0, 617, 1, 0, 0, 0
2, 131654, 03/02/2019 01:00:28, ADW_UNLOAD_GROUP, 0, 0, 0, 0, 0, 0, 0, 0, 425, 0, 0, 0, 0
2, 131655, 03/02/2019 01:20:06, ADW_UNLOAD_GROUP, 10.3, 15.2, 4307.5, 4, 0, 0, 62, 1734, 3282, 18641, 0.9, 6657, 294
2, 131656, 03/02/2019 01:40:17, ADW_UNLOAD_GROUP, 23, 25.7, 7909.2, 1.7, 0, 0, 102, 2816, 16583, 31481, 1, 13167.8, 1351.1
2, 131657, 03/02/2019 02:00:11, ADW_UNLOAD_GROUP, 1.5, 1.9, 3302, 0.2, 0, 0, 15, 332, 1011, 361, 0.2, 599.2, 62.2
2, 131658, 03/02/2019 02:20:05, ADW_UNLOAD_GROUP, 1.7, 2, 2982.5, 0.3, 0, 0, 3, 96, 545, 406, 0, 2089.5, 0
2, 131659, 03/02/2019 02:40:03, ADW_UNLOAD_GROUP, 2.1, 2.3, 922.3, 0.1, 0, 0, 7, 206, 687, 621, 0.1, 6860.6, 163.7
2, 131661, 03/02/2019 03:20:11, ADW_UNLOAD_GROUP, 0, 0, 0, 0, 0, 0, 0, 0, 338, 0, 0, 0, 0
2, 131662, 03/02/2019 03:40:15, ADW_UNLOAD_GROUP, 0, 0, 0.1, 0, 0, 0, 0, 0, 620, 0, 0, 0, 0
2, 131663, 03/02/2019 04:00:06, ADW_UNLOAD_GROUP, 0, 0, 0, 0, 0, 0, 0, 0, 548, 2, 0, 0, 0
2, 131665, 03/02/2019 04:40:15, ADW_UNLOAD_GROUP, 0, 0, 0, 0, 0, 0, 0, 0, 245, 1, 0, 0, 0
2, 131666, 03/02/2019 05:00:33, ADW_UNLOAD_GROUP, 0, 0, 0, 0, 0, 0, 0, 0, 330, 0, 0, 0, 0
2, 131667, 03/02/2019 05:20:39, ADW_UNLOAD_GROUP, 0, 0, 0, 0, 0, 0, 0, 0, 63, 1, 0, 0, 0
2, 131669, 03/02/2019 06:00:11, ADW_UNLOAD_GROUP, 30.3, 42.1, 45696.5, 8.3, 0, 0, 0, 0, 441, 73168, 3.5, 2280.7, 5731.9
2, 131670, 03/02/2019 06:20:19, ADW_UNLOAD_GROUP, 35.1, 47.3, 42848.1, 10.4, 0, 0, 2, 62, 259, 106472, 1.8, 708.8, 3068.3
2, 131671, 03/02/2019 06:40:02, ADW_UNLOAD_GROUP, 29.7, 37.5, 25583.9, 5.5, 0, 0, 0, 0, 140, 65000, 2.3, 404.6, 5254.5
2, 131702, 03/02/2019 17:00:35, ADW_UNLOAD_GROUP, 0, 0, 0, 0, 0, 0, 0, 0, 306, 0, 0, 0, 0
2, 131703, 03/02/2019 17:20:28, ADW_UNLOAD_GROUP, 0, 0, 0.1, 0, 0, 0, 0, 0, 487, 0, 0, 0, 0
2, 131704, 03/02/2019 17:40:04, ADW_UNLOAD_GROUP, 0, 0, 0, 0, 0, 0, 0, 0, 638, 1, 0, 0, 0
2, 131705, 03/02/2019 18:00:05, ADW_UNLOAD_GROUP, 0, 0, 0, 0, 0, 0, 0, 0, 399, 0, 0, 0, 0
2, 131706, 03/02/2019 18:20:02, ADW_UNLOAD_GROUP, 0, 0, 0, 0, 0, 0, 0, 0, 625, 0, 0, 0, 0
2, 131707, 03/02/2019 18:40:08, ADW_UNLOAD_GROUP, 0, 0, 0, 0, 0, 0, 0, 0, 449, 0, 0, 0, 0
2, 131708, 03/02/2019 19:00:13, ADW_UNLOAD_GROUP, 0.4, 0.5, 26.6, 0.1, 0, 0, 31, 496, 1358, 12, 0, 653.9, 5
2, 131709, 03/02/2019 19:20:08, ADW_UNLOAD_GROUP, 0, 0, 0, 0, 0, 0, 0, 0, 590, 0, 0, 0, 0
2, 131710, 03/02/2019 19:40:18, ADW_UNLOAD_GROUP, 0, 0, 0, 0, 0, 0, 0, 0, 469, 1, 0, 0, 0
2, 131711, 03/02/2019 20:00:06, ADW_UNLOAD_GROUP, 0, 0, 0, 0, 0, 0, 0, 0, 764, 0, 0, 0, 0
2, 131712, 03/02/2019 20:20:06, ADW_UNLOAD_GROUP, 0, 0, 0, 0, 0, 0, 0, 0, 713, 0, 0, 0, 0
2, 131713, 03/02/2019 20:40:16, ADW_UNLOAD_GROUP, 0, 0, 0, 0, 0, 0, 0, 0, 463, 0, 0, 0, 0
2, 131714, 03/02/2019 21:00:33, ADW_UNLOAD_GROUP, 0, 0, 0, 0, 0, 0, 0, 0, 260, 0, 0, 0, 0
2, 131715, 03/02/2019 21:20:12, ADW_UNLOAD_GROUP, 0, 0, 0, 0, 0, 0, 0, 0, 230, 0, 0, 0, 0
2, 131716, 03/02/2019 21:40:15, ADW_UNLOAD_GROUP, 0, 0, 1.8, 0, 0, 0, 0, 0, 361, 0, 0, 0, 0
2, 131717, 03/02/2019 22:00:04, ADW_UNLOAD_GROUP, 1.5, 1.5, 456.4, 0, 0, 0, 2, 32, 705, 393, 0, 1196, 6.8
2, 131718, 03/02/2019 22:20:21, ADW_UNLOAD_GROUP, 3.1, 4.4, 736.2, 0, 0, 0, 29, 888, 1471, 823, 1.3, 809.4, 103.8
2, 131719, 03/02/2019 22:40:08, ADW_UNLOAD_GROUP, 0.9, 1.4, 573.8, 0, 0, 0, 7, 208, 431, 185, 0.5, 27.5, 98.1
2, 131720, 03/02/2019 23:00:04, ADW_UNLOAD_GROUP, 2, 4.4, 635.6, 1, 0, 0, 58, 1158, 2151, 374, 1.4, 256.1, 378.6
2, 131721, 03/02/2019 23:20:15, ADW_UNLOAD_GROUP, 0.2, 0.2, 1.7, 0, 0, 0, 1, 8, 352, 30, 0, 1.3, 1.7
2, 131722, 03/02/2019 23:40:03, ADW_UNLOAD_GROUP, 0, 0, 0, 0, 0, 0, 0, 0, 375, 0, 0, 0, 0
2, 131651, 03/02/2019 00:00:17, FP_DM_PRIOR, 7.2, 10.5, 4359.8, 2.1, 0, 0, 130, 3188, 3091, 7418, 1.2, 1704.2, 1901.3
2, 131652, 03/02/2019 00:20:22, FP_DM_PRIOR, 3.4, 11.4, 3234.3, 6.1, 0, 0, 17, 78, 54, 997, 1.9, 206.5, 5793.1
2, 131653, 03/02/2019 00:40:10, FP_DM_PRIOR, 4.2, 8.9, 3700.5, 3.4, 0, 0, 1, 16, 19, 778, 1.3, 139.8, 4609.4
2, 131654, 03/02/2019 01:00:28, FP_DM_PRIOR, 7.8, 15.3, 6866.1, 5.8, 0, 0, 14, 272, 444, 3942, 1.7, 493.3, 3801
2, 131655, 03/02/2019 01:20:06, FP_DM_PRIOR, 8.9, 17.2, 4865, 3, 0, 0, 1, 16, 0, 4233, 5.3, 619.1, 13176.4
2, 131656, 03/02/2019 01:40:17, FP_DM_PRIOR, 6.7, 9.6, 3258.4, 0, 0, 0, 1, 16, 16, 2101, 2.9, 252, 6166.8
2, 131657, 03/02/2019 02:00:11, FP_DM_PRIOR, 4.6, 5.6, 4364.1, 0.5, 0, 0, 106, 2660, 2736, 2134, 0.5, 1398.5, 498.7
2, 131658, 03/02/2019 02:20:05, FP_DM_PRIOR, 4.9, 7.1, 3616, 1.4, 0, 0, 33, 712, 720, 1741, 0.8, 803.6, 2280.8
2, 131659, 03/02/2019 02:40:03, FP_DM_PRIOR, 1.7, 2.1, 1801.2, 0.4, 0, 0, 0, 0, 19, 357, 0, 114.9, 60.4
2, 131660, 03/02/2019 03:00:07, FP_DM_PRIOR, 0.3, 0.4, 233.3, 0.1, 0, 0, 0, 0, 20, 14, 0, 4.8, 0
2, 131661, 03/02/2019 03:20:11, FP_DM_PRIOR, 0.1, 0.4, 276.9, 0.3, 0, 0, 1, 16, 157, 8, 0, 2.7, 1
2, 131662, 03/02/2019 03:40:15, FP_DM_PRIOR, 6.9, 11.1, 1895.2, 2.7, 0, 0, 44, 1084, 1272, 2952, 1.5, 1250.4, 3672.5
2, 131663, 03/02/2019 04:00:06, FP_DM_PRIOR, 5.6, 6.9, 2120.2, 0.4, 0, 0, 1, 16, 16, 1917, 0.9, 353.6, 2008.7
2, 131664, 03/02/2019 04:20:26, FP_DM_PRIOR, 2.4, 2.7, 924.4, 0.3, 0, 0, 0, 0, 34, 480, 0, 58.3, 7.6
2, 131665, 03/02/2019 04:40:15, FP_DM_PRIOR, 4.4, 7, 937.2, 2, 0, 0, 23, 560, 748, 1523, 0.6, 1423.7, 1372.1
2, 131666, 03/02/2019 05:00:33, FP_DM_PRIOR, 1.5, 3.4, 492.6, 1.4, 0, 0, 0, 0, 1, 177, 0.5, 154.8, 1441.9
2, 131667, 03/02/2019 05:20:39, FP_DM_PRIOR, 2.7, 3.2, 920.4, 0.5, 0, 0, 1, 16, 60, 363, 0, 100.2, 61.2
2, 131668, 03/02/2019 05:40:12, FP_DM_PRIOR, 4.6, 6.3, 945.6, 1.3, 0, 0, 16, 368, 554, 1344, 0.4, 1264.5, 1732.7
2, 131669, 03/02/2019 06:00:11, FP_DM_PRIOR, 4.4, 6.4, 1489.3, 1.4, 0, 0, 0, 0, 0, 1341, 0.6, 225.1, 1120.9
2, 131670, 03/02/2019 06:20:19, FP_DM_PRIOR, 4.8, 5.4, 1290.4, 0.4, 0, 0, 21, 432, 638, 1529, 0.2, 1221.1, 219.5
2, 131671, 03/02/2019 06:40:02, FP_DM_PRIOR, 1.2, 1.4, 95, 0.2, 0, 0, 2, 32, 10, 261, 0, 63.1, 48
2, 131702, 03/02/2019 17:00:35, FP_DM_PRIOR, 1.2, 17.6, 10107.7, 16.4, 0, 0, 1, 16, 16, 123, 0, 17.1, 1.6
2, 131703, 03/02/2019 17:20:28, FP_DM_PRIOR, 4.7, 14.5, 7305.7, 9.6, 0, 0, 35, 736, 969, 1485, 0.2, 474.9, 392.9
2, 131704, 03/02/2019 17:40:04, FP_DM_PRIOR, 6.6, 19.6, 11729, 11.8, 0, 0, 27, 608, 685, 1952, 1.2, 613.1, 2729.1
2, 131705, 03/02/2019 18:00:05, FP_DM_PRIOR, 3.9, 14.3, 11653.9, 10.1, 0, 0, 1, 16, 39, 610, 0.3, 130.9, 256.9
2, 131706, 03/02/2019 18:20:02, FP_DM_PRIOR, 6.5, 17.6, 11754.5, 10.8, 0, 0, 57, 1336, 1617, 3495, 0.3, 1478.1, 582.2
2, 131707, 03/02/2019 18:40:08, FP_DM_PRIOR, 4.3, 10.8, 4866.6, 5.7, 0, 0, 1, 16, 22, 1112, 0.8, 351.7, 2636.4
2, 131708, 03/02/2019 19:00:13, FP_DM_PRIOR, 0.6, 0.7, 995.5, 0.1, 0, 0, 0, 0, 0, 3, 0, 6.9, 65
2, 131709, 03/02/2019 19:20:08, FP_DM_PRIOR, 5.7, 7.2, 2814.7, 1, 0, 0, 127, 3216, 3320, 5204, 0.5, 1877.9, 777.4
2, 131710, 03/02/2019 19:40:18, FP_DM_PRIOR, 9, 11.7, 6638.4, 1.6, 0, 0, 0, 0, 81, 2169, 1.1, 816.1, 3180.6
2, 131711, 03/02/2019 20:00:06, FP_DM_PRIOR, 13.1, 29, 8316.6, 10.8, 0, 0, 74, 1988, 2365, 7433, 5.1, 856.1, 12373.9
2, 131712, 03/02/2019 20:20:06, FP_DM_PRIOR, 17.6, 29.8, 31384, 4.9, 0, 0, 34, 868, 901, 12704, 7.3, 852.1, 18099.7
2, 131713, 03/02/2019 20:40:16, FP_DM_PRIOR, 15.3, 27.3, 14413.9, 6.5, 1, 0, 143, 3229, 3113, 24122, 5.5, 1867, 10887.7
2, 131714, 03/02/2019 21:00:33, FP_DM_PRIOR, 7.1, 12.5, 2864.3, 3.6, 0, 0, 10, 243, 283, 1163, 1.8, 615.2, 3568.6
2, 131715, 03/02/2019 21:20:12, FP_DM_PRIOR, 8.9, 15.6, 11779.4, 5.5, 0, 0, 0, 0, 4, 2135, 1.2, 430.7, 3567.5
2, 131716, 03/02/2019 21:40:15, FP_DM_PRIOR, 8.6, 15.5, 3873.8, 5.8, 0, 0, 0, 0, 53, 1707, 1.1, 203.4, 3889.1
2, 131717, 03/02/2019 22:00:04, FP_DM_PRIOR, 2.6, 7.5, 1414, 3.9, 0, 0, 2, 36, 194, 546, 1, 177.5, 3107
2, 131718, 03/02/2019 22:20:21, FP_DM_PRIOR, 10.1, 23.3, 2520.7, 11, 0, 0, 118, 2956, 3083, 14427, 2.2, 1830, 4254.1
2, 131719, 03/02/2019 22:40:08, FP_DM_PRIOR, 6.1, 15.7, 3223.4, 8.2, 0, 0, 8, 160, 176, 2452, 1.4, 678.7, 6021.8
2, 131720, 03/02/2019 23:00:04, FP_DM_PRIOR, 6.5, 11.2, 6607.4, 3.1, 0, 0, 0, 0, 69, 2241, 1.6, 386.8, 7589.3
2, 131721, 03/02/2019 23:20:15, FP_DM_PRIOR, 15.5, 24.3, 8379, 4.3, 0, 0, 128, 3184, 3246, 10291, 4.5, 2334, 15049.3
2, 131722, 03/02/2019 23:40:03, FP_DM_PRIOR, 14.7, 20.1, 5968.8, 2.5, 0, 0, 3, 80, 102, 8702, 2.9, 1091.3, 9280.5
2, 131651, 03/02/2019 00:00:17, HDP_UNLOAD_GROUP, 8.3, 15.6, 7100.9, 7.2, 0, 0, 1, 16, 6, 24858, 0.1, 1652, 21.7
2, 131652, 03/02/2019 00:20:22, HDP_UNLOAD_GROUP, 6.5, 30.4, 10491.2, 21.7, 0, 0, 25, 272, 754, 9288, 2.2, 4967.6, 367.2
2, 131653, 03/02/2019 00:40:10, HDP_UNLOAD_GROUP, 10, 42, 10312.7, 28.2, 0, 0, 60, 552, 901, 19816, 3.8, 8725.5, 1368.7
2, 131654, 03/02/2019 01:00:28, HDP_UNLOAD_GROUP, 9.9, 27.5, 8899.8, 15.3, 0, 0, 90, 876, 1481, 8827, 2.3, 687.4, 1002.3
2, 131655, 03/02/2019 01:20:06, HDP_UNLOAD_GROUP, 10, 26.7, 8698, 12.2, 0, 0, 37, 320, 553, 8203, 4.5, 1068.6, 927.8
2, 131656, 03/02/2019 01:40:17, HDP_UNLOAD_GROUP, 10, 24.3, 8703.5, 9.8, 0, 0, 18, 168, 320, 8974, 4.5, 561.3, 490.5
2, 131657, 03/02/2019 02:00:11, HDP_UNLOAD_GROUP, 10.1, 22.6, 8954.5, 7.9, 0, 0, 43, 400, 712, 7870, 4.6, 821.3, 593.5
2, 131658, 03/02/2019 02:20:05, HDP_UNLOAD_GROUP, 9.1, 15.8, 7807.5, 4.1, 0, 0, 55, 452, 771, 5366, 2.6, 1037.3, 955.8
2, 131659, 03/02/2019 02:40:03, HDP_UNLOAD_GROUP, 3, 7.8, 8028.2, 4.3, 0, 0, 9, 72, 97, 497, 0.5, 146.1, 82.5
2, 131660, 03/02/2019 03:00:07, HDP_UNLOAD_GROUP, 2.7, 6.1, 7356.3, 3.4, 0, 0, 0, 0, 0, 449, 0, 100.6, 4.6
2, 131661, 03/02/2019 03:20:11, HDP_UNLOAD_GROUP, 0.8, 5.2, 8081.2, 4.4, 0, 0, 1, 16, 0, 106, 0, 17.7, 1.6
2, 131662, 03/02/2019 03:40:15, HDP_UNLOAD_GROUP, 3.1, 3.8, 8047.3, 0.7, 0, 0, 12, 96, 189, 679, 0, 38, 2.8
2, 131663, 03/02/2019 04:00:06, HDP_UNLOAD_GROUP, 2.8, 3.4, 7565.3, 0.6, 0, 0, 0, 0, 0, 698, 0, 32.1, 0
2, 131664, 03/02/2019 04:20:26, HDP_UNLOAD_GROUP, 2.9, 3.3, 6408, 0.4, 0, 0, 1, 16, 43, 228, 0, 41.6, 5.8
2, 131665, 03/02/2019 04:40:15, HDP_UNLOAD_GROUP, 2, 3.1, 3967.9, 1, 0, 0, 2, 32, 16, 385, 0.1, 68.7, 104.2
2, 131666, 03/02/2019 05:00:33, HDP_UNLOAD_GROUP, 0, 0, 0, 0, 0, 0, 3, 48, 76, 0, 0, 0, 0.3
2, 131651, 03/02/2019 00:00:17, ODS2EXA_GROUP, 0, 0, None, 0, 0, 0, 0, 0, 0, 0, 0, 0, 0
2, 131652, 03/02/2019 00:20:22, ODS2EXA_GROUP, 0, 0, None, 0, 0, 0, 0, 0, 0, 0, 0, 0, 0
2, 131653, 03/02/2019 00:40:10, ODS2EXA_GROUP, 0, 0, None, 0, 0, 0, 0, 0, 0, 0, 0, 0, 0
2, 131654, 03/02/2019 01:00:28, ODS2EXA_GROUP, 0, 0, None, 0, 0, 0, 0, 0, 0, 0, 0, 0, 0
2, 131655, 03/02/2019 01:20:06, ODS2EXA_GROUP, 0, 0, None, 0, 0, 0, 0, 0, 0, 0, 0, 0, 0
2, 131656, 03/02/2019 01:40:17, ODS2EXA_GROUP, 0, 0, None, 0, 0, 0, 0, 0, 0, 0, 0, 0, 0
2, 131657, 03/02/2019 02:00:11, ODS2EXA_GROUP, 0, 0, None, 0, 0, 0, 0, 0, 0, 0, 0, 0, 0
2, 131658, 03/02/2019 02:20:05, ODS2EXA_GROUP, 0, 0, None, 0, 0, 0, 0, 0, 0, 0, 0, 0, 0
2, 131659, 03/02/2019 02:40:03, ODS2EXA_GROUP, 0, 0, None, 0, 0, 0, 0, 0, 0, 0, 0, 0, 0
2, 131660, 03/02/2019 03:00:07, ODS2EXA_GROUP, 0, 0, None, 0, 0, 0, 0, 0, 0, 0, 0, 0, 0
2, 131661, 03/02/2019 03:20:11, ODS2EXA_GROUP, 0, 0, None, 0, 0, 0, 0, 0, 0, 0, 0, 0, 0
2, 131662, 03/02/2019 03:40:15, ODS2EXA_GROUP, 0, 0, None, 0, 0, 0, 0, 0, 0, 0, 0, 0, 0
2, 131663, 03/02/2019 04:00:06, ODS2EXA_GROUP, 0, 0, None, 0, 0, 0, 0, 0, 0, 0, 0, 0, 0
2, 131664, 03/02/2019 04:20:26, ODS2EXA_GROUP, 0, 0, None, 0, 0, 0, 0, 0, 0, 0, 0, 0, 0
2, 131665, 03/02/2019 04:40:15, ODS2EXA_GROUP, 0, 0, None, 0, 0, 0, 0, 0, 0, 0, 0, 0, 0
2, 131666, 03/02/2019 05:00:33, ODS2EXA_GROUP, 0, 0, None, 0, 0, 0, 0, 0, 0, 0, 0, 0, 0
2, 131667, 03/02/2019 05:20:39, ODS2EXA_GROUP, 0, 0, None, 0, 0, 0, 0, 0, 0, 0, 0, 0, 0
2, 131668, 03/02/2019 05:40:12, ODS2EXA_GROUP, 0, 0, None, 0, 0, 0, 0, 0, 0, 0, 0, 0, 0
2, 131669, 03/02/2019 06:00:11, ODS2EXA_GROUP, 0, 0, None, 0, 0, 0, 0, 0, 0, 0, 0, 0, 0
2, 131670, 03/02/2019 06:20:19, ODS2EXA_GROUP, 0, 0, None, 0, 0, 0, 0, 0, 0, 0, 0, 0, 0
2, 131671, 03/02/2019 06:40:02, ODS2EXA_GROUP, 0, 0, None, 0, 0, 0, 0, 0, 0, 0, 0, 0, 0
2, 131702, 03/02/2019 17:00:35, ODS2EXA_GROUP, 0, 0, None, 0, 0, 0, 0, 0, 0, 0, 0, 0, 0
2, 131703, 03/02/2019 17:20:28, ODS2EXA_GROUP, 0, 0, None, 0, 0, 0, 0, 0, 0, 0, 0, 0, 0
2, 131704, 03/02/2019 17:40:04, ODS2EXA_GROUP, 0, 0, None, 0, 0, 0, 0, 0, 0, 0, 0, 0, 0
2, 131705, 03/02/2019 18:00:05, ODS2EXA_GROUP, 0, 0, None, 0, 0, 0, 0, 0, 0, 0, 0, 0, 0
2, 131706, 03/02/2019 18:20:02, ODS2EXA_GROUP, 0, 0, None, 0, 0, 0, 0, 0, 0, 0, 0, 0, 0
2, 131707, 03/02/2019 18:40:08, ODS2EXA_GROUP, 0, 0, None, 0, 0, 0, 0, 0, 0, 0, 0, 0, 0
2, 131708, 03/02/2019 19:00:13, ODS2EXA_GROUP, 0, 0, None, 0, 0, 0, 0, 0, 0, 0, 0, 0, 0
2, 131709, 03/02/2019 19:20:08, ODS2EXA_GROUP, 0, 0, None, 0, 0, 0, 0, 0, 0, 0, 0, 0, 0
2, 131710, 03/02/2019 19:40:18, ODS2EXA_GROUP, 0, 0, None, 0, 0, 0, 0, 0, 0, 0, 0, 0, 0
2, 131711, 03/02/2019 20:00:06, ODS2EXA_GROUP, 0, 0, None, 0, 0, 0, 0, 0, 0, 0, 0, 0, 0
2, 131712, 03/02/2019 20:20:06, ODS2EXA_GROUP, 0, 0, None, 0, 0, 0, 0, 0, 0, 0, 0, 0, 0
2, 131713, 03/02/2019 20:40:16, ODS2EXA_GROUP, 0, 0, None, 0, 0, 0, 0, 0, 0, 0, 0, 0, 0
2, 131714, 03/02/2019 21:00:33, ODS2EXA_GROUP, 0, 0, None, 0, 0, 0, 0, 0, 0, 0, 0, 0, 0
2, 131715, 03/02/2019 21:20:12, ODS2EXA_GROUP, 0, 0, None, 0, 0, 0, 0, 0, 0, 0, 0, 0, 0
2, 131716, 03/02/2019 21:40:15, ODS2EXA_GROUP, 0, 0, None, 0, 0, 0, 0, 0, 0, 0, 0, 0, 0
2, 131717, 03/02/2019 22:00:04, ODS2EXA_GROUP, 0, 0, None, 0, 0, 0, 0, 0, 0, 0, 0, 0, 0
2, 131718, 03/02/2019 22:20:21, ODS2EXA_GROUP, 0, 0, None, 0, 0, 0, 0, 0, 0, 0, 0, 0, 0
2, 131719, 03/02/2019 22:40:08, ODS2EXA_GROUP, 0, 0, None, 0, 0, 0, 0, 0, 0, 0, 0, 0, 0
2, 131720, 03/02/2019 23:00:04, ODS2EXA_GROUP, 0, 0, None, 0, 0, 0, 0, 0, 0, 0, 0, 0, 0
2, 131721, 03/02/2019 23:20:15, ODS2EXA_GROUP, 0, 0, None, 0, 0, 0, 0, 0, 0, 0, 0, 0, 0
2, 131722, 03/02/2019 23:40:03, ODS2EXA_GROUP, 0, 0, None, 0, 0, 0, 0, 0, 0, 0, 0, 0, 0
2, 131652, 03/02/2019 00:20:22, ODS_SUPPORT_GROUP, 0, 0, 2.3, 0, 0, 0, 0, 0, 8, 1, 0, 0, 0
2, 131653, 03/02/2019 00:40:10, ODS_SUPPORT_GROUP, 0, 0.2, 91.5, 0.2, 0, 0, 0, 0, 43, 3, 0, 0, 0.1
2, 131654, 03/02/2019 01:00:28, ODS_SUPPORT_GROUP, 5.6, 8.2, 15378.7, 1.4, 0, 0, 0, 0, 40, 1540, 1.2, 1382.5, 3085.5
2, 131655, 03/02/2019 01:20:06, ODS_SUPPORT_GROUP, 4, 5, 26570.1, 1, 0, 0, 0, 0, 8, 1194, 0, 82.9, 144.8
2, 131656, 03/02/2019 01:40:17, ODS_SUPPORT_GROUP, 0.5, 0.6, 2574.3, 0.1, 0, 0, 2, 128, 133, 114, 0, 218.8, 25.2
2, 131657, 03/02/2019 02:00:11, ODS_SUPPORT_GROUP, 0.3, 0.5, 27.8, 0, 0, 0, 2, 52, 9, 38, 0.2, 118.8, 16.4
2, 131659, 03/02/2019 02:40:03, ODS_SUPPORT_GROUP, 2.4, 8.2, 490.6, 4.3, 0, 0, 2, 40, 79, 366, 1.5, 7100.9, 2643.2
2, 131660, 03/02/2019 03:00:07, ODS_SUPPORT_GROUP, 10.2, 16.6, 880.9, 5.3, 0, 0, 13, 375, 412, 7617, 1.1, 4044.6, 900.7
2, 131661, 03/02/2019 03:20:11, ODS_SUPPORT_GROUP, 0.8, 1.8, 171.9, 0.8, 0, 0, 6, 170, 132, 250, 0.2, 1583.6, 44.2
2, 131662, 03/02/2019 03:40:15, ODS_SUPPORT_GROUP, 1.8, 4.3, 298.7, 1.7, 0, 0, 4, 88, 113, 430, 0.8, 564.9, 2057
2, 131663, 03/02/2019 04:00:06, ODS_SUPPORT_GROUP, 1.1, 6.4, 335.2, 4, 0, 0, 1, 32, 45, 225, 1.3, 32.1, 2252.8
2, 131664, 03/02/2019 04:20:26, ODS_SUPPORT_GROUP, 1.9, 6.5, 315.4, 3, 0, 0, 2, 40, 45, 422, 1.6, 408.9, 2836
2, 131665, 03/02/2019 04:40:15, ODS_SUPPORT_GROUP, 1.4, 6.2, 316.2, 3.7, 0, 0, 3, 10, 12, 297, 1.1, 64.9, 3054.5
2, 131666, 03/02/2019 05:00:33, ODS_SUPPORT_GROUP, 1.1, 5.9, 314.9, 3.5, 0, 0, 0, 0, 6, 183, 1.3, 36.6, 3136.6
2, 131667, 03/02/2019 05:20:39, ODS_SUPPORT_GROUP, 1.4, 6.6, 351, 4.2, 0, 0, 0, 0, 6, 281, 1, 58.7, 4642.8
2, 131668, 03/02/2019 05:40:12, ODS_SUPPORT_GROUP, 2, 4.9, 260.6, 1, 0, 0, 0, 0, 6, 485, 1.9, 113.1, 9522
2, 131669, 03/02/2019 06:00:11, ODS_SUPPORT_GROUP, 0, 0.1, 6.9, 0, 0, 0, 1, 15, 6, 8, 0.1, 0.9, 101.2
2, 131670, 03/02/2019 06:20:19, ODS_SUPPORT_GROUP, 0.1, 0.1, 10.2, 0, 0, 0, 1, 8, 15, 19, 0, 17.7, 0
2, 131671, 03/02/2019 06:40:02, ODS_SUPPORT_GROUP, 0, 0, 1, 0, 0, 0, 0, 0, 5, 0, 0, 0, 0
2, 131704, 03/02/2019 17:40:04, ODS_SUPPORT_GROUP, 0, 0, 0, 0, 0, 0, 0, 0, 26, 6, 0, 2.8, 7.6
2, 131705, 03/02/2019 18:00:05, ODS_SUPPORT_GROUP, 0.6, 2.7, 141.1, 1.2, 0, 0, 1, 16, 10, 120, 0.9, 290, 1530.9
2, 131706, 03/02/2019 18:20:02, ODS_SUPPORT_GROUP, 0.1, 0.2, 2.5, 0.1, 0, 0, 0, 0, 9, 5, 0, 4.8, 5.3
2, 131707, 03/02/2019 18:40:08, ODS_SUPPORT_GROUP, 0.3, 0.3, 31.3, 0, 0, 0, 1, 2, 9, 6, 0, 10.9, 2.9
2, 131708, 03/02/2019 19:00:13, ODS_SUPPORT_GROUP, 0.2, 0.3, 6.4, 0, 0, 0, 1, 3, 11, 3, 0.1, 16.7, 11.8
2, 131709, 03/02/2019 19:20:08, ODS_SUPPORT_GROUP, 0.3, 0.4, 32.5, 0.1, 0, 0, 1, 3, 11, 6, 0, 14.4, 2.4
2, 131710, 03/02/2019 19:40:18, ODS_SUPPORT_GROUP, 0.3, 0.3, 25.4, 0, 0, 0, 1, 29, 42, 26, 0, 92.5, 6.4
2, 131711, 03/02/2019 20:00:06, ODS_SUPPORT_GROUP, 0, 0, 1.2, 0, 0, 0, 0, 0, 10, 3, 0, 0, 0
2, 131712, 03/02/2019 20:20:06, ODS_SUPPORT_GROUP, 0, 0, 0.9, 0, 0, 0, 0, 0, 10, 6, 0, 0, 0
2, 131713, 03/02/2019 20:40:16, ODS_SUPPORT_GROUP, 0, 0, 0.7, 0, 0, 0, 0, 0, 7, 0, 0, 0, 0
2, 131717, 03/02/2019 22:00:04, ODS_SUPPORT_GROUP, 0, 0, 1.4, 0, 0, 0, 0, 0, 9, 1, 0, 0, 0
2, 131718, 03/02/2019 22:20:21, ODS_SUPPORT_GROUP, 0, 0, 1.8, 0, 0, 0, 0, 0, 8, 0, 0, 0, 0
2, 131719, 03/02/2019 22:40:08, ODS_SUPPORT_GROUP, 0, 0, 1.2, 0, 0, 0, 0, 0, 8, 1, 0, 0, 0
2, 131720, 03/02/2019 23:00:04, ODS_SUPPORT_GROUP, 0, 0, 0.2, 0, 0, 0, 0, 0, 7, 1, 0, 0, 0
2, 131721, 03/02/2019 23:20:15, ODS_SUPPORT_GROUP, 0, 0, 1.1, 0, 0, 0, 0, 0, 8, 1, 0, 0, 0
2, 131651, 03/02/2019 00:00:17, OTHER_GROUPS, 26.6, 42.1, 19073.8, 11.9, 0, 0, 0, 0, 653, 19881, 3.6, 1163.2, 1853.8
2, 131652, 03/02/2019 00:20:22, OTHER_GROUPS, 22, 32.2, 19230.8, 6.9, 0, 0, 0, 0, 551, 13995, 3.3, 1306.8, 1081.9
2, 131653, 03/02/2019 00:40:10, OTHER_GROUPS, 19.7, 22.6, 15132.2, 1.2, 0, 0, 0, 0, 538, 11739, 1.7, 1197.1, 818.5
2, 131654, 03/02/2019 01:00:28, OTHER_GROUPS, 20.1, 24.8, 17367.3, 2.7, 0, 0, 0, 0, 1130, 12890, 2, 941.5, 879.2
2, 131655, 03/02/2019 01:20:06, OTHER_GROUPS, 20.6, 26.9, 17557.8, 3.8, 0, 0, 0, 0, 1062, 16498, 2.5, 811.9, 1047.6
2, 131656, 03/02/2019 01:40:17, OTHER_GROUPS, 20.6, 25.9, 17751, 2.9, 0, 0, 0, 0, 1278, 15522, 2.4, 763.3, 1035.1
2, 131657, 03/02/2019 02:00:11, OTHER_GROUPS, 20.1, 26, 17583.5, 3.3, 0, 0, 0, 0, 1451, 13647, 2.6, 1014.7, 1245.9
2, 131658, 03/02/2019 02:20:05, OTHER_GROUPS, 17.3, 24.3, 16617.1, 4.5, 0, 0, 0, 0, 460, 16566, 2.5, 1171.4, 2340.6
2, 131659, 03/02/2019 02:40:03, OTHER_GROUPS, 15.4, 22, 16656.1, 3.2, 0, 0, 0, 0, 582, 15998, 3.4, 1278, 2861.8
2, 131660, 03/02/2019 03:00:07, OTHER_GROUPS, 13.4, 21.2, 16873, 4, 0, 0, 0, 0, 577, 11742, 3.8, 1253.7, 1469.6
2, 131661, 03/02/2019 03:20:11, OTHER_GROUPS, 4.4, 10.2, 17267.4, 1.4, 0, 0, 0, 0, 463, 1929, 4.4, 484.3, 571.5
2, 131662, 03/02/2019 03:40:15, OTHER_GROUPS, 19.9, 37, 19055, 12.5, 0, 0, 0, 0, 668, 15672, 4.6, 1652.7, 4095.1
2, 131663, 03/02/2019 04:00:06, OTHER_GROUPS, 24.5, 57.8, 42679, 27.3, 0, 0, 0, 0, 530, 23956, 6, 2026.6, 6793.2
2, 131664, 03/02/2019 04:20:26, OTHER_GROUPS, 27, 32.3, 47872.3, 1.3, 0, 0, 0, 0, 542, 27847, 4, 2522.3, 2492.3
2, 131665, 03/02/2019 04:40:15, OTHER_GROUPS, 24.3, 31.5, 48966.2, 3.9, 0, 0, 0, 0, 548, 23767, 3.3, 1783.5, 1348.3
2, 131666, 03/02/2019 05:00:33, OTHER_GROUPS, 18, 25.2, 23704.4, 4.7, 0, 0, 0, 0, 500, 16374, 2.5, 1598.3, 1102.2
2, 131667, 03/02/2019 05:20:39, OTHER_GROUPS, 14.2, 20.9, 23035.3, 4.7, 0, 0, 0, 0, 576, 7764, 2, 1917.4, 882.7
2, 131668, 03/02/2019 05:40:12, OTHER_GROUPS, 13.8, 18.3, 16586.4, 2.7, 0, 0, 0, 0, 552, 8854, 1.8, 1407.7, 1086.9
2, 131669, 03/02/2019 06:00:11, OTHER_GROUPS, 20.9, 31.2, 20179.6, 8.3, 0, 0, 0, 0, 455, 16455, 2, 924.3, 886.2
2, 131670, 03/02/2019 06:20:19, OTHER_GROUPS, 25.8, 31.7, 19400.3, 4.4, 0, 0, 0, 0, 500, 22921, 1.5, 1012.5, 693.4
2, 131671, 03/02/2019 06:40:02, OTHER_GROUPS, 27.3, 29.9, 20147.1, 1, 0, 0, 0, 0, 2100, 19677, 1.6, 1122.5, 934
2, 131672, 03/02/2019 07:00:04, OTHER_GROUPS, 73.7, 91.3, 40760.5, 13.7, 0, 0, 10, 256, 1192, 69225, 3.9, 6022.4, 3960.5
2, 131673, 03/02/2019 07:20:18, OTHER_GROUPS, 36.3, 41.7, 15918, 2.9, 1, 0, 6, 136, 631, 48919, 2.5, 1180.5, 4453
2, 131674, 03/02/2019 07:40:20, OTHER_GROUPS, 50, 54.7, 21018.1, 2.6, 0, 0, 8, 208, 1059, 44388, 2.1, 1744.5, 2245.4
2, 131675, 03/02/2019 08:00:03, OTHER_GROUPS, 33, 38.4, 28544.3, 0.8, 0, 0, 9, 214, 920, 33045, 4.6, 2243.1, 5038.9
2, 131676, 03/02/2019 08:20:11, OTHER_GROUPS, 34.2, 42.4, 20318.4, 5, 0, 0, 49, 1242, 2098, 31630, 3.2, 3666.8, 4459.5
2, 131677, 03/02/2019 08:40:10, OTHER_GROUPS, 33.8, 36.6, 11632.6, 0, 0, 0, 46, 1112, 2093, 37618, 2.8, 2459.4, 4412
2, 131678, 03/02/2019 09:00:14, OTHER_GROUPS, 29.3, 33.7, 13532.2, 0, 0, 0, 4, 82, 1156, 27588, 4.4, 6210.2, 3511
2, 131679, 03/02/2019 09:20:16, OTHER_GROUPS, 32.8, 39.2, 11723.5, 0, 0, 0, 128, 3080, 4056, 38190, 6.4, 4140.2, 5689.6
2, 131680, 03/02/2019 09:40:39, OTHER_GROUPS, 33.7, 36.4, 15919.8, 0, 0, 0, 0, 0, 751, 36801, 2.7, 2062.3, 3867.7
2, 131681, 03/02/2019 10:00:01, OTHER_GROUPS, 35.4, 39.7, 13984.6, 0, 0, 0, 2, 48, 948, 36317, 4.3, 1888, 8730.1
2, 131682, 03/02/2019 10:20:02, OTHER_GROUPS, 40.4, 46.4, 13761.6, 0, 0, 0, 59, 1464, 2600, 48973, 6, 3393.6, 14336.2
2, 131683, 03/02/2019 10:40:03, OTHER_GROUPS, 34.1, 39.4, 10127.3, 0, 0, 0, 5, 96, 888, 37174, 5.3, 1692.7, 14073
2, 131684, 03/02/2019 11:00:12, OTHER_GROUPS, 40.2, 46.6, 20073.3, 0, 0, 0, 89, 2264, 3024, 45736, 6.4, 2918.5, 9786.9
2, 131685, 03/02/2019 11:20:11, OTHER_GROUPS, 36.3, 42, 12103.4, 0, 1, 0, 37, 888, 1702, 45299, 5.7, 2740, 13137.7
2, 131686, 03/02/2019 11:40:22, OTHER_GROUPS, 28.5, 32.1, 8241.8, 0, 0, 0, 7, 112, 1243, 27258, 3.6, 1643.8, 2420.4
2, 131687, 03/02/2019 12:00:27, OTHER_GROUPS, 31.7, 36.3, 8088.2, 0, 0, 0, 85, 2044, 2976, 34531, 4.6, 3759.4, 4630.3
2, 131688, 03/02/2019 12:20:32, OTHER_GROUPS, 26.9, 29.2, 4667.7, 0, 0, 0, 1, 16, 856, 20932, 2.3, 1637.4, 2658.7
2, 131689, 03/02/2019 12:40:15, OTHER_GROUPS, 32.9, 35.5, 8519.7, 0, 0, 0, 60, 1568, 2862, 29439, 2.6, 3220.9, 4269
2, 131690, 03/02/2019 13:00:02, OTHER_GROUPS, 28.3, 34.3, 6394.9, 0, 0, 0, 3, 80, 881, 21965, 6, 1725.6, 3308.8
2, 131691, 03/02/2019 13:20:06, OTHER_GROUPS, 29.8, 33.7, 6118.4, 0, 0, 0, 63, 1456, 2317, 28195, 3.9, 2594.4, 2683.9
2, 131692, 03/02/2019 13:40:09, OTHER_GROUPS, 26.8, 29.6, 5752.7, 0, 0, 0, 1, 16, 904, 22544, 2.8, 1711.8, 3906.5
2, 131693, 03/02/2019 14:00:29, OTHER_GROUPS, 23.2, 26.1, 4062.4, 0, 0, 0, 1, 2, 826, 15357, 2.9, 1334.1, 1972.4
2, 131694, 03/02/2019 14:20:08, OTHER_GROUPS, 27.7, 31.4, 3757.1, 0, 0, 0, 92, 2064, 2709, 24522, 3.7, 3547, 5715
2, 131695, 03/02/2019 14:40:03, OTHER_GROUPS, 27.2, 29.9, 6219.6, 0, 0, 0, 1, 16, 929, 20484, 2.7, 1959.7, 3542.6
2, 131696, 03/02/2019 15:00:12, OTHER_GROUPS, 27.1, 30, 3908.4, 0, 0, 0, 62, 1400, 2264, 24242, 2.9, 4101.4, 3382.8
2, 131697, 03/02/2019 15:20:14, OTHER_GROUPS, 24.4, 26.8, 3572.8, 0, 0, 0, 0, 0, 797, 18792, 2.4, 2026.9, 2729.5
2, 131698, 03/02/2019 15:40:03, OTHER_GROUPS, 26.9, 29.2, 3820.7, 0, 0, 0, 76, 1952, 2737, 20768, 2.3, 3306.4, 2399.3
2, 131699, 03/02/2019 16:00:01, OTHER_GROUPS, 34.4, 37.3, 14026.3, 0, 0, 0, 15, 409, 1760, 30599, 2.9, 2197.1, 3648.3
2, 131700, 03/02/2019 16:20:16, OTHER_GROUPS, 34.9, 36.8, 21256.3, 0, 0, 0, 5, 160, 941, 25879, 1.9, 1878.8, 1631.6
2, 131701, 03/02/2019 16:40:30, OTHER_GROUPS, 35.8, 38.2, 11663.6, 0, 0, 0, 89, 2296, 4393, 29957, 2.4, 3250.3, 2953.6
2, 131702, 03/02/2019 17:00:35, OTHER_GROUPS, 36.2, 40.3, 21077, 0, 0, 0, 0, 0, 424, 27370, 4.1, 1981.5, 4899.8
2, 131703, 03/02/2019 17:20:28, OTHER_GROUPS, 32.3, 34.4, 16200.2, 0, 0, 0, 0, 0, 411, 20252, 2.1, 1537.2, 1363.2
2, 131704, 03/02/2019 17:40:04, OTHER_GROUPS, 31.8, 34, 17369.3, 0, 0, 0, 0, 0, 462, 23289, 2.2, 1386, 1363.2
2, 131705, 03/02/2019 18:00:05, OTHER_GROUPS, 28, 30.6, 18672.3, 0, 0, 0, 0, 0, 449, 21846, 2.6, 1398.4, 1073.9
2, 131706, 03/02/2019 18:20:02, OTHER_GROUPS, 30.3, 32.3, 17482.9, 0, 0, 0, 0, 0, 528, 25553, 2, 1638.6, 1152
2, 131707, 03/02/2019 18:40:08, OTHER_GROUPS, 25, 26.7, 17190.6, 0, 0, 0, 0, 0, 574, 20238, 1.7, 1786.8, 1050.8
2, 131708, 03/02/2019 19:00:13, OTHER_GROUPS, 22.1, 24.7, 17379.6, 0.6, 0, 0, 0, 0, 582, 16029, 2, 1455.4, 1389.1
2, 131709, 03/02/2019 19:20:08, OTHER_GROUPS, 23, 27.7, 17902.1, 2.6, 0, 0, 0, 0, 425, 17485, 2.1, 1397.2, 1483.3
2, 131710, 03/02/2019 19:40:18, OTHER_GROUPS, 24.1, 27.6, 17419.5, 1.2, 0, 0, 0, 0, 474, 19049, 2.3, 1255, 1309
2, 131711, 03/02/2019 20:00:06, OTHER_GROUPS, 24.8, 36.4, 20388.2, 9.2, 0, 0, 0, 0, 486, 19158, 2.4, 1267.5, 1067.3
2, 131712, 03/02/2019 20:20:06, OTHER_GROUPS, 25.9, 33, 18713.2, 5.2, 0, 0, 0, 0, 446, 21450, 1.9, 1105.5, 1241.9
2, 131713, 03/02/2019 20:40:16, OTHER_GROUPS, 23.8, 28.3, 17223.9, 2.8, 0, 0, 0, 0, 571, 17379, 1.7, 1321.1, 1206.3
2, 131714, 03/02/2019 21:00:33, OTHER_GROUPS, 21.6, 33.2, 18467.7, 6, 0, 0, 1, 14, 452, 15544, 5.6, 1506.8, 1454.2
2, 131715, 03/02/2019 21:20:12, OTHER_GROUPS, 22.4, 28.1, 17446.8, 2.9, 0, 0, 0, 0, 425, 18042, 2.8, 1445.9, 1215.2
2, 131716, 03/02/2019 21:40:15, OTHER_GROUPS, 21.7, 29.5, 19568.6, 5.2, 0, 0, 0, 0, 525, 15508, 2.6, 1359.8, 1136.2
2, 131717, 03/02/2019 22:00:04, OTHER_GROUPS, 23.4, 32.8, 18666.2, 6.2, 0, 0, 0, 0, 493, 21435, 3.2, 1504.7, 1178.6
2, 131718, 03/02/2019 22:20:21, OTHER_GROUPS, 25.2, 35.9, 19650.9, 7.4, 0, 0, 0, 0, 443, 22937, 3.3, 1293.7, 1545.6
2, 131719, 03/02/2019 22:40:08, OTHER_GROUPS, 19.3, 32, 12702, 10.1, 0, 0, 0, 0, 573, 19136, 2.6, 778.3, 1407.2
2, 131720, 03/02/2019 23:00:04, OTHER_GROUPS, 17.8, 33.2, 7975, 13.1, 0, 0, 0, 0, 500, 22337, 2.3, 44.6, 3368
2, 131721, 03/02/2019 23:20:15, OTHER_GROUPS, 17.8, 28.6, 7493.2, 9.4, 0, 0, 0, 0, 506, 19962, 1.4, 29.7, 1469.1
2, 131722, 03/02/2019 23:40:03, OTHER_GROUPS, 17.9, 25.5, 6958.9, 6.5, 0, 0, 0, 0, 515, 20509, 1.1, 20.5, 1083.4
3, 131652, 03/02/2019 00:20:22, ADW_UNLOAD_GROUP, 0, 0, 0, 0, 0, 0, 0, 0, 49, 0, 0, 0, 0
3, 131654, 03/02/2019 01:00:27, ADW_UNLOAD_GROUP, 0, 0, 0, 0, 0, 0, 0, 0, 39, 3, 0, 0, 0
3, 131658, 03/02/2019 02:20:06, ADW_UNLOAD_GROUP, 0, 0, 0, 0, 0, 0, 0, 0, 44, 0, 0, 0, 0
3, 131660, 03/02/2019 03:00:07, ADW_UNLOAD_GROUP, 0, 0, 0, 0, 0, 0, 0, 0, 44, 0, 0, 0, 0
3, 131665, 03/02/2019 04:40:15, ADW_UNLOAD_GROUP, 0, 0, 0, 0, 0, 0, 0, 0, 44, 0, 0, 0, 0
3, 131670, 03/02/2019 06:20:19, ADW_UNLOAD_GROUP, 0, 0, 0, 0, 0, 0, 0, 0, 49, 0, 0, 0, 0
3, 131705, 03/02/2019 18:00:05, ADW_UNLOAD_GROUP, 0, 0, 0, 0, 0, 0, 0, 0, 44, 0, 0, 0, 0
3, 131707, 03/02/2019 18:40:08, ADW_UNLOAD_GROUP, 0, 0, 0, 0, 0, 0, 0, 0, 44, 0, 0, 0, 0
3, 131708, 03/02/2019 19:00:13, ADW_UNLOAD_GROUP, 0.1, 0.2, 168.9, 0.1, 0, 0, 0, 0, 94, 2, 0, 10.4, 9
3, 131710, 03/02/2019 19:40:18, ADW_UNLOAD_GROUP, 0, 0, 0, 0, 0, 0, 0, 0, 44, 0, 0, 0, 0
3, 131711, 03/02/2019 20:00:06, ADW_UNLOAD_GROUP, 0, 0, 0, 0, 0, 0, 0, 0, 44, 0, 0, 0, 0
3, 131713, 03/02/2019 20:40:16, ADW_UNLOAD_GROUP, 0, 0, 0, 0, 0, 0, 0, 0, 49, 0, 0, 0, 0
3, 131714, 03/02/2019 21:00:33, ADW_UNLOAD_GROUP, 0, 0, 0, 0, 0, 0, 0, 0, 39, 0, 0, 0, 0
3, 131715, 03/02/2019 21:20:11, ADW_UNLOAD_GROUP, 0, 0, 0, 0, 0, 0, 0, 0, 44, 0, 0, 0, 0
3, 131717, 03/02/2019 22:00:04, ADW_UNLOAD_GROUP, 0, 0, 0, 0, 0, 0, 0, 0, 44, 0, 0, 0, 0
3, 131720, 03/02/2019 23:00:04, ADW_UNLOAD_GROUP, 0, 0, 0, 0, 0, 0, 0, 0, 44, 0, 0, 0, 0
3, 131651, 03/02/2019 00:00:17, DM_TECH_GROUP, 2.4, 4.1, 2545.9, 0.8, 0, 0, 584, 8280, 8273, 433, 0.9, 1150.3, 1382.6
3, 131652, 03/02/2019 00:20:22, DM_TECH_GROUP, 9.5, 20.3, 21469.1, 8.9, 12, 0.3, 153, 2256, 2569, 7364, 1.9, 637.4, 2280
3, 131653, 03/02/2019 00:40:08, DM_TECH_GROUP, 17.5, 38.3, 22308.4, 16.6, 34, 1, 167, 2516, 2974, 15669, 4.2, 2550.6, 5444.2
3, 131654, 03/02/2019 01:00:27, DM_TECH_GROUP, 18.8, 50.2, 23750.6, 26.4, 103, 2, 126, 1864, 2017, 16731, 5, 2287.2, 4072.9
3, 131655, 03/02/2019 01:20:06, DM_TECH_GROUP, 19.3, 38.8, 23208.4, 15.2, 2, 0, 79, 1148, 1227, 10528, 4.3, 2040.9, 4904.8
3, 131656, 03/02/2019 01:40:17, DM_TECH_GROUP, 19.3, 36.7, 37058.8, 13.7, 0, 0, 6, 88, 81, 11827, 3.7, 1822, 5815.8
3, 131657, 03/02/2019 02:00:11, DM_TECH_GROUP, 19, 37.8, 24018.9, 13.2, 0, 0, 2, 32, 29, 16283, 5.6, 1120.3, 6918.2
3, 131658, 03/02/2019 02:20:06, DM_TECH_GROUP, 19.3, 33.3, 22163.4, 11.3, 0, 0, 0, 0, 0, 10462, 2.7, 1072.8, 4155.4
3, 131659, 03/02/2019 02:40:04, DM_TECH_GROUP, 14.6, 28, 19076.5, 12.4, 0, 0, 6, 96, 32, 4004, 1, 1091.1, 4213.7
3, 131660, 03/02/2019 03:00:07, DM_TECH_GROUP, 13.5, 25.6, 12529.1, 11.9, 0, 0, 3, 48, 54, 5115, 0.2, 786.1, 71.5
3, 131661, 03/02/2019 03:20:12, DM_TECH_GROUP, 11.2, 24.4, 13097.1, 12.6, 0, 0, 15, 224, 275, 2298, 0.6, 836.7, 269.8
3, 131662, 03/02/2019 03:40:16, DM_TECH_GROUP, 16, 22.7, 18799.4, 6.2, 0, 0, 26, 392, 440, 4206, 0.5, 2257.4, 912.8
3, 131663, 03/02/2019 04:00:05, DM_TECH_GROUP, 14.1, 20.1, 18834, 5.8, 0, 0, 6, 96, 106, 4222, 0.2, 800.9, 485
3, 131664, 03/02/2019 04:20:26, DM_TECH_GROUP, 9.1, 14, 10031.3, 4.9, 0, 0, 26, 392, 441, 1495, 0, 541.2, 16.7
3, 131665, 03/02/2019 04:40:15, DM_TECH_GROUP, 7.8, 13.2, 6090.7, 5.2, 0, 0, 8, 112, 201, 1487, 0.2, 436, 452.4
3, 131666, 03/02/2019 05:00:33, DM_TECH_GROUP, 8.5, 15.3, 5177.1, 6.1, 0, 0, 128, 1814, 1830, 2144, 0.7, 931.2, 1289
3, 131667, 03/02/2019 05:20:39, DM_TECH_GROUP, 7, 15.7, 6282.1, 8.2, 0, 0, 5, 40, 20, 1892, 0.5, 687, 1392.5
3, 131668, 03/02/2019 05:40:12, DM_TECH_GROUP, 4.3, 11.5, 4020.7, 6.9, 0, 0, 32, 506, 500, 796, 0.3, 422.7, 944.8
3, 131669, 03/02/2019 06:00:11, DM_TECH_GROUP, 7.1, 13.5, 6977.1, 6.3, 0, 0, 19, 253, 367, 2645, 0.1, 676.8, 141.1
3, 131670, 03/02/2019 06:20:19, DM_TECH_GROUP, 4.7, 7.9, 4252.9, 3.2, 0, 0, 9, 136, 145, 868, 0, 366.4, 40.5
3, 131671, 03/02/2019 06:40:03, DM_TECH_GROUP, 4, 5.6, 1381.3, 1.6, 0, 0, 17, 272, 256, 718, 0, 272.3, 31.7
3, 131702, 03/02/2019 17:00:35, DM_TECH_GROUP, 0.7, 1.3, 10, 0.4, 0, 0, 0, 0, 48, 71, 0.2, 4.8, 577.7
3, 131703, 03/02/2019 17:20:28, DM_TECH_GROUP, 1.3, 4.1, 797, 2.4, 0, 0, 6, 88, 191, 273, 0.4, 98.5, 2673
3, 131704, 03/02/2019 17:40:03, DM_TECH_GROUP, 2, 5.7, 9749.2, 3.2, 0, 0, 2, 24, 29, 554, 0.5, 160.1, 4497.7
3, 131705, 03/02/2019 18:00:05, DM_TECH_GROUP, 2, 5, 9155.6, 2.2, 0, 0, 3, 40, 45, 368, 0.8, 90, 2065.6
3, 131706, 03/02/2019 18:20:02, DM_TECH_GROUP, 0.8, 1.2, 58, 0.3, 0, 0, 0, 0, 2, 94, 0.1, 8.8, 620.9
3, 131707, 03/02/2019 18:40:08, DM_TECH_GROUP, 0.7, 1.2, 69, 0.4, 0, 0, 0, 0, 0, 52, 0.1, 8.8, 626.1
3, 131708, 03/02/2019 19:00:13, DM_TECH_GROUP, 0.7, 1.1, 63, 0.2, 0, 0, 0, 0, 8, 81, 0.2, 8, 547.5
3, 131709, 03/02/2019 19:20:08, DM_TECH_GROUP, 0.7, 1.1, 101.6, 0.3, 0, 0, 0, 0, 0, 86, 0.1, 7.9, 525.2
3, 131710, 03/02/2019 19:40:18, DM_TECH_GROUP, 0.7, 0.9, 75.3, 0.1, 0, 0, 0, 0, 0, 37, 0.1, 7.7, 464.6
3, 131711, 03/02/2019 20:00:06, DM_TECH_GROUP, 0.5, 0.8, 716.1, 0.2, 0, 0, 0, 0, 9, 44, 0.1, 5.6, 268.1
3, 131712, 03/02/2019 20:20:03, DM_TECH_GROUP, 0.5, 0.6, 74.7, 0.1, 0, 0, 1, 3, 0, 22, 0, 6.3, 255.1
3, 131713, 03/02/2019 20:40:16, DM_TECH_GROUP, 0.4, 0.4, 40.6, 0, 0, 0, 44, 630, 685, 42, 0, 101.4, 209.2
3, 131714, 03/02/2019 21:00:33, DM_TECH_GROUP, 1.3, 4.9, 230.4, 2.8, 0, 0, 288, 4074, 4131, 270, 0.8, 1021.6, 2298.9
3, 131715, 03/02/2019 21:20:11, DM_TECH_GROUP, 0.8, 3.4, 268.7, 2.4, 0, 0, 38, 600, 603, 131, 0.2, 366.9, 2906.5
3, 131716, 03/02/2019 21:40:15, DM_TECH_GROUP, 0.7, 1.7, 153.1, 0.7, 0, 0, 47, 656, 646, 100, 0.3, 336.4, 2585.7
3, 131717, 03/02/2019 22:00:04, DM_TECH_GROUP, 0.2, 0.6, 33.4, 0.3, 0, 0, 3, 34, 45, 12, 0.1, 6.1, 161.4
3, 131718, 03/02/2019 22:20:21, DM_TECH_GROUP, 1.2, 6.1, 930.2, 4.7, 0, 0, 0, 0, 120, 271, 0.2, 173.7, 1993.7
3, 131719, 03/02/2019 22:40:08, DM_TECH_GROUP, 1.9, 11.1, 11188.7, 8.9, 0, 0, 5, 56, 51, 606, 0.3, 244.8, 5804.5
3, 131720, 03/02/2019 23:00:04, DM_TECH_GROUP, 1.4, 3.6, 12972.1, 1.9, 0, 0, 2, 32, 10, 286, 0.3, 111, 1948.1
3, 131721, 03/02/2019 23:20:14, DM_TECH_GROUP, 0.5, 3.1, 3241.8, 2.5, 0, 0, 0, 0, 0, 52, 0.1, 34.3, 1019.7
3, 131722, 03/02/2019 23:40:03, DM_TECH_GROUP, 0.6, 2.3, 9620.4, 1.6, 0, 0, 13, 208, 296, 53, 0.1, 22.9, 1125.8
3, 131653, 03/02/2019 00:40:08, ODS_SUPPORT_GROUP, 0, 0, 0, 0, 0, 0, 0, 0, 6, 0, 0, 0, 0
3, 131654, 03/02/2019 01:00:27, ODS_SUPPORT_GROUP, 0, 0, 0, 0, 0, 0, 0, 0, 6, 1, 0, 0, 0
3, 131659, 03/02/2019 02:40:04, ODS_SUPPORT_GROUP, 0, 0, 0, 0, 0, 0, 0, 0, 6, 0, 0, 0, 0
3, 131664, 03/02/2019 04:20:26, ODS_SUPPORT_GROUP, 0, 0, 0, 0, 0, 0, 0, 0, 5, 0, 0, 0, 0
3, 131667, 03/02/2019 05:20:39, ODS_SUPPORT_GROUP, 0, 0, 0, 0, 0, 0, 0, 0, 6, 0, 0, 0, 0
3, 131722, 03/02/2019 23:40:03, ODS_SUPPORT_GROUP, 0, 0, 0, 0, 0, 0, 0, 0, 6, 0, 0, 0, 0
3, 131651, 03/02/2019 00:00:17, OTHER_GROUPS, 11.2, 25, 12377.6, 12.8, 0, 0, 217, 3064, 7802, 3629, 1, 11382.5, 1305.2
3, 131652, 03/02/2019 00:20:22, OTHER_GROUPS, 17.5, 45.4, 15236, 26.8, 0, 0, 288, 1764, 7056, 5953, 1.1, 14602.3, 662.3
3, 131653, 03/02/2019 00:40:08, OTHER_GROUPS, 16.2, 20.5, 12069.9, 3.1, 0, 0, 855, 5692, 11922, 6727, 1.2, 5863.8, 1014.5
3, 131654, 03/02/2019 01:00:27, OTHER_GROUPS, 14.7, 23.2, 12902.2, 6.1, 0, 0, 282, 2152, 6110, 5913, 2.4, 4002.5, 5028.7
3, 131655, 03/02/2019 01:20:06, OTHER_GROUPS, 9.4, 14.2, 10944.1, 3.1, 0, 0, 30, 300, 4712, 2678, 1.7, 3696.9, 3622
3, 131656, 03/02/2019 01:40:17, OTHER_GROUPS, 7.7, 10.7, 10269.2, 1.9, 0, 0, 25, 384, 4938, 2055, 1.1, 5594.1, 2440.8
3, 131657, 03/02/2019 02:00:11, OTHER_GROUPS, 12.3, 16.8, 12903.4, 3.1, 0, 0, 128, 784, 5670, 9074, 1.4, 5718.7, 1067.1
3, 131658, 03/02/2019 02:20:06, OTHER_GROUPS, 9.7, 13.5, 11285.2, 2.2, 0, 0, 1, 8, 3857, 3033, 1.6, 1148.7, 934.9
3, 131659, 03/02/2019 02:40:04, OTHER_GROUPS, 8.9, 13.2, 12057.2, 2.8, 0, 0, 66, 504, 4430, 1493, 1.5, 5332.7, 1184.7
3, 131660, 03/02/2019 03:00:07, OTHER_GROUPS, 6.9, 10.8, 11199.6, 2.7, 0, 0, 9, 104, 4146, 2016, 1.2, 2197.8, 524.1
3, 131661, 03/02/2019 03:20:12, OTHER_GROUPS, 9.2, 16.6, 17170.1, 4.7, 0, 0, 17, 198, 3300, 10646, 2.7, 4863.5, 1519
3, 131662, 03/02/2019 03:40:16, OTHER_GROUPS, 9.6, 12.8, 13075.8, 1.6, 0, 0, 27, 140, 4385, 2711, 1.6, 2040, 2052.3
3, 131663, 03/02/2019 04:00:05, OTHER_GROUPS, 8.9, 12.1, 27550.2, 2, 0, 0, 148, 636, 7198, 2418, 1.2, 2282.8, 1064.8
3, 131664, 03/02/2019 04:20:26, OTHER_GROUPS, 13.3, 15.3, 33463, 0, 0, 0, 74, 492, 6468, 2816, 2, 3785, 2373.6
3, 131665, 03/02/2019 04:40:15, OTHER_GROUPS, 16.4, 19.4, 36397.4, 1.8, 0, 0, 272, 1168, 5407, 8729, 1.2, 2900.5, 189.3
3, 131666, 03/02/2019 05:00:33, OTHER_GROUPS, 6.8, 9.5, 17883, 2.1, 0, 0, 83, 397, 6479, 1379, 0.6, 2764, 124.9
3, 131667, 03/02/2019 05:20:39, OTHER_GROUPS, 6.1, 9.3, 12367.1, 2.8, 0, 0, 1, 4, 6139, 1660, 0.4, 1242.5, 114.5
3, 131668, 03/02/2019 05:40:12, OTHER_GROUPS, 5.6, 7, 9889, 0.9, 0, 0, 259, 1096, 5251, 775, 0.5, 1910.4, 112.9
3, 131669, 03/02/2019 06:00:11, OTHER_GROUPS, 9.1, 13.8, 13557.9, 3.3, 1, 0, 159, 858, 4519, 2196, 1.4, 3047.2, 1135.6
3, 131670, 03/02/2019 06:20:19, OTHER_GROUPS, 6.9, 12.4, 14373.9, 4.5, 0, 0, 0, 0, 4011, 1113, 1, 863.1, 1123.8
3, 131671, 03/02/2019 06:40:03, OTHER_GROUPS, 7.8, 11, 13491.7, 2.4, 0, 0, 295, 1582, 6864, 1794, 0.8, 3157, 1061
3, 131672, 03/02/2019 07:00:03, OTHER_GROUPS, 45, 59.7, 25131, 12.6, 0, 0, 398, 5183, 11759, 36171, 2.1, 13476.1, 2708.3
3, 131673, 03/02/2019 07:20:18, OTHER_GROUPS, 13.8, 24.7, 5290.4, 8.9, 0, 0, 254, 1746, 4786, 9883, 2, 6714, 5289.8
3, 131674, 03/02/2019 07:40:21, OTHER_GROUPS, 31.4, 42.8, 31497.5, 8.8, 0, 0, 58, 1618, 6125, 21757, 2.6, 6281, 5749.7
3, 131675, 03/02/2019 08:00:03, OTHER_GROUPS, 54.8, 75.9, 30354.2, 10.7, 0, 0, 106, 2499, 7204, 39845, 10.4, 4368, 10120.8
3, 131676, 03/02/2019 08:20:11, OTHER_GROUPS, 50.2, 62.5, 37431.2, 6.3, 0, 0, 50, 1428, 14404, 35626, 6, 5750.2, 9119.4
3, 131677, 03/02/2019 08:40:08, OTHER_GROUPS, 70.7, 85.9, 43176.9, 9.6, 0, 0, 231, 4608, 10116, 75191, 5.6, 8201.2, 6783.6
3, 131678, 03/02/2019 09:00:13, OTHER_GROUPS, 54.6, 71.8, 32237.1, 10.8, 0, 0, 651, 10420, 15613, 48037, 6.4, 5251.6, 6933
3, 131679, 03/02/2019 09:20:16, OTHER_GROUPS, 35.6, 42.5, 28346.5, 2.2, 0, 0, 275, 5152, 10258, 20191, 4.7, 2954.5, 8810.4
3, 131680, 03/02/2019 09:40:39, OTHER_GROUPS, 32.9, 36.2, 26486.9, 0, 0, 0, 66, 2011, 13798, 14650, 3.3, 5539.1, 4989.7
3, 131681, 03/02/2019 10:00:01, OTHER_GROUPS, 42.1, 45.9, 37332.9, 1, 0, 0, 87, 2210, 8059, 18412, 2.8, 8310.8, 3809.3
3, 131682, 03/02/2019 10:20:09, OTHER_GROUPS, 44.4, 52.3, 28828.6, 5, 0, 0, 45, 1306, 6187, 38918, 2.9, 4720, 3557.7
3, 131683, 03/02/2019 10:40:03, OTHER_GROUPS, 44.2, 49.5, 23028.1, 0, 0, 0, 49, 1727, 6647, 35058, 5.3, 3904.6, 5623.8
3, 131684, 03/02/2019 11:00:12, OTHER_GROUPS, 39.3, 43.5, 27486.2, 1.5, 0, 0, 38, 1557, 6771, 23144, 2.7, 4702.1, 3816.1
3, 131685, 03/02/2019 11:20:11, OTHER_GROUPS, 18.9, 20.5, 16282.5, 0, 0, 0, 57, 1708, 6979, 8137, 1.6, 6789.2, 3543
3, 131686, 03/02/2019 11:40:23, OTHER_GROUPS, 48.9, 52.2, 44881.3, 0, 0, 0, 38, 1121, 6881, 39402, 3.3, 6696.2, 3258.3
3, 131687, 03/02/2019 12:00:27, OTHER_GROUPS, 37, 40.2, 33491.1, 0, 0, 0, 218, 2324, 11238, 21064, 3.2, 5196.6, 6461.2
3, 131688, 03/02/2019 12:20:32, OTHER_GROUPS, 45.6, 49.5, 43793.1, 0.8, 0, 0, 248, 2123, 7274, 26801, 3.1, 7594.3, 5556.7
3, 131689, 03/02/2019 12:40:16, OTHER_GROUPS, 38.5, 40.8, 32818.3, 0, 0, 0, 118, 2353, 7777, 29064, 2.3, 5850.8, 3130.9
3, 131690, 03/02/2019 13:00:02, OTHER_GROUPS, 33.1, 42.1, 21886.1, 5, 0, 0, 723, 11049, 16263, 21487, 4, 6364.9, 7276.5
3, 131691, 03/02/2019 13:20:06, OTHER_GROUPS, 29.7, 34.8, 32833.5, 1.6, 0, 0, 280, 6566, 10732, 20265, 3.5, 3645.8, 8280.5
3, 131692, 03/02/2019 13:40:08, OTHER_GROUPS, 30.6, 37.9, 12943.1, 4.8, 0, 0, 124, 3825, 10037, 23349, 2.5, 4919.9, 3648.1
3, 131693, 03/02/2019 14:00:29, OTHER_GROUPS, 22.5, 26.1, 9509.4, 0.9, 0, 0, 92, 2033, 7451, 9271, 2.7, 7946.2, 4351.7
3, 131694, 03/02/2019 14:20:08, OTHER_GROUPS, 17.7, 19.7, 6670.4, 0, 0, 0, 63, 2568, 7956, 7723, 2, 6837.4, 2774.1
3, 131695, 03/02/2019 14:40:03, OTHER_GROUPS, 31.8, 33.7, 13567.1, 0, 0, 0, 106, 4673, 11580, 22244, 1.9, 7213.7, 2069.4
3, 131696, 03/02/2019 15:00:12, OTHER_GROUPS, 34.4, 39.6, 13344.3, 0, 0, 0, 860, 15156, 21921, 19034, 5.2, 7690.2, 8137.8
3, 131697, 03/02/2019 15:20:14, OTHER_GROUPS, 21.2, 22.8, 8297.1, 0, 0, 0, 158, 4747, 11955, 9571, 1.6, 4327.5, 3622.4
3, 131698, 03/02/2019 15:40:03, OTHER_GROUPS, 26.4, 27.7, 9571.9, 0, 0, 0, 62, 1956, 6861, 14648, 1.3, 6854.2, 1534
3, 131699, 03/02/2019 16:00:01, OTHER_GROUPS, 32, 33.3, 13020.6, 0, 0, 0, 206, 4115, 10632, 14618, 1.3, 7020.8, 1502.9
3, 131700, 03/02/2019 16:20:16, OTHER_GROUPS, 19.9, 20.8, 9558.6, 0, 0, 0, 169, 1936, 9174, 8389, 0.9, 5730.8, 1312
3, 131701, 03/02/2019 16:40:30, OTHER_GROUPS, 17.5, 18.4, 7798, 0, 0, 0, 182, 1481, 8145, 8475, 0.9, 7580.7, 675.5
3, 131702, 03/02/2019 17:00:35, OTHER_GROUPS, 6.1, 7.9, 10602.7, 0.3, 0, 0, 103, 688, 4943, 445, 1.5, 6688.1, 2100.7
3, 131703, 03/02/2019 17:20:28, OTHER_GROUPS, 5.2, 7.3, 10258.4, 1.4, 0, 0, 78, 564, 4741, 322, 0.7, 5744.4, 447.4
3, 131704, 03/02/2019 17:40:03, OTHER_GROUPS, 5, 6.5, 10216.2, 0.7, 0, 0, 27, 392, 5189, 245, 0.8, 5516.5, 290.1
3, 131705, 03/02/2019 18:00:05, OTHER_GROUPS, 10.4, 22.4, 23241.8, 9.6, 0, 0, 22, 298, 4455, 3515, 2.4, 5344.1, 3228.5
3, 131706, 03/02/2019 18:20:02, OTHER_GROUPS, 7, 11.8, 18021.7, 3.4, 0, 0, 13, 184, 4970, 881, 1.4, 3200, 4014.9
3, 131707, 03/02/2019 18:40:08, OTHER_GROUPS, 6.3, 9.8, 13999.6, 2.4, 0, 0, 23, 368, 5259, 705, 1.1, 5621.7, 3148.5
3, 131708, 03/02/2019 19:00:13, OTHER_GROUPS, 7.3, 10.7, 16762.3, 2, 0, 0, 10, 144, 4540, 928, 1.4, 3917.7, 2737
3, 131709, 03/02/2019 19:20:08, OTHER_GROUPS, 9.5, 11.7, 12990.5, 1.4, 0, 0, 27, 352, 5216, 1849, 0.8, 5240.6, 452.9
3, 131710, 03/02/2019 19:40:18, OTHER_GROUPS, 5.9, 6.9, 10368.3, 0, 0, 0, 32, 427, 4590, 506, 1, 5889.9, 451.3
3, 131711, 03/02/2019 20:00:06, OTHER_GROUPS, 5.5, 7.4, 10656.9, 1.1, 0, 0, 40, 448, 4693, 453, 0.8, 4716.5, 330.4
3, 131712, 03/02/2019 20:20:03, OTHER_GROUPS, 5.3, 6.7, 10805.8, 0.7, 0, 0, 23, 336, 4710, 351, 0.7, 6471.1, 344.7
3, 131713, 03/02/2019 20:40:16, OTHER_GROUPS, 5.4, 8.1, 10490.3, 1.9, 0, 0, 24, 304, 4982, 286, 0.8, 4660.7, 1206.1
3, 131714, 03/02/2019 21:00:33, OTHER_GROUPS, 6.2, 10.5, 10943, 2.5, 0, 0, 11, 124, 4542, 815, 1.8, 3892.9, 6065.6
3, 131715, 03/02/2019 21:20:11, OTHER_GROUPS, 5.3, 7.2, 10385.8, 1.1, 0, 0, 7, 104, 4489, 319, 0.8, 2667, 2896.5
3, 131716, 03/02/2019 21:40:15, OTHER_GROUPS, 5.4, 6.7, 10311.7, 0.7, 0, 0, 25, 384, 4944, 318, 0.6, 5452.2, 396
3, 131717, 03/02/2019 22:00:04, OTHER_GROUPS, 6.6, 9.8, 10236.3, 2, 0, 0, 24, 360, 4477, 585, 1.2, 6495.7, 448.1
3, 131718, 03/02/2019 22:20:21, OTHER_GROUPS, 5.6, 7, 10534.4, 0.6, 0, 0, 22, 344, 5074, 343, 0.8, 4659.8, 404.6
3, 131719, 03/02/2019 22:40:08, OTHER_GROUPS, 2.3, 4.4, 6190.7, 1.8, 0, 0, 20, 312, 2742, 128, 0.3, 5545.7, 193.5
3, 131720, 03/02/2019 23:00:04, OTHER_GROUPS, 1.1, 3.7, 4117.5, 2.4, 0, 0, 11, 176, 2316, 227, 0.2, 2631.8, 383.2
3, 131721, 03/02/2019 23:20:14, OTHER_GROUPS, 0.9, 4.6, 4264.7, 3.6, 0, 0, 19, 304, 4664, 89, 0.1, 3501.5, 447.8
3, 131722, 03/02/2019 23:40:03, OTHER_GROUPS, 1, 3.1, 4038.2, 2, 0, 0, 24, 360, 894, 121, 0.1, 3795, 387.2
3, 131705, 03/02/2019 18:00:05, SANDBOX_GROUP, 1.1, 1.3, 1424.3, 0.2, 0, 0, 0, 0, 71, 125, 0, 5229.8, 5.4
3, 131706, 03/02/2019 18:20:02, SANDBOX_GROUP, 0.1, 0.2, 3454.8, 0.1, 0, 0, 3, 32, 0, 2, 0, 162.9, 0.6
3, 131707, 03/02/2019 18:40:08, SANDBOX_GROUP, 0.1, 0.1, 2106, 0, 0, 0, 0, 0, 0, 2, 0, 11.2, 0
3, 131708, 03/02/2019 19:00:13, SANDBOX_GROUP, 0.1, 0.2, 945.3, 0, 0, 0, 0, 0, 0, 8, 0.1, 11.1, 41.2
3, 131709, 03/02/2019 19:20:08, SANDBOX_GROUP, 0.1, 0.3, 862.9, 0.1, 0, 0, 0, 0, 0, 1, 0.1, 12.9, 150.8
3, 131710, 03/02/2019 19:40:18, SANDBOX_GROUP, 0.1, 0.2, 201.8, 0, 0, 0, 0, 0, 0, 4, 0.1, 13.3, 122.8
3, 131711, 03/02/2019 20:00:06, SANDBOX_GROUP, 0.1, 0.2, 219.4, 0.1, 0, 0, 0, 0, 0, 2, 0, 11.9, 38.1
3, 131712, 03/02/2019 20:20:03, SANDBOX_GROUP, 0.1, 0.1, 159.3, 0, 0, 0, 0, 0, 0, 2, 0, 12, 22.1
3, 131713, 03/02/2019 20:40:16, SANDBOX_GROUP, 0.1, 0.1, 149.4, 0, 0, 0, 1, 16, 0, 2, 0, 12.1, 33.7
3, 131714, 03/02/2019 21:00:33, SANDBOX_GROUP, 0, 0.1, 41.6, 0, 0, 0, 1, 8, 0, 2, 0.1, 177.9, 52.8
3, 131651, 03/02/2019 00:00:17, SZB_SANDBOX_GROUP, 8.2, 8.9, 2229.6, 0, 0, 0, 47, 2471, 4717, 2470, 0.7, 241.9, 979.1
3, 131652, 03/02/2019 00:20:22, SZB_SANDBOX_GROUP, 3.8, 4.3, 1559.4, 0.1, 0, 0, 30, 1736, 2290, 712, 0.4, 136, 419.2
3, 131653, 03/02/2019 00:40:08, SZB_SANDBOX_GROUP, 5, 5.3, 1314.7, 0, 0, 0, 25, 1143, 1393, 1073, 0.3, 490.1, 364.3
3, 131654, 03/02/2019 01:00:27, SZB_SANDBOX_GROUP, 7.3, 8.1, 1291.1, 0, 0, 0, 45, 2223, 3099, 3026, 0.8, 1759.3, 520.5
3, 131655, 03/02/2019 01:20:06, SZB_SANDBOX_GROUP, 1.9, 2, 973.6, 0, 0, 0, 11, 463, 661, 442, 0.1, 291.6, 239.5
3, 131656, 03/02/2019 01:40:17, SZB_SANDBOX_GROUP, 1.5, 1.7, 815.7, 0.1, 0, 0, 7, 264, 514, 327, 0.1, 294.5, 245.6
3, 131657, 03/02/2019 02:00:11, SZB_SANDBOX_GROUP, 13.9, 17.3, 6462.5, 1.5, 0, 0, 3, 111, 2061, 5292, 1.9, 1884.7, 4267.5
3, 131658, 03/02/2019 02:20:06, SZB_SANDBOX_GROUP, 8.2, 8.5, 2201.6, 0, 0, 0, 8, 279, 1026, 2773, 0.3, 177.6, 768.4
3, 131659, 03/02/2019 02:40:04, SZB_SANDBOX_GROUP, 2.1, 3, 2091.3, 0.9, 0, 0, 2, 47, 87, 296, 0, 81.1, 11.1
3, 131660, 03/02/2019 03:00:07, SZB_SANDBOX_GROUP, 17.1, 28.1, 6024.2, 10.1, 0, 0, 5, 288, 6319, 27754, 0.9, 12718.2, 395.3
3, 131661, 03/02/2019 03:20:12, SZB_SANDBOX_GROUP, 9.5, 61.8, 10907.9, 47.8, 0, 0, 3, 111, 1634, 3128, 4.5, 14924.8, 3031.2
3, 131662, 03/02/2019 03:40:16, SZB_SANDBOX_GROUP, 10.9, 12.6, 5857.4, 0.5, 0, 0, 3, 87, 5551, 3699, 1.2, 533.8, 1856.7
3, 131663, 03/02/2019 04:00:05, SZB_SANDBOX_GROUP, 12.1, 17.5, 5136.5, 3.9, 0, 0, 26, 1095, 4057, 7624, 1.5, 910.6, 1976
3, 131664, 03/02/2019 04:20:26, SZB_SANDBOX_GROUP, 8.8, 9.9, 4272.7, 0, 0, 0, 174, 7043, 11564, 3178, 1.1, 793.9, 1375.8
3, 131665, 03/02/2019 04:40:15, SZB_SANDBOX_GROUP, 8.8, 9.6, 4582.4, 0.2, 0, 0, 82, 2823, 4686, 3551, 0.6, 744.5, 767.9
3, 131666, 03/02/2019 05:00:33, SZB_SANDBOX_GROUP, 15.7, 22.8, 6213.4, 5.3, 0, 0, 18, 690, 2148, 8139, 1.8, 3522.4, 2231.1
3, 131667, 03/02/2019 05:20:39, SZB_SANDBOX_GROUP, 29.2, 58.3, 11581.3, 26.3, 0, 0, 3, 96, 2049, 34565, 2.8, 2999.1, 5883.2
3, 131668, 03/02/2019 05:40:12, SZB_SANDBOX_GROUP, 14.6, 17.4, 10543.3, 2, 0, 0, 3, 111, 2887, 9492, 0.8, 1121, 1855.1
3, 131669, 03/02/2019 06:00:11, SZB_SANDBOX_GROUP, 22.3, 30.1, 12339.5, 4.7, 0, 0, 74, 2277, 3948, 14361, 3.1, 1193.3, 4271.4
3, 131670, 03/02/2019 06:20:19, SZB_SANDBOX_GROUP, 17.8, 23.9, 16575.7, 3.9, 0, 0, 49, 2151, 3745, 10294, 2.2, 736.9, 5118.2
3, 131671, 03/02/2019 06:40:03, SZB_SANDBOX_GROUP, 14.3, 15.9, 16687.9, 1.1, 0, 0, 27, 1480, 106087, 3829, 0.5, 603, 1085.5
3, 131702, 03/02/2019 17:00:35, SZB_SANDBOX_GROUP, 3.6, 5.3, 2682.9, 1.5, 0, 0, 38, 1832, 2699, 605, 0.2, 2550.5, 426.9
3, 131703, 03/02/2019 17:20:28, SZB_SANDBOX_GROUP, 3.9, 5.2, 9532.8, 0.9, 0, 0, 29, 1743, 2783, 419, 0.4, 333.1, 564.2
3, 131704, 03/02/2019 17:40:03, SZB_SANDBOX_GROUP, 3.4, 4.2, 1918.7, 0.4, 0, 0, 18, 1096, 1750, 998, 0.4, 1056.6, 1091.6
3, 131705, 03/02/2019 18:00:05, SZB_SANDBOX_GROUP, 5.5, 7.3, 2351.4, 0.9, 0, 0, 69, 3304, 3933, 1700, 0.9, 2644.6, 848.7
3, 131706, 03/02/2019 18:20:02, SZB_SANDBOX_GROUP, 8.5, 9.4, 3290.5, 0, 0, 0, 203, 8608, 8762, 1939, 0.9, 464.9, 1416.7
3, 131707, 03/02/2019 18:40:08, SZB_SANDBOX_GROUP, 14.6, 15.7, 6198.5, 0.5, 0, 0, 41, 2176, 2899, 2344, 0.6, 464.8, 1485.2
3, 131708, 03/02/2019 19:00:13, SZB_SANDBOX_GROUP, 13, 13.9, 4606.9, 0, 0, 0, 74, 3680, 4740, 3732, 0.9, 570.7, 792.4
3, 131709, 03/02/2019 19:20:08, SZB_SANDBOX_GROUP, 4.6, 5, 270.4, 0, 0, 0, 67, 3231, 3781, 795, 0.4, 502.2, 463.8
3, 131710, 03/02/2019 19:40:18, SZB_SANDBOX_GROUP, 1.1, 1.3, 59.6, 0, 0, 0, 22, 1152, 1462, 163, 0.2, 332.2, 278.9
3, 131711, 03/02/2019 20:00:06, SZB_SANDBOX_GROUP, 8.7, 10.7, 5146.3, 1.8, 0, 0, 7, 416, 900, 2405, 0.2, 2870.5, 178.2
3, 131712, 03/02/2019 20:20:03, SZB_SANDBOX_GROUP, 3.2, 4, 1883.7, 0.5, 0, 0, 39, 2080, 2536, 422, 0.3, 298.8, 296.1
3, 131713, 03/02/2019 20:40:16, SZB_SANDBOX_GROUP, 4, 5.1, 521.6, 0.6, 0, 0, 26, 1664, 2569, 1191, 0.5, 1056.6, 1028.4
3, 131714, 03/02/2019 21:00:33, SZB_SANDBOX_GROUP, 13.7, 18, 9567, 3.1, 0, 0, 27, 1696, 2420, 5098, 1.2, 4751.1, 1338.3
3, 131715, 03/02/2019 21:20:11, SZB_SANDBOX_GROUP, 5.7, 6.3, 2123.8, 0, 0, 0, 26, 1472, 1541, 1007, 0.6, 251.5, 906
3, 131716, 03/02/2019 21:40:15, SZB_SANDBOX_GROUP, 18.7, 19.4, 5273.6, 0, 0, 0, 22, 1312, 1644, 2533, 0.7, 454.3, 1347.2
3, 131717, 03/02/2019 22:00:04, SZB_SANDBOX_GROUP, 10.5, 11.5, 1262.1, 0.3, 0, 0, 27, 1472, 2793, 2631, 0.7, 2614.6, 1812.8
3, 131718, 03/02/2019 22:20:21, SZB_SANDBOX_GROUP, 4.8, 5.2, 399.5, 0, 0, 0, 58, 2784, 2774, 1151, 0.4, 236.5, 1001.1
3, 131719, 03/02/2019 22:40:08, SZB_SANDBOX_GROUP, 4.5, 4.9, 257.4, 0.1, 0, 0, 39, 2016, 2379, 553, 0.3, 290.6, 429.2
3, 131720, 03/02/2019 23:00:04, SZB_SANDBOX_GROUP, 13.1, 13.8, 4281.4, 0, 0, 0, 65, 3232, 4405, 3864, 0.7, 3105.8, 550.6
3, 131721, 03/02/2019 23:20:14, SZB_SANDBOX_GROUP, 4.6, 4.8, 1628, 0, 0, 0, 70, 3184, 4059, 641, 0.2, 777.3, 359.4
3, 131722, 03/02/2019 23:40:03, SZB_SANDBOX_GROUP, 3.9, 4.7, 553.8, 0.5, 0, 0, 35, 2240, 3499, 1433, 0.3, 860.9, 934.9
4, 131653, 03/02/2019 00:40:10, ADW_UNLOAD_GROUP, 0, 0, 0, 0, 0, 0, 0, 0, 42, 0, 0, 0, 0
4, 131654, 03/02/2019 01:00:27, ADW_UNLOAD_GROUP, 0, 0, 0, 0, 0, 0, 0, 0, 41, 2, 0, 0, 0
4, 131655, 03/02/2019 01:20:06, ADW_UNLOAD_GROUP, 0, 0, 0, 0, 0, 0, 0, 0, 44, 1, 0, 0, 0
4, 131657, 03/02/2019 02:00:11, ADW_UNLOAD_GROUP, 0, 0, 0, 0, 0, 0, 0, 0, 44, 2, 0, 0, 0
4, 131660, 03/02/2019 03:00:07, ADW_UNLOAD_GROUP, 0, 0, 0, 0, 0, 0, 0, 0, 44, 0, 0, 0, 0
4, 131661, 03/02/2019 03:20:11, ADW_UNLOAD_GROUP, 0, 0, 0, 0, 0, 0, 0, 0, 44, 2, 0, 0, 0
4, 131662, 03/02/2019 03:40:16, ADW_UNLOAD_GROUP, 0, 0, 0, 0, 0, 0, 0, 0, 44, 0, 0, 0, 0
4, 131664, 03/02/2019 04:20:26, ADW_UNLOAD_GROUP, 0, 0, 0, 0, 0, 0, 0, 0, 42, 1, 0, 0, 0
4, 131665, 03/02/2019 04:40:15, ADW_UNLOAD_GROUP, 0, 0, 0, 0, 0, 0, 0, 0, 46, 0, 0, 0, 0
4, 131666, 03/02/2019 05:00:45, ADW_UNLOAD_GROUP, 0, 0, 0, 0, 0, 0, 0, 0, 44, 3, 0, 0, 0
4, 131667, 03/02/2019 05:20:39, ADW_UNLOAD_GROUP, 0, 0, 0, 0, 0, 0, 0, 0, 44, 1, 0, 0, 0
4, 131668, 03/02/2019 05:40:12, ADW_UNLOAD_GROUP, 0, 0, 0, 0, 0, 0, 0, 0, 44, 0, 0, 0, 0
4, 131669, 03/02/2019 06:00:11, ADW_UNLOAD_GROUP, 0, 0, 0, 0, 0, 0, 0, 0, 39, 0, 0, 0, 0
4, 131703, 03/02/2019 17:20:27, ADW_UNLOAD_GROUP, 0, 0, 0, 0, 0, 0, 0, 0, 39, 0, 0, 0, 0
4, 131704, 03/02/2019 17:40:04, ADW_UNLOAD_GROUP, 0, 0, 0, 0, 0, 0, 0, 0, 44, 0, 0, 0, 0
4, 131708, 03/02/2019 19:00:13, ADW_UNLOAD_GROUP, 0.3, 0.7, 65.2, 0, 0, 0, 2, 34, 125, 52, 0.4, 147.9, 410.4
4, 131709, 03/02/2019 19:20:08, ADW_UNLOAD_GROUP, 0, 0, 0, 0, 0, 0, 0, 0, 44, 0, 0, 0, 0
4, 131710, 03/02/2019 19:40:18, ADW_UNLOAD_GROUP, 0, 0, 0, 0, 0, 0, 0, 0, 44, 0, 0, 0, 0
4, 131711, 03/02/2019 20:00:06, ADW_UNLOAD_GROUP, 0, 0, 0, 0, 0, 0, 0, 0, 44, 0, 0, 0, 0
4, 131719, 03/02/2019 22:40:08, ADW_UNLOAD_GROUP, 0, 0, 0, 0, 0, 0, 0, 0, 39, 0, 0, 0, 0
4, 131720, 03/02/2019 23:00:04, ADW_UNLOAD_GROUP, 0, 0, 0, 0, 0, 0, 0, 0, 44, 0, 0, 0, 0
4, 131651, 03/02/2019 00:00:17, DM_TECH_GROUP, 2.4, 5.6, 1199.8, 1.9, 0, 0, 122, 1728, 1763, 523, 1.3, 913.5, 2613.2
4, 131652, 03/02/2019 00:20:22, DM_TECH_GROUP, 9.2, 26.5, 18181.2, 15, 12, 0.5, 98, 1400, 2054, 7622, 2.3, 2333, 3519.4
4, 131653, 03/02/2019 00:40:10, DM_TECH_GROUP, 17.9, 54.2, 49509.6, 29.6, 37, 1, 111, 1622, 1906, 32137, 6.7, 2314, 7962.6
4, 131654, 03/02/2019 01:00:27, DM_TECH_GROUP, 18.1, 43.1, 35824.6, 17.8, 107, 2.1, 151, 2264, 2653, 30657, 7.2, 2858.9, 8485
4, 131655, 03/02/2019 01:20:06, DM_TECH_GROUP, 17.2, 28.9, 36026.8, 7.2, 0, 0, 171, 2460, 2740, 15283, 4.5, 1646.1, 6443.4
4, 131656, 03/02/2019 01:40:17, DM_TECH_GROUP, 13.1, 20.4, 31832.6, 5.8, 0, 0, 31, 434, 534, 7964, 1.5, 945.6, 3482.5
4, 131657, 03/02/2019 02:00:11, DM_TECH_GROUP, 12, 19.9, 15480.4, 4.1, 0, 0, 784, 11104, 11071, 5003, 3.8, 2315.5, 7461.7
4, 131658, 03/02/2019 02:20:05, DM_TECH_GROUP, 6.2, 13.4, 7123.1, 5.8, 0, 0, 11, 138, 111, 1715, 1.4, 712.1, 7185.1
4, 131659, 03/02/2019 02:40:04, DM_TECH_GROUP, 5, 12.1, 4775.7, 5.9, 0, 0, 100, 1448, 1461, 1199, 1.2, 507.7, 7521.9
4, 131660, 03/02/2019 03:00:07, DM_TECH_GROUP, 7.9, 19.6, 4762.2, 5.4, 0, 0, 562, 8054, 8103, 2760, 6.3, 1881.8, 7404.9
4, 131661, 03/02/2019 03:20:11, DM_TECH_GROUP, 5.2, 17.3, 6294, 4.7, 0, 0, 205, 2840, 2844, 1367, 7.4, 648.2, 8475.6
4, 131662, 03/02/2019 03:40:16, DM_TECH_GROUP, 7.5, 12.8, 6685.8, 2.9, 0, 0, 136, 1976, 2068, 2297, 2.4, 786.1, 13139.5
4, 131663, 03/02/2019 04:00:05, DM_TECH_GROUP, 9.4, 18.9, 18162.2, 7.6, 1, 0, 508, 7328, 7376, 4296, 1.9, 1822, 3071.1
4, 131664, 03/02/2019 04:20:26, DM_TECH_GROUP, 5.8, 12, 5725.7, 3, 0, 0, 285, 4008, 3969, 2694, 3.2, 791.8, 6674.3
4, 131665, 03/02/2019 04:40:15, DM_TECH_GROUP, 6.1, 10.8, 5857, 2.1, 0, 0, 86, 1218, 1338, 3362, 2.6, 712.2, 5625.2
4, 131666, 03/02/2019 05:00:45, DM_TECH_GROUP, 6.9, 13.6, 2121.9, 4.1, 0, 0, 614, 8680, 8784, 3927, 2.6, 1732.9, 3870.3
4, 131667, 03/02/2019 05:20:39, DM_TECH_GROUP, 3.2, 8.5, 8198.6, 3.6, 0, 0, 47, 700, 768, 963, 1.7, 305.4, 2998.5
4, 131668, 03/02/2019 05:40:12, DM_TECH_GROUP, 2.9, 6, 3688, 1.9, 0, 0, 41, 596, 757, 700, 1.2, 608, 2281.4
4, 131669, 03/02/2019 06:00:11, DM_TECH_GROUP, 4.4, 7.8, 2627.3, 1.7, 1, 0, 120, 1627, 1873, 1445, 1.7, 860.2, 5765.9
4, 131670, 03/02/2019 06:20:19, DM_TECH_GROUP, 4.9, 7.2, 5114.4, 1.2, 0, 0, 23, 280, 338, 817, 1.1, 631.2, 6816.3
4, 131671, 03/02/2019 06:40:03, DM_TECH_GROUP, 3.8, 6.3, 2757.4, 2.4, 0, 0, 2, 16, 83, 270, 0.1, 555.5, 61.6
4, 131702, 03/02/2019 17:00:35, DM_TECH_GROUP, 2.1, 5.5, 367.5, 1.6, 0, 0, 705, 10032, 9942, 395, 1.8, 1268.5, 2917
4, 131703, 03/02/2019 17:20:27, DM_TECH_GROUP, 4.4, 8.7, 6090.5, 2.3, 0, 0, 44, 632, 723, 1488, 2, 1122.2, 8721.7
4, 131704, 03/02/2019 17:40:04, DM_TECH_GROUP, 2.4, 6.9, 19262.7, 3.5, 0, 0, 27, 368, 342, 416, 1, 225.7, 3923.5
4, 131705, 03/02/2019 18:00:05, DM_TECH_GROUP, 3.2, 7.8, 2324.7, 2.2, 0, 0, 788, 11256, 11274, 829, 2.4, 1822.3, 5166.9
4, 131706, 03/02/2019 18:20:02, DM_TECH_GROUP, 2.4, 5.9, 1037.6, 2, 0, 0, 62, 880, 844, 414, 1.5, 794.7, 9440.1
4, 131707, 03/02/2019 18:40:08, DM_TECH_GROUP, 0.5, 0.6, 9581.5, 0, 0, 0, 2, 32, 27, 13, 0.1, 45.3, 104.1
4, 131708, 03/02/2019 19:00:13, DM_TECH_GROUP, 2.4, 4.7, 270.5, 0.7, 0, 0, 784, 11200, 11218, 455, 1.6, 1836.5, 4061.7
4, 131709, 03/02/2019 19:20:08, DM_TECH_GROUP, 0.9, 1.9, 117.9, 0.6, 0, 0, 62, 880, 835, 74, 0.4, 593.1, 3258.8
4, 131710, 03/02/2019 19:40:18, DM_TECH_GROUP, 0.3, 0.4, 17.6, 0.1, 0, 0, 5, 80, 108, 5, 0, 53.8, 54.1
4, 131711, 03/02/2019 20:00:06, DM_TECH_GROUP, 2.1, 5.6, 348.7, 1.7, 0, 0, 780, 11136, 11137, 352, 1.8, 1827.3, 4149.9
4, 131712, 03/02/2019 20:20:03, DM_TECH_GROUP, 0.9, 2, 124, 0.9, 0, 0, 62, 880, 845, 103, 0.2, 591.3, 3543.9
4, 131713, 03/02/2019 20:40:16, DM_TECH_GROUP, 0.6, 0.8, 80.2, 0.1, 0, 0, 28, 424, 500, 32, 0.1, 280.6, 132.7
4, 131714, 03/02/2019 21:00:31, DM_TECH_GROUP, 1.3, 3.1, 330.2, 1.3, 0, 0, 401, 5668, 5756, 119, 0.5, 355.1, 567.5
4, 131715, 03/02/2019 21:20:12, DM_TECH_GROUP, 1.7, 2.1, 2753, 0.3, 0, 0, 2, 32, 56, 92, 0.1, 133.9, 134.9
4, 131716, 03/02/2019 21:40:15, DM_TECH_GROUP, 0.5, 1.5, 89.1, 0.9, 0, 0, 12, 176, 299, 14, 0.1, 60.2, 134
4, 131717, 03/02/2019 22:00:04, DM_TECH_GROUP, 2.7, 5.4, 295.4, 1.3, 1, 0, 788, 11264, 11211, 609, 1.4, 1950.6, 5078.6
4, 131718, 03/02/2019 22:20:21, DM_TECH_GROUP, 1.2, 5.9, 497.2, 4.4, 0, 0, 66, 928, 1005, 133, 0.3, 507.3, 3531.8
4, 131719, 03/02/2019 22:40:08, DM_TECH_GROUP, 1.5, 8.8, 9254.2, 7.1, 0, 0, 12, 184, 260, 283, 0.2, 268, 2994.3
4, 131720, 03/02/2019 23:00:04, DM_TECH_GROUP, 2.5, 7.9, 3460, 4.3, 1, 0, 781, 11152, 11088, 697, 1.1, 2085.6, 7935.2
4, 131721, 03/02/2019 23:20:15, DM_TECH_GROUP, 0.9, 4.4, 1382.6, 3.3, 0, 0, 57, 800, 755, 138, 0.2, 395.3, 4049.5
4, 131722, 03/02/2019 23:40:03, DM_TECH_GROUP, 0.7, 2, 9657.7, 1.2, 0, 0, 46, 672, 730, 48, 0.1, 66.6, 680.8
4, 131653, 03/02/2019 00:40:10, ODS_SUPPORT_GROUP, 0, 0, 0, 0, 0, 0, 0, 0, 6, 0, 0, 0, 0
4, 131663, 03/02/2019 04:00:05, ODS_SUPPORT_GROUP, 0, 0, 0, 0, 0, 0, 0, 0, 6, 1, 0, 0, 0
4, 131667, 03/02/2019 05:20:39, ODS_SUPPORT_GROUP, 0, 0, 0, 0, 0, 0, 0, 0, 6, 0, 0, 0, 0
4, 131668, 03/02/2019 05:40:12, ODS_SUPPORT_GROUP, 0, 0, 0, 0, 0, 0, 0, 0, 5, 0, 0, 0, 0
4, 131669, 03/02/2019 06:00:11, ODS_SUPPORT_GROUP, 0, 0, 0, 0, 0, 0, 0, 0, 6, 0, 0, 0, 0
4, 131671, 03/02/2019 06:40:03, ODS_SUPPORT_GROUP, 0, 0, 0, 0, 0, 0, 0, 0, 3, 0, 0, 0, 0
4, 131716, 03/02/2019 21:40:15, ODS_SUPPORT_GROUP, 0, 0, 0, 0, 0, 0, 0, 0, 6, 0, 0, 0, 0
4, 131651, 03/02/2019 00:00:17, OTHER_GROUPS, 7.6, 18.6, 13189.1, 10.3, 0, 0, 74, 344, 6109, 846, 0.7, 4322.3, 396.7
4, 131652, 03/02/2019 00:20:22, OTHER_GROUPS, 16.3, 32.6, 14127.9, 14.9, 0, 0, 198, 1576, 8572, 6132, 1.4, 14862.3, 620.3
4, 131653, 03/02/2019 00:40:10, OTHER_GROUPS, 22.8, 26.2, 12624, 2.5, 0, 0, 453, 3056, 9282, 12105, 0.9, 2576.6, 372.3
4, 131654, 03/02/2019 01:00:27, OTHER_GROUPS, 23.1, 27.9, 13198.1, 2.7, 0, 0, 273, 2016, 6844, 11869, 2.1, 3594.6, 3226.2
4, 131655, 03/02/2019 01:20:06, OTHER_GROUPS, 18.9, 21.4, 13530.3, 1.3, 0, 0, 24, 280, 5425, 6604, 1.2, 3089.6, 1900.1
4, 131656, 03/02/2019 01:40:17, OTHER_GROUPS, 13.9, 17.6, 14773.2, 3.1, 0, 0, 7, 64, 5347, 3488, 0.6, 1072.7, 159.2
4, 131657, 03/02/2019 02:00:11, OTHER_GROUPS, 11.7, 17.9, 15979.7, 5, 0, 0, 17, 174, 5892, 2798, 1.2, 4464.3, 1917.7
4, 131658, 03/02/2019 02:20:05, OTHER_GROUPS, 10.8, 12.8, 13360.3, 1, 0, 0, 140, 892, 5946, 1614, 1, 7602.9, 1216.8
4, 131659, 03/02/2019 02:40:04, OTHER_GROUPS, 9.8, 13.8, 12966.6, 2.6, 0, 0, 80, 496, 5396, 1116, 1.4, 3343.5, 1997.6
4, 131660, 03/02/2019 03:00:07, OTHER_GROUPS, 12.2, 20.5, 13930.3, 4.5, 0, 0, 30, 385, 5321, 4919, 3.8, 4615.6, 3638.2
4, 131661, 03/02/2019 03:20:11, OTHER_GROUPS, 4.5, 11, 13462.2, 3.5, 0, 0, 58, 503, 4376, 696, 3, 3699.9, 2938.9
4, 131662, 03/02/2019 03:40:16, OTHER_GROUPS, 12.8, 16.3, 15686.5, 1.3, 0, 0, 291, 1442, 6971, 2812, 2.2, 6758.4, 6327.1
4, 131663, 03/02/2019 04:00:05, OTHER_GROUPS, 12.7, 20.1, 30558.4, 4.8, 0, 0, 22, 304, 7986, 8478, 2.6, 5134.8, 4640
4, 131664, 03/02/2019 04:20:26, OTHER_GROUPS, 31.9, 38.5, 41714.7, 3.6, 0, 0, 173, 992, 8467, 16777, 3, 5265.2, 4205.1
4, 131665, 03/02/2019 04:40:15, OTHER_GROUPS, 35.3, 39, 38868.1, 1.1, 0, 0, 74, 592, 5615, 20974, 2.6, 5494.6, 4120.4
4, 131666, 03/02/2019 05:00:45, OTHER_GROUPS, 24.2, 29.4, 35440.2, 3.8, 0, 0, 143, 878, 8098, 10201, 1.4, 7904.2, 1099
4, 131667, 03/02/2019 05:20:39, OTHER_GROUPS, 20.4, 27.2, 21773.8, 6.2, 0, 0, 163, 964, 8268, 9775, 0.6, 5906.2, 373.2
4, 131668, 03/02/2019 05:40:12, OTHER_GROUPS, 16.2, 19.2, 11595.6, 2.3, 0, 0, 47, 428, 5237, 4659, 0.7, 4842.9, 227.8
4, 131669, 03/02/2019 06:00:11, OTHER_GROUPS, 8.6, 10.6, 11395.8, 1.1, 0, 0, 178, 1032, 5712, 1401, 0.9, 5439.7, 266.2
4, 131670, 03/02/2019 06:20:19, OTHER_GROUPS, 8.7, 11.8, 12155.3, 1.8, 0, 0, 189, 1324, 6331, 910, 1.3, 6200.1, 3782.5
4, 131671, 03/02/2019 06:40:03, OTHER_GROUPS, 10.2, 13, 14475.4, 1.4, 0, 0, 90, 1312, 7959, 2060, 1.4, 5361.4, 3216.2
4, 131672, 03/02/2019 07:00:03, OTHER_GROUPS, 45.6, 59.5, 39208.3, 7.9, 0, 0, 815, 13530, 21424, 30792, 6, 4967, 10042.7
4, 131673, 03/02/2019 07:20:18, OTHER_GROUPS, 18.8, 22.8, 13848.9, 0.2, 0, 0, 22, 448, 3252, 12945, 3.8, 1545.8, 12190.2
4, 131674, 03/02/2019 07:40:21, OTHER_GROUPS, 18.8, 29, 22216.7, 7.5, 0, 0, 251, 1916, 7140, 14583, 2.7, 2375, 9113.4
4, 131675, 03/02/2019 08:00:03, OTHER_GROUPS, 48.2, 73.1, 51753.7, 14.9, 0, 0, 151, 3388, 9687, 31264, 10, 6203.7, 8140
4, 131676, 03/02/2019 08:20:11, OTHER_GROUPS, 35.1, 47.6, 13643.5, 8.6, 1, 0, 187, 8490, 15273, 21406, 3.9, 5180.2, 3672.8
4, 131677, 03/02/2019 08:40:08, OTHER_GROUPS, 44.7, 49, 28298.4, 2.1, 1, 0, 561, 22924, 29459, 30011, 2.2, 8172.6, 2578.8
4, 131678, 03/02/2019 09:00:14, OTHER_GROUPS, 61.3, 68.1, 53691, 3, 13, 0, 582, 28850, 37410, 65625, 3.8, 10107.7, 2830.7
4, 131679, 03/02/2019 09:20:14, OTHER_GROUPS, 40.7, 49, 23267.9, 5.7, 14, 0, 640, 34900, 41880, 31786, 2.6, 8345.7, 2988.9
4, 131680, 03/02/2019 09:40:39, OTHER_GROUPS, 45.5, 51.6, 18831.6, 0, 0, 0, 623, 33888, 48279, 35275, 6.1, 3871.5, 9489.5
4, 131681, 03/02/2019 10:00:01, OTHER_GROUPS, 55.1, 61, 33205.2, 0, 1, 0, 546, 31124, 37133, 59697, 5.9, 4350.5, 6536.4
4, 131682, 03/02/2019 10:20:09, OTHER_GROUPS, 33.6, 36.5, 16190.1, 0, 0, 0, 650, 37957, 43988, 18674, 2.9, 3282.8, 3065.4
4, 131683, 03/02/2019 10:40:03, OTHER_GROUPS, 22.6, 25.4, 13557.2, 0, 0, 0, 969, 57256, 63261, 10411, 2.8, 6326.1, 3376.9
4, 131684, 03/02/2019 11:00:12, OTHER_GROUPS, 24, 28, 12228.2, 0, 2, 0, 1353, 51812, 57356, 10409, 4, 7549.7, 5384.7
4, 131685, 03/02/2019 11:20:11, OTHER_GROUPS, 19.1, 22.6, 9954.1, 0, 0, 0, 1049, 64721, 69874, 6668, 3.5, 2704.4, 6373.1
4, 131686, 03/02/2019 11:40:22, OTHER_GROUPS, 27, 29.6, 25214.1, 0, 0, 0, 845, 44939, 50706, 13072, 2.6, 6771.7, 3199.4
4, 131687, 03/02/2019 12:00:27, OTHER_GROUPS, 38.6, 41.4, 23969, 0, 0, 0, 729, 39137, 45032, 18972, 2.8, 5990.8, 1964.1
4, 131688, 03/02/2019 12:20:32, OTHER_GROUPS, 34.2, 39.6, 19123.2, 0, 1, 0, 664, 40936, 46788, 22233, 5.4, 4593.9, 10110.3
4, 131689, 03/02/2019 12:40:15, OTHER_GROUPS, 26, 30.7, 21016.9, 0, 0, 0, 729, 45224, 50990, 12456, 4.7, 4442.7, 6995.4
4, 131690, 03/02/2019 13:00:02, OTHER_GROUPS, 44.6, 48.8, 43699, 0, 0, 0, 855, 53425, 60661, 23540, 4.2, 10142.8, 5685.6
4, 131691, 03/02/2019 13:20:06, OTHER_GROUPS, 27.3, 31.2, 18560.1, 0, 0, 0, 761, 47206, 54611, 10126, 3.9, 5408.5, 4781.4
4, 131692, 03/02/2019 13:40:09, OTHER_GROUPS, 21.4, 24.1, 11329.4, 0, 0, 0, 586, 36800, 47525, 6343, 2.7, 5451.4, 1995.4
4, 131693, 03/02/2019 14:00:29, OTHER_GROUPS, 23, 26, 11281.5, 0, 0, 0, 751, 47506, 60103, 8336, 3, 2395.4, 3555.4
4, 131694, 03/02/2019 14:20:08, OTHER_GROUPS, 41.5, 45.6, 20330.5, 0, 0, 0, 821, 52426, 64236, 23368, 4.1, 2419, 3327.9
4, 131695, 03/02/2019 14:40:03, OTHER_GROUPS, 30, 34.3, 11997.6, 0, 0, 0, 779, 49824, 63266, 11034, 4.3, 1631, 3356.2
4, 131696, 03/02/2019 15:00:12, OTHER_GROUPS, 33.4, 37.2, 19907.4, 0, 0, 0, 257, 15606, 54980, 12372, 3.8, 6282, 2718
4, 131697, 03/02/2019 15:20:14, OTHER_GROUPS, 30.5, 32.4, 9419.1, 0, 0, 0, 286, 16206, 27359, 9424, 1.9, 7570.4, 1982.4
4, 131698, 03/02/2019 15:40:03, OTHER_GROUPS, 36, 40.2, 14048.7, 0, 2, 0, 246, 11686, 18175, 15852, 4.2, 2648.9, 2445.3
4, 131699, 03/02/2019 16:00:01, OTHER_GROUPS, 24.4, 27.9, 9874.5, 0, -1, 0, 1668, 67628, 72104, 9001, 3.5, 5009.2, 4807.7
4, 131700, 03/02/2019 16:20:16, OTHER_GROUPS, 12.7, 14.8, 6360, 0, 0, 0, 95, 1978, 7811, 3148, 2.1, 4773.2, 6286
4, 131701, 03/02/2019 16:40:30, OTHER_GROUPS, 14.1, 17.3, 13929.7, 0, 0, 0, 46, 1462, 12542, 3817, 3.2, 1617.8, 3492.1
4, 131702, 03/02/2019 17:00:35, OTHER_GROUPS, 14, 16.9, 17265.1, 0, 0, 0, 4, 40, 5173, 1291, 2.9, 1161.7, 924
4, 131703, 03/02/2019 17:20:27, OTHER_GROUPS, 14.2, 17.3, 13845.5, 0, 0, 0, 9, 48, 5193, 1198, 3.1, 1156.9, 1253.4
4, 131704, 03/02/2019 17:40:04, OTHER_GROUPS, 13.5, 15.3, 13772.8, 0, 0, 0, 3, 24, 5750, 823, 1.8, 1201.7, 501.3
4, 131705, 03/02/2019 18:00:05, OTHER_GROUPS, 12.8, 14.3, 14123.1, 0, 0, 0, 13, 208, 5316, 1262, 1.5, 3006.9, 387.9
4, 131706, 03/02/2019 18:20:02, OTHER_GROUPS, 13.2, 14.4, 13443.1, 0, 0, 0, 15, 240, 6197, 919, 1.2, 3905, 607.3
4, 131707, 03/02/2019 18:40:08, OTHER_GROUPS, 12.9, 14.2, 13927.1, 0, 0, 0, 0, 0, 6014, 757, 1.3, 1197.6, 326.4
4, 131708, 03/02/2019 19:00:13, OTHER_GROUPS, 15.7, 17, 22401.4, 0, 0, 0, 17, 272, 5423, 1510, 1.3, 4168.4, 646.4
4, 131709, 03/02/2019 19:20:08, OTHER_GROUPS, 14.8, 15.9, 25547.4, 0, 0, 0, 10, 160, 5886, 1125, 1.1, 3404, 668.8
4, 131710, 03/02/2019 19:40:18, OTHER_GROUPS, 10.1, 11.7, 19875, 0, 0, 0, 2, 24, 4957, 515, 1.6, 1412.2, 386.8
4, 131711, 03/02/2019 20:00:06, OTHER_GROUPS, 7.1, 10.9, 16484.6, 2.6, 0, 0, 12, 192, 5489, 551, 1.2, 3127.2, 639.3
4, 131712, 03/02/2019 20:20:03, OTHER_GROUPS, 6.7, 9.5, 14166.7, 1.6, 0, 0, 5, 80, 5499, 356, 1.2, 1889.3, 762.9
4, 131713, 03/02/2019 20:40:16, OTHER_GROUPS, 7.2, 10.4, 13801.3, 1.8, 0, 0, 11, 176, 5978, 419, 1.4, 3310.4, 885.1
4, 131714, 03/02/2019 21:00:31, OTHER_GROUPS, 7.2, 11.3, 14128, 2.9, 0, 0, 18, 280, 5838, 521, 1.2, 12133.3, 639.1
4, 131715, 03/02/2019 21:20:12, OTHER_GROUPS, 7.1, 9.4, 14143.4, 1.2, 0, 0, 17, 272, 5545, 522, 1.1, 4264.3, 614.2
4, 131716, 03/02/2019 21:40:15, OTHER_GROUPS, 6.8, 9.7, 16687.9, 1.6, 0, 0, 0, 0, 5623, 350, 1.3, 1242.5, 514.1
4, 131717, 03/02/2019 22:00:04, OTHER_GROUPS, 6.6, 9.2, 15285.3, 1.3, 0, 0, 0, 0, 5027, 649, 1.3, 985.5, 528.8
4, 131718, 03/02/2019 22:20:21, OTHER_GROUPS, 6.6, 8.7, 14295.5, 1, 0, 0, 2, 32, 5889, 286, 1.1, 2485, 929.6
4, 131719, 03/02/2019 22:40:08, OTHER_GROUPS, 2.7, 6.7, 12338.6, 3.4, 0, 0, 0, 0, 3129, 70, 0.6, 599.1, 873.2
4, 131720, 03/02/2019 23:00:04, OTHER_GROUPS, 0.7, 3.7, 8354.4, 2.7, 0, 0, 14, 224, 2496, 34, 0.3, 3133, 611.8
4, 131721, 03/02/2019 23:20:15, OTHER_GROUPS, 0.6, 3.5, 5454.1, 2.7, 0, 0, 2, 32, 4924, 19, 0.2, 1193.2, 380
4, 131722, 03/02/2019 23:40:03, OTHER_GROUPS, 0.9, 4.9, 9550.1, 3.6, 0, 0, 1, 16, 792, 56, 0.4, 1052.1, 459.3
4, 131651, 03/02/2019 00:00:17, SZB_SANDBOX_GROUP, 19.2, 21.1, 10027, 1, 0, 0, 48, 2528, 3789, 3634, 0.9, 2842.9, 1137.9
4, 131652, 03/02/2019 00:20:22, SZB_SANDBOX_GROUP, 2.4, 2.6, 192.7, 0, 0, 0, 32, 2048, 2564, 457, 0.2, 85.2, 103.4
4, 131653, 03/02/2019 00:40:10, SZB_SANDBOX_GROUP, 2.9, 3.2, 158.3, 0.2, 0, 0, 13, 832, 1098, 729, 0.1, 47.1, 99.5
4, 131654, 03/02/2019 01:00:27, SZB_SANDBOX_GROUP, 14.4, 14.9, 11730.1, 0, 0, 0, 53, 2688, 3535, 3266, 0.5, 2848.9, 337.4
4, 131655, 03/02/2019 01:20:06, SZB_SANDBOX_GROUP, 0.9, 1, 126.9, 0, 0, 0, 8, 384, 577, 158, 0.1, 126.2, 97
4, 131656, 03/02/2019 01:40:17, SZB_SANDBOX_GROUP, 0.3, 0.8, 60.8, 0.5, 0, 0, 6, 256, 327, 58, 0, 117, 42
4, 131657, 03/02/2019 02:00:11, SZB_SANDBOX_GROUP, 16.6, 19.5, 15014.3, 2.2, 0, 0, 7, 416, 2507, 4096, 0.7, 933.9, 1287.8
4, 131658, 03/02/2019 02:20:05, SZB_SANDBOX_GROUP, 1, 1.2, 762.9, 0, 0, 0, 0, 0, 836, 205, 0.2, 49.3, 488.8
4, 131659, 03/02/2019 02:40:04, SZB_SANDBOX_GROUP, 1.1, 1.2, 529.6, 0, 0, 0, 0, 0, 131, 139, 0.1, 85.2, 35.1
4, 131660, 03/02/2019 03:00:07, SZB_SANDBOX_GROUP, 18.1, 33.5, 17546.4, 14.6, 0, 0, 2, 128, 4219, 8609, 0.8, 10936.9, 495.1
4, 131661, 03/02/2019 03:20:11, SZB_SANDBOX_GROUP, 9, 74.2, 18096.7, 64.7, 0, 0, 1, 64, 1742, 2580, 0.5, 14357.5, 148.3
4, 131662, 03/02/2019 03:40:16, SZB_SANDBOX_GROUP, 1.2, 1.5, 361.5, 0.2, 0, 0, 0, 0, 1981, 318, 0.1, 30.4, 108.3
4, 131663, 03/02/2019 04:00:05, SZB_SANDBOX_GROUP, 25.6, 50.5, 16551.1, 18, 0, 0, 2, 128, 4702, 24242, 6.9, 6639.8, 7090.4
4, 131664, 03/02/2019 04:20:26, SZB_SANDBOX_GROUP, 17, 18.5, 14297, 0.9, 0, 0, 2, 128, 701, 9251, 0.6, 3638, 498.8
4, 131665, 03/02/2019 04:40:15, SZB_SANDBOX_GROUP, 10.7, 15.5, 7728.2, 3.3, 0, 0, 21, 528, 2529, 4552, 1.5, 4789.9, 3020
4, 131666, 03/02/2019 05:00:45, SZB_SANDBOX_GROUP, 23.8, 28.9, 23890.7, 3.7, 0, 0, 9, 416, 2585, 9896, 1.4, 6274.9, 1731
4, 131667, 03/02/2019 05:20:39, SZB_SANDBOX_GROUP, 32.7, 42.8, 16525.8, 6.7, 0, 0, 1, 64, 1725, 47999, 3.4, 4747.8, 7154.9
4, 131668, 03/02/2019 05:40:12, SZB_SANDBOX_GROUP, 13.9, 15.7, 5719.3, 0.2, 0, 0, 0, 0, 3048, 7445, 1.6, 1772.5, 3072.7
4, 131669, 03/02/2019 06:00:11, SZB_SANDBOX_GROUP, 10.7, 12.2, 8761.4, 0.4, 0, 0, 50, 1856, 3708, 4270, 1.1, 3547.5, 2957.6
4, 131670, 03/02/2019 06:20:19, SZB_SANDBOX_GROUP, 8.7, 10.8, 2781.5, 1.1, 0, 0, 38, 1888, 3036, 2058, 1, 334, 2670.4
4, 131671, 03/02/2019 06:40:03, SZB_SANDBOX_GROUP, 14.5, 23.3, 18460.3, 7, 0, 0, 16, 692, 1314, 10906, 1.8, 1652.4, 3997.5
4, 131702, 03/02/2019 17:00:35, SZB_SANDBOX_GROUP, 10.6, 19.3, 15890.4, 8.2, 0, 0, 51, 2720, 17647, 1001, 0.5, 1026.4, 325.9
4, 131703, 03/02/2019 17:20:27, SZB_SANDBOX_GROUP, 3.3, 7.5, 4673.4, 3.9, 0, 0, 22, 1312, 6195, 458, 0.3, 248.7, 457.2
4, 131704, 03/02/2019 17:40:04, SZB_SANDBOX_GROUP, 3, 9.8, 5229.4, 6.4, 0, 0, 14, 896, 4179, 1098, 0.4, 792.8, 654.5
4, 131705, 03/02/2019 18:00:05, SZB_SANDBOX_GROUP, 14.5, 21, 18723.3, 5.5, 0, 0, 26, 1632, 2575, 3308, 1, 3708.4, 1053
4, 131706, 03/02/2019 18:20:02, SZB_SANDBOX_GROUP, 9.6, 15.5, 6761, 5.2, 0, 0, 32, 1824, 6789, 1292, 0.7, 444.5, 1279.5
4, 131707, 03/02/2019 18:40:08, SZB_SANDBOX_GROUP, 16, 21, 5705.5, 4.5, 0, 0, 32, 1936, 6129, 1913, 0.5, 358.1, 885.5
4, 131708, 03/02/2019 19:00:13, SZB_SANDBOX_GROUP, 6.3, 11.6, 6636.8, 4.5, 0, 0, 53, 2804, 11232, 1318, 0.8, 2264.9, 1052
4, 131709, 03/02/2019 19:20:08, SZB_SANDBOX_GROUP, 3.8, 9.8, 7644.3, 5.7, 0, 0, 40, 2408, 10847, 431, 0.3, 261.4, 431.5
4, 131710, 03/02/2019 19:40:18, SZB_SANDBOX_GROUP, 5.5, 7.7, 6243, 1.8, 0, 0, 43, 2248, 7275, 627, 0.4, 281, 689
4, 131711, 03/02/2019 20:00:06, SZB_SANDBOX_GROUP, 8.7, 10.2, 2193.9, 0.7, 0, 0, 48, 2008, 29123, 3128, 0.8, 4725.2, 1248.1
4, 131712, 03/02/2019 20:20:03, SZB_SANDBOX_GROUP, 5, 5.9, 1876, 0.5, 0, 0, 57, 2824, 3920, 1006, 0.4, 1472.1, 2062.3
4, 131713, 03/02/2019 20:40:16, SZB_SANDBOX_GROUP, 4.9, 6.1, 1644.7, 0.6, 0, 0, 29, 1800, 2891, 1777, 0.6, 2241.6, 917.6
4, 131714, 03/02/2019 21:00:31, SZB_SANDBOX_GROUP, 12.6, 18, 7969.5, 4.8, 0, 0, 101, 3776, 7344, 2022, 0.6, 1760.3, 1020.2
4, 131715, 03/02/2019 21:20:12, SZB_SANDBOX_GROUP, 17, 18.4, 7361.6, 0.7, 0, 0, 83, 3880, 6386, 2132, 0.7, 2158.4, 1227
4, 131716, 03/02/2019 21:40:15, SZB_SANDBOX_GROUP, 15.7, 16.6, 2221, 0, 0, 0, 64, 3527, 5684, 2703, 0.9, 582.9, 1935.7
4, 131717, 03/02/2019 22:00:04, SZB_SANDBOX_GROUP, 19.4, 20.5, 11955.3, 0, 0, 0, 55, 2728, 4318, 6670, 1.1, 2210.9, 1303.9
4, 131718, 03/02/2019 22:20:21, SZB_SANDBOX_GROUP, 3, 3.3, 1018.1, 0, 0, 0, 39, 2207, 2968, 398, 0.3, 214.5, 576.7
4, 131719, 03/02/2019 22:40:08, SZB_SANDBOX_GROUP, 3.8, 4.5, 1152.2, 0.5, 0, 0, 35, 1687, 2092, 404, 0.2, 182.9, 671.8
4, 131720, 03/02/2019 23:00:04, SZB_SANDBOX_GROUP, 3.4, 3.9, 953.8, 0, 0, 0, 52, 2455, 3881, 828, 0.5, 1877.6, 874.6
4, 131721, 03/02/2019 23:20:15, SZB_SANDBOX_GROUP, 3.4, 6.3, 2128.6, 2.7, 0, 0, 57, 2856, 3745, 361, 0.2, 409.5, 566.3
4, 131722, 03/02/2019 23:40:03, SZB_SANDBOX_GROUP, 5.1, 5.8, 1418.5, 0.2, 0, 0, 46, 2407, 3861, 1584, 0.5, 999.6, 1569.7
