HOST, TIME, SNAP_ID, SYS_CPU, SYS_DBTIME, SYS_SYSPCT, SYS_READ, SYS_WRITE, SYS_REDO, SYS_OSWAIT, SYS_RMWAIT, SYS_ACTSESS_MAX, SYS_ACTSESS_AVG, SYS_PGA, SYS_PXRUNS, SYS_PXQCT, SYS_PXSRVT, SYS_UCALLS, SYS_IOWAIT
1, 31/01/2019 23:59:57, 131507, 64.7, 86, 16.2, 1198.9, 201.7, 35.5, 1.2, 8.8, 334.9, 220.2, 67915.7, 200.7, 11.9, 285, 66.4, 21.3
1, 01/02/2019 00:19:58, 131508, 58.1, 92.6, 16.8, 7769.5, 176.8, 34, 2.2, 9.5, 335.1, 237.1, 71072.8, 178.1, 14.6, 291.6, 84.3, 37.3
1, 01/02/2019 00:39:58, 131509, 64.7, 123.3, 17.2, 11861.7, 113.6, 23.1, 5.8, 34.7, 367.1, 315.7, 77849, 242.8, 25.4, 404.9, 62.7, 19.3
1, 01/02/2019 01:00:58, 131510, 75.1, 120.2, 20.4, 3823.8, 209.8, 22.6, 5.3, 16.3, 383.8, 307.6, 82288.3, 812.1, 27.7, 489.2, 60, 26.9
1, 01/02/2019 01:19:57, 131511, 69.9, 105.4, 17.1, 3483.4, 129.5, 25.7, 1.5, 9.5, 306.8, 269.7, 73450.5, 514.9, 22.7, 421.2, 85.7, 25.8
1, 01/02/2019 01:39:57, 131512, 52.7, 68.8, 15, 4134.8, 135.6, 20.8, 1.2, 2.1, 275.1, 176.1, 50988, 645.9, 18.6, 315.8, 92.7, 23.2
1, 01/02/2019 01:59:57, 131513, 47.3, 67, 13.5, 4847.6, 128.7, 27.8, 1.1, 1, 249.6, 171.5, 50536.8, 809.2, 16.2, 230.8, 64.1, 21.6
1, 01/02/2019 02:19:58, 131514, 54, 68.9, 13.5, 6544.1, 228.1, 26.1, 1.1, 0.3, 240.7, 176.5, 69887.6, 791.8, 18.2, 285.2, 72.5, 13.3
1, 01/02/2019 02:39:58, 131515, 79.9, 92.1, 16.4, 12578, 134.7, 16.6, 2, 8.5, 283.4, 235.9, 67425.4, 607.1, 22.7, 409.8, 69.6, 15.2
1, 01/02/2019 02:59:57, 131516, 74.4, 100.5, 14.1, 7588.8, 105.2, 13.8, 4.5, 7.9, 328.1, 257.4, 72280, 192.8, 19.8, 377.2, 46.2, 17.4
1, 01/02/2019 03:19:57, 131517, 39.4, 42.3, 10.2, 2365.6, 146, 16.1, 0.9, 0, 172.2, 108.2, 55190.5, 206.7, 11, 161.5, 44.5, 9.3
1, 01/02/2019 03:39:57, 131518, 21.6, 65.7, 6.6, 3680.6, 118.7, 14.4, 0.7, 0, 354.1, 168.2, 56096.3, 283.6, 12, 221.4, 32.6, 39.4
1, 01/02/2019 03:59:57, 131519, 24.3, 76.1, 7.5, 2352.2, 111, 14.6, 0.8, 0, 296.5, 194.7, 79877.4, 265.9, 9.1, 172, 39.8, 29.9
1, 01/02/2019 04:19:57, 131520, 32.5, 57.7, 9.4, 2208, 318.8, 16.2, 0.9, 0, 257.4, 147.7, 66384.2, 260.4, 7.2, 107.1, 53.6, 19.8
1, 01/02/2019 04:39:56, 131521, 32.9, 42.7, 9.3, 1131, 331.4, 15.5, 0.9, 0, 186.2, 109.4, 66840.1, 193, 6.4, 90, 50.2, 13.3
1, 01/02/2019 04:59:57, 131522, 33.3, 50.1, 9.1, 3841.8, 236.9, 15.2, 0.8, 0.1, 190.6, 128.4, 70360.9, 292.8, 8.6, 145.1, 47.8, 14.6
1, 01/02/2019 05:19:56, 131523, 28.1, 59.6, 8.4, 694.5, 148.9, 27.7, 0.8, 0, 257.8, 152.6, 68295.9, 158.8, 6.1, 79.2, 97.3, 6.2
1, 01/02/2019 05:39:56, 131524, 35.8, 51.4, 10.4, 806.7, 216.6, 38.3, 0.9, 0, 247.3, 131.5, 44181.1, 163, 5, 56.4, 138.7, 7.4
1, 01/02/2019 06:00:57, 131525, 31.4, 75.9, 9.3, 581.1, 196.5, 25.9, 0.9, 0, 310.5, 194.3, 52307.2, 181, 5.2, 100.4, 83.8, 15.3
1, 01/02/2019 06:19:57, 131526, 46.4, 57.3, 13.4, 2579, 254.3, 24.7, 1.1, 0.1, 185.7, 146.7, 49777.8, 292.6, 7.1, 120.2, 122.2, 14.7
1, 01/02/2019 06:39:56, 131527, 35, 52.2, 10.4, 1203.7, 203.5, 26.6, 1, 0, 180, 133.6, 44282, 153.9, 5.8, 74.1, 107.7, 16.2
1, 01/02/2019 06:59:57, 131528, 32.5, 50.9, 11, 319.7, 185.2, 31.5, 1.1, 0, 159.9, 130.3, 44076.4, 162.1, 3.9, 33.5, 108.2, 20
1, 01/02/2019 07:19:56, 131529, 42.2, 62.3, 13, 2568.5, 265.5, 35.1, 1.1, 0.3, 265.5, 159.5, 44069.7, 265.9, 5.7, 75.3, 97.1, 18.1
1, 01/02/2019 07:39:56, 131530, 36, 56.5, 11.9, 252.4, 253.3, 39.9, 1.1, 0, 249, 144.8, 44091.7, 184.1, 3.2, 20, 104.8, 17.2
1, 01/02/2019 07:59:57, 131531, 41, 75.8, 12.7, 8251.2, 263.7, 44, 1.1, 0, 245.8, 194, 50073.1, 327.7, 6.3, 117.5, 96, 18.8
1, 01/02/2019 08:19:56, 131532, 39.6, 65.3, 11.5, 14739.6, 252.5, 50.6, 1, 0, 343.5, 167.1, 45012.2, 173.9, 4.9, 63.4, 108.1, 21.4
1, 01/02/2019 08:39:56, 131533, 38.3, 63.6, 10.5, 25852.3, 270.9, 52.8, 1, 0, 231.6, 162.8, 46075.2, 175.8, 3.8, 37.1, 102.7, 20.1
1, 01/02/2019 08:59:55, 131534, 35, 55.3, 10.9, 6875.6, 239.6, 44.6, 1, 0.2, 181.8, 141.7, 49400.1, 267.7, 4, 52.6, 108, 18.4
1, 01/02/2019 09:19:56, 131535, 37.6, 65.4, 10.6, 1102.6, 255.9, 44.7, 1, 0, 279.6, 167.5, 48152.4, 186.8, 5.6, 93.9, 104.8, 22.1
1, 01/02/2019 09:39:56, 131536, 36.4, 54.2, 10.4, 241.8, 243.3, 46, 1, 0, 242.2, 138.9, 44050.2, 196.6, 3.7, 36.9, 124.7, 19.8
1, 01/02/2019 09:59:56, 131537, 62.4, 72.6, 14.5, 2689.8, 267.9, 52.5, 1.2, 0, 271.9, 185.9, 57156.2, 172.1, 5.6, 102.3, 142.1, 11.7
1, 01/02/2019 10:19:56, 131538, 58.8, 95.6, 13.2, 6297.8, 272.6, 55.1, 1.1, 0, 362.6, 244.6, 69635.6, 242.1, 9.1, 186.5, 144.1, 7.3
1, 01/02/2019 10:39:55, 131539, 52.1, 76.4, 13.7, 361.4, 306.2, 61.7, 1.1, 0, 264.1, 195.5, 47192, 341.6, 6.8, 118.9, 150.3, 10
1, 01/02/2019 10:59:56, 131540, 38.5, 75.8, 10.2, 194.3, 266.8, 60.7, 1, 0, 303.8, 194.2, 45206.7, 239, 5, 58.7, 126.6, 13.1
1, 01/02/2019 11:19:55, 131541, 38, 79.8, 10.2, 108, 547.1, 57.3, 1, 0, 323.5, 204.2, 45404, 197.9, 4.5, 39.9, 135.6, 7.3
1, 01/02/2019 11:39:55, 131542, 50.2, 63.5, 12.9, 481.4, 753.3, 82, 1.2, 0.2, 224.2, 162.7, 53383, 340.2, 5.2, 59, 168.2, 8.9
1, 01/02/2019 11:59:55, 131543, 44.8, 61.5, 12.4, 277.2, 357.1, 76.3, 1.1, 0, 324, 157.5, 45689.8, 255.7, 4.8, 48.5, 169.2, 9.9
1, 01/02/2019 12:19:56, 131544, 46.4, 78.8, 12.2, 379.6, 311.5, 64.2, 2, 0.1, 703.1, 201.8, 74575.6, 294, 5.3, 52.9, 147.6, 7.6
1, 01/02/2019 12:39:55, 131545, 70, 101.3, 19.2, 1318, 300.1, 63.4, 2.8, 0.4, 350.1, 259.3, 66097.1, 318.9, 11.2, 234.4, 141.7, 16.7
1, 01/02/2019 12:59:55, 131546, 65.9, 82.1, 18.4, 427.4, 299.4, 66.3, 1.6, 0, 387.6, 210.2, 57440.2, 223.4, 7.5, 143.4, 157.6, 15.4
1, 01/02/2019 13:19:55, 131547, 55.3, 63.8, 16.2, 747.5, 279.2, 61.2, 1.3, 0, 280.7, 163.4, 56662, 248.7, 7, 123.2, 161.6, 18
1, 01/02/2019 13:39:54, 131548, 50.8, 53.9, 15.3, 671.5, 293.4, 61.2, 1.3, 0, 160.7, 138.1, 73260.6, 231.2, 5.8, 94.1, 169.5, 14
1, 01/02/2019 13:59:55, 131549, 52.5, 62, 15.5, 496.6, 289.9, 63, 1.3, 0, 249.8, 158.6, 74278.1, 209.2, 6.7, 109.3, 165.2, 14.9
1, 01/02/2019 14:19:55, 131550, 58.1, 70.9, 16.7, 311.7, 301, 64.8, 1.4, 0, 304.8, 181.4, 76985.7, 170, 8.3, 156.4, 169.1, 12.4
1, 01/02/2019 14:39:55, 131551, 70.4, 84.8, 19.1, 790.4, 315, 58.3, 1.5, 0, 276.1, 217, 79309.4, 193.9, 12.3, 245.7, 149.3, 15.8
1, 01/02/2019 14:59:54, 131552, 69.3, 83.4, 18.7, 825.6, 314.9, 58.7, 1.5, 0, 326.4, 213.4, 78923, 190.3, 10.4, 186, 144, 15.6
1, 01/02/2019 15:19:54, 131553, 57.6, 72.7, 16.5, 433.7, 329.5, 58.9, 1.3, 0, 328.4, 186.1, 71396.4, 144.9, 9.3, 158.6, 150.8, 13.6
1, 01/02/2019 15:39:55, 131554, 61.1, 58.7, 17.9, 255.2, 369.3, 68.4, 1.5, 0, 238.9, 150.4, 70977.4, 206.7, 7.7, 112.3, 177.6, 12.6
1, 01/02/2019 15:59:54, 131555, 65.9, 86.6, 17.1, 1353.6, 365.5, 58.1, 1.6, 1.1, 333.8, 221.7, 66489, 223.1, 10.5, 177.9, 148.6, 9.1
1, 01/02/2019 16:19:54, 131556, 67.7, 82.9, 17.7, 1401.5, 460.4, 57.7, 1.6, 0.3, 354.3, 212.3, 72131.1, 190.8, 10.3, 160, 153.7, 7.4
1, 01/02/2019 16:39:54, 131557, 64.7, 67.8, 17.3, 298, 367.9, 58, 1.4, 0, 270.5, 173.6, 76521.5, 179.5, 8.5, 136.1, 157.9, 11.4
1, 01/02/2019 16:59:54, 131558, 62.1, 76, 16.7, 217.1, 417.1, 60.2, 1.4, 0, 302.7, 194.4, 79277.9, 160, 8, 114, 173.7, 9.3
1, 01/02/2019 17:19:54, 131559, 64.7, 56.8, 16.1, 230, 446.1, 62.2, 1.3, 0.1, 165.8, 145.4, 75911.1, 163.1, 7.9, 112.9, 159.3, 8.4
1, 01/02/2019 17:39:54, 131560, 59.7, 67.9, 14.9, 1699.7, 381, 50.9, 1.3, 2.8, 261.7, 173.8, 76936.5, 288.8, 10, 150.1, 154.6, 9.5
1, 01/02/2019 17:59:54, 131561, 63.6, 66.7, 16.1, 685, 437.2, 55.3, 1.3, 0.2, 279.9, 170.8, 89246, 209.9, 9.2, 132.6, 174.7, 10.1
1, 01/02/2019 18:19:54, 131562, 65, 59.7, 14.8, 1254.1, 564.3, 51.6, 1.1, 0.1, 190.9, 152.8, 96726.4, 187, 8.1, 110.5, 141.5, 7.4
1, 01/02/2019 18:39:54, 131563, 63.8, 65.8, 14.1, 285.4, 474.9, 40, 1, 0, 208.8, 168.5, 93235.1, 178.9, 8.7, 102.9, 125.9, 5.4
1, 01/02/2019 18:59:54, 131564, 71.3, 104.8, 15.8, 1871.3, 527.9, 36.8, 2.4, 2.1, 350.1, 268.3, 98439.3, 163.9, 15.1, 259.7, 111.5, 13.9
1, 01/02/2019 19:19:54, 131565, 81.9, 88.8, 17.8, 1045.7, 678.5, 37.6, 2.7, 2.1, 283.9, 227.3, 97016.4, 133.6, 14.3, 226.6, 114.7, 5.7
1, 01/02/2019 19:39:54, 131566, 57.9, 56.3, 14.4, 547.4, 438, 41, 1.1, 0.2, 220.3, 144.1, 74581.7, 156.8, 10.1, 135.5, 145.4, 5.3
1, 01/02/2019 19:59:54, 131567, 52, 73.1, 12.4, 949.2, 293.4, 36.3, 1, 2.5, 312.3, 187, 97595.8, 205.4, 11, 157.4, 114.2, 5.3
1, 01/02/2019 20:19:53, 131568, 53.2, 66.1, 13, 1412, 353.4, 33.4, 1.1, 9.1, 230.6, 169.3, 102815.4, 225.7, 12.5, 212.5, 104.3, 4.8
1, 01/02/2019 20:39:54, 131569, 51.9, 67.4, 12.9, 1649.1, 403.7, 24.6, 1, 12.4, 278.1, 172.5, 102565.9, 256.6, 11.1, 217.2, 99, 6.5
1, 01/02/2019 20:59:54, 131570, 38.2, 52.9, 10.4, 711.7, 444, 22, 0.9, 0.7, 205.9, 135.3, 103345.3, 158, 9.5, 167.4, 97.1, 16.3
1, 01/02/2019 21:19:53, 131571, 44.9, 44.3, 11.6, 991, 537.6, 29.3, 1, 2.4, 171.4, 113.3, 68130.2, 184.2, 9, 156.5, 123, 4.1
1, 01/02/2019 21:39:53, 131572, 46, 55, 10.8, 1705.5, 156, 28.7, 1, 12.1, 207.4, 140.8, 75985.3, 276.5, 10.7, 194.4, 112.9, 3.6
1, 01/02/2019 21:59:54, 131573, 46, 50.8, 11.2, 1759.2, 268.5, 22, 0.9, 3.4, 174.2, 129.9, 79167.5, 186.3, 10.4, 187.9, 88.8, 5.5
1, 01/02/2019 22:19:53, 131574, 42.6, 50.5, 10.8, 587.2, 181.5, 28.8, 0.9, 0.5, 223, 129.3, 71210, 174.1, 9.1, 141.4, 130.7, 4.9
1, 01/02/2019 22:39:53, 131575, 43.9, 40.2, 11.3, 896.2, 293.8, 32.2, 1, 1.2, 119.5, 102.8, 63062.4, 173.4, 8.1, 122.6, 127.2, 5.7
1, 01/02/2019 22:59:52, 131576, 53.4, 63, 14.2, 2517.7, 216.9, 27.5, 1.1, 5.3, 209.8, 161.4, 73932.5, 291.8, 10.3, 214.4, 102.8, 9.3
1, 01/02/2019 23:19:53, 131577, 58.8, 58.3, 16.3, 2373.6, 454.5, 35.5, 1.3, 0.3, 183.5, 149.2, 85119.4, 172, 9.7, 212.2, 135.1, 10
1, 01/02/2019 23:39:53, 131578, 56.6, 60.6, 13.9, 988.2, 329.2, 30.9, 1.1, 1, 213.4, 155, 68828.6, 198.1, 8.9, 191.4, 112.6, 7.5
2, 31/01/2019 23:59:23, 131507, 55.5, 72.5, 12.2, 2745.8, 345.5, 36, 0.8, 5.3, 240.8, 185.5, 73726, 283.4, 12.2, 226.9, 103.8, 12
2, 01/02/2019 00:19:24, 131508, 45, 79.1, 10.7, 6665.4, 250.4, 37, 0.8, 11.2, 304.8, 202.6, 86042.8, 192, 15.5, 244.8, 121.9, 26.7
2, 01/02/2019 00:39:24, 131509, 62.7, 138.7, 13.9, 3153, 407.7, 29.4, 1.3, 38.8, 419.9, 355, 73416.7, 303.9, 32.8, 401.5, 84, 7.9
2, 01/02/2019 00:59:23, 131510, 71.3, 150.5, 15.6, 1707.2, 418.5, 24.5, 3.3, 36, 413.9, 385.3, 91126.4, 301.1, 33.3, 429.4, 81.4, 10.3
2, 01/02/2019 01:19:24, 131511, 78.3, 143, 15.5, 33925.2, 486.7, 24.7, 7.7, 28.7, 474.7, 366.1, 79769.3, 257.6, 34.4, 477.2, 87.1, 11
2, 01/02/2019 01:39:24, 131512, 91.9, 144.8, 17, 76022.6, 409.6, 21.6, 11.5, 19.5, 430.7, 370.7, 72677.8, 275.3, 36.6, 580.2, 92.7, 11.6
2, 01/02/2019 02:00:24, 131513, 78.9, 119.9, 15.9, 32525, 416.9, 27.3, 1.7, 13.1, 377.8, 306.9, 67290.9, 252.7, 25.7, 396.1, 114, 12.6
2, 01/02/2019 02:20:24, 131514, 69.3, 113.9, 14.6, 1175.8, 350.2, 27, 1, 8.4, 364.6, 291.7, 62320.8, 131.6, 21.5, 313, 122, 13.2
2, 01/02/2019 02:40:23, 131515, 64.3, 84, 14.7, 1099.3, 278.4, 33, 0.9, 2.8, 276.4, 214.9, 62429.6, 248.2, 18.2, 237.6, 183.2, 14.8
2, 01/02/2019 02:59:23, 131516, 70.7, 85.9, 15.1, 1796.9, 303.7, 29.1, 1, 4.8, 257, 220, 64220.9, 250.1, 17.3, 244.6, 174.8, 8.3
2, 01/02/2019 03:19:23, 131517, 68.6, 73, 14.7, 962.2, 305.7, 30.1, 1, 3.1, 212.7, 186.9, 72096, 121.8, 15.5, 218.9, 170, 7.4
2, 01/02/2019 03:39:23, 131518, 47.2, 64.7, 10.4, 811.8, 200.1, 21, 0.7, 0.7, 258.3, 165.8, 75389.7, 220.8, 14.6, 226.2, 124.5, 20.4
2, 01/02/2019 04:00:23, 131519, 46, 76.4, 9.7, 779.4, 182.5, 20.4, 0.7, 0.1, 434.9, 195.6, 114464.7, 239.8, 15, 223.3, 86.6, 14.3
2, 01/02/2019 04:20:23, 131520, 63.8, 62.6, 12.7, 555, 408.5, 23.7, 0.8, 0, 255.6, 160.3, 113404.5, 146.4, 12.4, 182, 112.5, 4.7
2, 01/02/2019 04:39:23, 131521, 51.4, 39.5, 9.9, 349.8, 467.6, 23.3, 0.6, 0, 123.7, 101.2, 103919.9, 207.6, 10.9, 159, 89.9, 2.9
2, 01/02/2019 05:00:23, 131522, 51.2, 44.7, 10.3, 1127.5, 454.1, 19.7, 0.6, 0, 155.1, 114.4, 107389.7, 242.6, 11.9, 182.3, 74.9, 4.1
2, 01/02/2019 05:19:22, 131523, 40.6, 49.9, 8.7, 329.3, 271.5, 18.4, 0.5, 0, 234, 127.7, 104991.9, 168.8, 11.1, 161.6, 86.9, 3.4
2, 01/02/2019 05:40:22, 131524, 33.6, 34.2, 8.3, 161.1, 129.8, 17.5, 0.5, 0, 227.2, 87.5, 46875.3, 197.6, 7, 114.6, 64, 3.4
2, 01/02/2019 06:00:22, 131525, 35.8, 56.5, 8.5, 181.7, 184.6, 20.5, 0.6, 0, 233.2, 144.7, 38725.6, 215.8, 5.2, 71.4, 98.4, 5.5
2, 01/02/2019 06:19:23, 131526, 33.4, 32.6, 7.9, 1542.6, 115, 13.7, 0.5, 0, 113.4, 83.6, 38876.7, 199.3, 6, 89.7, 46.3, 3.9
2, 01/02/2019 06:39:23, 131527, 27.6, 26.4, 6.8, 173.9, 97.5, 17, 0.4, 0, 83.6, 67.6, 38766.9, 177.7, 4, 52.1, 45.5, 2.7
2, 01/02/2019 06:59:22, 131528, 34.9, 33.5, 7.8, 264.4, 295.4, 28.6, 0.5, 0, 154.1, 85.7, 39383.8, 238.3, 4.6, 73.3, 51, 3.3
2, 01/02/2019 07:19:23, 131529, 42.8, 46.9, 9.7, 1924, 247.4, 30.9, 0.6, 0.1, 223.7, 120.2, 42574, 179.9, 6.4, 122.1, 58, 4.5
2, 01/02/2019 07:39:23, 131530, 34.3, 34.7, 8.1, 293.7, 202.2, 32.6, 0.5, 0, 170.3, 88.7, 39555.8, 185.6, 4.5, 63.6, 70.8, 3.1
2, 01/02/2019 07:59:23, 131531, 73.3, 103.5, 14.5, 43980, 348.9, 37.4, 4.9, 3.3, 431.7, 265, 74341.7, 298.6, 14.3, 291.5, 89.9, 6.2
2, 01/02/2019 08:19:22, 131532, 65.5, 97.7, 13.9, 75283.7, 255.3, 36.2, 2.1, 3.2, 330.8, 250, 48266.4, 228.6, 11.5, 249.4, 85.8, 8
2, 01/02/2019 08:39:22, 131533, 39.6, 53.5, 9.6, 14727.9, 224.8, 39.5, 0.6, 0, 263.9, 136.9, 37892.3, 170.7, 4.5, 77.7, 100.2, 6.6
2, 01/02/2019 09:00:22, 131534, 41.5, 55.9, 10.6, 27781.3, 221.5, 46.4, 0.7, 0, 201.8, 143.1, 44101.4, 226.9, 4.8, 74.8, 114.4, 5.4
2, 01/02/2019 09:19:22, 131535, 42.4, 53.1, 10.8, 1522.4, 239, 47.9, 0.7, 0, 223.8, 135.9, 38516.7, 159.2, 5.3, 74.4, 122.8, 5.6
2, 01/02/2019 09:39:22, 131536, 39.3, 52.6, 10.2, 1023.8, 232.7, 48.2, 0.7, 0, 256.9, 134.7, 37728.4, 210.9, 4.3, 53.9, 121.7, 5.5
2, 01/02/2019 10:00:22, 131537, 45.1, 65.4, 11.1, 201.3, 226, 43.5, 0.7, 0, 262.7, 167.5, 42287.9, 266.9, 5.4, 100.8, 121.1, 5.5
2, 01/02/2019 10:19:22, 131538, 47.2, 93.2, 11.4, 1593.1, 221.1, 40.9, 0.8, 0, 327.7, 238.7, 47260.2, 424.3, 7, 98.9, 113.4, 4.7
2, 01/02/2019 10:39:21, 131539, 43, 82.7, 11.2, 680, 231.7, 46.6, 0.8, 0, 281.3, 211.7, 47560.8, 225.7, 6.2, 90.7, 123.8, 5.1
2, 01/02/2019 11:00:22, 131540, 38.8, 88.3, 10.2, 167.5, 249.1, 53.7, 0.7, 0, 315.5, 226, 48051.6, 256.8, 5.5, 61.6, 119, 7.8
2, 01/02/2019 11:19:21, 131541, 40.3, 96.9, 10.8, 212.1, 489.3, 107.9, 0.8, 0, 342.4, 248.1, 39284.5, 166.2, 5.3, 51.8, 117.6, 5.1
2, 01/02/2019 11:39:21, 131542, 42.3, 75.9, 11.7, 737.7, 359.8, 71.1, 0.9, 0, 232.1, 194.3, 43390.8, 210.5, 5.7, 58.2, 129.8, 5.6
2, 01/02/2019 12:00:22, 131543, 44, 77.5, 11.7, 159.6, 357.3, 62.6, 0.9, 0, 318.7, 198.4, 43053.3, 249.4, 6.5, 76.6, 128.4, 5.6
2, 01/02/2019 12:20:21, 131544, 44.2, 88.3, 11.5, 916.1, 369.2, 57.7, 0.8, 0, 437.7, 225.9, 45693.6, 125, 6.4, 72.7, 123.6, 5
2, 01/02/2019 12:39:21, 131545, 44.7, 80, 12.2, 1314.7, 360.3, 58.5, 0.8, 0, 301.4, 204.8, 59164.2, 184.1, 8.1, 99.9, 127.2, 6.1
2, 01/02/2019 13:00:21, 131546, 48.7, 85.3, 13.1, 517.4, 366.4, 59.5, 0.9, 0, 331.3, 218.4, 69241.4, 233.2, 7.9, 111.7, 122.5, 6
2, 01/02/2019 13:19:21, 131547, 47.1, 75, 12.7, 1202.8, 315.3, 63.1, 0.9, 0, 237, 191.9, 66088, 153.3, 7, 92, 129.3, 6.7
2, 01/02/2019 13:40:21, 131548, 41.1, 65.5, 12.2, 153.2, 306.6, 66.7, 0.9, 0, 197.9, 167.6, 56783.4, 182.5, 7.2, 90, 138, 5.5
2, 01/02/2019 14:00:21, 131549, 35.5, 66.8, 11.3, 354.6, 304.6, 61.3, 0.8, 0, 243.5, 171, 41965.3, 229.9, 7.3, 93.8, 133.8, 5.7
2, 01/02/2019 14:19:21, 131550, 29.9, 62.6, 9.9, 44, 247.5, 54.9, 0.7, 0, 254.8, 160.3, 39028, 168.7, 6.3, 66.1, 127.6, 3.4
2, 01/02/2019 14:39:20, 131551, 40, 71.3, 12.3, 2556, 274.7, 55.4, 0.8, 0, 237.5, 182.4, 46569.1, 315.7, 7.5, 121.5, 126.9, 4.8
2, 01/02/2019 14:59:21, 131552, 36.9, 70.9, 10.9, 565.7, 289.6, 50.9, 0.8, 0, 277.2, 181.5, 41430.7, 257.1, 6.1, 87, 122.5, 4.6
2, 01/02/2019 15:19:20, 131553, 28, 62, 8.9, 160.7, 236.7, 48, 0.7, 0, 268.9, 158.7, 38030, 309.4, 4.9, 34.3, 119.7, 3.5
2, 01/02/2019 15:39:21, 131554, 27.5, 60.8, 9.1, 437.8, 242.7, 46.3, 0.7, 0, 260.6, 155.6, 38642.5, 457.3, 6, 58.3, 113.7, 9.9
2, 01/02/2019 15:59:20, 131555, 45.2, 90.2, 11.9, 3894.2, 375.5, 47.3, 0.8, 0.3, 308.7, 230.9, 69961.2, 583.6, 9.4, 159.9, 110.2, 10.2
2, 01/02/2019 16:20:20, 131556, 39.1, 85.2, 10.9, 1114.3, 408.6, 47.1, 0.8, 0, 312.7, 218.2, 75970.2, 472.9, 8.1, 137.1, 104.2, 9.6
2, 01/02/2019 16:39:20, 131557, 46.1, 80.6, 11.4, 1061.7, 470.6, 42.5, 0.8, 0.6, 287, 206.2, 94151.4, 485.2, 8.2, 126.5, 102.4, 13.5
2, 01/02/2019 16:59:20, 131558, 47.4, 87.1, 11.2, 493.2, 387.6, 42.7, 0.8, 0, 338, 222.9, 73462.2, 519.4, 9.8, 126.6, 102.7, 11.7
2, 01/02/2019 17:20:20, 131559, 49.4, 78.8, 11.5, 385.7, 437.3, 41.3, 0.8, 0, 243.5, 201.8, 67760.8, 459.9, 10.1, 141.2, 98.8, 11.5
2, 01/02/2019 17:39:21, 131560, 41.8, 76.2, 10.4, 1260.6, 424.2, 42.4, 0.7, 0.2, 247.3, 195.1, 73302.8, 506.4, 10.8, 167.1, 87.4, 11.2
2, 01/02/2019 17:59:20, 131561, 47.8, 90.6, 12.6, 1281.8, 434, 37.7, 0.9, 0.4, 368.1, 231.9, 52805.4, 515.2, 13.6, 218.5, 97.6, 14.7
2, 01/02/2019 18:19:20, 131562, 43, 70.9, 11, 552.7, 442.8, 34.9, 0.8, 0.1, 218.8, 181.5, 49808.8, 457.8, 11, 159.7, 92.3, 12.6
2, 01/02/2019 18:40:20, 131563, 40.7, 61.6, 10.5, 345.1, 233.8, 41.5, 0.8, 0, 186.8, 157.6, 47795, 528.4, 8.9, 100, 111.5, 10.2
2, 01/02/2019 19:00:20, 131564, 44.1, 90.4, 11.9, 11025.6, 317.1, 41.7, 0.9, 0.2, 318.1, 231.5, 52659.1, 653.7, 12.5, 197.8, 111.4, 18.1
2, 01/02/2019 19:19:20, 131565, 42.6, 65.8, 11.5, 601.7, 248.8, 42.2, 0.9, 0, 189.4, 168.5, 50472.7, 470.2, 11.2, 177.2, 114.2, 10
2, 01/02/2019 19:39:20, 131566, 25.6, 41.5, 8.6, 199.4, 228.8, 36.9, 0.7, 0, 167.1, 106.2, 45744.1, 503.8, 9.3, 128.2, 108.7, 7.8
2, 01/02/2019 19:59:19, 131567, 34.6, 73.9, 11.3, 495.3, 231.7, 40.8, 0.8, 0, 321.2, 189.2, 49750.4, 598.8, 12.8, 242.1, 120.1, 11.1
2, 01/02/2019 20:20:20, 131568, 53.7, 87.9, 18.1, 1689.2, 222.9, 38.8, 1.2, 0.5, 272.4, 225.1, 52625.1, 495.6, 15.4, 337.4, 117.2, 20.7
2, 01/02/2019 20:39:19, 131569, 55.8, 85.3, 18.8, 1464.6, 248.6, 36.5, 1.3, 0.2, 319.1, 218.3, 50197.6, 500.4, 15.4, 302.2, 107.5, 27
2, 01/02/2019 20:59:20, 131570, 56.2, 87.4, 18.3, 979.3, 281.1, 32.5, 1.2, 0.1, 277.8, 223.8, 67116.3, 531.2, 15, 310.8, 108.5, 29.9
2, 01/02/2019 21:19:19, 131571, 51.7, 72, 17, 887.6, 256.6, 29.5, 1.2, 0.1, 237, 184.2, 54923.4, 474.8, 14.3, 285.3, 94.9, 22
2, 01/02/2019 21:39:19, 131572, 42.1, 63.4, 14.7, 2029.5, 144.7, 16.5, 1, 0.2, 212.2, 162.3, 58143, 524.2, 14.4, 298.4, 55.2, 22
2, 01/02/2019 21:59:19, 131573, 46.5, 73.9, 14.8, 1097, 132.7, 13.5, 1, 0.1, 222.3, 189.2, 55845.9, 529.2, 14.7, 308.2, 56, 24
2, 01/02/2019 22:20:19, 131574, 50.6, 77.1, 14.6, 1050, 114.7, 8, 1, 0.1, 249.2, 197.5, 52001.2, 479.8, 13.9, 291.3, 32.5, 22.6
2, 01/02/2019 22:39:19, 131575, 46.3, 64.3, 14.1, 871, 82.4, 7.8, 1, 0, 196.1, 164.5, 52068.1, 510.1, 13.3, 269.3, 32, 22.5
2, 01/02/2019 22:59:20, 131576, 61.7, 86.5, 16.4, 2033.2, 362.2, 13.2, 1.1, 4.3, 321.7, 221.4, 74012.8, 525.7, 15.8, 331.6, 71.1, 22.5
2, 01/02/2019 23:19:19, 131577, 65.5, 87, 18.2, 1378.2, 263.1, 13.1, 1.2, 3, 271, 222.7, 72999.5, 461.5, 14, 300.3, 60, 23.3
2, 01/02/2019 23:40:19, 131578, 56.9, 83.7, 15.3, 1130.7, 329.8, 9.2, 1.1, 2.9, 244.6, 214.4, 69688.6, 510.4, 12.4, 269.2, 33.4, 22.1
3, 31/01/2019 23:59:16, 131507, 40.5, 51.1, 7, 17895.2, 144.3, 3.4, 0.5, 0.1, 171.7, 130.9, 82890.9, 257.1, 22.6, 504.5, 0.9, 7.6
3, 01/02/2019 00:19:16, 131508, 40.7, 59.8, 7.2, 14504.3, 199.3, 1.8, 0.5, 3.6, 189.9, 153, 90556.4, 393.4, 31.5, 524.6, 1.8, 18.4
3, 01/02/2019 00:39:16, 131509, 52.9, 83.7, 8.1, 5309.1, 268.5, 0.9, 0.5, 19.9, 255.1, 214.3, 138368.1, 370.7, 34.1, 643.7, 1.3, 4.2
3, 01/02/2019 01:00:16, 131510, 56.7, 89, 9.4, 10489.2, 456.5, 3.7, 0.8, 23.5, 283.5, 227.9, 93865, 516.5, 33.2, 603.7, 0.9, 6.2
3, 01/02/2019 01:19:16, 131511, 43.2, 66.3, 8.2, 6069.6, 538.1, 2.1, 0.5, 13.3, 208.3, 169.8, 102888.7, 346.3, 31.2, 513.6, 1.8, 5.4
3, 01/02/2019 01:39:16, 131512, 42.4, 60.1, 8.3, 3302.4, 577.5, 1.9, 0.6, 15.3, 190.9, 154, 112803.4, 290.6, 29.1, 495.5, 1.5, 4.4
3, 01/02/2019 02:00:16, 131513, 55.8, 81.5, 10.3, 37322.7, 636, 4.8, 1, 16.2, 262.3, 208.8, 103374.9, 263, 33.5, 599.6, 1.4, 7.4
3, 01/02/2019 02:20:21, 131514, 41.2, 66.5, 8.1, 7209.4, 527, 1.6, 0.5, 10.7, 225, 170.2, 100147, 323.4, 28, 412.1, 1.8, 7.5
3, 01/02/2019 02:40:21, 131515, 39.1, 59.1, 8.7, 6888.1, 312.1, 1, 0.6, 4, 222.4, 151.4, 88115.8, 223.9, 23.2, 356.8, 2.8, 15.3
3, 01/02/2019 02:59:21, 131516, 58.1, 72.2, 10.2, 21963.4, 540.1, 4.2, 2.3, 6.2, 278.3, 184.7, 63544.1, 246.6, 27.2, 507.5, 2.8, 12.2
3, 01/02/2019 03:19:20, 131517, 43.1, 51.2, 8.2, 6206.5, 464.6, 1.1, 0.6, 2.8, 186.2, 131, 84770.7, 260.7, 23.3, 358.9, 4.2, 10.9
3, 01/02/2019 03:40:20, 131518, 50.3, 116.3, 9.7, 114122.3, 371.7, 4.5, 1.2, 2.2, 389.3, 297.8, 83988.5, 292.6, 33.1, 723.3, 3.6, 57.7
3, 01/02/2019 03:59:20, 131519, 47.4, 96.6, 8.8, 50557.3, 285.4, 7.9, 0.6, 5.5, 312.6, 247.3, 136842.9, 271, 34, 732.9, 3.7, 30.4
3, 01/02/2019 04:20:20, 131520, 61.1, 70.3, 10.6, 7417.3, 565.4, 8.3, 0.7, 8.5, 221.8, 180, 112570.3, 385.4, 36.2, 694.1, 4.2, 8.2
3, 01/02/2019 04:39:20, 131521, 45, 54.8, 8.4, 5496.8, 643.1, 3.8, 0.6, 8.3, 193.6, 140.3, 116098.4, 276.8, 28.7, 533.1, 4.2, 8.5
3, 01/02/2019 05:00:20, 131522, 54.3, 61, 9.4, 38640.5, 534.2, 6.9, 1.1, 4.5, 269.5, 156.1, 103566.4, 158.9, 31.7, 642.8, 5, 10.8
3, 01/02/2019 05:19:19, 131523, 35.2, 42.1, 7.4, 2060.1, 266.1, 5.7, 0.5, 0.1, 139, 107.9, 100060.3, 336.5, 25.3, 416.5, 5.8, 10.3
3, 01/02/2019 05:40:20, 131524, 68.5, 84.9, 14.4, 5789, 452, 8.4, 2.1, 3.2, 291.9, 217.4, 92208.7, 233.8, 31.9, 630.4, 13.6, 13.3
3, 01/02/2019 06:00:20, 131525, 64.8, 107.3, 13.3, 36026.5, 695.9, 9.5, 2.4, 14.4, 420.6, 274.7, 136553.9, 177.9, 43.9, 1018.7, 6.8, 12.5
3, 01/02/2019 06:19:19, 131526, 34.6, 45.7, 7.8, 5031, 321, 19.9, 0.5, 1.5, 181, 117, 119633, 375.7, 30.6, 602, 6.6, 10
3, 01/02/2019 06:39:20, 131527, 31.7, 38.9, 7.7, 2628, 298.8, 9.2, 0.6, 0.5, 197.1, 99.6, 92484.7, 258.7, 27.6, 574.4, 6.9, 7.4
3, 01/02/2019 06:59:19, 131528, 29.2, 29.2, 5.7, 15871.6, 329.1, 4.9, 0.4, 0.8, 122.7, 74.7, 79507, 202.6, 24.5, 530.2, 8.9, 4.9
3, 01/02/2019 07:19:20, 131529, 30.7, 31.1, 6, 1342.3, 393, 14.1, 0.4, 0.3, 129.8, 79.6, 60203.7, 265.8, 22.2, 431.7, 9.2, 3.6
3, 01/02/2019 07:39:19, 131530, 28.8, 36.3, 7.5, 6809, 170.2, 6.8, 0.5, 5.6, 131.7, 93, 76386.8, 278.8, 22, 321.8, 11.4, 5.5
3, 01/02/2019 07:59:19, 131531, 38.2, 47.3, 8.8, 17845, 303.9, 5.8, 0.5, 1, 154.5, 121.1, 82976.7, 154.9, 24.5, 483.3, 11, 8.5
3, 01/02/2019 08:19:19, 131532, 33.1, 40.5, 7, 1162, 234.9, 4.7, 0.5, 0.2, 146.6, 103.8, 75705.5, 160.1, 21.1, 397.1, 10.4, 7.7
3, 01/02/2019 08:40:19, 131533, 39.6, 51.9, 9.5, 10675.9, 348.8, 6.1, 0.7, 6.1, 259.5, 132.7, 106977.8, 227.8, 24.8, 421.8, 8.5, 7.3
3, 01/02/2019 09:00:19, 131534, 50.8, 73.1, 12.1, 25818.5, 414.1, 8.1, 0.8, 18.4, 291, 187.2, 74774.8, 368.2, 29.4, 525.8, 12.1, 8.3
3, 01/02/2019 09:20:19, 131535, 37.3, 71.5, 7.4, 6949.9, 362.8, 8.2, 0.5, 30.5, 225.3, 183, 89247.1, 172.9, 25.3, 420.3, 7.4, 8.3
3, 01/02/2019 09:39:19, 131536, 36.8, 62.8, 7.6, 4210.7, 194.9, 14.9, 0.5, 21.5, 202.8, 160.7, 91768.8, 138.9, 25.3, 437.3, 10.6, 7
3, 01/02/2019 10:00:19, 131537, 32.3, 50.6, 7.6, 18034.6, 210.8, 18, 0.5, 13, 222, 129.5, 87429.1, 171.8, 29.7, 490.9, 12, 5.9
3, 01/02/2019 10:19:19, 131538, 33.4, 87.8, 8.5, 5684.6, 239.3, 17.4, 0.5, 12.1, 364.7, 224.9, 119120, 210.4, 36.5, 890.2, 11.9, 6.9
3, 01/02/2019 10:39:19, 131539, 35.6, 74.6, 9.4, 4744.9, 310.9, 27.7, 0.6, 19.6, 260.9, 191, 112742.7, 196, 41.1, 1047.8, 11.1, 6.9
3, 01/02/2019 11:00:19, 131540, 37.8, 77.2, 9.1, 42792.2, 317.3, 16.8, 0.6, 21.3, 265.8, 197.7, 108124.2, 109.1, 41.2, 1007.2, 9.6, 8.3
3, 01/02/2019 11:20:18, 131541, 38.5, 88.4, 10, 4447.1, 224.3, 8.7, 0.7, 26.9, 308.8, 226.3, 134243.5, 250.1, 42.4, 1012, 10.7, 8.1
3, 01/02/2019 11:39:18, 131542, 61, 141.4, 13.1, 4700.6, 662.3, 5.1, 10.8, 72.4, 659.4, 362, 186642.1, 282.2, 48, 1318.1, 6.6, 11.3
3, 01/02/2019 12:00:18, 131543, 69.5, 241, 14.9, 14345.9, 726.4, 1.9, 29.5, 151.6, 704.8, 617.1, 169344.7, 24, 52.7, 1773.2, 5.4, 11.8
3, 01/02/2019 12:20:18, 131544, 69.2, 210.1, 14.4, 4393.3, 680.8, 1, 32.8, 103.1, 762.8, 537.8, 147416.1, 39, 49, 1669.8, 5.7, 16.2
3, 01/02/2019 12:39:18, 131545, 72, 157.3, 13.1, 5614.7, 813.3, 2.6, 21.3, 65.5, 469.7, 402.6, 141005, 49.6, 46.1, 1494.7, 4.3, 10.9
3, 01/02/2019 13:00:18, 131546, 67.7, 180.2, 11.8, 1057.4, 510.1, 3.7, 20.6, 94.5, 561.8, 461.2, 135145, 26.2, 44.7, 1558.8, 3.8, 9.8
3, 01/02/2019 13:19:23, 131547, 70.1, 166.3, 11.7, 18331.3, 380, 3.4, 17.8, 78.5, 569.7, 425.6, 144624, 87.7, 46.3, 1488, 3, 8.7
3, 01/02/2019 13:40:23, 131548, 72.5, 108.7, 14.1, 5342, 359.1, 10.3, 4.1, 20.6, 467.6, 278.3, 159931.4, 136.1, 47.6, 1307.9, 3.2, 10.3
3, 01/02/2019 14:00:23, 131549, 58.4, 100, 10.8, 21178.9, 315.4, 6.9, 1.3, 19, 634.9, 256, 116693, 176, 43.4, 1201.2, 3, 8.8
3, 01/02/2019 14:19:22, 131550, 52.3, 171, 10.8, 5428.2, 236.8, 9.4, 0.8, 14, 498.7, 437.8, 99522.8, 660.9, 38.5, 1348.3, 5.1, 6
3, 01/02/2019 14:39:23, 131551, 56.7, 178.2, 9.7, 8033.9, 214.2, 7.6, 1, 13.5, 547.5, 456.2, 103170.5, 741.3, 39.5, 1282.3, 5.2, 6.5
3, 01/02/2019 14:59:22, 131552, 59.9, 186.7, 9.6, 22958.5, 283.1, 9.4, 0.7, 18.7, 558.3, 477.9, 143255.5, 509.7, 39.6, 1298.2, 4.8, 6.3
3, 01/02/2019 15:19:22, 131553, 46.1, 161.2, 8.9, 4146.7, 184.1, 3.6, 0.6, 14.8, 460.8, 412.6, 95542.7, 865.3, 36.6, 1222.1, 5.3, 6.2
3, 01/02/2019 15:39:22, 131554, 32.6, 135.4, 7.2, 7468.2, 44.8, 3.8, 0.5, 12.7, 494.9, 346.6, 93354, 1195.4, 31.7, 1090.7, 5.5, 6.1
3, 01/02/2019 15:59:22, 131555, 39.6, 155.8, 8.2, 19366.7, 142.7, 3.2, 0.6, 18.9, 523.9, 398.7, 98157.7, 586.2, 37.3, 1123.7, 7.4, 7.3
3, 01/02/2019 16:19:22, 131556, 35.3, 153.1, 6.9, 4739.4, 85, 1.8, 0.5, 19.9, 601.9, 391.8, 78522.4, 794.2, 37.5, 1071.6, 8.9, 4.5
3, 01/02/2019 16:39:22, 131557, 38.5, 151.8, 7.9, 4435.3, 45.7, 4.2, 0.5, 14.1, 509.1, 388.6, 73244.8, 988.6, 32.9, 1062.3, 9.2, 10.5
3, 01/02/2019 16:59:23, 131558, 41.4, 168.9, 9.1, 17720.4, 201.1, 5.3, 0.6, 7.7, 631.5, 432.4, 76995.1, 701.9, 32, 1044.5, 5.7, 11.9
3, 01/02/2019 17:20:27, 131559, 32.3, 120.4, 7.3, 5335.4, 101.4, 2, 0.5, 11.2, 440, 308.1, 77743.9, 933.3, 27.9, 817.7, 6.6, 10.6
3, 01/02/2019 17:39:27, 131560, 27.5, 49.1, 5.5, 1078.7, 111.1, 0.9, 0.4, 13.9, 149.3, 125.8, 61775.7, 948.7, 26.7, 376.5, 4.5, 5.8
3, 01/02/2019 17:59:28, 131561, 32.5, 45, 6.6, 16784, 108.6, 4.2, 0.5, 2.2, 152.2, 115.1, 62244.3, 1139.1, 24.8, 354.5, 5.4, 8
3, 01/02/2019 18:19:27, 131562, 26.5, 32.2, 5.4, 2033.5, 92.2, 0.9, 0.4, 1.5, 96, 82.5, 59683.7, 1225.8, 21.2, 297.5, 4.7, 6.6
3, 01/02/2019 18:39:27, 131563, 34.5, 45.4, 6.9, 5991.6, 174.4, 2.9, 0.5, 3, 152.6, 116.2, 78479.8, 788.7, 23.9, 449.4, 3.8, 4.7
3, 01/02/2019 18:59:27, 131564, 43.3, 59.4, 8.3, 17275.9, 307.2, 5.4, 0.5, 1.1, 239.9, 152, 63997.3, 832.4, 24.1, 484.8, 3.3, 6.5
3, 01/02/2019 19:19:37, 131565, 35.3, 48.8, 6.5, 6361.2, 230.9, 4.2, 0.4, 0.2, 202, 124.9, 68441.1, 1139.5, 22.2, 393, 2.6, 4.4
3, 01/02/2019 19:39:36, 131566, 32.2, 36.5, 5.4, 1611, 220.5, 5.5, 0.4, 0.4, 140.7, 93.3, 58655.1, 823.2, 19.6, 335.8, 2.3, 5.2
3, 01/02/2019 19:59:37, 131567, 30, 35.4, 4.8, 14046.7, 67.9, 6, 0.4, 0.1, 192.4, 90.6, 70040, 338.4, 18.4, 400, 1.4, 4.3
3, 01/02/2019 20:19:36, 131568, 51.2, 51.4, 8.1, 1743.8, 322.9, 2.9, 0.5, 0.9, 189.1, 131.5, 94069.6, 278, 19, 541.1, 0.9, 4.2
3, 01/02/2019 20:39:41, 131569, 39.2, 39.6, 6.6, 2010, 296.1, 3.1, 0.5, 0.1, 118.1, 101.3, 67473.5, 346.8, 18.8, 531.7, 1.4, 5.3
3, 01/02/2019 20:59:41, 131570, 59.2, 100.7, 9.2, 14928.4, 479.4, 5.2, 0.7, 3.4, 2142.9, 257.7, 130786.1, 955.1, 19.7, 587.5, 1.5, 7.1
3, 01/02/2019 21:19:42, 131571, 49.4, 50.3, 6.4, 1257.9, 162.5, 3.8, 0.5, 0.2, 177.8, 128.7, 69071.2, 207.1, 17.3, 466.2, 0.5, 2.8
3, 01/02/2019 21:39:41, 131572, 37.6, 38.4, 5.8, 1466.7, 293.9, 4.8, 0.4, 0, 159.2, 98.3, 57347.9, 249, 14.9, 418.9, 0.5, 2.8
3, 01/02/2019 21:59:41, 131573, 21.6, 22.7, 3.6, 14921.1, 83.8, 9, 0.3, 0, 103.7, 58, 55317.6, 280.9, 13.6, 303, 2.1, 2.3
3, 01/02/2019 22:20:41, 131574, 20.2, 19.1, 2.8, 2628.1, 63.3, 1.5, 0.2, 0, 60, 48.8, 62655.4, 258, 11.1, 237.7, 0.5, 1.5
3, 01/02/2019 22:39:41, 131575, 22.9, 22.8, 3.6, 2000.9, 83.4, 1.4, 0.3, 0, 114.5, 58.5, 63658, 325, 10.7, 250, 0.4, 1.4
3, 01/02/2019 22:59:41, 131576, 32.9, 32.9, 5.1, 17507.2, 219.2, 4, 0.4, 0.2, 158.1, 84.3, 58289.8, 274.6, 12.3, 299.7, 1.1, 2.2
3, 01/02/2019 23:19:46, 131577, 20.1, 21, 3, 2666.6, 47.9, 0.5, 0.3, 0, 90.7, 53.9, 67255.1, 304, 11.3, 242.1, 2.2, 1.9
3, 01/02/2019 23:39:45, 131578, 21.9, 21.5, 3.6, 5006.1, 66.2, 1.4, 0.3, 0, 99.8, 55, 60738.5, 330.8, 12.4, 298.9, 2.5, 1.7
4, 31/01/2019 23:59:37, 131507, 41, 64.8, 7.6, 27885.2, 315.5, 4.2, 0.5, 12.2, 280.8, 165.9, 79783.2, 334.5, 26.1, 407.9, 2.1, 16.1
4, 01/02/2019 00:19:38, 131508, 40.6, 95.1, 7.7, 24736.7, 159.3, 2.5, 0.5, 14.1, 306.1, 243.5, 100200, 420.6, 50.3, 462.2, 4.9, 41.8
4, 01/02/2019 00:39:37, 131509, 63, 88.3, 10.5, 7070.1, 197.3, 1, 0.7, 14.6, 263.5, 226, 111522.6, 753.7, 45.4, 511.9, 4, 5.5
4, 01/02/2019 01:00:37, 131510, 62.4, 100.3, 10.4, 36491.7, 291.6, 0.7, 0.6, 26.7, 328.3, 256.7, 119975.9, 606.4, 44.1, 526.6, 3.2, 6.6
4, 01/02/2019 01:19:37, 131511, 55.7, 86.2, 9.3, 4055.9, 407.2, 0.3, 0.6, 24.5, 249.1, 220.8, 105732.3, 308.1, 39.2, 437.8, 4.2, 5.6
4, 01/02/2019 01:39:37, 131512, 45.9, 70, 8.2, 6154.1, 358.5, 0.3, 0.5, 23, 219.9, 179.1, 80059.8, 204.2, 33.6, 377.3, 3.1, 6
4, 01/02/2019 01:59:37, 131513, 48.7, 86, 9.2, 7928.3, 357.9, 2.1, 1.5, 27.4, 357.5, 220.2, 79133.5, 193.3, 35.8, 513, 2.6, 9.1
4, 01/02/2019 02:19:37, 131514, 39.6, 65.9, 6.6, 2240.1, 202.8, 0.5, 0.5, 23.5, 215.5, 168.6, 66850.3, 145, 29, 369.6, 2.7, 6.4
4, 01/02/2019 02:40:37, 131515, 27.8, 53.8, 4.9, 1013.4, 128.6, 0.4, 0.4, 23.1, 169.7, 137.9, 62072.2, 80, 24.7, 309.8, 2.7, 8.8
4, 01/02/2019 02:59:36, 131516, 31.2, 57.9, 5.7, 14397.5, 213.7, 7.7, 0.4, 24.5, 197.1, 148.2, 66298.3, 195.4, 29.7, 362, 6.6, 6.4
4, 01/02/2019 03:19:37, 131517, 35.5, 66.2, 7, 1587.2, 303.3, 8.9, 0.5, 30.3, 228, 169.4, 77742.8, 146.9, 29.3, 348.9, 8.6, 6.6
4, 01/02/2019 03:40:37, 131518, 38.3, 116, 7.1, 66997.4, 140, 7.9, 1.1, 23, 398.6, 296.8, 100694.6, 401.6, 34.2, 542.9, 5, 51.2
4, 01/02/2019 03:59:36, 131519, 56.5, 140.2, 12.1, 83084.8, 322.8, 11.2, 1.4, 19.4, 667.4, 359, 97285.2, 3176.9, 44.5, 802.8, 4.1, 43.5
4, 01/02/2019 04:19:36, 131520, 52.9, 75, 9.1, 9054.7, 525.8, 11.2, 0.7, 27.3, 308.9, 192, 100844.6, 197, 38.2, 656.4, 4.7, 7.9
4, 01/02/2019 04:39:36, 131521, 76.9, 95.4, 11.8, 5594.8, 590.6, 9, 1.7, 20.8, 362.7, 244.1, 93713.5, 1581.2, 37.8, 576.1, 3, 7.7
4, 01/02/2019 05:00:36, 131522, 55.2, 82.9, 9.7, 13662.3, 619.2, 11.1, 1, 26.8, 298.5, 212.2, 96763.6, 3956.1, 35.9, 579.9, 3.4, 9.6
4, 01/02/2019 05:19:36, 131523, 48, 69.5, 8.2, 11272.9, 392.6, 9, 0.6, 17.6, 249.3, 178, 103021.6, 1049.7, 30.2, 478.5, 4, 6.6
4, 01/02/2019 05:40:36, 131524, 67, 100.8, 15.1, 4598.7, 289.8, 5.2, 2.3, 25.8, 321, 258, 107851.6, 6655.5, 34.8, 653.5, 3.8, 11.4
4, 01/02/2019 06:00:36, 131525, 70.6, 129, 14.5, 3548.1, 436.5, 6.3, 3.1, 32.8, 449.1, 330.1, 69753.2, 264.4, 44, 980, 2.8, 14.1
4, 01/02/2019 06:19:36, 131526, 45.4, 63.5, 11, 2074.7, 210, 14.4, 0.6, 11.4, 269.7, 162.5, 79160, 310.5, 31.5, 556.9, 7.2, 9
4, 01/02/2019 06:39:36, 131527, 45.2, 60.4, 11.5, 5426.3, 491.5, 10.4, 0.7, 10, 292.6, 154.6, 121260.2, 202.6, 31.1, 550.1, 9.6, 7.8
4, 01/02/2019 06:59:41, 131528, 48.1, 62.2, 11.1, 28132.4, 435.1, 9.4, 0.9, 13.9, 267.5, 159.3, 69385.1, 206, 28.3, 511, 8.5, 10.3
4, 01/02/2019 07:19:41, 131529, 39.3, 50.3, 8.7, 6256.6, 410.1, 12.1, 0.6, 14, 170.1, 128.9, 93656.4, 161, 27.8, 460.4, 8.1, 8.2
4, 01/02/2019 07:39:41, 131530, 40.2, 48, 9.5, 1181, 351, 35.1, 0.6, 6.2, 234.3, 122.8, 69209.9, 146.1, 26.2, 473.1, 9.9, 8.8
4, 01/02/2019 07:59:40, 131531, 46.6, 58.3, 11, 37155, 414.7, 20.9, 0.7, 5.3, 200.6, 149.3, 63547.3, 212.1, 25, 481.9, 6.7, 12.7
4, 01/02/2019 08:19:51, 131532, 35.9, 44.1, 9, 5676.7, 292.3, 28.4, 0.7, 6.4, 222.7, 112.8, 96651.8, 308.5, 26.9, 471.3, 7.9, 8.7
4, 01/02/2019 08:39:50, 131533, 41.3, 48.1, 8.3, 8314, 348.4, 27.5, 0.6, 4.1, 239.6, 123, 119374.6, 371.8, 27.3, 492.8, 4.6, 7.5
4, 01/02/2019 08:59:50, 131534, 64.7, 74.6, 11.6, 24883.2, 493, 25, 2.3, 12.9, 268.2, 191, 164460.4, 298, 37.1, 681, 2.8, 7.3
4, 01/02/2019 09:19:50, 131535, 43.7, 66.5, 6.7, 20451.6, 275.5, 32.8, 0.5, 16.4, 293.9, 170.1, 95152, 207.7, 38.5, 639.1, 4.1, 4.6
4, 01/02/2019 09:39:50, 131536, 41, 58.4, 6.5, 6263.8, 213, 29.3, 0.5, 14.3, 246.2, 149.4, 108285, 418.6, 32.7, 529.5, 4, 4.8
4, 01/02/2019 09:59:50, 131537, 53, 73.2, 9, 24182.6, 283.3, 20, 1.3, 15.8, 319.4, 187.4, 123278.6, 231.7, 32.3, 585.8, 2.1, 7
4, 01/02/2019 10:19:50, 131538, 52.7, 88.5, 9.9, 9422, 243.7, 8.6, 0.9, 10.6, 398.5, 226.5, 112710.2, 210.2, 36.7, 906.1, 3, 6.6
4, 01/02/2019 10:39:55, 131539, 54.6, 78.6, 9.4, 23667, 376, 17.6, 0.6, 14.6, 244.2, 201.3, 98087.1, 256.7, 43.6, 1102.5, 2.7, 8.3
4, 01/02/2019 11:00:05, 131540, 57.2, 93.5, 9.5, 47429.1, 361.6, 21.9, 0.8, 8, 362.5, 239.3, 133417.9, 351.6, 42, 996.8, 1.5, 11.4
4, 01/02/2019 11:20:05, 131541, 65, 100.6, 10.8, 43034, 424.9, 10.6, 2.6, 8.4, 382.7, 257.6, 141999.1, 604, 43.2, 1008.7, 1.1, 8
4, 01/02/2019 11:40:05, 131542, 83.8, 121.1, 14.8, 32022.4, 328.1, 24.2, 6.8, 14.4, 389.6, 310.1, 139301.6, 354.7, 48.1, 1157, 2.1, 10.4
4, 01/02/2019 12:00:04, 131543, 78.7, 96.3, 13, 29034.8, 268.6, 20, 2.5, 11.7, 344.8, 246.6, 135450.2, 512.9, 39.9, 993.7, 3.5, 7
4, 01/02/2019 12:20:05, 131544, 58.6, 95.7, 11.1, 5075.6, 310.8, 32.3, 1.2, 2.9, 1017.6, 244.9, 120359.9, 366.1, 36.3, 817.1, 1.8, 7.1
4, 01/02/2019 12:40:04, 131545, 53.9, 89.7, 9.4, 27921, 325.6, 25, 1.1, 15.8, 668, 229.6, 128364.2, 291.3, 42, 777.2, 1.4, 6.6
4, 01/02/2019 13:00:05, 131546, 49.3, 77.6, 7.6, 15397, 305.5, 14.8, 0.5, 21.6, 287.6, 198.6, 96902.3, 148.7, 42.2, 809.4, 1.4, 3.9
4, 01/02/2019 13:19:05, 131547, 64.4, 126.3, 11, 43176.5, 357.1, 22.5, 13.2, 42.1, 769.2, 323.2, 168752.7, 208.8, 52.6, 1107.9, 2, 6.5
4, 01/02/2019 13:40:04, 131548, 69.3, 95, 11.9, 19913.1, 633.8, 14.1, 3.1, 26, 383.3, 243.1, 134777.6, 284.3, 47.1, 1013.1, 2.3, 5.7
4, 01/02/2019 14:00:04, 131549, 77, 121, 12.8, 36106.3, 466.5, 19.5, 4.5, 39, 422.6, 309.8, 124874.1, 217.4, 50.6, 996.6, 2.3, 9.5
4, 01/02/2019 14:20:03, 131550, 64.4, 104, 11.2, 7708.2, 479.1, 43.1, 2, 36.5, 364.6, 266.3, 115840.2, 210.9, 46.6, 865.7, 2.6, 5.5
4, 01/02/2019 14:40:04, 131551, 56.4, 81.9, 10.4, 4494.4, 422.8, 16.2, 0.6, 21.1, 275.2, 209.6, 126789.6, 108.3, 44.6, 913.3, 3.6, 5.3
4, 01/02/2019 14:59:04, 131552, 70.8, 99.1, 13.7, 16525.7, 566.4, 29.2, 2.4, 20.3, 451.6, 253.6, 146266.8, 170.7, 42.1, 850.2, 4.3, 6.3
4, 01/02/2019 15:20:03, 131553, 53.3, 84.6, 10.2, 6941.9, 428, 16.7, 1.3, 24.4, 302.9, 216.6, 81114.4, 184, 38.8, 694.6, 5.4, 6.6
4, 01/02/2019 15:40:04, 131554, 58, 86.2, 10.6, 2886.4, 383, 28.4, 0.8, 26.5, 278.9, 220.6, 79569.4, 124.8, 36.8, 729.5, 3.8, 6.9
4, 01/02/2019 16:00:04, 131555, 45.4, 73.1, 8.6, 19388.5, 258.7, 8.6, 0.9, 6.8, 369.6, 187.2, 113597.7, 151.9, 32.9, 695.9, 2.7, 7.2
4, 01/02/2019 16:20:04, 131556, 51.1, 72.6, 8.7, 4005.1, 172.5, 19, 6.1, 9.2, 359.6, 185.8, 76573.2, 124.1, 31.4, 709.9, 2.1, 5.6
4, 01/02/2019 16:40:04, 131557, 34.7, 49.8, 7.4, 71424.7, 158.7, 10.1, 0.5, 4.9, 203.9, 127.4, 75251.8, 164, 26.6, 500, 2.3, 7.9
4, 01/02/2019 17:00:03, 131558, 32.1, 42.8, 7.2, 63791.6, 213.7, 22.5, 0.5, 1.8, 145.3, 109.4, 87755.7, 133.7, 26.2, 450.7, 3, 8.7
4, 01/02/2019 17:20:04, 131559, 41.2, 59.4, 7.7, 78196.1, 151.3, 9.7, 0.5, 8.5, 761.1, 152, 118729.8, 117.9, 26.6, 469.7, 2, 7.2
4, 01/02/2019 17:40:03, 131560, 41.2, 56.3, 7, 57531.3, 226.7, 20.1, 0.5, 8.1, 292.9, 144.2, 75736.1, 115.1, 24.3, 406.8, 0.8, 5.5
4, 01/02/2019 18:00:03, 131561, 44.5, 59.3, 8, 66194.3, 314.9, 14.1, 0.5, 10.4, 261.5, 151.9, 77417.5, 143.8, 24, 403.5, 0.7, 8.2
4, 01/02/2019 18:20:03, 131562, 41.1, 53.8, 7.4, 62209.4, 178.2, 14.7, 0.5, 8.6, 311.7, 137.7, 70871.9, 109, 23, 365.9, 0.8, 6.7
4, 01/02/2019 18:40:03, 131563, 36.5, 51.6, 6.8, 10990.5, 180.9, 1.6, 0.5, 8.8, 166.5, 132, 87873, 173.1, 25.4, 405.7, 0.9, 4.8
4, 01/02/2019 19:00:03, 131564, 37.2, 59.5, 7.8, 25270.4, 124.4, 1.3, 0.5, 3.9, 329.1, 152.3, 92605.5, 114.8, 32.5, 512.9, 1.3, 8.3
4, 01/02/2019 19:19:08, 131565, 34.9, 38.7, 6.7, 2542.8, 136.2, 1.1, 0.5, 0.6, 144.7, 99, 55939.8, 127, 24.3, 338.6, 0.9, 4.3
4, 01/02/2019 19:39:08, 131566, 19.7, 16.5, 3.5, 5152.3, 48.6, 0.3, 0.3, 0, 73.4, 42.3, 52915.7, 155.3, 17.3, 199.6, 1.1, 2.4
4, 01/02/2019 20:00:07, 131567, 34.2, 39.4, 6.9, 41444.1, 228.5, 3.9, 0.5, 0.4, 195.8, 101, 73886.5, 161.1, 20.8, 382.7, 2.7, 7
4, 01/02/2019 20:20:08, 131568, 40.5, 42.5, 8.4, 25568.4, 250.4, 4.7, 0.6, 0.1, 148.4, 108.7, 50927.9, 163.2, 19.5, 357.4, 4.3, 6
4, 01/02/2019 20:39:18, 131569, 27.7, 27.2, 5.8, 33426, 139.9, 9.2, 0.4, 0, 139.2, 69.7, 50350.8, 212.4, 18, 306.5, 3.9, 4.4
4, 01/02/2019 20:59:17, 131570, 38.7, 55.6, 8.8, 53276.6, 185.8, 5.8, 0.6, 0.1, 199.4, 142.4, 57238.4, 212.9, 23.4, 478.6, 4.3, 11.6
4, 01/02/2019 21:19:17, 131571, 35.3, 37.7, 6.8, 7461.9, 85.8, 0.1, 0.5, 0.2, 114, 96.4, 65593.5, 186.8, 17.2, 329.7, 4.7, 4
4, 01/02/2019 21:39:17, 131572, 16.5, 13.3, 3.3, 5271.4, 59.7, 4, 0.3, 0, 101.4, 34, 56185.6, 113, 16.4, 243.4, 3.3, 2.2
4, 01/02/2019 21:59:17, 131573, 28.9, 28.2, 5.3, 21035.1, 194.9, 4.5, 0.4, 0, 139.1, 72.1, 53295.7, 116.1, 20, 304.5, 3.1, 4.9
4, 01/02/2019 22:20:17, 131574, 14.4, 12.5, 2.9, 3051.8, 38.6, 4.2, 0.2, 0, 41.1, 31.9, 50535.7, 95.1, 15.4, 217.9, 2, 2.2
4, 01/02/2019 22:40:17, 131575, 20.6, 18.8, 4.4, 5047.9, 100, 6.8, 0.4, 0, 104.8, 48.2, 51349.4, 119, 15.6, 249.4, 2.4, 2.6
4, 01/02/2019 22:59:17, 131576, 25.4, 25.1, 6, 21027.8, 115.1, 4.9, 0.5, 0, 118.8, 64.3, 50802.2, 229.1, 19.4, 305.2, 8.2, 5.9
4, 01/02/2019 23:19:17, 131577, 17.2, 14.3, 3.6, 2808.3, 40.8, 0.6, 0.3, 0.1, 76.5, 36.6, 55056.1, 168.7, 19.6, 281, 15.8, 2.1
4, 01/02/2019 23:40:17, 131578, 24.1, 22.2, 5.1, 1110.4, 109.1, 1.1, 0.4, 0, 90.3, 56.9, 56134.7, 186.9, 20.5, 368.2, 19.3, 2.3
