INSTANCE_NUMBER, SNAP_ID, T_BEG, USR_GROUP, CPU, DBTIME, PGA, OTH_WAIT, PXENQ, PXQTIME, PXQRY, PXREL, REQS, YIELDS, IOWAIT, READ, WRITE
1, 130283, 15/01/2019 00:00:11, ADW_UNLOAD_GROUP, 0, 0.1, 1.4, 0.1, 0, 0, 0, 0, 75, 5, 0, 0.1, 17
1, 130284, 15/01/2019 00:20:09, ADW_UNLOAD_GROUP, 0, 0, 0, 0, 0, 0, 0, 0, 158, 0, 0, 0, 0
1, 130285, 15/01/2019 00:40:25, ADW_UNLOAD_GROUP, 0, 0, 0, 0, 0, 0, 0, 0, 497, 2, 0, 0, 0
1, 130286, 15/01/2019 01:00:12, ADW_UNLOAD_GROUP, 5.1, 19.6, 1560, 10.7, 0, 0, 12, 128, 1290, 2277, 3.8, 2180, 4458.2
1, 130287, 15/01/2019 01:20:10, ADW_UNLOAD_GROUP, 4.9, 11.6, 954.1, 4.8, 0, 0, 21, 180, 932, 2816, 1.9, 2293.9, 2956.2
1, 130288, 15/01/2019 01:40:36, ADW_UNLOAD_GROUP, 0.9, 3.7, 346.3, 2.5, 0, 0, 6, 40, 334, 221, 0.3, 135.4, 1012.8
1, 130289, 15/01/2019 02:00:05, ADW_UNLOAD_GROUP, 0.4, 3.1, 315.5, 2.4, 0, 0, 0, 0, 96, 130, 0.3, 35.9, 794.6
1, 130290, 15/01/2019 02:20:03, ADW_UNLOAD_GROUP, 11.3, 16.5, 6625, 3.4, 1, 0, 28, 280, 1034, 12154, 1.8, 3786.5, 2940.2
1, 130291, 15/01/2019 02:40:15, ADW_UNLOAD_GROUP, 32.2, 43.4, 17034.9, 9.9, 0, 0, 39, 436, 1023, 55585, 1.3, 4443.6, 1807.4
1, 130292, 15/01/2019 03:00:21, ADW_UNLOAD_GROUP, 28.2, 47.4, 12395.3, 14.5, 0, 0, 29, 401, 1082, 46863, 4.7, 3602.4, 5423.4
1, 130293, 15/01/2019 03:20:08, ADW_UNLOAD_GROUP, 9.6, 12.2, 10371.1, 2.1, 0, 0, 27, 304, 894, 6398, 0.5, 1584.9, 1224.8
1, 130294, 15/01/2019 03:40:30, ADW_UNLOAD_GROUP, 2.2, 4.1, 5484.8, 1.6, 0, 0, 10, 80, 862, 643, 0.3, 382.4, 671.4
1, 130295, 15/01/2019 04:00:11, ADW_UNLOAD_GROUP, 0.1, 0.4, 39.2, 0.1, 0, 0, 4, 40, 500, 7, 0.2, 4.9, 186.3
1, 130296, 15/01/2019 04:20:10, ADW_UNLOAD_GROUP, 0, 0, 0, 0, 0, 0, 0, 0, 242, 1, 0, 0, 0
1, 130297, 15/01/2019 04:40:17, ADW_UNLOAD_GROUP, 0, 0, 0, 0, 0, 0, 0, 0, 116, 0, 0, 0, 0
1, 130298, 15/01/2019 05:00:01, ADW_UNLOAD_GROUP, 0, 0, 0.1, 0, 0, 0, 0, 0, 721, 0, 0, 0, 0
1, 130299, 15/01/2019 05:20:07, ADW_UNLOAD_GROUP, 0, 0, 0, 0, 0, 0, 0, 0, 477, 0, 0, 0, 0
1, 130300, 15/01/2019 05:40:03, ADW_UNLOAD_GROUP, 0, 0, 0.1, 0, 0, 0, 0, 0, 152, 0, 0, 0, 0
1, 130301, 15/01/2019 06:00:18, ADW_UNLOAD_GROUP, 0, 0, 0, 0, 0, 0, 0, 0, 136, 0, 0, 0, 0
1, 130302, 15/01/2019 06:20:05, ADW_UNLOAD_GROUP, 0, 0, 0.1, 0, 0, 0, 0, 0, 402, 0, 0, 0, 0
1, 130303, 15/01/2019 06:40:22, ADW_UNLOAD_GROUP, 0, 0, 0, 0, 0, 0, 0, 0, 101, 0, 0, 0, 0
1, 130304, 15/01/2019 07:00:34, ADW_UNLOAD_GROUP, 0, 0, 0, 0, 0, 0, 0, 0, 122, 2, 0, 0, 0
1, 130306, 15/01/2019 07:40:27, ADW_UNLOAD_GROUP, 0, 0, 0, 0, 0, 0, 0, 0, 47, 0, 0, 0, 0
1, 130307, 15/01/2019 08:00:05, ADW_UNLOAD_GROUP, 0, 0, 0, 0, 0, 0, 0, 0, 349, 1, 0, 0, 0
1, 130308, 15/01/2019 08:20:17, ADW_UNLOAD_GROUP, 0, 0, 0, 0, 0, 0, 0, 0, 600, 0, 0, 0, 0
1, 130309, 15/01/2019 08:40:20, ADW_UNLOAD_GROUP, 0, 0, 0, 0, 0, 0, 0, 0, 667, 1, 0, 0, 0
1, 130310, 15/01/2019 09:00:40, ADW_UNLOAD_GROUP, 0, 0, 0.1, 0, 0, 0, 0, 0, 315, 0, 0, 0, 0
1, 130311, 15/01/2019 09:20:02, ADW_UNLOAD_GROUP, 0, 0, 0, 0, 0, 0, 0, 0, 592, 1, 0, 0, 0
1, 130312, 15/01/2019 09:40:12, ADW_UNLOAD_GROUP, 0, 0, 0, 0, 0, 0, 0, 0, 616, 1, 0, 0, 0
1, 130313, 15/01/2019 10:00:01, ADW_UNLOAD_GROUP, 0, 0, 0.2, 0, 0, 0, 0, 0, 380, 0, 0, 0, 0
1, 130314, 15/01/2019 10:20:14, ADW_UNLOAD_GROUP, 0, 0, 0, 0, 0, 0, 0, 0, 377, 2, 0, 0, 0
1, 130315, 15/01/2019 10:40:03, ADW_UNLOAD_GROUP, 0, 0, 0.1, 0, 0, 0, 0, 0, 482, 1, 0, 0, 0
1, 130283, 15/01/2019 00:00:11, FP_DM_PRIOR, 3.2, 14.1, 2136.3, 8.3, 0, 0, 4, 84, 182, 1435, 2.6, 247, 11397
1, 130284, 15/01/2019 00:20:09, FP_DM_PRIOR, 1.5, 7.1, 800, 4.4, 0, 0, 1, 32, 8, 376, 1.2, 69.8, 5180.7
1, 130285, 15/01/2019 00:40:25, FP_DM_PRIOR, 1.3, 6.2, 551.7, 3.8, 0, 0, 0, 0, 21, 241, 1.1, 52.9, 3777.3
1, 130286, 15/01/2019 01:00:12, FP_DM_PRIOR, 8.2, 23.7, 2321.3, 12.9, 0, 0, 117, 2984, 3186, 9366, 2.6, 1987, 4373.2
1, 130287, 15/01/2019 01:20:10, FP_DM_PRIOR, 2.9, 10.5, 3026.7, 5.9, 0, 0, 24, 370, 450, 1194, 1.7, 290.1, 3672.7
1, 130288, 15/01/2019 01:40:36, FP_DM_PRIOR, 2.4, 9.6, 1380.6, 6, 0, 0, 0, 0, 19, 594, 1.2, 143.2, 3878.5
1, 130289, 15/01/2019 02:00:05, FP_DM_PRIOR, 4.1, 9.6, 1451.8, 4.2, 0, 0, 2, 32, 76, 1329, 1.3, 125, 2972.6
1, 130290, 15/01/2019 02:20:03, FP_DM_PRIOR, 7.6, 17.3, 2435.3, 7.8, 0, 0, 114, 2900, 3184, 7173, 1.9, 1545.2, 3357.6
1, 130291, 15/01/2019 02:40:15, FP_DM_PRIOR, 5.3, 14.5, 1699.6, 6.9, 0, 0, 23, 395, 504, 3123, 2.3, 460.3, 5390.1
1, 130292, 15/01/2019 03:00:21, FP_DM_PRIOR, 4.5, 10.7, 1681.8, 4.4, 0, 0, 3, 37, 65, 2163, 1.8, 204.3, 4031.5
1, 130293, 15/01/2019 03:20:08, FP_DM_PRIOR, 2, 6.7, 700.6, 3.2, 0, 0, 0, 0, 20, 515, 1.5, 71, 4586.3
1, 130294, 15/01/2019 03:40:30, FP_DM_PRIOR, 4, 14.7, 1037.9, 7.2, 0, 0, 95, 2357, 2631, 1957, 3.5, 1270.2, 5471.9
1, 130295, 15/01/2019 04:00:11, FP_DM_PRIOR, 2.3, 17.2, 2064.9, 8.5, 0, 0, 32, 615, 891, 717, 6.4, 496.5, 3448.4
1, 130296, 15/01/2019 04:20:10, FP_DM_PRIOR, 3, 9.7, 1306.8, 4.3, 0, 0, 3, 36, 36, 1043, 2.4, 225.4, 5006.7
1, 130297, 15/01/2019 04:40:17, FP_DM_PRIOR, 3.7, 8.7, 1470.8, 3.6, 0, 0, 1, 16, 60, 1066, 1.4, 123.6, 3423.6
1, 130298, 15/01/2019 05:00:01, FP_DM_PRIOR, 5.8, 15, 1661.5, 7, 0, 0, 107, 2596, 2956, 3225, 2.2, 1439.3, 4312.5
1, 130299, 15/01/2019 05:20:07, FP_DM_PRIOR, 4.7, 11.7, 2257.5, 5.3, 0, 0, 8, 160, 179, 2213, 1.7, 520.4, 6151.7
1, 130300, 15/01/2019 05:40:03, FP_DM_PRIOR, 1.1, 6.3, 563.6, 4.5, 0, 0, 0, 0, 20, 259, 0.7, 57.4, 4756.2
1, 130301, 15/01/2019 06:00:18, FP_DM_PRIOR, 1.7, 9.2, 705.8, 6.2, 0, 0, 17, 352, 665, 847, 1.3, 386.2, 3293.3
1, 130302, 15/01/2019 06:20:05, FP_DM_PRIOR, 7.1, 20.9, 2948.2, 11.7, 0, 0, 60, 1524, 1523, 5614, 2.1, 1116.8, 4165.8
1, 130303, 15/01/2019 06:40:22, FP_DM_PRIOR, 3.4, 15.6, 2664.7, 10.6, 1, 0, 5, 112, 141, 1755, 1.6, 278.6, 4684
1, 130304, 15/01/2019 07:00:34, FP_DM_PRIOR, 2.2, 4.2, 377.5, 0.8, 0, 0, 0, 0, 23, 795, 1.2, 150.8, 2999.7
1, 130305, 15/01/2019 07:20:13, FP_DM_PRIOR, 0.8, 6.1, 552.4, 4.5, 0, 0, 0, 0, 20, 233, 0.8, 32.2, 2311.7
1, 130306, 15/01/2019 07:40:27, FP_DM_PRIOR, 0.9, 6.4, 571.9, 4.4, 0, 0, 0, 0, 51, 270, 1.1, 35, 2642.8
1, 130307, 15/01/2019 08:00:05, FP_DM_PRIOR, 3.6, 11.9, 883.2, 6.2, 4, 0, 92, 2232, 2561, 2276, 2.1, 1694.9, 2928.2
1, 130308, 15/01/2019 08:20:17, FP_DM_PRIOR, 2.4, 8.8, 824.1, 4.9, 1, 0, 45, 1064, 1329, 1297, 1.5, 834.5, 3036.1
1, 130309, 15/01/2019 08:40:20, FP_DM_PRIOR, 1.5, 6.6, 578.4, 3.4, 0, 0, 0, 0, 23, 427, 1.7, 49, 3647.3
1, 130310, 15/01/2019 09:00:40, FP_DM_PRIOR, 1.2, 6.7, 579.5, 4, 0, 0, 0, 0, 25, 297, 1.5, 39.6, 2860
1, 130311, 15/01/2019 09:20:02, FP_DM_PRIOR, 1.4, 6.3, 558.6, 3.2, 0, 0, 0, 0, 20, 329, 1.7, 50.3, 3499.1
1, 130312, 15/01/2019 09:40:12, FP_DM_PRIOR, 4.8, 13.2, 1638.6, 6.3, 2, 0, 87, 2216, 2379, 2523, 2.1, 1879.6, 4201.6
1, 130313, 15/01/2019 10:00:01, FP_DM_PRIOR, 3.6, 15.2, 1826.1, 10.1, 1, 0, 9, 256, 378, 1639, 1.5, 416.3, 3029.2
1, 130314, 15/01/2019 10:20:14, FP_DM_PRIOR, 4.3, 12.9, 2889.4, 6.1, 0, 0, 4, 64, 82, 2061, 2.5, 237.9, 4432
1, 130315, 15/01/2019 10:40:03, FP_DM_PRIOR, 3.3, 7.9, 879.1, 2.7, 0, 0, 0, 0, 24, 1727, 1.9, 124.6, 3239.3
1, 130284, 15/01/2019 00:20:09, HDP_UNLOAD_GROUP, 4, 22.6, 1185.7, 13.7, 0, 0, 11, 112, 443, 8918, 4.9, 6191, 1137.2
1, 130285, 15/01/2019 00:40:25, HDP_UNLOAD_GROUP, 10.2, 29.1, 1656, 12.2, 2, 0, 64, 572, 938, 15466, 6.7, 2197.5, 1959.1
1, 130286, 15/01/2019 01:00:12, HDP_UNLOAD_GROUP, 9.9, 29, 2193.4, 13.3, 0, 0, 82, 800, 1348, 10465, 5.8, 984.3, 653.3
1, 130287, 15/01/2019 01:20:10, HDP_UNLOAD_GROUP, 9.5, 20.6, 1797.6, 5.5, 0, 0, 63, 560, 1065, 6851, 5.6, 1264.8, 1221.8
1, 130288, 15/01/2019 01:40:36, HDP_UNLOAD_GROUP, 10.1, 23.5, 2030.1, 11.9, 0, 0, 27, 260, 454, 11153, 1.5, 851.7, 142.9
1, 130289, 15/01/2019 02:00:05, HDP_UNLOAD_GROUP, 10.3, 21.2, 1822.1, 10.9, 0, 0, 3, 28, 13, 11882, 0, 772, 1
1, 130290, 15/01/2019 02:20:03, HDP_UNLOAD_GROUP, 10.1, 15.4, 1073.5, 5.3, 0, 0, 3, 24, 23, 10498, 0, 731.6, 0.1
1, 130291, 15/01/2019 02:40:15, HDP_UNLOAD_GROUP, 8.1, 11.3, 758.3, 3.1, 0, 0, 8, 104, 80, 9191, 0.1, 514.9, 48.1
1, 130292, 15/01/2019 03:00:21, HDP_UNLOAD_GROUP, 5.1, 6.1, 5114.3, 1, 0, 0, 50, 424, 841, 1743, 0, 296.8, 15.8
1, 130293, 15/01/2019 03:20:08, HDP_UNLOAD_GROUP, 4.2, 4.6, 423.5, 0.2, 0, 0, 21, 316, 444, 2177, 0.2, 370.1, 469.4
1, 130294, 15/01/2019 03:40:30, HDP_UNLOAD_GROUP, 1.2, 1.4, 163.4, 0.2, 0, 0, 5, 40, 80, 278, 0, 71.8, 2.1
1, 130295, 15/01/2019 04:00:11, HDP_UNLOAD_GROUP, 0, 0.1, 0.8, 0, 0, 0, 6, 48, 93, 2, 0.1, 0.6, 0.9
1, 130306, 15/01/2019 07:40:27, HDP_UNLOAD_GROUP, 0, 0, 6.4, 0, 0, 0, 0, 0, 0, 0, 0, 0, 0
1, 130307, 15/01/2019 08:00:05, HDP_UNLOAD_GROUP, 1.7, 1.9, 286.5, 0.1, 0, 0, 3, 42, 50, 562, 0.1, 50.7, 45.2
1, 130311, 15/01/2019 09:20:02, HDP_UNLOAD_GROUP, 0, 0, 0, 0, 0, 0, 0, 0, 10, 0, 0, 0, 0
1, 130313, 15/01/2019 10:00:01, HDP_UNLOAD_GROUP, 0.1, 0.1, 18.8, 0, 0, 0, 1, 12, 23, 32, 0, 2.5, 0.9
1, 130283, 15/01/2019 00:00:11, ODS_SUPPORT_GROUP, 0, 0, None, 0, 0, 0, 0, 0, 6, 0, 0, 0, 0
1, 130284, 15/01/2019 00:20:09, ODS_SUPPORT_GROUP, 0, 0, None, 0, 0, 0, 0, 0, 6, 0, 0, 0, 0
1, 130285, 15/01/2019 00:40:25, ODS_SUPPORT_GROUP, 0, 0, 1.9, 0, 0, 0, 0, 0, 8, 3, 0, 0, 0
1, 130286, 15/01/2019 01:00:12, ODS_SUPPORT_GROUP, 0, 0, 8.3, 0, 0, 0, 0, 0, 10, 22, 0, 0, 0
1, 130287, 15/01/2019 01:20:10, ODS_SUPPORT_GROUP, 0, 0, 1.8, 0, 0, 0, 0, 0, 8, 9, 0, 0, 0
1, 130288, 15/01/2019 01:40:36, ODS_SUPPORT_GROUP, 0, 0, 6.8, 0, 0, 0, 0, 0, 39, 12, 0, 0, 0
1, 130289, 15/01/2019 02:00:05, ODS_SUPPORT_GROUP, 0.3, 0.7, 53.4, 0.4, 0, 0, 1, 26, 28, 42, 0, 1037.4, 2.3
1, 130290, 15/01/2019 02:20:03, ODS_SUPPORT_GROUP, 0.1, 0.1, 3, 0, 0, 0, 1, 16, 6, 18, 0, 5.2, 1.8
1, 130291, 15/01/2019 02:40:15, ODS_SUPPORT_GROUP, 0, 0, 0, 0, 0, 0, 0, 0, 6, 1, 0, 0, 0
1, 130292, 15/01/2019 03:00:21, ODS_SUPPORT_GROUP, 0, 0, 4.9, 0, 0, 0, 0, 0, 10, 12, 0, 0, 0
1, 130293, 15/01/2019 03:20:08, ODS_SUPPORT_GROUP, 0, 0, 0.3, 0, 0, 0, 0, 0, 8, 5, 0, 0, 0
1, 130294, 15/01/2019 03:40:30, ODS_SUPPORT_GROUP, 0, 0, 0.8, 0, 0, 0, 0, 0, 8, 0, 0, 0.2, 3.1
1, 130295, 15/01/2019 04:00:11, ODS_SUPPORT_GROUP, 0.4, 2.6, 143.2, 1.4, 0, 0, 1, 32, 74, 61, 0.8, 338.8, 240.5
1, 130296, 15/01/2019 04:20:10, ODS_SUPPORT_GROUP, 1.1, 4.2, 375, 2.5, 0, 0, 1, 32, 23, 374, 0.6, 69.3, 1746
1, 130297, 15/01/2019 04:40:17, ODS_SUPPORT_GROUP, 1.3, 6.1, 308.3, 3.7, 0, 0, 3, 10, 14, 397, 1.1, 66.5, 3166.1
1, 130298, 15/01/2019 05:00:01, ODS_SUPPORT_GROUP, 0.9, 6.1, 326.5, 4.1, 0, 0, 2, 48, 34, 298, 1.1, 61, 2523.5
1, 130299, 15/01/2019 05:20:07, ODS_SUPPORT_GROUP, 1.2, 5.4, 280.6, 3.2, 0, 0, 0, 0, 0, 381, 1, 41.9, 3927.6
1, 130300, 15/01/2019 05:40:03, ODS_SUPPORT_GROUP, 1.1, 5.9, 310, 4.3, 0, 0, 0, 0, 0, 426, 0.5, 49.6, 4393.6
1, 130301, 15/01/2019 06:00:18, ODS_SUPPORT_GROUP, 0.9, 6.4, 335.6, 4.4, 0, 0, 0, 0, 0, 321, 1.1, 32.2, 3013.3
1, 130302, 15/01/2019 06:20:05, ODS_SUPPORT_GROUP, 0.7, 6.2, 329.6, 4.7, 0, 0, 0, 0, 0, 265, 0.8, 22.7, 2078.3
1, 130303, 15/01/2019 06:40:22, ODS_SUPPORT_GROUP, 0.9, 7.7, 408.2, 6, 0, 0, 0, 0, 0, 321, 0.8, 31.8, 2595.4
1, 130304, 15/01/2019 07:00:34, ODS_SUPPORT_GROUP, 0.8, 3.9, 208.6, 2.2, 0, 0, 0, 0, 0, 256, 0.9, 29.8, 2695.1
1, 130305, 15/01/2019 07:20:13, ODS_SUPPORT_GROUP, 0.7, 5.8, 304.6, 4.4, 0, 0, 0, 0, 0, 252, 0.7, 23.7, 2137.1
1, 130306, 15/01/2019 07:40:27, ODS_SUPPORT_GROUP, 0.8, 5.9, 316.3, 4.2, 0, 0, 0, 0, 0, 349, 0.9, 25.7, 2427.3
1, 130307, 15/01/2019 08:00:05, ODS_SUPPORT_GROUP, 0.4, 3.6, 188.4, 2.6, 0, 0, 0, 0, 0, 191, 0.6, 12.1, 1211.9
1, 130308, 15/01/2019 08:20:17, ODS_SUPPORT_GROUP, 0.2, 0.9, 53.6, 0.5, 0, 0, 1, 15, 0, 45, 0.2, 3.6, 420.1
1, 130309, 15/01/2019 08:40:20, ODS_SUPPORT_GROUP, 0, 0.2, 8.7, 0.2, 0, 0, 1, 8, 9, 16, 0, 17.1, 0.2
1, 130310, 15/01/2019 09:00:40, ODS_SUPPORT_GROUP, 0.6, 1.1, 78.8, 0, 1, 0, 1, 16, 18, 235, 0.5, 290, 1187.2
1, 130311, 15/01/2019 09:20:02, ODS_SUPPORT_GROUP, 0, 0, 2.5, 0, 0, 0, 0, 0, 4, 3, 0, 0, 0
1, 130312, 15/01/2019 09:40:12, ODS_SUPPORT_GROUP, 0, 0.4, 24.4, 0.4, 0, 0, 1, 16, 27, 17, 0, 0, 0
1, 130313, 15/01/2019 10:00:01, ODS_SUPPORT_GROUP, 0.5, 3.1, 872.7, 2.1, 0, 0, 1, 16, 40, 185, 0.5, 280.7, 1458
1, 130314, 15/01/2019 10:20:14, ODS_SUPPORT_GROUP, 1.8, 2, 3432.1, 0.2, 0, 0, 1, 32, 11, 1644, 0, 317.2, 0.2
1, 130315, 15/01/2019 10:40:03, ODS_SUPPORT_GROUP, 0, 0, 1.7, 0, 0, 0, 0, 0, 10, 6, 0, 0, 0
1, 130283, 15/01/2019 00:00:11, OTHER_GROUPS, 13.6, 45.9, 11912.8, 26.4, 0, 0, 0, 0, 701, 15566, 5.9, 167.1, 6259.4
1, 130284, 15/01/2019 00:20:09, OTHER_GROUPS, 13.8, 40.6, 13992.8, 16.4, 0, 0, 2, 46, 671, 12375, 10.4, 501.9, 3631.6
1, 130285, 15/01/2019 00:40:25, OTHER_GROUPS, 13.5, 26.1, 11211.1, 9.8, 0, 0, 1, 64, 761, 10745, 2.8, 174.4, 6713.7
1, 130286, 15/01/2019 01:00:12, OTHER_GROUPS, 14.1, 39.3, 8407.5, 23, 0, 0, 0, 0, 1229, 13078, 2.2, 56.2, 2470.6
1, 130287, 15/01/2019 01:20:10, OTHER_GROUPS, 11.9, 36.7, 7570.4, 22.1, 0, 0, 0, 0, 986, 12070, 2.7, 59.3, 3002.8
1, 130288, 15/01/2019 01:40:36, OTHER_GROUPS, 10.1, 23.9, 7497.7, 11.8, 0, 0, 0, 0, 1183, 7855, 2, 60.1, 2681.5
1, 130289, 15/01/2019 02:00:05, OTHER_GROUPS, 13.9, 33.9, 8421.7, 16.6, 0, 0, 1, 16, 1457, 12860, 3.4, 1687.2, 3061.4
1, 130290, 15/01/2019 02:20:03, OTHER_GROUPS, 12, 32.6, 7959.1, 18.6, 0, 0, 0, 0, 1324, 10953, 2, 51.2, 1923.5
1, 130291, 15/01/2019 02:40:15, OTHER_GROUPS, 10.8, 28.6, 7697, 15.6, 0, 0, 0, 0, 1573, 9950, 2.2, 45.7, 2700
1, 130292, 15/01/2019 03:00:21, OTHER_GROUPS, 8, 24.5, 7766.1, 14.4, 0, 0, 1, 16, 1031, 6107, 2.1, 42.3, 2249.1
1, 130293, 15/01/2019 03:20:08, OTHER_GROUPS, 11.8, 28.4, 7587.8, 12.9, 0, 0, 0, 0, 584, 11002, 3.7, 80.4, 6026
1, 130294, 15/01/2019 03:40:30, OTHER_GROUPS, 9.3, 31.2, 6671.9, 16.3, 0, 0, 0, 0, 639, 6910, 5.6, 60.2, 3971.1
1, 130295, 15/01/2019 04:00:11, OTHER_GROUPS, 6, 60.3, 8225.2, 34.5, 0, 0, 0, 0, 1790, 3848, 19.8, 38, 2120
1, 130296, 15/01/2019 04:20:10, OTHER_GROUPS, 22, 49.8, 65669.7, 19.3, 0, 0, 0, 0, 2393, 21549, 8.5, 829.1, 7150.4
1, 130297, 15/01/2019 04:40:17, OTHER_GROUPS, 23.2, 56.1, 45782.7, 26.4, 0, 0, 0, 0, 2722, 21097, 6.5, 921.7, 6656.4
1, 130298, 15/01/2019 05:00:01, OTHER_GROUPS, 19.6, 51.9, 40313.5, 25.5, 0, 0, 0, 0, 2259, 16458, 6.8, 862.8, 5686.5
1, 130299, 15/01/2019 05:20:07, OTHER_GROUPS, 13.4, 39.7, 8247.8, 21.2, 0, 0, 0, 0, 689, 10973, 5.1, 147.7, 5012.8
1, 130300, 15/01/2019 05:40:03, OTHER_GROUPS, 6.4, 39.8, 9679, 29.6, 0, 0, 0, 0, 3477, 4119, 3.8, 48.6, 2836.7
1, 130301, 15/01/2019 06:00:18, OTHER_GROUPS, 20.6, 61.2, 12077.2, 33.7, 0, 0, 0, 0, 718, 21127, 6.9, 646.5, 9336.5
1, 130302, 15/01/2019 06:20:05, OTHER_GROUPS, 18, 74.1, 9461.7, 51, 0, 0, 1, 64, 861, 19852, 5.1, 108.7, 5140.2
1, 130303, 15/01/2019 06:40:22, OTHER_GROUPS, 17.4, 70.8, 9420.9, 47.9, 0, 0, 0, 0, 634, 19560, 5.5, 99, 6771.3
1, 130304, 15/01/2019 07:00:34, OTHER_GROUPS, 16.7, 47.6, 5166.2, 19.5, 0, 0, 0, 0, 755, 18208, 11.4, 103.8, 6816.3
1, 130305, 15/01/2019 07:20:13, OTHER_GROUPS, 20.2, 74.1, 8642, 43, 0, 0, 0, 0, 681, 27127, 10.9, 140.8, 10396.7
1, 130306, 15/01/2019 07:40:27, OTHER_GROUPS, 20.9, 72.1, 8181.7, 38.1, 0, 0, 0, 0, 672, 25962, 13.1, 119.7, 8467.7
1, 130307, 15/01/2019 08:00:05, OTHER_GROUPS, 21.8, 85.5, 7955.2, 51.7, 0, 0, 0, 0, 638, 30405, 12, 129.2, 8643.2
1, 130308, 15/01/2019 08:20:17, OTHER_GROUPS, 23, 79.6, 7982.8, 43.7, 0, 0, 1, 9, 703, 32656, 12.9, 4210.9, 10289.2
1, 130309, 15/01/2019 08:40:20, OTHER_GROUPS, 26.2, 73.2, 8134.1, 31.6, 0, 0, 0, 0, 702, 41124, 15.4, 183.1, 13149.1
1, 130310, 15/01/2019 09:00:40, OTHER_GROUPS, 21.3, 81.1, 8201.9, 44.5, 0, 0, 0, 0, 606, 31129, 15.3, 147.5, 10776.5
1, 130311, 15/01/2019 09:20:02, OTHER_GROUPS, 24, 69.6, 7729.4, 29.5, 0, 0, 0, 0, 821, 33556, 16.1, 169.6, 12164.2
1, 130312, 15/01/2019 09:40:12, OTHER_GROUPS, 24.9, 82.8, 8502.5, 39.5, 0, 0, 0, 0, 788, 33365, 18.4, 155.4, 10474.2
1, 130313, 15/01/2019 10:00:01, OTHER_GROUPS, 17.8, 97.3, 8201.4, 62.9, 0, 0, 1, 9, 765, 28572, 16.6, 747, 7332.4
1, 130314, 15/01/2019 10:20:14, OTHER_GROUPS, 29.1, 75.4, 8162.8, 37.1, 0, 0, 1, 9, 793, 43876, 9.2, 3545.8, 8116.1
1, 130315, 15/01/2019 10:40:03, OTHER_GROUPS, 33.3, 76.3, 8133.6, 35.2, 0, 0, 2, 32, 989, 59832, 7.8, 183.2, 8031.7
2, 130283, 15/01/2019 00:00:10, ADW_UNLOAD_GROUP, 0.8, 0.8, 26.3, 0, 0, 0, 15, 184, 1089, 151, 0, 678.7, 11.5
2, 130284, 15/01/2019 00:20:09, ADW_UNLOAD_GROUP, 0, 0, 0, 0, 0, 0, 0, 0, 657, 6, 0, 0, 0
2, 130285, 15/01/2019 00:40:25, ADW_UNLOAD_GROUP, 0, 0, 0.1, 0, 0, 0, 0, 0, 298, 6, 0, 0, 0
2, 130286, 15/01/2019 01:00:12, ADW_UNLOAD_GROUP, 0, 0, 0.2, 0, 0, 0, 0, 0, 540, 12, 0, 0.5, 0.8
2, 130287, 15/01/2019 01:20:09, ADW_UNLOAD_GROUP, 11.8, 16.7, 3210.9, 4.4, 0, 0, 51, 1438, 2783, 58295, 0.5, 7393.7, 231.2
2, 130288, 15/01/2019 01:40:36, ADW_UNLOAD_GROUP, 31.2, 39.4, 14358, 7.6, 0, 0, 62, 1672, 27473, 109749, 0.6, 13259.2, 331.2
2, 130289, 15/01/2019 02:00:06, ADW_UNLOAD_GROUP, 22, 24.1, 6783.3, 1.7, 0, 0, 48, 1392, 2361, 27903, 0.4, 12433.3, 240.5
2, 130290, 15/01/2019 02:20:03, ADW_UNLOAD_GROUP, 11.5, 11.8, 3794, 0, 0, 0, 17, 370, 1311, 5381, 0.3, 4805.2, 230.9
2, 130291, 15/01/2019 02:40:15, ADW_UNLOAD_GROUP, 0.5, 0.5, 34.1, 0, 0, 0, 12, 352, 1065, 98, 0, 2234.4, 9.4
2, 130292, 15/01/2019 03:00:21, ADW_UNLOAD_GROUP, 0, 0, 0, 0, 0, 0, 0, 0, 229, 0, 0, 0, 0
2, 130293, 15/01/2019 03:20:08, ADW_UNLOAD_GROUP, 0, 0, 0, 0, 0, 0, 0, 0, 355, 3, 0, 0, 0
2, 130295, 15/01/2019 04:00:11, ADW_UNLOAD_GROUP, 0, 0, 0, 0, 0, 0, 0, 0, 377, 1, 0, 0, 0
2, 130296, 15/01/2019 04:20:10, ADW_UNLOAD_GROUP, 0, 0, 0, 0, 0, 0, 0, 0, 538, 0, 0, 0, 0
2, 130297, 15/01/2019 04:40:17, ADW_UNLOAD_GROUP, 0, 0, 0, 0, 0, 0, 0, 0, 663, 0, 0, 0, 0
2, 130298, 15/01/2019 05:00:03, ADW_UNLOAD_GROUP, 0, 0, 0, 0, 0, 0, 0, 0, 79, 0, 0, 0, 0
2, 130300, 15/01/2019 05:40:03, ADW_UNLOAD_GROUP, 0, 0.4, 46.9, 0.4, 0, 0, 0, 0, 647, 0, 0, 0, 0
2, 130301, 15/01/2019 06:00:17, ADW_UNLOAD_GROUP, 30.1, 46.8, 60361.2, 14.8, 0, 0, 0, 0, 1003, 54172, 1.9, 1542.9, 3473.4
2, 130302, 15/01/2019 06:20:05, ADW_UNLOAD_GROUP, 34.3, 46.6, 70476.3, 9.5, 0, 0, 0, 0, 437, 109450, 2.8, 802.6, 4694.5
2, 130303, 15/01/2019 06:40:22, ADW_UNLOAD_GROUP, 30.2, 51.9, 76046.8, 19, 0, 0, 2, 60, 734, 70456, 2.7, 553.6, 5096.4
2, 130304, 15/01/2019 07:00:35, ADW_UNLOAD_GROUP, 30.8, 32.5, 30874.5, 0, 0, 0, 1, 32, 852, 56954, 1.7, 479.5, 2240.7
2, 130305, 15/01/2019 07:20:14, ADW_UNLOAD_GROUP, 30.4, 37.3, 62414.7, 6.9, 0, 0, 0, 0, 743, 42267, 0, 574.8, 0.2
2, 130306, 15/01/2019 07:40:27, ADW_UNLOAD_GROUP, 30.1, 45.4, 23838.8, 15.1, 0, 0, 0, 0, 740, 35511, 0.2, 402.3, 99.6
2, 130307, 15/01/2019 08:00:05, ADW_UNLOAD_GROUP, 21.3, 24, 14327.6, 1.5, 0, 0, 3, 94, 545, 21465, 1.2, 699.9, 2133.4
2, 130308, 15/01/2019 08:20:17, ADW_UNLOAD_GROUP, 9.9, 14.2, 11831.7, 1.6, 0, 0, 1, 32, 166, 3518, 2.7, 300.2, 5436.6
2, 130309, 15/01/2019 08:40:21, ADW_UNLOAD_GROUP, 10.8, 13.2, 8120.8, 0.4, 0, 0, 1, 30, 197, 4849, 2, 123.4, 4163.4
2, 130310, 15/01/2019 09:00:40, ADW_UNLOAD_GROUP, 10.9, 13, 6791.3, 1.6, 0, 0, 1, 4, 463, 4745, 0.5, 173.9, 804.9
2, 130311, 15/01/2019 09:20:06, ADW_UNLOAD_GROUP, 11.8, 15.5, 7142.9, 1.8, 0, 0, 1, 30, 227, 6941, 1.9, 106.3, 3107.8
2, 130312, 15/01/2019 09:40:12, ADW_UNLOAD_GROUP, 8.9, 13.7, 9918.7, 2.7, 0, 0, 0, 0, 275, 5192, 2.1, 348.9, 4030.7
2, 130313, 15/01/2019 10:00:01, ADW_UNLOAD_GROUP, 7.3, 14.2, 8000.7, 3.8, 0, 0, 1, 32, 407, 3643, 3.1, 236.7, 8375.4
2, 130314, 15/01/2019 10:20:14, ADW_UNLOAD_GROUP, 7.1, 11.3, 5148.8, 0.8, 0, 0, 0, 0, 418, 3737, 3.4, 211.5, 8258.4
2, 130315, 15/01/2019 10:40:03, ADW_UNLOAD_GROUP, 6.6, 9.9, 4272.7, 0.5, 0, 0, 0, 0, 388, 3312, 2.8, 168.4, 6716.7
2, 130283, 15/01/2019 00:00:10, FP_DM_PRIOR, 18.7, 42.7, 10652.3, 15.3, 0, 0, 0, 0, 0, 23181, 8.7, 927.9, 11745.5
2, 130284, 15/01/2019 00:20:09, FP_DM_PRIOR, 16.3, 39.3, 10264.9, 15.3, 0, 0, 1, 16, 16, 22921, 7.7, 456.2, 13742.5
2, 130285, 15/01/2019 00:40:25, FP_DM_PRIOR, 19.1, 34.5, 9649.8, 8, 0, 0, 0, 0, 0, 25707, 7.4, 478.2, 12209.1
2, 130286, 15/01/2019 01:00:12, FP_DM_PRIOR, 14, 34.5, 8043.1, 14.4, 0, 0, 13, 296, 459, 8045, 6.1, 635.7, 11109.8
2, 130287, 15/01/2019 01:20:09, FP_DM_PRIOR, 12.8, 28.1, 15696.4, 10.9, 0, 0, 4, 96, 32, 6629, 4.4, 452.3, 6078.7
2, 130288, 15/01/2019 01:40:36, FP_DM_PRIOR, 12.1, 25.7, 18934.9, 8.9, 0, 0, 0, 0, 0, 4584, 4.7, 316.3, 5939.6
2, 130289, 15/01/2019 02:00:06, FP_DM_PRIOR, 15.6, 27.1, 20280.8, 8.1, 0, 0, 0, 0, 0, 12993, 3.4, 310.6, 5562.6
2, 130290, 15/01/2019 02:20:03, FP_DM_PRIOR, 14.8, 31, 8911.2, 12.7, 0, 0, 3, 64, 249, 11957, 3.5, 1293.8, 6316.9
2, 130291, 15/01/2019 02:40:15, FP_DM_PRIOR, 9.6, 22.1, 3939.1, 8.3, 0, 0, 5, 112, 71, 8164, 4.2, 496.2, 8498.1
2, 130292, 15/01/2019 03:00:21, FP_DM_PRIOR, 4.4, 15.8, 2640.2, 7.8, 0, 0, 0, 0, 0, 1115, 3.6, 161.3, 6756.9
2, 130293, 15/01/2019 03:20:08, FP_DM_PRIOR, 7, 16.2, 3305.8, 5.4, 0, 0, 1, 16, 16, 2395, 3.8, 175.3, 8346.8
2, 130294, 15/01/2019 03:40:30, FP_DM_PRIOR, 7.6, 19.7, 2940.7, 6.9, 0, 0, 8, 136, 332, 2583, 5.2, 1057.9, 7012.6
2, 130295, 15/01/2019 04:00:11, FP_DM_PRIOR, 4.4, 23.1, 5367.5, 11, 0, 0, 13, 368, 353, 1489, 7.7, 591.8, 4107.3
2, 130296, 15/01/2019 04:20:10, FP_DM_PRIOR, 6.4, 18.7, 3576.7, 7.1, 0, 0, 2, 48, 0, 2750, 5.2, 281.1, 8097.9
2, 130297, 15/01/2019 04:40:17, FP_DM_PRIOR, 4.3, 14.2, 1477.6, 6.8, 0, 0, 0, 0, 0, 1395, 3.1, 197.6, 6547.4
2, 130298, 15/01/2019 05:00:03, FP_DM_PRIOR, 8.1, 23.3, 3045.8, 11.5, 0, 0, 26, 648, 905, 4302, 3.7, 1607.6, 6274.3
2, 130299, 15/01/2019 05:20:07, FP_DM_PRIOR, 4.7, 15.1, 1496.4, 6.6, 0, 0, 2, 48, 7, 2031, 3.8, 252.4, 8631.3
2, 130300, 15/01/2019 05:40:03, FP_DM_PRIOR, 5.4, 16.6, 2544.9, 8, 0, 0, 1, 16, 16, 2109, 3.2, 197.9, 7745.6
2, 130301, 15/01/2019 06:00:17, FP_DM_PRIOR, 5.4, 17.4, 2090.6, 8.3, 0, 0, 21, 400, 584, 2482, 3.7, 849.3, 6323.5
2, 130302, 15/01/2019 06:20:05, FP_DM_PRIOR, 6.1, 21.5, 2534.4, 12.7, 1, 0, 35, 984, 1136, 2612, 2.7, 947.4, 4902.4
2, 130303, 15/01/2019 06:40:22, FP_DM_PRIOR, 3.6, 21.2, 2256.5, 15, 0, 0, 5, 80, 36, 1261, 2.6, 177.3, 5436.7
2, 130304, 15/01/2019 07:00:35, FP_DM_PRIOR, 3.1, 8.9, 929.4, 3, 0, 0, 0, 0, 0, 973, 2.8, 119.4, 5010.1
2, 130305, 15/01/2019 07:20:14, FP_DM_PRIOR, 4.7, 16.2, 1925.6, 9.5, 0, 0, 1, 16, 16, 1545, 2, 99.6, 3973.7
2, 130306, 15/01/2019 07:40:27, FP_DM_PRIOR, 5.2, 15.3, 2548.2, 8.2, 0, 0, 0, 0, 0, 2110, 1.9, 87.2, 3850
2, 130307, 15/01/2019 08:00:05, FP_DM_PRIOR, 7.1, 22.9, 3258.4, 13.2, 0, 0, 3, 64, 305, 4950, 2.6, 300, 3980.3
2, 130308, 15/01/2019 08:20:17, FP_DM_PRIOR, 8.8, 26.5, 3300.8, 14.1, 0, 0, 4, 96, 5, 5941, 3.6, 536, 6511.2
2, 130309, 15/01/2019 08:40:21, FP_DM_PRIOR, 7.9, 21.5, 2891.6, 9.3, 0, 0, 0, 0, 0, 5193, 4.3, 354.8, 8791.3
2, 130310, 15/01/2019 09:00:40, FP_DM_PRIOR, 6, 16.7, 1889.8, 8.1, 0, 0, 1, 16, 16, 2800, 2.6, 204.2, 4516.7
2, 130311, 15/01/2019 09:20:06, FP_DM_PRIOR, 5.8, 16, 2017.9, 7.4, 0, 0, 0, 0, 0, 3113, 2.8, 108.3, 5400.6
2, 130312, 15/01/2019 09:40:12, FP_DM_PRIOR, 9.1, 21.3, 2998.1, 8.6, 2, 0, 9, 152, 370, 6017, 3.6, 422.1, 6764
2, 130313, 15/01/2019 10:00:01, FP_DM_PRIOR, 3, 18.3, 1557.4, 13.2, 2, 0, 23, 608, 661, 1367, 2.1, 639.9, 3611.1
2, 130314, 15/01/2019 10:20:14, FP_DM_PRIOR, 3.9, 16.2, 1927.1, 9.2, 0, 0, 11, 184, 202, 1742, 3.1, 228.9, 5755.6
2, 130315, 15/01/2019 10:40:03, FP_DM_PRIOR, 4.9, 15.3, 1570.4, 7.5, 0, 0, 1, 16, 16, 1829, 2.9, 160.6, 6314.1
2, 130283, 15/01/2019 00:00:10, HDP_UNLOAD_GROUP, 9.6, 18.9, 7391.5, 9.3, 0, 0, 0, 0, 18, 36771, 0, 197.7, 0.3
2, 130284, 15/01/2019 00:20:09, HDP_UNLOAD_GROUP, 9, 39.7, 7521.4, 27.8, 0, 0, 19, 208, 697, 24252, 2.9, 8072.8, 377.9
2, 130285, 15/01/2019 00:40:25, HDP_UNLOAD_GROUP, 10.1, 61.2, 9298.4, 46.7, 0, 0, 20, 172, 266, 34072, 4.4, 9338.1, 1011.2
2, 130286, 15/01/2019 01:00:12, HDP_UNLOAD_GROUP, 10, 39, 8719.4, 27.2, 0, 0, 29, 296, 364, 22828, 1.8, 2168.4, 553.4
2, 130287, 15/01/2019 01:20:09, HDP_UNLOAD_GROUP, 10.2, 33.8, 13958.9, 21.8, 0, 0, 28, 252, 471, 39742, 1.8, 747.5, 445.1
2, 130288, 15/01/2019 01:40:36, HDP_UNLOAD_GROUP, 9.8, 33.3, 7200.9, 17.3, 0, 0, 39, 416, 706, 24202, 6.2, 462.8, 662.9
2, 130289, 15/01/2019 02:00:06, HDP_UNLOAD_GROUP, 9.7, 21.9, 7715.6, 8.6, 0, 0, 55, 520, 840, 10559, 3.6, 616.5, 831.5
2, 130290, 15/01/2019 02:20:03, HDP_UNLOAD_GROUP, 9.6, 17.4, 7727.1, 6.8, 0, 0, 62, 524, 1049, 7941, 1, 659.9, 987.4
2, 130291, 15/01/2019 02:40:15, HDP_UNLOAD_GROUP, 8.8, 12.8, 7705.6, 3.9, 1, 0, 63, 520, 936, 5677, 0.1, 648.7, 43.1
2, 130292, 15/01/2019 03:00:21, HDP_UNLOAD_GROUP, 4, 7.2, 7383.2, 3.2, 0, 0, 13, 104, 159, 830, 0, 271.7, 6.4
2, 130293, 15/01/2019 03:20:08, HDP_UNLOAD_GROUP, 2.9, 4.3, 8060, 1.3, 0, 0, 2, 24, 0, 671, 0.1, 134.9, 61.3
2, 130294, 15/01/2019 03:40:30, HDP_UNLOAD_GROUP, 1.5, 1.6, 6539.5, 0.1, 0, 0, 0, 0, 0, 293, 0, 44.1, 5.1
2, 130295, 15/01/2019 04:00:11, HDP_UNLOAD_GROUP, 1.6, 4.1, 9119.5, 2.5, 1, 0, 2, 16, 21, 210, 0, 22.9, 2
2, 130296, 15/01/2019 04:20:10, HDP_UNLOAD_GROUP, 3.1, 3.6, 7183.3, 0.5, 0, 0, 0, 0, 0, 377, 0, 23.4, 0
2, 130297, 15/01/2019 04:40:17, HDP_UNLOAD_GROUP, 3.2, 3.5, 7323.6, 0.3, 0, 0, 0, 0, 0, 319, 0, 27, 0
2, 130298, 15/01/2019 05:00:03, HDP_UNLOAD_GROUP, 3.1, 3.5, 7558.5, 0.4, 0, 0, 0, 0, 0, 438, 0, 23.9, 0
2, 130299, 15/01/2019 05:20:07, HDP_UNLOAD_GROUP, 3.2, 3.3, 7125.3, 0.1, 0, 0, 0, 0, 0, 376, 0, 26.9, 0
2, 130300, 15/01/2019 05:40:03, HDP_UNLOAD_GROUP, 3.1, 3.8, 8334, 0.7, 0, 0, 0, 0, 0, 328, 0, 34.1, 0
2, 130301, 15/01/2019 06:00:17, HDP_UNLOAD_GROUP, 2, 2.1, 6155.7, 0.1, 0, 0, 0, 0, 0, 709, 0, 19.6, 5.4
2, 130302, 15/01/2019 06:20:05, HDP_UNLOAD_GROUP, 2.3, 2.6, 5627.6, 0.2, 0, 0, 1, 16, 16, 531, 0.1, 17.2, 167
2, 130303, 15/01/2019 06:40:22, HDP_UNLOAD_GROUP, 0.7, 0.7, 173.4, 0, 0, 0, 0, 0, 2, 112, 0, 1.9, 0
2, 130306, 15/01/2019 07:40:27, HDP_UNLOAD_GROUP, 0, 0, 0, 0, 0, 0, 0, 0, 0, 0, 0, 0, 0
2, 130307, 15/01/2019 08:00:05, HDP_UNLOAD_GROUP, 3.3, 4.6, 677.9, 1.2, 0, 0, 0, 0, 33, 1227, 0.1, 17.4, 12.5
2, 130308, 15/01/2019 08:20:17, HDP_UNLOAD_GROUP, 1.7, 1.7, 219.3, 0, 0, 0, 2, 16, 0, 577, 0, 17.7, 1.2
2, 130313, 15/01/2019 10:00:01, HDP_UNLOAD_GROUP, 0.2, 0.2, 24.1, 0, 0, 0, 1, 16, 20, 36, 0, 3.3, 1.3
2, 130283, 15/01/2019 00:00:10, ODS2EXA_GROUP, 0, 1.2, 32.2, 1.2, 0, 0, 0, 0, 0, 4, 0, 103.9, 0
2, 130284, 15/01/2019 00:20:09, ODS2EXA_GROUP, 0, 1.2, 33.2, 1.2, 0, 0, 0, 0, 0, 6, 0, 77.5, 0
2, 130285, 15/01/2019 00:40:25, ODS2EXA_GROUP, 0, 1.2, 31.8, 1.2, 0, 0, 0, 0, 0, 2, 0, 86, 0
2, 130286, 15/01/2019 01:00:12, ODS2EXA_GROUP, 0, 1.2, 32.3, 1.2, 0, 0, 0, 0, 1, 4, 0, 95.6, 0
2, 130287, 15/01/2019 01:20:09, ODS2EXA_GROUP, 0, 0.9, 25.9, 0.9, 0, 0, 0, 0, 0, 4, 0, 83.1, 0
2, 130288, 15/01/2019 01:40:36, ODS2EXA_GROUP, 0, 0.8, 21.2, 0.8, 0, 0, 0, 0, 0, 2, 0, 34, 0
2, 130289, 15/01/2019 02:00:06, ODS2EXA_GROUP, 0, 0.8, 22.2, 0.8, 0, 0, 0, 0, 0, 4, 0, 39.7, 0
2, 130290, 15/01/2019 02:20:03, ODS2EXA_GROUP, 0, 0.8, 20.9, 0.8, 0, 0, 0, 0, 0, 3, 0, 49.5, 0
2, 130291, 15/01/2019 02:40:15, ODS2EXA_GROUP, 0, 0.8, 21.1, 0.8, 0, 0, 0, 0, 0, 2, 0, 61, 0
2, 130292, 15/01/2019 03:00:21, ODS2EXA_GROUP, 0, 0.8, 21.5, 0.8, 0, 0, 0, 0, 0, 3, 0, 68.6, 0
2, 130293, 15/01/2019 03:20:08, ODS2EXA_GROUP, 0, 0.8, 21.9, 0.8, 0, 0, 0, 0, 0, 4, 0, 66.6, 0
2, 130294, 15/01/2019 03:40:30, ODS2EXA_GROUP, 0, 0.7, 20.6, 0.7, 0, 0, 0, 0, 0, 0, 0, 65.4, 0
2, 130295, 15/01/2019 04:00:11, ODS2EXA_GROUP, 0, 0.8, 22.8, 0.8, 0, 0, 0, 0, 0, 0, 0, 47.4, 0
2, 130296, 15/01/2019 04:20:10, ODS2EXA_GROUP, 0, 0.8, 21.3, 0.8, 0, 0, 0, 0, 0, 2, 0, 67.4, 0
2, 130297, 15/01/2019 04:40:17, ODS2EXA_GROUP, 0, 0.8, 21.4, 0.8, 0, 0, 0, 0, 0, 1, 0, 84.5, 0
2, 130298, 15/01/2019 05:00:03, ODS2EXA_GROUP, 0, 0.8, 21.8, 0.8, 0, 0, 0, 0, 0, 2, 0, 74.5, 0
2, 130299, 15/01/2019 05:20:07, ODS2EXA_GROUP, 0, 0.7, 20.1, 0.7, 0, 0, 0, 0, 0, 3, 0, 81.1, 0
2, 130300, 15/01/2019 05:40:03, ODS2EXA_GROUP, 0, 0.8, 23.1, 0.8, 0, 0, 0, 0, 0, 0, 0, 103.1, 0
2, 130301, 15/01/2019 06:00:17, ODS2EXA_GROUP, 0, 0.8, 22.4, 0.8, 0, 0, 0, 0, 0, 3, 0, 57.3, 0
2, 130302, 15/01/2019 06:20:05, ODS2EXA_GROUP, 0, 0.8, 22.6, 0.8, 0, 0, 0, 0, 0, 1, 0, 65.8, 0
2, 130303, 15/01/2019 06:40:22, ODS2EXA_GROUP, 0, 1, 28.8, 1, 0, 0, 0, 0, 0, 0, 0, 55, 0
2, 130304, 15/01/2019 07:00:35, ODS2EXA_GROUP, 0, 0.5, 12.8, 0.5, 0, 0, 0, 0, 0, 2, 0, 44.7, 0
2, 130305, 15/01/2019 07:20:14, ODS2EXA_GROUP, 0, 0.8, 22.2, 0.8, 0, 0, 0, 0, 0, 2, 0, 52.5, 0
2, 130306, 15/01/2019 07:40:27, ODS2EXA_GROUP, 0, 0.8, 21.1, 0.8, 0, 0, 0, 0, 0, 1, 0, 54, 0
2, 130307, 15/01/2019 08:00:05, ODS2EXA_GROUP, 0, 0.8, 21.7, 0.8, 0, 0, 0, 0, 0, 1, 0, 59.5, 0
2, 130308, 15/01/2019 08:20:17, ODS2EXA_GROUP, 0, 0.8, 21.4, 0.8, 0, 0, 0, 0, 0, 4, 0, 60.4, 0
2, 130309, 15/01/2019 08:40:21, ODS2EXA_GROUP, 0, 0.8, 21.5, 0.8, 0, 0, 0, 0, 0, 2, 0, 55.3, 0
2, 130310, 15/01/2019 09:00:40, ODS2EXA_GROUP, 0, 0.8, 21.3, 0.8, 0, 0, 0, 0, 0, 3, 0, 63, 0
2, 130311, 15/01/2019 09:20:06, ODS2EXA_GROUP, 0, 0.8, 21.9, 0.8, 0, 0, 0, 0, 0, 2, 0, 54.3, 0
2, 130312, 15/01/2019 09:40:12, ODS2EXA_GROUP, 0, 0.8, 21.4, 0.8, 0, 0, 0, 0, 0, 2, 0, 62.5, 0
2, 130313, 15/01/2019 10:00:01, ODS2EXA_GROUP, 0, 0.8, 21.6, 0.8, 0, 0, 0, 0, 0, 0, 0, 76.7, 0
2, 130314, 15/01/2019 10:20:14, ODS2EXA_GROUP, 0, 0.8, 21, 0.8, 0, 0, 0, 0, 4, 1, 0, 66.9, 0
2, 130315, 15/01/2019 10:40:03, ODS2EXA_GROUP, 0, 0.8, 21.3, 0.8, 0, 0, 0, 0, 0, 0, 0, 65.8, 0
2, 130283, 15/01/2019 00:00:10, ODS_SUPPORT_GROUP, 0, 0, 5.8, 0, 0, 0, 0, 0, 10, 8, 0, 0, 0
2, 130284, 15/01/2019 00:20:09, ODS_SUPPORT_GROUP, 0, 0.1, 11.5, 0.1, 0, 0, 0, 0, 10, 33, 0, 0, 0
2, 130285, 15/01/2019 00:40:25, ODS_SUPPORT_GROUP, 0, 0.1, 4.5, 0.1, 0, 0, 0, 0, 9, 40, 0, 0, 0.3
2, 130286, 15/01/2019 01:00:12, ODS_SUPPORT_GROUP, 3.2, 5.6, 8797.9, 1.8, 0, 0, 0, 0, 38, 886, 0.6, 978, 145
2, 130287, 15/01/2019 01:20:09, ODS_SUPPORT_GROUP, 4.5, 6.8, 16731.3, 2.3, 0, 0, 0, 0, 8, 4496, 0, 367.1, 0.9
2, 130288, 15/01/2019 01:40:36, ODS_SUPPORT_GROUP, 4.2, 6.5, 9517.7, 2, 0, 0, 0, 0, 39, 4713, 0.3, 81.6, 382.8
2, 130289, 15/01/2019 02:00:06, ODS_SUPPORT_GROUP, 1.4, 2.5, 949.8, 0.8, 0, 0, 3, 90, 42, 1482, 0.3, 255, 46.3
2, 130290, 15/01/2019 02:20:03, ODS_SUPPORT_GROUP, 0.2, 0.4, 39.4, 0.2, 0, 0, 1, 32, 56, 95, 0, 3.3, 2
2, 130291, 15/01/2019 02:40:15, ODS_SUPPORT_GROUP, 1.1, 2.3, 379.2, 1, 0, 0, 5, 80, 148, 714, 0.2, 682.8, 323.4
2, 130292, 15/01/2019 03:00:21, ODS_SUPPORT_GROUP, 4.9, 14.8, 1502.5, 9.6, 0, 0, 5, 80, 86, 14253, 0.3, 1541.3, 129.2
2, 130293, 15/01/2019 03:20:08, ODS_SUPPORT_GROUP, 4.9, 15.4, 1558.6, 10.1, 0, 0, 7, 112, 120, 18280, 0.4, 1467.6, 173.3
2, 130294, 15/01/2019 03:40:30, ODS_SUPPORT_GROUP, 4.2, 9.9, 1480.1, 5.2, 0, 0, 2, 20, 7, 9411, 0.5, 347, 237.4
2, 130295, 15/01/2019 04:00:11, ODS_SUPPORT_GROUP, 3.6, 7.6, 1280.3, 3.4, 0, 0, 1, 32, 10, 5244, 0.6, 334.7, 181.6
2, 130296, 15/01/2019 04:20:10, ODS_SUPPORT_GROUP, 2.1, 7.1, 585.5, 4.7, 0, 0, 8, 85, 132, 3214, 0.3, 1015.2, 306.9
2, 130297, 15/01/2019 04:40:17, ODS_SUPPORT_GROUP, 1.8, 3.4, 87.8, 1.4, 0, 0, 7, 91, 137, 2446, 0.2, 1446.5, 248.8
2, 130298, 15/01/2019 05:00:03, ODS_SUPPORT_GROUP, 3.9, 9.5, 898.1, 5.4, 0, 0, 13, 208, 176, 8190, 0.2, 3153.1, 241.8
2, 130299, 15/01/2019 05:20:07, ODS_SUPPORT_GROUP, 0.2, 0.5, 83.1, 0.2, 0, 0, 1, 32, 0, 19, 0.1, 7.1, 95.3
2, 130300, 15/01/2019 05:40:03, ODS_SUPPORT_GROUP, 0.4, 0.6, 12.7, 0.2, 0, 0, 5, 20, 27, 32, 0, 131, 8.9
2, 130301, 15/01/2019 06:00:17, ODS_SUPPORT_GROUP, 0.4, 0.7, 31.4, 0.3, 0, 0, 2, 8, 38, 206, 0, 158.9, 29.8
2, 130302, 15/01/2019 06:20:05, ODS_SUPPORT_GROUP, 0.1, 0.4, 14.2, 0.1, 1, 0, 2, 48, 16, 42, 0.2, 21.9, 234
2, 130303, 15/01/2019 06:40:22, ODS_SUPPORT_GROUP, 0.1, 0.3, 3.2, 0.1, 0, 0, 1, 16, 16, 39, 0.1, 1.7, 30.9
2, 130304, 15/01/2019 07:00:35, ODS_SUPPORT_GROUP, 0, 0, None, 0, 0, 0, 0, 0, 0, 0, 0, 0, 0
2, 130305, 15/01/2019 07:20:14, ODS_SUPPORT_GROUP, 0, 0, None, 0, 0, 0, 0, 0, 0, 0, 0, 0, 0
2, 130306, 15/01/2019 07:40:27, ODS_SUPPORT_GROUP, 0.1, 0.6, 30.2, 0.5, 0, 0, 0, 0, 23, 25, 0, 0, 0
2, 130307, 15/01/2019 08:00:05, ODS_SUPPORT_GROUP, 0.6, 1.6, 55.2, 0, 0, 0, 1, 16, 0, 277, 1, 280.1, 1431.2
2, 130308, 15/01/2019 08:20:17, ODS_SUPPORT_GROUP, 0, 0, None, 0, 0, 0, 0, 0, 0, 0, 0, 0, 0
2, 130309, 15/01/2019 08:40:21, ODS_SUPPORT_GROUP, 0, 0, None, 0, 0, 0, 0, 0, 0, 0, 0, 0, 0
2, 130310, 15/01/2019 09:00:40, ODS_SUPPORT_GROUP, 0.4, 0.4, 21.9, 0, 0, 0, 1, 32, 33, 281, 0, 2239.3, 0.7
2, 130311, 15/01/2019 09:20:06, ODS_SUPPORT_GROUP, 0, 0, 0, 0, 0, 0, 0, 0, 4, 0, 0, 0, 0
2, 130312, 15/01/2019 09:40:12, ODS_SUPPORT_GROUP, 0, 0, 0, 0, 0, 0, 0, 0, 7, 0, 0, 0, 0
2, 130313, 15/01/2019 10:00:01, ODS_SUPPORT_GROUP, 0.9, 1.8, 100.9, 0.4, 0, 0, 1, 32, 43, 432, 0.5, 280.2, 1214.2
2, 130314, 15/01/2019 10:20:14, ODS_SUPPORT_GROUP, 0, 0, 6.2, 0, 0, 0, 0, 0, 11, 10, 0, 0, 0
2, 130315, 15/01/2019 10:40:03, ODS_SUPPORT_GROUP, 0, 0, 4.4, 0, 0, 0, 0, 0, 7, 6, 0, 0, 0
2, 130283, 15/01/2019 00:00:10, OTHER_GROUPS, 27.1, 53, 8722.5, 20.2, 0, 0, 12, 92, 946, 20003, 5.7, 192.8, 2256.8
2, 130284, 15/01/2019 00:20:09, OTHER_GROUPS, 32.8, 78.1, 8594.3, 28.9, 0, 0, 16, 112, 711, 34337, 16.4, 230.9, 2697.1
2, 130285, 15/01/2019 00:40:25, OTHER_GROUPS, 35.3, 70.6, 8911, 29.4, 0, 0, 8, 60, 940, 34134, 5.9, 192.4, 5300.1
2, 130286, 15/01/2019 01:00:12, OTHER_GROUPS, 28.8, 77.1, 8209.6, 43.5, 1, 0, 20, 144, 1323, 18449, 4.8, 230.4, 5180.6
2, 130287, 15/01/2019 01:20:09, OTHER_GROUPS, 27.3, 66.5, 8566.8, 35.6, 0, 0, 0, 0, 985, 42833, 3.6, 52.4, 3564.5
2, 130288, 15/01/2019 01:40:36, OTHER_GROUPS, 28.4, 59.6, 8306, 29.1, 0, 0, 0, 0, 1148, 60216, 2.1, 34.3, 1413.9
2, 130289, 15/01/2019 02:00:06, OTHER_GROUPS, 30.7, 76, 9135.7, 41.3, 0, 0, 0, 0, 1186, 32238, 4, 43.2, 2201.4
2, 130290, 15/01/2019 02:20:03, OTHER_GROUPS, 29.2, 60.2, 8316, 29, 0, 0, 0, 0, 1282, 30469, 2, 37.5, 1673.7
2, 130291, 15/01/2019 02:40:15, OTHER_GROUPS, 29, 58.8, 7700.4, 28, 0, 0, 0, 0, 1553, 35062, 1.8, 48.9, 1854.3
2, 130292, 15/01/2019 03:00:21, OTHER_GROUPS, 25.9, 58.1, 8744.7, 30.3, 0, 0, 0, 0, 1137, 17714, 1.9, 40.5, 1715.7
2, 130293, 15/01/2019 03:20:08, OTHER_GROUPS, 30.3, 54.9, 9353.4, 22.3, 0, 0, 0, 0, 560, 22880, 2.3, 53.2, 2443.7
2, 130294, 15/01/2019 03:40:30, OTHER_GROUPS, 25.6, 42.1, 8607.8, 12.7, 0, 0, 0, 0, 611, 20520, 3.8, 43.3, 2112.4
2, 130295, 15/01/2019 04:00:11, OTHER_GROUPS, 20.8, 56.3, 9152.6, 22.7, 0, 0, 0, 0, 1859, 20580, 12.8, 35.2, 1992.9
2, 130296, 15/01/2019 04:20:10, OTHER_GROUPS, 26.8, 37.1, 48676, 6.9, 0, 0, 0, 0, 1803, 23757, 3.4, 425.2, 2215
2, 130297, 15/01/2019 04:40:17, OTHER_GROUPS, 27.5, 41.7, 35666.6, 11.7, 0, 0, 0, 0, 2084, 26095, 2.5, 536.4, 2359.2
2, 130298, 15/01/2019 05:00:03, OTHER_GROUPS, 26.7, 44.8, 35899.3, 15.4, 0, 0, 0, 0, 1911, 24137, 2.7, 502.4, 2145.9
2, 130299, 15/01/2019 05:20:07, OTHER_GROUPS, 26.3, 38.1, 31226.8, 9.4, 0, 0, 0, 0, 1221, 26154, 2.4, 482.9, 2512.2
2, 130300, 15/01/2019 05:40:03, OTHER_GROUPS, 20.6, 46.6, 13000.8, 24.2, 0, 0, 0, 0, 2662, 20419, 1.8, 66.8, 2410.8
2, 130301, 15/01/2019 06:00:17, OTHER_GROUPS, 23.1, 56.2, 8993.6, 29.9, 0, 0, 0, 0, 774, 19760, 3.2, 50.6, 2769.5
2, 130302, 15/01/2019 06:20:05, OTHER_GROUPS, 22, 54.5, 10099, 30.2, 0, 0, 0, 0, 648, 22511, 2.3, 27.9, 1865.8
2, 130303, 15/01/2019 06:40:22, OTHER_GROUPS, 21.1, 76, 12356.7, 52.4, 0, 0, 0, 0, 659, 20419, 2.5, 41.7, 2320.3
2, 130304, 15/01/2019 07:00:35, OTHER_GROUPS, 27.6, 46.5, 7235.1, 12.1, 0, 0, 2, 64, 635, 24366, 6.8, 1285.6, 2582.8
2, 130305, 15/01/2019 07:20:14, OTHER_GROUPS, 27.5, 76.8, 13796.4, 45.5, 1, 0, 2, 64, 715, 24162, 3.8, 70.8, 2992.4
2, 130306, 15/01/2019 07:40:27, OTHER_GROUPS, 24.8, 66.6, 9203.4, 38.6, 0, 0, 5, 128, 770, 23064, 3.2, 80.7, 2469
2, 130307, 15/01/2019 08:00:05, OTHER_GROUPS, 28.8, 85.8, 12327.6, 52.4, 0, 0, 3, 80, 776, 44100, 4.6, 7674.4, 3840.2
2, 130308, 15/01/2019 08:20:17, OTHER_GROUPS, 27.9, 78.5, 15093.5, 45.6, 0, 0, 1, 64, 727, 73188, 5, 128.3, 5041.9
2, 130309, 15/01/2019 08:40:21, OTHER_GROUPS, 29.8, 72.2, 11092.9, 36.3, 0, 0, 2, 96, 735, 70025, 6.1, 182, 6194.1
2, 130310, 15/01/2019 09:00:40, OTHER_GROUPS, 33.7, 93.1, 11399.9, 51.8, 0, 0, 0, 0, 589, 89538, 7.6, 365.7, 5746.5
2, 130311, 15/01/2019 09:20:06, OTHER_GROUPS, 38.9, 88.2, 12001.4, 41.8, 0, 0, 1, 18, 701, 110567, 7.5, 4589.6, 6426
2, 130312, 15/01/2019 09:40:12, OTHER_GROUPS, 29.9, 84.1, 11912.2, 47.2, 0, 0, 3, 80, 739, 82306, 7, 175.2, 6442.3
2, 130313, 15/01/2019 10:00:01, OTHER_GROUPS, 23.8, 102.8, 11132.5, 72.8, 0, 0, 2, 32, 753, 76958, 6.2, 172.8, 4566.6
2, 130314, 15/01/2019 10:20:14, OTHER_GROUPS, 28.1, 83.9, 11249.7, 48.6, 0, 0, 2, 48, 943, 78682, 7.2, 1032.3, 5920.8
2, 130315, 15/01/2019 10:40:03, OTHER_GROUPS, 28.9, 83.4, 14423.5, 48.4, 0, 0, 4, 64, 859, 81280, 6.1, 206.1, 5965.3
3, 130283, 15/01/2019 00:00:11, ADW_UNLOAD_GROUP, 0, 0, 0, 0, 0, 0, 0, 0, 41, 0, 0, 0, 0
3, 130284, 15/01/2019 00:20:09, ADW_UNLOAD_GROUP, 0, 0, 0, 0, 0, 0, 0, 0, 49, 1, 0, 0, 0
3, 130285, 15/01/2019 00:40:25, ADW_UNLOAD_GROUP, 0, 0, 0, 0, 0, 0, 0, 0, 42, 2, 0, 0, 0
3, 130286, 15/01/2019 01:00:12, ADW_UNLOAD_GROUP, 0, 0, 0, 0, 0, 0, 0, 0, 41, 0, 0, 0, 0
3, 130287, 15/01/2019 01:20:12, ADW_UNLOAD_GROUP, 0, 0, 0, 0, 0, 0, 0, 0, 49, 0, 0, 0, 0
3, 130288, 15/01/2019 01:40:36, ADW_UNLOAD_GROUP, 0, 0, 0, 0, 0, 0, 0, 0, 39, 0, 0, 0, 0
3, 130290, 15/01/2019 02:20:03, ADW_UNLOAD_GROUP, 0, 0, 0, 0, 0, 0, 0, 0, 44, 0, 0, 0, 0
3, 130301, 15/01/2019 06:00:18, ADW_UNLOAD_GROUP, 0, 0, 0, 0, 0, 0, 0, 0, 44, 0, 0, 0, 0
3, 130302, 15/01/2019 06:20:05, ADW_UNLOAD_GROUP, 0, 0, 0, 0, 0, 0, 0, 0, 49, 1, 0, 0, 0
3, 130303, 15/01/2019 06:40:22, ADW_UNLOAD_GROUP, 0, 0, 0, 0, 0, 0, 0, 0, 44, 4, 0, 0, 0
3, 130305, 15/01/2019 07:20:14, ADW_UNLOAD_GROUP, 0, 0, 0, 0, 0, 0, 0, 0, 48, 7, 0, 0, 0
3, 130306, 15/01/2019 07:40:27, ADW_UNLOAD_GROUP, 0, 0, 0, 0, 0, 0, 0, 0, 39, 3, 0, 0, 0
3, 130307, 15/01/2019 08:00:05, ADW_UNLOAD_GROUP, 0, 0, 0, 0, 0, 0, 0, 0, 49, 3, 0, 0, 0
3, 130309, 15/01/2019 08:40:20, ADW_UNLOAD_GROUP, 0, 0, 0, 0, 0, 0, 0, 0, 44, 9, 0, 0, 0
3, 130312, 15/01/2019 09:40:12, ADW_UNLOAD_GROUP, 0, 0, 0, 0, 0, 0, 0, 0, 48, 2, 0, 0, 0
3, 130313, 15/01/2019 10:00:01, ADW_UNLOAD_GROUP, 0, 0, 0, 0, 0, 0, 0, 0, 44, 2, 0, 0, 0
3, 130315, 15/01/2019 10:40:03, ADW_UNLOAD_GROUP, 0, 0, 0, 0, 0, 0, 0, 0, 44, 0, 0, 0, 0
3, 130283, 15/01/2019 00:00:11, DM_TECH_GROUP, 4.3, 7.6, 12326.4, 2.8, 0, 0, 81, 1168, 1633, 330, 0.5, 343.8, 676
3, 130284, 15/01/2019 00:20:09, DM_TECH_GROUP, 6.5, 13, 22184.8, 5.4, 0, 0, 72, 1024, 1599, 1457, 1.1, 440.9, 1971.2
3, 130285, 15/01/2019 00:40:25, DM_TECH_GROUP, 9.3, 18.2, 26786.5, 6.9, 0, 0, 95, 1392, 1806, 2656, 2, 439, 4642.4
3, 130286, 15/01/2019 01:00:12, DM_TECH_GROUP, 10.1, 22.5, 29782.1, 10.1, 31, 0.2, 485, 6932, 7234, 2590, 2.3, 1355.2, 5206.6
3, 130287, 15/01/2019 01:20:12, DM_TECH_GROUP, 6.4, 22, 23534.9, 13.1, 0, 0, 98, 1352, 1505, 1249, 2.5, 436.6, 6050.2
3, 130288, 15/01/2019 01:40:36, DM_TECH_GROUP, 4.5, 23.8, 20811.9, 17.4, 0, 0, 16, 198, 165, 896, 1.9, 379.1, 7982.4
3, 130289, 15/01/2019 02:00:06, DM_TECH_GROUP, 3.9, 20.4, 17227.1, 14, 0, 0, 7, 96, 136, 690, 2.5, 459.5, 7980.7
3, 130290, 15/01/2019 02:20:03, DM_TECH_GROUP, 2.9, 16.4, 10851.8, 11.9, 0, 0, 48, 664, 640, 454, 1.6, 393.4, 7009.2
3, 130291, 15/01/2019 02:40:15, DM_TECH_GROUP, 2.7, 11.8, 37580.2, 8, 0, 0, 15, 230, 236, 200, 1.1, 124.2, 5060.6
3, 130292, 15/01/2019 03:00:21, DM_TECH_GROUP, 6.1, 14.2, 12036.3, 6.4, 0, 0, 745, 10568, 10555, 950, 1.7, 1830.5, 5415.1
3, 130293, 15/01/2019 03:20:08, DM_TECH_GROUP, 5.4, 8.3, 7893.7, 2.1, 0, 0, 33, 528, 528, 310, 0.8, 297.7, 4870.2
3, 130294, 15/01/2019 03:40:30, DM_TECH_GROUP, 1.6, 3.5, 3973.2, 1.4, 0, 0, 110, 1576, 1681, 180, 0.5, 699.5, 3048.7
3, 130295, 15/01/2019 04:00:11, DM_TECH_GROUP, 2.5, 11.1, 3576.9, 2.7, 0, 0, 482, 6936, 6848, 440, 5.9, 1473.7, 4252.5
3, 130296, 15/01/2019 04:20:10, DM_TECH_GROUP, 1.8, 4.7, 3286.2, 1.3, 0, 0, 303, 4256, 4232, 192, 1.6, 662.6, 4354.9
3, 130297, 15/01/2019 04:40:17, DM_TECH_GROUP, 1.5, 3.7, 5151.2, 1.4, 0, 0, 13, 184, 155, 146, 0.8, 25.9, 1286.4
3, 130298, 15/01/2019 05:00:01, DM_TECH_GROUP, 1.6, 6.2, 836.3, 3, 0, 0, 2, 24, 47, 291, 1.6, 94.1, 3462.9
3, 130299, 15/01/2019 05:20:07, DM_TECH_GROUP, 1.9, 6.5, 962.2, 2.9, 0, 0, 1, 8, 61, 290, 1.7, 81.4, 4473.5
3, 130300, 15/01/2019 05:40:03, DM_TECH_GROUP, 1.6, 6.3, 2825.4, 3.3, 0, 0, 9, 120, 249, 243, 1.4, 171.9, 3153
3, 130301, 15/01/2019 06:00:18, DM_TECH_GROUP, 2.2, 7.3, 1100.2, 3.8, 0, 0, 162, 2272, 2307, 328, 1.3, 774.9, 2807.3
3, 130302, 15/01/2019 06:20:05, DM_TECH_GROUP, 1.3, 5.4, 959.3, 3.3, 0, 0, 2, 16, 49, 203, 0.8, 29.7, 867.2
3, 130303, 15/01/2019 06:40:22, DM_TECH_GROUP, 1.1, 5.7, 1113.7, 3.8, 0, 0, 10, 144, 112, 229, 0.8, 22.8, 941.8
3, 130304, 15/01/2019 07:00:35, DM_TECH_GROUP, 0.9, 2.4, 675.3, 0.6, 0, 0, 1, 4, 33, 77, 0.9, 16.1, 941
3, 130305, 15/01/2019 07:20:14, DM_TECH_GROUP, 8.6, 19.8, 7672.6, 7.7, 0, 0, 14, 164, 421, 4225, 3.5, 677.4, 5941.2
3, 130306, 15/01/2019 07:40:27, DM_TECH_GROUP, 4.3, 10.8, 3223.4, 2.4, 0, 0, 10, 96, 86, 1659, 4.1, 267.6, 8555.5
3, 130307, 15/01/2019 08:00:05, DM_TECH_GROUP, 11.7, 18.7, 12497.9, 4.1, 0, 0, 53, 672, 2830, 5913, 2.9, 299.1, 4790.7
3, 130308, 15/01/2019 08:20:14, DM_TECH_GROUP, 10.9, 12.8, 7626.6, 1.2, 0, 0, 9, 72, 71, 3978, 0.7, 411.9, 740.9
3, 130309, 15/01/2019 08:40:20, DM_TECH_GROUP, 9.3, 14.9, 9324.7, 4.1, 0, 0, 3, 28, 52, 4923, 1.5, 257.7, 2029.9
3, 130310, 15/01/2019 09:00:41, DM_TECH_GROUP, 8.3, 12.2, 9760, 2.5, 0, 0, 2, 32, 42, 4330, 1.4, 109.1, 1721.8
3, 130311, 15/01/2019 09:20:06, DM_TECH_GROUP, 8.5, 12.6, 2023.4, 3.2, 0, 0, 0, 0, 18, 2883, 0.9, 120.9, 1109.2
3, 130312, 15/01/2019 09:40:12, DM_TECH_GROUP, 7.4, 11.9, 1099.1, 3.2, 0, 0, 1, 16, 2, 1966, 1.3, 157.6, 1846.9
3, 130313, 15/01/2019 10:00:01, DM_TECH_GROUP, 5.8, 12.5, 633.4, 5.5, 0, 0, 95, 1400, 1438, 1804, 1.2, 179.7, 1722.7
3, 130314, 15/01/2019 10:20:14, DM_TECH_GROUP, 5.7, 10.4, 535, 3.3, 0, 0, 99, 1360, 1338, 1504, 1.4, 36.3, 2693
3, 130315, 15/01/2019 10:40:03, DM_TECH_GROUP, 5.3, 10.7, 533.2, 4.1, 0, 0, 0, 0, 0, 1065, 1.3, 48.8, 3513.1
3, 130290, 15/01/2019 02:20:03, ODS_SUPPORT_GROUP, 0, 0, 3.9, 0, 0, 0, 0, 0, 11, 0, 0, 11.9, 0.5
3, 130291, 15/01/2019 02:40:15, ODS_SUPPORT_GROUP, 0.4, 0.8, 89.8, 0.4, 0, 0, 0, 0, 6, 34, 0, 3456.9, 216
3, 130292, 15/01/2019 03:00:21, ODS_SUPPORT_GROUP, 0.4, 0.8, 95.4, 0.3, 0, 0, 0, 0, 6, 51, 0.1, 1845.6, 322.6
3, 130293, 15/01/2019 03:20:08, ODS_SUPPORT_GROUP, 0.3, 0.7, 92.3, 0.3, 0, 0, 0, 0, 6, 25, 0.1, 15.5, 801.2
3, 130294, 15/01/2019 03:40:30, ODS_SUPPORT_GROUP, 0.3, 0.5, 61.4, 0.1, 0, 0, 1, 2, 5, 21, 0.1, 790.5, 620.9
3, 130313, 15/01/2019 10:00:01, ODS_SUPPORT_GROUP, 0, 0, 0, 0, 0, 0, 0, 0, 6, 0, 0, 0, 0
3, 130315, 15/01/2019 10:40:03, ODS_SUPPORT_GROUP, 0.1, 0.2, 2.4, 0.1, 0, 0, 0, 0, 9, 17, 0, 0, 3.9
3, 130283, 15/01/2019 00:00:11, OTHER_GROUPS, 10.2, 45.1, 22687.1, 29.1, 0, 0, 78, 536, 1925, 10496, 5.8, 7959.7, 6943
3, 130284, 15/01/2019 00:20:09, OTHER_GROUPS, 22.9, 67.5, 27928.4, 35.6, 0, 0, 679, 4180, 7599, 23001, 9, 18736.3, 6576
3, 130285, 15/01/2019 00:40:25, OTHER_GROUPS, 22.9, 46, 24981.7, 16.6, 0, 0, 658, 4932, 6492, 27980, 6.5, 7062.8, 6363.6
3, 130286, 15/01/2019 01:00:12, OTHER_GROUPS, 12.2, 49, 31663.7, 29.9, 0, 0, 138, 1164, 2487, 17653, 6.9, 3942.6, 5597.5
3, 130287, 15/01/2019 01:20:12, OTHER_GROUPS, 14.6, 47, 29674.7, 25.3, 0, 0, 18, 202, 1262, 19409, 7.1, 1475.7, 9202.9
3, 130288, 15/01/2019 01:40:36, OTHER_GROUPS, 12.8, 39.1, 25017.9, 21.3, 0, 0, 90, 728, 2095, 13896, 5, 5909.9, 8298
3, 130289, 15/01/2019 02:00:06, OTHER_GROUPS, 9.9, 52.8, 28376.5, 35.6, 0, 0, 120, 656, 2159, 29333, 7.3, 5638.7, 3390.1
3, 130290, 15/01/2019 02:20:03, OTHER_GROUPS, 9.6, 42.4, 31973.4, 26.2, 0, 0, 26, 382, 2086, 23045, 6.6, 5410.4, 7412.9
3, 130291, 15/01/2019 02:40:15, OTHER_GROUPS, 10, 45.7, 30735.8, 27.9, 0, 0, 23, 308, 2207, 13572, 7.8, 2658.4, 7108.7
3, 130292, 15/01/2019 03:00:21, OTHER_GROUPS, 9.5, 45.2, 28269.2, 26, 0, 0, 97, 632, 1934, 9355, 9.7, 4223.6, 6838.7
3, 130293, 15/01/2019 03:20:08, OTHER_GROUPS, 9.6, 38.1, 33014.2, 17.7, 0, 0, 81, 620, 1280, 12818, 10.8, 4956.9, 9489.2
3, 130294, 15/01/2019 03:40:30, OTHER_GROUPS, 9.9, 42.9, 26097.6, 21.4, 0, 0, 116, 720, 1483, 12028, 11.6, 4890.6, 10219.6
3, 130295, 15/01/2019 04:00:11, OTHER_GROUPS, 9.6, 43, 22846, 20.2, 0, 0, 133, 572, 2349, 14838, 13.2, 1882.2, 5378.6
3, 130296, 15/01/2019 04:20:10, OTHER_GROUPS, 27.1, 67.3, 67101.6, 28.9, 0, 0, 433, 2056, 4292, 24717, 11.3, 6796, 6798.2
3, 130297, 15/01/2019 04:40:17, OTHER_GROUPS, 42.7, 72, 49766, 22.6, 0, 0, 405, 1988, 3974, 37616, 6.7, 7185, 5876.9
3, 130298, 15/01/2019 05:00:01, OTHER_GROUPS, 26.8, 54.6, 46698.4, 19.7, 0, 0, 70, 420, 2515, 19442, 8.1, 2920, 10669.7
3, 130299, 15/01/2019 05:20:07, OTHER_GROUPS, 22.2, 42.7, 27786.3, 13, 0, 0, 78, 340, 1258, 15671, 7.5, 1960.6, 10711.7
3, 130300, 15/01/2019 05:40:03, OTHER_GROUPS, 16.7, 39.6, 18463.5, 17.4, 0, 0, 70, 292, 3031, 8921, 5.5, 1082, 11036.6
3, 130301, 15/01/2019 06:00:18, OTHER_GROUPS, 10.1, 38.3, 20539.5, 22.2, 0, 0, 185, 754, 1260, 12097, 6, 1791.4, 6211.5
3, 130302, 15/01/2019 06:20:05, OTHER_GROUPS, 8.8, 34.8, 25711.8, 21, 0, 0, 28, 212, 1004, 5860, 5, 1133.7, 6292.5
3, 130303, 15/01/2019 06:40:22, OTHER_GROUPS, 7.4, 47.4, 35209.4, 33.5, 0, 0, 2, 12, 799, 9698, 6.5, 486.9, 5081.2
3, 130304, 15/01/2019 07:00:35, OTHER_GROUPS, 9.1, 18.2, 15162.5, 2.6, 0, 0, 2, 0, 589, 6048, 6.5, 522.9, 7689.1
3, 130305, 15/01/2019 07:20:14, OTHER_GROUPS, 7.8, 27, 17595.7, 14.1, 0, 0, 6, 56, 707, 3598, 5.1, 279.9, 7579
3, 130306, 15/01/2019 07:40:27, OTHER_GROUPS, 7.7, 27.9, 16096.4, 15.1, 0, 0, 22, 192, 1018, 5087, 5.1, 1614.8, 7353.2
3, 130307, 15/01/2019 08:00:05, OTHER_GROUPS, 8.9, 35.5, 19312, 22, 0, 0, 24, 360, 1053, 11020, 4.6, 6520.7, 4131.9
3, 130308, 15/01/2019 08:20:14, OTHER_GROUPS, 7.2, 29.5, 21099.1, 17, 0, 0, 24, 314, 1076, 3117, 5.3, 2740.7, 6374.7
3, 130309, 15/01/2019 08:40:20, OTHER_GROUPS, 8.7, 36.6, 19880.7, 19.4, 0, 0, 218, 960, 1852, 8507, 8.5, 2501.9, 6717.7
3, 130310, 15/01/2019 09:00:41, OTHER_GROUPS, 9.2, 42.6, 23137.5, 21.4, 0, 0, 120, 576, 1430, 11555, 12, 3137.5, 6820.1
3, 130311, 15/01/2019 09:20:06, OTHER_GROUPS, 8.8, 53, 23669.8, 29, 0, 0, 115, 524, 1581, 23135, 15.2, 3135.7, 4145.3
3, 130312, 15/01/2019 09:40:12, OTHER_GROUPS, 9.1, 66, 26192.2, 41.7, 0, 0, 107, 518, 1525, 34037, 15.2, 2803.8, 2842.1
3, 130313, 15/01/2019 10:00:01, OTHER_GROUPS, 9.5, 71.4, 25043.8, 50.7, 0, 0, 128, 556, 1360, 47574, 11.2, 2840.9, 2206.2
3, 130314, 15/01/2019 10:20:14, OTHER_GROUPS, 9, 61.2, 22751.3, 38.3, 0, 0, 28, 198, 1499, 26196, 13.9, 3312.4, 3940.8
3, 130315, 15/01/2019 10:40:03, OTHER_GROUPS, 9.7, 70, 27961.7, 42.4, 0, 0, 82, 528, 1449, 22849, 17.9, 2276.9, 6145
3, 130283, 15/01/2019 00:00:11, SZB_SANDBOX_GROUP, 12.1, 14.3, 10845.9, 1.9, 0, 0, 9, 512, 1213, 2495, 0.3, 2463.6, 381.6
3, 130284, 15/01/2019 00:20:09, SZB_SANDBOX_GROUP, 5.9, 7.2, 2445.7, 0.5, 0, 0, 25, 799, 1172, 859, 0.8, 488.3, 693.2
3, 130285, 15/01/2019 00:40:25, SZB_SANDBOX_GROUP, 5, 5.6, 556.8, 0, 0, 0, 6, 271, 1178, 886, 0.6, 124.4, 1152.7
3, 130286, 15/01/2019 01:00:12, SZB_SANDBOX_GROUP, 4.2, 6, 375.9, 1.5, 0, 0, 16, 943, 1594, 808, 0.3, 2681.8, 555.6
3, 130287, 15/01/2019 01:20:12, SZB_SANDBOX_GROUP, 1.3, 1.6, 168, 0.1, 0, 0, 13, 800, 758, 125, 0.2, 92.3, 316.3
3, 130288, 15/01/2019 01:40:36, SZB_SANDBOX_GROUP, 1.2, 1.7, 113.3, 0.3, 0, 0, 5, 177, 205, 116, 0.2, 112.2, 314.2
3, 130289, 15/01/2019 02:00:06, SZB_SANDBOX_GROUP, 7.9, 15.2, 2008.9, 6.2, 0, 0, 31, 1371, 3551, 1882, 1.1, 4378.7, 2319.9
3, 130290, 15/01/2019 02:20:03, SZB_SANDBOX_GROUP, 3.3, 4, 581.8, 0.4, 0, 0, 11, 484, 1007, 596, 0.3, 295.7, 793.8
3, 130291, 15/01/2019 02:40:15, SZB_SANDBOX_GROUP, 1.3, 3.6, 479.9, 2.1, 0, 0, 3, 111, 617, 140, 0.2, 70.3, 846.3
3, 130292, 15/01/2019 03:00:21, SZB_SANDBOX_GROUP, 4.9, 6.3, 772, 0.9, 0, 0, 2, 79, 1972, 1773, 0.5, 2314.1, 878.2
3, 130293, 15/01/2019 03:20:08, SZB_SANDBOX_GROUP, 1.2, 1.7, 1509.4, 0.3, 0, 0, 3, 111, 204, 108, 0.2, 60.5, 569.5
3, 130294, 15/01/2019 03:40:30, SZB_SANDBOX_GROUP, 10.5, 26.7, 3774.8, 15.5, 0, 0, 1, 32, 4307, 5327, 0.7, 6779.5, 672.2
3, 130295, 15/01/2019 04:00:11, SZB_SANDBOX_GROUP, 11.3, 69.6, 10078.4, 53.3, 0, 0, 3, 111, 1632, 3899, 5, 18493, 2473.6
3, 130296, 15/01/2019 04:20:10, SZB_SANDBOX_GROUP, 5.3, 11.2, 2332, 4.8, 0, 0, 4, 175, 3165, 1085, 1.1, 4523.9, 2668.6
3, 130297, 15/01/2019 04:40:17, SZB_SANDBOX_GROUP, 3.8, 5.7, 1254.3, 1.2, 0, 0, 3, 111, 2814, 973, 0.7, 337.8, 975
3, 130298, 15/01/2019 05:00:01, SZB_SANDBOX_GROUP, 7.6, 12.2, 2357.4, 3.1, 0, 0, 3, 51, 1937, 3018, 1.5, 1904.4, 2456.5
3, 130299, 15/01/2019 05:20:07, SZB_SANDBOX_GROUP, 7.8, 9.6, 5821.6, 1.1, 0, 0, 5, 207, 1004, 1402, 0.7, 213.5, 1453.3
3, 130300, 15/01/2019 05:40:03, SZB_SANDBOX_GROUP, 4.7, 6.1, 3767.6, 1.2, 0, 0, 2, 47, 879, 897, 0.2, 246.8, 363.5
3, 130301, 15/01/2019 06:00:18, SZB_SANDBOX_GROUP, 10.1, 13.9, 9558.4, 2.4, 0, 0, 4, 224, 3175, 4028, 1.4, 2302, 3314.6
3, 130302, 15/01/2019 06:20:05, SZB_SANDBOX_GROUP, 31.2, 40.1, 30849.8, 8.2, 0, 0, 15, 783, 1003, 37574, 0.7, 1936.6, 1556.2
3, 130303, 15/01/2019 06:40:22, SZB_SANDBOX_GROUP, 43.4, 98.9, 27009.7, 54.9, 0, 0, 2, 79, 362, 69257, 0.6, 2992.2, 1028.9
3, 130304, 15/01/2019 07:00:35, SZB_SANDBOX_GROUP, 50.5, 65.2, 29800.8, 0, 0, 0, 2, 64, 871, 101739, 14.7, 8609.2, 8259.4
3, 130305, 15/01/2019 07:20:14, SZB_SANDBOX_GROUP, 50.4, 79.3, 35953.5, 21, 0, 0, 3, 143, 877, 123259, 7.9, 1485.7, 5304.3
3, 130306, 15/01/2019 07:40:27, SZB_SANDBOX_GROUP, 45.1, 62.1, 30487.6, 14.4, 0, 0, 2, 96, 334, 69824, 2.6, 1223.1, 4082
3, 130307, 15/01/2019 08:00:05, SZB_SANDBOX_GROUP, 41.6, 54.4, 15082.3, 8.9, 0, 0, 4, 119, 1611, 46867, 3.9, 625.8, 5398.8
3, 130308, 15/01/2019 08:20:14, SZB_SANDBOX_GROUP, 38.3, 44, 9530.9, 5.2, 0, 0, 6, 239, 354, 40255, 0.5, 1158.5, 833.1
3, 130309, 15/01/2019 08:40:20, SZB_SANDBOX_GROUP, 41.3, 51.9, 18858.2, 10, 0, 0, 3, 111, 1547, 50664, 0.6, 486.3, 711.9
3, 130310, 15/01/2019 09:00:41, SZB_SANDBOX_GROUP, 49, 73.9, 41143.4, 23.6, 0, 0, 8, 280, 666, 106482, 1.3, 4959.9, 547
3, 130311, 15/01/2019 09:20:06, SZB_SANDBOX_GROUP, 39.5, 42.7, 18607.6, 2.1, 0, 0, 7, 335, 471, 33816, 1.1, 497.7, 609
3, 130312, 15/01/2019 09:40:12, SZB_SANDBOX_GROUP, 35.8, 40.6, 6146.7, 4.3, 0, 0, 13, 287, 571, 25569, 0.5, 455.2, 482.8
3, 130313, 15/01/2019 10:00:01, SZB_SANDBOX_GROUP, 44, 58, 22843.1, 12.8, 0, 0, 14, 408, 635, 57197, 1.2, 968.3, 579.7
3, 130314, 15/01/2019 10:20:14, SZB_SANDBOX_GROUP, 23.6, 25.7, 2547.3, 1.6, 0, 0, 29, 887, 1704, 16438, 0.5, 232.6, 544.2
3, 130315, 15/01/2019 10:40:03, SZB_SANDBOX_GROUP, 4.8, 7.6, 2156.9, 2, 0, 0, 23, 952, 1207, 1574, 0.8, 747.3, 1230.3
4, 130283, 15/01/2019 00:00:12, ADW_UNLOAD_GROUP, 0, 0, 0, 0, 0, 0, 0, 0, 43, 0, 0, 0, 0
4, 130284, 15/01/2019 00:20:07, ADW_UNLOAD_GROUP, 0, 0, 0, 0, 0, 0, 0, 0, 49, 0, 0, 0, 0
4, 130286, 15/01/2019 01:00:13, ADW_UNLOAD_GROUP, 0, 0, 0, 0, 0, 0, 0, 0, 42, 1, 0, 0, 0
4, 130287, 15/01/2019 01:20:09, ADW_UNLOAD_GROUP, 0, 0, 0, 0, 0, 0, 0, 0, 49, 0, 0, 0, 0
4, 130288, 15/01/2019 01:40:36, ADW_UNLOAD_GROUP, 0, 0, 0, 0, 0, 0, 0, 0, 39, 0, 0, 0, 0
4, 130290, 15/01/2019 02:20:03, ADW_UNLOAD_GROUP, 0, 0, 0, 0, 0, 0, 0, 0, 44, 0, 0, 0, 0
4, 130293, 15/01/2019 03:20:08, ADW_UNLOAD_GROUP, 0, 0, 0, 0, 0, 0, 0, 0, 49, 0, 0, 0, 0
4, 130294, 15/01/2019 03:40:30, ADW_UNLOAD_GROUP, 0, 0, 0, 0, 0, 0, 0, 0, 39, 0, 0, 0, 0
4, 130296, 15/01/2019 04:20:10, ADW_UNLOAD_GROUP, 0, 0, 0, 0, 0, 0, 0, 0, 49, 1, 0, 0, 0
4, 130297, 15/01/2019 04:40:17, ADW_UNLOAD_GROUP, 0, 0, 0, 0, 0, 0, 0, 0, 39, 0, 0, 0, 0
4, 130302, 15/01/2019 06:20:05, ADW_UNLOAD_GROUP, 0, 0, 0, 0, 0, 0, 0, 0, 49, 2, 0, 0, 0
4, 130303, 15/01/2019 06:40:22, ADW_UNLOAD_GROUP, 0, 0, 0, 0, 0, 0, 0, 0, 44, 3, 0, 0, 0
4, 130304, 15/01/2019 07:00:35, ADW_UNLOAD_GROUP, 0, 0, 0, 0, 0, 0, 0, 0, 44, 0, 0, 0, 0
4, 130305, 15/01/2019 07:20:13, ADW_UNLOAD_GROUP, 0, 0, 0, 0, 0, 0, 0, 0, 44, 2, 0, 0, 0
4, 130306, 15/01/2019 07:40:28, ADW_UNLOAD_GROUP, 0, 0, 0, 0, 0, 0, 0, 0, 39, 6, 0, 0, 0
4, 130307, 15/01/2019 08:00:04, ADW_UNLOAD_GROUP, 0, 0, 0, 0, 0, 0, 0, 0, 49, 1, 0, 0, 0
4, 130308, 15/01/2019 08:20:17, ADW_UNLOAD_GROUP, 0, 0, 0, 0, 0, 0, 0, 0, 44, 1, 0, 0, 0
4, 130309, 15/01/2019 08:40:15, ADW_UNLOAD_GROUP, 0, 0, 0, 0, 0, 0, 0, 0, 44, 7, 0, 0, 0
4, 130311, 15/01/2019 09:20:06, ADW_UNLOAD_GROUP, 0, 0, 0, 0, 0, 0, 0, 0, 44, 1, 0, 0, 0
4, 130312, 15/01/2019 09:40:12, ADW_UNLOAD_GROUP, 0, 0, 0, 0, 0, 0, 0, 0, 49, 1, 0, 0, 0
4, 130313, 15/01/2019 10:00:01, ADW_UNLOAD_GROUP, 0, 0, 0, 0, 0, 0, 0, 0, 39, 1, 0, 0, 0
4, 130283, 15/01/2019 00:00:12, DM_TECH_GROUP, 6.6, 13, 3419.8, 5.6, 0, 0, 817, 11680, 11923, 1924, 0.8, 1804.6, 4449.3
4, 130284, 15/01/2019 00:20:07, DM_TECH_GROUP, 7.2, 15.9, 6507.9, 6.5, 0, 0, 41, 600, 860, 2630, 2.2, 829.7, 7821.1
4, 130285, 15/01/2019 00:40:25, DM_TECH_GROUP, 9.4, 19.4, 12092.1, 7.7, 0, 0, 104, 1466, 1678, 3416, 2.3, 763.7, 6274.7
4, 130286, 15/01/2019 01:00:13, DM_TECH_GROUP, 8.2, 24.1, 18646.1, 13.5, 11, 0, 387, 5600, 5809, 3063, 2.4, 1077.4, 5747.9
4, 130287, 15/01/2019 01:20:09, DM_TECH_GROUP, 10.4, 27.1, 24266.7, 13.1, 0, 0, 90, 1344, 1627, 4399, 3.6, 582.2, 7576.4
4, 130288, 15/01/2019 01:40:36, DM_TECH_GROUP, 7, 21.8, 18153, 12.9, 0, 0, 50, 720, 877, 2353, 1.9, 421.5, 6938.6
4, 130289, 15/01/2019 02:00:06, DM_TECH_GROUP, 4.4, 15.8, 10628.3, 9.6, 0, 0, 28, 394, 532, 1007, 1.8, 233.1, 5251.3
4, 130290, 15/01/2019 02:20:03, DM_TECH_GROUP, 6.3, 15.4, 15548.7, 7.9, 0, 0, 34, 488, 626, 1689, 1.2, 169.4, 3003.4
4, 130291, 15/01/2019 02:40:15, DM_TECH_GROUP, 4.3, 9.7, 13299.3, 4.8, 0, 0, 59, 848, 1067, 840, 0.6, 233.4, 2078.8
4, 130292, 15/01/2019 03:00:22, DM_TECH_GROUP, 5.4, 13.8, 9359, 6.7, 0, 0, 43, 605, 812, 1012, 1.7, 329.8, 5353.7
4, 130293, 15/01/2019 03:20:08, DM_TECH_GROUP, 8, 13.5, 20960.1, 3.2, 0, 0, 46, 640, 823, 1405, 2.3, 476.3, 11595.8
4, 130294, 15/01/2019 03:40:30, DM_TECH_GROUP, 4.9, 10.1, 6684.1, 3.3, 0, 0, 41, 584, 759, 683, 1.9, 371.3, 4677.2
4, 130295, 15/01/2019 04:00:11, DM_TECH_GROUP, 3.2, 10.6, 2363.3, 3.5, 0, 0, 33, 470, 590, 690, 3.9, 141.4, 3063.7
4, 130296, 15/01/2019 04:20:10, DM_TECH_GROUP, 6.5, 11.8, 3738.3, 1.8, 0, 0, 33, 480, 629, 2057, 3.5, 309.3, 7550.3
4, 130297, 15/01/2019 04:40:17, DM_TECH_GROUP, 5.3, 10.8, 5788.4, 3.6, 0, 0, 45, 664, 957, 1009, 1.9, 244.3, 4893.1
4, 130298, 15/01/2019 05:00:01, DM_TECH_GROUP, 6.4, 12.5, 1950.6, 2.8, 1, 0, 788, 11208, 11249, 1258, 3.3, 2126.8, 6828.9
4, 130299, 15/01/2019 05:20:07, DM_TECH_GROUP, 4.1, 7.4, 799.7, 2.4, 0, 0, 92, 1304, 1589, 759, 0.9, 523.1, 3377.4
4, 130300, 15/01/2019 05:40:03, DM_TECH_GROUP, 4.8, 8.5, 3044.1, 3.3, 0, 0, 151, 2224, 2692, 827, 0.4, 305.1, 1179.9
4, 130301, 15/01/2019 06:00:18, DM_TECH_GROUP, 4.7, 8.6, 735.2, 2.2, 0, 0, 500, 7164, 7181, 1021, 1.7, 1165.4, 4465.1
4, 130302, 15/01/2019 06:20:05, DM_TECH_GROUP, 1.9, 4.5, 3315.9, 1.8, 0, 0, 202, 2880, 3026, 458, 0.8, 434.8, 3822.8
4, 130303, 15/01/2019 06:40:22, DM_TECH_GROUP, 1, 7.6, 242.8, 6.3, 0, 0, 30, 432, 667, 284, 0.3, 19.8, 722.7
4, 130304, 15/01/2019 07:00:35, DM_TECH_GROUP, 3.8, 5.8, 328.3, 0, 1, 0, 740, 10536, 10632, 1298, 2, 1406.1, 2872.9
4, 130305, 15/01/2019 07:20:13, DM_TECH_GROUP, 7.3, 16.4, 5887.6, 7.5, 1, 0, 91, 1250, 1635, 3015, 1.6, 939.1, 3107.9
4, 130306, 15/01/2019 07:40:28, DM_TECH_GROUP, 4.4, 14.2, 7547.9, 8.2, 0, 0, 63, 928, 1040, 3025, 1.6, 146.7, 2808.3
4, 130307, 15/01/2019 08:00:04, DM_TECH_GROUP, 2.9, 12.1, 6814.4, 7.4, 0, 0, 3, 40, 40, 636, 1.8, 163.1, 3363.9
4, 130308, 15/01/2019 08:20:17, DM_TECH_GROUP, 4.9, 11.7, 20938.9, 2.5, 0, 0, 0, 0, 0, 1246, 4.3, 224.3, 9015.1
4, 130309, 15/01/2019 08:40:15, DM_TECH_GROUP, 4.1, 8.6, 12604.9, 2.9, 0, 0, 11, 184, 150, 1028, 1.6, 458.6, 3318.5
4, 130310, 15/01/2019 09:00:40, DM_TECH_GROUP, 3.6, 8.5, 4513.6, 3.1, 0, 0, 5, 64, 86, 789, 1.8, 375.1, 3497.6
4, 130311, 15/01/2019 09:20:06, DM_TECH_GROUP, 3.6, 6.6, 9414, 0.9, 0, 0, 48, 672, 648, 709, 2.1, 300.9, 4404.9
4, 130312, 15/01/2019 09:40:12, DM_TECH_GROUP, 1.6, 3.4, 7619.5, 1.7, 0, 0, 14, 200, 225, 223, 0.1, 32.1, 103.7
4, 130313, 15/01/2019 10:00:01, DM_TECH_GROUP, 3.3, 10.5, 1800.2, 5.5, 1, 0, 195, 2880, 2936, 753, 1.7, 1304.7, 2685.5
4, 130314, 15/01/2019 10:20:14, DM_TECH_GROUP, 1.6, 4.6, 867.1, 2.4, 0, 0, 371, 5168, 5116, 309, 0.6, 311, 1048.6
4, 130315, 15/01/2019 10:40:03, DM_TECH_GROUP, 1.3, 4.5, 933.7, 2.9, 0, 0, 5, 80, 80, 140, 0.3, 307.9, 1691.1
4, 130286, 15/01/2019 01:00:13, ODS_SUPPORT_GROUP, 0, 0, None, 0, 0, 0, 0, 0, 6, 0, 0, 0, 0
4, 130291, 15/01/2019 02:40:15, ODS_SUPPORT_GROUP, 0, 0, 0, 0, 0, 0, 0, 0, 6, 0, 0, 0, 0
4, 130295, 15/01/2019 04:00:11, ODS_SUPPORT_GROUP, 0, 0, 0, 0, 0, 0, 0, 0, 6, 0, 0, 0, 0
4, 130312, 15/01/2019 09:40:12, ODS_SUPPORT_GROUP, 0, 0, 0, 0, 0, 0, 0, 0, 6, 0, 0, 0, 0
4, 130283, 15/01/2019 00:00:12, OTHER_GROUPS, 4.8, 24.2, 6578.7, 16.7, 0, 0, 36, 244, 1387, 750, 2.7, 5642.2, 4281.4
4, 130284, 15/01/2019 00:20:07, OTHER_GROUPS, 13.7, 40, 8066.7, 21.8, 0, 0, 467, 2728, 16953, 5475, 4.5, 18054.4, 4763.2
4, 130285, 15/01/2019 00:40:25, OTHER_GROUPS, 21.3, 34.3, 7969, 10.6, 0, 0, 391, 2862, 4179, 13349, 2.4, 2586.7, 3807.6
4, 130286, 15/01/2019 01:00:13, OTHER_GROUPS, 14.9, 29.7, 7325.4, 12.1, 0, 0, 108, 912, 2190, 4047, 2.7, 2615.1, 5853.1
4, 130287, 15/01/2019 01:20:09, OTHER_GROUPS, 14.7, 28.7, 8234.7, 11.5, 0, 0, 132, 804, 2036, 4241, 2.5, 4977.2, 3739.2
4, 130288, 15/01/2019 01:40:36, OTHER_GROUPS, 9.6, 23.8, 11869.3, 12.2, 0, 0, 63, 274, 1497, 8070, 2, 6927.7, 3561
4, 130289, 15/01/2019 02:00:06, OTHER_GROUPS, 9, 26.7, 15444.6, 14.5, 0, 0, 15, 108, 1410, 5953, 3.2, 2627, 3220.9
4, 130290, 15/01/2019 02:20:03, OTHER_GROUPS, 8.2, 24.4, 13009, 13.6, 0, 0, 5, 24, 1304, 3190, 2.6, 534.5, 2485.9
4, 130291, 15/01/2019 02:40:15, OTHER_GROUPS, 6.8, 20.7, 10009.3, 11.7, 0, 0, 17, 264, 1978, 1348, 2.2, 2836.4, 4312.4
4, 130292, 15/01/2019 03:00:22, OTHER_GROUPS, 9.8, 33.2, 22638.1, 19.2, 0, 0, 105, 555, 1712, 12383, 4.2, 3262.1, 3046.6
4, 130293, 15/01/2019 03:20:08, OTHER_GROUPS, 9.9, 30.6, 23860.1, 15, 0, 0, 189, 769, 1848, 9259, 5.7, 649.1, 4149.3
4, 130294, 15/01/2019 03:40:30, OTHER_GROUPS, 10.1, 41, 32852.8, 23.9, 0, 0, 162, 684, 1592, 12224, 7, 1176.9, 3981.6
4, 130295, 15/01/2019 04:00:11, OTHER_GROUPS, 9.2, 35.4, 34932, 19.7, 0, 0, 190, 976, 1683, 9380, 6.5, 4250.8, 2930.6
4, 130296, 15/01/2019 04:20:10, OTHER_GROUPS, 15.1, 31.1, 69280.5, 12, 0, 0, 21, 248, 864, 5427, 4, 2569, 4430
4, 130297, 15/01/2019 04:40:17, OTHER_GROUPS, 14.4, 26.4, 47266.2, 9.2, 0, 0, 21, 128, 839, 3755, 2.8, 1347.8, 3636.6
4, 130298, 15/01/2019 05:00:01, OTHER_GROUPS, 15.9, 30.8, 38898.9, 11.4, 0, 0, 137, 870, 1608, 9929, 3.5, 15817.8, 4705.9
4, 130299, 15/01/2019 05:20:07, OTHER_GROUPS, 9.9, 19.8, 20203.2, 7.6, 0, 0, 274, 1448, 2016, 2651, 2.3, 5375.3, 4213.2
4, 130300, 15/01/2019 05:40:03, OTHER_GROUPS, 5.2, 17.2, 5606.1, 10.4, 2, 0, 87, 700, 1591, 948, 1.6, 5519.6, 3496.7
4, 130301, 15/01/2019 06:00:18, OTHER_GROUPS, 4.2, 17.3, 5503, 10.8, 0, 0, 138, 1032, 1694, 1068, 2.3, 5686, 3467.4
4, 130302, 15/01/2019 06:20:05, OTHER_GROUPS, 6.8, 25.9, 11654, 16.4, 1, 0, 305, 1710, 2225, 4247, 2.7, 5168.5, 3203.2
4, 130303, 15/01/2019 06:40:22, OTHER_GROUPS, 7.4, 37.5, 20260.8, 26.5, 1, 0, 57, 764, 1553, 6060, 3.6, 4898.3, 3026.4
4, 130304, 15/01/2019 07:00:35, OTHER_GROUPS, 9.8, 22, 9817.4, 7.2, 1, 0, 53, 659, 1287, 15861, 5, 15772.9, 2227.7
4, 130305, 15/01/2019 07:20:13, OTHER_GROUPS, 9.7, 35.9, 15974.5, 22.8, 4, 0, 47, 535, 1326, 17630, 3.4, 4303.3, 1941.6
4, 130306, 15/01/2019 07:40:28, OTHER_GROUPS, 10.2, 36.4, 16717.2, 21.9, 1, 0, 33, 440, 1095, 16112, 4.3, 4313.4, 1908.4
4, 130307, 15/01/2019 08:00:04, OTHER_GROUPS, 6.8, 30.7, 13479.8, 20.1, 0, 0, 84, 424, 1325, 4447, 3.8, 2304, 2701.5
4, 130308, 15/01/2019 08:20:17, OTHER_GROUPS, 9.4, 38.7, 13683.7, 25.4, 0, 0, 151, 764, 1467, 13754, 3.9, 4676.7, 2011.8
4, 130309, 15/01/2019 08:40:15, OTHER_GROUPS, 9.7, 43.6, 18651.6, 29.9, 0, 0, 125, 768, 1749, 13747, 4, 7929.4, 1783.5
4, 130310, 15/01/2019 09:00:40, OTHER_GROUPS, 9.3, 44.2, 20263.9, 31.6, 0, 0, 155, 896, 1639, 22964, 3.3, 4167.3, 1380
4, 130311, 15/01/2019 09:20:06, OTHER_GROUPS, 9.5, 44.9, 17592.9, 32.2, 0, 0, 92, 600, 1576, 26981, 3.2, 3505.4, 1429.5
4, 130312, 15/01/2019 09:40:12, OTHER_GROUPS, 10, 46.2, 16921.5, 33.1, 0, 0, 63, 496, 1334, 40740, 3.1, 4163, 1291.6
4, 130313, 15/01/2019 10:00:01, OTHER_GROUPS, 8.9, 45.1, 16448.5, 33.5, 0, 0, 46, 436, 1261, 36968, 2.7, 4978.1, 862.9
4, 130314, 15/01/2019 10:20:14, OTHER_GROUPS, 10, 49.2, 17365.1, 34.5, 0, 0, 72, 576, 1348, 31666, 4.7, 3749.1, 2193.6
4, 130315, 15/01/2019 10:40:03, OTHER_GROUPS, 10, 51.1, 19028.7, 35.1, 0, 0, 37, 256, 1027, 34059, 6, 3071.9, 2418.9
4, 130283, 15/01/2019 00:00:12, SZB_SANDBOX_GROUP, 1.3, 2.6, 3168.6, 1.1, 0, 0, 4, 192, 685, 196, 0.2, 1476.1, 228.3
4, 130284, 15/01/2019 00:20:07, SZB_SANDBOX_GROUP, 1.7, 2.5, 2238.6, 0.6, 0, 0, 4, 117, 242, 236, 0.2, 60.3, 103.2
4, 130285, 15/01/2019 00:40:25, SZB_SANDBOX_GROUP, 0.6, 1.6, 2453, 0.9, 0, 0, 1, 32, 56, 124, 0.1, 2.8, 338
4, 130286, 15/01/2019 01:00:13, SZB_SANDBOX_GROUP, 1.5, 3.3, 3004.1, 1.7, 0, 0, 1, 32, 589, 226, 0.1, 2010.4, 213.2
4, 130287, 15/01/2019 01:20:09, SZB_SANDBOX_GROUP, 10.8, 11.9, 13351.4, 0.9, 0, 0, 4, 256, 198, 2801, 0.2, 179.1, 142.9
4, 130288, 15/01/2019 01:40:36, SZB_SANDBOX_GROUP, 4, 4.9, 2682.1, 0.7, 0, 0, 3, 75, 342, 487, 0.2, 138.2, 312.8
4, 130289, 15/01/2019 02:00:06, SZB_SANDBOX_GROUP, 9.9, 13.3, 8752.2, 2.2, 0, 0, 5, 256, 2212, 3560, 1.2, 1576, 3507.4
4, 130290, 15/01/2019 02:20:03, SZB_SANDBOX_GROUP, 17.2, 17.8, 12450.8, 0.1, 0, 0, 9, 512, 1105, 5294, 0.5, 313.8, 925.1
4, 130291, 15/01/2019 02:40:15, SZB_SANDBOX_GROUP, 2.5, 3.2, 1635.6, 0.5, 0, 0, 17, 1056, 1297, 418, 0.2, 109.4, 308.3
4, 130292, 15/01/2019 03:00:22, SZB_SANDBOX_GROUP, 11.5, 13.9, 13127.4, 1.9, 0, 0, 8, 480, 1864, 1528, 0.5, 4194.8, 535.5
4, 130293, 15/01/2019 03:20:08, SZB_SANDBOX_GROUP, 4.9, 5, 2907.4, 0, 0, 0, 3, 192, 187, 683, 0.1, 176.6, 194.7
4, 130294, 15/01/2019 03:40:30, SZB_SANDBOX_GROUP, 9.2, 24.7, 2321.1, 14.1, 0, 0, 23, 1120, 5010, 5869, 1.4, 6577.3, 425
4, 130295, 15/01/2019 04:00:11, SZB_SANDBOX_GROUP, 21.4, 85.3, 17116.7, 62, 0, 0, 2, 96, 2442, 15798, 1.9, 13923.3, 919.9
4, 130296, 15/01/2019 04:20:10, SZB_SANDBOX_GROUP, 24.6, 32.1, 27531.9, 5.6, 0, 0, 9, 448, 6266, 10237, 1.9, 9211, 2319.6
4, 130297, 15/01/2019 04:40:17, SZB_SANDBOX_GROUP, 13.1, 22.1, 10447.2, 6.9, 0, 0, 2, 128, 887, 4247, 2.1, 5415.9, 3867.2
4, 130298, 15/01/2019 05:00:01, SZB_SANDBOX_GROUP, 7.5, 9, 2849.6, 0.9, 0, 0, 3, 160, 1937, 1264, 0.6, 6004.1, 731
4, 130299, 15/01/2019 05:20:07, SZB_SANDBOX_GROUP, 5.8, 6.1, 6591, 0, 0, 0, 3, 192, 657, 875, 0.3, 285.9, 679.6
4, 130300, 15/01/2019 05:40:03, SZB_SANDBOX_GROUP, 5, 6.9, 4046, 1.4, 0, 0, 0, 0, 848, 2241, 0.5, 565.4, 2032
4, 130301, 15/01/2019 06:00:18, SZB_SANDBOX_GROUP, 14, 18, 14595.9, 3.1, 0, 0, 5, 198, 5687, 5941, 0.9, 3110.6, 1698.3
4, 130302, 15/01/2019 06:20:05, SZB_SANDBOX_GROUP, 22.4, 35.8, 11968.2, 11.5, 0, 0, 7, 336, 2921, 21301, 1.9, 2380.8, 4980
4, 130303, 15/01/2019 06:40:22, SZB_SANDBOX_GROUP, 35, 72.4, 27460.7, 36.3, 0, 0, 1, 32, 237, 33353, 1.1, 2572.3, 1741.2
4, 130304, 15/01/2019 07:00:35, SZB_SANDBOX_GROUP, 48.9, 51.8, 22259.5, 0, 0, 0, 3, 192, 832, 82761, 2.9, 2324.7, 3091.5
4, 130305, 15/01/2019 07:20:13, SZB_SANDBOX_GROUP, 45.1, 79.6, 52023.6, 31.9, 0, 0, 1, 64, 409, 61966, 2.6, 1322.8, 4443.2
4, 130306, 15/01/2019 07:40:28, SZB_SANDBOX_GROUP, 51.6, 86.6, 43516.2, 31.1, 0, 0, 3, 192, 535, 111206, 3.9, 679.6, 2641.1
4, 130307, 15/01/2019 08:00:04, SZB_SANDBOX_GROUP, 39.3, 59, 21419.6, 18.3, 0, 0, 31, 1024, 2122, 45528, 1.4, 7535.1, 1884.4
4, 130308, 15/01/2019 08:20:17, SZB_SANDBOX_GROUP, 40.5, 45.7, 12021.1, 3.8, 0, 0, 55, 1056, 2501, 44433, 1.4, 421.5, 1927
4, 130309, 15/01/2019 08:40:15, SZB_SANDBOX_GROUP, 42.6, 52.9, 18970.2, 8.7, 0, 0, 101, 1568, 2392, 45822, 1.6, 559.6, 1654.8
4, 130310, 15/01/2019 09:00:40, SZB_SANDBOX_GROUP, 42.7, 60.1, 11775.6, 15.4, 0, 0, 53, 1638, 3229, 37739, 2, 8251, 2284.4
4, 130311, 15/01/2019 09:20:06, SZB_SANDBOX_GROUP, 42.4, 52.9, 10478.3, 7.5, 3, 0, 86, 2576, 3825, 41957, 3, 586.9, 5016.4
4, 130312, 15/01/2019 09:40:12, SZB_SANDBOX_GROUP, 40.2, 48.3, 11847.5, 7.5, 0, 0, 94, 3040, 3263, 28790, 0.6, 1065.9, 665.5
4, 130313, 15/01/2019 10:00:01, SZB_SANDBOX_GROUP, 39.6, 51.2, 13483.5, 10.5, 0, 0, 131, 5083, 5440, 40672, 1.1, 2947.2, 582.1
4, 130314, 15/01/2019 10:20:14, SZB_SANDBOX_GROUP, 26.8, 32.7, 10041.8, 4.6, 0, 0, 104, 2464, 2911, 22787, 1.3, 937.1, 1658.3
4, 130315, 15/01/2019 10:40:03, SZB_SANDBOX_GROUP, 16.6, 27.2, 17592.8, 9.2, 0, 0, 37, 1320, 2891, 9190, 1.4, 1516.6, 2208.6
