HOST, SNAP_ID, TIME, SYS_CPU, SYS_DBTIME, SYS_SYSPCT, SYS_READ, SYS_WRITE, SYS_REDO, SYS_OSWAIT, SYS_RMWAIT, SYS_ACTSESS_MAX, SYS_ACTSESS_AVG, SYS_PGA, SYS_PXRUNS, SYS_PXQCT, SYS_PXSRVT, SYS_UCALLS, SYS_IOWAIT
1, 127083, 27/11/2018 23:59:30, 32.1, 40.6, 9.5, 351.9, 267.6, 51.2, 0.8, 0, 195.4, 103.8, 18261, 514.7, 6.3, 124.3, 116.3, 8
1, 127084, 28/11/2018 00:19:30, 30.5, 61, 8, 12001.5, 212.6, 39.9, 0.7, 11.5, 318.8, 156.2, 22201.8, 245.2, 11.4, 173, 99.5, 9.3
1, 127085, 28/11/2018 00:39:30, 40.4, 75.9, 9.6, 2489.8, 200.1, 37.3, 0.7, 14.5, 264.2, 194.3, 22931.7, 244.1, 18.5, 249.4, 65.7, 8.6
1, 127086, 28/11/2018 00:59:30, 44.1, 84.9, 11.3, 3763.8, 188.8, 36.9, 0.9, 4.2, 314.9, 217.4, 19904.7, 825.3, 22.4, 310.2, 70, 18.6
1, 127087, 28/11/2018 01:19:30, 33, 63, 8.2, 2292.1, 186.4, 39.3, 0.7, 0.5, 301.5, 161.3, 17448.2, 581.3, 15.4, 208.7, 61.1, 6.2
1, 127088, 28/11/2018 01:40:29, 26.9, 74.4, 7.2, 831.2, 146.2, 30.9, 0.6, 0, 325.6, 190.6, 17244.9, 592, 11.2, 152, 64.7, 3.3
1, 127089, 28/11/2018 02:00:29, 36.1, 49.2, 9.4, 868.2, 251.7, 57.9, 0.8, 0, 168.6, 125.8, 12530.6, 646, 8.2, 125.3, 86.5, 4.4
1, 127090, 28/11/2018 02:19:30, 40.1, 51.4, 10.2, 5271.4, 273.9, 41.6, 0.8, 0, 231.3, 131.5, 30274.5, 594, 11.8, 201.7, 84, 5.4
1, 127091, 28/11/2018 02:40:29, 87.5, 106.2, 15.9, 6092.4, 189.4, 27.2, 5.8, 2.1, 378.8, 271.9, 47263.4, 691.7, 20.7, 407.3, 52.1, 6.7
1, 127092, 28/11/2018 02:59:29, 85, 113.9, 14.2, 5710.3, 218.2, 26.4, 9, 2.3, 350.7, 291.5, 56585.5, 759.8, 18.6, 352.6, 43.7, 6.2
1, 127093, 28/11/2018 03:19:29, 41.4, 56.7, 10.4, 1781.8, 259.8, 35.8, 0.8, 0.3, 257, 145.2, 45344.5, 166.9, 13, 353, 77.8, 7.4
1, 127094, 28/11/2018 03:40:29, 31.3, 46.5, 8.4, 1706.1, 284.3, 46.1, 0.7, 0, 209.7, 119.1, 34784.2, 201.9, 8.5, 144.5, 92.2, 5.5
1, 127095, 28/11/2018 03:59:29, 26, 46.6, 6.8, 449.5, 373.5, 44, 0.6, 0, 218.6, 119.3, 64490.7, 155.3, 5.8, 114.9, 72.4, 4.1
1, 127096, 28/11/2018 04:19:29, 36.6, 32.2, 8.9, 154.1, 705.8, 47.1, 0.7, 0, 164.6, 82.5, 60325.5, 140.1, 4.5, 73.7, 81.9, 3.8
1, 127097, 28/11/2018 04:39:29, 39.9, 45.9, 9.3, 1649.7, 712.7, 44.3, 0.7, 0, 226.4, 117.5, 64503.5, 174.9, 5.9, 113.3, 76.9, 4.4
1, 127098, 28/11/2018 04:59:29, 20.5, 50.1, 5.4, 170.3, 437.2, 29.7, 0.5, 0, 247.6, 128.4, 64447, 169.1, 5, 98.1, 56.7, 30.3
1, 127099, 28/11/2018 05:19:28, 22.6, 40.7, 6.9, 165.4, 278.4, 40.7, 0.6, 0, 181, 104.1, 55615.5, 129, 4.2, 69.8, 77.8, 13
1, 127100, 28/11/2018 05:39:28, 32.4, 59.1, 9.3, 1177.5, 319.3, 53.9, 0.8, 0, 305.5, 151.3, 15840.8, 205.8, 5.5, 95.2, 81.9, 5.6
1, 127101, 28/11/2018 06:00:29, 38.2, 67.8, 10, 1059.9, 302, 42.8, 0.8, 0, 277.3, 173.5, 18589.8, 190.6, 6.1, 152.3, 86.2, 6.6
1, 127102, 28/11/2018 06:19:29, 36.4, 64.3, 10.1, 359.8, 282.6, 41.2, 0.9, 0, 262.2, 164.7, 12203.6, 152.6, 3.4, 47.7, 99.8, 4.8
1, 127103, 28/11/2018 06:39:28, 35.5, 61.5, 10.9, 1869.2, 303.5, 45.3, 0.9, 0, 219.6, 157.4, 16294.3, 201.8, 3.5, 65.3, 113.3, 12.7
1, 127104, 28/11/2018 07:00:28, 39.9, 71, 11.3, 7026.6, 310.8, 45.9, 0.9, 0, 241.2, 181.8, 13593.8, 152.9, 3.8, 77, 108.7, 25.3
1, 127105, 28/11/2018 07:19:28, 30, 72.5, 9.6, 346.1, 270.6, 46.8, 0.8, 0, 263.6, 185.5, 10160.8, 176.5, 3, 35.7, 105.5, 28
1, 127106, 28/11/2018 07:40:28, 49.7, 68.2, 14.8, 677.3, 345.7, 64.5, 1.2, 0.1, 274.9, 174.7, 14615.1, 219.4, 2.2, 30.6, 160.3, 6.4
1, 127107, 28/11/2018 07:59:29, 46.7, 74.4, 13.1, 877.8, 366.8, 60.6, 1.1, 0, 305.1, 190.4, 15347.8, 264.2, 4.9, 91.5, 138.8, 6.9
1, 127108, 28/11/2018 08:19:28, 45.4, 57.8, 13.6, 306.7, 381.8, 66.1, 1.1, 0, 252.6, 148.1, 10358.8, 156.1, 3.4, 43.8, 144.7, 6.7
1, 127109, 28/11/2018 08:39:28, 46, 60.3, 14.2, 16203.3, 385, 74.2, 1.1, 0, 227, 154.4, 10339.7, 133.1, 2, 16.4, 163.2, 6.6
1, 127110, 28/11/2018 08:59:28, 32.7, 82.3, 9.4, 17754.2, 269.1, 53.4, 0.8, 0, 312.3, 210.8, 21819.5, 308.1, 4.9, 95.8, 126.1, 7.3
1, 127111, 28/11/2018 09:19:28, 26.2, 44.6, 8.5, 171.7, 266.1, 57, 0.8, 0, 212.4, 114.2, 11414.8, 129, 2.2, 22.3, 142.1, 4.2
1, 127112, 28/11/2018 09:39:27, 29, 47.1, 8.7, 192.7, 287.4, 53.7, 0.7, 0, 210.6, 120.6, 10577.4, 176.5, 2.9, 34.3, 140.2, 4.8
1, 127113, 28/11/2018 09:59:28, 40.2, 65.8, 11.6, 1766.1, 387.4, 59.3, 1, 0.1, 312.6, 168.4, 14500.3, 244.4, 4.9, 77.8, 148.7, 7.4
1, 127114, 28/11/2018 10:19:27, 39.1, 61.7, 11.4, 1232.9, 300.1, 58.6, 0.9, 0, 211.1, 158, 12055.4, 196.8, 5.3, 109.8, 144, 15.6
1, 127115, 28/11/2018 10:40:28, 33.8, 61.8, 9.6, 168.4, 326.2, 66.7, 0.8, 0, 298.7, 158.3, 12211.5, 170.7, 3.2, 35.8, 144.9, 4.6
1, 127116, 28/11/2018 10:59:28, 32.4, 78, 8.8, 83.6, 317, 72.8, 0.8, 0, 358.1, 199.7, 10292.6, 215.5, 2.2, 20.3, 145.7, 5.6
1, 127117, 28/11/2018 11:22:28, 48.6, 72.5, 12.7, 413.4, 364.8, 77.6, 1.1, 1.3, 308.9, 185.5, 19808.4, 227.7, 3.5, 67, 176, 4.8
1, 127118, 28/11/2018 11:40:28, 40.1, 65, 11.1, 1537.9, 368.3, 64.4, 0.9, 0.4, 282.6, 166.5, 11515.7, 218.5, 6.4, 135.5, 145, 5.2
1, 127119, 28/11/2018 11:59:27, 30.7, 52, 9.6, 160.3, 287.8, 62, 0.9, 0, 295.7, 133, 11466.7, 173.6, 4.6, 58.6, 158.3, 5.5
1, 127120, 28/11/2018 12:19:27, 31.5, 54.2, 9.4, 157.7, 294.6, 59.1, 0.8, 0, 352.5, 138.8, 10477.7, 182.9, 5.8, 53.4, 153, 3.4
1, 127121, 28/11/2018 12:39:27, 37.3, 60.3, 10.4, 1160.9, 299.9, 59.9, 0.9, 0.4, 304.2, 154.3, 16725.1, 274.4, 6.5, 98.2, 150.4, 4
1, 127122, 28/11/2018 13:00:27, 55.4, 88.3, 13.2, 5590.6, 289.7, 53.3, 1.8, 0, 384.1, 226.2, 30495.3, 204.8, 11.3, 144.2, 131.9, 7.1
1, 127123, 28/11/2018 13:19:27, 81.4, 110.6, 16.9, 5512.8, 311.4, 57.7, 7.4, 0.3, 426.5, 283.2, 33536.1, 286.3, 13.6, 217.1, 130.4, 4.7
1, 127124, 28/11/2018 13:39:27, 58.9, 110.8, 12.4, 2932, 260.1, 51, 2.4, 0.3, 497.6, 283.7, 30025.1, 232.5, 11.3, 189.1, 108.1, 4
1, 127125, 28/11/2018 14:00:27, 41.3, 84.5, 11.3, 1546, 259.9, 57, 0.9, 0, 386.5, 216.3, 38523.7, 242, 11.2, 220.7, 138, 6.4
1, 127126, 28/11/2018 14:19:27, 60.6, 99, 19.6, 6657.3, 283.1, 53.7, 1.9, 0, 419.5, 253.6, 14474.1, 258, 7.9, 177.3, 113.1, 8.7
1, 127127, 28/11/2018 14:40:27, 70.4, 79.8, 23.8, 1130.2, 281.5, 67.9, 1.6, 0, 290, 204.4, 14458.5, 298.9, 6.2, 130.3, 126.9, 10.5
1, 127128, 28/11/2018 14:59:26, 73.1, 116.6, 24.2, 2281.9, 255.1, 54.5, 4, 0, 455.1, 298.5, 16987.4, 312.1, 11, 250, 107.7, 12.8
1, 127129, 28/11/2018 15:20:27, 73.1, 91.1, 25, 1227.2, 260.3, 57.7, 1.7, 0, 344.6, 233.3, 16817.4, 217.5, 8.8, 187.2, 137.2, 13.7
1, 127130, 28/11/2018 15:40:26, 72.4, 84.1, 24.4, 1206, 281.4, 60, 1.8, 0, 337.2, 215.4, 16116.7, 245.2, 8.1, 165.6, 126.5, 13.3
1, 127131, 28/11/2018 15:59:26, 67.6, 101.7, 22.9, 1256.9, 237.4, 51.7, 2.1, 0, 418.2, 260.2, 15243.9, 249, 8, 161.4, 111.2, 13.7
1, 127132, 28/11/2018 16:19:26, 70.1, 103, 23.9, 7855.1, 256.5, 58.4, 2.2, 0, 403, 263.8, 16422.9, 230.8, 7.7, 156.7, 120.7, 19.5
1, 127133, 28/11/2018 16:39:26, 70.6, 87.4, 24.3, 7286, 265.1, 59.9, 1.7, 0, 304.4, 223.7, 15483, 209.1, 7.2, 143.5, 121.4, 25.1
1, 127134, 28/11/2018 16:59:27, 82, 98.2, 27, 2062.5, 327, 68.2, 3.3, 0, 312.5, 251.4, 17461, 274.8, 10.9, 238.5, 174.2, 15.5
1, 127135, 28/11/2018 17:19:26, 67.4, 102.4, 22, 791.3, 301.7, 64.8, 2.6, 0, 401.3, 262.2, 17632.6, 279.1, 8.1, 177.4, 159.8, 9.9
1, 127136, 28/11/2018 17:40:26, 77.9, 78.6, 25.6, 1063.5, 306.5, 71.6, 1.9, 0, 284.3, 201.1, 15954.5, 375.8, 8.4, 164.4, 166.1, 12.1
1, 127137, 28/11/2018 17:59:26, 45.8, 151.1, 12.7, 2171.8, 178.5, 37.5, 4.9, 0, 508.5, 386.8, 16672.7, 362.8, 13, 235, 83.6, 10.8
1, 127138, 28/11/2018 18:20:26, 81.9, 88.7, 27, 2853.1, 325.9, 75.1, 3.9, 0, 397.8, 227.1, 16529, 283.4, 11.3, 212.1, 164.6, 12.3
1, 127139, 28/11/2018 18:39:26, 92.3, 95.4, 28.1, 2945.3, 330.2, 69.7, 10.3, 0.4, 288.4, 244.2, 22902.8, 309.3, 13.4, 309.7, 159.3, 14.2
1, 127140, 28/11/2018 18:59:26, 83.9, 124.6, 26, 2018.8, 283.4, 59.3, 10.1, 0.1, 425, 319, 22562.1, 231.2, 11.5, 262.4, 126.5, 22.7
1, 127141, 28/11/2018 19:19:26, 85, 124.5, 25.7, 2662.5, 370.7, 60.5, 11.7, 0.1, 489.5, 318.6, 20663.7, 361.4, 11.7, 251.3, 115, 22
1, 127142, 28/11/2018 19:40:25, 80.5, 89.3, 26, 3046.1, 519.1, 66, 2.4, 0, 377.9, 228.7, 16835.7, 221.3, 7.8, 197.3, 140.4, 20.5
1, 127143, 28/11/2018 19:59:25, 78.7, 127.3, 24.7, 2033.7, 340.9, 56.2, 6, 0, 516.2, 325.8, 20606.8, 289.9, 12.1, 283.9, 117.9, 14.7
1, 127144, 28/11/2018 20:19:26, 92.7, 107.2, 29.3, 2089.7, 473.6, 65.1, 9.1, 0, 365.6, 274.3, 40988.9, 279.5, 14.8, 401.5, 127.3, 18.5
1, 127145, 28/11/2018 20:40:25, 95.6, 104.6, 30.1, 1993.5, 347.9, 60.1, 9.8, 0.2, 327, 267.9, 44670.7, 244, 13.3, 368.1, 119.1, 19.5
1, 127146, 28/11/2018 21:00:25, 97.5, 118.5, 28.6, 1664.1, 520, 53.9, 16.3, 0.1, 392.9, 303.4, 51545.2, 190.1, 14.2, 403.8, 104.1, 24.3
1, 127147, 28/11/2018 21:20:25, 90.6, 100.5, 25.5, 1413.9, 312.1, 44.9, 6.4, 0, 325.4, 257.3, 53243.5, 194.4, 14.1, 394.4, 99.5, 17.2
1, 127148, 28/11/2018 21:40:25, 80.3, 98.8, 22.4, 3019.1, 335.7, 38.3, 2.3, 0.1, 421.8, 253.1, 29647.8, 198.7, 14.7, 400.5, 115, 16.5
1, 127149, 28/11/2018 21:59:25, 68, 79.5, 17.6, 1529.8, 362.4, 31.8, 1.2, 0, 235, 203.5, 53284.2, 233.8, 13.7, 357.9, 91.2, 21.2
1, 127150, 28/11/2018 22:19:25, 68.3, 78.4, 17.1, 1004.5, 305.4, 39.6, 1.2, 0, 290, 200.7, 23580.6, 266, 11.7, 312.5, 136.3, 14.3
1, 127151, 28/11/2018 22:39:25, 68.6, 71.6, 17.2, 2244.3, 390.3, 42.3, 1.2, 0.2, 259, 183.3, 44765.7, 250.3, 11.3, 279.3, 136, 14.1
1, 127152, 28/11/2018 22:59:25, 60.3, 81.8, 14.6, 1713.9, 246.9, 40.7, 1, 0.1, 271.3, 209.3, 48528, 376.7, 10.2, 272, 133.3, 11.6
1, 127153, 28/11/2018 23:19:25, 58.1, 58, 17.4, 1670.7, 338.3, 46.7, 1.2, 0, 188.1, 148.4, 21728.9, 169.8, 8.7, 227.5, 167.7, 14
1, 127154, 28/11/2018 23:39:24, 44.7, 50.4, 14.2, 2148.7, 289, 42.7, 1.1, 0.1, 171, 128.9, 19407.4, 234.8, 8, 192.6, 161.4, 11.8
2, 127083, 27/11/2018 23:59:38, 44.2, 55.7, 11, 1528.3, 307.8, 22.3, 0.8, 0, 212.4, 142.7, 36456.2, 90.1, 8.2, 179.3, 116.9, 12.3
2, 127084, 28/11/2018 00:19:39, 37.2, 71.3, 8.2, 10045.8, 154.4, 19.4, 0.7, 11, 353.2, 182.4, 40596.1, 157.9, 14.1, 237.9, 91.7, 9.6
2, 127085, 28/11/2018 00:39:38, 55, 113.6, 12.1, 7233.1, 213, 37, 1, 20.6, 334.7, 290.8, 39177, 132, 23.8, 291.7, 134.7, 14.8
2, 127086, 28/11/2018 00:59:39, 47.7, 84.6, 10.3, 1198, 217.6, 35.8, 0.8, 6, 273.1, 216.5, 38330.3, 108, 20.8, 236.2, 135.5, 16.8
2, 127087, 28/11/2018 01:19:38, 41.4, 70.9, 7.8, 33399.7, 129.1, 16.5, 0.6, 0.2, 368.7, 181.5, 46660.4, 58.2, 19.5, 268.5, 71.8, 11.1
2, 127088, 28/11/2018 01:41:38, 59.3, 83.7, 9.7, 73798.6, 136.8, 13.7, 0.7, 0, 328.8, 214.2, 45064.1, 109.9, 21.9, 385.4, 59.6, 8
2, 127089, 28/11/2018 01:59:38, 34.6, 48.5, 6.7, 39829.6, 101.3, 12.2, 0.6, 0, 192.3, 124.2, 29437.8, 110, 14.7, 218.5, 70.3, 7
2, 127090, 28/11/2018 02:19:38, 45.5, 51.9, 10.3, 1382.3, 160.1, 33.3, 0.9, 0.4, 200, 132.8, 32768.4, 201.9, 8.7, 137.3, 196.7, 3.5
2, 127091, 28/11/2018 02:39:38, 46.2, 57.3, 10.8, 862.1, 172.2, 34.2, 0.9, 0, 199.6, 146.6, 29228.2, 80.8, 8.1, 125.3, 226.4, 5
2, 127092, 28/11/2018 02:59:38, 35.8, 48.1, 8.5, 217.2, 171.5, 32.5, 0.7, 0, 163.1, 123.3, 11659.9, 54.9, 6.6, 91.3, 178.5, 4.6
2, 127093, 28/11/2018 03:19:38, 34.8, 38.9, 9.2, 261, 187.1, 35, 0.8, 0, 128.7, 99.7, 11218.8, 78.3, 4.1, 61.1, 187.1, 5.7
2, 127094, 28/11/2018 03:39:37, 34.8, 39.5, 8.6, 1380.8, 136.5, 25.7, 0.7, 0.1, 151.7, 101.1, 22062.8, 124.1, 5.1, 83.1, 141, 6
2, 127095, 28/11/2018 03:59:37, 33.3, 45.9, 8, 889.1, 201.1, 21.4, 0.7, 0, 218.8, 117.4, 38362.4, 97.9, 5.3, 82.9, 98.6, 6.6
2, 127096, 28/11/2018 04:19:38, 38.3, 31.5, 8.8, 435.3, 384.1, 22.1, 0.7, 0, 104.4, 80.6, 39109.1, 55, 4, 55.1, 113.6, 5.5
2, 127097, 28/11/2018 04:39:38, 41, 42.2, 8.8, 1749.4, 362.1, 19, 0.7, 0.5, 168.3, 108, 38619.5, 153, 5.7, 108.6, 91.9, 6.2
2, 127098, 28/11/2018 04:59:38, 26.4, 41.4, 5.3, 195.1, 261.1, 16.8, 0.5, 0, 166.3, 106, 38239.3, 55, 2.5, 50.8, 76.2, 19.7
2, 127099, 28/11/2018 05:19:37, 21.8, 27.1, 4.3, 123.2, 116.2, 15.6, 0.4, 0, 112.4, 69.3, 38419.1, 69.9, 1.6, 32.5, 69.3, 6.3
2, 127100, 28/11/2018 05:39:38, 26.9, 41.5, 5.1, 1926.1, 87.3, 17.2, 0.4, 0.6, 297.1, 106.2, 10534.5, 167.6, 3, 72.3, 75.8, 2.1
2, 127101, 28/11/2018 06:00:38, 60.9, 75.9, 10.6, 1938.3, 524.2, 19.3, 0.8, 0.1, 264.3, 194.4, 90926, 59, 8.2, 222.6, 75.2, 5.1
2, 127102, 28/11/2018 06:19:37, 62.3, 67, 8.4, 825.9, 193.1, 17.8, 0.6, 0, 225.1, 171.5, 73999.6, 46, 8, 208.5, 69.8, 3.2
2, 127103, 28/11/2018 06:39:38, 67, 70.7, 10, 1670.5, 234.8, 19.9, 0.8, 0.6, 245.6, 181, 73875.2, 125.8, 10.9, 262.4, 72.7, 4
2, 127104, 28/11/2018 07:00:38, 64.2, 77.1, 10.3, 775.9, 439.5, 29, 0.8, 0, 439, 197.3, 71807.4, 48.5, 9.3, 226.1, 97, 7.8
2, 127105, 28/11/2018 07:19:37, 48.6, 69.4, 9, 832.2, 341.6, 28.7, 0.7, 0, 240, 177.8, 62313.9, 43, 8.7, 205.9, 94, 16.6
2, 127106, 28/11/2018 07:39:37, 46.9, 57.7, 8.1, 1347.1, 242.5, 31.5, 0.6, 0, 304.2, 147.7, 37357.2, 69.1, 6.5, 155.3, 107.4, 3.4
2, 127107, 28/11/2018 07:59:37, 61.9, 74.9, 12.2, 17444.2, 336.8, 37.8, 0.9, 0, 297.2, 191.7, 52306.8, 68.1, 9.6, 223, 147.5, 7.2
2, 127108, 28/11/2018 08:19:37, 61.2, 65.7, 11.4, 16927.4, 282.2, 35.9, 0.9, 0, 280.9, 168.3, 40938.9, 24.1, 6.9, 209.5, 115.4, 6.9
2, 127109, 28/11/2018 08:39:37, 68.1, 75.1, 12.4, 902.8, 308.9, 39.8, 0.9, 0, 263.4, 192.3, 54038, 67, 5.7, 225.7, 134.4, 6.5
2, 127110, 28/11/2018 08:59:37, 60.9, 107.8, 12.4, 1757.3, 380.3, 44.3, 1.3, 0.3, 382.6, 276, 35770.1, 86.1, 7.8, 274.3, 142, 11
2, 127111, 28/11/2018 09:19:37, 45.2, 62.1, 9.7, 521.5, 266.5, 48.8, 0.8, 0, 241, 159, 50884.5, 52, 4.4, 131.1, 144.3, 5.6
2, 127112, 28/11/2018 09:39:37, 49.9, 61.6, 9.1, 427.8, 310.9, 46.6, 0.7, 0, 231.1, 157.6, 44224.3, 51.1, 3.6, 98.1, 146, 4.2
2, 127113, 28/11/2018 09:59:36, 52.4, 65.5, 10.4, 1471.8, 290.8, 53.3, 0.8, 0.3, 283.4, 167.7, 43981.8, 97.8, 4.3, 119.6, 157.3, 5.5
2, 127114, 28/11/2018 10:19:36, 39.3, 53.6, 9.6, 2564.3, 335.3, 61.5, 0.8, 0.3, 160.8, 137.3, 31414, 45.8, 4, 118.2, 150.7, 11.3
2, 127115, 28/11/2018 10:40:36, 35.6, 57.1, 8.3, 12611.7, 258.8, 54.6, 0.7, 0.1, 274.2, 146.1, 18501.5, 35.7, 2.7, 80.7, 157.1, 3.7
2, 127116, 28/11/2018 10:59:36, 31.1, 70.3, 7.6, 5335.6, 322.8, 55.7, 0.6, 0.5, 303.3, 180.1, 28775.6, 82.6, 2.7, 81.9, 142.7, 5.5
2, 127117, 28/11/2018 11:22:36, 36.2, 59.4, 10.2, 8099.7, 384.4, 68.6, 0.8, 0.7, 310.6, 152.1, 38257.2, 125.6, 3.9, 100.8, 193.1, 5
2, 127118, 28/11/2018 11:40:36, 33.4, 51.8, 9.6, 1574.5, 351.9, 66.3, 0.8, 0.1, 216.9, 132.5, 23385.7, 255.4, 4.7, 156.2, 187.4, 4.7
2, 127119, 28/11/2018 11:59:37, 37, 48.5, 9.7, 5731.7, 297.6, 61.4, 0.9, 0, 231.5, 124.1, 13429.3, 99.2, 2.5, 61.7, 203.6, 4.3
2, 127120, 28/11/2018 12:19:35, 34.8, 53.3, 9.4, 49.6, 279.2, 62.6, 0.8, 0, 289.6, 136.4, 13657.7, 35, 1.1, 34.4, 188.1, 3.6
2, 127121, 28/11/2018 12:39:36, 44.7, 58.2, 11.4, 1810, 343.5, 68.4, 0.9, 0, 259.4, 149, 15271.3, 75.1, 3.3, 96.5, 213.7, 3.6
2, 127122, 28/11/2018 12:59:36, 35.2, 65.1, 10.1, 1003.1, 309.7, 65.3, 0.8, 0, 282.6, 166.7, 14452.8, 37.1, 2, 51.4, 220.3, 4.4
2, 127123, 28/11/2018 13:19:36, 26.8, 47.5, 8.6, 1109.3, 330.7, 64.5, 0.8, 0, 199.7, 121.6, 13511, 39, 2.4, 55.1, 203.7, 2.8
2, 127124, 28/11/2018 13:39:36, 21.2, 53.2, 6.9, 20.9, 247.8, 53.7, 0.6, 0, 272.2, 136.2, 13350.6, 56, 3.2, 77.1, 168.4, 2.1
2, 127125, 28/11/2018 13:59:36, 27.6, 49.6, 8.8, 28.4, 281.3, 65.5, 0.8, 0, 216.1, 126.9, 13587.9, 32.9, 3.2, 78, 217.4, 3.4
2, 127126, 28/11/2018 14:19:36, 26.3, 49.9, 8.3, 34.8, 321.1, 72.7, 0.7, 0, 250.6, 127.7, 13538.6, 45, 4.5, 91.7, 193.3, 3.2
2, 127127, 28/11/2018 14:39:36, 27.2, 32.1, 8.4, 87, 310.1, 71.5, 0.8, 0, 142.8, 82.2, 13740.1, 42.2, 3.7, 62.1, 193.7, 3.2
2, 127128, 28/11/2018 14:59:36, 35.4, 60.7, 10.2, 1481, 344.4, 72, 0.9, 0, 279.3, 155.5, 16899.8, 62.8, 6.8, 135.8, 202.2, 4
2, 127129, 28/11/2018 15:20:35, 38.2, 49.2, 10.9, 1154.6, 350.9, 74.7, 0.9, 0, 206, 125.8, 18524.8, 71, 6.2, 133.5, 202.4, 4.4
2, 127130, 28/11/2018 15:40:35, 40.3, 53.7, 11.5, 1236.4, 356.8, 74.9, 1, 0, 297.2, 137.4, 14873.6, 24.1, 5.5, 105.4, 224.3, 3.9
2, 127131, 28/11/2018 15:59:35, 34.7, 60.3, 10.3, 837.6, 332.5, 71.5, 0.9, 0, 302.6, 154.3, 15873.5, 35.1, 4, 84.4, 236.2, 4.3
2, 127132, 28/11/2018 16:19:35, 32, 52.5, 9.7, 2055.3, 326.1, 71, 0.8, 0, 276.4, 134.4, 16719.5, 62, 4.5, 86.6, 209.5, 6.2
2, 127133, 28/11/2018 16:39:35, 30.1, 38.5, 9.2, 938.9, 311.8, 67.8, 0.8, 0, 144.3, 98.7, 16716.7, 92.9, 4.2, 85.8, 193, 8.7
2, 127134, 28/11/2018 16:59:36, 39, 53.6, 11.2, 3433.3, 330.8, 63.2, 0.9, 0, 205.4, 137.3, 21677, 149.2, 8.2, 166.1, 198.9, 7.2
2, 127135, 28/11/2018 17:19:35, 28.1, 49.3, 8.4, 2044.5, 296.8, 57, 0.7, 0, 239.1, 126.2, 19152.3, 60.9, 7.7, 147.5, 145.3, 3.6
2, 127136, 28/11/2018 17:39:35, 30.3, 30.9, 8.8, 2077.6, 336.1, 67.6, 0.8, 0, 133.9, 79.2, 14004.1, 65.1, 5.9, 98.5, 168.2, 4.4
2, 127137, 28/11/2018 17:59:34, 16.4, 75.6, 5.1, 561.2, 195.4, 41.8, 0.5, 0, 302.8, 193.6, 14046.1, 84.8, 4.2, 67.9, 110, 2.6
2, 127138, 28/11/2018 18:20:35, 27.7, 31, 8.7, 672.8, 333, 75.1, 0.7, 0, 217, 79.5, 13587.9, 86.3, 3.1, 54.5, 189.2, 3
2, 127139, 28/11/2018 18:39:35, 35.4, 35.5, 9.6, 2090.8, 317.7, 57.8, 0.8, 0, 170.2, 90.9, 14986.5, 191.8, 4.9, 108.7, 159.7, 3.9
2, 127140, 28/11/2018 19:00:35, 35.5, 53, 9, 1317, 300.3, 58.8, 0.7, 0, 292.5, 135.6, 17652.8, 134.7, 4.1, 86.7, 165.6, 3.6
2, 127141, 28/11/2018 19:19:34, 26.5, 42.5, 7.1, 601, 321.1, 48.5, 0.6, 0.1, 150.6, 108.7, 19344.8, 112.7, 4.5, 102.4, 117.1, 3.1
2, 127142, 28/11/2018 19:40:35, 32.4, 29.6, 7.4, 718.3, 259.2, 54.1, 0.6, 0, 106.9, 75.9, 20253.2, 49.5, 4, 90.3, 119.9, 2.6
2, 127143, 28/11/2018 19:59:35, 32.4, 61.8, 7.6, 5847.7, 228.7, 53.9, 0.6, 0, 285.9, 158.3, 23335, 55, 6, 140, 118.2, 3
2, 127144, 28/11/2018 20:19:34, 43.8, 52.5, 11, 635.3, 250.1, 47.6, 0.8, 0.1, 197.9, 134.5, 34696.3, 72.2, 8.8, 214.7, 107.8, 5.1
2, 127145, 28/11/2018 20:40:35, 38.1, 51.8, 9.4, 839.4, 223.6, 41.6, 0.7, 0, 176.1, 132.6, 34308, 40.9, 8.2, 205.6, 86.1, 4.9
2, 127146, 28/11/2018 21:00:34, 38.1, 55.6, 9.7, 453.1, 203.4, 41.9, 0.7, 0, 188.4, 142.4, 49457.6, 39, 6.9, 184.1, 100.8, 9.4
2, 127147, 28/11/2018 21:20:34, 27.9, 37.3, 9.5, 375.4, 282.3, 58.6, 0.8, 0, 144.8, 95.4, 17429.5, 30.9, 5.2, 144.9, 118.8, 5.7
2, 127148, 28/11/2018 21:40:34, 36.6, 56.2, 11.4, 2366.2, 278.8, 44.2, 0.9, 1.2, 191.4, 143.9, 18846.7, 157.1, 7.3, 199, 113.5, 7.8
2, 127149, 28/11/2018 21:59:34, 36.4, 44.3, 11.2, 762.6, 259.7, 46.6, 0.9, 0, 139.8, 113.4, 20396.9, 53.1, 6.8, 178.8, 115.5, 8.2
2, 127150, 28/11/2018 22:19:34, 28.8, 37.8, 9.7, 1148.4, 207.8, 41.3, 0.8, 0, 165.4, 96.7, 17770, 66, 5.1, 133.6, 85.3, 6
2, 127151, 28/11/2018 22:39:34, 33.5, 41.2, 10.5, 2221.6, 253.1, 45.8, 0.8, 1.9, 161.8, 105.4, 16489.6, 191.7, 7, 175.6, 78.7, 7
2, 127152, 28/11/2018 22:59:34, 41.1, 64.5, 11.2, 1873.6, 535.6, 40.3, 0.8, 3.8, 233.6, 165.1, 26300.2, 82, 12, 249.5, 91.8, 7.7
2, 127153, 28/11/2018 23:19:34, 55.7, 59.3, 16.7, 1678.8, 568.1, 53.1, 1.2, 5.2, 175.7, 151.8, 28187.9, 43.1, 11, 239.6, 121.4, 11.4
2, 127154, 28/11/2018 23:39:34, 48, 55.2, 13.1, 2565.7, 528.8, 40.7, 1, 2.4, 171.4, 141.3, 35426.4, 76, 11.7, 249.2, 80.8, 8.4
3, 127083, 27/11/2018 23:59:04, 47.9, 56.2, 9.5, 58333.9, 244.4, 5.5, 0.8, 0.2, 266, 144, 36543.2, 2632.9, 26, 341.1, 8.5, 10.4
3, 127084, 28/11/2018 00:20:04, 61.6, 146.7, 8.9, 22275.7, 117.1, 2.3, 2.5, 5.6, 505.7, 375.6, 84170.2, 1403.6, 73.4, 565.2, 2.8, 8.2
3, 127085, 28/11/2018 00:40:04, 79.1, 162.9, 10.4, 12821.1, 166.7, 2.8, 2.1, 10.4, 490.2, 417, 87588.7, 828, 75.8, 780, 3.2, 4.4
3, 127086, 28/11/2018 01:00:04, 68.7, 137.8, 10.2, 30673.2, 364.3, 2.2, 1.3, 21.6, 438.6, 352.7, 99974.2, 605.6, 60, 813.4, 1.4, 4.6
3, 127087, 28/11/2018 01:20:04, 64.4, 96.7, 9.9, 10128.6, 669.3, 3.9, 1.8, 18, 341.5, 247.6, 96932.3, 350, 35.4, 722.6, 2.4, 4
3, 127088, 28/11/2018 01:43:04, 55.5, 81, 8.8, 7334.1, 491.1, 1.8, 0.5, 15.2, 335.1, 207.3, 84298.4, 458.7, 34.2, 632.2, 3.7, 5.2
3, 127089, 28/11/2018 02:00:04, 68.4, 97.3, 11.2, 11580.6, 406.1, 5.8, 1.8, 19.2, 323.7, 249.1, 106821.5, 407.5, 35.2, 732.3, 5.8, 8.2
3, 127090, 28/11/2018 02:20:04, 71.7, 86.1, 10.8, 2880.7, 415.1, 1.9, 0.9, 9, 314.1, 220.5, 63414.6, 310.5, 26.7, 536.4, 4, 7.7
3, 127091, 28/11/2018 02:40:04, 61.1, 72.4, 9.8, 5138.4, 375.5, 2.5, 0.7, 4.1, 226.8, 185.4, 52242, 434.4, 23.8, 526.2, 3.8, 9.5
3, 127092, 28/11/2018 03:00:04, 64.6, 82.1, 10.7, 23575.6, 187.7, 5.1, 0.8, 4.3, 262.9, 210.2, 37193.7, 370.9, 28.5, 689, 4.8, 9.6
3, 127093, 28/11/2018 03:20:03, 70.9, 80.4, 11.9, 40307.9, 285.1, 4.8, 0.9, 0.2, 282.6, 205.8, 37267.3, 383.1, 26.1, 618.9, 6.9, 12.1
3, 127094, 28/11/2018 03:40:03, 48, 57.8, 10.7, 25616.2, 170, 7.4, 0.7, 0, 201.3, 148, 67987.1, 489.7, 23.4, 531.5, 7.5, 15.8
3, 127095, 28/11/2018 04:00:03, 61, 72.3, 13.7, 15075.5, 382.5, 9.1, 1.1, 0.1, 249.3, 185.2, 125766.3, 5649.9, 26.6, 585.3, 4.5, 13
3, 127096, 28/11/2018 04:20:03, 69.6, 67.3, 14.4, 7211.8, 289.4, 6.4, 1.3, 0.2, 237.2, 172.3, 58172.4, 5725.7, 27.2, 583.2, 4.6, 11
3, 127097, 28/11/2018 04:40:03, 47.5, 44.4, 8.1, 4755.6, 353.6, 7.6, 0.5, 0, 224, 113.8, 55409.3, 6020.4, 21.7, 482.7, 5.2, 4.5
3, 127098, 28/11/2018 04:59:03, 58.3, 94.2, 10.3, 117635.6, 310.4, 11.9, 0.7, 0, 349.4, 241, 97032.5, 2341.8, 31, 709.9, 8.8, 53.1
3, 127099, 28/11/2018 05:20:03, 51.1, 47.5, 8.7, 14093.8, 402.2, 14.6, 0.6, 0, 157.9, 121.6, 44163.2, 352.2, 26, 581.4, 6.3, 6.5
3, 127100, 28/11/2018 05:40:03, 46.5, 42.1, 7.9, 5502.7, 449.6, 11.8, 0.5, 0, 143.4, 107.8, 26741.1, 8148.9, 23.1, 422.3, 2.2, 2.9
3, 127101, 28/11/2018 06:00:03, 67.3, 76.6, 12.4, 5639.1, 445.5, 9.1, 4, 1.2, 334.1, 196, 161870.9, 389.1, 28.5, 743.8, 4.1, 6.3
3, 127102, 28/11/2018 06:20:02, 57.9, 63, 11.4, 4603, 346.4, 7.1, 1.1, 0.1, 272.8, 161.4, 76821.5, 335.9, 25.7, 724.4, 3.9, 8.7
3, 127103, 28/11/2018 06:40:08, 52.3, 51.3, 9.8, 9937.5, 276.4, 9.9, 0.6, 0.4, 203.2, 131.4, 111510.2, 489.5, 21.7, 580.2, 5.9, 7.6
3, 127104, 28/11/2018 07:01:07, 59, 66.6, 10.4, 39679.8, 417.2, 8.6, 0.7, 1.2, 212.7, 170.4, 71346.5, 720.3, 25.8, 577.8, 6.9, 11.9
3, 127105, 28/11/2018 07:19:07, 47.7, 139.5, 8.9, 23025.4, 312.2, 10.7, 0.6, 0.2, 2525.4, 357.2, 76868.2, 1511.3, 27.5, 557.8, 8.9, 12.3
3, 127106, 28/11/2018 07:41:07, 56.3, 65.2, 10.2, 16515.9, 288.3, 8.6, 0.8, 3, 397.8, 166.8, 78517.6, 1652.5, 26.5, 523.2, 5.4, 7.6
3, 127107, 28/11/2018 08:00:08, 69.3, 129.2, 13, 29811.2, 386.7, 10.5, 1.1, 0.5, 2630.6, 330.7, 56673.9, 1410.3, 30.4, 601.7, 4.8, 10.5
3, 127108, 28/11/2018 08:19:08, 64.5, 77.2, 10.8, 11921.5, 472.6, 14.2, 0.8, 0.8, 287, 197.5, 49863.8, 1175.8, 32.1, 647.1, 2.2, 6.6
3, 127109, 28/11/2018 08:40:07, 59.3, 73.4, 10.7, 17067.2, 358.8, 19.4, 0.8, 0.1, 332.1, 187.9, 55749, 1794.4, 31.2, 602.7, 0.8, 7.4
3, 127110, 28/11/2018 09:00:07, 60.1, 86.9, 9.3, 24160.1, 371, 17, 0.6, 3.2, 309.6, 222.5, 70713.1, 1220.3, 34.1, 670.8, 1.2, 7.7
3, 127111, 28/11/2018 09:19:07, 63.7, 85.5, 11.6, 18941.3, 300.4, 15.5, 0.7, 6.5, 291.7, 219, 129190.1, 1586.6, 34.5, 641, 0.9, 9.2
3, 127112, 28/11/2018 09:40:07, 79.9, 91.6, 12.8, 18469.6, 295, 17.2, 1.6, 2.7, 292.6, 234.5, 110077.5, 1507.5, 35.9, 695.8, 1.8, 9.4
3, 127113, 28/11/2018 10:00:07, 63.2, 80.9, 10.8, 23429.2, 404.4, 20.8, 2, 0.4, 312, 207.1, 113165.6, 1104.3, 35.6, 755.9, 3.2, 8.7
3, 127114, 28/11/2018 10:20:07, 69.6, 86.2, 12.4, 26056.6, 515.4, 20.3, 1.1, 0.4, 295.4, 220.8, 109901.4, 1510.1, 35.6, 739.9, 3, 13.5
3, 127115, 28/11/2018 10:40:07, 65.1, 113, 11.4, 20087.2, 253.8, 16.3, 3.2, 3.9, 591.7, 289.2, 179288.3, 950.5, 36.1, 793.8, 2.8, 9.2
3, 127116, 28/11/2018 11:00:06, 83.3, 127.2, 15.6, 44489.4, 765.4, 23.7, 6.5, 5.5, 555.7, 325.7, 107902.1, 433, 42.5, 1186.8, 2.1, 11.6
3, 127117, 28/11/2018 11:20:07, 65.7, 90.8, 11.2, 14423.9, 343.7, 12.4, 2.7, 1.2, 427.3, 232.4, 117808.7, 427.6, 35.1, 983.4, 2.3, 6.9
3, 127118, 28/11/2018 11:40:06, 66, 96.1, 11.2, 15669.3, 310.4, 11.7, 2.6, 0.8, 375.2, 245.9, 63947.9, 618.9, 36.1, 992.7, 2.1, 8.3
3, 127119, 28/11/2018 11:59:06, 64.4, 81, 11.1, 27474.8, 330.6, 26, 1.5, 4.2, 278.9, 207.3, 65467.1, 788.4, 41.2, 915.6, 2.6, 7.2
3, 127120, 28/11/2018 12:20:06, 54.1, 78.3, 10.4, 6143.3, 349.5, 10.4, 0.8, 0.1, 253.2, 200.5, 56556.5, 414, 38.7, 881.9, 1.2, 7
3, 127121, 28/11/2018 12:39:06, 68.7, 89.3, 12, 4573, 388, 21.9, 4.3, 3.3, 401.7, 228.6, 129425.2, 379.8, 34.8, 1072.4, 0.9, 6.9
3, 127122, 28/11/2018 13:00:06, 65.8, 74.4, 9.3, 22316.4, 442.7, 19.6, 1.9, 0.7, 278.2, 190.5, 97504.5, 312.1, 29.4, 931.8, 0.2, 5.1
3, 127123, 28/11/2018 13:20:06, 73.3, 92.3, 11.4, 4409.2, 395.7, 12, 1.4, 0.6, 331.1, 236.3, 62678.8, 386, 29.2, 822.2, 1.5, 7.1
3, 127124, 28/11/2018 13:40:06, 63.9, 89.5, 10.6, 6316, 337.3, 17.6, 0.9, 0.1, 327.7, 229.2, 59896.4, 513.3, 26.9, 595.2, 0.4, 5
3, 127125, 28/11/2018 14:00:05, 81, 107.8, 11.1, 19861.3, 262.9, 18.9, 6.2, 4.3, 307.8, 275.8, 71875.1, 770.2, 26, 673.8, 1.3, 6.8
3, 127126, 28/11/2018 14:20:06, 66.2, 91.2, 9.4, 7332.9, 322.3, 15.2, 0.9, 4.7, 317.2, 233.4, 66112.8, 707, 27.7, 787.3, 1, 4.6
3, 127127, 28/11/2018 14:40:06, 76.8, 81.3, 10.4, 22830.2, 309.3, 13.5, 1, 0.7, 241.7, 208.1, 93304.6, 1114.9, 26.8, 721.1, 0.9, 6
3, 127128, 28/11/2018 15:00:06, 84.1, 130.8, 11.8, 21123.4, 387.7, 22.4, 10.2, 11.9, 523.1, 334.7, 83971, 562.3, 35.6, 1069.1, 1.1, 5.4
3, 127129, 28/11/2018 15:20:05, 78.7, 88.3, 11.8, 2365.5, 366.9, 11.6, 2.6, 1.3, 285, 226.1, 74156.2, 827.3, 25.1, 815.8, 2.2, 5.2
3, 127130, 28/11/2018 15:40:05, 58, 59.1, 8.4, 4551.4, 258.8, 24.5, 0.5, 0.1, 195, 151.3, 57466.9, 1061.4, 24.8, 603.3, 1.9, 3.2
3, 127131, 28/11/2018 15:59:05, 54.8, 67.9, 8, 15471.3, 258.9, 26, 0.5, 0.2, 226.7, 173.8, 65273.6, 824.9, 27.9, 787.9, 2, 4.8
3, 127132, 28/11/2018 16:20:05, 48, 58.2, 7.1, 10815.4, 147.5, 13.8, 0.5, 0.1, 202.4, 149, 57627.2, 1021.6, 26, 639.2, 5.3, 4.9
3, 127133, 28/11/2018 16:39:06, 43.9, 45.9, 6.9, 7593.6, 212.3, 28.8, 0.4, 0.1, 222.9, 117.4, 50407.4, 997, 26, 580.6, 5.5, 3.8
3, 127134, 28/11/2018 17:00:05, 41.2, 44.4, 7.8, 17037.5, 259, 20.6, 0.5, 0, 137.1, 113.6, 52761.7, 989.1, 23.3, 560.2, 3.7, 5.3
3, 127135, 28/11/2018 17:20:06, 43.5, 50, 6.9, 2267, 241.6, 20.8, 0.5, 0.4, 156.3, 128.1, 53527.2, 1108.5, 23.6, 575.6, 3.5, 3.3
3, 127136, 28/11/2018 17:40:05, 41.4, 44.4, 7.1, 5122.5, 183.2, 22, 0.5, 0.8, 263.5, 113.6, 46677.1, 1193.9, 25.4, 580, 3.4, 4.2
3, 127137, 28/11/2018 18:00:05, 31.6, 45.9, 3.9, 15550.7, 275, 11.8, 0.3, 0, 169.6, 117.6, 47795.7, 609.4, 23, 579.8, 2.3, 4.1
3, 127138, 28/11/2018 18:20:05, 33.6, 40, 5.5, 1539.7, 185, 25.7, 0.4, 0, 249.1, 102.3, 44830.5, 1201.6, 19.2, 478.3, 3.7, 5
3, 127139, 28/11/2018 18:40:05, 36.6, 38, 5.3, 1873.9, 128.7, 7.5, 0.4, 0, 145.8, 97.2, 35734.8, 1416, 16.6, 422.1, 2.7, 4.4
3, 127140, 28/11/2018 19:00:04, 34.2, 45.7, 5.1, 17819.7, 140.7, 18.7, 0.4, 0, 211.3, 117, 46581.4, 450.1, 18.7, 475.1, 5.7, 5.4
3, 127141, 28/11/2018 19:20:04, 33.2, 36.4, 4.4, 10253.4, 293.9, 1.7, 0.3, 0, 130.4, 93.3, 49269.8, 462.9, 15.3, 390.7, 0.4, 4
3, 127142, 28/11/2018 19:40:05, 29.2, 30.6, 4.1, 5485.1, 140.9, 18, 0.3, 0, 98.9, 78.2, 33675, 2016.6, 12.5, 285.4, 2, 4.1
3, 127143, 28/11/2018 19:59:05, 33.5, 40.9, 5.6, 18769.4, 417.3, 2.9, 0.4, 0.2, 215, 104.7, 57042.2, 350.8, 14.1, 345.2, 0.8, 5.7
3, 127144, 28/11/2018 20:20:05, 26.4, 39, 4.3, 6162.9, 87.8, 3.4, 0.3, 0, 285.2, 99.8, 60686.4, 327.9, 13.5, 324.4, 1.9, 2.5
3, 127145, 28/11/2018 20:40:04, 21.8, 25.8, 3.9, 4846.7, 36.1, 0.1, 0.3, 0, 88.1, 66.1, 34615.5, 430.1, 11.6, 192.1, 2.4, 2.4
3, 127146, 28/11/2018 21:00:04, 48.3, 69, 8.9, 26203.7, 159.3, 0.7, 0.7, 0.1, 213.5, 176.7, 44595.5, 341.4, 15.9, 380.5, 2.7, 6.7
3, 127147, 28/11/2018 21:21:04, 34.3, 43.7, 5.7, 5492.1, 27.3, 0.8, 0.4, 0, 132.9, 112, 38956.9, 347.5, 11.1, 259.3, 2.3, 3.2
3, 127148, 28/11/2018 21:41:04, 34.5, 37.4, 5.5, 3902.6, 25.8, 0.3, 0.5, 0, 135.1, 95.8, 49278.9, 406.3, 9.8, 254.5, 2.5, 2.7
3, 127149, 28/11/2018 22:00:04, 36.2, 35.2, 5.6, 15709.3, 199.4, 2.7, 0.4, 0, 163, 90, 43730.9, 319, 9.7, 298.4, 0.7, 2.5
3, 127150, 28/11/2018 22:20:09, 24.1, 23.4, 3.1, 2680.6, 55.7, 0.1, 0.3, 0, 68.8, 60, 43867, 270.5, 8.4, 208.2, 0.7, 1.7
3, 127151, 28/11/2018 22:39:09, 24.4, 24.5, 3.4, 5963.8, 47.6, 0, 0.3, 0, 84.3, 62.8, 19932.2, 398.1, 9.8, 190.1, 1.5, 1.6
3, 127152, 28/11/2018 23:00:09, 41.6, 48.8, 6.9, 19052.8, 239.6, 0.7, 0.5, 0.1, 218.1, 125, 47887.3, 326.6, 14.4, 320.4, 2.6, 4.5
3, 127153, 28/11/2018 23:19:09, 22.7, 22.5, 3.7, 5759.6, 51.3, 0.4, 0.3, 0, 77.8, 57.5, 20520.7, 294, 9.1, 147.3, 3.8, 2.1
3, 127154, 28/11/2018 23:39:09, 19.9, 19, 3, 4804, 57.3, 0.1, 0.3, 0, 61.9, 48.7, 22682.2, 412.5, 9.1, 157.4, 3.4, 1.6
4, 127083, 27/11/2018 23:59:18, 36.6, 46.1, 8.2, 21135.3, 82.9, 3.5, 0.5, 0, 259.5, 118.1, 56053.2, 182.9, 26.4, 421.2, 21.1, 10.4
4, 127084, 28/11/2018 00:19:18, 50.4, 72.8, 11.2, 21758.3, 293.2, 2.6, 0.7, 0.5, 282.4, 186.4, 73856.5, 541.2, 44.9, 590.8, 21.2, 18
4, 127085, 28/11/2018 00:40:18, 80.1, 106.1, 15.3, 5632.7, 335, 3.1, 1.7, 10.5, 326.1, 271.5, 71458.5, 575.5, 55.1, 784.5, 18.2, 10.3
4, 127086, 28/11/2018 00:59:18, 77.9, 115, 15.2, 20830.2, 449.4, 1.8, 2.6, 13.8, 350.5, 294.3, 74453.4, 401.3, 52.4, 815.2, 17.6, 11.4
4, 127087, 28/11/2018 01:19:18, 66.4, 95.1, 12.4, 5647.4, 710.4, 1.8, 0.9, 4.7, 387.6, 243.4, 73778.2, 209.4, 43.5, 672, 13.6, 8.3
4, 127088, 28/11/2018 01:40:18, 65.9, 104.1, 12.3, 2331.3, 543.5, 1.7, 0.8, 6, 369.1, 266.4, 70735.7, 147.1, 43, 648.8, 13.9, 8.6
4, 127089, 28/11/2018 02:00:18, 77.2, 99.6, 14.7, 34920.6, 560.3, 2.7, 1.4, 2.9, 305, 254.9, 74047.3, 202.6, 42.5, 732.3, 16.6, 11.4
4, 127090, 28/11/2018 02:19:18, 70.2, 86.2, 14.4, 8771.3, 449.2, 2.1, 0.8, 2.1, 296.8, 220.7, 60552.3, 156.9, 36.4, 615.9, 17.2, 10
4, 127091, 28/11/2018 02:40:18, 54.9, 73.9, 10.4, 13176.7, 405.3, 2.1, 0.6, 3.7, 253.9, 189.3, 63512.3, 128.4, 32.1, 518.3, 17.7, 12.8
4, 127092, 28/11/2018 02:59:17, 78.9, 106.8, 14.5, 16664.8, 487.9, 5.6, 2.7, 12.8, 305.7, 273.3, 83389.5, 172.7, 38.9, 777.5, 12.1, 13.9
4, 127093, 28/11/2018 03:19:18, 74.8, 98.8, 13.7, 3986.4, 423.8, 4.6, 2.9, 10.6, 370.4, 253, 84903.1, 196.1, 37.7, 785.8, 14.7, 14.5
4, 127094, 28/11/2018 03:40:17, 57.3, 77.9, 10.5, 16372.1, 178.2, 8.2, 0.6, 0, 295.1, 199.4, 69674.4, 142.4, 32.6, 726.5, 18.4, 17.5
4, 127095, 28/11/2018 03:59:17, 53.4, 69.5, 11.1, 26397.3, 299, 6.9, 0.7, 0, 222.8, 178, 103531.3, 201.4, 35.4, 697.6, 15.7, 14.7
4, 127096, 28/11/2018 04:19:18, 56.9, 56.7, 10.8, 8172.4, 501.6, 9, 0.7, 0, 253.9, 145.1, 86041, 327.9, 31.4, 519.5, 18.8, 9.6
4, 127097, 28/11/2018 04:40:17, 52.7, 49, 8.7, 9038.6, 453.4, 9, 0.6, 0, 163.2, 125.4, 78314.9, 204.2, 33.1, 496.5, 18.8, 3.8
4, 127098, 28/11/2018 04:59:17, 54.7, 110.4, 10.9, 109749.4, 414.4, 8.3, 0.7, 0, 419.3, 282.7, 84368.7, 278.9, 40, 748.2, 22.7, 65.3
4, 127099, 28/11/2018 05:19:17, 41.4, 49.8, 9.4, 8831.2, 371.6, 13.1, 0.6, 0, 207.4, 127.6, 78131.5, 187.7, 33.4, 622.2, 20.3, 11.5
4, 127100, 28/11/2018 05:40:17, 34.6, 41.8, 6.7, 1899.6, 185.5, 7.8, 0.4, 0, 146.5, 107, 35773.3, 119.2, 26.7, 505.8, 19.9, 5.2
4, 127101, 28/11/2018 06:00:16, 46.9, 72.7, 10.2, 33196.1, 168.2, 6.9, 0.7, 0.9, 279, 186.1, 102441.1, 234.3, 32.9, 730.7, 18.4, 7.2
4, 127102, 28/11/2018 06:19:16, 44, 74.8, 11.3, 3046.4, 239.4, 5.3, 0.7, 0, 240.6, 191.6, 77960.2, 158.9, 34.4, 756.2, 19.6, 7.7
4, 127103, 28/11/2018 06:39:17, 48.3, 57.5, 10.5, 5963.9, 165.1, 8.6, 0.7, 0.4, 195.3, 147.2, 73741.1, 276.4, 33, 608.9, 21, 7.6
4, 127104, 28/11/2018 07:00:17, 62.5, 78.2, 11.7, 30139.2, 323.5, 8, 0.8, 0.8, 264.6, 200.2, 57039, 210.9, 32.4, 659.2, 22.8, 9.8
4, 127105, 28/11/2018 07:20:16, 38, 52.3, 8.1, 6996.7, 266.1, 6, 0.5, 0, 280, 134, 78789.4, 279, 31.3, 641.1, 23, 10
4, 127106, 28/11/2018 07:40:17, 32.3, 44.1, 7.5, 3472.6, 336.7, 8.4, 0.5, 0.1, 281.4, 112.9, 53723.2, 132.1, 26.3, 566.2, 23.5, 4.6
4, 127107, 28/11/2018 07:59:17, 39.9, 59, 9.9, 22769, 202.2, 7.9, 0.7, 0.1, 262.3, 151, 97869.2, 180.4, 29.9, 555, 21.7, 10.7
4, 127108, 28/11/2018 08:19:16, 45.5, 54.9, 9.6, 10407.2, 341.7, 6.4, 0.6, 0.2, 221.7, 140.6, 42411.9, 162.1, 29.2, 610.7, 20.8, 10.1
4, 127109, 28/11/2018 08:39:16, 41, 46, 8.8, 3899.9, 122.6, 7.5, 0.6, 0, 218.4, 117.7, 75024.1, 141.9, 28.5, 561.5, 20.6, 9.7
4, 127110, 28/11/2018 09:00:16, 43.2, 74.8, 10, 47030, 105.7, 9.6, 0.6, 0, 252.1, 191.4, 55153.6, 151.7, 34.8, 638.4, 19.4, 15
4, 127111, 28/11/2018 09:19:16, 73.8, 90.8, 14.7, 33674.8, 317.2, 12.8, 1.4, 0.5, 380.8, 232.5, 51435.9, 350.5, 37, 617.7, 19.3, 12.2
4, 127112, 28/11/2018 09:40:16, 66.6, 88.6, 13.2, 34737.4, 136.5, 1.7, 0.8, 5, 292.1, 226.8, 55188.2, 365.5, 38, 609.3, 19.4, 13.4
4, 127113, 28/11/2018 09:59:16, 68.9, 83.5, 15, 45622.1, 156.5, 5.8, 1, 4.3, 274, 213.8, 47041.6, 365.6, 36.8, 610.2, 19.5, 15.2
4, 127114, 28/11/2018 10:20:16, 52.1, 67.6, 11.6, 37471.5, 219.4, 9.5, 0.7, 0.3, 207.1, 173.1, 53579.3, 337.2, 37.7, 660.9, 23.2, 16.1
4, 127115, 28/11/2018 10:40:16, 55.2, 84.2, 10.8, 5382, 328.8, 5.8, 1.8, 0.7, 375.3, 215.4, 96049, 147.4, 40.9, 860.5, 21.4, 9.1
4, 127116, 28/11/2018 10:59:15, 51.4, 100.5, 10.7, 25272.2, 150.2, 8.5, 1, 0.6, 343, 257.3, 71192.8, 164.5, 47, 1236.5, 19.5, 12.9
4, 127117, 28/11/2018 11:22:16, 57.7, 86.7, 11.9, 7829.3, 230.9, 13, 1, 4.2, 357.9, 222, 53300.5, 138.8, 41.8, 1042.7, 15.5, 9
4, 127118, 28/11/2018 11:40:15, 56.7, 75.6, 10.3, 16630.5, 157.2, 11.3, 0.7, 1.4, 253.6, 193.4, 49594.5, 191.5, 43.3, 1113.3, 21.5, 9.4
4, 127119, 28/11/2018 11:59:15, 44, 63.3, 10.2, 42655.1, 116.8, 10.2, 0.8, 0.1, 226.4, 162.1, 84862.9, 487.2, 38.4, 888.5, 22.7, 11.4
4, 127120, 28/11/2018 12:19:15, 49, 66.1, 10.3, 14134.3, 310.4, 12.4, 0.7, 0.1, 238.6, 169.2, 44460.5, 274.2, 36.2, 844.9, 20, 8.5
4, 127121, 28/11/2018 12:39:15, 48.7, 57.1, 8.3, 6761.3, 247.4, 15.5, 0.6, 0, 257.2, 146.1, 42161.5, 413.6, 33, 775.3, 19.2, 6.3
4, 127122, 28/11/2018 13:00:15, 51.5, 77.9, 9.9, 18528.8, 343.1, 9.9, 0.6, 0, 254.9, 199.3, 44979.4, 325.1, 32.6, 894.1, 16.9, 10.1
4, 127123, 28/11/2018 13:20:15, 55.8, 95, 9.8, 6076.5, 177, 9.8, 0.6, 0, 1348.1, 243.1, 50796.5, 261.8, 29.8, 848.8, 20.8, 8.2
4, 127124, 28/11/2018 13:40:15, 47.8, 67.2, 7.7, 2786.3, 349, 7.1, 0.5, 0, 200.6, 172, 63577.3, 128.9, 29.1, 705.9, 13.8, 5.3
4, 127125, 28/11/2018 14:00:15, 39.3, 60.4, 6.9, 20431.6, 222, 21.3, 0.5, 0, 243.1, 154.6, 48598.1, 219.8, 29.1, 665.2, 14.1, 7.2
4, 127126, 28/11/2018 14:19:15, 47.5, 69.4, 8.6, 7391.5, 291.7, 8, 0.6, 0.1, 286.9, 177.8, 72234.7, 235, 28.4, 650, 15.6, 7.2
4, 127127, 28/11/2018 14:40:15, 44.3, 56.9, 7.6, 4153, 143.4, 4.9, 0.5, 0, 170.5, 145.7, 45556.3, 243.3, 27.5, 642.9, 18.6, 6.7
4, 127128, 28/11/2018 14:59:15, 43.9, 67.7, 8.1, 17745.7, 152.4, 3.3, 0.6, 0.1, 252.9, 173.2, 39813, 291.6, 30, 633.3, 4, 8.6
4, 127129, 28/11/2018 15:20:14, 45.7, 67.8, 10.3, 25868.1, 92.2, 4.1, 0.7, 0.4, 255.4, 173.5, 67957.2, 506.4, 33, 563.5, 2.2, 11.3
4, 127130, 28/11/2018 15:40:15, 51.7, 62.2, 10.8, 20161.3, 104.8, 8.6, 0.7, 0.1, 186.6, 159.2, 57541.1, 461.1, 29.5, 583.4, 2, 11.2
4, 127131, 28/11/2018 15:59:14, 58.9, 79.1, 10.9, 22785.7, 144.9, 4.9, 1.7, 2, 384.4, 202.4, 51143.7, 376.7, 32.6, 775.7, 3.2, 10.9
4, 127132, 28/11/2018 16:20:15, 71, 78.7, 10.9, 8093.6, 444.1, 1.4, 1.8, 1.2, 252.2, 201.5, 54331.1, 432.8, 25.2, 580.1, 1.7, 9.8
4, 127133, 28/11/2018 16:39:14, 35.9, 39.5, 6, 11200.6, 277.4, 1.7, 0.4, 0.1, 166.2, 101, 55793.3, 619.7, 22.1, 444.7, 1.4, 9.7
4, 127134, 28/11/2018 16:59:15, 58.4, 63.6, 10.4, 27577.2, 295.1, 1.5, 1.5, 0.1, 254.3, 162.9, 104183.9, 331.8, 23.6, 544.5, 1, 12.5
4, 127135, 28/11/2018 17:19:14, 66.8, 72.7, 10.8, 12461.2, 459.2, 1.5, 0.9, 0.2, 235.9, 186.1, 83596.5, 367.3, 21.8, 550.6, 0.6, 7.9
4, 127136, 28/11/2018 17:40:15, 63.7, 60.6, 10.3, 9365.7, 527.6, 1.4, 0.8, 0.2, 218.1, 155.1, 81920.3, 398.1, 19.2, 490.4, 0.9, 6.3
4, 127137, 28/11/2018 17:59:14, 48.1, 70.8, 7.8, 27139.2, 340.3, 5.7, 0.6, 0, 278.4, 181.2, 59770.4, 292.2, 23.1, 521.6, 0.7, 7.7
4, 127138, 28/11/2018 18:20:14, 50.6, 50.2, 9.8, 8949.7, 279.8, 2.5, 0.7, 0.2, 221.5, 128.4, 21192.3, 457.8, 17.7, 397.5, 0.4, 8.1
4, 127139, 28/11/2018 18:40:14, 31.4, 30.5, 4.6, 24363.9, 80.7, 2.6, 0.3, 0, 100.4, 78.1, 23261.6, 700.5, 14.2, 287.7, 5, 6.2
4, 127140, 28/11/2018 19:00:14, 29, 41.9, 5.1, 24021.2, 59.1, 3.4, 0.4, 0, 182.1, 107.1, 34707.9, 413.9, 25.9, 383.4, 16.9, 7.8
4, 127141, 28/11/2018 19:19:14, 32.7, 42.7, 6.2, 11941.7, 225.7, 0.6, 0.4, 0, 247.2, 109.4, 19498.1, 410.4, 27.4, 418.2, 18.3, 7.9
4, 127142, 28/11/2018 19:40:14, 21.3, 19.4, 3.6, 8560.7, 48.1, 0.6, 0.3, 0, 73.2, 49.8, 16374.1, 820.7, 20.6, 235.6, 20.4, 4
4, 127143, 28/11/2018 19:59:14, 27.3, 42.5, 5.4, 33418.3, 90, 4.4, 0.4, 0, 202, 108.9, 20919.9, 386.1, 27.2, 376.6, 16.1, 6.8
4, 127144, 28/11/2018 20:19:14, 29.5, 34.8, 5.6, 5652.9, 71.8, 7, 0.4, 0, 128.7, 89.2, 30931.4, 635.4, 25.1, 366.5, 21.8, 2.8
4, 127145, 28/11/2018 20:40:13, 28.9, 32.6, 5.4, 5559.3, 64.7, 1.9, 0.4, 0, 122.8, 83.5, 57566.9, 651.5, 21.6, 333.5, 20, 2.6
4, 127146, 28/11/2018 21:00:13, 33.4, 41.8, 6.2, 21072.3, 78, 3.6, 0.4, 0, 145.1, 107.1, 74028.4, 576.4, 22.5, 357.5, 17.8, 7.6
4, 127147, 28/11/2018 21:20:14, 25.2, 23.2, 4.4, 9359.8, 66.4, 4.4, 0.4, 0, 79.7, 59.3, 36208, 722.1, 21.8, 322, 22.2, 2.1
4, 127148, 28/11/2018 21:39:13, 20.6, 20.6, 3.5, 8921.9, 44.2, 5.5, 0.3, 0, 83.4, 52.8, 33541.3, 678.4, 19.5, 267.2, 19.7, 1.9
4, 127149, 28/11/2018 21:59:13, 29.9, 30.3, 6, 25689.2, 45.3, 5.3, 0.4, 0, 136.3, 77.7, 31148.4, 586.1, 22.2, 322.9, 19.6, 5.4
4, 127150, 28/11/2018 22:19:13, 24.8, 25.9, 5.1, 8851.1, 48.8, 5.6, 0.4, 0, 109.9, 66.3, 25058.5, 637.9, 17.9, 287.3, 18.4, 4.1
4, 127151, 28/11/2018 22:39:13, 23.9, 21.1, 4.7, 6649.6, 47.7, 6.7, 0.4, 0, 62.9, 53.9, 18017.1, 678.9, 16.6, 269.7, 19.4, 3.1
4, 127152, 28/11/2018 22:59:13, 27.6, 31.5, 5.4, 23965, 51.2, 4.3, 0.4, 0, 111, 80.6, 16995.9, 638.2, 17.6, 253.4, 16.4, 3.6
4, 127153, 28/11/2018 23:19:13, 25, 18.4, 4.3, 9240.8, 89.3, 1.1, 0.3, 0, 79.1, 47, 29224.4, 974.8, 16.4, 212.1, 19.9, 2
4, 127154, 28/11/2018 23:39:13, 22.4, 18, 4.2, 7429.2, 55.6, 1.3, 0.3, 0, 59.7, 46, 13334, 863.2, 14.8, 188.4, 19.7, 1.9
