INSTANCE_NUMBER, SNAP_ID, T_BEG, USR_GROUP, CPU, DBTIME, PGA, OTH_WAIT, PXENQ, PXQTIME, PXQRY, PXREL, REQS, YIELDS, IOWAIT, READ, WRITE
1, 130140, 13/01/2019 00:20:02, ADW_UNLOAD_GROUP, 0, 0, 0, 0, 0, 0, 0, 0, 252, 0, 0, 0, 0
1, 130141, 13/01/2019 00:40:10, ADW_UNLOAD_GROUP, 0, 0, 0, 0, 0, 0, 0, 0, 334, 1, 0, 0, 0
1, 130142, 13/01/2019 01:00:15, ADW_UNLOAD_GROUP, 7.2, 22.2, 2539.5, 9, 0, 0, 12, 134, 1154, 1963, 6, 2802.9, 7721.6
1, 130143, 13/01/2019 01:20:14, ADW_UNLOAD_GROUP, 4.4, 8.9, 2037, 2.5, 0, 0, 15, 136, 792, 1078, 2, 1564.9, 3058.4
1, 130144, 13/01/2019 01:40:09, ADW_UNLOAD_GROUP, 1.3, 4.1, 608.7, 2.2, 0, 0, 6, 38, 399, 145, 0.6, 150.2, 1597.9
1, 130145, 13/01/2019 02:00:09, ADW_UNLOAD_GROUP, 2.1, 4.7, 699.3, 2.1, 0, 0, 6, 40, 176, 222, 0.5, 237.8, 1145.5
1, 130146, 13/01/2019 02:20:44, ADW_UNLOAD_GROUP, 9.6, 14.8, 2889.6, 4, 0, 0, 27, 264, 1112, 5188, 1.2, 4169.7, 1774.2
1, 130147, 13/01/2019 02:40:05, ADW_UNLOAD_GROUP, 32.3, 42.8, 31417.6, 8.2, 0, 0, 32, 336, 871, 42515, 2.3, 3987, 3101.4
1, 130148, 13/01/2019 03:00:21, ADW_UNLOAD_GROUP, 23.1, 38.4, 23075, 14.3, 0, 0, 17, 220, 428, 10599, 1, 3036.3, 1235.1
1, 130149, 13/01/2019 03:20:01, ADW_UNLOAD_GROUP, 17.2, 39.4, 10081.1, 18.3, 0, 0, 8, 104, 596, 12566, 3.9, 2261.5, 2167.8
1, 130150, 13/01/2019 03:40:09, ADW_UNLOAD_GROUP, 12.6, 38.9, 10158.1, 17.1, 0, 0, 19, 260, 403, 14090, 9.2, 1633.7, 4472.1
1, 130151, 13/01/2019 04:00:07, ADW_UNLOAD_GROUP, 6.6, 10.6, 15454.1, 0.9, 0, 0, 20, 233, 473, 1128, 3.1, 355.2, 5491.2
1, 130152, 13/01/2019 04:20:05, ADW_UNLOAD_GROUP, 3.1, 4, 7377.6, 0.8, 0, 0, 13, 108, 831, 445, 0.1, 384.1, 94.7
1, 130153, 13/01/2019 04:40:16, ADW_UNLOAD_GROUP, 0.1, 0.2, 613, 0.1, 0, 0, 1, 16, 313, 1, 0, 5.6, 0
1, 130154, 13/01/2019 05:00:09, ADW_UNLOAD_GROUP, 0, 0, 0, 0, 0, 0, 0, 0, 558, 0, 0, 0, 0
1, 130158, 13/01/2019 06:20:01, ADW_UNLOAD_GROUP, 0, 0, 0, 0, 0, 0, 0, 0, 81, 0, 0, 0, 0
1, 130159, 13/01/2019 06:40:10, ADW_UNLOAD_GROUP, 0, 0, 0, 0, 0, 0, 0, 0, 44, 0, 0, 0, 0
1, 130190, 13/01/2019 17:00:03, ADW_UNLOAD_GROUP, 25.3, 29.3, 12759.2, 2.3, 0, 0, 48, 516, 1412, 30962, 1.7, 5142.7, 2523.3
1, 130191, 13/01/2019 17:20:12, ADW_UNLOAD_GROUP, 33.3, 51.5, 16666.6, 16.2, 0, 0, 39, 400, 914, 55968, 2, 5430, 2157.4
1, 130192, 13/01/2019 17:40:04, ADW_UNLOAD_GROUP, 20.5, 29.4, 14270.2, 6.9, 0, 0, 24, 381, 515, 25787, 2, 2474, 2075.9
1, 130193, 13/01/2019 18:00:18, ADW_UNLOAD_GROUP, 18.4, 46.5, 10187.9, 0.4, 0, 0, 21, 188, 528, 6072, 27.7, 2281.3, 6974.2
1, 130194, 13/01/2019 18:20:33, ADW_UNLOAD_GROUP, 2.7, 6.3, 2653.6, 0.8, 0, 0, 1, 16, 45, 399, 2.8, 187, 1067
1, 130195, 13/01/2019 18:40:01, ADW_UNLOAD_GROUP, 1.6, 6.2, 920.5, 0.9, 0, 0, 8, 128, 257, 299, 3.7, 1983.3, 1925
1, 130196, 13/01/2019 19:00:05, ADW_UNLOAD_GROUP, 1, 6.3, 1239, 1.1, 0, 0, 0, 0, 60, 85, 4.2, 30.1, 2088.3
1, 130197, 13/01/2019 19:20:12, ADW_UNLOAD_GROUP, 0.7, 2.1, 1067.9, 0, 0, 0, 0, 0, 68, 30, 1.4, 16.4, 763.1
1, 130198, 13/01/2019 19:40:04, ADW_UNLOAD_GROUP, 0.7, 1.5, 926.3, 0, 0, 0, 0, 0, 89, 33, 0.8, 12.4, 453.9
1, 130199, 13/01/2019 20:00:08, ADW_UNLOAD_GROUP, 12.2, 15.7, 3195.9, 1.7, 0, 0, 9, 99, 1604, 7050, 1.8, 1255.4, 2128.9
1, 130200, 13/01/2019 20:20:04, ADW_UNLOAD_GROUP, 11.7, 16.1, 10631, 2.1, 0, 0, 6, 112, 360, 7075, 2.3, 1363.9, 7980.5
1, 130201, 13/01/2019 20:40:16, ADW_UNLOAD_GROUP, 14.1, 20.4, 8135.5, 3.2, 0, 0, 19, 304, 701, 15789, 3.1, 1926.8, 3362
1, 130202, 13/01/2019 21:00:09, ADW_UNLOAD_GROUP, 33.1, 68.3, 10256.8, 19.4, 0, 0, 20, 384, 533, 69384, 15.8, 1084.3, 11500.5
1, 130203, 13/01/2019 21:20:25, ADW_UNLOAD_GROUP, 29.5, 61.5, 10315, 1.7, 0, 0, 12, 256, 940, 34796, 30.3, 1799.9, 9771.5
1, 130204, 13/01/2019 21:40:42, ADW_UNLOAD_GROUP, 30.8, 56.8, 7615.5, 15, 0, 0, 43, 720, 1055, 55286, 11, 935.9, 15326.8
1, 130205, 13/01/2019 22:00:01, ADW_UNLOAD_GROUP, 28.4, 37.8, 13362.3, 2.8, 0, 0, 62, 1072, 1508, 24868, 6.6, 1323.7, 12336.3
1, 130206, 13/01/2019 22:20:01, ADW_UNLOAD_GROUP, 18.1, 19.2, 6134.8, 0, 0, 0, 17, 352, 556, 6694, 1.1, 2209.3, 2646.3
1, 130207, 13/01/2019 22:40:06, ADW_UNLOAD_GROUP, 17.5, 17.6, 8905.1, 0, 0, 0, 0, 0, 183, 5888, 0.1, 280.5, 80.6
1, 130208, 13/01/2019 23:00:10, ADW_UNLOAD_GROUP, 13.2, 14.6, 9447.1, 1.2, 0, 0, 28, 244, 638, 5703, 0.2, 481.5, 152.6
1, 130209, 13/01/2019 23:20:15, ADW_UNLOAD_GROUP, 9.2, 9.5, 9908.2, 0.1, 0, 0, 0, 0, 174, 2824, 0.2, 310.4, 171.7
1, 130210, 13/01/2019 23:40:17, ADW_UNLOAD_GROUP, 3.4, 4.2, 1998.3, 0.6, 0, 0, 1, 32, 363, 820, 0.2, 209.7, 290.9
1, 130139, 13/01/2019 00:00:00, FP_DM_PRIOR, 12, 20.6, 6084, 4.4, 0, 0, 86, 2088, 2673, 6695, 4.2, 2013.8, 16112.4
1, 130140, 13/01/2019 00:20:02, FP_DM_PRIOR, 8.8, 15.7, 21647.9, 5.1, 0, 0, 3, 80, 98, 2340, 1.8, 715.5, 6549.2
1, 130141, 13/01/2019 00:40:10, FP_DM_PRIOR, 11.7, 18.2, 6634.2, 3.9, 0, 0, 83, 2216, 2089, 7536, 2.6, 1530.4, 7087.3
1, 130142, 13/01/2019 01:00:15, FP_DM_PRIOR, 12.1, 18, 4592.2, 1.8, 0, 0, 37, 872, 952, 3696, 4.1, 797.1, 9932.1
1, 130143, 13/01/2019 01:20:14, FP_DM_PRIOR, 9.1, 13.7, 4193.2, 1, 0, 0, 10, 129, 170, 1373, 3.6, 342.2, 9542
1, 130144, 13/01/2019 01:40:09, FP_DM_PRIOR, 11.4, 17.1, 4577.6, 2.3, 0, 0, 1, 16, 25, 2230, 3.4, 377.1, 10851.6
1, 130145, 13/01/2019 02:00:09, FP_DM_PRIOR, 15, 27.5, 6613.6, 7.3, 0, 0, 8, 192, 424, 14012, 5.2, 706.9, 9537.6
1, 130146, 13/01/2019 02:20:44, FP_DM_PRIOR, 17.6, 26.9, 8377.5, 4.2, 0, 0, 7, 95, 54, 13032, 5.1, 940, 13578.2
1, 130147, 13/01/2019 02:40:05, FP_DM_PRIOR, 14, 21.3, 8820.3, 3.5, 0, 0, 3, 41, 48, 8770, 3.8, 446.7, 9518.6
1, 130148, 13/01/2019 03:00:21, FP_DM_PRIOR, 11.6, 21.5, 9454.6, 6.1, 0, 0, 0, 0, 0, 3779, 3.8, 362, 8643.2
1, 130149, 13/01/2019 03:20:01, FP_DM_PRIOR, 5.8, 10.6, 4603.6, 2.4, 0, 0, 9, 152, 325, 1799, 2.4, 226, 2834.7
1, 130150, 13/01/2019 03:40:09, FP_DM_PRIOR, 7.1, 19.3, 10923.2, 9.8, 0, 0, 36, 459, 573, 3501, 2.4, 610.2, 1677
1, 130151, 13/01/2019 04:00:07, FP_DM_PRIOR, 7, 9.2, 2898.5, 0.6, 0, 0, 3, 41, 91, 1650, 1.6, 495.9, 3335.8
1, 130152, 13/01/2019 04:20:05, FP_DM_PRIOR, 9.7, 11.4, 13088.4, 0.9, 0, 0, 98, 2425, 2534, 4798, 0.8, 1568.6, 854.9
1, 130153, 13/01/2019 04:40:16, FP_DM_PRIOR, 10.8, 14.7, 14542, 2.9, 0, 0, 37, 850, 945, 3707, 1, 1210.9, 2872.1
1, 130154, 13/01/2019 05:00:09, FP_DM_PRIOR, 8.5, 9.6, 7942, 1, 0, 0, 2, 4, 26, 1139, 0.1, 275.4, 61.6
1, 130155, 13/01/2019 05:20:23, FP_DM_PRIOR, 14, 19.2, 8627.7, 3.9, 0, 0, 11, 256, 546, 4811, 1.3, 973.8, 2368.6
1, 130156, 13/01/2019 05:40:03, FP_DM_PRIOR, 11, 14.7, 7939.7, 3.3, 0, 0, 6, 128, 86, 2961, 0.4, 627.3, 1148.4
1, 130157, 13/01/2019 06:00:08, FP_DM_PRIOR, 8, 9.7, 13645.1, 1.5, 0, 0, 1, 16, 16, 980, 0.2, 174.2, 438.5
1, 130158, 13/01/2019 06:20:01, FP_DM_PRIOR, 7.7, 8.9, 6790.9, 1, 0, 0, 58, 1200, 1409, 1930, 0.2, 444, 87.6
1, 130159, 13/01/2019 06:40:10, FP_DM_PRIOR, 9.8, 21, 14915.2, 10.5, 0, 0, 27, 672, 697, 4155, 0.7, 1416.1, 1913.2
1, 130190, 13/01/2019 17:00:03, FP_DM_PRIOR, 2.8, 13.3, 18512.3, 10.4, 0, 0, 26, 720, 594, 916, 0.1, 35.2, 26.3
1, 130191, 13/01/2019 17:20:12, FP_DM_PRIOR, 2.5, 7.6, 11448.5, 5, 0, 0, 34, 960, 769, 1187, 0.1, 47.6, 32.6
1, 130192, 13/01/2019 17:40:04, FP_DM_PRIOR, 9, 11.5, 5128.1, 1, 0, 0, 142, 3552, 3366, 5180, 1.5, 1809, 5247.2
1, 130193, 13/01/2019 18:00:18, FP_DM_PRIOR, 3.7, 4.3, 4424.6, 0.6, 0, 0, 5, 72, 248, 925, 0, 175.4, 54.2
1, 130194, 13/01/2019 18:20:33, FP_DM_PRIOR, 5.9, 8.4, 3667.4, 1.8, 0, 0, 128, 3224, 3240, 7127, 0.7, 1911.3, 2592.7
1, 130195, 13/01/2019 18:40:01, FP_DM_PRIOR, 2.4, 2.8, 5419.8, 0.4, 0, 0, 1, 16, 66, 361, 0, 113.2, 234.5
1, 130196, 13/01/2019 19:00:05, FP_DM_PRIOR, 5.8, 8.2, 4552.2, 1.1, 0, 0, 134, 3256, 3222, 6848, 1.3, 1974.7, 2943.4
1, 130197, 13/01/2019 19:20:12, FP_DM_PRIOR, 6.2, 7.2, 4097.8, 0.3, 0, 0, 127, 3136, 2968, 8221, 0.7, 1589.3, 1868.7
1, 130198, 13/01/2019 19:40:04, FP_DM_PRIOR, 6.6, 7.2, 9517.1, 0.5, 0, 0, 1, 16, 102, 1831, 0.1, 539, 803
1, 130199, 13/01/2019 20:00:08, FP_DM_PRIOR, 14.6, 29.2, 22840.2, 12.2, 0, 0, 139, 3504, 3820, 15932, 2.4, 1965.7, 3315.7
1, 130200, 13/01/2019 20:20:04, FP_DM_PRIOR, 11.7, 16.3, 10208.2, 2.7, 0, 0, 43, 964, 1116, 4518, 1.9, 546.8, 5694.3
1, 130201, 13/01/2019 20:40:16, FP_DM_PRIOR, 7.5, 10.2, 7481.9, 2.3, 0, 0, 5, 112, 160, 1601, 0.4, 608.4, 716.1
1, 130202, 13/01/2019 21:00:09, FP_DM_PRIOR, 12, 25.1, 27743.6, 9.8, 0, 0, 87, 2096, 2025, 14156, 3.3, 1077.6, 4973.7
1, 130203, 13/01/2019 21:20:25, FP_DM_PRIOR, 14.6, 20.6, 10188.1, 4.2, 0, 0, 68, 1350, 1313, 16279, 1.8, 1177.9, 2379.6
1, 130204, 13/01/2019 21:40:42, FP_DM_PRIOR, 14.2, 21.4, 10014.1, 5.4, 0, 0, 1, 32, 102, 7478, 1.8, 455.9, 4273.2
1, 130205, 13/01/2019 22:00:01, FP_DM_PRIOR, 10.2, 16.5, 15030.6, 4.4, 0, 0, 1, 4, 284, 3839, 1.9, 390.9, 3915.1
1, 130206, 13/01/2019 22:20:01, FP_DM_PRIOR, 17.4, 27.6, 19071.8, 7.6, 0, 0, 121, 3000, 2825, 27767, 2.6, 1842.7, 3497.5
1, 130207, 13/01/2019 22:40:06, FP_DM_PRIOR, 12.3, 15.8, 8034.2, 0.7, 0, 0, 7, 116, 104, 3532, 2.8, 685.3, 7285.6
1, 130208, 13/01/2019 23:00:10, FP_DM_PRIOR, 10.2, 16.4, 7037.7, 2.8, 0, 0, 0, 0, 100, 4098, 3.4, 414.4, 10202.9
1, 130209, 13/01/2019 23:20:15, FP_DM_PRIOR, 15.1, 26.6, 7386.9, 5.8, 0, 0, 122, 3056, 2879, 15685, 5.7, 1907.7, 13643.4
1, 130210, 13/01/2019 23:40:17, FP_DM_PRIOR, 14.2, 19.5, 24537.9, 2.2, 0, 0, 5, 80, 116, 8078, 3.1, 721.3, 11120
1, 130140, 13/01/2019 00:20:02, HDP_UNLOAD_GROUP, 3.7, 19.8, 984.7, 12.8, 0, 0, 16, 192, 584, 15483, 3.3, 4432.4, 899
1, 130141, 13/01/2019 00:40:10, HDP_UNLOAD_GROUP, 10.1, 28.5, 2076.4, 13.7, 0, 0, 39, 348, 515, 18256, 4.7, 3037.2, 1451.2
1, 130142, 13/01/2019 01:00:15, HDP_UNLOAD_GROUP, 9.9, 29.3, 2547.9, 14.8, 0, 0, 50, 440, 903, 15998, 4.6, 707.3, 333.5
1, 130143, 13/01/2019 01:20:14, HDP_UNLOAD_GROUP, 9.7, 27.5, 2548.5, 9.1, 1, 0, 51, 568, 927, 11639, 8.7, 620.7, 1134.6
1, 130144, 13/01/2019 01:40:09, HDP_UNLOAD_GROUP, 9.4, 24.5, 2479.9, 3.5, 0, 0, 24, 196, 370, 7575, 11.6, 664.3, 2778.8
1, 130145, 13/01/2019 02:00:09, HDP_UNLOAD_GROUP, 7.4, 17.1, 1620.2, 0.6, 0, 0, 2, 16, 0, 5728, 9.1, 445.5, 1408.2
1, 130146, 13/01/2019 02:20:44, HDP_UNLOAD_GROUP, 2.5, 4, 230.7, 0.2, 0, 0, 21, 164, 214, 590, 1.3, 190.9, 739.5
1, 130147, 13/01/2019 02:40:05, HDP_UNLOAD_GROUP, 2.2, 2.3, 122.4, 0.1, 0, 0, 12, 104, 184, 664, 0, 147.6, 3.5
1, 130148, 13/01/2019 03:00:21, HDP_UNLOAD_GROUP, 0, 0, 0, 0, 0, 0, 1, 8, 3, 2, 0, 1, 0
1, 130152, 13/01/2019 04:20:05, HDP_UNLOAD_GROUP, 0, 0.1, 0.9, 0.1, 0, 0, 12, 96, 187, 3, 0, 2.2, 2.9
1, 130139, 13/01/2019 00:00:00, ODS_SUPPORT_GROUP, 0, 0, 0, 0, 0, 0, 0, 0, 6, 0, 0, 0, 0
1, 130140, 13/01/2019 00:20:02, ODS_SUPPORT_GROUP, 0, 0, None, 0, 0, 0, 0, 0, 6, 0, 0, 0, 0
1, 130141, 13/01/2019 00:40:10, ODS_SUPPORT_GROUP, 0, 0, 4, 0, 0, 0, 0, 0, 9, 1, 0, 0, 0
1, 130142, 13/01/2019 01:00:15, ODS_SUPPORT_GROUP, 0, 0, 3.4, 0, 0, 0, 0, 0, 8, 1, 0, 0, 0
1, 130143, 13/01/2019 01:20:14, ODS_SUPPORT_GROUP, 0, 0, 6.2, 0, 0, 0, 0, 0, 11, 2, 0, 0, 0
1, 130144, 13/01/2019 01:40:09, ODS_SUPPORT_GROUP, 0, 0, 2.1, 0, 0, 0, 0, 0, 8, 2, 0, 0, 0
1, 130145, 13/01/2019 02:00:09, ODS_SUPPORT_GROUP, 0.1, 0.1, 2.9, 0, 0, 0, 0, 0, 9, 10, 0, 1.9, 2
1, 130146, 13/01/2019 02:20:44, ODS_SUPPORT_GROUP, 0.1, 0.1, 6, 0, 0, 0, 0, 0, 18, 13, 0, 1.6, 1.7
1, 130147, 13/01/2019 02:40:05, ODS_SUPPORT_GROUP, 0.6, 1.6, 312.4, 0.8, 0, 0, 1, 8, 74, 174, 0.2, 650.8, 419.9
1, 130148, 13/01/2019 03:00:21, ODS_SUPPORT_GROUP, 4.9, 14.8, 1369.6, 9.7, 0, 0, 4, 64, 72, 8001, 0.2, 1287.6, 84.8
1, 130149, 13/01/2019 03:20:01, ODS_SUPPORT_GROUP, 3.1, 11.3, 1125.6, 7.7, 0, 0, 1, 16, 22, 6516, 0.5, 682.4, 140.5
1, 130150, 13/01/2019 03:40:09, ODS_SUPPORT_GROUP, 3.5, 17.5, 1663.4, 13.4, 0, 0, 3, 48, 54, 11549, 0.6, 774.3, 110.4
1, 130151, 13/01/2019 04:00:07, ODS_SUPPORT_GROUP, 3.4, 9.7, 1032.5, 5.9, 0, 0, 6, 112, 72, 10117, 0.4, 987.5, 301.4
1, 130152, 13/01/2019 04:20:05, ODS_SUPPORT_GROUP, 0.3, 1.3, 573.3, 0.8, 0, 0, 0, 0, 11, 22, 0.2, 7, 544.7
1, 130153, 13/01/2019 04:40:16, ODS_SUPPORT_GROUP, 1.4, 3.3, 801.4, 1.5, 0, 0, 1, 32, 53, 1318, 0.4, 387.5, 901.8
1, 130154, 13/01/2019 05:00:09, ODS_SUPPORT_GROUP, 1.6, 6.1, 342.9, 2.9, 0, 0, 1, 16, 27, 255, 1.6, 717.2, 4143.2
1, 130155, 13/01/2019 05:20:23, ODS_SUPPORT_GROUP, 1.3, 5.7, 314.4, 3.3, 0, 0, 0, 0, 4, 218, 1.1, 39.3, 3316.1
1, 130156, 13/01/2019 05:40:03, ODS_SUPPORT_GROUP, 2.3, 6, 331.8, 1.3, 0, 0, 0, 0, 4, 521, 2.4, 109.6, 9455
1, 130157, 13/01/2019 06:00:08, ODS_SUPPORT_GROUP, 2.3, 5.7, 315.4, 0.3, 0, 0, 0, 0, 3, 516, 3.1, 109.7, 9232.6
1, 130158, 13/01/2019 06:20:01, ODS_SUPPORT_GROUP, 0.2, 0.4, 20.9, 0, 0, 0, 2, 23, 17, 15, 0.2, 25.3, 801.3
1, 130159, 13/01/2019 06:40:10, ODS_SUPPORT_GROUP, 0, 0, None, 0, 0, 0, 0, 0, 3, 0, 0, 0, 0
1, 130190, 13/01/2019 17:00:03, ODS_SUPPORT_GROUP, 0, 0, None, 0, 0, 0, 0, 0, 6, 0, 0, 0, 0
1, 130191, 13/01/2019 17:20:12, ODS_SUPPORT_GROUP, 0, 0, None, 0, 0, 0, 0, 0, 6, 0, 0, 0, 0
1, 130192, 13/01/2019 17:40:04, ODS_SUPPORT_GROUP, 0, 0, None, 0, 0, 0, 0, 0, 6, 0, 0, 0, 0
1, 130193, 13/01/2019 18:00:18, ODS_SUPPORT_GROUP, 0, 0, None, 0, 0, 0, 0, 0, 6, 0, 0, 0, 0
1, 130194, 13/01/2019 18:20:33, ODS_SUPPORT_GROUP, 0, 0, None, 0, 0, 0, 0, 0, 4, 0, 0, 0, 0
1, 130195, 13/01/2019 18:40:01, ODS_SUPPORT_GROUP, 0, 0, None, 0, 0, 0, 0, 0, 4, 0, 0, 0, 0
1, 130196, 13/01/2019 19:00:05, ODS_SUPPORT_GROUP, 0, 0, None, 0, 0, 0, 0, 0, 5, 0, 0, 0, 0
1, 130197, 13/01/2019 19:20:12, ODS_SUPPORT_GROUP, 0, 0, None, 0, 0, 0, 0, 0, 4, 0, 0, 0, 0
1, 130198, 13/01/2019 19:40:04, ODS_SUPPORT_GROUP, 0, 0, None, 0, 0, 0, 0, 0, 4, 0, 0, 0, 0
1, 130199, 13/01/2019 20:00:08, ODS_SUPPORT_GROUP, 0, 0, None, 0, 0, 0, 0, 0, 4, 0, 0, 0, 0
1, 130200, 13/01/2019 20:20:04, ODS_SUPPORT_GROUP, 0, 0, None, 0, 0, 0, 0, 0, 6, 0, 0, 0, 0
1, 130201, 13/01/2019 20:40:16, ODS_SUPPORT_GROUP, 0, 0, None, 0, 0, 0, 0, 0, 6, 0, 0, 0, 0
1, 130202, 13/01/2019 21:00:09, ODS_SUPPORT_GROUP, 0, 0, None, 0, 0, 0, 0, 0, 6, 0, 0, 0, 0
1, 130203, 13/01/2019 21:20:25, ODS_SUPPORT_GROUP, 0, 0, 0, 0, 0, 0, 0, 0, 6, 0, 0, 0, 0
1, 130204, 13/01/2019 21:40:42, ODS_SUPPORT_GROUP, 0, 0, None, 0, 0, 0, 0, 0, 7, 0, 0, 0, 0
1, 130205, 13/01/2019 22:00:01, ODS_SUPPORT_GROUP, 0, 0, None, 0, 0, 0, 0, 0, 6, 0, 0, 0, 0
1, 130206, 13/01/2019 22:20:01, ODS_SUPPORT_GROUP, 0, 0, None, 0, 0, 0, 0, 0, 6, 0, 0, 0, 0
1, 130207, 13/01/2019 22:40:06, ODS_SUPPORT_GROUP, 0, 0, None, 0, 0, 0, 0, 0, 6, 0, 0, 0, 0
1, 130208, 13/01/2019 23:00:10, ODS_SUPPORT_GROUP, 0, 0, None, 0, 0, 0, 0, 0, 6, 0, 0, 0, 0
1, 130209, 13/01/2019 23:20:15, ODS_SUPPORT_GROUP, 0, 0, None, 0, 0, 0, 0, 0, 6, 0, 0, 0, 0
1, 130210, 13/01/2019 23:40:17, ODS_SUPPORT_GROUP, 0, 0, None, 0, 0, 0, 0, 0, 6, 0, 0, 0, 0
1, 130139, 13/01/2019 00:00:00, OTHER_GROUPS, 13.4, 23.5, 15234, 7.5, 0, 0, 0, 0, 5509, 8282, 2.6, 823.6, 1558.1
1, 130140, 13/01/2019 00:20:02, OTHER_GROUPS, 20.3, 41, 14744.6, 16.2, 0, 0, 0, 0, 5031, 14805, 4.5, 836.6, 2135.4
1, 130141, 13/01/2019 00:40:10, OTHER_GROUPS, 17.5, 30.8, 12682.1, 11.2, 0, 0, 0, 0, 4263, 9185, 2.1, 752.3, 1618.6
1, 130142, 13/01/2019 01:00:15, OTHER_GROUPS, 19.7, 39.5, 14591.4, 17.2, 0, 0, 2, 46, 4527, 11456, 2.6, 763.3, 2123.8
1, 130143, 13/01/2019 01:20:14, OTHER_GROUPS, 14.4, 25.2, 13942.9, 8.5, 0, 0, 0, 0, 5508, 7650, 2.3, 681.8, 1941.8
1, 130144, 13/01/2019 01:40:09, OTHER_GROUPS, 12.3, 21.9, 13459, 7.4, 0, 0, 0, 0, 4885, 6301, 2.2, 740.1, 1955.5
1, 130145, 13/01/2019 02:00:09, OTHER_GROUPS, 16.9, 29.2, 14733.5, 8.9, 0, 0, 0, 0, 4961, 11964, 3.4, 701.8, 2485.3
1, 130146, 13/01/2019 02:20:44, OTHER_GROUPS, 16.6, 26.2, 13303.2, 7.8, 0, 0, 0, 0, 4330, 12221, 1.8, 642.1, 1246
1, 130147, 13/01/2019 02:40:05, OTHER_GROUPS, 8.5, 18.1, 13302.3, 7.7, 0, 0, 0, 0, 3957, 4389, 1.9, 543.5, 1466.8
1, 130148, 13/01/2019 03:00:21, OTHER_GROUPS, 7.8, 53.5, 15720.6, 43.5, 0, 0, 0, 0, 3757, 2048, 2.2, 632.1, 1189.7
1, 130149, 13/01/2019 03:20:01, OTHER_GROUPS, 6.4, 30.2, 11435, 15, 0, 0, 0, 0, 3338, 1840, 8.8, 389.1, 974.9
1, 130150, 13/01/2019 03:40:09, OTHER_GROUPS, 16.5, 53.1, 14459.1, 19.9, 0, 0, 0, 0, 3035, 11115, 16.7, 330.1, 6228.7
1, 130151, 13/01/2019 04:00:07, OTHER_GROUPS, 17.4, 47.9, 34931.9, 15.5, 0, 0, 0, 0, 4161, 7592, 15, 946.3, 5364.7
1, 130152, 13/01/2019 04:20:05, OTHER_GROUPS, 19.1, 61.9, 49932.5, 28.4, 0, 0, 0, 0, 3988, 10185, 14.4, 1413.7, 5667
1, 130153, 13/01/2019 04:40:16, OTHER_GROUPS, 19.5, 57.9, 38840.9, 23.3, 0, 0, 0, 0, 4326, 11571, 15.1, 1180.4, 6688.8
1, 130154, 13/01/2019 05:00:09, OTHER_GROUPS, 14.3, 46.4, 13519.8, 14.6, 0, 0, 0, 0, 3987, 8568, 17.5, 767.1, 7901.1
1, 130155, 13/01/2019 05:20:23, OTHER_GROUPS, 19.8, 55.2, 12879.1, 20.1, 0, 0, 0, 0, 4385, 15024, 15.3, 796.8, 9050.8
1, 130156, 13/01/2019 05:40:03, OTHER_GROUPS, 17.8, 60.2, 13411.3, 28.7, 0, 0, 0, 0, 4998, 13143, 13.7, 986.3, 7080.9
1, 130157, 13/01/2019 06:00:08, OTHER_GROUPS, 25.2, 77.9, 15379, 30.4, 0, 0, 0, 0, 4208, 21653, 22.3, 1460.6, 8063.2
1, 130158, 13/01/2019 06:20:01, OTHER_GROUPS, 19.6, 64.6, 17607.8, 29, 0, 0, 1, 64, 4619, 15336, 16, 1611.3, 6551.1
1, 130159, 13/01/2019 06:40:10, OTHER_GROUPS, 13, 67.1, 20400.5, 49.6, 0, 0, 0, 0, 5750, 6712, 4.5, 1006.4, 2884.6
1, 130160, 13/01/2019 07:00:13, OTHER_GROUPS, 35.5, 43.3, 3749.3, 0, 0, 0, 0, 0, 2945, 29364, 7.8, 1198.4, 6600.2
1, 130161, 13/01/2019 07:20:32, OTHER_GROUPS, 23.2, 56.8, 9366.5, 27.1, 0, 0, 2, 48, 3644, 14225, 6.5, 1243.4, 5479.3
1, 130162, 13/01/2019 07:40:13, OTHER_GROUPS, 25.1, 52.9, 17384.6, 23.5, 0, 0, 0, 0, 3606, 21595, 4.3, 1141.6, 3847.1
1, 130163, 13/01/2019 08:00:22, OTHER_GROUPS, 31.9, 58.2, 14529.3, 18.1, 0, 0, 2, 32, 4611, 30495, 8.2, 1088.6, 7428.9
1, 130164, 13/01/2019 08:20:03, OTHER_GROUPS, 24, 48.3, 6346.6, 17.4, 0, 0, 18, 432, 3953, 21365, 6.9, 2503.1, 8264.8
1, 130165, 13/01/2019 08:40:25, OTHER_GROUPS, 11, 26.6, 3897, 11.6, 0, 0, 0, 0, 3860, 5688, 4, 1152.5, 2265.1
1, 130166, 13/01/2019 09:00:01, OTHER_GROUPS, 12.7, 32.4, 5235.2, 13.7, 0, 0, 73, 1992, 5842, 6552, 6, 1730.6, 3483.5
1, 130167, 13/01/2019 09:20:08, OTHER_GROUPS, 12.9, 23.7, 3846.2, 4.8, 0, 0, 11, 224, 4537, 6381, 6, 2343.5, 4500.2
1, 130168, 13/01/2019 09:40:13, OTHER_GROUPS, 15, 23.5, 3694.2, 2.4, 0, 0, 114, 2728, 7356, 8712, 6.1, 2466.9, 4032.2
1, 130169, 13/01/2019 10:00:22, OTHER_GROUPS, 18.9, 33.4, 5263.7, 8, 0, 0, 3, 48, 5029, 11282, 6.5, 1151.1, 5453.6
1, 130170, 13/01/2019 10:20:03, OTHER_GROUPS, 20, 34.9, 4047.3, 9.3, 0, 0, 0, 0, 4561, 11379, 5.6, 1070.2, 3078.8
1, 130171, 13/01/2019 10:40:31, OTHER_GROUPS, 20.7, 30.8, 3432.2, 4.4, 0, 0, 81, 1936, 6349, 11730, 5.7, 2032.4, 3178.1
1, 130172, 13/01/2019 11:00:02, OTHER_GROUPS, 21.5, 34.2, 5022.3, 5.6, 0, 0, 15, 342, 4260, 11851, 7.1, 1291.1, 5128.7
1, 130173, 13/01/2019 11:20:06, OTHER_GROUPS, 18.5, 30.4, 3579.9, 1.6, 0, 0, 63, 1640, 7198, 11808, 10.3, 2112.4, 4777.5
1, 130174, 13/01/2019 11:40:13, OTHER_GROUPS, 16.6, 31.8, 4098.4, 3.2, 0, 0, 30, 728, 5810, 15125, 12, 1646.8, 5477.2
1, 130175, 13/01/2019 12:00:10, OTHER_GROUPS, 18.5, 32.5, 5110.9, 5.1, 0, 0, 4, 52, 4952, 17663, 8.9, 1002.8, 4095.8
1, 130176, 13/01/2019 12:20:08, OTHER_GROUPS, 20.5, 46.2, 5491.9, 17.1, 0, 0, 54, 1392, 5888, 20189, 8.6, 2767.1, 6301.2
1, 130177, 13/01/2019 12:40:04, OTHER_GROUPS, 18.1, 27.9, 4262.4, 4.1, 0, 0, 1, 16, 4949, 15568, 5.7, 1396.9, 6330
1, 130178, 13/01/2019 13:00:18, OTHER_GROUPS, 16, 29.1, 4629.9, 8.4, 0, 0, 21, 360, 4979, 9535, 4.7, 1954.6, 4214
1, 130179, 13/01/2019 13:20:31, OTHER_GROUPS, 12.7, 19.5, 3810.4, 2.1, 0, 0, 35, 744, 5221, 8724, 4.7, 1277.7, 4558.8
1, 130180, 13/01/2019 13:40:19, OTHER_GROUPS, 10.9, 15.5, 2375.5, 0.3, 0, 0, 0, 0, 4409, 6144, 4.3, 781.3, 3923.4
1, 130181, 13/01/2019 14:00:37, OTHER_GROUPS, 14.3, 23.2, 4121.1, 3.9, 0, 0, 71, 1928, 6235, 8441, 5, 2285.5, 3975.8
1, 130182, 13/01/2019 14:20:14, OTHER_GROUPS, 14.3, 19.4, 3930.3, 0.4, 0, 0, 93, 2224, 7234, 8111, 4.7, 2815.9, 4368.1
1, 130183, 13/01/2019 14:40:01, OTHER_GROUPS, 14, 23.3, 4856.8, 5, 0, 0, 12, 192, 5216, 8534, 4.3, 1526.4, 6130
1, 130184, 13/01/2019 15:00:12, OTHER_GROUPS, 11.5, 18.2, 3173.7, 1.9, 0, 0, 0, 0, 4706, 7022, 4.8, 1003.9, 3251
1, 130185, 13/01/2019 15:20:06, OTHER_GROUPS, 15.1, 18.3, 3334.5, 0, 0, 0, 73, 1648, 6596, 10246, 3.2, 2293.7, 3617.2
1, 130186, 13/01/2019 15:40:08, OTHER_GROUPS, 12, 14.1, 2470.5, 0, 0, 0, 2, 32, 5604, 8141, 2.1, 1193.1, 2775.4
1, 130187, 13/01/2019 16:00:19, OTHER_GROUPS, 28.7, 38.1, 11196.5, 5.6, 0, 0, 94, 2252, 7752, 16093, 3.8, 4095, 4505.6
1, 130188, 13/01/2019 16:20:00, OTHER_GROUPS, 22.4, 25.3, 31787.2, 0.9, 0, 0, 33, 992, 5851, 9465, 2, 1373.8, 2545.4
1, 130189, 13/01/2019 16:40:16, OTHER_GROUPS, 21.2, 22.9, 35911.6, 0, 0, 0, 19, 512, 7169, 7834, 1.7, 1237.7, 2379.6
1, 130190, 13/01/2019 17:00:03, OTHER_GROUPS, 18.8, 20.9, 14496.1, 0, 0, 0, 0, 0, 5260, 8909, 2.1, 991.5, 1655
1, 130191, 13/01/2019 17:20:12, OTHER_GROUPS, 13.2, 17.7, 14635.8, 2.9, 0, 0, 0, 0, 4232, 5773, 1.6, 702.4, 1779
1, 130192, 13/01/2019 17:40:04, OTHER_GROUPS, 8.6, 15.9, 13376.5, 6, 0, 0, 0, 0, 5235, 3320, 1.3, 771, 1465.2
1, 130193, 13/01/2019 18:00:18, OTHER_GROUPS, 8.4, 18, 13420.3, 7.7, 0, 0, 0, 0, 4374, 2863, 1.9, 706.7, 2067.8
1, 130194, 13/01/2019 18:20:33, OTHER_GROUPS, 7.7, 12.4, 13177.1, 3.4, 0, 0, 0, 0, 4871, 2247, 1.3, 995, 1834
1, 130195, 13/01/2019 18:40:01, OTHER_GROUPS, 7.4, 13.4, 13335.7, 4.8, 0, 0, 0, 0, 4678, 2180, 1.2, 1009.1, 2004
1, 130196, 13/01/2019 19:00:05, OTHER_GROUPS, 8.1, 14.5, 13104.4, 3.4, 0, 0, 0, 0, 4941, 2798, 3, 1089.9, 2327.5
1, 130197, 13/01/2019 19:20:12, OTHER_GROUPS, 7.8, 11.6, 12973.6, 2, 0, 0, 0, 0, 5004, 2390, 1.8, 1127.2, 1918.2
1, 130198, 13/01/2019 19:40:04, OTHER_GROUPS, 7.5, 11.4, 12990.4, 2.4, 0, 0, 0, 0, 5397, 2095, 1.5, 1099.6, 1805.7
1, 130199, 13/01/2019 20:00:08, OTHER_GROUPS, 9.8, 41.3, 16397.2, 28.6, 0, 0, 0, 0, 5913, 4287, 2.9, 930.7, 2007.9
1, 130200, 13/01/2019 20:20:04, OTHER_GROUPS, 8.4, 21.8, 13160.7, 10.9, 0, 0, 0, 0, 4999, 3026, 2.5, 830.5, 1905.9
1, 130201, 13/01/2019 20:40:16, OTHER_GROUPS, 7.8, 19, 12929.1, 9.1, 0, 0, 0, 0, 5491, 2522, 2.1, 1116.8, 1756.8
1, 130202, 13/01/2019 21:00:09, OTHER_GROUPS, 8.6, 22.4, 14887.2, 11.2, 0, 0, 0, 0, 4618, 3868, 2.6, 631.4, 1374.3
1, 130203, 13/01/2019 21:20:25, OTHER_GROUPS, 9.3, 18.4, 13003.5, 7.7, 0, 0, 0, 0, 4313, 4080, 1.4, 563.4, 1142.4
1, 130204, 13/01/2019 21:40:42, OTHER_GROUPS, 9.7, 23.3, 13641, 12.2, 0, 0, 0, 0, 4254, 4902, 1.4, 520.3, 1389.5
1, 130205, 13/01/2019 22:00:01, OTHER_GROUPS, 10.6, 27.3, 15210, 14.1, 0, 0, 0, 0, 4699, 6034, 2.6, 528.1, 1473.2
1, 130206, 13/01/2019 22:20:01, OTHER_GROUPS, 11.5, 23.4, 14022.7, 9.4, 0, 0, 0, 0, 4934, 5816, 2.5, 705.7, 1648.6
1, 130207, 13/01/2019 22:40:06, OTHER_GROUPS, 12.5, 21.7, 12646.7, 6.6, 0, 0, 0, 0, 5229, 7507, 2.6, 568.8, 1768.3
1, 130208, 13/01/2019 23:00:10, OTHER_GROUPS, 14.9, 29.2, 17052, 10.9, 0, 0, 0, 0, 5056, 12010, 3.4, 891.8, 4695.1
1, 130209, 13/01/2019 23:20:15, OTHER_GROUPS, 16.5, 41.3, 17537.5, 18.9, 0, 0, 0, 0, 4926, 15263, 5.9, 979.3, 13661
1, 130210, 13/01/2019 23:40:17, OTHER_GROUPS, 15.4, 29.2, 18172.8, 10, 0, 0, 1, 64, 4962, 13598, 3.8, 1149.3, 8871.2
2, 130139, 13/01/2019 00:00:00, ADW_UNLOAD_GROUP, 0, 0, 0, 0, 0, 0, 0, 0, 773, 0, 0, 0, 0
2, 130140, 13/01/2019 00:20:02, ADW_UNLOAD_GROUP, 0, 0, 0.1, 0, 0, 0, 0, 0, 533, 0, 0, 0, 0
2, 130141, 13/01/2019 00:40:09, ADW_UNLOAD_GROUP, 0, 0, 0, 0, 0, 0, 0, 0, 471, 1, 0, 0, 0
2, 130142, 13/01/2019 01:00:15, ADW_UNLOAD_GROUP, 0, 0, 0.1, 0, 0, 0, 0, 0, 371, 1, 0, 0, 0
2, 130143, 13/01/2019 01:20:15, ADW_UNLOAD_GROUP, 10, 16.9, 2344.7, 6.4, 0, 0, 69, 1998, 3375, 31715, 0.5, 7378.3, 82.2
2, 130144, 13/01/2019 01:40:09, ADW_UNLOAD_GROUP, 25.4, 27, 7967.8, 0.9, 0, 0, 120, 3210, 6652, 37218, 0.7, 12244.6, 605.3
2, 130145, 13/01/2019 02:00:09, ADW_UNLOAD_GROUP, 0, 0.2, 1, 0, 0, 0, 1, 16, 823, 1, 0.2, 0.2, 21.7
2, 130146, 13/01/2019 02:20:44, ADW_UNLOAD_GROUP, 0, 0, 0, 0, 0, 0, 0, 0, 492, 0, 0, 0, 0
2, 130147, 13/01/2019 02:40:05, ADW_UNLOAD_GROUP, 0, 0, 0, 0, 0, 0, 0, 0, 636, 0, 0, 0, 0
2, 130148, 13/01/2019 03:00:21, ADW_UNLOAD_GROUP, 0, 1.1, 2.9, 1.1, 0, 0, 0, 0, 555, 0, 0, 0, 0
2, 130149, 13/01/2019 03:20:01, ADW_UNLOAD_GROUP, 0, 0, 0, 0, 0, 0, 0, 0, 628, 0, 0, 0, 0
2, 130150, 13/01/2019 03:40:09, ADW_UNLOAD_GROUP, 0, 0, 0, 0, 0, 0, 0, 0, 704, 2, 0, 0, 0
2, 130151, 13/01/2019 04:00:07, ADW_UNLOAD_GROUP, 0, 0, 0, 0, 0, 0, 0, 0, 500, 0, 0, 0, 0
2, 130152, 13/01/2019 04:20:05, ADW_UNLOAD_GROUP, 0, 0, 0, 0, 0, 0, 0, 0, 177, 0, 0, 0, 0
2, 130153, 13/01/2019 04:40:17, ADW_UNLOAD_GROUP, 0, 0, 0, 0, 0, 0, 0, 0, 453, 0, 0, 0, 0
2, 130154, 13/01/2019 05:00:09, ADW_UNLOAD_GROUP, 0, 0, 0, 0, 0, 0, 0, 0, 245, 0, 0, 0, 0
2, 130155, 13/01/2019 05:20:23, ADW_UNLOAD_GROUP, 0, 0, 0, 0, 0, 0, 0, 0, 715, 0, 0, 0, 0
2, 130156, 13/01/2019 05:40:03, ADW_UNLOAD_GROUP, 0, 0, 0, 0, 0, 0, 0, 0, 734, 0, 0, 0, 0
2, 130157, 13/01/2019 06:00:06, ADW_UNLOAD_GROUP, 28.8, 43.5, 53949.8, 12.1, 0, 0, 0, 0, 1104, 35507, 2.6, 1634.1, 4223.4
2, 130158, 13/01/2019 06:20:01, ADW_UNLOAD_GROUP, 33.4, 44, 50555.5, 9.1, 0, 0, 0, 0, 701, 100376, 1.5, 680.7, 2446.6
2, 130159, 13/01/2019 06:40:10, ADW_UNLOAD_GROUP, 32.2, 55.1, 80664.7, 20.2, 0, 0, 2, 60, 805, 71784, 2.7, 524.1, 5022.6
2, 130190, 13/01/2019 17:00:09, ADW_UNLOAD_GROUP, 0, 0, 0, 0, 0, 0, 0, 0, 761, 1, 0, 0, 0
2, 130191, 13/01/2019 17:20:12, ADW_UNLOAD_GROUP, 0, 0, 0, 0, 0, 0, 0, 0, 739, 0, 0, 0, 0
2, 130192, 13/01/2019 17:40:04, ADW_UNLOAD_GROUP, 0, 0, 0, 0, 0, 0, 0, 0, 740, 1, 0, 0, 0
2, 130193, 13/01/2019 18:00:18, ADW_UNLOAD_GROUP, 0, 0, 0, 0, 0, 0, 0, 0, 695, 2, 0, 0, 0
2, 130194, 13/01/2019 18:20:33, ADW_UNLOAD_GROUP, 0, 0, 0, 0, 0, 0, 0, 0, 723, 1, 0, 0, 0
2, 130195, 13/01/2019 18:40:01, ADW_UNLOAD_GROUP, 0, 0, 0, 0, 0, 0, 0, 0, 687, 0, 0, 0, 0
2, 130196, 13/01/2019 19:00:05, ADW_UNLOAD_GROUP, 0.4, 0.4, 20.5, 0, 0, 0, 31, 496, 1526, 54, 0, 635.9, 4.9
2, 130197, 13/01/2019 19:20:12, ADW_UNLOAD_GROUP, 0, 0, 0, 0, 0, 0, 0, 0, 714, 2, 0, 0, 0
2, 130198, 13/01/2019 19:40:04, ADW_UNLOAD_GROUP, 0, 0, 0, 0, 0, 0, 0, 0, 705, 2, 0, 0, 0
2, 130199, 13/01/2019 20:00:08, ADW_UNLOAD_GROUP, 0, 0, 0.1, 0, 0, 0, 0, 0, 800, 2, 0, 0, 0
2, 130200, 13/01/2019 20:20:03, ADW_UNLOAD_GROUP, 0, 0, 0, 0, 0, 0, 0, 0, 735, 0, 0, 0, 0
2, 130201, 13/01/2019 20:40:16, ADW_UNLOAD_GROUP, 0, 0, 0, 0, 0, 0, 0, 0, 729, 0, 0, 0, 0
2, 130202, 13/01/2019 21:00:09, ADW_UNLOAD_GROUP, 0, 0, 0, 0, 0, 0, 0, 0, 770, 1, 0, 0, 0
2, 130203, 13/01/2019 21:20:25, ADW_UNLOAD_GROUP, 0, 0, 0, 0, 0, 0, 0, 0, 774, 0, 0, 0, 0
2, 130204, 13/01/2019 21:40:42, ADW_UNLOAD_GROUP, 0, 0, 1, 0, 0, 0, 0, 0, 690, 1, 0, 0, 0
2, 130205, 13/01/2019 22:00:01, ADW_UNLOAD_GROUP, 2, 2.1, 339.6, 0.1, 0, 0, 1, 16, 867, 937, 0, 1217.5, 7.2
2, 130206, 13/01/2019 22:20:01, ADW_UNLOAD_GROUP, 3.3, 4.1, 1230.7, 0, 0, 0, 30, 904, 1680, 1278, 0.8, 766.9, 61.3
2, 130207, 13/01/2019 22:40:06, ADW_UNLOAD_GROUP, 1.7, 2.6, 1194.7, 0, 0, 0, 6, 176, 887, 453, 0.9, 46.5, 136.3
2, 130208, 13/01/2019 23:00:10, ADW_UNLOAD_GROUP, 0.6, 0.6, 112.6, 0, 0, 0, 13, 400, 1184, 202, 0, 1, 0
2, 130209, 13/01/2019 23:20:15, ADW_UNLOAD_GROUP, 0.3, 0.5, 119.3, 0.2, 0, 0, 2, 64, 807, 87, 0, 1.4, 1.9
2, 130210, 13/01/2019 23:40:17, ADW_UNLOAD_GROUP, 0, 0, 0, 0, 0, 0, 1, 8, 708, 0, 0, 0, 0
2, 130139, 13/01/2019 00:00:00, FP_DM_PRIOR, 17.2, 31.4, 19007.3, 11.1, 0, 0, 61, 1449, 1378, 25587, 3.1, 1267.5, 3407
2, 130140, 13/01/2019 00:20:02, FP_DM_PRIOR, 10.6, 19, 12964.5, 6.8, 0, 0, 0, 0, 6, 1117, 1.6, 978.6, 4032.8
2, 130141, 13/01/2019 00:40:09, FP_DM_PRIOR, 18.7, 29, 51608.4, 7.2, 0, 0, 17, 264, 540, 12504, 3.1, 336.2, 5977
2, 130142, 13/01/2019 01:00:15, FP_DM_PRIOR, 19.8, 36.4, 44189.5, 10.8, 0, 0, 6, 128, 83, 13860, 5.8, 763.8, 8537.5
2, 130143, 13/01/2019 01:20:15, FP_DM_PRIOR, 19.8, 25.3, 43758.2, 1.9, 0, 0, 0, 0, 0, 13727, 3.6, 517, 5600.1
2, 130144, 13/01/2019 01:40:09, FP_DM_PRIOR, 15.6, 16.6, 33923.5, 1, 0, 0, 2, 48, 31, 2451, 0, 223.9, 8.3
2, 130145, 13/01/2019 02:00:09, FP_DM_PRIOR, 16.2, 19.7, 40214.9, 3, 0, 0, 126, 3068, 3327, 8571, 0.5, 1834.2, 573.8
2, 130146, 13/01/2019 02:20:44, FP_DM_PRIOR, 12.5, 12.7, 23480.8, 0.2, 0, 0, 6, 160, 143, 3168, 0, 299.7, 10
2, 130147, 13/01/2019 02:40:05, FP_DM_PRIOR, 13.4, 16, 21667.3, 2.6, 0, 0, 0, 0, 24, 3640, 0, 862.9, 3.1
2, 130148, 13/01/2019 03:00:21, FP_DM_PRIOR, 14.6, 19.6, 35638.4, 5, 0, 0, 0, 0, 34, 2939, 0, 274.7, 2.4
2, 130149, 13/01/2019 03:20:01, FP_DM_PRIOR, 12.7, 24, 39057.9, 9.6, 0, 0, 39, 808, 1083, 4620, 1.7, 929.7, 410.7
2, 130150, 13/01/2019 03:40:09, FP_DM_PRIOR, 12.3, 19.7, 49943, 6.4, 0, 0, 74, 2108, 1833, 6238, 1, 1042.3, 284.3
2, 130151, 13/01/2019 04:00:07, FP_DM_PRIOR, 11.1, 14.5, 29163.9, 2.5, 0, 0, 6, 132, 214, 1586, 0.9, 327.1, 511.2
2, 130152, 13/01/2019 04:20:05, FP_DM_PRIOR, 13.1, 19.4, 33677, 5.9, 0, 0, 9, 152, 374, 8483, 0.4, 793.1, 471.2
2, 130153, 13/01/2019 04:40:17, FP_DM_PRIOR, 15.7, 18.9, 32277, 2.7, 0, 0, 5, 88, 49, 4237, 0.5, 816.9, 951.4
2, 130154, 13/01/2019 05:00:09, FP_DM_PRIOR, 12.9, 15.3, 19432.2, 2.4, 0, 0, 1, 16, 16, 1345, 0, 279.4, 91.7
2, 130155, 13/01/2019 05:20:23, FP_DM_PRIOR, 12.6, 17.1, 17771.1, 3.9, 0, 0, 122, 3004, 3122, 9688, 0.6, 2034.9, 992.9
2, 130156, 13/01/2019 05:40:03, FP_DM_PRIOR, 9.9, 16, 16462.2, 5.7, 0, 0, 6, 128, 136, 3478, 0.4, 633.9, 2301.9
2, 130157, 13/01/2019 06:00:06, FP_DM_PRIOR, 7.9, 10.7, 16319.1, 2.8, 0, 0, 0, 0, 24, 2762, 0, 164.1, 0
2, 130158, 13/01/2019 06:20:01, FP_DM_PRIOR, 4.5, 5.9, 4556.1, 1.2, 0, 0, 18, 516, 752, 2517, 0.2, 281, 389.2
2, 130159, 13/01/2019 06:40:10, FP_DM_PRIOR, 5.2, 8.9, 1476.1, 3.1, 0, 0, 42, 1128, 1028, 2943, 0.6, 1083.4, 1172.9
2, 130190, 13/01/2019 17:00:09, FP_DM_PRIOR, 1, 27.3, 22207.2, 26.2, 0, 0, 41, 952, 962, 477, 0.1, 297.7, 204.9
2, 130191, 13/01/2019 17:20:12, FP_DM_PRIOR, 3.3, 19.8, 34671, 16.5, 0, 0, 1, 16, 99, 627, 0, 73.1, 14.3
2, 130192, 13/01/2019 17:40:04, FP_DM_PRIOR, 12.4, 32.4, 35591, 19.8, 0, 0, 12, 232, 392, 14360, 0.2, 1678.4, 153.3
2, 130193, 13/01/2019 18:00:18, FP_DM_PRIOR, 8.6, 28.7, 37031.7, 20.1, 0, 0, 0, 0, 0, 2543, 0, 293.4, 2.5
2, 130194, 13/01/2019 18:20:33, FP_DM_PRIOR, 15.2, 37.5, 40488.1, 21.5, 0, 0, 11, 200, 329, 7406, 0.8, 1515.5, 1737.5
2, 130195, 13/01/2019 18:40:01, FP_DM_PRIOR, 13.6, 34.7, 46190.3, 20.8, 0, 0, 0, 0, 0, 4428, 0.3, 246.9, 778.4
2, 130196, 13/01/2019 19:00:05, FP_DM_PRIOR, 12, 26.4, 50361, 13.3, 0, 0, 10, 240, 398, 4611, 1.1, 1401.9, 2196.2
2, 130197, 13/01/2019 19:20:12, FP_DM_PRIOR, 14.6, 19.7, 55648.6, 4.5, 0, 0, 16, 360, 548, 6342, 0.6, 913.6, 919.7
2, 130198, 13/01/2019 19:40:04, FP_DM_PRIOR, 17.5, 20.7, 43121.2, 2.3, 0, 0, 2, 48, 40, 7942, 0.9, 798.3, 2262.8
2, 130199, 13/01/2019 20:00:08, FP_DM_PRIOR, 20.9, 51.1, 46411.6, 22.4, 0, 0, 103, 2889, 3276, 21929, 7.8, 2174.7, 9071.2
2, 130200, 13/01/2019 20:20:03, FP_DM_PRIOR, 19.7, 55, 52746.8, 16.6, 0, 0, 13, 384, 224, 26720, 18.7, 737.3, 17898.3
2, 130201, 13/01/2019 20:40:16, FP_DM_PRIOR, 20.2, 46.1, 38977.6, 12.2, 0, 0, 10, 304, 240, 41801, 13.7, 712.6, 14836.3
2, 130202, 13/01/2019 21:00:09, FP_DM_PRIOR, 19.4, 43.5, 23872.2, 8, 0, 0, 8, 224, 410, 24538, 16.1, 1657.9, 36211.7
2, 130203, 13/01/2019 21:20:25, FP_DM_PRIOR, 20, 41.4, 20652.6, 5, 0, 0, 6, 160, 74, 23860, 16.4, 1053.3, 32004.1
2, 130204, 13/01/2019 21:40:42, FP_DM_PRIOR, 19.8, 37.2, 12876.7, 2.6, 0, 0, 1, 16, 16, 18831, 14.8, 798.6, 39927.7
2, 130205, 13/01/2019 22:00:01, FP_DM_PRIOR, 14.5, 31.1, 5377.9, 1.6, 0, 0, 1, 32, 0, 13053, 15, 633.2, 40029.1
2, 130206, 13/01/2019 22:20:01, FP_DM_PRIOR, 16, 35.3, 3692.2, 5.2, 0, 0, 19, 464, 739, 14928, 14.1, 1445.9, 40386.6
2, 130207, 13/01/2019 22:40:06, FP_DM_PRIOR, 14.3, 27, 3307.6, 0.7, 0, 0, 1, 16, 16, 11386, 12, 955.9, 42871.5
2, 130208, 13/01/2019 23:00:10, FP_DM_PRIOR, 11.5, 27.4, 2701.7, 2.3, 0, 0, 0, 0, 21, 9441, 13.6, 708.4, 43550
2, 130209, 13/01/2019 23:20:15, FP_DM_PRIOR, 14.7, 33.9, 3275.8, 4.8, 0, 0, 17, 360, 542, 14200, 14.4, 1324, 45059.8
2, 130210, 13/01/2019 23:40:17, FP_DM_PRIOR, 14.3, 30.5, 3105.5, 0, 0, 0, 0, 0, 0, 13143, 16.2, 967.4, 46216.3
2, 130139, 13/01/2019 00:00:00, HDP_UNLOAD_GROUP, 9.4, 14.2, 14757.8, 4.8, 0, 0, 1, 16, 18, 16242, 0, 358, 4.5
2, 130140, 13/01/2019 00:20:02, HDP_UNLOAD_GROUP, 6.7, 30.2, 18131.8, 22.1, 0, 0, 11, 112, 464, 13768, 1.4, 8646.8, 210.1
2, 130141, 13/01/2019 00:40:09, HDP_UNLOAD_GROUP, 10, 47.9, 12769.7, 34.4, 0, 0, 68, 632, 1072, 26078, 3.5, 7791.5, 835.8
2, 130142, 13/01/2019 01:00:15, HDP_UNLOAD_GROUP, 10.2, 41.1, 9052.3, 27.2, 0, 0, 70, 652, 1126, 12493, 3.7, 662.3, 1417.4
2, 130143, 13/01/2019 01:20:15, HDP_UNLOAD_GROUP, 10.2, 34.7, 9057.2, 18.6, 0, 0, 42, 384, 621, 12353, 5.9, 1013.9, 891.3
2, 130144, 13/01/2019 01:40:09, HDP_UNLOAD_GROUP, 10, 28.2, 8893.5, 11.3, 0, 0, 28, 248, 426, 10387, 6.9, 743.4, 989.2
2, 130145, 13/01/2019 02:00:09, HDP_UNLOAD_GROUP, 9, 18.8, 8495.3, 4.5, 0, 0, 65, 560, 1010, 4291, 5.3, 745, 752.8
2, 130146, 13/01/2019 02:20:44, HDP_UNLOAD_GROUP, 8.7, 16, 9417.8, 4.4, 0, 0, 31, 272, 516, 4968, 2.9, 775.4, 414.1
2, 130147, 13/01/2019 02:40:05, HDP_UNLOAD_GROUP, 6.5, 12.2, 10018, 5.6, 0, 0, 77, 664, 1244, 2828, 0.1, 485.3, 29.2
2, 130148, 13/01/2019 03:00:21, HDP_UNLOAD_GROUP, 10.5, 21.8, 9417.4, 11.3, 0, 0, 14, 128, 218, 15594, 0, 959.7, 3
2, 130149, 13/01/2019 03:20:01, HDP_UNLOAD_GROUP, 7.9, 16.9, 7324.1, 8.8, 0, 0, 11, 88, 187, 11960, 0.2, 649.4, 70.3
2, 130150, 13/01/2019 03:40:09, HDP_UNLOAD_GROUP, 7.3, 19.2, 9129, 11.9, 0, 0, 1, 16, 0, 9103, 0, 591.6, 0
2, 130151, 13/01/2019 04:00:07, HDP_UNLOAD_GROUP, 7.3, 10.4, 9190, 3, 0, 0, 4, 64, 48, 5749, 0.1, 441.7, 6.1
2, 130152, 13/01/2019 04:20:05, HDP_UNLOAD_GROUP, 3.9, 5.1, 11053.6, 1.2, 0, 0, 1, 8, 5, 719, 0, 103.5, 0.1
2, 130153, 13/01/2019 04:40:17, HDP_UNLOAD_GROUP, 2.4, 2.6, 7237.2, 0.1, 0, 0, 0, 0, 16, 337, 0.1, 39.4, 35.3
2, 130154, 13/01/2019 05:00:09, HDP_UNLOAD_GROUP, 0.4, 0.5, 2294.8, 0.1, 0, 0, 1, 16, 2, 14, 0, 7.6, 0
2, 130155, 13/01/2019 05:20:23, HDP_UNLOAD_GROUP, 0.2, 0.2, 2856.2, 0, 0, 0, 0, 0, 0, 7, 0, 2, 0
2, 130156, 13/01/2019 05:40:03, HDP_UNLOAD_GROUP, 1.2, 2.2, 3653.2, 1, 0, 0, 2, 32, 56, 44, 0, 46.4, 1.8
2, 130157, 13/01/2019 06:00:06, HDP_UNLOAD_GROUP, 1.3, 2.9, 87.2, 1.5, 0, 0, 10, 160, 240, 568, 0.1, 102.4, 25
2, 130158, 13/01/2019 06:20:01, HDP_UNLOAD_GROUP, 1.5, 1.5, 111.8, 0, 0, 0, 9, 144, 178, 533, 0, 120.9, 1.3
2, 130205, 13/01/2019 22:00:01, HDP_UNLOAD_GROUP, 0.3, 0.4, 42.8, 0.1, 0, 0, 0, 0, 14, 68, 0, 0.4, 1.2
2, 130206, 13/01/2019 22:20:01, HDP_UNLOAD_GROUP, 0, 0, 0.5, 0, 0, 0, 0, 0, 0, 1, 0, 0.5, 0
2, 130139, 13/01/2019 00:00:00, ODS2EXA_GROUP, 0, 0.4, 10.8, 0.4, 0, 0, 0, 0, 0, 1, 0, 47, 0
2, 130140, 13/01/2019 00:20:02, ODS2EXA_GROUP, 0, 0.4, 12.1, 0.4, 0, 0, 0, 0, 0, 0, 0, 42.4, 0
2, 130141, 13/01/2019 00:40:09, ODS2EXA_GROUP, 0, 0.4, 10.4, 0.4, 0, 0, 0, 0, 0, 0, 0, 47.6, 0
2, 130142, 13/01/2019 01:00:15, ODS2EXA_GROUP, 0, 0.4, 10.9, 0.4, 0, 0, 0, 0, 0, 0, 0, 48.9, 0
2, 130143, 13/01/2019 01:20:15, ODS2EXA_GROUP, 0, 0.4, 10.6, 0.4, 0, 0, 0, 0, 0, 0, 0, 43.3, 0
2, 130144, 13/01/2019 01:40:09, ODS2EXA_GROUP, 0, 0.4, 10.7, 0.4, 0, 0, 0, 0, 0, 1, 0, 32.3, 0
2, 130145, 13/01/2019 02:00:09, ODS2EXA_GROUP, 0, 0.4, 10.9, 0.4, 0, 0, 0, 0, 0, 1, 0, 51.2, 0
2, 130146, 13/01/2019 02:20:44, ODS2EXA_GROUP, 0, 0.4, 9.9, 0.4, 0, 0, 0, 0, 0, 0, 0, 58.5, 0
2, 130147, 13/01/2019 02:40:05, ODS2EXA_GROUP, 0, 0.4, 10.7, 0.4, 0, 0, 0, 0, 0, 4, 0, 56.9, 0
2, 130148, 13/01/2019 03:00:21, ODS2EXA_GROUP, 0, 0.4, 11.7, 0.4, 0, 0, 0, 0, 0, 0, 0, 58.2, 0
2, 130149, 13/01/2019 03:20:01, ODS2EXA_GROUP, 0, 0.4, 9.8, 0.4, 0, 0, 0, 0, 0, 0, 0, 36.4, 0
2, 130150, 13/01/2019 03:40:09, ODS2EXA_GROUP, 0, 0.4, 10.9, 0.4, 0, 0, 0, 0, 0, 1, 0, 29.3, 0
2, 130151, 13/01/2019 04:00:07, ODS2EXA_GROUP, 0, 0.4, 10.7, 0.4, 0, 0, 0, 0, 0, 0, 0, 59.7, 0
2, 130152, 13/01/2019 04:20:05, ODS2EXA_GROUP, 0, 0.4, 11.6, 0.4, 0, 0, 0, 0, 0, 0, 0, 56.7, 0
2, 130153, 13/01/2019 04:40:17, ODS2EXA_GROUP, 0, 0.4, 10.1, 0.4, 0, 0, 0, 0, 0, 1, 0, 57.5, 0
2, 130154, 13/01/2019 05:00:09, ODS2EXA_GROUP, 0, 0.4, 10.8, 0.4, 0, 0, 0, 0, 0, 2, 0, 69.3, 0
2, 130155, 13/01/2019 05:20:23, ODS2EXA_GROUP, 0, 0.4, 10.7, 0.4, 0, 0, 0, 0, 0, 1, 0, 80.4, 0
2, 130156, 13/01/2019 05:40:03, ODS2EXA_GROUP, 0, 0.4, 10.8, 0.4, 0, 0, 0, 0, 0, 1, 0, 79.6, 0
2, 130157, 13/01/2019 06:00:06, ODS2EXA_GROUP, 0, 0.4, 11.8, 0.4, 0, 0, 0, 0, 0, 2, 0, 33.5, 0
2, 130158, 13/01/2019 06:20:01, ODS2EXA_GROUP, 0, 0.4, 10.7, 0.4, 0, 0, 0, 0, 0, 2, 0, 24.1, 0
2, 130159, 13/01/2019 06:40:10, ODS2EXA_GROUP, 0, 0.6, 15.6, 0.6, 0, 0, 0, 0, 0, 0, 0, 22.6, 0
2, 130190, 13/01/2019 17:00:09, ODS2EXA_GROUP, 0, 0.4, 10.8, 0.4, 0, 0, 0, 0, 0, 0, 0, 45, 0
2, 130191, 13/01/2019 17:20:12, ODS2EXA_GROUP, 0, 0.4, 10.7, 0.4, 0, 0, 0, 0, 0, 0, 0, 45.7, 0
2, 130192, 13/01/2019 17:40:04, ODS2EXA_GROUP, 0, 0.4, 10.9, 0.4, 0, 0, 0, 0, 0, 0, 0, 40.6, 0
2, 130193, 13/01/2019 18:00:18, ODS2EXA_GROUP, 0, 0.4, 10.7, 0.4, 0, 0, 0, 0, 0, 2, 0, 44.1, 0
2, 130194, 13/01/2019 18:20:33, ODS2EXA_GROUP, 0, 0.4, 10.8, 0.4, 0, 0, 0, 0, 0, 1, 0, 38.7, 0
2, 130195, 13/01/2019 18:40:01, ODS2EXA_GROUP, 0, 0.4, 10.8, 0.4, 0, 0, 0, 0, 0, 2, 0, 38.8, 0
2, 130196, 13/01/2019 19:00:05, ODS2EXA_GROUP, 0, 0.4, 10.8, 0.4, 0, 0, 0, 0, 0, 2, 0, 42.8, 0
2, 130197, 13/01/2019 19:20:12, ODS2EXA_GROUP, 0, 0.4, 10.7, 0.4, 0, 0, 0, 0, 0, 1, 0, 51.6, 0
2, 130198, 13/01/2019 19:40:04, ODS2EXA_GROUP, 0, 0.4, 10.8, 0.4, 0, 0, 0, 0, 0, 0, 0, 51.1, 0
2, 130199, 13/01/2019 20:00:08, ODS2EXA_GROUP, 0, 0.4, 11.8, 0.4, 0, 0, 0, 0, 0, 0, 0, 49.3, 0
2, 130200, 13/01/2019 20:20:03, ODS2EXA_GROUP, 0, 0.4, 10.3, 0.4, 0, 0, 0, 0, 0, 0, 0, 52.1, 0
2, 130201, 13/01/2019 20:40:16, ODS2EXA_GROUP, 0, 0.4, 10.3, 0.4, 0, 0, 0, 0, 0, 0, 0, 52.9, 0
2, 130202, 13/01/2019 21:00:09, ODS2EXA_GROUP, 0, 0.4, 11.4, 0.4, 0, 0, 0, 0, 0, 1, 0, 38.4, 0
2, 130203, 13/01/2019 21:20:25, ODS2EXA_GROUP, 0, 0.4, 10.9, 0.4, 0, 0, 0, 0, 0, 1, 0, 44.4, 0
2, 130204, 13/01/2019 21:40:42, ODS2EXA_GROUP, 0, 0.4, 10.8, 0.4, 0, 0, 0, 0, 0, 1, 0, 40.6, 0
2, 130205, 13/01/2019 22:00:01, ODS2EXA_GROUP, 0, 0.4, 10.9, 0.4, 0, 0, 0, 0, 0, 0, 0, 39.4, 0
2, 130206, 13/01/2019 22:20:01, ODS2EXA_GROUP, 0, 0.4, 10.7, 0.4, 0, 0, 0, 0, 0, 0, 0, 37.7, 0
2, 130207, 13/01/2019 22:40:06, ODS2EXA_GROUP, 0, 0.4, 10, 0.4, 0, 0, 0, 0, 0, 1, 0, 42.9, 0
2, 130208, 13/01/2019 23:00:10, ODS2EXA_GROUP, 0, 0.4, 10.8, 0.4, 0, 0, 0, 0, 0, 3, 0, 43.5, 0
2, 130209, 13/01/2019 23:20:15, ODS2EXA_GROUP, 0, 0.4, 11.4, 0.4, 0, 0, 0, 0, 0, 0, 0, 38.6, 0
2, 130210, 13/01/2019 23:40:17, ODS2EXA_GROUP, 0, 0.4, 10.2, 0.4, 0, 0, 0, 0, 0, 1, 0, 35, 0
2, 130139, 13/01/2019 00:00:00, ODS_SUPPORT_GROUP, 0, 0, 0.6, 0, 0, 0, 0, 0, 10, 3, 0, 0, 0
2, 130140, 13/01/2019 00:20:02, ODS_SUPPORT_GROUP, 0, 0, 7.8, 0, 0, 0, 0, 0, 10, 5, 0, 0, 0
2, 130141, 13/01/2019 00:40:09, ODS_SUPPORT_GROUP, 0, 0.1, 9.1, 0.1, 0, 0, 0, 0, 8, 6, 0, 0, 0
2, 130142, 13/01/2019 01:00:15, ODS_SUPPORT_GROUP, 3.8, 6.9, 8701.6, 2.7, 0, 0, 0, 0, 40, 1251, 0.4, 1231.2, 143.9
2, 130143, 13/01/2019 01:20:15, ODS_SUPPORT_GROUP, 4.3, 7.2, 7774.2, 2.9, 0, 0, 0, 0, 6, 1726, 0, 195.8, 38.5
2, 130144, 13/01/2019 01:40:09, ODS_SUPPORT_GROUP, 1, 1.4, 1280.9, 0.2, 0, 0, 2, 64, 101, 807, 0.2, 216.9, 322
2, 130145, 13/01/2019 02:00:09, ODS_SUPPORT_GROUP, 0.4, 0.9, 94.4, 0.3, 0, 0, 2, 52, 30, 41, 0.2, 1043, 13.2
2, 130146, 13/01/2019 02:20:44, ODS_SUPPORT_GROUP, 0, 0, 44.3, 0, 0, 0, 1, 16, 6, 0, 0, 4.3, 0
2, 130147, 13/01/2019 02:40:05, ODS_SUPPORT_GROUP, 0.3, 0.3, 40, 0, 0, 0, 1, 32, 45, 6, 0, 12.1, 1.8
2, 130148, 13/01/2019 03:00:21, ODS_SUPPORT_GROUP, 0.1, 0.2, 21.9, 0.1, 1, 0, 2, 36, 44, 10, 0, 4.4, 3.2
2, 130149, 13/01/2019 03:20:01, ODS_SUPPORT_GROUP, 0.4, 0.6, 12.9, 0, 0, 0, 0, 0, 10, 26, 0.2, 6.7, 8.2
2, 130150, 13/01/2019 03:40:09, ODS_SUPPORT_GROUP, 0.2, 0.8, 16, 0, 0, 0, 3, 40, 46, 17, 0.6, 3.8, 5.2
2, 130151, 13/01/2019 04:00:07, ODS_SUPPORT_GROUP, 2.1, 8.4, 124.6, 6.2, 0, 0, 10, 125, 191, 1435, 0.1, 1381.3, 132.3
2, 130152, 13/01/2019 04:20:05, ODS_SUPPORT_GROUP, 1.1, 2.9, 65.5, 1.8, 0, 0, 7, 86, 76, 871, 0, 671.3, 75.3
2, 130153, 13/01/2019 04:40:17, ODS_SUPPORT_GROUP, 1.9, 3.6, 70.1, 1.6, 0, 0, 11, 109, 117, 2212, 0.1, 1207.4, 74.2
2, 130154, 13/01/2019 05:00:09, ODS_SUPPORT_GROUP, 1.2, 2.1, 545.1, 0.7, 0, 0, 5, 126, 137, 239, 0.2, 1278.5, 210.6
2, 130155, 13/01/2019 05:20:23, ODS_SUPPORT_GROUP, 0.5, 0.7, 29.2, 0.2, 0, 0, 6, 52, 30, 45, 0, 635, 7.8
2, 130156, 13/01/2019 05:40:03, ODS_SUPPORT_GROUP, 0, 0, 0.5, 0, 0, 0, 1, 4, 8, 1, 0, 17.3, 0
2, 130157, 13/01/2019 06:00:06, ODS_SUPPORT_GROUP, 0, 0.1, 13, 0.1, 0, 0, 1, 16, 24, 22, 0, 20.1, 1.8
2, 130158, 13/01/2019 06:20:01, ODS_SUPPORT_GROUP, 0.1, 0.4, 24.3, 0.3, 0, 0, 1, 32, 46, 52, 0, 113.9, 12.9
2, 130159, 13/01/2019 06:40:10, ODS_SUPPORT_GROUP, 0.1, 0.6, 18.7, 0.4, 0, 0, 0, 0, 5, 36, 0.1, 0.4, 14.3
2, 130190, 13/01/2019 17:00:09, ODS_SUPPORT_GROUP, 0, 0, 0.8, 0, 0, 0, 0, 0, 10, 0, 0, 0, 0
2, 130191, 13/01/2019 17:20:12, ODS_SUPPORT_GROUP, 0, 0, 0.7, 0, 0, 0, 0, 0, 10, 0, 0, 0, 0
2, 130192, 13/01/2019 17:40:04, ODS_SUPPORT_GROUP, 0.1, 0.1, 3.1, 0, 0, 0, 0, 0, 27, 38, 0, 0, 0
2, 130193, 13/01/2019 18:00:18, ODS_SUPPORT_GROUP, 0.4, 1.5, 82.6, 0.1, 0, 0, 1, 16, 10, 151, 1, 278.6, 1400.7
2, 130194, 13/01/2019 18:20:33, ODS_SUPPORT_GROUP, 0.1, 0.2, 1.7, 0.1, 0, 0, 0, 0, 9, 17, 0, 3.2, 54.8
2, 130195, 13/01/2019 18:40:01, ODS_SUPPORT_GROUP, 0.3, 0.4, 24.6, 0.1, 0, 0, 0, 0, 10, 36, 0, 9, 8
2, 130196, 13/01/2019 19:00:05, ODS_SUPPORT_GROUP, 0.2, 0.3, 10.4, 0.1, 0, 0, 1, 2, 9, 20, 0, 5.3, 74.2
2, 130197, 13/01/2019 19:20:12, ODS_SUPPORT_GROUP, 0.3, 0.3, 19.3, 0, 0, 0, 1, 3, 14, 15, 0, 20.3, 45.7
2, 130198, 13/01/2019 19:40:04, ODS_SUPPORT_GROUP, 0.3, 0.4, 35.9, 0.1, 0, 0, 1, 3, 14, 18, 0, 11.1, 19.2
2, 130199, 13/01/2019 20:00:08, ODS_SUPPORT_GROUP, 0.1, 0.1, 1.1, 0, 0, 0, 0, 0, 9, 1, 0, 2.8, 4.4
2, 130200, 13/01/2019 20:20:03, ODS_SUPPORT_GROUP, 0, 0, 0.9, 0, 0, 0, 0, 0, 10, 4, 0, 0, 0
2, 130201, 13/01/2019 20:40:16, ODS_SUPPORT_GROUP, 0, 0, 0.7, 0, 0, 0, 0, 0, 10, 0, 0, 0, 0
2, 130202, 13/01/2019 21:00:09, ODS_SUPPORT_GROUP, 0, 0, 3.6, 0, 0, 0, 0, 0, 10, 4, 0, 0, 0
2, 130203, 13/01/2019 21:20:25, ODS_SUPPORT_GROUP, 0, 0, 2.2, 0, 0, 0, 0, 0, 10, 3, 0, 0, 0
2, 130204, 13/01/2019 21:40:42, ODS_SUPPORT_GROUP, 0, 0, 2.5, 0, 0, 0, 0, 0, 9, 5, 0, 0, 0
2, 130205, 13/01/2019 22:00:01, ODS_SUPPORT_GROUP, 0, 0, 3, 0, 0, 0, 0, 0, 10, 8, 0, 0, 0
2, 130206, 13/01/2019 22:20:01, ODS_SUPPORT_GROUP, 0, 0, 2.1, 0, 0, 0, 0, 0, 10, 1, 0, 0, 0
2, 130207, 13/01/2019 22:40:06, ODS_SUPPORT_GROUP, 0, 0, 0.7, 0, 0, 0, 0, 0, 10, 3, 0, 0, 0
2, 130208, 13/01/2019 23:00:10, ODS_SUPPORT_GROUP, 0, 0, 1.1, 0, 0, 0, 0, 0, 10, 5, 0, 0, 0
2, 130209, 13/01/2019 23:20:15, ODS_SUPPORT_GROUP, 0, 0, 3.2, 0, 0, 0, 0, 0, 10, 9, 0, 0, 0
2, 130210, 13/01/2019 23:40:17, ODS_SUPPORT_GROUP, 0, 0, 1, 0, 0, 0, 0, 0, 10, 5, 0, 0, 0
2, 130139, 13/01/2019 00:00:00, OTHER_GROUPS, 14.1, 19.4, 15252.6, 3.1, 0, 0, 0, 0, 640, 7258, 2.2, 858.5, 833.9
2, 130140, 13/01/2019 00:20:02, OTHER_GROUPS, 13, 24.5, 17692.3, 8.9, 0, 0, 0, 0, 765, 6799, 2.6, 1021.8, 614.9
2, 130141, 13/01/2019 00:40:09, OTHER_GROUPS, 11.2, 17.5, 13835.9, 4.9, 0, 0, 0, 0, 734, 5457, 1.4, 888.3, 587.7
2, 130142, 13/01/2019 01:00:15, OTHER_GROUPS, 7.4, 11.9, 14016.6, 3.2, 0, 0, 0, 0, 1159, 3204, 1.3, 796.8, 357.9
2, 130143, 13/01/2019 01:20:15, OTHER_GROUPS, 7.6, 11.3, 14772.9, 2.2, 0, 0, 0, 0, 1196, 6923, 1.5, 792, 451.6
2, 130144, 13/01/2019 01:40:09, OTHER_GROUPS, 7.7, 12.7, 14367.1, 3.5, 0, 0, 0, 0, 1456, 3690, 1.5, 639.6, 464.8
2, 130145, 13/01/2019 02:00:09, OTHER_GROUPS, 8.5, 13.5, 15458, 2.6, 0, 0, 2, 32, 1595, 3434, 2.4, 2872.7, 823.4
2, 130146, 13/01/2019 02:20:44, OTHER_GROUPS, 8.2, 10, 12438.6, 0.6, 0, 0, 0, 0, 797, 3026, 1.2, 928.8, 584.9
2, 130147, 13/01/2019 02:40:05, OTHER_GROUPS, 8.2, 11.2, 14883.3, 1.9, 0, 0, 0, 0, 541, 2855, 1.1, 924.5, 697.1
2, 130148, 13/01/2019 03:00:21, OTHER_GROUPS, 7.8, 25, 17949.6, 16, 0, 0, 0, 0, 520, 3408, 1.2, 937, 426.8
2, 130149, 13/01/2019 03:20:01, OTHER_GROUPS, 6.9, 9.9, 11029.3, 0.9, 0, 0, 0, 0, 825, 2637, 2.1, 574.8, 473.9
2, 130150, 13/01/2019 03:40:09, OTHER_GROUPS, 6.2, 10.5, 15896.3, 1.8, 0, 0, 0, 0, 716, 2301, 2.5, 392.7, 478.9
2, 130151, 13/01/2019 04:00:07, OTHER_GROUPS, 10.1, 13.5, 25966.7, 1.6, 0, 0, 0, 0, 1726, 2712, 1.8, 912.6, 792.2
2, 130152, 13/01/2019 04:20:05, OTHER_GROUPS, 12.7, 17.5, 43685.4, 2.5, 0, 0, 0, 0, 1996, 2721, 2.3, 1231.7, 640.8
2, 130153, 13/01/2019 04:40:17, OTHER_GROUPS, 12.7, 16.7, 32455.2, 2.1, 0, 0, 0, 0, 1377, 3958, 1.9, 1136.4, 622.1
2, 130154, 13/01/2019 05:00:09, OTHER_GROUPS, 8.4, 11.6, 14085.2, 1.7, 0, 0, 0, 0, 2344, 2021, 1.5, 856.9, 742.5
2, 130155, 13/01/2019 05:20:23, OTHER_GROUPS, 7.6, 10.2, 14907.8, 1.4, 0, 0, 0, 0, 666, 1831, 1.2, 1053.8, 712
2, 130156, 13/01/2019 05:40:03, OTHER_GROUPS, 7.3, 11.3, 15277.9, 2.8, 0, 0, 0, 0, 730, 2228, 1.2, 1420.1, 596.8
2, 130157, 13/01/2019 06:00:06, OTHER_GROUPS, 24.8, 48.3, 18198.7, 21, 0, 0, 0, 0, 528, 28304, 2.5, 870.3, 1121.2
2, 130158, 13/01/2019 06:20:01, OTHER_GROUPS, 32.6, 67.1, 16486.1, 32.4, 0, 0, 0, 0, 717, 30149, 2.1, 904.2, 1115.2
2, 130159, 13/01/2019 06:40:10, OTHER_GROUPS, 33.4, 106.7, 23952.6, 71.1, 0, 0, 0, 0, 1952, 32497, 2.2, 728.5, 1610.3
2, 130160, 13/01/2019 07:00:13, OTHER_GROUPS, 69.6, 75.7, 22415.6, 0, 0, 0, 1, 32, 1219, 94442, 6.1, 1188.3, 6003.8
2, 130161, 13/01/2019 07:20:32, OTHER_GROUPS, 73.7, 105.8, 71097.5, 28.5, 0, 0, 3, 48, 1646, 93217, 3.6, 1426.1, 4120.2
2, 130162, 13/01/2019 07:40:13, OTHER_GROUPS, 62.5, 101.7, 20131.3, 37.2, 0, 0, 0, 0, 1397, 90796, 2, 802.1, 2269.7
2, 130163, 13/01/2019 08:00:28, OTHER_GROUPS, 51.5, 81.9, 17310.3, 23.6, 0, 0, 51, 1082, 2832, 65031, 6.8, 2429.7, 8524.3
2, 130164, 13/01/2019 08:20:03, OTHER_GROUPS, 43.8, 73.5, 18793.7, 24.1, 1, 0, 83, 2177, 3623, 53134, 5.6, 4655.7, 9232.4
2, 130165, 13/01/2019 08:40:11, OTHER_GROUPS, 36.7, 56.6, 12093.9, 16.5, 0, 0, 7, 81, 1539, 35992, 3.4, 3394.6, 4671.3
2, 130166, 13/01/2019 09:00:01, OTHER_GROUPS, 43.3, 63.7, 15668.5, 13.8, 0, 0, 64, 1390, 2808, 60567, 6.6, 3202, 7997.2
2, 130167, 13/01/2019 09:20:08, OTHER_GROUPS, 44, 56.1, 17770.5, 2.7, 0, 0, 5, 96, 1571, 62156, 9.4, 1532.7, 11696.8
2, 130168, 13/01/2019 09:40:13, OTHER_GROUPS, 44.9, 52.1, 15196.8, 0, 0, 0, 27, 720, 2216, 60824, 7.2, 1959, 12136.4
2, 130169, 13/01/2019 10:00:22, OTHER_GROUPS, 39, 47, 11100.6, 0, 0, 0, 6, 128, 1361, 49881, 8, 2119.6, 13795.6
2, 130170, 13/01/2019 10:20:03, OTHER_GROUPS, 31.4, 35.5, 13602.4, 0, 0, 0, 2, 48, 1519, 32982, 4.1, 1451.6, 12502.1
2, 130171, 13/01/2019 10:40:31, OTHER_GROUPS, 29.4, 31.9, 7300.2, 0, 0, 0, 23, 640, 2232, 26248, 2.5, 2348, 2878.9
2, 130172, 13/01/2019 11:00:02, OTHER_GROUPS, 26.7, 30.7, 7294.4, 0, 0, 0, 27, 624, 2027, 21511, 4, 1665.7, 3739.3
2, 130173, 13/01/2019 11:20:06, OTHER_GROUPS, 31.8, 34.1, 10575.2, 0, 0, 0, 48, 1080, 2873, 26202, 2.3, 3043.9, 3046.9
2, 130174, 13/01/2019 11:40:12, OTHER_GROUPS, 26.2, 30.7, 5208.3, 0, 0, 0, 5, 128, 1471, 22060, 4.5, 1978.1, 4440.4
2, 130175, 13/01/2019 12:00:11, OTHER_GROUPS, 23.3, 30.8, 4940.8, 0, 0, 0, 1, 16, 1273, 16381, 7.5, 1532.6, 3814.1
2, 130176, 13/01/2019 12:20:08, OTHER_GROUPS, 27.4, 30.5, 5831.1, 0, 0, 0, 89, 2088, 3698, 21525, 3.1, 2374.5, 1948.4
2, 130177, 13/01/2019 12:40:04, OTHER_GROUPS, 20.9, 22.4, 3002.6, 0, 0, 0, 0, 0, 1301, 13751, 1.5, 1283, 1592.7
2, 130178, 13/01/2019 13:00:18, OTHER_GROUPS, 23.4, 25.4, 4349.9, 0, 0, 0, 80, 2152, 3416, 17319, 2, 2299.7, 2176.5
2, 130179, 13/01/2019 13:20:31, OTHER_GROUPS, 26.3, 29, 5859.1, 0, 0, 0, 7, 224, 1605, 20143, 2.7, 1772.8, 5953.8
2, 130180, 13/01/2019 13:40:19, OTHER_GROUPS, 23, 24.8, 3506.3, 0, 0, 0, 1, 16, 1509, 15107, 1.8, 1210.6, 2292.5
2, 130181, 13/01/2019 14:00:37, OTHER_GROUPS, 28.9, 33.5, 6081, 0, 0, 0, 73, 1568, 2822, 23602, 4.6, 3210.8, 7100.4
2, 130182, 13/01/2019 14:20:14, OTHER_GROUPS, 25.3, 27.5, 4294.9, 0, 0, 0, 28, 832, 2408, 18458, 2.2, 2091.8, 2737.8
2, 130183, 13/01/2019 14:40:01, OTHER_GROUPS, 22.5, 24.6, 3810.9, 0, 0, 0, 11, 248, 1768, 16128, 2.1, 1534.5, 3558.2
2, 130184, 13/01/2019 15:00:06, OTHER_GROUPS, 22.1, 24.2, 4548.2, 0, 0, 0, 4, 56, 1591, 14128, 2.1, 1273.7, 1694.2
2, 130185, 13/01/2019 15:20:06, OTHER_GROUPS, 28, 30.9, 4662.9, 0, 0, 0, 67, 1792, 3347, 24651, 2.9, 3341.4, 5797
2, 130186, 13/01/2019 15:40:08, OTHER_GROUPS, 22.6, 24.1, 4648.2, 0, 0, 0, 1, 16, 1504, 15823, 1.5, 1512.6, 1452.4
2, 130187, 13/01/2019 16:00:19, OTHER_GROUPS, 37.4, 41.3, 14722.9, 0, 0, 0, 81, 2165, 3488, 31477, 3.9, 3373.2, 4612.8
2, 130188, 13/01/2019 16:20:00, OTHER_GROUPS, 38.2, 39.9, 34286, 0, 0, 0, 1, 16, 1479, 27168, 1.7, 2001.4, 2005.2
2, 130189, 13/01/2019 16:40:16, OTHER_GROUPS, 44.3, 46.4, 26557.6, 0, 0, 0, 101, 2512, 5258, 30290, 2.1, 3357.3, 2312.5
2, 130190, 13/01/2019 17:00:09, OTHER_GROUPS, 44.4, 48.3, 16061.3, 0, 0, 0, 0, 0, 604, 32431, 3.9, 2031.4, 5495
2, 130191, 13/01/2019 17:20:12, OTHER_GROUPS, 37, 38.9, 15918.8, 0, 0, 0, 214, 1664, 2314, 23270, 1.9, 1259.4, 1396.7
2, 130192, 13/01/2019 17:40:04, OTHER_GROUPS, 39, 40.6, 15178.3, 0, 0, 0, 269, 2140, 2652, 28127, 1.6, 1043.2, 1073.3
2, 130193, 13/01/2019 18:00:18, OTHER_GROUPS, 37, 38.9, 15508.7, 0, 0, 0, 72, 532, 1127, 35269, 1.9, 1158.1, 1228.6
2, 130194, 13/01/2019 18:20:33, OTHER_GROUPS, 39.5, 41.2, 15194.9, 0, 0, 0, 122, 888, 1614, 37893, 1.7, 1113.8, 1278
2, 130195, 13/01/2019 18:40:01, OTHER_GROUPS, 41, 42.2, 14915.8, 0, 0, 0, 204, 1600, 2260, 32605, 1.2, 1099, 894.2
2, 130196, 13/01/2019 19:00:05, OTHER_GROUPS, 32.6, 34.2, 14887.5, 0, 0, 0, 199, 1560, 2226, 22482, 1.6, 1126.6, 836
2, 130197, 13/01/2019 19:20:12, OTHER_GROUPS, 25.1, 26.6, 14451.6, 0, 0, 0, 40, 292, 1041, 18133, 1.5, 1292.4, 843.8
2, 130198, 13/01/2019 19:40:04, OTHER_GROUPS, 22.7, 26.1, 15722.1, 1.9, 0, 0, 4, 32, 609, 17186, 1.5, 944.4, 857.6
2, 130199, 13/01/2019 20:00:08, OTHER_GROUPS, 23.2, 36.5, 18245.1, 11.6, 0, 0, 290, 2280, 3000, 16865, 1.7, 968.7, 1271.5
2, 130200, 13/01/2019 20:20:03, OTHER_GROUPS, 19.5, 23.6, 14130.3, 2.9, 0, 0, 0, 0, 755, 16413, 1.2, 830, 767.6
2, 130201, 13/01/2019 20:40:16, OTHER_GROUPS, 19.5, 21.9, 14425.1, 1.5, 0, 0, 0, 0, 618, 14401, 0.9, 1069, 719.4
2, 130202, 13/01/2019 21:00:09, OTHER_GROUPS, 21.3, 29.8, 17645, 6.2, 0, 0, 0, 0, 662, 16517, 2.3, 909.3, 1069.2
2, 130203, 13/01/2019 21:20:25, OTHER_GROUPS, 23, 29, 16404, 4.7, 0, 0, 0, 0, 664, 19970, 1.3, 740.1, 752.6
2, 130204, 13/01/2019 21:40:42, OTHER_GROUPS, 23.8, 30.8, 15896.1, 5.9, 0, 0, 0, 0, 594, 20594, 1.1, 812.3, 738.4
2, 130205, 13/01/2019 22:00:01, OTHER_GROUPS, 23.2, 29.8, 16668.6, 5.2, 0, 0, 0, 0, 661, 20225, 1.4, 754.7, 540.6
2, 130206, 13/01/2019 22:20:01, OTHER_GROUPS, 21.9, 26.5, 14972.2, 3.5, 0, 0, 0, 0, 810, 18368, 1.1, 803.2, 679.8
2, 130207, 13/01/2019 22:40:06, OTHER_GROUPS, 21.1, 24.6, 13869.1, 2.5, 0, 0, 0, 0, 678, 15607, 1, 822.6, 830.1
2, 130208, 13/01/2019 23:00:10, OTHER_GROUPS, 24.5, 31.3, 16801, 4.4, 0, 0, 0, 0, 773, 24007, 2.4, 865.6, 3550.4
2, 130209, 13/01/2019 23:20:15, OTHER_GROUPS, 25.2, 42.5, 18159.4, 15.5, 0, 0, 0, 0, 845, 24848, 1.8, 832.7, 1538.7
2, 130210, 13/01/2019 23:40:17, OTHER_GROUPS, 27.2, 33, 15311.3, 4.2, 0, 0, 0, 0, 596, 26934, 1.6, 842.4, 948.4
3, 130142, 13/01/2019 01:00:15, ADW_UNLOAD_GROUP, 0, 0, 0, 0, 0, 0, 0, 0, 43, 2, 0, 0, 0
3, 130143, 13/01/2019 01:20:15, ADW_UNLOAD_GROUP, 0, 0, 0, 0, 0, 0, 0, 0, 44, 6, 0, 0, 0
3, 130144, 13/01/2019 01:40:09, ADW_UNLOAD_GROUP, 0, 0, 0, 0, 0, 0, 0, 0, 44, 1, 0, 0, 0
3, 130145, 13/01/2019 02:00:09, ADW_UNLOAD_GROUP, 0, 0, 0, 0, 0, 0, 0, 0, 49, 2, 0, 0, 0
3, 130149, 13/01/2019 03:20:01, ADW_UNLOAD_GROUP, 0, 0, 0, 0, 0, 0, 0, 0, 44, 1, 0, 0, 0
3, 130151, 13/01/2019 04:00:07, ADW_UNLOAD_GROUP, 0, 0, 0, 0, 0, 0, 0, 0, 49, 3, 0, 0, 0
3, 130152, 13/01/2019 04:20:08, ADW_UNLOAD_GROUP, 0, 0, 0, 0, 0, 0, 0, 0, 44, 0, 0, 0, 0
3, 130154, 13/01/2019 05:00:09, ADW_UNLOAD_GROUP, 0, 0, 0, 0, 0, 0, 0, 0, 49, 3, 0, 0, 0
3, 130155, 13/01/2019 05:20:23, ADW_UNLOAD_GROUP, 0, 0, 0, 0, 0, 0, 0, 0, 39, 1, 0, 0, 0
3, 130156, 13/01/2019 05:40:03, ADW_UNLOAD_GROUP, 0, 0, 0, 0, 0, 0, 0, 0, 48, 1, 0, 0, 0
3, 130157, 13/01/2019 06:00:05, ADW_UNLOAD_GROUP, 0, 0, 0, 0, 0, 0, 0, 0, 40, 1, 0, 0, 0
3, 130158, 13/01/2019 06:20:01, ADW_UNLOAD_GROUP, 0, 0, 0, 0, 0, 0, 0, 0, 44, 1, 0, 0, 0
3, 130159, 13/01/2019 06:40:10, ADW_UNLOAD_GROUP, 0, 0, 0, 0, 0, 0, 0, 0, 44, 0, 0, 0, 0
3, 130190, 13/01/2019 17:00:03, ADW_UNLOAD_GROUP, 0, 0, 0, 0, 0, 0, 0, 0, 44, 0, 0, 0, 0
3, 130191, 13/01/2019 17:20:12, ADW_UNLOAD_GROUP, 0, 0, 0, 0, 0, 0, 0, 0, 44, 0, 0, 0, 0
3, 130193, 13/01/2019 18:00:18, ADW_UNLOAD_GROUP, 0, 0, 0, 0, 0, 0, 0, 0, 49, 0, 0, 0, 0
3, 130196, 13/01/2019 19:00:05, ADW_UNLOAD_GROUP, 0.4, 1.1, 233.2, 0.3, 0, 0, 2, 34, 145, 27, 0.4, 156.1, 410.9
3, 130202, 13/01/2019 21:00:09, ADW_UNLOAD_GROUP, 0, 0, 0, 0, 0, 0, 0, 0, 49, 0, 0, 0, 0
3, 130203, 13/01/2019 21:20:25, ADW_UNLOAD_GROUP, 0, 0, 0, 0, 0, 0, 0, 0, 44, 0, 0, 0, 0
3, 130205, 13/01/2019 22:00:01, ADW_UNLOAD_GROUP, 0, 0, 0, 0, 0, 0, 0, 0, 44, 0, 0, 0, 0
3, 130209, 13/01/2019 23:20:15, ADW_UNLOAD_GROUP, 0, 0, 0, 0, 0, 0, 0, 0, 44, 0, 0, 0, 0
3, 130210, 13/01/2019 23:40:17, ADW_UNLOAD_GROUP, 0, 0, 0, 0, 0, 0, 0, 0, 44, 0, 0, 0, 0
3, 130139, 13/01/2019 00:00:00, DM_TECH_GROUP, 2.7, 4.6, 1240.7, 1.1, 0, 0, 739, 10528, 10531, 890, 0.8, 1720.7, 3278.2
3, 130140, 13/01/2019 00:20:02, DM_TECH_GROUP, 7.6, 27.5, 8518.8, 16.2, 36, 0.5, 122, 1748, 2188, 6851, 3.7, 885, 4534.4
3, 130141, 13/01/2019 00:40:10, DM_TECH_GROUP, 17, 46.4, 32961.5, 21, 18, 0.5, 91, 1350, 1457, 11550, 8.4, 1542, 15978.6
3, 130142, 13/01/2019 01:00:15, DM_TECH_GROUP, 15.6, 42.6, 42445, 23.2, 7, 0, 146, 2160, 2288, 8572, 3.8, 991, 6063.3
3, 130143, 13/01/2019 01:20:15, DM_TECH_GROUP, 18.1, 41.6, 42064.5, 17.8, 0, 0, 32, 452, 453, 13302, 5.7, 1541.9, 10267.5
3, 130144, 13/01/2019 01:40:09, DM_TECH_GROUP, 13.6, 34.7, 40843.4, 16.8, 6, 0, 27, 382, 441, 5947, 4.3, 1203, 10075
3, 130145, 13/01/2019 02:00:09, DM_TECH_GROUP, 15.4, 31.1, 25721, 13.1, 0, 0, 41, 568, 672, 10014, 2.6, 954.3, 4334.4
3, 130146, 13/01/2019 02:20:44, DM_TECH_GROUP, 16.2, 22.8, 20528.1, 5.9, 0, 0, 61, 920, 1059, 7896, 0.7, 1243.8, 1422.7
3, 130147, 13/01/2019 02:40:05, DM_TECH_GROUP, 13.8, 21.5, 13187.5, 7.2, 0, 0, 95, 1366, 1511, 3323, 0.5, 1799.5, 888.7
3, 130148, 13/01/2019 03:00:21, DM_TECH_GROUP, 11.8, 21.6, 11472.1, 9.3, 0, 0, 0, 0, 1, 2349, 0.5, 1151.4, 1033.1
3, 130149, 13/01/2019 03:20:01, DM_TECH_GROUP, 11.8, 21.7, 16666.6, 8.1, 0, 0, 6, 80, 128, 2712, 1.8, 1009.8, 1820.8
3, 130150, 13/01/2019 03:40:09, DM_TECH_GROUP, 11.8, 20.9, 18261.5, 7.2, 0, 0, 10, 120, 113, 3513, 1.9, 771.7, 2677.3
3, 130151, 13/01/2019 04:00:07, DM_TECH_GROUP, 8.8, 14.7, 13846.3, 5.8, 0, 0, 33, 504, 527, 2646, 0.1, 442.5, 113.6
3, 130152, 13/01/2019 04:20:08, DM_TECH_GROUP, 6.3, 11.1, 6967, 4.6, 0, 0, 277, 3944, 3945, 1087, 0.2, 381.7, 282.4
3, 130153, 13/01/2019 04:40:17, DM_TECH_GROUP, 9.2, 14.2, 9003.4, 4.6, 0, 0, 7, 58, 164, 1678, 0.4, 252.2, 628.7
3, 130154, 13/01/2019 05:00:09, DM_TECH_GROUP, 7.5, 12.9, 8185.1, 5, 0, 0, 3, 36, 163, 1806, 0.4, 530.1, 567.2
3, 130155, 13/01/2019 05:20:23, DM_TECH_GROUP, 6.1, 11.3, 7806.7, 5, 0, 0, 9, 136, 97, 1847, 0.2, 503.4, 352.8
3, 130156, 13/01/2019 05:40:03, DM_TECH_GROUP, 3.7, 9.6, 9868.2, 5.9, 0, 0, 1, 16, 0, 826, 0, 310.8, 0
3, 130157, 13/01/2019 06:00:05, DM_TECH_GROUP, 3.4, 9.2, 11112, 5.8, 0, 0, 0, 0, 0, 898, 0, 251.7, 0
3, 130158, 13/01/2019 06:20:01, DM_TECH_GROUP, 3.7, 10.7, 15291.1, 7, 0, 0, 6, 88, 202, 978, 0, 435.3, 7.8
3, 130159, 13/01/2019 06:40:10, DM_TECH_GROUP, 4.9, 15, 23719.1, 9.2, 0, 0, 18, 245, 288, 1515, 0.9, 537.7, 287.7
3, 130190, 13/01/2019 17:00:03, DM_TECH_GROUP, 0.6, 1.1, 36.8, 0.3, 0, 0, 1, 16, 38, 59, 0.2, 6.4, 558.5
3, 130191, 13/01/2019 17:20:12, DM_TECH_GROUP, 2.9, 6.4, 4039.9, 2.9, 0, 0, 3, 48, 143, 1041, 0.6, 312.2, 5355.9
3, 130192, 13/01/2019 17:40:04, DM_TECH_GROUP, 2.9, 6.2, 15964, 2.9, 0, 0, 97, 1472, 1593, 940, 0.4, 426.7, 3347.7
3, 130193, 13/01/2019 18:00:18, DM_TECH_GROUP, 3, 8.1, 632, 3.1, 0, 0, 668, 9408, 9288, 806, 2, 1780, 6831
3, 130194, 13/01/2019 18:20:33, DM_TECH_GROUP, 1.4, 2.7, 134.1, 1, 0, 0, 81, 1200, 1190, 188, 0.3, 271.7, 2401.2
3, 130195, 13/01/2019 18:40:01, DM_TECH_GROUP, 0.9, 1.4, 2786.3, 0.4, 0, 0, 12, 176, 180, 107, 0.1, 48.4, 590.4
3, 130196, 13/01/2019 19:00:05, DM_TECH_GROUP, 0.7, 1.2, 140.6, 0.3, 0, 0, 10, 144, 144, 58, 0.2, 64.5, 455.9
3, 130197, 13/01/2019 19:20:12, DM_TECH_GROUP, 0.4, 0.6, 10.8, 0.1, 0, 0, 0, 0, 0, 7, 0.1, 2.8, 338.9
3, 130198, 13/01/2019 19:40:04, DM_TECH_GROUP, 0.5, 0.6, 11.4, 0, 0, 0, 0, 0, 11, 6, 0.1, 2.9, 352.8
3, 130199, 13/01/2019 20:00:08, DM_TECH_GROUP, 0.4, 0.7, 18.6, 0.2, 0, 0, 0, 0, 0, 10, 0.1, 1.8, 212.5
3, 130200, 13/01/2019 20:20:01, DM_TECH_GROUP, 0.4, 0.6, 14.1, 0.1, 0, 0, 0, 0, 0, 9, 0.1, 2.2, 248
3, 130201, 13/01/2019 20:40:11, DM_TECH_GROUP, 0.2, 0.4, 17.8, 0.2, 0, 0, 0, 0, 6, 3, 0, 1.5, 166.9
3, 130202, 13/01/2019 21:00:09, DM_TECH_GROUP, 1, 1.1, 1658.2, 0, 0, 0, 4, 54, 119, 40, 0.1, 66.4, 179
3, 130203, 13/01/2019 21:20:25, DM_TECH_GROUP, 0.2, 0.5, 327.8, 0.3, 0, 0, 1, 16, 0, 6, 0, 11.7, 158.4
3, 130204, 13/01/2019 21:40:42, DM_TECH_GROUP, 0.2, 0.3, 3.3, 0.1, 0, 0, 1, 6, 3, 4, 0, 1.3, 164.7
3, 130205, 13/01/2019 22:00:01, DM_TECH_GROUP, 0.3, 0.7, 71.9, 0.3, 0, 0, 2, 32, 33, 20, 0.1, 6.1, 134.4
3, 130206, 13/01/2019 22:20:01, DM_TECH_GROUP, 1.3, 4.7, 1327, 3.2, 0, 0, 7, 112, 242, 350, 0.2, 181.5, 2572
3, 130207, 13/01/2019 22:40:06, DM_TECH_GROUP, 1.9, 5.6, 7858.9, 3.4, 0, 0, 4, 48, 31, 346, 0.3, 172.6, 3455.8
3, 130208, 13/01/2019 23:00:10, DM_TECH_GROUP, 1.3, 2.7, 9141.8, 0.9, 0, 0, 2, 24, 11, 174, 0.5, 73.2, 1559.3
3, 130209, 13/01/2019 23:20:15, DM_TECH_GROUP, 0.1, 0.2, 17.2, 0.1, 0, 0, 0, 0, 0, 1, 0, 3.8, 0
3, 130210, 13/01/2019 23:40:17, DM_TECH_GROUP, 0.1, 0.1, 16.8, 0, 0, 0, 0, 0, 0, 1, 0, 3.8, 0
3, 130142, 13/01/2019 01:00:15, ODS_SUPPORT_GROUP, 0, 0, 0, 0, 0, 0, 0, 0, 6, 1, 0, 0, 0
3, 130144, 13/01/2019 01:40:09, ODS_SUPPORT_GROUP, 0, 0, 0, 0, 0, 0, 0, 0, 6, 0, 0, 0, 0
3, 130147, 13/01/2019 02:40:05, ODS_SUPPORT_GROUP, 0.5, 0.8, 99.3, 0.2, 0, 0, 0, 0, 6, 122, 0.1, 3619.3, 169.5
3, 130148, 13/01/2019 03:00:21, ODS_SUPPORT_GROUP, 0.4, 0.8, 91.1, 0.3, 0, 0, 0, 0, 6, 104, 0.1, 2367.1, 108.6
3, 130149, 13/01/2019 03:20:01, ODS_SUPPORT_GROUP, 0.3, 0.8, 102.8, 0.1, 0, 0, 0, 0, 6, 35, 0.4, 13.4, 485.2
3, 130150, 13/01/2019 03:40:09, ODS_SUPPORT_GROUP, 0.3, 0.9, 105.9, 0.2, 0, 0, 0, 0, 6, 34, 0.4, 62.3, 627
3, 130151, 13/01/2019 04:00:07, ODS_SUPPORT_GROUP, 0.2, 0.5, 56.7, 0.1, 0, 0, 0, 0, 6, 65, 0.2, 13.5, 366.9
3, 130152, 13/01/2019 04:20:08, ODS_SUPPORT_GROUP, 0.2, 0.4, 51.7, 0, 0, 0, 1, 2, 6, 34, 0.2, 12.2, 557.2
3, 130139, 13/01/2019 00:00:00, OTHER_GROUPS, 12.1, 27.7, 20410.8, 14.6, 0, 0, 36, 424, 7790, 2922, 1, 9905, 520.5
3, 130140, 13/01/2019 00:20:02, OTHER_GROUPS, 27.3, 79.6, 26712.5, 50.4, 0, 0, 443, 2394, 10113, 21771, 1.9, 12898.6, 1680.4
3, 130141, 13/01/2019 00:40:10, OTHER_GROUPS, 32.9, 66.6, 19831.5, 31.8, 0, 0, 631, 4540, 11826, 35223, 1.9, 8658.3, 2121.7
3, 130142, 13/01/2019 01:00:15, OTHER_GROUPS, 32.2, 75.6, 20321.4, 38.6, 0, 0, 190, 1544, 7211, 31381, 4.8, 4702.4, 4624
3, 130143, 13/01/2019 01:20:15, OTHER_GROUPS, 29.6, 70.8, 20297.7, 35.6, 0, 0, 65, 504, 7311, 22654, 5.6, 2792.5, 6463.9
3, 130144, 13/01/2019 01:40:09, OTHER_GROUPS, 28.1, 61.1, 17906.9, 28.2, 0, 0, 23, 248, 6280, 19016, 4.8, 5487.9, 5973.1
3, 130145, 13/01/2019 02:00:09, OTHER_GROUPS, 22.5, 45, 17655.6, 17.8, 0, 0, 15, 100, 6028, 16621, 4.7, 2952.8, 4931.3
3, 130146, 13/01/2019 02:20:44, OTHER_GROUPS, 19.5, 29, 14772.7, 5.9, 0, 0, 28, 184, 5762, 12672, 3.6, 3917.2, 5291.3
3, 130147, 13/01/2019 02:40:05, OTHER_GROUPS, 12.6, 18.8, 15644.3, 4.1, 0, 0, 21, 260, 5488, 4409, 2.1, 2967.3, 3256.1
3, 130148, 13/01/2019 03:00:21, OTHER_GROUPS, 10.5, 28.6, 14532.8, 16.6, 0, 0, 145, 644, 5764, 2580, 1.5, 2996.8, 1523.2
3, 130149, 13/01/2019 03:20:01, OTHER_GROUPS, 8, 14.5, 12313.4, 3.4, 0, 0, 38, 366, 4446, 2773, 3.1, 3177.9, 3210.5
3, 130150, 13/01/2019 03:40:09, OTHER_GROUPS, 10.5, 17.3, 18662.5, 3.6, 0, 0, 33, 292, 4095, 5104, 3.2, 5206.9, 4035.7
3, 130151, 13/01/2019 04:00:07, OTHER_GROUPS, 14.2, 20.6, 34666.5, 3.4, 0, 0, 120, 504, 7146, 7499, 3, 1156.3, 4256.2
3, 130152, 13/01/2019 04:20:08, OTHER_GROUPS, 24.7, 31.4, 50315, 3.2, 0, 0, 514, 2252, 8972, 14133, 3.5, 7452.9, 5327.9
3, 130153, 13/01/2019 04:40:17, OTHER_GROUPS, 30.3, 36.6, 40144.7, 3.1, 0, 0, 70, 320, 6184, 25601, 3.2, 2737.1, 5043.6
3, 130154, 13/01/2019 05:00:09, OTHER_GROUPS, 20.5, 26.9, 18679.2, 3.3, 0, 0, 206, 1065, 8575, 9884, 3.1, 6759.7, 4980.4
3, 130155, 13/01/2019 05:20:23, OTHER_GROUPS, 18.1, 22.5, 14469.4, 3.1, 0, 0, 19, 296, 5633, 9560, 1.3, 3716.7, 1514.3
3, 130156, 13/01/2019 05:40:03, OTHER_GROUPS, 15.7, 19.4, 13643.2, 2.8, 0, 0, 153, 612, 7079, 7169, 0.9, 1600.1, 503.8
3, 130157, 13/01/2019 06:00:05, OTHER_GROUPS, 15.5, 19.9, 16811.7, 3.3, 0, 0, 119, 588, 6295, 8666, 1.1, 3740.8, 748
3, 130158, 13/01/2019 06:20:01, OTHER_GROUPS, 11.7, 16.4, 21108.4, 3.4, 0, 0, 24, 360, 6683, 4002, 1.3, 3750.5, 1058.9
3, 130159, 13/01/2019 06:40:10, OTHER_GROUPS, 11.5, 25.5, 25433.1, 12.5, 0, 0, 48, 808, 8275, 4213, 1.5, 4633.1, 1498.5
3, 130160, 13/01/2019 07:00:13, OTHER_GROUPS, 41.6, 45.2, 37271.8, 0, 0, 0, 167, 3930, 112877, 85728, 3.6, 9463.6, 3745.3
3, 130161, 13/01/2019 07:20:32, OTHER_GROUPS, 56.3, 77.8, 57739.9, 16.6, 1, 0, 236, 5740, 25827, 53229, 4.9, 7119, 6401.1
3, 130162, 13/01/2019 07:40:13, OTHER_GROUPS, 31.6, 55.5, 16910.6, 17.8, 0, 0, 517, 9040, 16477, 36892, 6.1, 3782, 11182.9
3, 130163, 13/01/2019 08:00:15, OTHER_GROUPS, 22.2, 29.5, 20943, 3.5, 0, 0, 158, 3313, 10561, 102273, 3.8, 9379.6, 7646.9
3, 130164, 13/01/2019 08:20:03, OTHER_GROUPS, 35.1, 50.2, 23783.3, 11.1, 0, 0, 180, 4739, 24769, 43275, 4, 5338.7, 5921.8
3, 130165, 13/01/2019 08:40:17, OTHER_GROUPS, 48.6, 70.2, 53415.1, 11.1, 0, 0, 128, 2949, 16272, 55105, 10.5, 8984.8, 15685.7
3, 130166, 13/01/2019 09:00:01, OTHER_GROUPS, 35.3, 45.9, 30411.9, 5.2, 0, 0, 562, 29240, 34631, 26783, 5.4, 9022.1, 5054.6
3, 130167, 13/01/2019 09:20:09, OTHER_GROUPS, 48.5, 60.6, 48988.5, 6.4, 0, 0, 834, 36153, 43037, 47821, 5.7, 12039.9, 7262.2
3, 130168, 13/01/2019 09:40:13, OTHER_GROUPS, 27.7, 32.9, 28751.9, 0, 0, 0, 1589, 63904, 75844, 18121, 5.2, 5866.9, 9495
3, 130169, 13/01/2019 10:00:22, OTHER_GROUPS, 37.6, 42.9, 16537, 0, 0, 0, 839, 48656, 55711, 22880, 5.3, 12303.1, 5691.3
3, 130170, 13/01/2019 10:20:03, OTHER_GROUPS, 40.6, 44, 23536, 0, 0, 0, 718, 38481, 44970, 25343, 3.4, 6124.6, 3957.3
3, 130171, 13/01/2019 10:40:25, OTHER_GROUPS, 33.1, 36.8, 33488.2, 0, 0, 0, 1136, 54943, 60962, 19061, 3.7, 6577.8, 6834.2
3, 130172, 13/01/2019 11:00:02, OTHER_GROUPS, 52.7, 57.7, 41083.6, 0, 0, 0, 937, 47696, 53400, 36830, 5, 7741.3, 4813.2
3, 130173, 13/01/2019 11:20:06, OTHER_GROUPS, 35.6, 39.2, 31463.3, 0, 0, 0, 1056, 56251, 64101, 21949, 3.6, 5863.3, 4531.4
3, 130174, 13/01/2019 11:40:13, OTHER_GROUPS, 47.4, 52.1, 42466.8, 0, 0, 0, 603, 33099, 40637, 37085, 4.7, 4216.6, 4754.1
3, 130175, 13/01/2019 12:00:10, OTHER_GROUPS, 40.9, 44.4, 44561.1, 0, 0, 0, 711, 43442, 53500, 27424, 3.5, 7083.2, 4706.9
3, 130176, 13/01/2019 12:20:08, OTHER_GROUPS, 39.8, 54.6, 51672.9, 9.7, 0, 0, 746, 46480, 53141, 33064, 5.1, 5901.1, 10080.7
3, 130177, 13/01/2019 12:40:02, OTHER_GROUPS, 28.9, 34.5, 63620.4, 0, 0, 0, 1057, 67087, 73667, 19898, 5.6, 2895.1, 14627.2
3, 130178, 13/01/2019 13:00:18, OTHER_GROUPS, 25.2, 28.5, 25894.8, 0, 0, 0, 703, 43865, 50447, 14378, 3.3, 5672.6, 3177.9
3, 130179, 13/01/2019 13:20:31, OTHER_GROUPS, 26.1, 29.5, 34875.2, 0, 0, 0, 996, 63436, 69351, 10137, 3.4, 1769.9, 4692.6
3, 130180, 13/01/2019 13:40:19, OTHER_GROUPS, 23.6, 26.1, 30096.2, 0, 0, 0, 1364, 86332, 91979, 8301, 2.5, 2556.6, 2755.5
3, 130181, 13/01/2019 14:00:37, OTHER_GROUPS, 47.4, 51.4, 32168.5, 0, 0, 0, 153, 9135, 16498, 33355, 4, 4494, 2234.7
3, 130182, 13/01/2019 14:20:14, OTHER_GROUPS, 28.8, 31.3, 50814, 0, 0, 0, 188, 11839, 18706, 15001, 2.5, 1917.4, 1905.8
3, 130183, 13/01/2019 14:40:01, OTHER_GROUPS, 26.5, 29.8, 18249.6, 0, 0, 0, 163, 9129, 16019, 11012, 3.3, 2787, 6127.4
3, 130184, 13/01/2019 15:00:06, OTHER_GROUPS, 38.3, 46.5, 18152, 4.4, 0, 0, 1045, 65000, 73749, 29608, 3.8, 5545.3, 3021.2
3, 130185, 13/01/2019 15:20:06, OTHER_GROUPS, 29.9, 32, 18732.1, 0, 0, 0, 235, 13773, 18773, 12754, 2.1, 5517.4, 1747.2
3, 130186, 13/01/2019 15:40:08, OTHER_GROUPS, 31, 33.6, 11771.4, 0, 0, 0, 30, 1055, 9497, 17630, 2.6, 5626.4, 2143.2
3, 130187, 13/01/2019 16:00:19, OTHER_GROUPS, 30.4, 33, 22574.8, 0, 0, 0, 30, 962, 8475, 10817, 2.6, 9496.7, 2502.2
3, 130188, 13/01/2019 16:20:00, OTHER_GROUPS, 21.5, 23.9, 10119.6, 0, 0, 0, 6, 145, 7168, 9179, 2.4, 3451.2, 3786.6
3, 130189, 13/01/2019 16:40:16, OTHER_GROUPS, 17.9, 20.1, 7104.2, 0, 0, 0, 21, 548, 8908, 5629, 2.2, 5498.7, 3988.6
3, 130190, 13/01/2019 17:00:03, OTHER_GROUPS, 11.3, 16.3, 22177, 1.9, 0, 0, 15, 240, 6725, 1358, 3.1, 5142.7, 4445.7
3, 130191, 13/01/2019 17:20:12, OTHER_GROUPS, 10.5, 14, 22093.2, 0, 0, 0, 12, 192, 5443, 726, 3.5, 3872.3, 4344.3
3, 130192, 13/01/2019 17:40:04, OTHER_GROUPS, 9.6, 14.4, 19221.4, 2.5, 0, 0, 22, 352, 7110, 683, 2.3, 5159.5, 4339.4
3, 130193, 13/01/2019 18:00:18, OTHER_GROUPS, 11.2, 16.7, 24789.4, 3, 0, 0, 35, 514, 6025, 1903, 2.5, 7880.4, 3359.1
3, 130194, 13/01/2019 18:20:33, OTHER_GROUPS, 8.5, 10.9, 18988.6, 0.5, 0, 0, 25, 400, 6505, 458, 1.9, 5834.4, 2760
3, 130195, 13/01/2019 18:40:01, OTHER_GROUPS, 7.6, 9.3, 15955.3, 0, 0, 0, 22, 352, 6339, 388, 1.7, 5741.1, 2965.8
3, 130196, 13/01/2019 19:00:05, OTHER_GROUPS, 12.7, 15.5, 23171.4, 0.9, 0, 0, 10, 176, 6789, 2739, 1.9, 4842.8, 2389.5
3, 130197, 13/01/2019 19:20:12, OTHER_GROUPS, 11, 14, 21153.5, 1.1, 0, 0, 15, 144, 6571, 1510, 1.9, 3299.8, 1986.5
3, 130198, 13/01/2019 19:40:04, OTHER_GROUPS, 7.6, 9.4, 16630.4, 0, 0, 0, 14, 131, 6847, 394, 1.8, 2767.1, 1605.6
3, 130199, 13/01/2019 20:00:08, OTHER_GROUPS, 8.1, 10.1, 17245.5, 0.5, 0, 0, 39, 424, 7864, 518, 1.5, 5048.8, 1091.8
3, 130200, 13/01/2019 20:20:01, OTHER_GROUPS, 7.4, 9.3, 17251.4, 0.4, 0, 0, 23, 344, 6749, 414, 1.5, 5119.3, 1873.1
3, 130201, 13/01/2019 20:40:11, OTHER_GROUPS, 7.3, 9, 17190.5, 0.3, 0, 0, 22, 352, 7404, 326, 1.4, 6073.5, 2287.7
3, 130202, 13/01/2019 21:00:09, OTHER_GROUPS, 8, 10.2, 17672.6, 0.6, 0, 0, 19, 288, 6213, 939, 1.6, 5072, 1702.7
3, 130203, 13/01/2019 21:20:25, OTHER_GROUPS, 7.7, 9.4, 16140.8, 0.3, 0, 0, 10, 160, 5598, 654, 1.4, 3163.1, 1995.1
3, 130204, 13/01/2019 21:40:42, OTHER_GROUPS, 7.7, 10.3, 18827.8, 1.2, 0, 0, 26, 416, 5799, 460, 1.4, 5858, 2053.8
3, 130205, 13/01/2019 22:00:01, OTHER_GROUPS, 8.6, 12.9, 17780.9, 2.4, 0, 0, 6, 85, 6069, 1098, 1.9, 3009.4, 1467.7
3, 130206, 13/01/2019 22:20:01, OTHER_GROUPS, 7.5, 10.3, 17570.3, 1.4, 0, 0, 8, 128, 6314, 479, 1.4, 3335.6, 941.7
3, 130207, 13/01/2019 22:40:06, OTHER_GROUPS, 7.7, 10.2, 16961.4, 1.2, 0, 0, 25, 400, 7194, 520, 1.3, 6312, 1065.6
3, 130208, 13/01/2019 23:00:10, OTHER_GROUPS, 8, 11.3, 18060.3, 1.9, 0, 0, 24, 384, 6876, 663, 1.4, 6788.5, 988.7
3, 130209, 13/01/2019 23:20:15, OTHER_GROUPS, 7.6, 10.5, 17607.7, 1.4, 0, 0, 23, 368, 6800, 351, 1.5, 5912.5, 718.8
3, 130210, 13/01/2019 23:40:17, OTHER_GROUPS, 8.2, 10.3, 17482.3, 0.2, 0, 0, 26, 416, 7148, 488, 1.9, 6141.3, 851.2
3, 130193, 13/01/2019 18:00:18, SANDBOX_GROUP, 1.1, 1.5, 2690.7, 0.4, 0, 0, 1, 16, 71, 118, 0, 4817.3, 9.1
3, 130194, 13/01/2019 18:20:33, SANDBOX_GROUP, 0.1, 0.1, 1808.5, 0, 0, 0, 2, 16, 0, 2, 0, 96.4, 2.3
3, 130195, 13/01/2019 18:40:01, SANDBOX_GROUP, 0.1, 0.1, 6210.2, 0, 0, 0, 0, 0, 0, 1, 0, 19.5, 7.5
3, 130196, 13/01/2019 19:00:05, SANDBOX_GROUP, 0.1, 0.2, 3832.3, 0, 0, 0, 0, 0, 0, 1, 0.1, 12.4, 94.1
3, 130197, 13/01/2019 19:20:12, SANDBOX_GROUP, 0.1, 0.2, 7145.9, 0, 0, 0, 0, 0, 0, 2, 0.1, 14.1, 59.2
3, 130198, 13/01/2019 19:40:04, SANDBOX_GROUP, 0.1, 0.2, 2390.5, 0, 0, 0, 0, 0, 0, 2, 0.1, 15.3, 69.6
3, 130199, 13/01/2019 20:00:08, SANDBOX_GROUP, 0.1, 0.2, 973.6, 0, 0, 0, 1, 8, 0, 2, 0.1, 159.2, 70.5
3, 130200, 13/01/2019 20:20:01, SANDBOX_GROUP, 0.1, 0.1, 238.3, 0, 0, 0, 0, 0, 0, 2, 0, 2.6, 0
3, 130201, 13/01/2019 20:40:11, SANDBOX_GROUP, 0, 0, 124.4, 0, 0, 0, 0, 0, 0, 1, 0, 2.2, 0
3, 130202, 13/01/2019 21:00:09, SANDBOX_GROUP, 0, 0.1, 98.8, 0.1, 0, 0, 1, 16, 0, 0, 0, 0.2, 0
3, 130139, 13/01/2019 00:00:00, SZB_SANDBOX_GROUP, 7.7, 8.6, 8707.9, 0.7, 0, 0, 7, 384, 766, 869, 0.2, 3302.2, 40
3, 130140, 13/01/2019 00:20:02, SZB_SANDBOX_GROUP, 6.7, 6.9, 503.7, 0, 0, 0, 3, 111, 436, 1290, 0.2, 132.8, 181.3
3, 130141, 13/01/2019 00:40:10, SZB_SANDBOX_GROUP, 2.6, 2.8, 331.1, 0.1, 0, 0, 1, 15, 412, 1103, 0.1, 97.6, 191.7
3, 130142, 13/01/2019 01:00:15, SZB_SANDBOX_GROUP, 10.8, 11.7, 5581.3, 0.8, 0, 0, 7, 384, 797, 4123, 0.1, 4213.3, 81.2
3, 130143, 13/01/2019 01:20:15, SZB_SANDBOX_GROUP, 0.5, 0.7, 131.3, 0.2, 0, 0, 2, 47, 60, 204, 0, 33.8, 3.9
3, 130144, 13/01/2019 01:40:09, SZB_SANDBOX_GROUP, 0.7, 1.5, 166, 0.8, 0, 0, 6, 124, 183, 182, 0, 142.7, 1.8
3, 130145, 13/01/2019 02:00:09, SZB_SANDBOX_GROUP, 15.6, 21.1, 9550.9, 3.6, 0, 0, 4, 121, 2143, 8402, 1.9, 2355.3, 3491.1
3, 130146, 13/01/2019 02:20:44, SZB_SANDBOX_GROUP, 3.6, 4.6, 3577.2, 0.4, 0, 0, 3, 49, 285, 973, 0.6, 262.3, 1198.5
3, 130147, 13/01/2019 02:40:05, SZB_SANDBOX_GROUP, 2, 3.7, 1332.8, 1.5, 0, 0, 3, 117, 323, 391, 0.2, 224.6, 258.8
3, 130148, 13/01/2019 03:00:21, SZB_SANDBOX_GROUP, 9.6, 18.6, 5432.2, 8.5, 0, 0, 5, 207, 2180, 8936, 0.5, 7932.9, 550.2
3, 130149, 13/01/2019 03:20:01, SZB_SANDBOX_GROUP, 13.6, 49.6, 8745.1, 35.5, 0, 0, 3, 111, 3400, 15452, 0.5, 14465.8, 109.5
3, 130150, 13/01/2019 03:40:09, SZB_SANDBOX_GROUP, 9.7, 38.1, 5924.9, 26.1, 0, 0, 2, 47, 3368, 3693, 2.3, 10182.1, 3240.6
3, 130151, 13/01/2019 04:00:07, SZB_SANDBOX_GROUP, 32.7, 39.2, 15441.2, 3.3, 0, 0, 9, 463, 4507, 25692, 3.2, 8048, 2690.9
3, 130152, 13/01/2019 04:20:08, SZB_SANDBOX_GROUP, 9.2, 16.9, 7540.9, 6.6, 0, 0, 11, 492, 1805, 3419, 1.1, 5008.7, 1972.6
3, 130153, 13/01/2019 04:40:17, SZB_SANDBOX_GROUP, 6.6, 10.2, 4899.4, 2.9, 0, 0, 8, 367, 1365, 2181, 0.7, 4799.4, 1048.4
3, 130154, 13/01/2019 05:00:09, SZB_SANDBOX_GROUP, 9.5, 12.8, 6445.7, 2.3, 0, 0, 26, 703, 3861, 7134, 1, 3052.1, 1305.9
3, 130155, 13/01/2019 05:20:23, SZB_SANDBOX_GROUP, 27.5, 34, 18341.9, 4.8, 0, 0, 54, 1291, 5779, 25972, 1.7, 1494.3, 2157.3
3, 130156, 13/01/2019 05:40:03, SZB_SANDBOX_GROUP, 20.2, 27.7, 23950.7, 6.1, 0, 0, 114, 2403, 8283, 16642, 1.4, 957.4, 2705.5
3, 130157, 13/01/2019 06:00:05, SZB_SANDBOX_GROUP, 32.3, 55.5, 17419.1, 20.6, 0, 0, 23, 750, 2339, 27234, 2.6, 5864.6, 3650.2
3, 130158, 13/01/2019 06:20:01, SZB_SANDBOX_GROUP, 18, 29, 19128.9, 9.1, 0, 0, 78, 2495, 5489, 14442, 1.9, 3348.7, 3546.8
3, 130159, 13/01/2019 06:40:10, SZB_SANDBOX_GROUP, 15.8, 46.8, 38003, 29.5, 0, 0, 54, 1547, 3211, 11685, 1.5, 1091.5, 2034.4
3, 130190, 13/01/2019 17:00:03, SZB_SANDBOX_GROUP, 13.4, 13.8, 9325.5, 0.3, 0, 0, 3, 192, 1556, 2732, 0.1, 4111, 114.5
3, 130191, 13/01/2019 17:20:12, SZB_SANDBOX_GROUP, 2.8, 2.8, 257.8, 0, 0, 0, 0, 0, 739, 759, 0, 62.3, 21.2
3, 130192, 13/01/2019 17:40:04, SZB_SANDBOX_GROUP, 0.4, 0.6, 232.1, 0, 0, 0, 0, 0, 437, 50, 0.2, 32.2, 376
3, 130193, 13/01/2019 18:00:18, SZB_SANDBOX_GROUP, 1, 1.7, 138.8, 0.6, 0, 0, 0, 0, 488, 152, 0.1, 3924.4, 108.1
3, 130194, 13/01/2019 18:20:33, SZB_SANDBOX_GROUP, 0.4, 0.5, 53.4, 0.1, 0, 0, 0, 0, 2, 7, 0, 0.2, 5.8
3, 130195, 13/01/2019 18:40:01, SZB_SANDBOX_GROUP, 0.3, 0.5, 368.2, 0.1, 0, 0, 0, 0, 18, 3, 0.1, 29.4, 409.9
3, 130196, 13/01/2019 19:00:05, SZB_SANDBOX_GROUP, 2.9, 4.6, 1374, 1.5, 0, 0, 1, 32, 886, 605, 0.2, 7242.6, 338.5
3, 130197, 13/01/2019 19:20:12, SZB_SANDBOX_GROUP, 0.8, 0.9, 1493.3, 0.1, 0, 0, 0, 0, 40, 15, 0, 12.6, 25.8
3, 130198, 13/01/2019 19:40:04, SZB_SANDBOX_GROUP, 0.9, 0.9, 1732.6, 0, 0, 0, 0, 0, 18, 9, 0, 3.3, 2.3
3, 130199, 13/01/2019 20:00:08, SZB_SANDBOX_GROUP, 6, 6.6, 1669.5, 0.4, 0, 0, 0, 0, 1167, 576, 0.2, 4096.9, 331.6
3, 130200, 13/01/2019 20:20:01, SZB_SANDBOX_GROUP, 1.7, 1.9, 767.9, 0, 0, 0, 0, 0, 1025, 92, 0.2, 90.1, 383.3
3, 130201, 13/01/2019 20:40:11, SZB_SANDBOX_GROUP, 0.8, 1.1, 62.9, 0.2, 0, 0, 0, 0, 198, 49, 0.1, 31.9, 222.4
3, 130202, 13/01/2019 21:00:09, SZB_SANDBOX_GROUP, 11.5, 14.7, 6201.4, 2.7, 0, 0, 106, 3376, 7870, 752, 0.5, 4580.3, 304
3, 130203, 13/01/2019 21:20:25, SZB_SANDBOX_GROUP, 8.4, 8.8, 3227.5, 0, 0, 0, 55, 2512, 5871, 808, 0.4, 1827.2, 571.7
3, 130204, 13/01/2019 21:40:42, SZB_SANDBOX_GROUP, 2.4, 4.4, 1331.6, 1.6, 0, 0, 39, 1935, 1693, 358, 0.4, 271.9, 1207.3
3, 130205, 13/01/2019 22:00:01, SZB_SANDBOX_GROUP, 18.6, 21.1, 13027.5, 1.6, 0, 0, 48, 2551, 4545, 4684, 0.9, 4369.8, 783.7
3, 130206, 13/01/2019 22:20:01, SZB_SANDBOX_GROUP, 2.8, 3.4, 1128.9, 0.3, 0, 0, 16, 992, 1338, 735, 0.3, 766.1, 556.9
3, 130207, 13/01/2019 22:40:06, SZB_SANDBOX_GROUP, 4.3, 4.7, 908.7, 0, 0, 0, 30, 1839, 1889, 1435, 0.4, 140.2, 464.6
3, 130208, 13/01/2019 23:00:10, SZB_SANDBOX_GROUP, 12, 13.1, 9718.2, 0.8, 0, 0, 11, 623, 1137, 1972, 0.3, 4129.5, 661.3
3, 130209, 13/01/2019 23:20:15, SZB_SANDBOX_GROUP, 2.6, 2.9, 972.4, 0.1, 0, 0, 8, 352, 433, 279, 0.2, 150, 654.2
3, 130210, 13/01/2019 23:40:17, SZB_SANDBOX_GROUP, 5.6, 5.8, 1588.9, 0, 0, 0, 53, 2143, 2670, 862, 0.2, 522.9, 576
4, 130141, 13/01/2019 00:40:10, ADW_UNLOAD_GROUP, 0, 0, 0, 0, 0, 0, 0, 0, 44, 1, 0, 0, 0
4, 130142, 13/01/2019 01:00:15, ADW_UNLOAD_GROUP, 0, 0, 0, 0, 0, 0, 0, 0, 44, 2, 0, 0, 0
4, 130144, 13/01/2019 01:40:19, ADW_UNLOAD_GROUP, 0, 0, 0, 0, 0, 0, 0, 0, 44, 2, 0, 0, 0
4, 130145, 13/01/2019 02:00:09, ADW_UNLOAD_GROUP, 0, 0, 0, 0, 0, 0, 0, 0, 49, 2, 0, 0, 0
4, 130146, 13/01/2019 02:20:44, ADW_UNLOAD_GROUP, 0, 0, 0, 0, 0, 0, 0, 0, 39, 0, 0, 0, 0
4, 130148, 13/01/2019 03:00:21, ADW_UNLOAD_GROUP, 0, 0, 0, 0, 0, 0, 0, 0, 49, 2, 0, 0, 0
4, 130149, 13/01/2019 03:20:01, ADW_UNLOAD_GROUP, 0, 0, 0, 0, 0, 0, 0, 0, 39, 1, 0, 0, 0
4, 130151, 13/01/2019 04:00:07, ADW_UNLOAD_GROUP, 0, 0, 0, 0, 0, 0, 0, 0, 49, 1, 0, 0, 0
4, 130153, 13/01/2019 04:40:17, ADW_UNLOAD_GROUP, 0, 0, 0, 0, 0, 0, 0, 0, 39, 2, 0, 0, 0
4, 130154, 13/01/2019 05:00:09, ADW_UNLOAD_GROUP, 0, 0, 0, 0, 0, 0, 0, 0, 49, 2, 0, 0, 0
4, 130156, 13/01/2019 05:40:03, ADW_UNLOAD_GROUP, 0, 0, 0, 0, 0, 0, 0, 0, 44, 1, 0, 0, 0
4, 130157, 13/01/2019 06:00:06, ADW_UNLOAD_GROUP, 0, 0, 0, 0, 0, 0, 0, 0, 44, 2, 0, 0, 0
4, 130158, 13/01/2019 06:20:03, ADW_UNLOAD_GROUP, 0, 0, 0, 0, 0, 0, 0, 0, 44, 0, 0, 0, 0
4, 130159, 13/01/2019 06:40:10, ADW_UNLOAD_GROUP, 0, 0, 0, 0, 0, 0, 0, 0, 44, 1, 0, 0, 0
4, 130196, 13/01/2019 19:00:05, ADW_UNLOAD_GROUP, 0, 0, 0.1, 0, 0, 0, 0, 0, 74, 0, 0, 0.4, 0.6
4, 130200, 13/01/2019 20:20:03, ADW_UNLOAD_GROUP, 0, 0, 0, 0, 0, 0, 0, 0, 44, 0, 0, 0, 0
4, 130206, 13/01/2019 22:20:01, ADW_UNLOAD_GROUP, 0, 0, 0, 0, 0, 0, 0, 0, 44, 0, 0, 0, 0
4, 130207, 13/01/2019 22:40:06, ADW_UNLOAD_GROUP, 0, 0, 0, 0, 0, 0, 0, 0, 44, 0, 0, 0, 0
4, 130208, 13/01/2019 23:00:10, ADW_UNLOAD_GROUP, 0, 0, 0, 0, 0, 0, 0, 0, 44, 0, 0, 0, 0
4, 130139, 13/01/2019 00:00:00, DM_TECH_GROUP, 1.7, 2, 3702.2, 0.1, 0, 0, 2, 32, 154, 265, 0.2, 350.8, 240.4
4, 130140, 13/01/2019 00:20:02, DM_TECH_GROUP, 8.5, 22.2, 19767.1, 12.8, 63, 0.4, 147, 2132, 2663, 6681, 0.9, 1105.4, 1243.3
4, 130141, 13/01/2019 00:40:10, DM_TECH_GROUP, 14.4, 40.6, 32831.5, 24.5, 49, 0.8, 176, 2604, 3223, 8708, 1.7, 2007.6, 3356.5
4, 130142, 13/01/2019 01:00:15, DM_TECH_GROUP, 10.2, 39.5, 38342.4, 27.2, 2, 0, 127, 1820, 2203, 4501, 2.1, 1510.8, 3182.8
4, 130143, 13/01/2019 01:20:15, DM_TECH_GROUP, 14.5, 40.8, 50649.2, 23.6, 0, 0, 37, 552, 609, 10101, 2.7, 1280.1, 5431.5
4, 130144, 13/01/2019 01:40:19, DM_TECH_GROUP, 16.8, 39.1, 44477.2, 17.6, 42, 0.1, 764, 10854, 10882, 15987, 4.7, 2999.3, 11879.9
4, 130145, 13/01/2019 02:00:09, DM_TECH_GROUP, 12.8, 31.9, 35153.7, 14.6, 0, 0, 47, 680, 724, 6868, 4.5, 1692.8, 9507.8
4, 130146, 13/01/2019 02:20:44, DM_TECH_GROUP, 12.1, 27.4, 33781, 12.9, 0, 0, 96, 1390, 1461, 4497, 2.4, 1624.8, 6259.8
4, 130147, 13/01/2019 02:40:05, DM_TECH_GROUP, 14.2, 25.9, 20656, 5.7, 1, 0, 641, 9234, 9287, 6213, 6, 3140.7, 13049.2
4, 130148, 13/01/2019 03:00:21, DM_TECH_GROUP, 8.6, 16.5, 11860.9, 4.9, -1, 0, 207, 2872, 2920, 2173, 3, 885.1, 8164.2
4, 130149, 13/01/2019 03:20:01, DM_TECH_GROUP, 8.2, 16.6, 14569.4, 4.7, 0, 0, 58, 840, 1016, 1817, 3.7, 858.5, 5049.2
4, 130150, 13/01/2019 03:40:09, DM_TECH_GROUP, 8.9, 15.2, 12665.7, 5.2, 0, 0, 99, 1432, 1668, 1924, 1.1, 320.2, 700.1
4, 130151, 13/01/2019 04:00:07, DM_TECH_GROUP, 9.3, 17, 8892.3, 6.3, 0, 0, 121, 1776, 2066, 3727, 1.4, 1199.1, 2275.7
4, 130152, 13/01/2019 04:20:05, DM_TECH_GROUP, 6.9, 14.6, 7481.7, 4.6, 0, 0, 490, 6976, 6940, 2138, 3.1, 1735.1, 7310.7
4, 130153, 13/01/2019 04:40:17, DM_TECH_GROUP, 6.1, 11.5, 2995.7, 4.5, 0, 0, 7, 104, 203, 1365, 0.9, 868, 2177.2
4, 130154, 13/01/2019 05:00:09, DM_TECH_GROUP, 5, 9.1, 3052, 3.5, 0, 0, 54, 736, 848, 900, 0.6, 592.9, 1012.4
4, 130155, 13/01/2019 05:20:28, DM_TECH_GROUP, 3.7, 8.3, 6727.2, 4.4, 0, 0, 24, 344, 348, 539, 0.2, 390.3, 268.7
4, 130156, 13/01/2019 05:40:03, DM_TECH_GROUP, 1.7, 5.6, 4913.7, 3.7, 0, 0, 9, 136, 199, 213, 0.2, 161, 434.1
4, 130157, 13/01/2019 06:00:06, DM_TECH_GROUP, 2, 4, 4507.8, 1.8, 0, 0, 14, 196, 199, 534, 0.2, 161.8, 184.1
4, 130158, 13/01/2019 06:20:03, DM_TECH_GROUP, 1.7, 3.4, 4454, 1.5, 0, 0, 48, 663, 936, 264, 0.2, 315.1, 171.4
4, 130159, 13/01/2019 06:40:10, DM_TECH_GROUP, 3.7, 10.6, 5882, 5.3, 0, 0, 54, 714, 805, 908, 1.6, 533.1, 9015.4
4, 130190, 13/01/2019 17:00:03, DM_TECH_GROUP, 0.5, 0.7, 11.5, 0.1, 0, 0, 1, 16, 39, 17, 0.1, 2.2, 238
4, 130191, 13/01/2019 17:20:12, DM_TECH_GROUP, 2.2, 3.3, 1567.1, 0.7, 0, 0, 18, 256, 348, 336, 0.4, 363.8, 3167.2
4, 130192, 13/01/2019 17:40:04, DM_TECH_GROUP, 1.6, 3.6, 7608.4, 1.7, 0, 0, 4, 40, 80, 181, 0.3, 206.6, 3455.1
4, 130193, 13/01/2019 18:00:18, DM_TECH_GROUP, 2.1, 4.5, 13449, 1.4, 0, 0, 1, 16, 22, 282, 1, 128.6, 3502.6
4, 130194, 13/01/2019 18:20:32, DM_TECH_GROUP, 0.4, 0.6, 330.2, 0.1, 0, 0, 1, 16, 9, 11, 0.1, 8.4, 236.2
4, 130195, 13/01/2019 18:40:01, DM_TECH_GROUP, 0.3, 0.5, 22.6, 0.2, 0, 0, 0, 0, 1, 4, 0, 5.8, 254.8
4, 130196, 13/01/2019 19:00:05, DM_TECH_GROUP, 0.3, 0.5, 39.7, 0.1, 0, 0, 0, 0, 1, 8, 0.1, 5, 196
4, 130197, 13/01/2019 19:20:12, DM_TECH_GROUP, 0.3, 0.5, 43.4, 0.1, 0, 0, 0, 0, 0, 4, 0.1, 5.5, 219.7
4, 130198, 13/01/2019 19:40:04, DM_TECH_GROUP, 0.3, 0.4, 41.3, 0.1, 0, 0, 1, 3, 0, 2, 0, 4.8, 128.4
4, 130199, 13/01/2019 20:00:08, DM_TECH_GROUP, 0.1, 0.2, 44.8, 0.1, 0, 0, 0, 0, 0, 3, 0, 3.7, 0
4, 130200, 13/01/2019 20:20:03, DM_TECH_GROUP, 0.1, 0.2, 21.3, 0.1, 0, 0, 0, 0, 0, 0, 0, 4, 0
4, 130201, 13/01/2019 20:40:25, DM_TECH_GROUP, 0.2, 0.2, 63.6, 0, 0, 0, 3, 32, 30, 3, 0, 9.4, 8.5
4, 130202, 13/01/2019 21:00:07, DM_TECH_GROUP, 0.3, 0.3, 120, 0, 0, 0, 2, 24, 223, 12, 0, 4.6, 74.2
4, 130203, 13/01/2019 21:20:25, DM_TECH_GROUP, 0.2, 0.2, 3.2, 0, 0, 0, 0, 0, 72, 3, 0, 12.5, 15
4, 130204, 13/01/2019 21:40:42, DM_TECH_GROUP, 0, 0, 0.9, 0, 0, 0, 0, 0, 4, 0, 0, 0, 0.1
4, 130205, 13/01/2019 22:00:00, DM_TECH_GROUP, 0.1, 0.1, 27.7, 0, 0, 0, 1, 16, 17, 2, 0, 3.3, 82
4, 130206, 13/01/2019 22:20:01, DM_TECH_GROUP, 1.7, 4.6, 4723.1, 2.6, 0, 0, 3, 32, 128, 261, 0.3, 332.8, 1919.1
4, 130207, 13/01/2019 22:40:06, DM_TECH_GROUP, 1.9, 6.2, 19898.6, 3.9, 0, 0, 4, 56, 53, 207, 0.4, 171.8, 4174.9
4, 130208, 13/01/2019 23:00:10, DM_TECH_GROUP, 1, 3.2, 2202.6, 1.7, 0, 0, 2, 10, 6, 94, 0.5, 108.6, 3235.8
4, 130209, 13/01/2019 23:20:15, DM_TECH_GROUP, 0.5, 1.2, 8004.3, 0.6, 0, 0, 1, 16, 0, 52, 0.1, 60.6, 2514.1
4, 130210, 13/01/2019 23:40:16, DM_TECH_GROUP, 0, 0, 1, 0, 0, 0, 0, 0, 0, 0, 0, 0, 0
4, 130139, 13/01/2019 00:00:00, ODS_SUPPORT_GROUP, 0, 0, 0, 0, 0, 0, 0, 0, 6, 1, 0, 0, 0
4, 130141, 13/01/2019 00:40:10, ODS_SUPPORT_GROUP, 0, 0, 0, 0, 0, 0, 0, 0, 6, 1, 0, 0, 0
4, 130143, 13/01/2019 01:20:15, ODS_SUPPORT_GROUP, 0, 0, 0, 0, 0, 0, 0, 0, 6, 0, 0, 0, 0
4, 130152, 13/01/2019 04:20:05, ODS_SUPPORT_GROUP, 0, 0, 0, 0, 0, 0, 0, 0, 6, 0, 0, 0, 0
4, 130202, 13/01/2019 21:00:07, ODS_SUPPORT_GROUP, 0, 0, 0, 0, 0, 0, 0, 0, 6, 0, 0, 0, 0
4, 130205, 13/01/2019 22:00:00, ODS_SUPPORT_GROUP, 0, 0, 0, 0, 0, 0, 0, 0, 6, 0, 0, 0, 0
4, 130139, 13/01/2019 00:00:00, OTHER_GROUPS, 9.1, 19.4, 14900.5, 9.4, 0, 0, 66, 288, 7839, 1320, 0.9, 2720.7, 584.8
4, 130140, 13/01/2019 00:20:02, OTHER_GROUPS, 19.5, 80.5, 17825.2, 59.4, 1, 0, 287, 1820, 10546, 9165, 1.6, 13595.8, 1755.4
4, 130141, 13/01/2019 00:40:10, OTHER_GROUPS, 20.1, 77.1, 17339.4, 55.8, -1, 0, 379, 2552, 8829, 11772, 1.2, 4417.6, 1133.8
4, 130142, 13/01/2019 01:00:15, OTHER_GROUPS, 17.1, 65.4, 17204.9, 47.1, 0, 0, 347, 2902, 8254, 8894, 1.2, 5748.2, 925
4, 130143, 13/01/2019 01:20:15, OTHER_GROUPS, 15.6, 60.1, 17452.2, 43.4, 0, 0, 49, 552, 7374, 5469, 1.1, 6819.3, 1025.8
4, 130144, 13/01/2019 01:40:19, OTHER_GROUPS, 15.2, 49, 17016.6, 32.8, 0, 0, 24, 284, 6191, 6094, 1, 4733, 1078.8
4, 130145, 13/01/2019 02:00:09, OTHER_GROUPS, 17.7, 39.5, 20657.4, 21, 0, 0, 42, 416, 6797, 17851, 0.8, 6781.7, 377
4, 130146, 13/01/2019 02:20:44, OTHER_GROUPS, 17.8, 32.1, 21346.7, 13.7, 0, 0, 28, 388, 5704, 16366, 0.6, 5357.2, 201.4
4, 130147, 13/01/2019 02:40:05, OTHER_GROUPS, 14.4, 20.3, 16933.1, 5.2, 0, 0, 42, 492, 5790, 4302, 0.7, 4839.5, 287.2
4, 130148, 13/01/2019 03:00:21, OTHER_GROUPS, 15, 20.8, 19402.4, 4.9, 2, 0, 27, 335, 5208, 4159, 0.9, 5297.4, 284.1
4, 130149, 13/01/2019 03:20:01, OTHER_GROUPS, 14.1, 19.9, 23273.6, 4.4, 0, 0, 170, 754, 5198, 11693, 1.4, 2507.1, 549.4
4, 130150, 13/01/2019 03:40:09, OTHER_GROUPS, 12.5, 19.2, 24867.5, 4.2, 0, 0, 154, 767, 4636, 8463, 2.5, 2823.7, 1894.4
4, 130151, 13/01/2019 04:00:07, OTHER_GROUPS, 16.2, 23.3, 32378.4, 4.9, 0, 0, 368, 1784, 8618, 8901, 2.2, 6442.7, 1607
4, 130152, 13/01/2019 04:20:05, OTHER_GROUPS, 26.9, 31.9, 46177.4, 3.8, 0, 0, 89, 658, 7339, 18408, 1.2, 7164.7, 487.3
4, 130153, 13/01/2019 04:40:17, OTHER_GROUPS, 30.7, 35.9, 42665.9, 2.2, 0, 0, 397, 1888, 7947, 23395, 3, 7278.3, 4798.4
4, 130154, 13/01/2019 05:00:09, OTHER_GROUPS, 17.9, 25.7, 20238.4, 4.4, 0, 0, 245, 1128, 8558, 11685, 3.4, 8446.4, 2334.5
4, 130155, 13/01/2019 05:20:28, OTHER_GROUPS, 14.8, 18.4, 14774.2, 2.5, 0, 0, 295, 1296, 7579, 3840, 1.1, 3455.2, 1135.7
4, 130156, 13/01/2019 05:40:03, OTHER_GROUPS, 12.2, 19.4, 16281.5, 5.8, 0, 0, 303, 1590, 8549, 2180, 1.4, 6437.1, 759.9
4, 130157, 13/01/2019 06:00:06, OTHER_GROUPS, 14.5, 20.8, 14831.6, 4.3, 0, 0, 72, 752, 6141, 8332, 2, 5055.1, 873.5
4, 130158, 13/01/2019 06:20:03, OTHER_GROUPS, 11, 17.2, 18582.2, 5.3, 0, 0, 22, 344, 6044, 2563, 0.9, 4031.4, 831
4, 130159, 13/01/2019 06:40:10, OTHER_GROUPS, 11.5, 28.8, 25161.8, 16.1, 0, 0, 4, 56, 7207, 1995, 1.2, 2646.9, 2919.4
4, 130160, 13/01/2019 07:00:13, OTHER_GROUPS, 37.5, 44.1, 9956.3, 0, 4, 0, 193, 3813, 9460, 21232, 6.6, 6622.1, 12103.4
4, 130161, 13/01/2019 07:20:32, OTHER_GROUPS, 35.5, 48.6, 28395.7, 4.6, 3, 0, 260, 3988, 9605, 30700, 8.5, 7048.7, 21540.2
4, 130162, 13/01/2019 07:40:35, OTHER_GROUPS, 22.3, 42.8, 14092.2, 15.6, 0, 0, 209, 2932, 8476, 16536, 4.9, 6752.1, 14611.7
4, 130163, 13/01/2019 08:00:25, OTHER_GROUPS, 44.1, 58.5, 24061.3, 5.7, 0, 0, 90, 2218, 9654, 55914, 8.7, 7273.2, 15796.8
4, 130164, 13/01/2019 08:20:03, OTHER_GROUPS, 60.5, 67.1, 39128.9, 0.2, 1, 0, 115, 3090, 10745, 48152, 6.4, 3102, 10924.6
4, 130165, 13/01/2019 08:40:34, OTHER_GROUPS, 48.7, 53.3, 15823.1, 0, 0, 0, 121, 2980, 8696, 30246, 4.6, 3080.1, 6290.9
4, 130166, 13/01/2019 09:00:01, OTHER_GROUPS, 51.5, 56.9, 26253.8, 1.4, 2, 0, 81, 1980, 9005, 33873, 4, 6189.9, 5384.7
4, 130167, 13/01/2019 09:20:08, OTHER_GROUPS, 57.7, 66.3, 43625.3, 4.3, 0, 0, 186, 3878, 9476, 50408, 4.3, 2976.7, 6728.3
4, 130168, 13/01/2019 09:40:14, OTHER_GROUPS, 50.8, 55.1, 29599.4, 0, 3, 0, 170, 3980, 23351, 49246, 4.3, 5060.3, 6362.3
4, 130169, 13/01/2019 10:00:22, OTHER_GROUPS, 40.2, 45, 26674, 0.1, 0, 0, 113, 2800, 9578, 33111, 4.7, 4211, 5403.7
4, 130170, 13/01/2019 10:20:02, OTHER_GROUPS, 33.5, 37.3, 14583.5, 0, 0, 0, 120, 1180, 8451, 25100, 3.8, 2773.4, 7184.6
4, 130171, 13/01/2019 10:40:31, OTHER_GROUPS, 32.6, 35.8, 16371.9, 0, 0, 0, 99, 1036, 7859, 22907, 3.2, 3261.4, 7025.1
4, 130172, 13/01/2019 11:00:02, OTHER_GROUPS, 33.6, 36.5, 19350.3, 0, 1, 0, 134, 1316, 8942, 25334, 2.9, 4587.9, 4415.7
4, 130173, 13/01/2019 11:20:06, OTHER_GROUPS, 23.2, 25.4, 14035.8, 0, 0, 0, 32, 428, 8463, 10621, 2.2, 4166.2, 5092.7
4, 130174, 13/01/2019 11:40:13, OTHER_GROUPS, 38.1, 40.3, 25818.6, 0, 0, 0, 101, 1016, 8692, 23082, 2.2, 8542.3, 3658.6
4, 130175, 13/01/2019 12:00:14, OTHER_GROUPS, 45.6, 48.2, 23401, 0, 0, 0, 67, 1094, 11452, 21810, 2.6, 8616, 2655.2
4, 130176, 13/01/2019 12:20:07, OTHER_GROUPS, 33.4, 41.8, 16703, 6.1, 0, 0, 405, 6092, 12337, 16664, 2.3, 6360.8, 3956.8
4, 130177, 13/01/2019 12:40:04, OTHER_GROUPS, 25.3, 28.7, 15760, 0, 0, 0, 397, 5928, 12680, 14765, 3.4, 7707.9, 6428.2
4, 130178, 13/01/2019 13:00:18, OTHER_GROUPS, 37.3, 41.5, 38681.4, 0, 0, 0, 76, 1946, 8382, 23661, 4.2, 7524.2, 7487.2
4, 130179, 13/01/2019 13:20:31, OTHER_GROUPS, 33.3, 36.2, 32131.9, 0, 0, 0, 72, 1554, 7391, 18665, 2.9, 7056, 3652
4, 130180, 13/01/2019 13:40:18, OTHER_GROUPS, 21.7, 23.7, 11583.1, 0, 0, 0, 41, 988, 6915, 10602, 2, 6353.2, 2796.8
4, 130181, 13/01/2019 14:00:36, OTHER_GROUPS, 24.8, 27.7, 15593.7, 0, 0, 0, 35, 1234, 7459, 8408, 2.9, 11130.7, 4231.3
4, 130182, 13/01/2019 14:20:14, OTHER_GROUPS, 11.6, 12.9, 1945, 0, 0, 0, 30, 849, 7387, 2586, 1.3, 6220.6, 1523.6
4, 130183, 13/01/2019 14:40:01, OTHER_GROUPS, 13.2, 14.3, 3581.8, 0, 0, 0, 36, 1269, 8083, 4831, 1.1, 6622.3, 1296.2
4, 130184, 13/01/2019 15:00:12, OTHER_GROUPS, 26.4, 27.7, 22786.4, 0, 0, 0, 42, 1594, 8066, 13243, 1.3, 8500.1, 1504.2
4, 130185, 13/01/2019 15:20:06, OTHER_GROUPS, 13.7, 14.9, 6439.6, 0, 0, 0, 34, 1164, 7446, 3676, 1.2, 6332.8, 1252.7
4, 130186, 13/01/2019 15:40:08, OTHER_GROUPS, 14.1, 16, 1895, 0, 0, 0, 767, 11281, 18573, 5479, 1.9, 6359.9, 4925.2
4, 130187, 13/01/2019 16:00:19, OTHER_GROUPS, 10.9, 12.7, 1277.1, 0, 0, 0, 69, 1384, 8048, 2409, 1.8, 4016.6, 4670
4, 130188, 13/01/2019 16:20:00, OTHER_GROUPS, 12.7, 14, 909.3, 0, 0, 0, 72, 1288, 7513, 2056, 1.3, 4834.1, 1524.6
4, 130189, 13/01/2019 16:40:16, OTHER_GROUPS, 13, 14.3, 7120.6, 0, 0, 0, 8, 200, 8677, 4421, 1.3, 3714.9, 1871.7
4, 130190, 13/01/2019 17:00:03, OTHER_GROUPS, 7.4, 8.3, 12676.8, 0, 0, 0, 12, 192, 6716, 453, 0.9, 3301.1, 461.7
4, 130191, 13/01/2019 17:20:12, OTHER_GROUPS, 7.7, 8.9, 13628.5, 0.1, 0, 0, 11, 176, 5440, 436, 1.1, 3235.4, 506.3
4, 130192, 13/01/2019 17:40:04, OTHER_GROUPS, 7.5, 9, 12984.4, 0.8, 0, 0, 6, 56, 6927, 335, 0.7, 2421.7, 227.3
4, 130193, 13/01/2019 18:00:18, OTHER_GROUPS, 14, 20.4, 23759.9, 4.5, 0, 0, 2, 24, 5733, 5159, 1.9, 2094.5, 3405.7
4, 130194, 13/01/2019 18:20:32, OTHER_GROUPS, 11.7, 15.5, 24449.8, 2.3, 0, 0, 2, 24, 6210, 1783, 1.5, 1434.2, 3273.2
4, 130195, 13/01/2019 18:40:01, OTHER_GROUPS, 8.5, 11, 13238, 1.4, 0, 0, 4, 104, 5951, 529, 1.1, 1218.6, 3437
4, 130196, 13/01/2019 19:00:05, OTHER_GROUPS, 8.1, 9.4, 13498.9, 0.3, 0, 0, 23, 352, 6931, 843, 1, 4891, 732.1
4, 130197, 13/01/2019 19:20:12, OTHER_GROUPS, 8.3, 9.2, 12904.4, 0, 0, 0, 26, 384, 6764, 541, 0.9, 5845.2, 474.7
4, 130198, 13/01/2019 19:40:04, OTHER_GROUPS, 7.6, 8.5, 13102.9, 0, 0, 0, 21, 336, 7093, 376, 0.9, 4590.3, 225.8
4, 130199, 13/01/2019 20:00:08, OTHER_GROUPS, 7.8, 9.1, 13005.6, 0.4, 0, 0, 10, 160, 7604, 780, 0.9, 3911.8, 384.3
4, 130200, 13/01/2019 20:20:03, OTHER_GROUPS, 7.3, 8.2, 12267.8, 0, 0, 0, 8, 80, 6471, 374, 0.9, 3726.8, 580
4, 130201, 13/01/2019 20:40:25, OTHER_GROUPS, 7.3, 8.4, 13206.4, 0, 0, 0, 3, 32, 7087, 295, 1.1, 2515.6, 516.2
4, 130202, 13/01/2019 21:00:07, OTHER_GROUPS, 11.1, 13.5, 17858.1, 1.4, 0, 0, 13, 164, 6068, 1532, 1, 12155.8, 611.6
4, 130203, 13/01/2019 21:20:25, OTHER_GROUPS, 10.1, 11.1, 20848.1, 0, 0, 0, 17, 264, 5866, 912, 1, 4037.9, 650.9
4, 130204, 13/01/2019 21:40:42, OTHER_GROUPS, 7.2, 8.5, 13490.1, 0.3, 0, 0, 2, 32, 5518, 398, 1, 1417.7, 399.7
4, 130205, 13/01/2019 22:00:00, OTHER_GROUPS, 7.6, 9, 13615.8, 0.1, 0, 0, 24, 363, 6463, 451, 1.3, 5518.6, 702.4
4, 130206, 13/01/2019 22:20:01, OTHER_GROUPS, 7.5, 10.3, 12997.1, 1.8, 0, 0, 18, 280, 6428, 496, 1, 4051.5, 1381.5
4, 130207, 13/01/2019 22:40:06, OTHER_GROUPS, 7.1, 9.6, 13193.8, 1.5, 0, 0, 0, 0, 6742, 371, 1, 2052.8, 1810.4
4, 130208, 13/01/2019 23:00:10, OTHER_GROUPS, 7.1, 8.5, 12960.2, 0.4, 0, 0, 0, 0, 6434, 438, 1, 1278.1, 1583.9
4, 130209, 13/01/2019 23:20:15, OTHER_GROUPS, 7.2, 8.6, 13306.2, 0.3, 0, 0, 0, 0, 6217, 332, 1.1, 1541.6, 1765.9
4, 130210, 13/01/2019 23:40:16, OTHER_GROUPS, 7, 8.1, 13099.5, 0, 0, 0, 1, 8, 6497, 284, 1.1, 1242.6, 1527.2
4, 130139, 13/01/2019 00:00:00, SZB_SANDBOX_GROUP, 1.4, 1.4, 317.7, 0, 0, 0, 2, 128, 653, 380, 0, 1644.5, 40.6
4, 130140, 13/01/2019 00:20:02, SZB_SANDBOX_GROUP, 0, 0, 21.7, 0, 0, 0, 0, 0, 2, 1, 0, 0, 0
4, 130141, 13/01/2019 00:40:10, SZB_SANDBOX_GROUP, 0, 0.1, 16.3, 0.1, 0, 0, 0, 0, 21, 4, 0, 0, 0
4, 130142, 13/01/2019 01:00:15, SZB_SANDBOX_GROUP, 3.4, 4.5, 1714.6, 1.1, 0, 0, 2, 128, 650, 404, 0, 1924.9, 51.5
4, 130143, 13/01/2019 01:20:15, SZB_SANDBOX_GROUP, 0, 0, 18.2, 0, 0, 0, 0, 0, 3, 0, 0, 0, 0
4, 130144, 13/01/2019 01:40:19, SZB_SANDBOX_GROUP, 0.1, 0.2, 26.5, 0.1, 0, 0, 0, 0, 80, 18, 0, 0, 0
4, 130145, 13/01/2019 02:00:09, SZB_SANDBOX_GROUP, 13.3, 16.6, 2985.3, 2.8, 0, 0, 7, 416, 1915, 4310, 0.5, 1763.4, 796.9
4, 130146, 13/01/2019 02:20:44, SZB_SANDBOX_GROUP, 4.9, 5.4, 1007.1, 0.2, 0, 0, 0, 0, 353, 1659, 0.3, 82.6, 692.1
4, 130147, 13/01/2019 02:40:05, SZB_SANDBOX_GROUP, 0.5, 1.1, 235.6, 0.5, 0, 0, 0, 0, 124, 59, 0.1, 2.9, 367.8
4, 130148, 13/01/2019 03:00:21, SZB_SANDBOX_GROUP, 8.4, 23.3, 20519.7, 14.7, 0, 0, 3, 192, 2231, 2096, 0.2, 1835.3, 232.1
4, 130149, 13/01/2019 03:20:01, SZB_SANDBOX_GROUP, 6.7, 44.3, 4581.5, 36.7, 0, 0, 2, 128, 2816, 2031, 0.9, 11050.4, 479.7
4, 130150, 13/01/2019 03:40:09, SZB_SANDBOX_GROUP, 9.6, 42, 9767.2, 32, 0, 0, 0, 0, 3577, 2854, 0.4, 7981.7, 531.5
4, 130151, 13/01/2019 04:00:07, SZB_SANDBOX_GROUP, 8.5, 13, 1351.7, 2.2, 0, 0, 1, 16, 6618, 3791, 2.3, 2262.7, 2386.3
4, 130152, 13/01/2019 04:20:05, SZB_SANDBOX_GROUP, 10.4, 21.8, 13438.8, 8.8, 0, 0, 3, 160, 3978, 5020, 2.6, 609.2, 4930.7
4, 130153, 13/01/2019 04:40:17, SZB_SANDBOX_GROUP, 4, 4.8, 14717.8, 0.5, 0, 0, 0, 0, 1374, 1031, 0.3, 221.3, 283
4, 130154, 13/01/2019 05:00:09, SZB_SANDBOX_GROUP, 18, 21.5, 12192.4, 2.8, 0, 0, 37, 1308, 2150, 5313, 0.7, 2777.5, 618.9
4, 130155, 13/01/2019 05:20:28, SZB_SANDBOX_GROUP, 7.8, 11.8, 10931.8, 2.7, 0, 0, 6, 224, 2580, 2658, 1.3, 715.9, 2209.3
4, 130156, 13/01/2019 05:40:03, SZB_SANDBOX_GROUP, 7.9, 13.8, 5054.3, 4.9, 0, 0, 2, 47, 3198, 3530, 1, 764.9, 2202.8
4, 130157, 13/01/2019 06:00:06, SZB_SANDBOX_GROUP, 45.5, 64.2, 31771.2, 8, 0, 0, 30, 816, 1766, 60453, 10.7, 5786.3, 13491.1
4, 130158, 13/01/2019 06:20:03, SZB_SANDBOX_GROUP, 22.4, 32.7, 14573.3, 8.1, 0, 0, 22, 1004, 2219, 24547, 2.2, 1133.5, 2268.2
4, 130159, 13/01/2019 06:40:10, SZB_SANDBOX_GROUP, 7.1, 26.3, 12755.5, 17.7, 0, 0, 19, 712, 3235, 1651, 1.5, 363, 3168.2
4, 130190, 13/01/2019 17:00:03, SZB_SANDBOX_GROUP, 0.8, 0.8, 58.8, 0, 0, 0, 4, 224, 859, 102, 0, 1539, 18.8
4, 130191, 13/01/2019 17:20:12, SZB_SANDBOX_GROUP, 0.9, 1, 49, 0, 0, 0, 0, 0, 837, 283, 0.1, 933.9, 66.1
4, 130192, 13/01/2019 17:40:04, SZB_SANDBOX_GROUP, 0.1, 0.1, 21.3, 0, 0, 0, 0, 0, 105, 0, 0, 146.6, 0
4, 130193, 13/01/2019 18:00:18, SZB_SANDBOX_GROUP, 10.1, 10.7, 8109.4, 0.4, 0, 0, 7, 416, 881, 1507, 0.2, 1861.4, 70.1
4, 130194, 13/01/2019 18:20:32, SZB_SANDBOX_GROUP, 0, 0.1, 13.4, 0.1, 0, 0, 0, 0, 3, 0, 0, 0, 0
4, 130195, 13/01/2019 18:40:01, SZB_SANDBOX_GROUP, 0, 0.1, 21.5, 0.1, 0, 0, 0, 0, 10, 0, 0, 0, 0
4, 130196, 13/01/2019 19:00:05, SZB_SANDBOX_GROUP, 14.3, 16.3, 9727.4, 1.1, 0, 0, 8, 456, 1133, 2744, 0.9, 2069.2, 2179.9
4, 130197, 13/01/2019 19:20:12, SZB_SANDBOX_GROUP, 6.8, 7.2, 2227.2, 0.3, 0, 0, 1, 30, 124, 522, 0.1, 147.2, 729.3
4, 130198, 13/01/2019 19:40:04, SZB_SANDBOX_GROUP, 11.2, 11.2, 1513.6, 0, 0, 0, 0, 0, 366, 671, 0, 118.8, 101.3
4, 130199, 13/01/2019 20:00:08, SZB_SANDBOX_GROUP, 9.9, 10.8, 9010.4, 0.8, 0, 0, 7, 416, 976, 1666, 0.1, 3351.1, 40.6
4, 130200, 13/01/2019 20:20:03, SZB_SANDBOX_GROUP, 0, 0, 18.3, 0, 0, 0, 0, 0, 4, 0, 0, 0, 0
4, 130201, 13/01/2019 20:40:25, SZB_SANDBOX_GROUP, 0, 0.1, 18.2, 0.1, 0, 0, 0, 0, 18, 0, 0, 0, 0.1
4, 130202, 13/01/2019 21:00:07, SZB_SANDBOX_GROUP, 10.3, 10.4, 9154.7, 0, 0, 0, 7, 416, 1012, 1549, 0.1, 1564.4, 44.9
4, 130203, 13/01/2019 21:20:25, SZB_SANDBOX_GROUP, 0.8, 0.8, 936.6, 0, 0, 0, 2, 128, 660, 24, 0, 0.7, 12.4
4, 130204, 13/01/2019 21:40:42, SZB_SANDBOX_GROUP, 2.8, 5.1, 4676.4, 1.8, 0, 0, 19, 1024, 1271, 191, 0.5, 2795.2, 933.1
4, 130205, 13/01/2019 22:00:00, SZB_SANDBOX_GROUP, 5.8, 6.4, 831.1, 0, 0, 0, 12, 576, 4845, 765, 0.6, 1946.5, 495.2
4, 130206, 13/01/2019 22:20:01, SZB_SANDBOX_GROUP, 4.9, 5.8, 614.9, 0, 0, 0, 14, 896, 8586, 1371, 0.9, 3782.4, 974.8
4, 130207, 13/01/2019 22:40:06, SZB_SANDBOX_GROUP, 2.7, 3.3, 344.9, 0, 0, 0, 6, 384, 3359, 598, 0.6, 1225.6, 700.3
4, 130208, 13/01/2019 23:00:10, SZB_SANDBOX_GROUP, 6.2, 7.1, 1621, 0, 0, 0, 5, 320, 9458, 1098, 0.9, 5635.5, 696.4
4, 130209, 13/01/2019 23:20:15, SZB_SANDBOX_GROUP, 2.3, 4.5, 2050, 1.1, 0, 0, 0, 0, 4360, 314, 1.1, 4357.9, 268.3
4, 130210, 13/01/2019 23:40:16, SZB_SANDBOX_GROUP, 1.9, 5.2, 774.3, 2.6, 0, 0, 1, 64, 26745, 677, 0.7, 4449.7, 199.2
