HOST, SNAP_ID, TIME, SYS_CPU, SYS_DBTIME, SYS_SYSPCT, SYS_READ, SYS_WRITE, SYS_REDO, SYS_OSWAIT, SYS_RMWAIT, SYS_ACTSESS_MAX, SYS_ACTSESS_AVG, SYS_PGA, SYS_PXRUNS, SYS_PXQCT, SYS_PXSRVT, SYS_UCALLS, SYS_IOWAIT
1, 126579, 20/11/2018 23:59:06, 49.2, 61.8, 15.4, 923.2, 186.1, 42.5, 1.2, 0, 232.2, 158.2, 23250.7, 304, 7.2, 226.8, 113.5, 21.6
1, 126580, 21/11/2018 00:19:05, 41.5, 57.1, 13.9, 960.8, 132.9, 30.1, 1.1, 0, 192, 146.1, 23062.1, 255.1, 7, 225.1, 98.4, 28
1, 126581, 21/11/2018 00:40:06, 30.8, 36.6, 9.4, 548.1, 140.4, 30.8, 0.8, 0, 179.1, 93.6, 31073.8, 318.4, 6.4, 204.3, 114.7, 7.8
1, 126582, 21/11/2018 01:00:05, 40.6, 69, 11.4, 4339.2, 169, 32.1, 0.9, 0, 291.7, 176.7, 24416, 897.6, 12.9, 272.3, 106.1, 10.7
1, 126583, 21/11/2018 01:20:06, 29.8, 42.2, 8.7, 1082.2, 139, 27.4, 0.7, 0, 216.9, 108, 21776.7, 595.4, 8.6, 184.1, 112.7, 6.3
1, 126584, 21/11/2018 01:40:06, 19.5, 23.7, 6.2, 417.5, 61.1, 12.4, 0.6, 0, 92.5, 60.8, 21765.4, 908.6, 8, 172.1, 71.4, 4.5
1, 126585, 21/11/2018 02:00:05, 21.2, 27.2, 6.2, 659.4, 103.9, 20.7, 0.5, 0, 106.1, 69.5, 21793.9, 887.9, 9, 178.8, 54.8, 4.5
1, 126586, 21/11/2018 02:20:06, 30.1, 33, 6.5, 5436.8, 82.4, 16.3, 0.5, 0.1, 186.3, 84.5, 35994.1, 528.7, 11.9, 229.7, 48, 3.4
1, 126587, 21/11/2018 02:40:05, 62.3, 74.1, 11.3, 6196.1, 81, 10.7, 0.8, 0.3, 221.2, 189.6, 40287, 341, 16, 331, 45.4, 7.7
1, 126588, 21/11/2018 03:00:05, 39.6, 56.8, 8.4, 3914.5, 131.3, 15.6, 0.7, 0.2, 327.5, 145.3, 37825, 284.5, 13.5, 281.2, 58.4, 8
1, 126589, 21/11/2018 03:19:05, 25.4, 29.5, 7.1, 962.2, 151.4, 21.7, 0.6, 0, 132.7, 75.4, 21377.7, 272.5, 8.8, 170.7, 57.4, 9
1, 126590, 21/11/2018 03:40:05, 30.5, 61.3, 9.1, 499.6, 157.4, 27.7, 0.8, 0, 313.3, 156.9, 21196.3, 290.7, 7, 156.1, 74.5, 7.9
1, 126591, 21/11/2018 04:00:05, 31, 37.8, 9, 473.6, 226.7, 27.2, 0.8, 0, 158, 96.8, 57360.5, 247.8, 7, 152.6, 80.9, 9
1, 126592, 21/11/2018 04:20:05, 28.4, 50.7, 6.8, 415.3, 468.5, 15.7, 0.6, 0, 313.7, 129.7, 56848.7, 261.9, 7.1, 147.7, 50.2, 5.3
1, 126593, 21/11/2018 04:40:05, 30, 50.9, 6.8, 203.5, 514.6, 25.6, 0.6, 0, 272.7, 130.2, 56488.1, 318.9, 5.5, 116, 67.1, 4.3
1, 126594, 21/11/2018 05:00:05, 16.9, 53.4, 4.2, 113.1, 314.7, 19.3, 0.4, 0, 238.8, 136.8, 55982.7, 250.9, 4.5, 114, 47.3, 16.8
1, 126595, 21/11/2018 05:20:05, 21.2, 31.4, 6.9, 69.9, 197.4, 35.6, 0.6, 0, 151, 80.3, 55790.2, 257.1, 4, 113.1, 89.6, 6.4
1, 126596, 21/11/2018 05:40:05, 18, 19.7, 5.9, 56.6, 157.4, 30.1, 0.6, 0, 93.2, 50.4, 19419.6, 294.1, 3.9, 105.6, 90.1, 3.7
1, 126597, 21/11/2018 05:59:05, 41.2, 65.2, 11, 844.2, 291.2, 43.4, 0.9, 0, 278.2, 166.9, 27704, 277.9, 6.4, 187.2, 88.3, 8.3
1, 126598, 21/11/2018 06:19:05, 35.9, 57.1, 10.6, 815.3, 264.7, 40.4, 0.8, 0, 235, 146.3, 19274, 285.9, 6.5, 183.4, 87.4, 5.9
1, 126599, 21/11/2018 06:40:05, 30.3, 54.2, 8.1, 270.4, 203.6, 30.9, 0.7, 0, 300.2, 138.6, 16190.6, 314, 7.1, 185.1, 81.4, 5.7
1, 126600, 21/11/2018 07:00:05, 35.3, 58.2, 9.4, 77.4, 244.9, 45.2, 0.8, 0, 252.7, 148.9, 14308.4, 244.9, 6.4, 169.4, 109.1, 6.1
1, 126601, 21/11/2018 07:20:04, 41, 49.6, 11.2, 281.9, 288.1, 52.6, 0.9, 0, 232.5, 127.1, 14869.8, 249.5, 6.7, 170.7, 125.3, 6.8
1, 126602, 21/11/2018 07:40:05, 48.5, 52.1, 13.1, 617.8, 343.7, 57.5, 1, 0, 209, 133.5, 15010.2, 316.7, 6, 168.5, 123.9, 6.5
1, 126603, 21/11/2018 08:00:04, 55.5, 79.8, 15.2, 93.4, 374.1, 76.9, 1.2, 0, 306, 204.2, 11379.4, 251, 5.7, 180.4, 162.4, 13.2
1, 126604, 21/11/2018 08:20:04, 57.9, 80.4, 15.4, 16131.1, 385.7, 75.9, 1.2, 0, 300.8, 205.7, 11302.9, 251.5, 5.2, 125.5, 151.3, 15.2
1, 126605, 21/11/2018 08:40:04, 47, 99.5, 12.5, 91.9, 336, 69.1, 1, 0, 392.4, 254.6, 31644.1, 326.3, 4.2, 99.4, 140.8, 13
1, 126606, 21/11/2018 09:00:04, 41.3, 70.9, 10.7, 140.8, 331.7, 65.8, 0.9, 0, 274.2, 181.5, 14981.6, 228.6, 4.3, 114.8, 139, 24.7
1, 126607, 21/11/2018 09:19:03, 41.2, 61.4, 11.9, 118.5, 313, 62.1, 1, 0, 236.9, 157.1, 15082.2, 257.7, 4.2, 113.9, 143.8, 15.7
1, 126608, 21/11/2018 09:40:04, 39.2, 54.6, 11.6, 102.8, 290.5, 57.6, 1, 0, 234.7, 139.7, 15398.2, 291, 4.1, 114.6, 147.8, 16.7
1, 126609, 21/11/2018 10:01:04, 39.7, 59.9, 11.7, 100.8, 297.6, 60.3, 1, 0, 200.1, 153.4, 14616.3, 251.5, 4.2, 103.2, 150.3, 15
1, 126610, 21/11/2018 10:20:04, 32.1, 62.6, 10.2, 357.4, 309, 60.1, 0.9, 0, 319.8, 160.2, 15253.5, 258.3, 4.4, 101.4, 134.6, 16.6
1, 126611, 21/11/2018 10:40:04, 25.8, 71.5, 8.3, 81.9, 228, 50.3, 0.7, 0, 337.5, 183, 15256.8, 343.2, 4.2, 97.4, 131, 16.3
1, 126612, 21/11/2018 11:00:04, 29.1, 63.9, 9.2, 74.9, 287.2, 67.7, 0.9, 0, 301, 163.5, 15230.6, 230, 4.2, 97.2, 142.6, 19.6
1, 126613, 21/11/2018 11:20:03, 29.1, 49, 9.6, 106.3, 261.8, 56.4, 0.9, 0, 223.7, 125.5, 15211.2, 252.8, 4.2, 97.2, 146.3, 18.7
1, 126614, 21/11/2018 11:40:03, 27.6, 53.3, 8.9, 92.5, 257.1, 55.8, 0.8, 0, 285, 136.5, 15238.7, 302.2, 4.1, 97.3, 141.8, 17.5
1, 126615, 21/11/2018 12:00:03, 27.1, 64.5, 8.7, 99.1, 243.3, 55.1, 0.8, 0, 301.3, 165, 15310.4, 250.2, 4.1, 97.9, 132.6, 21.2
1, 126616, 21/11/2018 12:20:04, 24.7, 70.4, 7.9, 268.4, 231.4, 50.8, 0.7, 0, 291.1, 180.1, 15165.9, 253.4, 3.4, 86, 133.6, 16.7
1, 126617, 21/11/2018 12:40:03, 33.1, 50.4, 10.1, 420.4, 293.8, 63.1, 0.9, 0, 196.7, 128.9, 21886.9, 316.2, 4.2, 111.8, 183.8, 13.7
1, 126618, 21/11/2018 13:00:03, 29.7, 58.5, 8.8, 65.2, 300, 61.3, 0.7, 0, 248.6, 149.8, 21909, 258.3, 4.2, 113.6, 152.1, 9.8
1, 126619, 21/11/2018 13:20:03, 34.6, 53.5, 10.4, 241.6, 353.9, 67.5, 0.9, 0, 259.4, 137, 22017.7, 279.2, 4.8, 123.6, 172.1, 9.3
1, 126620, 21/11/2018 13:40:03, 30.2, 59.9, 9.2, 63.4, 329.2, 64, 0.8, 0, 311.2, 153.4, 22107.6, 401.2, 4.2, 113.3, 156.9, 9.5
1, 126621, 21/11/2018 14:00:03, 31.4, 50.7, 9.4, 103.7, 321.2, 64.9, 0.8, 0, 203, 129.7, 22989.6, 383.4, 4.1, 104.5, 165.4, 11.6
1, 126622, 21/11/2018 14:20:03, 35.8, 40.8, 10, 141.5, 307.9, 65.5, 0.8, 0, 155.2, 104.5, 34600.6, 278.9, 5, 121.1, 186, 7.9
1, 126623, 21/11/2018 14:40:03, 36.8, 46.8, 10, 157.5, 322.3, 60.4, 0.8, 0, 283.3, 119.9, 32309.9, 279.8, 5, 116.6, 176.9, 8
1, 126624, 21/11/2018 15:00:03, 30, 68.6, 8.7, 122.5, 281.3, 55.8, 0.8, 0, 332.7, 175.7, 33168.7, 245.5, 5.1, 115.1, 151.6, 9.9
1, 126625, 21/11/2018 15:20:03, 32.6, 54.2, 9.7, 91.4, 306.9, 60.8, 0.8, 0, 278.8, 138.8, 31684.5, 267.5, 5, 115.1, 170.6, 8.5
1, 126626, 21/11/2018 15:40:02, 35.3, 43.8, 10.4, 110.4, 326.6, 63.7, 0.9, 0, 203.5, 112, 31925.2, 317.2, 5, 115.1, 181.8, 9
1, 126627, 21/11/2018 16:00:03, 31.9, 37.3, 9.9, 83.9, 328.6, 65.3, 0.8, 0, 142.5, 95.6, 31543.5, 237.4, 5.5, 116.8, 166, 5.4
1, 126628, 21/11/2018 16:20:03, 30.6, 48.2, 9.6, 245.3, 312.2, 59.7, 0.8, 0, 234.2, 123.3, 30710.4, 310.6, 5.5, 121.9, 138.8, 4.2
1, 126629, 21/11/2018 16:40:02, 25.8, 36.8, 8.1, 70.7, 298.3, 56.9, 0.7, 0, 160.4, 94.1, 15564.2, 312, 4.9, 115.1, 123.9, 4.2
1, 126630, 21/11/2018 17:00:02, 59.3, 70.9, 13.3, 6586.1, 259.5, 54.2, 1.2, 0.2, 311.6, 181.5, 36637.5, 323.3, 12, 231, 119.7, 7.4
1, 126631, 21/11/2018 17:20:02, 80, 86.5, 16.5, 5593.9, 271, 54.7, 2.1, 0.5, 282, 221.3, 41977.8, 381.1, 12, 262.1, 116.9, 8.2
1, 126632, 21/11/2018 17:40:02, 50.1, 54.5, 11.5, 2146.9, 293.9, 57.5, 1, 0.3, 238.1, 139.4, 25875.3, 377.2, 11.8, 283.7, 111.8, 9.6
1, 126633, 21/11/2018 18:00:02, 39, 83.9, 10, 2300.5, 302.2, 56, 0.8, 0, 396.1, 214.7, 26759.9, 479.8, 14.2, 242.9, 108.4, 40.8
1, 126634, 21/11/2018 18:20:02, 43.6, 46.1, 11.3, 3683.3, 294.2, 56, 1.3, 0, 232.9, 118.1, 17267.5, 651.8, 11.7, 222.6, 103.2, 10.5
1, 126635, 21/11/2018 18:40:02, 41.8, 61.3, 11.9, 2026.4, 362.8, 55.4, 0.9, 0, 213.6, 156.9, 19239.5, 504.6, 10.5, 199.7, 95.9, 27.6
1, 126636, 21/11/2018 19:00:02, 26.5, 33.8, 7.7, 2161.7, 398.8, 55.5, 0.7, 0, 188.6, 86.5, 15378.1, 433.8, 5.3, 129.8, 95.2, 10.7
1, 126637, 21/11/2018 19:20:02, 23.1, 24.7, 6.8, 384.3, 256.5, 56.2, 0.6, 0, 82.5, 63.2, 15317.5, 469.5, 4.4, 94.4, 93.2, 7.1
1, 126638, 21/11/2018 19:40:02, 20.5, 19.9, 5.9, 265.3, 249.2, 56.4, 0.6, 0, 81.5, 51.1, 16585.5, 456.8, 3.9, 87, 87.9, 6.2
1, 126639, 21/11/2018 20:00:02, 33, 98, 8.2, 1671.2, 312.8, 34.8, 0.6, 0, 390.5, 251, 21243.5, 305.5, 11.5, 286, 52.2, 10.8
1, 126640, 21/11/2018 20:20:01, 46.2, 63.3, 11.9, 1350.4, 451.3, 52.7, 0.9, 0, 286.1, 162.1, 51171.9, 416.1, 10.3, 270.4, 74.8, 11.4
1, 126641, 21/11/2018 20:40:02, 30.9, 44.3, 7.6, 1259.7, 424.5, 35.9, 0.6, 0, 209.4, 113.4, 59285.2, 480.3, 7.2, 207.3, 56.4, 8.5
1, 126642, 21/11/2018 21:00:01, 39.9, 54.5, 7.4, 1612.2, 394.2, 29.3, 0.6, 0, 273, 139.5, 27078, 254.1, 9.5, 259.8, 55.8, 13.2
1, 126643, 21/11/2018 21:20:02, 45.8, 52.9, 9.8, 939.5, 337.3, 25.8, 0.7, 0, 215, 135.4, 21290, 275.3, 8.6, 252.2, 54.8, 11.1
1, 126644, 21/11/2018 21:40:01, 35.8, 45.2, 7.1, 710.5, 263.5, 19.4, 0.5, 0, 179.4, 115.7, 23435.4, 296.5, 7, 206.4, 33.7, 9.4
1, 126645, 21/11/2018 22:01:01, 29, 45.1, 6.4, 745.4, 162.6, 17, 0.6, 0, 223, 115.5, 37978, 237.8, 6.6, 196.4, 33.6, 11.8
1, 126646, 21/11/2018 22:20:01, 17.1, 50.1, 4.6, 602, 72.6, 10.1, 0.4, 0, 259.2, 128.3, 15650.2, 249.9, 5.2, 149.9, 23.4, 10.3
1, 126647, 21/11/2018 22:40:01, 10.9, 20.9, 3.6, 598.3, 46.1, 10.9, 0.3, 0, 131.2, 53.4, 12814.4, 290.5, 4, 101.8, 28, 8.1
1, 126648, 21/11/2018 23:00:01, 17.2, 27.6, 5.2, 990.9, 104, 20.2, 0.5, 0, 157.6, 70.5, 20972.9, 284.1, 4.3, 113.7, 53.1, 9.8
1, 126649, 21/11/2018 23:20:01, 31.2, 36.8, 8.5, 948, 345.5, 63.6, 0.7, 0, 149.4, 94.1, 37088.9, 339.3, 12.1, 377.9, 106, 9.4
1, 126650, 21/11/2018 23:40:01, 18.4, 24.1, 4.5, 221.1, 408.8, 77.9, 0.4, 0, 128.8, 61.7, 22790.2, 306.7, 11.8, 348.3, 86.4, 5.1
2, 126579, 20/11/2018 23:59:13, 26.4, 40.4, 8.2, 1434.9, 286.1, 23.9, 0.7, 0, 156.5, 103.4, 52019.6, 121.8, 8.9, 205.9, 113.5, 11.3
2, 126580, 21/11/2018 00:19:13, 18.8, 38.9, 6, 213.3, 125.8, 26.2, 0.6, 0, 123.8, 99.6, 45621, 57.3, 7.4, 168.1, 121.4, 19.1
2, 126581, 21/11/2018 00:40:12, 33, 57.3, 10.4, 475.5, 256.1, 46.7, 0.9, 0, 235.3, 146.7, 47813, 57.7, 7.5, 173.6, 155.4, 13.6
2, 126582, 21/11/2018 01:00:12, 32.3, 69, 10.4, 349.5, 262.2, 46.4, 0.9, 0, 282.8, 176.8, 46216.8, 72.3, 7.9, 191.5, 149.1, 12.5
2, 126583, 21/11/2018 01:20:12, 39.2, 51.2, 11.2, 32032.9, 218.7, 34.6, 0.9, 0, 198.4, 131.1, 31744.2, 94.9, 9.2, 232.3, 133.3, 10.2
2, 126584, 21/11/2018 01:40:12, 52.6, 55.9, 11.1, 29666.3, 225.5, 18.9, 0.7, 0, 161.3, 143.1, 50166, 129.2, 11.2, 311.6, 87.4, 7.1
2, 126585, 21/11/2018 02:00:12, 34.2, 39.4, 8.3, 80556.5, 137.2, 18.7, 0.7, 0, 140.5, 100.8, 25778.3, 135.9, 8.2, 206.4, 84.8, 6.5
2, 126586, 21/11/2018 02:20:12, 37.3, 39.9, 10, 1418.9, 185.7, 39.6, 0.8, 0, 179.8, 102.1, 34263.8, 56, 6, 145.1, 200, 4.2
2, 126587, 21/11/2018 02:40:13, 37.4, 32.1, 9.9, 208.7, 239.9, 46.7, 0.9, 0, 97.9, 82.1, 34947.4, 56.2, 4.6, 114.7, 273.6, 2
2, 126588, 21/11/2018 03:00:12, 32.2, 37.4, 8.4, 224.4, 209, 39.1, 0.8, 0, 191.6, 95.7, 34000.5, 55.6, 4, 97.1, 216.4, 2.4
2, 126589, 21/11/2018 03:19:12, 28.3, 24.1, 7.5, 326.2, 194, 34.6, 0.6, 0, 84.3, 61.8, 31291.9, 70.8, 4, 81.1, 186.1, 2.5
2, 126590, 21/11/2018 03:39:12, 24.8, 40.4, 6.5, 342.1, 162.4, 30.8, 0.6, 0, 221.6, 103.5, 31605.8, 65.9, 4, 80.4, 162.4, 1.8
2, 126591, 21/11/2018 03:59:12, 26.1, 25.7, 6.4, 371.8, 209.7, 28.2, 0.5, 0, 95.2, 65.9, 60615.6, 4291.7, 4, 74.8, 117.6, 3.4
2, 126592, 21/11/2018 04:19:12, 28.2, 36.4, 6.1, 323.2, 416.1, 23.2, 0.5, 0, 232, 93.1, 59115.9, 4743.5, 3.1, 63.6, 106.5, 3
2, 126593, 21/11/2018 04:40:12, 22.5, 30.5, 4.7, 201.4, 426.6, 21.3, 0.4, 0, 165.8, 78.1, 59142.8, 4903.8, 2.9, 65.3, 66.8, 2.6
2, 126594, 21/11/2018 04:59:12, 16.1, 33.2, 4.2, 143.1, 254.2, 21.2, 0.4, 0, 187.5, 85, 43586.1, 1659.3, 1.2, 36.2, 83.1, 8.3
2, 126595, 21/11/2018 05:20:12, 12.2, 13.1, 3.6, 162.7, 97.3, 20.3, 0.3, 0, 77, 33.5, 40560.5, 5129.9, 1.1, 33, 60.8, 2.5
2, 126596, 21/11/2018 05:40:12, 12.6, 10, 3.7, 171.2, 105.4, 18.1, 0.4, 0, 38.1, 25.7, 11280.5, 3577.7, 1, 33.1, 60.4, 2.1
2, 126597, 21/11/2018 05:59:11, 53.9, 67.2, 10.5, 1945.1, 465.7, 20.7, 0.7, 0, 302.5, 171.9, 90941.3, 80.1, 9, 235.6, 68.9, 6.1
2, 126598, 21/11/2018 06:19:11, 61.9, 67, 11, 1214.9, 290.2, 25.3, 0.7, 0, 235.6, 171.5, 99935.3, 68.6, 11.1, 305.6, 65.5, 6
2, 126599, 21/11/2018 06:40:11, 57.3, 62.6, 9.1, 1100.6, 344.9, 32.4, 0.6, 0, 254.2, 160.2, 74559.6, 76.9, 9.7, 265.2, 74.6, 3.6
2, 126600, 21/11/2018 06:59:11, 54, 70.8, 9.1, 754.4, 434.9, 39, 0.7, 0, 359.4, 181.3, 46696.5, 79.9, 9.3, 247.9, 86.4, 3.9
2, 126601, 21/11/2018 07:19:11, 40, 44.4, 9.2, 919.6, 469.6, 45.1, 0.7, 0, 199, 113.7, 36020.1, 74, 8.5, 211.1, 104, 6.1
2, 126602, 21/11/2018 07:39:11, 32.6, 31.9, 7.6, 732.9, 283.1, 45.3, 0.6, 0, 121.4, 81.8, 41240.3, 65, 7, 171.8, 87.7, 4.8
2, 126603, 21/11/2018 08:00:11, 49.9, 70.5, 12.3, 16736.1, 423, 54.3, 0.9, 0, 321.3, 180.6, 62173.9, 69, 10.9, 240.1, 136.8, 11.9
2, 126604, 21/11/2018 08:20:11, 39.9, 52.9, 10.7, 6298.9, 283.7, 60.1, 0.8, 0, 272.6, 135.4, 52341.2, 112.9, 6.7, 207.4, 133.3, 8.8
2, 126605, 21/11/2018 08:39:11, 33.5, 71.1, 8.7, 465.4, 272.3, 61.9, 0.7, 0, 319.5, 182, 56928.1, 65.7, 5.1, 222.4, 131.6, 6.1
2, 126606, 21/11/2018 09:00:10, 32.8, 43.7, 9.3, 303.6, 322.6, 67.4, 0.8, 0, 209.6, 111.8, 55867, 66.5, 5.1, 210.5, 152.3, 10
2, 126607, 21/11/2018 09:19:11, 26, 31.2, 8.2, 73.4, 281.4, 62.2, 0.7, 0, 162.6, 79.8, 52499.2, 68.6, 4, 139.8, 158.4, 4.9
2, 126608, 21/11/2018 09:40:11, 30, 30.8, 9.3, 158.3, 301.8, 64.9, 0.8, 0, 130.6, 78.9, 52739, 65.7, 4.2, 140, 161.9, 5.6
2, 126609, 21/11/2018 10:01:11, 48.4, 51.4, 13.2, 778.5, 472.7, 64.3, 1, 0, 177, 131.7, 61972.6, 57.8, 5.2, 157.2, 165.4, 9
2, 126610, 21/11/2018 10:20:11, 34.9, 45.3, 9.2, 813.2, 338.8, 62.5, 0.7, 0, 286.2, 116.1, 51903.7, 96.5, 5.5, 165.2, 142, 3.6
2, 126611, 21/11/2018 10:41:10, 35.4, 57.2, 9.7, 156.6, 388.4, 64.7, 0.8, 0, 341.1, 146.5, 50316.3, 68.4, 3.9, 127.4, 179, 4
2, 126612, 21/11/2018 11:00:10, 41.9, 53.1, 11.1, 163.6, 442.4, 72.3, 0.9, 0, 245, 135.9, 49527.7, 63.1, 4, 129.1, 193.2, 6.8
2, 126613, 21/11/2018 11:19:11, 38.5, 37.7, 10.3, 686, 384.7, 67.4, 0.9, 0, 194.5, 96.4, 71716.4, 71.3, 4, 130.6, 176.1, 4.6
2, 126614, 21/11/2018 11:40:10, 44.4, 49.4, 11.8, 110.7, 392.4, 73.4, 1, 0, 274.8, 126.4, 74022.5, 67.9, 4, 129.2, 212.8, 4.5
2, 126615, 21/11/2018 12:00:11, 45.7, 58.6, 12.2, 101.8, 366.5, 73.6, 1, 0, 297, 150.1, 67143.7, 152.1, 4.1, 129.2, 215.4, 5.4
2, 126616, 21/11/2018 12:20:10, 34.2, 58.4, 10.1, 66.2, 347.5, 70.7, 0.8, 0, 269, 149.4, 61791.1, 74.9, 4, 127.7, 194.7, 3.5
2, 126617, 21/11/2018 12:40:10, 36.3, 39.3, 10.6, 210.3, 362.1, 71.5, 0.9, 0, 176.3, 100.6, 48668.5, 66.9, 3.6, 118.8, 199.7, 4.4
2, 126618, 21/11/2018 13:00:10, 36.6, 50.4, 10.6, 168.5, 874.1, 70.9, 0.9, 0, 214.1, 129, 30854.7, 87.4, 3.5, 116.4, 204.4, 4.4
2, 126619, 21/11/2018 13:20:10, 31.5, 38.4, 9.7, 40.9, 320.6, 69.2, 0.8, 0, 203.5, 98.4, 47648.4, 57, 3.6, 103.1, 197.9, 3.8
2, 126620, 21/11/2018 13:40:09, 32.6, 50.9, 9.8, 65.2, 347, 69.8, 0.8, 0, 299.9, 130.3, 44921.2, 30.9, 4, 113.2, 191.1, 4.8
2, 126621, 21/11/2018 14:00:10, 35.8, 43.8, 10.9, 39.6, 367.1, 76.3, 0.9, 0, 187.7, 112.2, 47661.2, 33.1, 4.1, 113.2, 227, 6.5
2, 126622, 21/11/2018 14:20:10, 34, 32, 10.4, 70.3, 347.3, 69.5, 0.9, 0, 137.4, 81.9, 46039.1, 95, 4, 113.1, 193.5, 3.9
2, 126623, 21/11/2018 14:40:10, 29.6, 29.4, 9.4, 47.2, 328.3, 65.8, 0.8, 0, 230.5, 75.3, 47742, 120.2, 4.1, 113.1, 179.8, 3.5
2, 126624, 21/11/2018 15:00:09, 32.6, 59.7, 9.8, 349.6, 354.1, 69.6, 0.9, 0, 307.3, 152.7, 47633.1, 66.1, 4.9, 120.9, 191.5, 4.6
2, 126625, 21/11/2018 15:19:10, 33.6, 44.1, 10.1, 300.2, 350.6, 71.2, 0.9, 0, 223.3, 113, 46399.7, 81.1, 5.1, 121.5, 185.9, 3.4
2, 126626, 21/11/2018 15:39:10, 34.9, 35, 10.5, 635.1, 359.5, 68.8, 0.9, 0, 215.1, 89.6, 41699.7, 97.2, 5, 120.9, 189.8, 4.3
2, 126627, 21/11/2018 15:59:09, 33.4, 31, 10.2, 404.7, 338, 72.2, 0.9, 0, 126.8, 79.4, 47937.5, 93.2, 5, 120.8, 192.2, 4.4
2, 126628, 21/11/2018 16:19:09, 37.2, 48.2, 11.1, 421.6, 376, 71.6, 0.9, 0, 256.4, 123.5, 34110.5, 56.1, 4.3, 100.1, 206.7, 3.8
2, 126629, 21/11/2018 16:40:09, 32.1, 37.4, 9.7, 366.9, 841.9, 64.4, 0.8, 0, 173, 95.7, 33665.4, 92.9, 4, 89.7, 174.3, 4.8
2, 126630, 21/11/2018 17:00:09, 31.9, 38.4, 9.9, 446.9, 345.3, 66.9, 0.8, 0, 183.7, 98.2, 35162.8, 45.1, 4.2, 92.7, 179.6, 6.3
2, 126631, 21/11/2018 17:20:10, 30, 31.5, 9.2, 470.2, 346.7, 69.6, 0.8, 0, 167.8, 80.7, 34647.1, 59.2, 3, 74.1, 162.7, 4.7
2, 126632, 21/11/2018 17:40:09, 28.8, 25.7, 9, 228.3, 342.2, 67.3, 0.8, 0, 113.3, 65.9, 35124.2, 48, 2.6, 71, 163.4, 5.3
2, 126633, 21/11/2018 18:00:09, 32.5, 39.3, 9.7, 811.4, 384.1, 69.8, 0.8, 0, 216.5, 100.6, 32119.9, 65.2, 3, 75, 173.2, 5.9
2, 126634, 21/11/2018 18:19:08, 28.8, 26.1, 8.8, 290.8, 337.4, 65.5, 0.8, 0, 108.3, 66.7, 35172.1, 50.8, 3.6, 76.4, 160.3, 4.8
2, 126635, 21/11/2018 18:39:09, 24, 22.8, 7.4, 723.2, 293.9, 53.9, 0.6, 0, 87.9, 58.3, 34339.7, 42.8, 3, 73.4, 125.4, 4.9
2, 126636, 21/11/2018 19:00:09, 32.4, 32.6, 8.6, 1083.4, 347.8, 52.3, 0.7, 0.2, 143.7, 83.4, 21527, 68.9, 4.3, 102.3, 110.3, 6.2
2, 126637, 21/11/2018 19:20:08, 19.9, 17.7, 6.4, 712.2, 271.9, 53.5, 0.6, 0, 74.5, 45.4, 16128.5, 75.7, 2, 41.2, 92.8, 4.2
2, 126638, 21/11/2018 19:39:09, 19.4, 15.3, 6.3, 788.8, 277.3, 57.6, 0.6, 0, 69.7, 39.1, 16143, 80.1, 2, 41.3, 91, 4
2, 126639, 21/11/2018 20:00:09, 21.9, 71.2, 7, 513, 219.1, 46.2, 0.6, 0, 352.9, 182.2, 22032.2, 110.5, 6.6, 178.4, 91.6, 4.8
2, 126640, 21/11/2018 20:19:08, 49.3, 69.2, 15.2, 1249.1, 290.1, 59.7, 1.1, 0.5, 282.5, 177.1, 26802.3, 116.8, 8.2, 234.4, 106.3, 11.9
2, 126641, 21/11/2018 20:40:09, 40.8, 55.5, 14.8, 1163.9, 165.2, 33.8, 1.1, 0.1, 212.4, 142, 22240.5, 89.7, 7.2, 207.4, 64.7, 21.1
2, 126642, 21/11/2018 20:59:09, 37.1, 55.2, 13.8, 1267.9, 151, 31.6, 1.1, 0, 251.2, 141.4, 13311.3, 84.2, 6.1, 169.9, 90.8, 25
2, 126643, 21/11/2018 21:19:08, 35.8, 44.5, 13.4, 952.2, 150.3, 28.9, 1, 0, 187.3, 113.9, 13131.1, 86.5, 4.9, 135.8, 96.9, 19.1
2, 126644, 21/11/2018 21:40:09, 29.8, 39.5, 11.7, 949.3, 118.4, 25, 1, 0, 149.9, 101.2, 13167.8, 80.2, 4.6, 133.8, 59.9, 18.4
2, 126645, 21/11/2018 22:00:09, 31.8, 46.7, 11.7, 791.6, 123.3, 24.6, 1, 0, 199.3, 119.5, 13930.1, 69, 4.2, 132, 49.1, 20.9
2, 126646, 21/11/2018 22:20:08, 30.2, 60, 11.7, 1713.1, 109.9, 23.5, 0.9, 0, 268.5, 153.6, 14763.1, 91, 4.9, 154.6, 49.8, 18.7
2, 126647, 21/11/2018 22:40:08, 27.9, 39.5, 11.1, 918.6, 93.3, 16.5, 0.9, 0, 190.6, 101.2, 13707.3, 69.8, 4.6, 145.9, 31.7, 19.2
2, 126648, 21/11/2018 23:00:09, 43.2, 57.2, 14.1, 2149.3, 386.1, 17.7, 1, 4.3, 206.5, 146.3, 22277.3, 82.1, 10.1, 231.8, 64.3, 20.2
2, 126649, 21/11/2018 23:19:08, 51.3, 61.6, 15.4, 1702.3, 470, 23.4, 1.1, 6.1, 193.9, 157.6, 30830, 96.1, 12.7, 285.9, 74.9, 16.8
2, 126650, 21/11/2018 23:39:08, 44.8, 61, 11.4, 3028.6, 435.1, 12.5, 0.7, 7.6, 192.5, 156.2, 37601, 104.9, 15.3, 369.4, 37.9, 11.4
3, 126579, 20/11/2018 23:59:17, 18.9, 20.7, 3.1, 27853.6, 26.7, 0.1, 0.2, 0, 156.6, 53.1, 42521.7, 157.3, 23.3, 254.3, 4.9, 4.6
3, 126580, 21/11/2018 00:19:17, 40, 57.8, 6.6, 31324, 201.6, 0.5, 0.5, 0, 191.8, 147.9, 57271.5, 493.3, 46.4, 412.3, 8.9, 12.4
3, 126581, 21/11/2018 00:39:17, 41.6, 42.4, 7.8, 14912.9, 197.5, 0.7, 0.5, 0, 141.8, 108.6, 82146.4, 456, 37.5, 388.4, 6.9, 4
3, 126582, 21/11/2018 00:59:17, 45.9, 52.9, 9.1, 27586.9, 234.7, 0.8, 0.6, 0.1, 165.7, 135.5, 75481, 99, 41.8, 488.1, 7.4, 6
3, 126583, 21/11/2018 01:20:16, 37, 37.2, 8.2, 14073.8, 204.6, 0.7, 0.5, 0, 121.8, 95.2, 48739.1, 56, 41.4, 418.6, 9.1, 5.9
3, 126584, 21/11/2018 01:40:16, 15.2, 13.9, 4, 1833, 122.9, 0.2, 0.3, 0, 69.6, 35.7, 33459.3, 39.9, 32.3, 322.9, 11, 2.2
3, 126585, 21/11/2018 01:59:16, 27.4, 27.5, 6.3, 15277.6, 248.3, 3.1, 0.5, 0, 135.9, 70.4, 43443.7, 117.2, 30.5, 416.2, 11, 3.2
3, 126586, 21/11/2018 02:20:16, 17.2, 20, 5.6, 14663.8, 71.8, 0.4, 0.4, 0, 68.5, 51.3, 42149.4, 78.9, 26.1, 345, 10.3, 4.7
3, 126587, 21/11/2018 02:40:16, 19.1, 19.9, 5.5, 14672.6, 91.1, 2.4, 0.4, 0, 77.6, 51.1, 58112.5, 78.3, 26.5, 344.3, 14.5, 5.8
3, 126588, 21/11/2018 03:00:16, 40.6, 48.6, 8.3, 13417, 290.3, 6.8, 0.6, 0, 165.1, 124.3, 73274.7, 140.5, 31.9, 517.4, 7.5, 8.1
3, 126589, 21/11/2018 03:19:16, 24.1, 27, 5.5, 55771.2, 193.7, 10.4, 0.4, 0.1, 122.7, 69, 63175.6, 166.9, 25.2, 379.9, 7.6, 6.4
3, 126590, 21/11/2018 03:39:16, 18.4, 23, 5.1, 33463.6, 167, 6.5, 0.4, 0, 82.4, 58.8, 85864.7, 141, 26.6, 419.5, 13.2, 4.5
3, 126591, 21/11/2018 03:59:16, 26, 39.1, 6.9, 40357.5, 271.5, 4.3, 0.4, 0, 313.5, 100.1, 83455.5, 158.2, 32.7, 504.8, 14.1, 13
3, 126592, 21/11/2018 04:19:16, 53.5, 62.8, 9.7, 22778, 557.9, 5.6, 3.5, 0.3, 300.9, 160.8, 92628.3, 156.9, 39, 647.2, 11.4, 3.9
3, 126593, 21/11/2018 04:39:16, 51.9, 62.9, 9.4, 20309.9, 338.6, 3.4, 0.6, 0, 249.3, 161, 77868.5, 598.5, 40.5, 680.9, 10.3, 5.2
3, 126594, 21/11/2018 04:59:15, 54.9, 90.9, 10.5, 90755, 294.7, 8, 0.9, 0.1, 372, 232.7, 83422.4, 498.8, 45.1, 936.7, 8.8, 31.1
3, 126595, 21/11/2018 05:20:15, 37.9, 39.5, 7.9, 40750.2, 292.7, 19.5, 0.6, 0, 141.2, 101, 77174.1, 561.9, 39.6, 785.6, 6.7, 6.4
3, 126596, 21/11/2018 05:40:16, 26.5, 25.4, 5.5, 3176, 170, 32.6, 0.5, 0, 100.6, 65.1, 50355.3, 614.6, 35.3, 675.6, 7.3, 1.1
3, 126597, 21/11/2018 05:59:16, 46.8, 48.7, 8.9, 18055.7, 657.8, 12.4, 2.5, 3.8, 311, 124.6, 86086.8, 368.3, 33, 722, 6.4, 3.6
3, 126598, 21/11/2018 06:19:15, 48.5, 67.4, 9.8, 17270.5, 296.2, 12.2, 0.7, 0.9, 306.7, 172.6, 79758.5, 80, 33.8, 770.9, 6.1, 7
3, 126599, 21/11/2018 06:40:15, 36.8, 41.9, 9.1, 26943.6, 418.4, 11.5, 0.7, 0.7, 145.3, 107.4, 74325.2, 114.8, 31.4, 577.9, 6.1, 9.1
3, 126600, 21/11/2018 06:59:15, 42.6, 49, 10.1, 22002.7, 481.5, 12.7, 0.7, 0.2, 186.9, 125.5, 38705.5, 113.9, 31.9, 637.9, 7.3, 10.6
3, 126601, 21/11/2018 07:19:15, 24.8, 26.3, 5.2, 17857.8, 369.4, 27, 0.4, 0, 91.6, 67.3, 48395.7, 75.9, 30.4, 516, 8.1, 6.2
3, 126602, 21/11/2018 07:39:15, 27.2, 29.7, 5.6, 17820.4, 289.3, 18.3, 0.4, 0, 104.8, 76.1, 101975.4, 180.7, 27.9, 511.2, 7.6, 6.1
3, 126603, 21/11/2018 07:59:15, 35.7, 39.3, 6.6, 33558.8, 546.4, 13.2, 0.5, 0, 148.3, 100.7, 56246, 63.7, 28.2, 532.7, 5.6, 5.8
3, 126604, 21/11/2018 08:20:15, 31.2, 33.3, 5.1, 25375.1, 556.3, 18.9, 0.4, 0, 115.8, 85.1, 73823, 70.5, 27.4, 497, 6.3, 6.1
3, 126605, 21/11/2018 08:39:15, 17.1, 20, 3.2, 27330.7, 392.7, 26.1, 0.3, 0, 76, 51.3, 52805.9, 89.5, 26.6, 449, 6.5, 2.7
3, 126606, 21/11/2018 09:00:14, 37.1, 39.5, 6.5, 54116.7, 468.6, 29.2, 0.5, 0, 165.5, 101.1, 82863.8, 100.9, 31.5, 519.3, 4.6, 6.3
3, 126607, 21/11/2018 09:19:15, 42.6, 49.5, 6.9, 26722.5, 278.2, 12.3, 0.4, 2.5, 189.9, 126.8, 70887, 142.8, 29.5, 457.4, 1.9, 5.1
3, 126608, 21/11/2018 09:40:14, 39, 40.6, 5.6, 9907.7, 206.9, 6.5, 0.4, 1.5, 145.2, 103.9, 50275.3, 97, 29.4, 472.9, 1, 3.7
3, 126609, 21/11/2018 10:00:15, 44.8, 53.8, 8, 26579.9, 158.9, 8.2, 0.5, 0, 186.9, 137.8, 49375.3, 99.1, 36.7, 642.3, 1.1, 7.7
3, 126610, 21/11/2018 10:19:14, 53.7, 75.5, 10, 5094.1, 201.6, 10.3, 2.2, 1.2, 349, 193.2, 83568.8, 108.3, 41.9, 1087.6, 2.1, 5.3
3, 126611, 21/11/2018 10:40:15, 50.3, 62.2, 8.7, 2987.2, 417.4, 14.2, 0.8, 3.3, 258.2, 159.3, 77514.4, 83.4, 43.1, 1130.8, 4.4, 6.7
3, 126612, 21/11/2018 11:00:14, 51.2, 62.7, 8.2, 46692.1, 311.2, 10.7, 0.5, 0.7, 221.1, 160.4, 77781.9, 95.7, 44.5, 1034.7, 1.8, 7.2
3, 126613, 21/11/2018 11:19:14, 55.8, 58.3, 8.9, 13435.2, 329.2, 16.6, 0.6, 0.5, 207.8, 149.2, 69687.6, 178.8, 40.6, 877, 2.2, 4.6
3, 126614, 21/11/2018 11:40:14, 61.7, 73.2, 10.4, 17899, 241.4, 11, 3.4, 2.9, 335, 187.5, 88875.1, 142.9, 42.4, 958.5, 1.9, 4.6
3, 126615, 21/11/2018 12:00:14, 63.1, 81.4, 10.9, 30297.3, 363.9, 25.8, 1, 0.7, 316.5, 208.5, 79197.9, 115, 46.4, 1073.8, 2.8, 7.7
3, 126616, 21/11/2018 12:20:14, 66.4, 83.5, 10.7, 15792.2, 298.8, 14, 1.5, 0.5, 325, 213.8, 71903.5, 83, 45.9, 1048.9, 4.3, 5.7
3, 126617, 21/11/2018 12:40:14, 50, 53.5, 7.4, 17209.7, 377.9, 16, 0.5, 0, 235.8, 137, 74254, 111, 40.8, 841.5, 8, 3.5
3, 126618, 21/11/2018 13:00:14, 57.6, 61.1, 7.7, 30851.7, 448.8, 8.4, 0.5, 0.2, 204.3, 156.3, 76296.1, 97.6, 39.2, 755.7, 5.3, 3.1
3, 126619, 21/11/2018 13:20:09, 48.2, 52.2, 6.6, 11971.2, 261.3, 5.5, 0.4, 0.8, 200.6, 133.7, 61244.8, 110.1, 36.8, 641.3, 4.6, 4.4
3, 126620, 21/11/2018 13:40:09, 42.9, 49.6, 6.3, 20575.6, 202.5, 2.2, 0.5, 0.1, 153.5, 127, 42637.1, 92.1, 34.8, 585.5, 3.6, 6.7
3, 126621, 21/11/2018 14:00:09, 55.3, 67.4, 8.3, 40706.1, 242.9, 3.5, 0.6, 1.7, 233.1, 172.5, 64852.7, 140.9, 34.2, 559.2, 2.9, 9.6
3, 126622, 21/11/2018 14:20:13, 33.2, 36.6, 5.4, 23461.5, 144.3, 6.6, 0.4, 0.1, 132.4, 93.7, 39255.5, 197.4, 30.2, 465.5, 5.2, 4.6
3, 126623, 21/11/2018 14:39:13, 31, 33.3, 4.8, 30180, 90.6, 1, 0.3, 0, 110.5, 85.2, 40975, 131.2, 29.5, 355.4, 2.3, 3
3, 126624, 21/11/2018 14:59:14, 38, 59.1, 6.2, 30943.7, 33.3, 2, 0.4, 2.8, 195.8, 151.3, 63231.2, 116.1, 35.9, 487.3, 1.3, 5.4
3, 126625, 21/11/2018 15:19:13, 54, 71.5, 9, 24327.5, 193.7, 5, 1, 4, 329.7, 183.1, 41308, 135.9, 36.6, 575.2, 1.8, 4.5
3, 126626, 21/11/2018 15:39:13, 44.1, 49.5, 6.3, 28275.6, 90.3, 6.6, 0.4, 6.1, 167.8, 126.8, 48014.9, 145.1, 35.2, 464.8, 1.2, 3.3
3, 126627, 21/11/2018 15:59:13, 48.7, 61, 7.3, 21454.5, 179.9, 4.6, 0.5, 9.3, 196.2, 156.2, 51399.3, 145.5, 37.7, 515.9, 2.8, 4.8
3, 126628, 21/11/2018 16:20:14, 44, 53.7, 7, 16212.1, 78, 5.3, 0.5, 5, 187.7, 137.4, 46614.8, 149.7, 35.7, 425.2, 3.9, 4.9
3, 126629, 21/11/2018 16:40:13, 43.2, 60.1, 6.2, 27990.8, 187.2, 4.2, 0.4, 13.9, 194.3, 153.9, 54869.4, 143, 35, 434.1, 2.8, 4
3, 126630, 21/11/2018 17:00:13, 58.2, 78.1, 8.9, 33059.4, 261.8, 7.2, 0.6, 9.8, 281.1, 199.8, 60369.7, 92, 36.6, 512.3, 1.5, 7.9
3, 126631, 21/11/2018 17:20:13, 51.4, 61.1, 8.5, 3841, 261.7, 6.4, 0.5, 4.3, 187.8, 156.3, 56364.7, 51.7, 33.9, 462.2, 2.6, 6.8
3, 126632, 21/11/2018 17:39:12, 44.1, 50.4, 6.4, 14652.4, 232.1, 6.4, 0.4, 5.5, 144.2, 129, 48438.3, 109.4, 31.9, 430.5, 3.9, 5.5
3, 126633, 21/11/2018 18:00:13, 59.9, 86.2, 9.6, 27349.8, 297.3, 5.6, 0.8, 19.9, 252.4, 220.8, 72020.3, 103.1, 37.8, 611.7, 1.5, 6.7
3, 126634, 21/11/2018 18:19:12, 46.5, 57.2, 6.9, 15155.7, 179, 3.3, 0.5, 9, 218.6, 146.5, 49261.8, 83, 31.7, 459.6, 1.3, 5.3
3, 126635, 21/11/2018 18:39:12, 37.6, 38.5, 5.6, 9384.9, 222.2, 6.7, 0.4, 0.4, 127.4, 98.6, 37891.2, 59.3, 29.8, 411.6, 1.8, 5.2
3, 126636, 21/11/2018 19:00:12, 47.8, 55.1, 8.6, 36560.3, 283.2, 9, 0.5, 0, 171.5, 141.1, 75754.9, 89.9, 35.6, 547.8, 5.7, 11.8
3, 126637, 21/11/2018 19:20:13, 23.2, 29.9, 5.2, 5885.5, 91.4, 7.9, 0.4, 0, 159.2, 76.4, 30258.4, 81, 35, 456.5, 14, 4.8
3, 126638, 21/11/2018 19:39:12, 17.6, 22.3, 4, 12698.5, 59.1, 5.4, 0.3, 0, 260.7, 57.2, 25655.7, 118.1, 25.9, 302.6, 14.7, 4.1
3, 126639, 21/11/2018 19:59:12, 28, 41.7, 5.6, 12351.1, 395.7, 3.7, 0.4, 0, 190.6, 106.7, 42442.1, 48.6, 28.1, 411, 7.4, 3.7
3, 126640, 21/11/2018 20:20:12, 21.6, 31.1, 5.4, 15475, 94.5, 3.2, 0.4, 0, 151.1, 79.6, 58590.2, 112.9, 27.6, 386.1, 14.1, 6.9
3, 126641, 21/11/2018 20:40:12, 27.8, 40.6, 6.5, 9220.1, 119.4, 4.1, 0.5, 0, 133.3, 104, 33157.3, 185.1, 29.6, 437.3, 9.8, 10.9
3, 126642, 21/11/2018 20:59:12, 35, 62.5, 7.6, 21153.3, 83.6, 7.2, 0.5, 0.1, 225, 159.9, 78351, 119.8, 33.2, 612.5, 6.3, 14.1
3, 126643, 21/11/2018 21:19:12, 42.1, 58.3, 8.7, 5618, 91.8, 5, 0.6, 0.1, 177.8, 149.1, 71492.4, 84.8, 31.6, 591.6, 8.9, 10.2
3, 126644, 21/11/2018 21:39:17, 32.3, 35.8, 6.4, 3305, 65.9, 8.2, 0.5, 0, 128.1, 91.7, 69646.4, 94.9, 29.4, 496, 9.2, 5.9
3, 126645, 21/11/2018 22:00:17, 35.3, 43, 6, 27377.9, 105.7, 9.6, 0.4, 0, 145.8, 110.2, 61705.6, 99.9, 29.5, 493.3, 7, 8.8
3, 126646, 21/11/2018 22:19:16, 32.9, 41.3, 4.7, 4485.2, 50.8, 5.4, 0.4, 0, 140.2, 105.8, 46669.6, 33.9, 29.8, 554.1, 6.2, 7
3, 126647, 21/11/2018 22:39:17, 27.2, 28.3, 4.1, 6125.6, 67.2, 8.9, 0.3, 0, 97.2, 72.5, 43448.2, 66.7, 27.7, 414.3, 9.7, 2.9
3, 126648, 21/11/2018 23:00:17, 26, 30.1, 4.7, 35812.5, 102.4, 13.7, 0.4, 0, 102.2, 77, 53339, 183.2, 28.9, 512.7, 10.6, 3.8
3, 126649, 21/11/2018 23:19:17, 23.6, 23.9, 3.9, 4511.8, 78.6, 10.5, 0.3, 0, 83.7, 61.2, 36989.9, 98.9, 28.4, 534.5, 12.3, 2.3
3, 126650, 21/11/2018 23:39:17, 21.5, 25, 3.6, 11623, 101.6, 10.9, 0.3, 0, 86.9, 64, 32934.6, 41, 26.3, 421.3, 6.9, 4.9
4, 126579, 21/11/2018 00:00:06, 36.7, 47.2, 7.3, 28585.4, 172.4, 3.1, 0.5, 0, 200.3, 120.9, 46104.4, 229.5, 22.3, 379.3, 1, 8.1
4, 126580, 21/11/2018 00:19:11, 42.6, 76.7, 8.7, 25598.6, 50.9, 1.7, 0.6, 0.2, 225.2, 196.3, 50317.4, 530.7, 45.8, 490.6, 5, 16.6
4, 126581, 21/11/2018 00:40:11, 54.2, 63.6, 11.2, 15383.3, 87.8, 1.9, 0.7, 0.1, 196.8, 162.7, 47793.3, 349.3, 31.3, 473.4, 3.2, 8.4
4, 126582, 21/11/2018 01:00:11, 49.6, 64.8, 9.7, 26502.3, 105.8, 4.9, 0.7, 0.6, 247, 165.9, 99534.4, 354.9, 30.1, 540, 3.2, 8.5
4, 126583, 21/11/2018 01:20:11, 49.8, 60.2, 9.4, 20270.7, 234.6, 1.4, 0.7, 0.5, 271.6, 154.1, 46640.8, 246.6, 23.9, 456.1, 2.5, 7.8
4, 126584, 21/11/2018 01:40:11, 31.9, 35.4, 6.5, 36550.6, 103.1, 1.4, 0.5, 0, 109.6, 90.6, 34926.2, 295.9, 19.5, 347.7, 1.4, 6.5
4, 126585, 21/11/2018 02:00:11, 65.1, 72, 12.2, 44635.4, 267.5, 4, 0.8, 0.5, 215.1, 184.4, 50087, 180.9, 27.7, 575, 1.4, 10.2
4, 126586, 21/11/2018 02:20:11, 33.6, 38.4, 7.3, 20996.4, 295.4, 3.1, 0.5, 0, 133.1, 98.2, 43703.1, 155.6, 21.9, 423.6, 0.7, 5.4
4, 126587, 21/11/2018 02:40:11, 30.5, 33.8, 6.3, 24669.6, 301.9, 4.1, 0.5, 0, 113.7, 86.6, 44527, 135.2, 23.8, 417.3, 5, 5.6
4, 126588, 21/11/2018 03:00:10, 44.9, 57.5, 7.2, 39340.2, 214.5, 4.6, 0.5, 6.4, 166.6, 147.1, 46101.1, 135.8, 26.3, 472.9, 3.5, 5.8
4, 126589, 21/11/2018 03:19:10, 36.7, 48.4, 6.9, 14090.4, 217.4, 2.9, 0.7, 1.7, 260.1, 124, 40710.1, 203.5, 24.9, 467.7, 4.4, 6.6
4, 126590, 21/11/2018 03:39:10, 31.4, 39.9, 7.1, 7324.5, 184.2, 6.5, 0.5, 0, 134.8, 102.1, 39704.6, 135.7, 23.2, 519.7, 0.6, 8.1
4, 126591, 21/11/2018 03:59:11, 58.4, 64.4, 11.8, 12799.3, 200.2, 9.5, 1.1, 0.2, 245.1, 164.9, 82005.4, 205.2, 31.3, 744, 0.9, 11.6
4, 126592, 21/11/2018 04:19:10, 53.6, 53.4, 9, 5758.1, 437, 11, 0.6, 0.3, 236.9, 136.6, 94644.9, 391.3, 25.8, 893.1, 1.8, 5.4
4, 126593, 21/11/2018 04:40:10, 60.4, 62.2, 8.8, 9629.2, 387.4, 6.5, 0.7, 0.2, 277.9, 159.3, 74544.2, 469.2, 28.5, 643.7, 2.4, 4.4
4, 126594, 21/11/2018 04:59:11, 48.4, 89.7, 8.7, 98377.7, 433.2, 11.5, 0.6, 0.2, 449.7, 229.7, 108334.5, 556, 34, 883, 5.3, 35.6
4, 126595, 21/11/2018 05:20:10, 40, 43, 7.3, 32985, 470.6, 19, 0.5, 0, 246.1, 110, 73548.5, 827.2, 27.7, 690.7, 3.2, 8.4
4, 126596, 21/11/2018 05:40:10, 37.9, 41.9, 7.7, 32555.6, 261, 8.7, 0.5, 0.3, 162.7, 107.2, 74453, 569.4, 21.5, 479.7, 1.7, 6.6
4, 126597, 21/11/2018 05:59:10, 53.3, 73, 10.6, 34465.7, 129.8, 3.4, 2.2, 9.5, 294.8, 186.9, 90365.4, 215, 29.7, 741.4, 2, 13
4, 126598, 21/11/2018 06:19:10, 80.8, 111.4, 14.6, 9322.4, 679.2, 6.9, 5.6, 3.6, 333.5, 285.2, 74149.9, 111.5, 29.2, 967, 0.9, 11.1
4, 126599, 21/11/2018 06:40:09, 45.6, 57, 8.9, 1455.9, 524.3, 11.5, 0.5, 0, 184.4, 146, 72841.6, 64.1, 20.7, 651.1, 7.4, 9.4
4, 126600, 21/11/2018 06:59:10, 62.8, 81.3, 13.9, 31513.3, 202.6, 5.9, 0.9, 6.2, 279.8, 208, 48970.5, 138.2, 24.8, 627.6, 19.5, 15
4, 126601, 21/11/2018 07:20:10, 60.3, 73.9, 14.1, 7262.6, 242, 17.4, 1.2, 4.4, 298.7, 189.2, 35827.1, 268.1, 24.8, 521.2, 21, 13.7
4, 126602, 21/11/2018 07:40:10, 68.4, 78.4, 16, 7502.8, 264.6, 18.7, 2.3, 2.8, 302.2, 200.7, 71529, 225.4, 27.1, 594.1, 22.1, 14.1
4, 126603, 21/11/2018 08:00:10, 58.4, 81.9, 12.9, 17472.4, 385.7, 11.6, 0.8, 0.7, 242.7, 209.6, 73407, 135.1, 28.4, 614.8, 13.2, 19.4
4, 126604, 21/11/2018 08:20:09, 62.6, 84.6, 15.3, 5226.8, 377.9, 16.2, 2.6, 1.3, 324.5, 216.6, 33150.4, 201.4, 28.8, 685.9, 21, 21.2
4, 126605, 21/11/2018 08:39:09, 45.1, 65.6, 11.4, 16634.1, 254, 16.3, 0.8, 0.2, 194.7, 167.8, 32867.8, 147.6, 23.9, 591.6, 23.1, 17.1
4, 126606, 21/11/2018 09:00:09, 60.1, 86.6, 14.4, 22409.1, 269.9, 13.1, 1.2, 3, 269.1, 221.8, 65480.9, 177.6, 28.6, 637.9, 16.6, 28.2
4, 126607, 21/11/2018 09:19:10, 56, 73.2, 13.6, 22266.7, 259.7, 11.3, 1.6, 4.1, 301.8, 187.3, 83487.9, 199.2, 24.8, 567.6, 18.1, 17.2
4, 126608, 21/11/2018 09:40:09, 43, 56.6, 10.6, 23494.9, 240.2, 3.4, 0.7, 0.6, 213.1, 144.9, 49385.1, 164.4, 23.5, 489.4, 17, 13.4
4, 126609, 21/11/2018 10:01:09, 62.7, 85.3, 14.7, 26761.2, 222.7, 20, 1.8, 4.4, 423.8, 218.4, 46342.3, 144.5, 33.2, 661.3, 23.5, 15.9
4, 126610, 21/11/2018 10:19:09, 86.7, 120.9, 19.5, 6413.1, 592.5, 10.9, 9.6, 2.7, 407.3, 309.6, 180017.3, 149.4, 40.3, 1052, 18, 16.3
4, 126611, 21/11/2018 10:40:09, 77.1, 112, 18.2, 17466.3, 654.9, 10.8, 4.6, 1.1, 365.9, 286.7, 62225, 163.4, 42.6, 1174.6, 15.5, 18.9
4, 126612, 21/11/2018 10:59:08, 71.1, 102.4, 17.8, 37675.5, 202.8, 23.7, 2.7, 1.5, 321.6, 262, 92957.4, 239.8, 48.5, 1060.2, 17.8, 23.3
4, 126613, 21/11/2018 11:20:09, 54.7, 72.9, 13.5, 11979.8, 211, 11.5, 0.9, 0.3, 281, 186.7, 67846.1, 253, 41.9, 922.9, 19.5, 16
4, 126614, 21/11/2018 11:40:09, 70.5, 96.2, 14.3, 3562.1, 321.6, 18.4, 4.1, 3.9, 421, 246.4, 69228.5, 148.1, 43.2, 1007.6, 14.8, 15.1
4, 126615, 21/11/2018 12:00:09, 70.4, 103.4, 11.7, 21709.5, 298.6, 6.8, 2.4, 2.9, 764.7, 264.6, 72310.4, 139.7, 37.8, 1003, 6.9, 13.1
4, 126616, 21/11/2018 12:20:08, 79.1, 107.9, 12.4, 8426.9, 544.2, 7.7, 4.5, 3, 334.3, 276.1, 72820.8, 117.9, 39.9, 1084.7, 11, 12.3
4, 126617, 21/11/2018 12:40:08, 87.7, 102.4, 12.2, 8846.1, 371.3, 13.7, 4.3, 2.9, 317.2, 262.3, 70726, 136, 38.1, 932.6, 14.4, 11.4
4, 126618, 21/11/2018 13:00:08, 77.7, 107.4, 12.9, 14524.1, 369.9, 15, 4.3, 2, 370.6, 274.8, 41853.7, 93, 39.1, 970.3, 9.3, 12.2
4, 126619, 21/11/2018 13:20:08, 58.6, 78.9, 10.2, 6573.6, 265.5, 11.3, 0.8, 0, 387, 202.1, 34493.6, 672.6, 32.9, 718.8, 13.8, 9
4, 126620, 21/11/2018 13:40:08, 58.6, 78.5, 11.9, 7425.5, 427.6, 35, 1, 0.2, 260.6, 200.8, 81609.7, 624.1, 31.2, 709, 15.7, 10.3
4, 126621, 21/11/2018 14:00:09, 70.4, 86.8, 12.2, 19447.1, 285.1, 12.9, 2.1, 1.8, 281.6, 222.3, 44523.1, 628.3, 32.7, 878.3, 15.5, 12.9
4, 126622, 21/11/2018 14:20:09, 50.5, 58.1, 10.4, 9822.8, 242.7, 18, 0.6, 0, 238.8, 148.7, 33400.7, 1092.6, 26.8, 669, 18.6, 8
4, 126623, 21/11/2018 14:40:07, 52.8, 57.1, 9.7, 7581.5, 349.9, 12, 0.7, 0, 190.5, 146.2, 51183.7, 915.8, 24.7, 513.6, 18.1, 6.8
4, 126624, 21/11/2018 15:00:07, 65.5, 88.1, 11.2, 31541.7, 324.4, 11.1, 1.5, 1.2, 337.6, 225.5, 41011.5, 440.2, 29.8, 673.9, 13.4, 10.7
4, 126625, 21/11/2018 15:19:08, 48.5, 96.9, 9.2, 2656, 199.1, 14.2, 0.6, 0.7, 371.5, 248, 42420.6, 677.9, 33, 711.7, 17.9, 5.5
4, 126626, 21/11/2018 15:39:08, 50.4, 55.9, 9.9, 10892.6, 295.4, 4.2, 0.7, 0.3, 176.2, 143, 55259.6, 644, 28, 597.7, 18.9, 8
4, 126627, 21/11/2018 16:00:07, 55.6, 59.3, 10.4, 46362.6, 337.9, 20.4, 0.6, 0.2, 173.6, 151.9, 58427.3, 732.9, 27.4, 620.3, 17.1, 8.3
4, 126628, 21/11/2018 16:20:07, 49.8, 61.3, 10.6, 10194.5, 271.4, 6.1, 0.7, 0.2, 212.5, 156.9, 61248.1, 759.3, 25.9, 553.9, 17.1, 9.4
4, 126629, 21/11/2018 16:40:02, 41.9, 81.7, 8.9, 6221.6, 135.6, 17.8, 0.7, 0.1, 303.3, 209.1, 33001.1, 854.8, 30.9, 608.6, 17.9, 7.7
4, 126630, 21/11/2018 17:00:03, 49.8, 68.2, 10.3, 24443.3, 178.4, 4.5, 0.6, 7.6, 277.7, 174.5, 78325.6, 572.4, 30.8, 550.1, 14.4, 10.3
4, 126631, 21/11/2018 17:20:02, 51.2, 59.2, 11, 22745.3, 216.8, 14.7, 0.7, 2.9, 195.8, 151.5, 66127.5, 797, 29.1, 531.1, 16.6, 8
4, 126632, 21/11/2018 17:39:17, 51, 55.3, 9.9, 38882.4, 178.2, 9.9, 0.6, 3.8, 187.1, 141.5, 64595, 1341.8, 28.8, 517.4, 17.2, 7.5
4, 126633, 21/11/2018 17:59:17, 64.9, 78.2, 10.5, 31215.8, 385.2, 16.7, 1.6, 1.2, 309.3, 200.2, 54961.4, 309.1, 33.9, 698.5, 15.1, 9
4, 126634, 21/11/2018 18:19:12, 39.9, 42.8, 7.8, 26668.1, 245.3, 1.9, 0.5, 0.1, 142.1, 109.6, 39235.6, 326.9, 26.4, 493.8, 19.3, 6.5
4, 126635, 21/11/2018 18:39:12, 42.6, 45, 7.6, 31027.4, 296.4, 15.1, 0.5, 0.1, 139.9, 115.3, 68778.2, 1186.9, 25.7, 446.9, 19.8, 6.7
4, 126636, 21/11/2018 19:00:11, 46.1, 53.4, 8.5, 60474.4, 202.8, 5.1, 0.5, 0.2, 203.8, 136.6, 68396.3, 463.8, 27.9, 482.8, 20.5, 9.9
4, 126637, 21/11/2018 19:20:12, 33.6, 37, 7.3, 49418.7, 417.5, 0.6, 0.5, 0, 130, 94.8, 54955.9, 186.2, 27.2, 432.6, 19.9, 6.7
4, 126638, 21/11/2018 19:39:11, 23.4, 28.9, 5.3, 19913.9, 195.3, 2.1, 0.4, 0, 213.5, 74, 56520.9, 143.9, 26.2, 399.1, 21.4, 5.1
4, 126639, 21/11/2018 20:00:12, 28.4, 56, 6.7, 60819.4, 175.4, 2.8, 0.4, 0, 282.4, 143.4, 62515.9, 142.9, 28.9, 475.4, 13.4, 9.8
4, 126640, 21/11/2018 20:20:11, 22.8, 33.9, 6.2, 10966.2, 165, 6.9, 0.4, 0, 131.9, 86.9, 39694.9, 157, 26.1, 411.8, 21.6, 7.7
4, 126641, 21/11/2018 20:40:12, 25.6, 34.1, 6.7, 21410.8, 234.7, 3.2, 0.5, 0, 109.3, 87.4, 40257.7, 154.9, 27.3, 414.9, 20.8, 6.8
4, 126642, 21/11/2018 20:59:11, 34.8, 45.8, 7.4, 47375.9, 247.3, 0.7, 0.4, 0.1, 175.1, 117.4, 39439.1, 170.1, 27.4, 435.6, 20.4, 10.1
4, 126643, 21/11/2018 21:19:11, 22.8, 30.9, 6.3, 37523.9, 101.2, 1.3, 0.4, 0, 131.5, 79.2, 44398.6, 207.5, 25.8, 408.5, 22.1, 7.1
4, 126644, 21/11/2018 21:40:11, 19.4, 26.5, 5.6, 39798.7, 72.9, 0.8, 0.4, 0, 103.1, 67.8, 26765.5, 183.2, 22.6, 327.4, 21.6, 7
4, 126645, 21/11/2018 22:00:11, 37.6, 48.9, 9.1, 42813.7, 240.8, 1.2, 0.6, 0.2, 193.7, 125.3, 28399.6, 154.8, 27.4, 473.4, 17.7, 9.9
4, 126646, 21/11/2018 22:19:11, 18.8, 35.4, 4.8, 37205.5, 64.1, 1.1, 0.4, 0, 132.8, 90.6, 27531.1, 176, 21.9, 346.8, 13.6, 7
4, 126647, 21/11/2018 22:40:11, 21, 26.7, 5.4, 40167.6, 52.6, 1.7, 0.4, 0, 106.8, 68.2, 35497.6, 172.9, 21, 364.5, 19.3, 6.2
4, 126648, 21/11/2018 23:00:11, 42.3, 53.5, 9.8, 26372.6, 282.3, 1.7, 0.6, 0.1, 227.1, 136.9, 31818, 154.8, 24.7, 502.2, 18.5, 9.9
4, 126649, 21/11/2018 23:19:11, 20.4, 22.6, 5.2, 30104.5, 116.4, 1.2, 0.4, 0, 75.3, 57.9, 55904.2, 152.8, 19.9, 322.7, 21.7, 5
4, 126650, 21/11/2018 23:39:11, 18, 23.1, 4.5, 42927.5, 67.4, 0.4, 0.3, 0, 83, 59.2, 28035.2, 196.2, 20.6, 311, 23.4, 5.9
