HOST, TIME, SNAP_ID, SYS_CPU, SYS_DBTIME, SYS_SYSPCT, SYS_READ, SYS_WRITE, SYS_REDO, SYS_OSWAIT, SYS_RMWAIT, SYS_ACTSESS_MAX, SYS_ACTSESS_AVG, SYS_PGA, SYS_PXRUNS, SYS_PXQCT, SYS_PXSRVT, SYS_UCALLS, SYS_IOWAIT
1, 11/01/2019 23:59:40, 130067, 45.7, 63, 12.7, 685.4, 393.1, 49.8, 1, 0, 241.7, 161.2, 68807.4, 153.2, 6.9, 212.8, 144.6, 13
1, 12/01/2019 00:19:40, 130068, 47.4, 75.7, 12.2, 7088.4, 474, 52.1, 3.8, 11.5, 367.9, 193.8, 85621.4, 216.8, 13.6, 277, 158.1, 19.9
1, 12/01/2019 00:39:40, 130069, 59.7, 120.3, 13.5, 13590.8, 366.1, 38.4, 10, 41.9, 391.2, 307.9, 68494.6, 299.2, 27.2, 489.1, 133, 7.3
1, 12/01/2019 00:59:40, 130070, 66.1, 97.4, 14.4, 2374, 407.7, 40.1, 1.9, 18.3, 314.9, 249.3, 78073.1, 802.3, 22.3, 383.7, 139.2, 7.3
1, 12/01/2019 01:19:40, 130071, 54.2, 79.4, 13.2, 1327.2, 393, 43.5, 1.2, 11.9, 268.5, 203.3, 74009, 551.6, 20, 360.2, 129.2, 11.1
1, 12/01/2019 01:39:40, 130072, 54.6, 60.3, 13.1, 1151.7, 449, 33.2, 0.9, 0.7, 205.9, 154.3, 39873.8, 569, 16.8, 298.8, 101.6, 9.4
1, 12/01/2019 01:59:39, 130073, 37.6, 83.5, 10.2, 2833.3, 263, 33, 0.8, 0.7, 361.2, 213.7, 42196.4, 716.2, 18.2, 268.6, 93.9, 33.1
1, 12/01/2019 02:19:40, 130074, 44.6, 63.9, 10.6, 1812.2, 341.7, 27.4, 0.8, 0.3, 326.3, 163.5, 45298.1, 780.6, 15, 245.2, 96.1, 6.1
1, 12/01/2019 02:39:40, 130075, 40.5, 43, 9.8, 1351.1, 121.3, 20.5, 0.7, 3.1, 137, 110.1, 24744.2, 692.8, 13.5, 219.6, 82.5, 6.6
1, 12/01/2019 02:59:40, 130076, 16.8, 74.1, 5.5, 938.7, 56.7, 10.4, 0.5, 0.7, 391.2, 189.7, 27932.8, 232.8, 17.2, 330.3, 36.7, 65
1, 12/01/2019 03:19:40, 130077, 31.3, 74.8, 8.6, 1565.7, 157.3, 22.7, 0.7, 1.3, 444.9, 191.4, 29361, 244.6, 15, 287.5, 58.3, 44.3
1, 12/01/2019 03:39:40, 130078, 34.7, 44.7, 9.1, 2737.1, 166.4, 25.3, 0.7, 3.7, 183.1, 114.3, 15900.9, 159.1, 10, 173.5, 70, 10.3
1, 12/01/2019 03:59:40, 130079, 26.8, 42.2, 7.3, 1414.2, 186.1, 23.3, 0.7, 2.3, 222.6, 108, 55924.7, 245.9, 7.5, 105.8, 58.5, 12.1
1, 12/01/2019 04:19:39, 130080, 35.4, 58.6, 8.5, 2822.6, 480.1, 21.9, 0.6, 1.1, 256.1, 150, 48898.4, 245.9, 9, 154.1, 50.1, 7.2
1, 12/01/2019 04:39:39, 130081, 29.2, 33.8, 7.7, 384.5, 474.5, 16.3, 0.6, 0, 146.7, 86.4, 44358.6, 133.8, 5.7, 100.6, 53.2, 8.8
1, 12/01/2019 04:59:39, 130082, 24.9, 46.9, 6.9, 866.2, 351.1, 16.8, 0.6, 0, 210.3, 120.1, 43282.9, 147.5, 5.1, 97.8, 49.8, 25.3
1, 12/01/2019 05:19:39, 130083, 28.9, 43.1, 8.5, 1906.5, 213.3, 28.5, 0.7, 0.3, 203.9, 110.4, 43808.4, 334.5, 5.7, 117.9, 68.9, 7.8
1, 12/01/2019 05:39:39, 130084, 18.5, 24.8, 5.5, 179.7, 188.8, 28.6, 0.5, 0, 87.4, 63.6, 42894.5, 151.2, 3.9, 80.5, 67.2, 5.9
1, 12/01/2019 05:59:39, 130085, 40.7, 70.5, 10.5, 1346, 278.7, 43.8, 0.9, 0, 344.9, 180.5, 52759.1, 136.9, 6.8, 186.9, 77.9, 17.8
1, 12/01/2019 06:19:38, 130086, 31.1, 36.3, 8.8, 249.6, 292, 48, 0.7, 0, 157.2, 93, 13145.9, 177.7, 4.2, 91.6, 89.5, 7.5
1, 12/01/2019 06:39:39, 130087, 20.1, 32.9, 5.9, 891.1, 198.3, 33.8, 0.5, 0, 204.7, 84.2, 10997.6, 162.6, 4.3, 94.2, 65, 4.9
1, 12/01/2019 06:59:39, 130088, 29, 42, 8.8, 57, 280.2, 55, 0.8, 0, 176, 107.4, 10566.1, 115.1, 3, 66.1, 100.5, 15.5
1, 12/01/2019 07:20:38, 130089, 55.1, 67.5, 14.6, 1054.9, 385.2, 66.6, 1.1, 0, 289.1, 172.9, 15687.1, 193.1, 7.3, 151.2, 101.9, 9.8
1, 12/01/2019 07:39:39, 130090, 35.6, 54.8, 9.8, 285.7, 355, 59.2, 0.8, 0, 248.7, 140.2, 10574.2, 134.3, 4.2, 89.4, 88.7, 6.8
1, 12/01/2019 07:59:38, 130091, 44.6, 55.9, 12.7, 6588.8, 359.8, 55.8, 1, 0, 196.1, 143.2, 16697, 123.8, 6.1, 147, 94.9, 15
1, 12/01/2019 08:19:39, 130092, 42.1, 54.7, 11.6, 404.4, 357.7, 56.2, 0.9, 0, 261.4, 139.9, 15603.3, 179.3, 4.4, 94.1, 115, 7.2
1, 12/01/2019 08:39:38, 130093, 37.7, 54.3, 11.1, 1154.5, 261, 35.7, 0.9, 0, 187.3, 139.1, 16581.4, 144.2, 5.4, 105.6, 114, 8.5
1, 12/01/2019 08:59:38, 130094, 25.9, 47.4, 7.7, 16996.3, 215.3, 30.6, 0.7, 0, 175.3, 121.4, 10640.5, 125.1, 4.6, 68.1, 96.7, 16.9
1, 12/01/2019 09:19:38, 130095, 30.9, 56.9, 9.6, 2200.3, 248.3, 40.6, 0.8, 0, 240.7, 145.6, 16452, 223.1, 5.1, 90, 108.6, 12.8
1, 12/01/2019 09:39:38, 130096, 27.9, 45, 9.2, 277, 237.5, 39.5, 0.8, 0, 172, 115.2, 13111, 131.9, 3.1, 58.8, 101.8, 14
1, 12/01/2019 09:59:38, 130097, 33.5, 55.4, 10.1, 310.9, 306.8, 44.6, 0.8, 0.4, 278.5, 141.9, 21733.1, 130.7, 3.9, 85.5, 103.6, 14.5
1, 12/01/2019 10:19:38, 130098, 43.1, 61.1, 11.8, 914.8, 344.5, 39.6, 0.9, 0.3, 252.6, 156.3, 26406.2, 181.8, 5.8, 128.1, 105.3, 18.7
1, 12/01/2019 10:39:37, 130099, 36.5, 55.5, 9.6, 395.9, 355.5, 39.9, 0.8, 0, 244.4, 142.2, 22286.4, 142.3, 4.5, 92.5, 115.3, 16.2
1, 12/01/2019 10:59:38, 130100, 43.4, 51, 11.2, 873.8, 315.8, 51.9, 0.9, 0.2, 192.6, 130.7, 36927.5, 140.5, 5.6, 119, 169.3, 9.6
1, 12/01/2019 11:19:38, 130101, 40.5, 52, 11.4, 191.9, 314.9, 59.5, 1, 0, 241.7, 133.1, 36896.5, 183.8, 4.2, 84.5, 197.4, 5.5
1, 12/01/2019 11:39:38, 130102, 41.9, 37.8, 12.2, 792.8, 352.8, 61.1, 1, 0, 126.9, 96.7, 26682.7, 136.3, 4.1, 83.7, 193, 5.7
1, 12/01/2019 11:59:38, 130103, 40.5, 54.6, 11.2, 790.2, 318.9, 59.3, 0.9, 0.1, 290.3, 139.8, 14781.9, 137.6, 5.2, 109.2, 158.9, 5.8
1, 12/01/2019 12:19:38, 130104, 40.1, 40.5, 11.7, 451.1, 382.8, 57.2, 0.9, 0, 200.5, 103.7, 11291.5, 189.4, 4, 82.9, 173.3, 5.7
1, 12/01/2019 12:39:37, 130105, 37.4, 33.8, 11.8, 2108.5, 329.9, 53, 1, 0, 150.3, 86.5, 15975.9, 221.5, 3.3, 63.2, 163, 6.5
1, 12/01/2019 12:59:37, 130106, 39.9, 43.9, 13.1, 678.5, 320.5, 48.3, 1.1, 0, 159.5, 112.3, 14126.4, 144.2, 3.4, 75.8, 166.3, 12
1, 12/01/2019 13:19:37, 130107, 34.3, 36.2, 12.1, 113.3, 315.4, 48, 1, 0, 202.4, 92.6, 10174.7, 177.4, 2.2, 37.5, 189.9, 6.1
1, 12/01/2019 13:39:37, 130108, 48.2, 45.4, 14.4, 1098.7, 503.9, 44.8, 1.1, 0, 230.9, 116.2, 21019.2, 163, 5.6, 104.4, 177.7, 8
1, 12/01/2019 13:59:38, 130109, 42.6, 35.4, 12.7, 239.2, 549.5, 44.3, 1, 0, 111.2, 90.5, 16903.7, 117.3, 3.6, 53.8, 184, 10.2
1, 12/01/2019 14:19:37, 130110, 43.9, 36.2, 11.8, 835.3, 523.7, 45.5, 1, 0.1, 144.9, 92.6, 17012, 209.5, 4.8, 72.9, 177.6, 7
1, 12/01/2019 14:39:37, 130111, 35.6, 29.3, 10.2, 54, 519, 47.5, 0.9, 0, 141.1, 74.9, 16934.5, 126.5, 3, 36.1, 170.8, 5
1, 12/01/2019 14:59:37, 130112, 39.5, 34.7, 10.2, 942.7, 521.3, 39.4, 0.9, 0.2, 140.9, 88.8, 21910, 145.4, 5.2, 87.7, 110.6, 6.3
1, 12/01/2019 15:19:37, 130113, 34.9, 26.5, 9.1, 323.9, 542, 39.5, 0.8, 0, 97.3, 67.9, 18850, 185.9, 4.3, 60.1, 113.3, 4.1
1, 12/01/2019 15:39:37, 130114, 36.7, 31.4, 9, 1473.6, 509.1, 34.7, 0.7, 0.1, 166.7, 80.4, 21931.7, 165.5, 4.6, 86, 97.7, 4.4
1, 12/01/2019 15:59:37, 130115, 35.9, 29, 7.8, 853.3, 596.5, 29.9, 0.6, 0, 98.5, 74.3, 50959.8, 115.4, 4, 82, 83.5, 4.1
1, 12/01/2019 16:19:37, 130116, 44.7, 35.6, 9.8, 1212.5, 607.2, 33.5, 0.7, 0.4, 117.9, 91.1, 60672.7, 241.2, 5.5, 123.7, 72, 4.3
1, 12/01/2019 16:39:36, 130117, 30.5, 21.2, 6.1, 296.5, 631.5, 24.7, 0.5, 0, 81, 54.3, 56168.2, 127.7, 3.6, 76.3, 54.6, 2.7
1, 12/01/2019 16:59:36, 130118, 24.2, 18.6, 5.4, 1518.9, 584.4, 23.1, 0.5, 0.8, 178.6, 47.7, 62619.1, 188.8, 3.9, 84.9, 54.2, 2.9
1, 12/01/2019 17:19:36, 130119, 37.9, 31.4, 7.7, 878.1, 800.5, 26.2, 0.6, 3, 113.2, 80.4, 53939.7, 220.9, 6.3, 151.7, 48.3, 2.6
1, 12/01/2019 17:39:36, 130120, 33.5, 27.3, 6.7, 1034.4, 733.8, 26, 0.6, 1.9, 164.4, 69.9, 64962.2, 180.2, 5.6, 133.7, 45, 2.5
1, 12/01/2019 17:59:37, 130121, 33.2, 27.6, 7, 925.1, 638.4, 25.4, 0.6, 0.2, 151.3, 70.7, 57478.1, 134, 5.4, 140.4, 43.3, 3.6
1, 12/01/2019 18:19:37, 130122, 27.3, 18.7, 5.3, 303.4, 483.4, 25.8, 0.5, 0, 98.4, 47.8, 61854.1, 184.4, 4, 98, 42.8, 1.6
1, 12/01/2019 18:39:36, 130123, 29.7, 22.5, 6.1, 1457.5, 535.3, 19.4, 0.5, 1.4, 116.4, 57.6, 60564.4, 196, 5.6, 132.8, 38.2, 2.2
1, 12/01/2019 18:59:36, 130124, 27.4, 23.4, 5.8, 819, 519, 19.4, 0.5, 0, 102.8, 59.9, 47065.8, 114.5, 5, 125.2, 38.5, 4.4
1, 12/01/2019 19:19:36, 130125, 23, 17.4, 4.8, 1440.6, 598.5, 14.3, 0.4, 0.7, 112.4, 44.4, 44126.6, 270, 4, 89.7, 36.2, 2
1, 12/01/2019 19:39:36, 130126, 26.1, 20.4, 5.4, 1028, 659.3, 13.8, 0.5, 0, 117.5, 52.2, 46743.9, 144.9, 4, 96.5, 36.9, 2.7
1, 12/01/2019 19:59:36, 130127, 40.7, 46.5, 11.8, 6911.2, 522.6, 15.6, 0.9, 3.7, 195.4, 118.9, 58680.8, 189.3, 9, 245.4, 36.9, 12.4
1, 12/01/2019 20:19:36, 130128, 45.7, 63.6, 13.2, 1332.4, 402.8, 11.9, 0.9, 14.7, 276.5, 162.9, 63273.9, 200, 11.2, 309.8, 29.7, 16.1
1, 12/01/2019 20:40:36, 130129, 38, 45.9, 13.1, 945.8, 361.5, 9.7, 1, 1.9, 217.8, 117.4, 19695.2, 129.8, 8.8, 246.9, 25.2, 18.6
1, 12/01/2019 21:00:35, 130130, 37.3, 57.1, 11.6, 1959.8, 319.9, 9.1, 0.9, 1.1, 258, 146.2, 25372, 178.7, 9.1, 208.4, 27.4, 21.1
1, 12/01/2019 21:19:35, 130131, 38.4, 46.8, 12.4, 1240.5, 334.5, 9.3, 0.9, 0.3, 183, 119.7, 23141, 200.8, 7.8, 209.4, 32.2, 16.3
1, 12/01/2019 21:39:36, 130132, 33.4, 35.7, 11.7, 920.2, 343.3, 10.6, 0.9, 0, 177.5, 91.4, 19316.1, 140.6, 6.2, 167.7, 40.7, 16.1
1, 12/01/2019 21:59:35, 130133, 34, 41.5, 11.5, 964.2, 359.4, 10.6, 0.9, 0.4, 217.6, 106.3, 25479.5, 123.4, 6.9, 180.5, 44.5, 17.9
1, 12/01/2019 22:19:35, 130134, 40.3, 46.5, 12.9, 1543.5, 435.3, 10.3, 1, 0.7, 226, 119.1, 20664.4, 176.5, 8.5, 216.1, 41.5, 17.2
1, 12/01/2019 22:40:35, 130135, 35.4, 40.3, 12.1, 957.1, 459.2, 12.5, 0.9, 0, 218, 103.2, 19308, 132.2, 6.7, 173.3, 48.2, 17.5
1, 12/01/2019 23:00:35, 130136, 45.1, 51, 14.5, 1511, 395.5, 15.2, 1.1, 0.4, 200.3, 130.6, 28463.2, 123.6, 8.4, 236.1, 47.5, 19.2
1, 12/01/2019 23:19:36, 130137, 43.5, 75.1, 14.3, 1166.9, 346.3, 12.7, 1, 0.1, 311.7, 192.2, 23858.3, 183.8, 8, 255, 58.6, 16.5
1, 12/01/2019 23:39:35, 130138, 25.3, 22, 7.5, 656.5, 415.7, 16.8, 0.6, 0, 126.6, 56.3, 17712.9, 146.8, 4.6, 126.9, 86.2, 6.7
2, 12/01/2019 00:00:01, 130067, 55.1, 81.4, 20.8, 911.9, 165.3, 33.6, 4.4, 0.4, 283.5, 208.5, 28793.3, 117.3, 12.1, 307.3, 103.7, 17.7
2, 12/01/2019 00:20:01, 130068, 65.6, 99.5, 23.6, 3373, 224.9, 52.7, 4.7, 10.1, 449.3, 254.8, 27233.1, 116.7, 17.9, 344.7, 143, 21.9
2, 12/01/2019 00:39:00, 130069, 75.3, 154.4, 24.8, 6410.4, 227.9, 42, 4.6, 23, 493.1, 395.2, 33173.1, 122.7, 33.2, 494, 131.3, 18.6
2, 12/01/2019 01:00:01, 130070, 59.7, 132.8, 21.1, 1040.6, 153.5, 22.8, 4.2, 13.3, 391.9, 340, 31472.1, 78.1, 31, 480.7, 102.4, 20
2, 12/01/2019 01:20:01, 130071, 66.9, 129.8, 20.3, 31351.1, 165.6, 23.3, 7.2, 14.9, 425.6, 332.2, 48590.3, 138, 31.7, 530.2, 105.3, 21.4
2, 12/01/2019 01:40:01, 130072, 84, 131.1, 20.5, 71883.5, 163.2, 18.1, 8.8, 19.9, 405.6, 335.7, 38442.3, 132.2, 35.5, 654.6, 76.9, 14.8
2, 12/01/2019 02:00:01, 130073, 54.5, 104.2, 16, 38525.4, 100.7, 17.5, 3.5, 1.9, 360, 266.8, 34120.6, 145.9, 27.4, 475.9, 89.9, 39.5
2, 12/01/2019 02:20:01, 130074, 63.5, 87.5, 19.1, 13689.6, 162.9, 27.1, 5.1, 4.7, 397.5, 223.9, 26798.7, 77, 17.9, 345.4, 159.5, 11.4
2, 12/01/2019 02:40:01, 130075, 56.6, 56.4, 18.6, 2283, 143, 21.2, 3.6, 0.9, 175.6, 144.4, 46151.5, 90, 14.4, 267.8, 137, 13.2
2, 12/01/2019 03:00:00, 130076, 23.5, 67.8, 9.6, 631.4, 79.2, 14.6, 2, 0.5, 315.1, 173.6, 52296.6, 55, 18.9, 395.9, 86.9, 55.9
2, 12/01/2019 03:20:00, 130077, 42, 72.1, 14.9, 2058.6, 145.8, 17.7, 3.2, 6.3, 318.8, 184.6, 52205.7, 99.8, 15.7, 349.5, 117.3, 37.8
2, 12/01/2019 03:40:00, 130078, 49, 53.4, 16.1, 3014.5, 229.1, 11.5, 2.2, 9.4, 172.5, 136.6, 60350.8, 83, 11.8, 262.6, 73.3, 11.5
2, 12/01/2019 04:00:00, 130079, 41.7, 50.3, 13.9, 1605.1, 256.7, 9.8, 2.2, 6.2, 248.6, 128.8, 74960, 33.9, 11.1, 249, 39.5, 14.2
2, 12/01/2019 04:20:00, 130080, 53.2, 53.6, 21.3, 1174.7, 432.2, 11.5, 6.4, 2.1, 245.9, 137.2, 60880.6, 88.2, 10.3, 238.3, 58.4, 10.3
2, 12/01/2019 04:40:00, 130081, 41.7, 34.7, 14.1, 963, 387.5, 9.1, 2, 0, 129.8, 88.9, 58961.6, 85.2, 7.8, 177.5, 36.3, 10.3
2, 12/01/2019 05:00:00, 130082, 29.1, 32.5, 11.7, 678.5, 282, 12.2, 1.6, 0, 173.4, 83.2, 47416.8, 34.1, 7.2, 167.1, 62.5, 17.9
2, 12/01/2019 05:20:00, 130083, 29.9, 27.8, 11.1, 2822.7, 241.2, 10.8, 2, 0.8, 161.9, 71.2, 53582.9, 82.3, 7, 145.4, 50.9, 4.3
2, 12/01/2019 05:40:00, 130084, 16.4, 12.5, 7.5, 295.1, 129.8, 9.7, 1, 0, 82.2, 32, 42182.2, 64.8, 3.3, 56.6, 33.7, 2.8
2, 12/01/2019 06:00:00, 130085, 26.6, 48.3, 10.1, 2396.3, 96.6, 12, 1.5, 0.1, 396.3, 123.8, 46602.2, 231.5, 10.7, 223.5, 32.1, 16.2
2, 12/01/2019 06:19:59, 130086, 15.8, 9.3, 7.9, 235, 71.1, 9.8, 1.4, 0, 46.7, 23.9, 12001.2, 64, 3.4, 63, 28.6, 2
2, 12/01/2019 06:40:00, 130087, 20.8, 38.4, 9, 1979.5, 90.6, 11.5, 1.3, 0.2, 901.5, 98.2, 16995.9, 165.1, 5.3, 102.1, 32.9, 2.7
2, 12/01/2019 06:59:59, 130088, 17.4, 16, 8.1, 295.4, 121, 14, 1.7, 0, 79.5, 41, 12258.2, 65, 4.2, 75, 35.1, 5.8
2, 12/01/2019 07:20:00, 130089, 18.8, 16.7, 8.8, 1947.5, 86.6, 14.4, 2, 0.2, 115.5, 42.7, 12043.6, 183.9, 4.6, 88.9, 29.7, 1.9
2, 12/01/2019 07:39:59, 130090, 13.4, 15.8, 7.3, 70.7, 72.3, 14.6, 1.6, 0, 127.8, 40.4, 12049.8, 86.8, 3.1, 50.1, 31.4, 1.7
2, 12/01/2019 07:59:59, 130091, 22.4, 24.4, 9.9, 2224.5, 120.4, 21.5, 1.8, 0.1, 172.4, 62.4, 12082.2, 207.1, 5, 97.7, 50.3, 6.2
2, 12/01/2019 08:19:59, 130092, 16.5, 18, 8.8, 68, 102.5, 22.5, 1.7, 0, 215.8, 46, 11686.9, 89, 2.1, 20.5, 48.3, 1.8
2, 12/01/2019 08:39:59, 130093, 20.9, 21.8, 9.1, 2365.4, 134.5, 26.1, 1.6, 0.2, 111.4, 55.8, 12133.3, 187.9, 3.5, 47.1, 63.2, 2.1
2, 12/01/2019 08:59:59, 130094, 22.1, 26, 10, 21732.3, 144.9, 32.9, 1.3, 0, 140.9, 66.5, 11528.5, 71, 2.7, 32.3, 74.5, 6.7
2, 12/01/2019 09:19:59, 130095, 27.4, 32.2, 11.3, 1292.9, 179.7, 33.5, 1.8, 0.3, 154.9, 82.4, 12325.4, 155.9, 3.2, 51.8, 69.4, 5.2
2, 12/01/2019 09:39:59, 130096, 20.7, 16.7, 9.5, 158.4, 172.7, 34.4, 2, 0, 73.3, 42.7, 11961.3, 66.1, 2.1, 18.5, 70, 3.5
2, 12/01/2019 09:59:59, 130097, 24.9, 25.3, 10.6, 1902.9, 203.3, 38.1, 1.5, 0, 213.3, 64.7, 15573.7, 150, 3, 44.2, 70, 4.4
2, 12/01/2019 10:19:58, 130098, 21.4, 15.9, 10.2, 787, 165.5, 35.6, 2, 0, 132.6, 40.7, 11467.7, 9573.3, 1.6, 13.3, 58.5, 2.9
2, 12/01/2019 10:39:59, 130099, 18.4, 19.2, 8.8, 36.2, 157.6, 37, 1.4, 0, 198.1, 49, 11418.6, 116.7, 1, 2.2, 56.6, 3.3
2, 12/01/2019 10:59:58, 130100, 27.8, 28.5, 10.9, 2423.1, 308, 36.4, 1.3, 0.1, 123.5, 73.1, 16007.1, 178.6, 3.7, 68.5, 55.7, 7.4
2, 12/01/2019 11:19:58, 130101, 27, 29.4, 11, 975.8, 192.6, 36.7, 2.2, 0, 136.5, 75.3, 11586.2, 65.9, 2.6, 53.3, 54.3, 3.5
2, 12/01/2019 11:39:58, 130102, 18.2, 9.5, 8.9, 39.8, 155.8, 35.7, 3, 0, 39.5, 24.2, 11757, 64, 1, 2.1, 54.5, 2.9
2, 12/01/2019 11:59:59, 130103, 25.2, 30, 10.6, 7930.6, 199.8, 38.6, 2.5, 0.1, 204.2, 76.9, 17791, 193, 3, 58.3, 53.8, 4.6
2, 12/01/2019 12:19:59, 130104, 24.3, 17.9, 10.7, 319.1, 221.4, 42, 3.1, 0, 108.7, 45.8, 18585.4, 70.3, 2.8, 58.2, 54.9, 3.2
2, 12/01/2019 12:39:58, 130105, 22.8, 14, 9.6, 399.6, 206.4, 41.5, 2.5, 0, 89.8, 35.8, 22611.7, 70.2, 3.1, 57.4, 49.1, 3.1
2, 12/01/2019 12:59:58, 130106, 23.6, 17.2, 10.2, 402.5, 233.4, 40.1, 2, 0, 73.3, 43.9, 21106.9, 79.9, 3.4, 52.9, 49.1, 3.9
2, 12/01/2019 13:19:58, 130107, 21.6, 18.9, 9.5, 148, 180.5, 33.6, 1.9, 0, 173.1, 48.4, 11909.5, 80.9, 2.5, 20.5, 48, 2.9
2, 12/01/2019 13:39:58, 130108, 29.7, 21.2, 10.8, 1408.6, 458.3, 30.3, 1.9, 0.1, 155.1, 54.3, 21838.1, 5248.2, 2.9, 38.3, 59.4, 3.4
2, 12/01/2019 13:59:58, 130109, 28.2, 14.8, 9.9, 439, 578.6, 28.9, 1.5, 0, 57.2, 37.8, 26238.7, 10636.9, 2.3, 21.7, 45.1, 4.8
2, 12/01/2019 14:19:58, 130110, 34.3, 20.4, 11.9, 1707.3, 563.6, 30.2, 2.4, 0.1, 89.5, 52.2, 25503.4, 10937, 3.2, 50.1, 52.3, 4.8
2, 12/01/2019 14:39:58, 130111, 33, 18.6, 11.1, 305.2, 583.7, 32.7, 2.7, 0, 93.8, 47.6, 22212.7, 9319.2, 2.3, 25.4, 71.2, 3.4
2, 12/01/2019 14:59:58, 130112, 32.1, 17.2, 11.3, 2197.9, 564.1, 32.9, 2.1, 0, 71.7, 44.1, 20385, 12058.9, 2.7, 30.1, 74.1, 3.6
2, 12/01/2019 15:19:58, 130113, 26.5, 10, 10.6, 35.5, 544, 30.5, 2, 0, 45.1, 25.5, 20293.3, 9802.8, 1.1, 2.1, 71, 2.5
2, 12/01/2019 15:39:58, 130114, 33.1, 19.4, 11.7, 1746.8, 575.3, 36.2, 2.2, 0, 108.1, 49.8, 20662.8, 11853.4, 2.6, 32.9, 96.7, 3
2, 12/01/2019 15:59:58, 130115, 41.3, 25.3, 12.9, 838.4, 675.8, 38, 2.6, 0.1, 103.6, 64.8, 44202.9, 12431.3, 2.8, 47.4, 108, 4
2, 12/01/2019 16:19:58, 130116, 52.3, 36.6, 15.4, 2363.8, 677.2, 32.2, 5.1, 2, 145.3, 93.7, 74963.3, 10699.4, 5.3, 113.3, 97.9, 3.5
2, 12/01/2019 16:39:57, 130117, 46.5, 29.8, 13.6, 486.5, 678.6, 23.7, 3.7, 0.3, 92.7, 76.3, 73945.7, 10542.5, 4.2, 82.1, 73.6, 3.5
2, 12/01/2019 16:59:57, 130118, 42.3, 30.7, 11.2, 481.8, 704.7, 16.2, 2.4, 3.3, 167.2, 78.7, 74573.9, 10372.2, 5, 104.5, 48.4, 2.5
2, 12/01/2019 17:19:57, 130119, 41.4, 31.6, 11.1, 875.3, 621.8, 12.9, 2.5, 3, 115.7, 80.9, 66725.3, 11863.7, 5.2, 119.7, 34.7, 3.4
2, 12/01/2019 17:39:57, 130120, 38.5, 28.2, 9.9, 1328.5, 659.7, 11.7, 1.8, 3.1, 121.3, 72.1, 67688.8, 11338, 4.6, 99.7, 30.9, 2.7
2, 12/01/2019 17:59:57, 130121, 39.9, 29.5, 10.6, 1609.9, 691.9, 10.3, 2.4, 1, 113, 75.4, 73945.2, 11016.4, 5.2, 102.2, 28.7, 4.3
2, 12/01/2019 18:19:57, 130122, 41, 28.3, 10.4, 456.6, 506.6, 9.3, 3.1, 1.4, 85.3, 72.4, 73961.1, 14682.8, 4.2, 81.3, 24.4, 3.5
2, 12/01/2019 18:39:57, 130123, 40.9, 34.1, 10, 1224.1, 518.3, 8.3, 2.7, 8, 126.6, 87.2, 67441.7, 15233.6, 6.6, 132.4, 23.9, 2.3
2, 12/01/2019 18:59:57, 130124, 30.4, 18.3, 8.8, 630, 600, 8.6, 1.8, 0.2, 78.5, 46.9, 66151.1, 13717.4, 4.6, 91.2, 24.6, 3.3
2, 12/01/2019 19:19:57, 130125, 31.1, 17.4, 9.1, 616.6, 839.5, 8.2, 1.9, 0.5, 78.2, 44.6, 67648, 14646.1, 5.4, 100.2, 26.2, 1.3
2, 12/01/2019 19:39:57, 130126, 30.8, 17, 9.5, 614.2, 885.7, 12.8, 1.6, 0, 59.2, 43.5, 66706.3, 13229.1, 4.8, 90.9, 48.3, 1.8
2, 12/01/2019 19:59:57, 130127, 42.8, 34.3, 12.3, 755.2, 481.8, 13.2, 2.7, 1.3, 120.2, 87.9, 75624.4, 13242.2, 7, 147.9, 43.6, 4.2
2, 12/01/2019 20:19:57, 130128, 40.1, 35.6, 10.9, 2526, 481.3, 7.7, 2.2, 4.9, 151.7, 91.1, 60961.4, 12797.3, 7.2, 163.7, 22, 4
2, 12/01/2019 20:39:56, 130129, 28.9, 20, 7.8, 651.6, 471.7, 8.3, 1.1, 0.3, 111.3, 51.1, 22417.4, 16205.7, 4.3, 86.3, 21.9, 1.7
2, 12/01/2019 20:59:57, 130130, 30.2, 36.7, 8.7, 1402.8, 637.6, 8.7, 1.4, 4.7, 163.2, 94, 75052.3, 17981.7, 6, 128.8, 33.4, 7.2
2, 12/01/2019 21:19:57, 130131, 44.4, 40.3, 12.8, 1524.1, 693.4, 12, 2.4, 2.3, 152.3, 103.1, 71940.6, 16845.3, 6, 129.5, 59.7, 2.9
2, 12/01/2019 21:39:56, 130132, 44.8, 34.9, 12.6, 692.5, 829.4, 14.5, 2.9, 1.4, 110.4, 89.4, 52408.9, 15903.8, 5.2, 114.1, 71.7, 4.4
2, 12/01/2019 21:59:56, 130133, 42, 38.1, 11.6, 1988.7, 597.6, 12.6, 2.7, 5, 161.5, 97.6, 61546.1, 15379.6, 6.2, 144.1, 54, 6.3
2, 12/01/2019 22:19:57, 130134, 46.2, 39.2, 12.6, 1985.9, 646.3, 8.8, 2.6, 2, 142.2, 100.3, 56339.2, 14653.5, 5.9, 149.2, 36.2, 5.9
2, 12/01/2019 22:40:57, 130135, 32.2, 26.1, 9.5, 555.2, 560.6, 8.4, 1.6, 0.1, 146.9, 66.9, 30544, 20156.7, 4.1, 96.4, 16.7, 6.3
2, 12/01/2019 22:59:56, 130136, 47.1, 47.1, 13, 3196.1, 657.3, 15.8, 2.4, 8.4, 192.3, 120.6, 46912, 14425.1, 12.5, 245.1, 62.8, 6.1
2, 12/01/2019 23:19:56, 130137, 40.3, 53.4, 12.3, 1076.3, 703.8, 18.3, 2.2, 6.6, 229.5, 136.7, 40778.4, 19525.6, 10.2, 173, 75.8, 4.3
2, 12/01/2019 23:39:56, 130138, 42.5, 37.7, 11.7, 1879.9, 758.9, 23.4, 1.8, 7.1, 118, 96.6, 43710.1, 15046.3, 9.2, 149, 90.9, 3.4
3, 11/01/2019 23:59:08, 130067, 28.9, 51.3, 7, 21503.4, 46.5, 2.9, 0.5, 1.3, 249.3, 131.4, 47006.4, 396.6, 23.8, 292.1, 2.4, 7
3, 12/01/2019 00:20:08, 130068, 43.5, 112.1, 9.3, 16940.7, 40.5, 1.1, 0.6, 5.4, 338.8, 287, 55151.9, 1103, 58.1, 456.3, 5, 25.9
3, 12/01/2019 00:39:07, 130069, 54.9, 131.5, 9.5, 4614.7, 47.8, 6.8, 0.7, 2.2, 391.1, 336.5, 62087.6, 489.6, 49.8, 519.8, 1.6, 5.2
3, 12/01/2019 01:00:08, 130070, 44.7, 98.7, 8.6, 21803.8, 253.6, 30.5, 0.7, 0.9, 412.6, 252.8, 51834.5, 451.1, 41.2, 499.1, 1.5, 6.7
3, 12/01/2019 01:19:08, 130071, 55.8, 85.2, 10, 5800.1, 358.9, 16.2, 0.6, 7.8, 303.6, 218, 40995.6, 391.1, 37.5, 441.2, 6.4, 6.3
3, 12/01/2019 01:40:08, 130072, 36.1, 60.3, 6.9, 6370, 152, 10, 0.5, 11.2, 258.1, 154.4, 30111.6, 302.5, 26.8, 379.1, 7.1, 5.1
3, 12/01/2019 02:00:08, 130073, 33.5, 62.8, 7.1, 21209.4, 163.1, 5.2, 0.5, 10.5, 223.2, 160.7, 78435.3, 413.6, 27.1, 388, 3, 12.3
3, 12/01/2019 02:20:07, 130074, 33.9, 61.7, 7.7, 3317.5, 384.1, 2.1, 0.5, 16.1, 243.1, 157.8, 40348.9, 454.3, 26.5, 460.4, 2.5, 4.3
3, 12/01/2019 02:39:13, 130075, 22.6, 40.2, 5.7, 950.4, 198.6, 2.4, 0.4, 7.4, 139.6, 103, 27009.8, 304.6, 21.6, 224.5, 3.7, 6.4
3, 12/01/2019 03:00:12, 130076, 32.7, 92, 7.4, 92802.9, 177.3, 11.7, 0.4, 11.2, 371.2, 235.5, 39787.3, 501.4, 28.4, 431.5, 2.3, 50.3
3, 12/01/2019 03:19:13, 130077, 28.3, 79.7, 6.6, 76502.7, 182.8, 17.6, 0.4, 10.8, 308.1, 204.1, 36778.4, 420.9, 27, 401.5, 2.6, 38.8
3, 12/01/2019 03:39:13, 130078, 28.1, 41.5, 6.5, 1772.3, 152.1, 5.5, 0.5, 9.4, 184.9, 106.2, 36529, 331.5, 23.4, 337.8, 2.5, 4.6
3, 12/01/2019 03:59:12, 130079, 55.3, 73.4, 11.5, 20846.2, 126.4, 5.2, 0.8, 8.5, 275.5, 187.9, 75587.2, 5088, 30.3, 531.4, 1.3, 8
3, 12/01/2019 04:20:12, 130080, 48.2, 69.5, 10.8, 9851.3, 306.1, 7.9, 6.4, 9.7, 394.5, 177.8, 86007.9, 5698.2, 32.2, 819, 2, 6.4
3, 12/01/2019 04:40:12, 130081, 31.8, 38.5, 7.9, 6336, 395.1, 6.9, 0.6, 0.1, 128.3, 98.5, 63433.6, 5755.3, 28.6, 790.7, 3.5, 7
3, 12/01/2019 04:59:12, 130082, 36, 47.8, 8, 32667.5, 416.2, 6.1, 0.6, 2.6, 161, 122.3, 54629, 5378, 27.2, 484.6, 3.7, 12.2
3, 12/01/2019 05:19:12, 130083, 26.2, 31.7, 7, 6263.6, 237.3, 10.8, 0.5, 0.3, 101.5, 81.3, 66004.9, 1007.4, 21.9, 330.1, 4.1, 6.3
3, 12/01/2019 05:39:12, 130084, 55.7, 71, 12, 6617.8, 434.7, 13.7, 0.7, 2.2, 266.1, 181.8, 91479.7, 664.9, 22.9, 439.9, 2.9, 8.6
3, 12/01/2019 05:59:12, 130085, 54.6, 85.7, 9.8, 21712.4, 485.7, 6.6, 0.7, 16.9, 262, 219.3, 67497.2, 554.2, 28.5, 537.8, 0.8, 9.3
3, 12/01/2019 06:19:11, 130086, 35, 52.7, 6.5, 3706.3, 248.5, 3.2, 0.5, 8.8, 186.8, 135, 48960.2, 7855.9, 21.8, 369.8, 0.4, 6.2
3, 12/01/2019 06:39:12, 130087, 29.3, 48.3, 7, 4615.8, 49.7, 1.8, 0.5, 8.3, 156.6, 123.7, 35438.1, 358.3, 20.7, 325.9, 0.4, 7
3, 12/01/2019 07:00:12, 130088, 31.7, 54.1, 6.9, 22803, 214.7, 0.9, 0.5, 13.3, 203.5, 138.5, 30642.3, 539.3, 24.7, 393.6, 0.8, 6.5
3, 12/01/2019 07:20:12, 130089, 33, 56.5, 7, 4443.9, 163.5, 23.1, 2.1, 12.2, 356, 144.5, 112969.8, 548.7, 24.7, 386.2, 1, 5.9
3, 12/01/2019 07:39:12, 130090, 42.6, 78.4, 9.2, 1744.2, 251.1, 23, 1.1, 12, 311.6, 200.6, 101045.6, 315.2, 31.6, 673, 0.8, 6.9
3, 12/01/2019 07:59:11, 130091, 64.6, 126.8, 12.9, 18336.4, 487.1, 36.7, 2.2, 28, 593.6, 324.5, 60112.8, 564.6, 41.9, 1207.6, 0.7, 10.3
3, 12/01/2019 08:20:11, 130092, 46.8, 82, 10, 25406.1, 364.4, 38.8, 1.3, 7.9, 321.9, 209.8, 50239.6, 510.1, 42.7, 1044.8, 1.1, 8.7
3, 12/01/2019 08:39:11, 130093, 57, 109.7, 11.7, 2429.2, 361.1, 29.3, 3.9, 17, 522, 280.8, 46161, 392.6, 41.8, 1081.8, 2.9, 9.1
3, 12/01/2019 09:00:12, 130094, 45.9, 83.6, 10.7, 23294.2, 315.6, 30.4, 0.8, 3.5, 407.4, 214.1, 68905.3, 527.8, 32.3, 930.9, 2.7, 14.4
3, 12/01/2019 09:20:11, 130095, 35.9, 56, 8.6, 2837.1, 222.3, 25.2, 0.6, 0.2, 277.6, 143.3, 47339.2, 537.6, 26.1, 760.1, 1.8, 8.8
3, 12/01/2019 09:40:11, 130096, 49.6, 78.4, 10.8, 6176.9, 227.2, 24.3, 0.7, 0.9, 459.3, 200.8, 32777.5, 447.3, 25.6, 666.7, 0.8, 10.6
3, 12/01/2019 09:59:10, 130097, 48.1, 61.6, 11, 22697.5, 352.4, 14.1, 0.7, 2.3, 228.7, 157.8, 42167.8, 783.1, 28.5, 786.3, 2.5, 10.6
3, 12/01/2019 10:19:16, 130098, 38.7, 51.4, 9.4, 5262.7, 290, 21.7, 0.7, 1.6, 224.6, 131.5, 61789.9, 1458.1, 26.6, 640.4, 4, 9.3
3, 12/01/2019 10:40:16, 130099, 40.6, 55.2, 9.5, 5157.4, 353.8, 14.8, 0.6, 1.6, 186.8, 141.2, 55407.8, 1057.9, 26.3, 589.2, 2.2, 11.1
3, 12/01/2019 11:00:16, 130100, 57, 70.7, 11, 8538.4, 343.2, 12.7, 1.3, 4.3, 233.7, 181, 68321.3, 907.2, 23.3, 723, 1.2, 9.6
3, 12/01/2019 11:19:15, 130101, 46.2, 65.3, 9.8, 1169.1, 488.9, 12.4, 0.7, 0.2, 353.6, 167.3, 61534.9, 933.9, 19.7, 672.8, 1.2, 9.2
3, 12/01/2019 11:40:16, 130102, 36.2, 40.4, 8, 1580.5, 255.3, 11.6, 0.6, 0.1, 137.7, 103.5, 74541.2, 1264.6, 14.7, 380.3, 1.5, 6.3
3, 12/01/2019 11:59:15, 130103, 36.6, 49.5, 7.2, 18817.8, 256.8, 10.7, 0.5, 0.4, 259.8, 126.6, 77194.3, 1174.5, 15, 487.6, 1.4, 5.4
3, 12/01/2019 12:19:16, 130104, 31, 37.7, 6.3, 2184.1, 248.6, 8, 0.5, 0, 176.4, 96.5, 43864.3, 1104.6, 14.6, 469.3, 1.4, 5.5
3, 12/01/2019 12:39:15, 130105, 18.6, 22.8, 4.7, 4039.8, 143.8, 6.9, 0.4, 0, 98.3, 58.4, 20569.3, 1299.5, 12.9, 370.8, 2.7, 4.9
3, 12/01/2019 12:59:16, 130106, 38.4, 42.1, 7.4, 17807.5, 277, 3.6, 0.6, 0.9, 259.7, 107.8, 38900.1, 1427.6, 13.5, 452.6, 2.7, 5.1
3, 12/01/2019 13:20:15, 130107, 27.6, 29.3, 5.6, 960.1, 260.3, 0.5, 0.4, 0, 127.8, 75, 11179.6, 1299.4, 8.6, 277.1, 3.6, 3.8
3, 12/01/2019 13:40:16, 130108, 34, 40.4, 7.2, 1737.7, 577.8, 3, 0.5, 0, 260.1, 103.5, 38115.1, 1143.7, 10.8, 298.8, 1.3, 4.2
3, 12/01/2019 14:00:15, 130109, 43.6, 41.5, 7.7, 23729.2, 541.8, 4.8, 0.5, 0.1, 153.3, 106.3, 39714.9, 1529.7, 9.6, 285.9, 1.8, 6.8
3, 12/01/2019 14:19:20, 130110, 26, 22.4, 5.6, 3245.6, 612.9, 3.7, 0.4, 0, 108.2, 57.2, 19884.3, 1021.5, 8.3, 208.8, 1.3, 3.5
3, 12/01/2019 14:39:20, 130111, 19.5, 13.1, 3.8, 897.1, 470.7, 2.5, 0.3, 0, 48.6, 33.4, 20811.5, 523.7, 8, 145.5, 0.7, 3.2
3, 12/01/2019 14:59:20, 130112, 31.9, 22.9, 5.3, 18539.3, 584.2, 4.4, 0.5, 0, 107.1, 58.5, 29286.3, 1505.1, 7.8, 176, 1.6, 3
3, 12/01/2019 15:19:20, 130113, 20, 10, 3.5, 1120.7, 465, 1, 0.3, 0, 54, 25.7, 27954.6, 333.1, 6.1, 103.2, 0.5, 1.5
3, 12/01/2019 15:39:19, 130114, 21.8, 12.1, 3.4, 1689.4, 469.1, 2.3, 0.3, 0, 56.6, 31, 19135.7, 317.3, 5.9, 91.5, 0.4, 1.6
3, 12/01/2019 15:59:20, 130115, 27.9, 18.4, 4.3, 20893.2, 590.3, 1.8, 0.4, 0, 122.9, 47.2, 16528.1, 392.5, 5.5, 118.4, 0.4, 1.9
3, 12/01/2019 16:19:25, 130116, 14.1, 4.1, 2.2, 4104.7, 481.1, 0, 0.2, 0, 20.6, 10.6, 16458.4, 374.2, 3.2, 34.3, 0.3, 0.6
3, 12/01/2019 16:39:24, 130117, 14.1, 5.5, 2.1, 3801.5, 480.6, 0.9, 0.2, 0, 25, 14.1, 16997.5, 318.9, 3.8, 43.4, 0.3, 0.6
3, 12/01/2019 16:59:25, 130118, 24.6, 14.1, 3.8, 17313.1, 599.4, 0.2, 0.3, 0.1, 121.8, 36.2, 17715, 384.6, 5.3, 105.6, 0.3, 1.2
3, 12/01/2019 17:19:24, 130119, 14.2, 4.1, 2.2, 5131.8, 495.2, 2.3, 0.2, 0, 26.8, 10.6, 17929.6, 340.5, 3.5, 71.1, 0.3, 0.6
3, 12/01/2019 17:39:24, 130120, 13.5, 3.3, 2.1, 5061.7, 485.1, 0.1, 0.2, 0, 30, 8.4, 19566.1, 299.8, 3, 86.3, 0.3, 0.6
3, 12/01/2019 17:59:24, 130121, 21.5, 10.9, 3.5, 18043.3, 522, 0.2, 0.3, 0, 62.1, 27.9, 28207.8, 381.8, 4.7, 93.3, 0.3, 1.3
3, 12/01/2019 18:19:24, 130122, 15.9, 5.8, 2.7, 4816.2, 482.9, 0.1, 0.2, 0, 28.3, 14.9, 18672.4, 346.2, 5, 57.1, 0.3, 0.8
3, 12/01/2019 18:39:24, 130123, 19.8, 9.7, 2.8, 5016, 462.9, 0, 0.3, 0, 54.6, 24.9, 18870.8, 288.4, 5, 86.6, 0.3, 1.5
3, 12/01/2019 18:59:24, 130124, 25.6, 16.6, 4.3, 13929.4, 468.1, 3.2, 0.3, 0, 90.9, 42.5, 20261.1, 353.6, 9.2, 219.9, 0.8, 2.5
3, 12/01/2019 19:19:24, 130125, 21.1, 11.8, 4.3, 5357.1, 739, 0.5, 0.3, 0, 44.8, 30.2, 19842.3, 400.4, 11.1, 182.1, 0.4, 3.1
3, 12/01/2019 19:39:24, 130126, 16.9, 6.9, 2.9, 4940.4, 574.4, 1.3, 0.3, 0, 37.8, 17.6, 19391.4, 308.9, 8.8, 103.8, 0.6, 1.3
3, 12/01/2019 19:59:23, 130127, 25.9, 15.1, 4.5, 22449.9, 661.5, 1.8, 0.3, 0, 113.9, 38.7, 17546.5, 354.1, 5.1, 100.6, 3, 2
3, 12/01/2019 20:19:24, 130128, 15.1, 5.6, 2.7, 3288.1, 540.9, 3.6, 0.2, 0, 43.7, 14.4, 17650.1, 385.9, 4.5, 82.1, 3.1, 1.3
3, 12/01/2019 20:40:24, 130129, 16, 6.8, 3.4, 2904.9, 481.1, 0.2, 0.3, 0, 27.3, 17.4, 20175.4, 294.7, 4, 49.1, 2, 2
3, 12/01/2019 21:00:24, 130130, 36.5, 38.8, 6.7, 33330.1, 343.8, 3.2, 0.5, 0.2, 131.7, 99.3, 39558.6, 426.7, 7.7, 199.3, 1.8, 4.6
3, 12/01/2019 21:19:23, 130131, 31.1, 25.9, 5.8, 5975.3, 359.6, 0.4, 0.5, 0.1, 125.7, 66.3, 44606.1, 428.8, 7.5, 214.8, 1.6, 1.1
3, 12/01/2019 21:39:24, 130132, 14.9, 4.4, 2.4, 149.8, 465.6, 0.2, 0.2, 0, 29.2, 11.3, 33435.2, 264.9, 4.8, 114.8, 1.6, 0.7
3, 12/01/2019 21:59:24, 130133, 24.6, 15.1, 4.1, 19031.5, 565.6, 1.1, 0.3, 0, 132.8, 38.6, 17554.2, 286.6, 4.5, 106.9, 1.3, 2.1
3, 12/01/2019 22:20:23, 130134, 14, 4.9, 2.3, 5456.5, 598.2, 1.2, 0.2, 0, 37.9, 12.5, 23419, 443.3, 3.4, 47.2, 1.2, 0.8
3, 12/01/2019 22:40:23, 130135, 12.6, 3.2, 2, 4397.1, 640.8, 0.2, 0.2, 0, 25.8, 8.3, 17324.2, 290.4, 4.1, 94.8, 1.7, 0.5
3, 12/01/2019 23:00:23, 130136, 16.9, 7.6, 2.9, 22185.4, 565.5, 0.8, 0.3, 0, 65.5, 19.5, 17299.1, 310.9, 3.3, 63.4, 1.6, 1.7
3, 12/01/2019 23:19:23, 130137, 18.7, 10.3, 3.7, 5965.2, 458, 1.6, 0.3, 0, 65.3, 26.3, 17907.7, 490.6, 4.1, 64.7, 1.8, 1.3
3, 12/01/2019 23:39:23, 130138, 14.7, 1335.3, 2.7, 4227, 465.3, 0.7, 0.2, 0, 68064.2, 3418.3, 17510.9, 314.3, 4.5, 46.4, 1.8, 1.4
4, 11/01/2019 23:59:55, 130067, 34, 50.4, 7.4, 14266.9, 310.2, 1.8, 0.6, 0.9, 265.9, 129, 22202.8, 214.6, 21.2, 365.2, 0.3, 4.7
4, 12/01/2019 00:19:55, 130068, 33.7, 101.8, 7.3, 14232, 175.4, 3.5, 0.5, 0.2, 306, 260.6, 26371.9, 209, 58.8, 503.8, 2.4, 10.8
4, 12/01/2019 00:39:55, 130069, 48.2, 105, 9.3, 5095.6, 183.3, 2.4, 0.6, 2, 297.8, 268.7, 48295.6, 476.3, 59.9, 490.7, 5.5, 4.1
4, 12/01/2019 00:59:55, 130070, 46, 100.9, 9, 15725.1, 217.7, 4.1, 0.6, 3.3, 293.5, 258.3, 56075.7, 175.1, 54.7, 519.4, 6.1, 6.5
4, 12/01/2019 01:19:55, 130071, 38.7, 88.5, 7.5, 5307.4, 210.4, 1, 0.6, 2.7, 279.4, 226.5, 55963.1, 109.9, 50.9, 506.8, 3.4, 7
4, 12/01/2019 01:39:55, 130072, 29.8, 59, 6.7, 5380.9, 159.9, 1, 0.5, 1.8, 190.2, 151.1, 30825.7, 86, 36.9, 350.7, 3.6, 6.4
4, 12/01/2019 01:59:55, 130073, 31.1, 48.5, 7, 13729.3, 224.5, 2, 0.5, 0.3, 186, 124.1, 31150.5, 141.7, 28.6, 493.7, 2, 11.1
4, 12/01/2019 02:19:54, 130074, 24.9, 30, 5.5, 2126.6, 148.1, 1, 0.4, 0.1, 112.5, 76.8, 30166.4, 103.1, 16.6, 283.4, 3.8, 4.9
4, 12/01/2019 02:39:54, 130075, 23.6, 24.2, 6.5, 7680.6, 81.4, 1.6, 0.5, 0, 87.3, 62, 29693.4, 92.8, 17.8, 289.3, 4.9, 6.7
4, 12/01/2019 02:59:54, 130076, 42.1, 81, 9.8, 73613.4, 265.9, 8.4, 0.6, 0.6, 328.8, 207.4, 86819, 197.2, 24.8, 622.2, 2.3, 46.1
4, 12/01/2019 03:19:55, 130077, 32.7, 70.1, 7.7, 60345.1, 186.6, 8.7, 0.6, 1.2, 311.3, 179.5, 53194.8, 118.9, 23.9, 479.8, 3.5, 41.4
4, 12/01/2019 03:39:54, 130078, 25.6, 29.7, 6.2, 3950.7, 135.6, 4.1, 0.5, 1.2, 118.7, 76.1, 21277.7, 203.5, 20.4, 368.4, 5.6, 5.3
4, 12/01/2019 03:59:54, 130079, 47.1, 55.6, 10.2, 18445, 372.3, 4.6, 1.6, 2.8, 261.8, 142.4, 65182.9, 403.7, 26.9, 559.1, 4.2, 9.5
4, 12/01/2019 04:19:54, 130080, 58, 54.6, 10.5, 7059.7, 562.6, 9, 1.1, 2.1, 243.5, 139.7, 75401.8, 364, 33.2, 589.3, 3.1, 4.8
4, 12/01/2019 04:39:54, 130081, 71.3, 71.8, 11.1, 6994.9, 429.6, 8.3, 0.9, 11.8, 224.7, 183.7, 82766.7, 275.3, 41.8, 656.2, 1.8, 3.3
4, 12/01/2019 04:59:55, 130082, 49.8, 49.3, 9.4, 17002.3, 524.4, 3.6, 0.6, 2.7, 206.1, 126.3, 79152.2, 216.9, 29.7, 529.2, 2.4, 7.6
4, 12/01/2019 05:19:54, 130083, 44.5, 37.2, 7.4, 1030.7, 493.9, 3, 0.5, 0.3, 124.5, 95.2, 79183, 88.9, 23.5, 478, 3.4, 2.8
4, 12/01/2019 05:39:54, 130084, 59.1, 54.5, 11.5, 2712.9, 477.6, 9.8, 0.8, 0.1, 196.5, 139.4, 106590.7, 83, 26.1, 657.3, 4.6, 6.8
4, 12/01/2019 05:59:54, 130085, 42.4, 46.2, 8.7, 13364.6, 551.2, 19.3, 0.6, 0, 218.9, 118.3, 72960, 142.3, 26.6, 590.8, 6.5, 5.6
4, 12/01/2019 06:19:54, 130086, 25.8, 27, 6.5, 2438.1, 282, 26.4, 0.5, 0, 101.2, 69.2, 23410.1, 145.6, 20, 385.1, 6.4, 5.9
4, 12/01/2019 06:39:54, 130087, 45, 45.3, 8.9, 1876.1, 517.6, 12.6, 0.5, 0.1, 183.1, 115.8, 76803.2, 79.2, 21.6, 582.1, 3.8, 5.3
4, 12/01/2019 06:59:53, 130088, 44.4, 50.8, 10.7, 20598.9, 270.9, 11.2, 0.7, 0, 202.6, 130.1, 49202.9, 132, 21.5, 586.9, 2.5, 12.8
4, 12/01/2019 07:19:53, 130089, 30, 33.9, 5.7, 2355.6, 212.2, 5.5, 0.4, 0.7, 191.6, 86.7, 68347.3, 139.4, 18.4, 459.7, 2.1, 4.9
4, 12/01/2019 07:39:54, 130090, 36, 53.2, 7.7, 4327.3, 164.2, 16.9, 0.5, 0.2, 206.9, 136.1, 58736.5, 182.2, 21.7, 636.5, 2.2, 5.2
4, 12/01/2019 07:59:53, 130091, 41.7, 53.8, 8.8, 32288.2, 357.6, 15.8, 0.6, 1.7, 267.8, 137.9, 73738.4, 172.7, 26.9, 1051.2, 2.7, 7
4, 12/01/2019 08:19:54, 130092, 36.7, 62, 8.5, 4188.8, 192.4, 14.3, 1, 1.5, 294.5, 158.6, 44413.5, 178.3, 30.2, 905.9, 2.7, 7.1
4, 12/01/2019 08:39:53, 130093, 51.6, 67.8, 11.6, 22315.2, 285.9, 10.8, 0.9, 2, 367.6, 173.6, 30126.1, 137, 30.5, 933.4, 2.6, 8.8
4, 12/01/2019 08:59:53, 130094, 49.1, 61.7, 10.1, 17668.2, 345.1, 6.1, 0.7, 2.3, 199, 158, 67818.6, 175.9, 30.2, 930.1, 2.4, 8.6
4, 12/01/2019 09:19:53, 130095, 44.3, 71.9, 8.5, 3990.3, 151.7, 6.1, 0.5, 7.8, 535.8, 184.1, 93922.7, 158.8, 26.1, 885, 2.6, 5.3
4, 12/01/2019 09:39:53, 130096, 48.3, 75, 9, 2365.7, 251.3, 19.9, 1.1, 4.5, 589.4, 192, 36211.3, 178.4, 31.1, 1226, 2.6, 5
4, 12/01/2019 09:59:53, 130097, 36.7, 42.1, 7.6, 13067, 272.7, 14.3, 0.5, 0, 205.4, 107.8, 32974.7, 169.7, 31.8, 1310.8, 2.7, 5.9
4, 12/01/2019 10:19:53, 130098, 38.9, 44, 7.7, 2096.9, 281, 21, 0.5, 0.6, 278.5, 112.6, 30652.6, 312.6, 25, 882.7, 2.8, 5.3
4, 12/01/2019 10:39:52, 130099, 36.9, 41.3, 7.7, 2087.3, 268.9, 20.5, 1.4, 3.2, 289.5, 105.7, 17615.6, 187.2, 17.8, 519.6, 2.8, 5.2
4, 12/01/2019 10:59:53, 130100, 64.8, 77.2, 11.3, 59025.6, 398.2, 14, 2.3, 13, 286.9, 197.5, 48264.8, 178.8, 19.2, 631.7, 2.4, 10.4
4, 12/01/2019 11:19:58, 130101, 47.3, 46.4, 8, 6102, 169.4, 15.4, 0.6, 0.1, 175.4, 118.7, 41362, 207.7, 17.3, 520, 2.6, 5.3
4, 12/01/2019 11:39:57, 130102, 38.8, 34.9, 6.3, 6201.7, 228.2, 12.2, 0.5, 0, 145.5, 89.4, 35539.8, 174.7, 14, 334.5, 1.8, 4.3
4, 12/01/2019 11:59:58, 130103, 53.7, 55.7, 9.3, 19962.5, 337.5, 21.1, 1.5, 5.3, 234.4, 142.5, 73610.5, 194.5, 17, 414.5, 0.2, 5.2
4, 12/01/2019 12:19:08, 130104, 40.3, 39.5, 6.4, 7760.6, 130.3, 4.2, 0.5, 0.2, 212.5, 101.2, 38437.5, 143.8, 14, 399.6, 0.5, 4
4, 12/01/2019 12:39:07, 130105, 27.5, 24.7, 5.2, 1190.4, 187.6, 17.7, 0.4, 0, 122.5, 63.3, 23057.8, 94.1, 12.6, 294.7, 0.2, 4.8
4, 12/01/2019 13:00:07, 130106, 34.5, 37.6, 6.2, 17009.3, 143.6, 23.8, 0.7, 3, 331.6, 96.3, 15656.4, 108.1, 16.3, 438.1, 0.7, 4.3
4, 12/01/2019 13:20:07, 130107, 20.4, 17.4, 4, 4378.6, 133, 15.6, 0.3, 0, 82.4, 44.6, 15420.2, 119.9, 9.1, 208, 0.3, 3.5
4, 12/01/2019 13:40:07, 130108, 33, 30.9, 5.8, 5208.8, 382.2, 15.6, 1.4, 2, 280.8, 79.1, 28816.7, 108.4, 12.2, 269.3, 0.4, 3.8
4, 12/01/2019 14:00:07, 130109, 29.4, 38.4, 5.2, 14834, 553.6, 8.4, 0.4, 0, 206.6, 98.3, 23322, 116.6, 10.2, 261.8, 0.2, 3.1
4, 12/01/2019 14:20:07, 130110, 25.6, 14, 4, 1376.3, 516.6, 19.2, 0.3, 0, 54.2, 35.9, 21218.9, 84.3, 7.5, 149.6, 0.2, 2.2
4, 12/01/2019 14:40:07, 130111, 31, 38.8, 5, 4763.1, 472.8, 15.7, 0.6, 1.1, 191.4, 99.3, 23717.5, 117.8, 12.7, 294.9, 0.2, 2.9
4, 12/01/2019 14:59:07, 130112, 26.2, 17.9, 4.4, 15024.1, 496.2, 12.2, 0.3, 0, 109.7, 45.8, 20799.1, 116.5, 7.6, 149, 0.2, 2.7
4, 12/01/2019 15:20:07, 130113, 26.3, 16.9, 4.5, 4730, 543.2, 8.5, 0.4, 0, 94.6, 43.4, 50219.6, 121.3, 7, 136.3, 0.5, 2.8
4, 12/01/2019 15:39:07, 130114, 24.7, 15.8, 4.7, 5110.2, 479.3, 3.2, 0.4, 0, 65.9, 40.5, 20604.4, 111.2, 8.1, 187.3, 0.3, 3.3
4, 12/01/2019 16:00:07, 130115, 25.9, 14.9, 4.3, 13679.1, 585.1, 1.1, 0.3, 0.1, 55.7, 38.2, 23660.5, 117.1, 9, 151.2, 0.3, 3
4, 12/01/2019 16:20:06, 130116, 24.7, 12.3, 3.5, 705.5, 502.5, 1.2, 0.3, 0.1, 45.9, 31.5, 23873.7, 67.3, 9.1, 144.9, 0.2, 1.6
4, 12/01/2019 16:39:06, 130117, 25, 12.4, 3.6, 178.6, 435.7, 2.7, 0.3, 0, 41.1, 31.7, 20936.5, 65.9, 9.7, 151.6, 0.2, 1.5
4, 12/01/2019 16:59:07, 130118, 20.4, 9.2, 2.8, 15809.6, 439.4, 0.9, 0.2, 0, 69.3, 23.6, 20334.3, 93.5, 8, 129.1, 0.2, 2
4, 12/01/2019 17:20:06, 130119, 20.7, 9.7, 2.9, 927.2, 432.2, 1, 0.2, 0, 79.9, 24.8, 20966.5, 70.1, 8, 130.2, 0.3, 1.4
4, 12/01/2019 17:40:06, 130120, 21.3, 10, 3.3, 837.8, 431.3, 0.3, 0.3, 0, 40.3, 25.6, 20460.2, 71.9, 7.5, 130, 0.3, 2.2
4, 12/01/2019 18:00:06, 130121, 26.7, 14.2, 4.1, 17283.3, 493.9, 3.4, 0.3, 0, 60.2, 36.4, 19617, 70, 7.4, 149.8, 0.2, 1.8
4, 12/01/2019 18:20:06, 130122, 16.7, 4.6, 2.3, 111.6, 443.5, 0.6, 0.2, 0, 19, 11.8, 17568.1, 78.2, 5, 90, 0.2, 0.5
4, 12/01/2019 18:40:06, 130123, 15.8, 5.1, 2.1, 355.3, 443.7, 0, 0.2, 0, 19.7, 13, 17713.7, 82, 5, 86, 0.2, 0.3
4, 12/01/2019 19:00:06, 130124, 40.2, 33.5, 6.5, 42366.7, 562.8, 2.8, 0.4, 0, 127.3, 85.8, 40863.9, 102, 10.8, 255, 2.8, 4.2
4, 12/01/2019 19:19:06, 130125, 27.4, 20.5, 3.4, 2261.1, 480.3, 0.3, 0.3, 0, 79.1, 52.5, 21556.9, 89.8, 8.6, 177.5, 1.5, 1.1
4, 12/01/2019 19:40:06, 130126, 27.7, 14.3, 2.9, 296.3, 505.9, 0.8, 0.2, 0, 44.8, 36.6, 21557.3, 71.9, 5.6, 144.4, 1, 0.7
4, 12/01/2019 20:00:06, 130127, 21.3, 8, 3.7, 11819.6, 517.6, 0.3, 0.3, 0, 55.2, 20.5, 19523.6, 97.9, 5, 97.2, 0.2, 1.2
4, 12/01/2019 20:20:06, 130128, 21.2, 8.2, 4, 4601.4, 495.1, 0.6, 0.3, 0, 42.5, 20.9, 20359.2, 92.6, 6.4, 98.6, 1, 2.6
4, 12/01/2019 20:40:06, 130129, 19.7, 6.8, 3.5, 3581.4, 445.4, 0.4, 0.3, 0, 29.7, 17.4, 18608.7, 79, 5.3, 89.4, 0.8, 2.3
4, 12/01/2019 21:00:05, 130130, 28.9, 19, 5.1, 13855, 506.6, 0.2, 0.4, 0.1, 146.8, 48.7, 18935.1, 103.3, 8, 182.3, 1.4, 3.3
4, 12/01/2019 21:19:05, 130131, 20.3, 7.5, 3.3, 1658.4, 383.2, 0.2, 0.3, 0, 28.2, 19.3, 23650.8, 83.8, 5.6, 101.6, 1.6, 1.2
4, 12/01/2019 21:40:05, 130132, 18.2, 4.3, 2.7, 4511.5, 431.5, 0.2, 0.2, 0, 17.7, 11, 17583.5, 93.9, 4.8, 87.1, 1.5, 0.8
4, 12/01/2019 22:00:05, 130133, 21.8, 10.3, 3.3, 15737.8, 412.6, 1.3, 0.3, 0, 49.1, 26.5, 17496, 100.9, 6.6, 110.8, 0.5, 1.8
4, 12/01/2019 22:20:06, 130134, 17.3, 3.7, 3, 472.4, 540.4, 0.7, 0.2, 0, 13.9, 9.5, 17337.1, 79, 4.6, 86.4, 0.2, 1.2
4, 12/01/2019 22:41:05, 130135, 15.3, 2.3, 2.1, 293.4, 628.9, 1.1, 0.2, 0, 10.6, 5.9, 17756.4, 88.4, 4.1, 78.3, 0.2, 0.7
4, 12/01/2019 23:00:05, 130136, 22.4, 7.6, 3.5, 12698.4, 540.7, 0.1, 0.3, 0, 80.8, 19.4, 17340.2, 81.9, 4.8, 116.1, 0.2, 0.6
4, 12/01/2019 23:20:05, 130137, 18.3, 3.4, 2.9, 551.3, 437.8, 0.3, 0.2, 0, 24.8, 8.8, 18096.4, 70, 4.4, 83.3, 0.3, 0.5
4, 12/01/2019 23:40:05, 130138, 15.2, 1.6, 1.9, 987.5, 452.6, 0.1, 0.2, 0, 11.3, 4, 17991, 69.5, 4.2, 79.1, 0.2, 0.3
