HOST, TIME, SNAP_ID, SYS_CPU, SYS_DBTIME, SYS_SYSPCT, SYS_READ, SYS_WRITE, SYS_REDO, SYS_OSWAIT, SYS_RMWAIT, SYS_ACTSESS_MAX, SYS_ACTSESS_AVG, SYS_PGA, SYS_PXRUNS, SYS_PXQCT, SYS_PXSRVT, SYS_UCALLS, SYS_IOWAIT
1, 04/02/2019 23:59:37, 131795, 39.8, 51.9, 12, 478.8, 206.5, 42.5, 1.1, 0, 218.9, 132.9, 48465.2, 223.2, 5.6, 134.8, 92.4, 14.3
1, 05/02/2019 00:19:37, 131796, 53.4, 81.6, 14.3, 5340.9, 280.1, 48.2, 1.1, 9.6, 306.3, 208.9, 73667, 207.1, 12.4, 250.4, 98.3, 22.7
1, 05/02/2019 00:39:38, 131797, 43.9, 90.9, 10.3, 11246.6, 254.4, 16.4, 1, 18.2, 272.8, 232.8, 73831.3, 273.7, 22.1, 282.8, 61.7, 13.6
1, 05/02/2019 00:59:37, 131798, 59.6, 103.1, 13.6, 3191.8, 325.9, 23.5, 1.1, 4.5, 354.2, 263.8, 94007.1, 834.1, 21.6, 334.7, 81.2, 19.4
1, 05/02/2019 01:19:37, 131799, 61.7, 84.6, 14.7, 3349.6, 243.8, 21.2, 1.5, 6.5, 267.2, 216.6, 84756.2, 556.4, 19.8, 327, 71, 19
1, 05/02/2019 01:39:37, 131800, 50.2, 64.8, 12.1, 2517, 118.1, 14.6, 1, 1.3, 214, 165.9, 55887.9, 711.7, 16.2, 277.6, 59.2, 15.5
1, 05/02/2019 01:59:37, 131801, 51.7, 80.9, 12.4, 5769.7, 132.7, 25.6, 1, 1.7, 300.3, 207, 59574.7, 809.9, 17.1, 298.8, 67, 11.5
1, 05/02/2019 02:19:37, 131802, 51.9, 58.4, 13.1, 5665.3, 140.4, 28, 1.1, 0.5, 200.1, 149.5, 59538.9, 931, 14.8, 195.3, 95.6, 8.3
1, 05/02/2019 02:39:37, 131803, 82.9, 92.8, 17.2, 11698.6, 148, 18.6, 2, 4.9, 259.4, 237.6, 70223.9, 307.6, 21.4, 355, 85, 14.7
1, 05/02/2019 02:59:37, 131804, 62.4, 92.5, 13.1, 5297.3, 143.3, 18.9, 1.9, 7, 393.8, 236.7, 63870.8, 201.8, 17.7, 274.9, 69.4, 11.9
1, 05/02/2019 03:20:37, 131805, 33.6, 89.5, 8.9, 2044.2, 174.6, 27.4, 0.8, 0, 400.1, 229, 60330.9, 230.5, 19.8, 348.6, 67.6, 43.7
1, 05/02/2019 03:39:37, 131806, 35.4, 75.2, 9.8, 2257.6, 179.8, 23.5, 0.9, 0, 453.7, 192.6, 61973.1, 305.4, 12.1, 220, 58.5, 28.2
1, 05/02/2019 03:59:36, 131807, 32, 53.6, 9, 386.4, 291.1, 20.8, 0.8, 0, 206.2, 137.2, 85614.8, 165.1, 7.3, 89, 69.2, 7.7
1, 05/02/2019 04:19:36, 131808, 51.8, 50.2, 14.2, 172.1, 571.1, 41.4, 1.2, 0, 164, 128.6, 85502.5, 147.9, 6, 71.7, 99.9, 9.8
1, 05/02/2019 04:39:37, 131809, 40.8, 57.9, 9.9, 1466.8, 534.5, 22.2, 0.9, 2.4, 234.8, 148.3, 96045.1, 246.5, 7.3, 127.3, 54, 7.2
1, 05/02/2019 04:59:36, 131810, 29.5, 45.5, 8.9, 979, 210.8, 20.3, 0.9, 0, 185, 116.6, 86377.9, 190, 5.1, 92.1, 56.1, 9.9
1, 05/02/2019 05:19:37, 131811, 34.3, 45.2, 10.3, 274.3, 186, 29.6, 0.9, 0, 168.5, 115.6, 46093.4, 182, 4, 68.3, 67.1, 8.3
1, 05/02/2019 05:39:36, 131812, 41.2, 49.8, 11.7, 1733.8, 169.3, 28.2, 1, 2.1, 211.1, 127.6, 47410.1, 263.4, 6.1, 123.7, 68.4, 9.5
1, 05/02/2019 05:59:36, 131813, 42, 90.7, 12, 862.3, 222.7, 36, 1, 0, 315.6, 232.3, 54233.4, 153, 5.2, 136.2, 82.4, 10.5
1, 05/02/2019 06:19:36, 131814, 42.5, 68, 12.2, 643.6, 225.4, 30.9, 1, 0, 257, 174.1, 45984.5, 172, 6, 119.8, 94.3, 16.5
1, 05/02/2019 06:39:36, 131815, 34.8, 55.6, 11.1, 254, 166.8, 26.2, 1, 0, 218.7, 142.4, 45207.6, 182.1, 3.9, 65.8, 85.3, 16.8
1, 05/02/2019 06:59:36, 131816, 63.8, 100.7, 17.3, 8676, 282.9, 42.6, 1.4, 0.6, 360.5, 257.8, 50342.6, 238.8, 6.6, 166.3, 99.8, 19.8
1, 05/02/2019 07:19:36, 131817, 57.7, 92.9, 17.2, 847.9, 305.7, 46.3, 1.4, 0, 372.1, 237.9, 51095, 190.8, 5.1, 116.1, 101.8, 19.1
1, 05/02/2019 07:39:36, 131818, 58.7, 77.2, 17.5, 486.9, 321.4, 51.3, 1.4, 0, 245.2, 197.5, 45203.2, 163, 3.3, 78.8, 114.1, 19.3
1, 05/02/2019 07:59:36, 131819, 52.1, 91.7, 15.2, 257.1, 322.7, 54.1, 1.3, 0.1, 329.8, 234.8, 46857.2, 154.2, 4.1, 59.9, 127.8, 17.8
1, 05/02/2019 08:19:36, 131820, 44.9, 102.9, 13, 1950.1, 266, 46.1, 1.1, 0.3, 377.4, 263.4, 46798.7, 271, 6.8, 145.9, 106.5, 19.9
1, 05/02/2019 08:39:36, 131821, 31.1, 57.4, 10, 312.9, 233.3, 44.8, 1, 0, 260.2, 147.1, 45261.1, 225.3, 1.9, 27.4, 124.8, 20.8
1, 05/02/2019 09:00:35, 131822, 34.8, 51.3, 10.7, 6258.9, 253.5, 53.1, 1, 0, 225.5, 131.4, 44437.2, 182.3, 1.3, 16.5, 157.7, 11.8
1, 05/02/2019 09:19:35, 131823, 36.6, 43, 11, 987.7, 260, 56.1, 1, 0, 229.1, 110.1, 44464.6, 186.1, 1.2, 6.8, 172.1, 7.9
1, 05/02/2019 09:39:35, 131824, 51.3, 63.4, 13.7, 20162.7, 304.7, 61.7, 1.3, 1.1, 335.5, 162.2, 46837.8, 317.3, 5.7, 107.7, 175.6, 8.1
1, 05/02/2019 09:59:35, 131825, 44.1, 72.2, 12.4, 510.9, 314, 64.2, 1.1, 0, 306.5, 184.8, 49208.8, 169, 4.2, 49.2, 178, 10.7
1, 05/02/2019 10:19:35, 131826, 42.1, 50, 12.1, 365.1, 302.6, 60.8, 1.1, 0, 219.6, 127.9, 46435.1, 188, 4.2, 37.9, 172.9, 7.8
1, 05/02/2019 10:39:35, 131827, 37.2, 46.3, 10.6, 127.9, 285.7, 57.1, 1, 0, 177.9, 118.5, 45115.3, 193, 3.8, 25.2, 150.8, 6.4
1, 05/02/2019 10:59:36, 131828, 39.2, 77, 10.9, 1902.8, 561.3, 59.4, 1, 0.1, 298.8, 197, 47373.6, 312.2, 5.7, 91.4, 130.8, 10.7
1, 05/02/2019 11:20:35, 131829, 38.1, 73.4, 10.7, 82.9, 302, 67.6, 1, 0, 324.6, 187.9, 46115.6, 174, 2.7, 26.7, 143.5, 6.2
1, 05/02/2019 11:39:35, 131830, 45.7, 56.9, 12, 321, 428.8, 75.1, 1.1, 0, 211.7, 145.8, 55345.8, 224.1, 2.5, 35, 153.9, 7.3
1, 05/02/2019 11:59:34, 131831, 45.1, 79.5, 11.8, 165, 373.5, 67, 1.1, 0, 364.5, 203.4, 55250.6, 367.6, 3.5, 55.1, 136.1, 6.9
1, 05/02/2019 12:19:35, 131832, 45.3, 64.8, 12.1, 140.6, 363.2, 60.5, 1.1, 0, 322.2, 166, 55274.2, 161.4, 3, 53.3, 143.1, 7.5
1, 05/02/2019 12:39:35, 131833, 56.2, 84.1, 14, 1740.8, 347.5, 53.8, 1.2, 1.1, 325.8, 215.2, 57360.9, 281.2, 6.8, 147.9, 133.2, 10.7
1, 05/02/2019 12:59:34, 131834, 61.3, 64.1, 16, 382.5, 336.7, 63.1, 1.3, 0, 264.3, 164.2, 77372.1, 155, 5.1, 101.4, 164.5, 11
1, 05/02/2019 13:19:34, 131835, 54, 62.5, 14.3, 515.9, 309.5, 58.7, 1.2, 0, 322.1, 160, 73833.4, 168.2, 4.8, 82.1, 147.7, 10.4
1, 05/02/2019 13:39:35, 131836, 49.2, 58.5, 12.9, 984.1, 264.1, 57.3, 1.1, 0.1, 276.7, 149.7, 74974.4, 172.7, 4.5, 87.1, 143.8, 9.1
1, 05/02/2019 14:00:34, 131837, 43.9, 57.5, 11.7, 1047.7, 272.9, 51.4, 1, 0, 281.9, 147.2, 55983, 168.3, 6.4, 124.8, 111.7, 9.1
1, 05/02/2019 14:19:34, 131838, 35.9, 56.2, 10.8, 649.3, 233.7, 50.9, 1, 0, 246.1, 144, 52455.6, 488, 5.4, 110.9, 110.9, 10.3
1, 05/02/2019 14:39:35, 131839, 33.2, 51.6, 9.4, 648.2, 254.2, 50.3, 0.9, 0, 267.8, 132, 64847.1, 220.7, 4.4, 91.6, 109.5, 5.2
1, 05/02/2019 14:59:34, 131840, 43.2, 69.3, 11.3, 434, 292.4, 56.3, 1, 0, 293.7, 177.4, 63175.6, 168.6, 4.5, 78, 122.6, 7.5
1, 05/02/2019 15:19:34, 131841, 47, 75, 11.8, 1248.5, 309, 53.9, 1, 0, 313.2, 192.1, 70498.2, 249.6, 8.2, 177.3, 108.6, 4.2
1, 05/02/2019 15:40:34, 131842, 47.8, 57.7, 12.6, 624, 317.9, 60.3, 1, 0, 269.7, 147.6, 68375.4, 250.7, 6.6, 128.9, 120.3, 5.2
1, 05/02/2019 15:59:34, 131843, 40, 46.4, 11.3, 1340.9, 364.6, 64.1, 1, 0, 241.3, 118.7, 66775.5, 197.2, 6.3, 119.6, 115, 7.2
1, 05/02/2019 16:19:34, 131844, 40.8, 44.4, 11.5, 613.1, 364.2, 64.5, 1, 0, 249.8, 113.6, 31996.3, 248.5, 6.5, 109.7, 119.7, 6.8
1, 05/02/2019 16:39:34, 131845, 46.8, 62.3, 12.3, 1576.8, 373.8, 63.7, 1, 0.1, 271.9, 159.5, 45839.4, 306.7, 8.7, 166, 109, 17.2
1, 05/02/2019 17:00:34, 131846, 82.5, 111.1, 18.2, 7488.8, 316.6, 51.1, 5.9, 0.3, 414.9, 284.3, 61497.9, 244.4, 19, 326.7, 112.5, 18.7
1, 05/02/2019 17:19:33, 131847, 89.8, 108.8, 19.1, 5496.8, 340.3, 52, 9.4, 2.7, 391.5, 278.6, 68213.1, 271.5, 18.9, 371.9, 109.7, 13.2
1, 05/02/2019 17:39:33, 131848, 86.7, 110.1, 17.1, 3224.8, 389.7, 56.2, 15.2, 8.7, 363.3, 281.9, 67381.6, 304, 19.9, 373.4, 107.1, 9.3
1, 05/02/2019 18:00:33, 131849, 80.2, 112, 18.4, 6663.9, 464.1, 60.9, 3.8, 2.1, 404.9, 286.8, 60074.5, 290.3, 25, 385.1, 120.5, 34.3
1, 05/02/2019 18:19:33, 131850, 72.3, 94.5, 16.4, 2712.5, 488.1, 58.6, 5.4, 2, 472.1, 242, 44281.1, 343.1, 16.6, 246.3, 113.2, 8.5
1, 05/02/2019 18:39:33, 131851, 72.7, 118.2, 17.5, 2829.2, 397.6, 55.4, 2.1, 1.3, 404.9, 302.7, 48741.4, 458, 17.2, 299.7, 120.5, 43.2
1, 05/02/2019 18:59:33, 131852, 75.5, 92.8, 19.6, 2333, 461.4, 60.6, 2.7, 0, 375.7, 237.6, 37536.5, 321.7, 12.8, 207.4, 141.2, 17.5
1, 05/02/2019 19:19:33, 131853, 76, 74.8, 16.3, 804.4, 662.9, 58.9, 2.2, 0.1, 235.9, 191.5, 32052.5, 243.9, 9.1, 170.9, 125.8, 9.4
1, 05/02/2019 19:39:33, 131854, 58.5, 56, 13, 895.7, 557.2, 60.8, 1.1, 0, 190.1, 143.3, 35981.7, 225, 6.3, 82.9, 134.6, 6.4
1, 05/02/2019 19:59:33, 131855, 76.4, 111, 15.5, 3178, 498.4, 50.4, 4.4, 1, 375.9, 284.1, 44293.2, 304.8, 16.3, 299.3, 101.8, 9.4
1, 05/02/2019 20:19:32, 131856, 73.1, 114.6, 14.8, 1616.8, 529.6, 45.6, 2.6, 0.7, 414.6, 293.4, 59811.7, 277.8, 15.9, 353.9, 83.7, 6.3
1, 05/02/2019 20:40:33, 131857, 65.3, 109.1, 16.2, 1603.1, 458, 41.8, 1.2, 1.5, 374.8, 279.4, 65678.7, 279.9, 17.4, 417.9, 74.3, 13.1
1, 05/02/2019 21:00:33, 131858, 72.1, 108.6, 16.7, 2109.4, 529.7, 26.3, 1.6, 1, 351.5, 277.9, 59689.3, 194.6, 19, 481.1, 51.1, 21.6
1, 05/02/2019 21:19:33, 131859, 74.4, 77.1, 16.4, 1513.8, 451.7, 29.6, 1.2, 0.3, 254.8, 197.3, 71522.9, 225.9, 15.4, 356.8, 61.6, 11.3
1, 05/02/2019 21:39:33, 131860, 68.4, 72.9, 16.1, 1972.3, 471.5, 27.6, 1.2, 0.1, 217.8, 186.5, 55574, 292.3, 14.8, 328.1, 60.1, 13.1
1, 05/02/2019 21:59:32, 131861, 60.4, 73.9, 14.1, 3049.3, 488.8, 18.6, 1, 0, 249.1, 189.2, 41914.1, 253, 14.8, 336.8, 45.4, 14.8
1, 05/02/2019 22:19:32, 131862, 64.3, 77.9, 15, 2268.2, 407.9, 15.4, 1, 0.3, 268.2, 199.5, 58938.7, 179.3, 15.9, 364.1, 31.2, 13.3
1, 05/02/2019 22:39:32, 131863, 56.5, 65.8, 13.3, 1328.7, 386.2, 15.4, 1, 0, 224.7, 168.4, 74218.5, 170.5, 13.1, 299.6, 38, 10.7
1, 05/02/2019 22:59:32, 131864, 55.6, 66.3, 14.5, 1281.2, 270.2, 24.7, 1.1, 0, 215.3, 169.8, 39397.6, 179, 11.9, 288.1, 52.5, 16
1, 05/02/2019 23:20:32, 131865, 56.1, 64.2, 17, 1487.6, 85.3, 18.7, 1.2, 0, 292, 164.5, 57915.7, 364.5, 11.5, 301.7, 48, 19.4
1, 05/02/2019 23:39:32, 131866, 47.4, 59.7, 14.3, 1342, 128.6, 17.2, 1.1, 0, 258.7, 152.9, 34455.1, 277.2, 10, 276.1, 56.6, 14.9
2, 05/02/2019 00:00:04, 131795, 56.3, 79, 12, 1761.6, 494.3, 32.7, 0.9, 7.4, 274.8, 202.1, 75900.7, 259.8, 14.4, 247.1, 89.7, 11.5
2, 05/02/2019 00:20:04, 131796, 64.5, 112, 14.2, 7528.3, 398.2, 44.3, 1.2, 15.7, 425.1, 286.6, 81185.7, 283, 19.8, 333.2, 107.5, 25.2
2, 05/02/2019 00:40:04, 131797, 55.9, 146.2, 11.7, 8599.5, 320.8, 32, 1.6, 44.1, 422.4, 374.3, 73775.5, 204, 30.3, 437, 70.8, 10.4
2, 05/02/2019 01:00:05, 131798, 56.6, 131.7, 12.7, 906, 259.3, 34.6, 1.8, 36.1, 426, 337.2, 67726.9, 236.9, 29.7, 410.1, 78.7, 10.2
2, 05/02/2019 01:20:04, 131799, 64.7, 129.3, 14.3, 45049.8, 277.8, 34.9, 8.2, 33.5, 409.2, 331.1, 88067.5, 249.2, 31.3, 532.1, 108.2, 7
2, 05/02/2019 01:40:04, 131800, 76.7, 126, 15.8, 86363, 269.4, 29.5, 9.6, 28.7, 377.9, 322.6, 69305.4, 284.2, 31.2, 606.5, 102.6, 6
2, 05/02/2019 02:00:04, 131801, 59.9, 100.4, 14.1, 14097, 318.2, 37.9, 1.3, 7.8, 331.3, 257, 67037, 267.8, 21.7, 385.9, 135.3, 9.8
2, 05/02/2019 02:20:04, 131802, 58.5, 82.9, 15.6, 1104.4, 275.1, 49.2, 1.1, 5.3, 238.2, 212.1, 58316.6, 159.7, 16.3, 295.9, 169, 8.1
2, 05/02/2019 02:40:04, 131803, 58.2, 73, 15.4, 993.2, 256.1, 46.8, 1.1, 5.8, 218.5, 186.9, 54026.3, 230.8, 14.3, 243.1, 181.7, 9.2
2, 05/02/2019 03:00:04, 131804, 64.6, 92.6, 15.2, 4328, 219.4, 40.5, 1.1, 4.8, 341.6, 237, 54224.9, 193.3, 14.2, 250.1, 157.7, 12.8
2, 05/02/2019 03:20:04, 131805, 38, 68, 10.7, 987.8, 208.4, 39, 0.8, 2, 246.7, 174.2, 55477.5, 182, 14.5, 231.7, 115.7, 20.8
2, 05/02/2019 03:40:03, 131806, 39.1, 68.3, 11.3, 3111.1, 280.5, 42.2, 0.8, 0.1, 358.2, 174.8, 58542.4, 197, 14.4, 262.8, 123.9, 20.4
2, 05/02/2019 03:59:04, 131807, 45, 67, 12.6, 595.9, 433.1, 44, 0.9, 0, 243.8, 171.6, 93422.2, 3465.9, 12.4, 217.3, 148.1, 9.5
2, 05/02/2019 04:20:03, 131808, 50.6, 44.2, 12.3, 599.8, 546.5, 41.9, 0.9, 0, 156.8, 113.1, 88259.5, 184, 10.7, 182.9, 81.7, 6.6
2, 05/02/2019 04:40:04, 131809, 40.7, 45, 10.1, 1047.7, 568.5, 40.1, 0.8, 0, 170.3, 115.3, 91475.1, 3429.3, 9.5, 159.8, 90.3, 4.7
2, 05/02/2019 05:00:03, 131810, 37.7, 51.5, 10.3, 2405.1, 326.3, 35.7, 0.7, 0, 190.2, 131.8, 86018.3, 630.3, 11.4, 218.4, 56.6, 15.1
2, 05/02/2019 05:20:03, 131811, 38.3, 43.1, 11.2, 1711.5, 227.8, 41.6, 0.8, 0, 166.1, 110.3, 48051.7, 7035.2, 9.8, 164.9, 102, 9.1
2, 05/02/2019 05:40:03, 131812, 31.5, 29.6, 9.4, 1844.4, 264.2, 41.9, 0.7, 0, 100.8, 75.7, 44125.4, 214.1, 9, 150, 84.2, 5.1
2, 05/02/2019 06:00:03, 131813, 63.3, 102.6, 12.8, 2237.8, 488.7, 28.7, 1.1, 7.7, 391.3, 262.7, 117897.8, 223.4, 15, 340.7, 58.1, 6.9
2, 05/02/2019 06:20:03, 131814, 73.4, 83.9, 13.9, 1142.1, 448.5, 31.6, 0.9, 10.1, 267.2, 214.9, 90899.8, 193.2, 14.8, 352.2, 62.1, 6.6
2, 05/02/2019 06:40:04, 131815, 65.2, 63.8, 12.9, 691.6, 257.6, 37.5, 0.8, 0.8, 219.9, 163.3, 79922.6, 212.9, 11.9, 260.8, 59.7, 7.2
2, 05/02/2019 07:00:03, 131816, 72.5, 107.2, 13.2, 1996.5, 402.8, 37.5, 1, 1.4, 393.6, 274.4, 73507.6, 237.8, 15.5, 337.9, 62.6, 7.3
2, 05/02/2019 07:19:03, 131817, 71.3, 108.6, 13, 724.2, 512.7, 39.6, 0.9, 0.9, 469.9, 278, 72331, 205.5, 13.8, 298.4, 72.4, 6
2, 05/02/2019 07:40:03, 131818, 60.1, 78.2, 11, 784.1, 354, 35.1, 0.7, 0.3, 242.5, 200.2, 74086.3, 204, 12.5, 258.5, 70.8, 4.3
2, 05/02/2019 08:00:03, 131819, 53.3, 92.3, 10.9, 17790.9, 284.9, 40.5, 0.8, 0, 330.4, 236.4, 54974.6, 204.6, 11.9, 230.6, 88.6, 7.3
2, 05/02/2019 08:20:02, 131820, 45.4, 87.1, 9.3, 7030.1, 283.3, 42.2, 0.7, 0, 359.1, 222.9, 51416.7, 207.7, 11.4, 246.8, 91.1, 5.2
2, 05/02/2019 08:40:03, 131821, 59.6, 98, 13.8, 1287.6, 333.3, 43.3, 1, 0, 362.8, 250.9, 56507.5, 195.4, 12, 282.2, 97.2, 9.5
2, 05/02/2019 09:00:03, 131822, 60.5, 102, 13.5, 17877.5, 265.1, 50.5, 0.9, 0, 402.6, 261.2, 45868.4, 204.5, 10.7, 250.1, 114.7, 10.3
2, 05/02/2019 09:20:03, 131823, 50.3, 83.7, 12.5, 344.3, 268.7, 54, 0.9, 0, 282.5, 214.2, 43118.7, 191.1, 9.2, 185.2, 130.8, 7
2, 05/02/2019 09:40:03, 131824, 49.9, 85.9, 12.1, 1952.4, 292.5, 53.5, 0.9, 0, 288.2, 219.9, 55261.2, 210.3, 10.3, 193.8, 125.4, 7.3
2, 05/02/2019 10:00:02, 131825, 51.9, 106, 12.7, 946, 229.7, 43.6, 0.9, 0, 370.7, 271.4, 47936.3, 218.9, 10.5, 196.6, 115.6, 13.6
2, 05/02/2019 10:19:03, 131826, 55, 89.4, 13.6, 700.1, 227.5, 47, 1, 0, 314.3, 228.9, 42035.3, 188.7, 7.9, 140.6, 127.7, 9.9
2, 05/02/2019 10:40:02, 131827, 43.5, 79.9, 11.3, 242.8, 204.2, 45.6, 0.9, 0, 268, 204.5, 41882, 221.1, 6.2, 102.1, 133, 7.3
2, 05/02/2019 11:00:02, 131828, 49.1, 106.1, 12, 1604, 243.8, 43.7, 0.9, 0.1, 382.5, 271.6, 47927.5, 241.7, 9.9, 194, 119.9, 11.5
2, 05/02/2019 11:20:02, 131829, 46.9, 109.2, 12, 581.2, 185.5, 42.8, 0.9, 0, 370.1, 279.5, 47274.3, 318.5, 9.2, 160.4, 121, 9.6
2, 05/02/2019 11:40:02, 131830, 53.2, 94.1, 13.1, 565.2, 236.1, 46.9, 1, 0, 279.7, 241, 47678.3, 494.9, 9.2, 153.3, 127.8, 10.1
2, 05/02/2019 12:00:02, 131831, 46.6, 108.1, 11.6, 6449.1, 225.7, 45.6, 0.9, 0, 399.1, 276.8, 43605.6, 509.6, 8.7, 129.6, 111.7, 10.1
2, 05/02/2019 12:20:02, 131832, 47.1, 93.1, 11.3, 325.6, 216.3, 43.6, 0.9, 0, 335.5, 238.4, 42119.4, 516.4, 8.4, 121.4, 120.9, 8.2
2, 05/02/2019 12:40:02, 131833, 42.4, 87.9, 9.6, 1540.3, 202.2, 33.6, 0.7, 0, 306, 225, 47645, 543.1, 10.3, 173.1, 112.8, 5.6
2, 05/02/2019 13:00:02, 131834, 45.9, 78.5, 10.7, 461.9, 184.5, 34.5, 0.8, 0, 246.1, 201.1, 45557, 521.8, 8.5, 130.8, 119.3, 5.7
2, 05/02/2019 13:20:01, 131835, 39.4, 68.3, 8.6, 253.2, 190.6, 33, 0.7, 0, 263.7, 174.9, 41439, 499.3, 6.5, 66.9, 117.1, 3.8
2, 05/02/2019 13:40:02, 131836, 37.5, 71.8, 8.3, 527.3, 170.4, 35.7, 0.7, 0.1, 325.8, 183.9, 43527.9, 536.4, 7.4, 80.5, 111.8, 3.3
2, 05/02/2019 14:00:01, 131837, 38.1, 92.4, 10, 1438, 256.9, 52.5, 0.8, 0, 339.4, 236.6, 43070.9, 613.7, 9.9, 135.9, 128.1, 6.6
2, 05/02/2019 14:20:02, 131838, 35.9, 82.3, 10.1, 267.6, 346.2, 63, 0.8, 0, 283.1, 210.6, 54251.6, 529.7, 8.6, 105.6, 149.5, 6.7
2, 05/02/2019 14:40:01, 131839, 40.1, 85.5, 9.8, 526.2, 311.1, 45.6, 0.8, 0, 318.4, 218.8, 54855.4, 493.6, 9.8, 139.7, 121.6, 6
2, 05/02/2019 15:00:02, 131840, 34.2, 83.7, 8.8, 135.3, 227.1, 39.6, 0.7, 0, 273.4, 214.4, 53051.4, 521.8, 8, 92.6, 120.5, 5.9
2, 05/02/2019 15:20:01, 131841, 36.5, 96.7, 9.6, 1797.7, 201.9, 40.1, 0.8, 0.1, 332.6, 247.7, 53055.5, 557.5, 9.4, 145.5, 116.1, 3.8
2, 05/02/2019 15:41:01, 131842, 38.3, 78.5, 10.5, 191.2, 275, 65.1, 0.8, 0, 254.6, 201, 52766.2, 531.4, 7.8, 99.1, 146.9, 5
2, 05/02/2019 16:00:01, 131843, 51.6, 83.7, 12, 714.3, 436.3, 61.8, 0.8, 0.8, 279.7, 214.1, 69127, 591.5, 9.1, 150.9, 128.4, 6.3
2, 05/02/2019 16:20:01, 131844, 55.5, 85.9, 12.9, 871.5, 562.3, 63.4, 0.9, 0, 283.9, 219.8, 69924.3, 983.8, 8.1, 131.2, 126.1, 8
2, 05/02/2019 16:40:01, 131845, 54.7, 100.2, 13.2, 1385.3, 497.1, 58.9, 0.9, 2.3, 325.9, 256.5, 96818.4, 531.1, 10.5, 198.8, 117.8, 19.9
2, 05/02/2019 17:00:01, 131846, 61.4, 112.8, 14.7, 553.9, 576.6, 62.8, 1, 0.9, 379, 288.7, 83406, 538.8, 12.2, 221.1, 127, 18.8
2, 05/02/2019 17:20:01, 131847, 53.1, 91.8, 13.6, 208.7, 671.2, 63.4, 1, 0, 302.6, 235, 76856.4, 851.2, 9.9, 163.1, 121.3, 11.1
2, 05/02/2019 17:40:01, 131848, 54.5, 87.9, 13.6, 145.1, 683.2, 65.1, 0.9, 0, 270, 224.9, 67879, 465, 10.1, 164.7, 112.1, 6.7
2, 05/02/2019 18:00:00, 131849, 54, 89.1, 13.7, 446.1, 586.3, 66.8, 0.9, 0, 395.5, 228, 67416.7, 522.4, 8.9, 125.7, 115.3, 7
2, 05/02/2019 18:20:01, 131850, 47.9, 84.2, 12, 377.1, 518.6, 54.9, 0.8, 0, 326.6, 215.5, 73826, 544.3, 8.8, 128.4, 99.4, 6.1
2, 05/02/2019 18:40:00, 131851, 51.3, 88.7, 12.5, 1721.9, 623.8, 46.9, 0.8, 0.3, 277.2, 227.1, 69009.5, 557.8, 12.7, 211.6, 90.8, 10.3
2, 05/02/2019 19:00:01, 131852, 52, 84.5, 12.8, 1384.3, 577.4, 54.1, 0.9, 0, 329.3, 216.4, 73988.1, 620.7, 11.1, 161.5, 100.6, 9.2
2, 05/02/2019 19:20:00, 131853, 52.3, 79.6, 12.4, 1052.7, 640.3, 47.2, 0.9, 0.1, 250.3, 203.7, 69372.7, 555.5, 9.8, 146.4, 92.3, 6
2, 05/02/2019 19:40:01, 131854, 49.6, 71.7, 11.3, 443.1, 483.7, 46.8, 0.8, 0.2, 211.2, 183.6, 69203.6, 690.6, 7.9, 117.2, 86.1, 5.5
2, 05/02/2019 20:00:01, 131855, 52.2, 105.3, 11.8, 1139.2, 355.9, 41.9, 0.8, 6.2, 327.2, 269.5, 74694.4, 629.4, 12.1, 234.1, 85.2, 6.2
2, 05/02/2019 20:20:00, 131856, 52.1, 103.4, 11.7, 584.5, 366, 42, 0.8, 3.8, 339.4, 264.8, 75067.1, 575, 11.4, 215.8, 86.4, 3.8
2, 05/02/2019 20:40:01, 131857, 50.2, 95.6, 13.1, 632.4, 403.2, 41.9, 0.9, 0.7, 306.3, 244.7, 73933.8, 632.7, 13.2, 282.2, 79.3, 8.4
2, 05/02/2019 21:00:00, 131858, 51.4, 106, 14.5, 946.6, 357, 33.9, 1, 2.4, 343.7, 271.5, 57783.5, 635.2, 12.6, 257.5, 95.9, 18.4
2, 05/02/2019 21:20:00, 131859, 53.3, 91.6, 14.3, 674.8, 493.8, 33.4, 0.9, 1.7, 269.4, 234.6, 73554.9, 573.6, 11.1, 217.1, 98.8, 9
2, 05/02/2019 21:40:00, 131860, 54, 88.1, 14.4, 762.2, 512.4, 32.2, 1, 3.7, 262.2, 225.6, 73625.3, 580.8, 11.3, 219.9, 73.8, 12.9
2, 05/02/2019 22:00:00, 131861, 57.7, 100.1, 14.6, 2103.5, 397, 38.6, 1, 7.2, 367.2, 256.3, 72613.4, 660.9, 13.9, 256.9, 92.2, 13.1
2, 05/02/2019 22:20:00, 131862, 65.5, 95.5, 16.6, 1868, 371.9, 45, 1.1, 8.1, 294.3, 244.5, 73818.1, 630.1, 13.6, 282, 119.8, 7.7
2, 05/02/2019 22:40:00, 131863, 60.5, 76.7, 15.4, 625.7, 306.3, 53.6, 1, 1.4, 291, 196.4, 52201.5, 608.5, 12.3, 233.6, 125.6, 7.4
2, 05/02/2019 22:59:59, 131864, 77.4, 94.1, 19.2, 1682.1, 520.5, 53.5, 2.7, 8.1, 315.3, 241, 71513.6, 634.7, 18.1, 315.7, 134.4, 9.6
2, 05/02/2019 23:20:00, 131865, 79.4, 95.1, 18.8, 1403.6, 567.8, 50.2, 2, 11, 333.6, 243.5, 71540.3, 571.6, 17.1, 297.4, 139.8, 11
2, 05/02/2019 23:40:00, 131866, 73.8, 88.1, 17.8, 1078.1, 495.4, 50.1, 1.3, 8.5, 343.7, 225.4, 51917.8, 564.6, 16.3, 276.9, 122.8, 9.5
3, 05/02/2019 00:00:25, 131795, 32.6, 56.9, 6, 20670.5, 279.1, 0.5, 0.4, 0, 901, 145.6, 64942.2, 407.6, 28.4, 399, 21.2, 6.4
3, 05/02/2019 00:19:25, 131796, 42.1, 92.2, 8.6, 11599.4, 353.4, 1.1, 0.6, 5.4, 302.3, 236, 111069.2, 375.1, 59, 567.6, 20, 11.3
3, 05/02/2019 00:39:25, 131797, 53.3, 83.7, 10.5, 7513.7, 354.3, 1.1, 0.7, 14.3, 243.2, 214.3, 92266.5, 837.1, 48.3, 615.3, 16.8, 6.4
3, 05/02/2019 00:59:25, 131798, 55.7, 93.7, 11.5, 26859.9, 362.4, 1.1, 0.8, 20.4, 298.3, 240, 87029.3, 691.9, 50.2, 630.7, 10.9, 8.3
3, 05/02/2019 01:19:25, 131799, 59.5, 80.6, 11.9, 9257.1, 466.1, 1.5, 1.1, 18.3, 274.5, 206.5, 92008.8, 507.3, 42.8, 531.3, 13.3, 7
3, 05/02/2019 01:39:24, 131800, 46.5, 60.5, 9.9, 9189, 457.1, 2, 0.6, 11.5, 208.3, 154.8, 71770, 308.6, 36.5, 441.4, 17.4, 6
3, 05/02/2019 01:59:25, 131801, 47.8, 69.7, 10.1, 39792.7, 434.6, 3.9, 0.6, 10.1, 218.5, 178.4, 80685.6, 244.9, 42.1, 552.7, 17, 10.7
3, 05/02/2019 02:19:24, 131802, 45, 65.7, 8.9, 4363.9, 213.5, 2.1, 0.6, 15, 242, 168.2, 80622.9, 222, 39.4, 469.5, 15, 7.7
3, 05/02/2019 02:39:24, 131803, 30.3, 52.6, 7.5, 4904.4, 172, 1.5, 0.6, 9.8, 172.4, 134.7, 79462.5, 162.2, 31.1, 371.6, 8.5, 15.2
3, 05/02/2019 02:59:24, 131804, 39.1, 61.9, 8.6, 47980.5, 252.6, 8, 0.6, 13, 221.4, 158.6, 80526.4, 307.5, 30.1, 441.7, 3.9, 11.1
3, 05/02/2019 03:20:24, 131805, 52, 109.2, 10.8, 79203.9, 486.6, 8.3, 0.7, 7, 373.7, 279.6, 93314, 181.2, 34.8, 701.8, 3.4, 52
3, 05/02/2019 03:39:24, 131806, 39, 72.6, 9.1, 56343.1, 494.9, 9.1, 0.6, 4.9, 351.4, 185.9, 86229.3, 223.1, 29.8, 537.6, 2.7, 24.4
3, 05/02/2019 03:59:24, 131807, 44.2, 64.3, 8.4, 21240.4, 433.5, 4.3, 0.6, 10.9, 228.2, 164.5, 110202.4, 183.3, 30.5, 549.7, 2.2, 8.1
3, 05/02/2019 04:19:23, 131808, 49.1, 61.6, 10.2, 10712.7, 577, 4.1, 0.7, 15.2, 201.5, 157.6, 104724.1, 157, 32.2, 475.1, 4, 6.5
3, 05/02/2019 04:39:23, 131809, 54.4, 61, 11, 9519.7, 555.3, 6.3, 0.7, 3.3, 189.5, 156.2, 109931.3, 80.9, 34.4, 542.9, 3.4, 9.5
3, 05/02/2019 04:59:24, 131810, 50.3, 58.7, 12.1, 24966, 646, 10.6, 0.8, 1.7, 229.5, 150.3, 93132.2, 132.1, 32.5, 623.5, 5.2, 11.5
3, 05/02/2019 05:19:23, 131811, 37.4, 40.6, 9.6, 2106.1, 426.5, 8.8, 0.6, 0, 158.7, 104, 78404.4, 80, 26.4, 553.1, 7.6, 6.1
3, 05/02/2019 05:39:24, 131812, 25.8, 27, 6.8, 990.9, 272.2, 8.3, 0.5, 0, 151.1, 69.1, 82924.7, 69, 23.8, 575, 8.5, 5.9
3, 05/02/2019 05:59:23, 131813, 32.7, 55.3, 8.3, 15185.8, 482.3, 9.9, 0.6, 0.1, 191.1, 141.6, 87567.2, 67.8, 28.3, 697.6, 3.6, 7.6
3, 05/02/2019 06:20:23, 131814, 42.7, 54.7, 10.5, 2844.8, 546.9, 6.5, 0.7, 0.1, 178.8, 140.1, 72340.4, 41.1, 25.3, 593.1, 2.9, 11.7
3, 05/02/2019 06:39:23, 131815, 26.1, 30.8, 8.2, 1202.3, 375.7, 12.7, 0.6, 0, 128.6, 78.9, 75285.8, 95, 25.6, 457.9, 10.1, 6.2
3, 05/02/2019 06:59:23, 131816, 23.8, 35, 7.5, 20820.9, 170.1, 28.6, 0.5, 2.3, 109.1, 89.5, 51855.3, 149.1, 23.1, 391.6, 8.7, 7.1
3, 05/02/2019 07:19:23, 131817, 32.6, 52, 10, 4513.5, 192.9, 23.3, 0.6, 0.3, 208.3, 133.2, 64933.5, 168.2, 24.6, 460.4, 6.9, 9.2
3, 05/02/2019 07:40:23, 131818, 35, 71.8, 8.2, 3542.9, 313.4, 17.7, 1, 20.5, 609.4, 183.7, 101560, 163.3, 31.1, 631.9, 6.1, 5.8
3, 05/02/2019 07:59:23, 131819, 51.3, 88.8, 11.7, 8212.7, 424.6, 19.4, 0.8, 1.4, 326.6, 227.3, 74045.1, 160.9, 38.5, 1164, 8.6, 12.4
3, 05/02/2019 08:20:22, 131820, 25.8, 55.4, 6.9, 6205.3, 267.9, 35, 0.6, 0.5, 222.3, 141.9, 60847.6, 251.7, 33.4, 861.8, 13.8, 6.5
3, 05/02/2019 08:39:22, 131821, 28.9, 51.4, 7.3, 21325.5, 283.9, 29.3, 2.8, 4.8, 383.4, 131.6, 64109.8, 306.9, 30, 803.1, 12.9, 6.6
3, 05/02/2019 09:00:22, 131822, 45, 74, 10, 22249.7, 380.1, 42.6, 0.7, 5.6, 351.9, 189.5, 76641.1, 391.6, 33.4, 867, 11.3, 9.9
3, 05/02/2019 09:19:23, 131823, 39.8, 67, 8.7, 4553.9, 264.9, 42, 1.2, 12.8, 300.9, 171.6, 73053.1, 308.8, 34.2, 859.2, 9.5, 5.4
3, 05/02/2019 09:40:23, 131824, 37.7, 71.8, 7.6, 7574, 192.3, 23.1, 0.5, 20.3, 273.9, 183.8, 77477.3, 247.4, 32.2, 647.5, 6.6, 5.1
3, 05/02/2019 09:59:23, 131825, 39, 81.4, 9.2, 61192.7, 210.2, 29.5, 0.6, 13.1, 347.4, 208.4, 90490.2, 639, 41.4, 750.7, 7.1, 10.1
3, 05/02/2019 10:19:22, 131826, 52.6, 78.3, 12.3, 25139.5, 288.2, 12.7, 1.8, 15.9, 297.3, 200.4, 109849, 799, 40.9, 842.4, 7.1, 10
3, 05/02/2019 10:39:22, 131827, 52.3, 111, 12.7, 22701.8, 152.2, 17, 0.8, 15.7, 434.9, 284.1, 90450.9, 729, 47.2, 1047.2, 6.7, 11.4
3, 05/02/2019 10:59:22, 131828, 67.2, 125.2, 13.2, 76177.7, 347.7, 5.9, 5.5, 21.3, 389, 320.6, 118101.6, 348.4, 46.3, 1275.7, 4.8, 13.8
3, 05/02/2019 11:20:22, 131829, 62.4, 101.7, 11.2, 22962, 452.7, 17.2, 2.9, 14.6, 426.8, 260.4, 91067.3, 409.2, 39.7, 1037.7, 4.8, 7.9
3, 05/02/2019 11:39:22, 131830, 67.8, 109.9, 12.4, 25212.1, 386, 18.3, 4.4, 16.9, 438.2, 281.3, 76320.1, 556.3, 39.7, 944.6, 4.9, 9.5
3, 05/02/2019 12:00:22, 131831, 54.8, 100.7, 11.4, 37010.7, 131.2, 8.1, 1.1, 11.4, 372.3, 257.8, 76065.6, 412, 41.8, 977.1, 5.3, 10.1
3, 05/02/2019 12:20:21, 131832, 60.5, 90.5, 12.5, 33401.2, 385.6, 14.7, 0.7, 7.3, 289.4, 231.7, 76085.9, 613.2, 39.5, 781.9, 5.8, 8.4
3, 05/02/2019 12:39:22, 131833, 37.2, 70.2, 9.2, 36472.2, 213, 8, 0.6, 1.6, 252.8, 179.6, 71729.6, 697.4, 31.5, 582.7, 7.5, 6.9
3, 05/02/2019 12:59:22, 131834, 50.1, 69.1, 11, 36621, 414.2, 10.4, 0.8, 12.2, 247.8, 176.9, 72163.4, 777.2, 33, 609, 8.1, 7.8
3, 05/02/2019 13:19:22, 131835, 56.4, 75.8, 10, 17264.2, 260.2, 12.5, 0.6, 11.3, 287.7, 194.1, 78262.8, 853.8, 32.6, 619.4, 6.5, 5.6
3, 05/02/2019 13:39:22, 131836, 46.2, 82.7, 10, 10312.5, 172.6, 16.4, 0.8, 15.8, 332.7, 211.7, 96660.6, 754.7, 32.4, 664.3, 7.9, 6.5
3, 05/02/2019 14:00:22, 131837, 56.4, 91.8, 12.2, 35001, 471.8, 19.2, 1.3, 11.9, 455.6, 235, 84680.4, 423.1, 32, 728.4, 6.4, 7.8
3, 05/02/2019 14:19:22, 131838, 60, 93.1, 11.8, 6526, 495.4, 6.3, 0.8, 6.7, 301, 238.4, 80150.1, 586.9, 26.5, 746.1, 3.6, 6.9
3, 05/02/2019 14:39:26, 131839, 44.5, 69.4, 8.9, 4676.7, 419.5, 20.9, 0.7, 8.6, 226.1, 177.7, 77260.3, 673.5, 23.2, 528, 2.2, 5.3
3, 05/02/2019 15:00:26, 131840, 55.6, 101.3, 10.3, 39515.3, 358.1, 8.3, 0.8, 20.3, 309.4, 259.4, 80686.5, 581.7, 33.2, 705.4, 1.2, 8.6
3, 05/02/2019 15:19:31, 131841, 51.1, 113.7, 9.5, 11396.9, 291.4, 16.3, 3.2, 30.2, 382.1, 291.1, 84398.5, 425.7, 38.8, 921.6, 1.7, 5.6
3, 05/02/2019 15:40:31, 131842, 51.5, 84.4, 10.9, 5184.4, 424.8, 5.6, 0.7, 23.2, 318.7, 216.1, 85327.8, 1000.5, 34.5, 853.7, 2.8, 5.3
3, 05/02/2019 15:59:31, 131843, 58.3, 90.9, 12.8, 23602.4, 422.9, 9.5, 0.9, 21.3, 269.7, 232.8, 106352.5, 781.3, 32.5, 766.8, 2.7, 9.5
3, 05/02/2019 16:19:31, 131844, 61.2, 94.2, 12.7, 4274.4, 543.5, 17.5, 1.9, 25.2, 295.4, 241.2, 54897.1, 773.1, 28.7, 687.7, 2.5, 9.7
3, 05/02/2019 16:39:36, 131845, 45.4, 78.3, 10.2, 3950.6, 313.1, 7.8, 0.7, 17.4, 289.9, 200.3, 40353.1, 798.3, 27.6, 597, 2, 12.8
3, 05/02/2019 16:59:36, 131846, 47.5, 94, 9.9, 3416.5, 316, 25.2, 0.9, 30.3, 332, 240.6, 47495.1, 727.5, 30.5, 627.1, 4.9, 9.4
3, 05/02/2019 17:19:35, 131847, 39.9, 86.7, 9.3, 19356.8, 304.3, 3.8, 0.7, 33.9, 325, 222, 69159.4, 1093.4, 26.8, 525.4, 6.6, 7.4
3, 05/02/2019 17:39:36, 131848, 35.2, 82.9, 8.6, 20388.1, 301.7, 19.1, 0.5, 34.7, 249.8, 212.3, 77996.9, 1223.3, 27, 518.9, 5.6, 6.5
3, 05/02/2019 18:00:36, 131849, 44.9, 93.6, 10.9, 34186.8, 443.1, 4.7, 0.6, 36.9, 349, 239.6, 94580.2, 401.1, 26.4, 519, 4.7, 9.3
3, 05/02/2019 18:19:36, 131850, 34, 85.9, 8.1, 4608.1, 245.8, 1.5, 0.5, 31.9, 333.2, 219.8, 64656.7, 426.1, 25.5, 459.3, 6.2, 5.1
3, 05/02/2019 18:39:41, 131851, 26.4, 69.2, 7.8, 5946.4, 170.4, 7.8, 0.5, 19.9, 300, 177.1, 49368.3, 526.6, 25.3, 439.6, 9.5, 4.8
3, 05/02/2019 18:59:40, 131852, 27.7, 62.8, 7.7, 4519, 180.8, 1.5, 0.5, 17.1, 223.5, 160.8, 43875.4, 1010.4, 21, 339.1, 13.3, 5.2
3, 05/02/2019 19:19:41, 131853, 27.7, 63.6, 7.5, 1024.9, 342.9, 0.3, 0.5, 26, 233.5, 162.7, 54395.7, 208.1, 22.4, 312.6, 8.3, 3.3
3, 05/02/2019 19:39:40, 131854, 28.9, 61.7, 7.5, 1151.7, 243.9, 2.2, 0.5, 24.1, 201.9, 157.8, 41786.9, 139.2, 23.8, 318.3, 8.1, 2.9
3, 05/02/2019 19:59:40, 131855, 28.5, 66.6, 7.9, 28888.8, 190, 6.5, 0.5, 14.7, 258.9, 170.6, 40811.2, 221.9, 23.7, 385.6, 9.6, 5.8
3, 05/02/2019 20:19:40, 131856, 38.7, 73.3, 9.5, 5683.3, 381, 4, 0.5, 10.3, 320.6, 187.8, 56273.1, 266.2, 22.7, 520.7, 9.8, 2.9
3, 05/02/2019 20:40:35, 131857, 29.7, 50.1, 8.5, 5778.8, 242.3, 9.3, 0.5, 8.7, 160.5, 128.2, 48977.6, 258.9, 16.6, 294.9, 15.1, 3.4
3, 05/02/2019 21:00:35, 131858, 42.8, 76.6, 10.9, 28795.6, 243.8, 8.9, 0.8, 16.4, 274.6, 196, 69633.4, 200.7, 21.2, 477.7, 9.2, 5.6
3, 05/02/2019 21:19:35, 131859, 43.8, 72.4, 11.6, 7732.5, 240.4, 0.5, 0.7, 12.2, 272, 185.4, 61892.7, 305.2, 18.2, 396.9, 10.1, 4.1
3, 05/02/2019 21:39:35, 131860, 33.6, 48.1, 8.8, 6884, 316.3, 1.1, 0.5, 8.3, 172.5, 123.2, 65374.8, 197.9, 16.3, 312.5, 11.3, 4.8
3, 05/02/2019 21:59:35, 131861, 44.4, 68.6, 11, 25096.7, 206.1, 1.3, 0.6, 7.5, 241.3, 175.7, 71681.2, 198.2, 22.7, 457.2, 11.1, 7.1
3, 05/02/2019 22:19:35, 131862, 34.3, 54.5, 9.1, 3204.1, 246.3, 0.4, 0.5, 2.3, 214.2, 139.5, 67836.6, 110.3, 20.6, 475.3, 13.4, 3.9
3, 05/02/2019 22:39:35, 131863, 32.1, 51.3, 10.1, 2654.2, 232.3, 1, 0.6, 3.3, 168.3, 131.3, 75260.3, 266.8, 19.8, 418.9, 13.3, 4.3
3, 05/02/2019 22:59:35, 131864, 39.9, 59.4, 11.4, 15925.7, 365.8, 3.4, 0.7, 5.1, 330.1, 152.1, 73019.1, 190.4, 19.4, 431, 12.5, 5.4
3, 05/02/2019 23:20:29, 131865, 27.6, 41.1, 8.7, 4946.6, 233.8, 3.8, 0.5, 1.8, 180.8, 105.1, 49968.6, 234.5, 16.9, 302.3, 17.2, 4.4
3, 05/02/2019 23:39:29, 131866, 26, 35.8, 8.9, 5167.1, 192.8, 5.5, 0.5, 6.5, 119.2, 91.5, 56836.2, 219.9, 16.2, 283.9, 16.8, 4.5
4, 04/02/2019 23:59:41, 131795, 47.8, 57.2, 8.5, 26509.8, 220.3, 4.1, 0.5, 0.3, 242.6, 146.3, 58635.3, 331.5, 20.5, 376.6, 4.4, 11.6
4, 05/02/2019 00:19:40, 131796, 37.6, 55.4, 7.6, 28792.9, 92.8, 1.6, 0.5, 0.3, 189.3, 141.9, 87434.7, 566.6, 32.8, 397.8, 9.7, 16.4
4, 05/02/2019 00:39:41, 131797, 63.2, 88.8, 11.2, 8840.4, 235.8, 1.5, 1.1, 9.1, 284.7, 227.2, 106949.6, 478.7, 45.4, 638, 6.6, 5.5
4, 05/02/2019 00:59:41, 131798, 76.3, 108.2, 11.3, 15622.8, 342.8, 2.8, 4.6, 14.5, 339.7, 277, 113708.9, 434.5, 44.3, 678, 6, 8.2
4, 05/02/2019 01:19:41, 131799, 63.6, 75.9, 10.9, 3069.7, 555.5, 1.7, 0.9, 13.4, 254.6, 194.2, 123236.6, 268.1, 39.8, 597.2, 6.7, 6.7
4, 05/02/2019 01:39:41, 131800, 56, 67.1, 10.6, 2927.8, 491.3, 0.9, 0.6, 12, 231.9, 171.7, 105633.2, 211.8, 36, 514.3, 6.7, 6
4, 05/02/2019 01:59:40, 131801, 56.7, 70.1, 11.1, 5877.2, 575.1, 2.7, 0.8, 8.3, 230.4, 179.4, 99918.9, 300.4, 32.5, 556.4, 7, 8.2
4, 05/02/2019 02:19:40, 131802, 63.3, 75.3, 12.4, 3610, 539.6, 4, 2.5, 9.8, 293.2, 192.8, 105082.5, 197.8, 29.9, 520, 6.9, 8.2
4, 05/02/2019 02:39:40, 131803, 39.4, 45.2, 9.3, 3392.8, 347.8, 4.3, 0.6, 0.3, 164.4, 115.7, 64749.5, 155.8, 23.1, 368.6, 6.3, 11.2
4, 05/02/2019 02:59:40, 131804, 47.4, 72.4, 9.8, 23902.2, 380.2, 7.6, 0.7, 1.7, 283.1, 185.3, 63087.6, 234.5, 31.7, 575, 4.5, 12.3
4, 05/02/2019 03:20:40, 131805, 50, 122.1, 10.9, 66138.6, 332.7, 9.4, 0.8, 4, 449.5, 312.6, 82831.2, 314.3, 35.6, 729.2, 3.5, 55.6
4, 05/02/2019 03:40:40, 131806, 52.2, 78.6, 11, 48497.3, 360.3, 14.3, 0.7, 3.1, 367.6, 201.3, 73839.3, 159.6, 31.1, 614.4, 4.4, 26.7
4, 05/02/2019 03:59:40, 131807, 50.7, 62, 10.4, 21926.7, 435.7, 11.8, 0.7, 0.1, 204.3, 158.7, 124061.9, 306.7, 29, 596.9, 3.3, 11.7
4, 05/02/2019 04:19:40, 131808, 65.6, 61, 13.2, 7379.9, 434.9, 4, 1.3, 0.8, 229.4, 156.2, 124475.2, 273.1, 29, 524.8, 4, 11.4
4, 05/02/2019 04:39:40, 131809, 65.5, 75.4, 11.8, 3508.1, 357.3, 6.5, 1, 0, 284.7, 193.1, 138842.9, 300, 30.7, 563.1, 3.8, 10
4, 05/02/2019 04:59:39, 131810, 61.9, 65.6, 12, 33143.3, 401, 12.4, 0.8, 0.4, 230.9, 168, 133897, 234.9, 30, 649.6, 3.2, 14.3
4, 05/02/2019 05:19:40, 131811, 47.7, 49.9, 10.2, 6392.5, 219.8, 9, 0.7, 0, 248.8, 127.8, 83655.6, 262.9, 23.9, 441.4, 3.5, 12.3
4, 05/02/2019 05:39:40, 131812, 46.4, 49.8, 10.7, 6462.1, 89.8, 9.1, 0.7, 0, 184.1, 127.4, 64494.5, 233.9, 24.3, 433, 3.1, 13.7
4, 05/02/2019 05:59:40, 131813, 51, 72.3, 9.7, 23427.7, 324.3, 9.5, 0.8, 1.5, 290.2, 185, 78201.5, 215.2, 26, 575.5, 2.6, 9.8
4, 05/02/2019 06:19:39, 131814, 49.5, 58.7, 10.9, 7465.7, 508.2, 12.1, 0.7, 1.1, 259.5, 150.4, 80503, 179.1, 23.2, 514.8, 3.3, 11.4
4, 05/02/2019 06:39:39, 131815, 34.1, 43.3, 8.2, 6243.6, 284.4, 7, 0.6, 0.4, 167.2, 110.9, 81276.5, 261.1, 23.8, 402.9, 7, 10
4, 05/02/2019 06:59:39, 131816, 48.5, 59.5, 9.7, 19074.9, 354.1, 7.5, 0.6, 2.7, 217.2, 152.4, 68471.8, 167.7, 25.9, 454.2, 4.4, 8.3
4, 05/02/2019 07:19:44, 131817, 33.5, 45, 7, 2789.1, 170.7, 19.1, 0.5, 0.2, 196.3, 115.2, 61503.5, 264.1, 24.4, 458.4, 4.1, 6.1
4, 05/02/2019 07:39:44, 131818, 36.7, 46.5, 8.2, 4472.7, 144.4, 17.6, 2.1, 3.7, 319.6, 119.1, 88022.9, 211.1, 25.7, 601.4, 5.6, 6.3
4, 05/02/2019 07:59:44, 131819, 73.4, 102, 18.5, 35274.1, 591.8, 21.5, 5.2, 14.8, 389.1, 261.2, 108359.7, 176.6, 40.3, 1204.9, 4.9, 13.1
4, 05/02/2019 08:19:54, 131820, 64.6, 82.3, 18.1, 19201.2, 470.1, 25, 1.6, 6.9, 290.5, 210.8, 82342.7, 147, 40.9, 1032.4, 6.2, 12.1
4, 05/02/2019 08:39:54, 131821, 53.8, 62.1, 15.3, 1704.9, 445.4, 22.1, 0.9, 3.7, 250.4, 158.9, 108167.9, 225.8, 35.3, 864.8, 6.2, 8.3
4, 05/02/2019 08:59:54, 131822, 66, 87.5, 13.8, 23560.3, 425, 14.9, 1.1, 13.6, 334.9, 223.9, 141335.6, 281, 37.1, 937.6, 4, 9.3
4, 05/02/2019 09:19:54, 131823, 58.1, 83.2, 12.2, 6706.5, 502.4, 16, 1.6, 17.8, 385.3, 212.9, 110705.7, 157.4, 36.4, 957.6, 2.2, 8.2
4, 05/02/2019 09:39:59, 131824, 55.8, 69.6, 11.5, 2420.8, 525.1, 16.6, 0.7, 12.4, 202.9, 178.1, 99530.1, 154.9, 38.6, 1046.3, 2, 7.5
4, 05/02/2019 09:59:59, 131825, 57.7, 76.9, 11.2, 24594.4, 525.1, 14.3, 0.9, 8.9, 238.6, 196.9, 121367.1, 168.8, 36.5, 822.3, 2.3, 9.8
4, 05/02/2019 10:19:59, 131826, 58.2, 86.5, 12, 7446.6, 453.1, 18, 0.9, 17.7, 301.1, 221.3, 113357.6, 484.5, 43, 890.2, 5.3, 8.7
4, 05/02/2019 10:39:58, 131827, 55.2, 97.9, 11.2, 7741.4, 416.7, 12.1, 1.1, 29.4, 288.3, 250.7, 113611.8, 329.4, 48.4, 938.5, 5.1, 6.9
4, 05/02/2019 10:59:58, 131828, 54.8, 97.6, 10.6, 7901.6, 412.4, 8, 1, 25.7, 330.5, 249.8, 130937.5, 274.6, 44.6, 900.6, 2, 8.4
4, 05/02/2019 11:19:58, 131829, 61, 102.9, 11.3, 6490.4, 632.8, 9.4, 0.9, 20.6, 350.2, 263.5, 140609.1, 240, 43.5, 962.8, 3.2, 7.4
4, 05/02/2019 11:39:59, 131830, 53.3, 88, 11.4, 12479.7, 527.2, 6.1, 0.8, 20, 328.6, 225.4, 112783.1, 194.2, 40.7, 902.6, 3.6, 12.5
4, 05/02/2019 11:59:58, 131831, 44.3, 85.5, 8.9, 21796.6, 345.9, 6.5, 0.6, 16.6, 362.7, 219, 122162.7, 209.9, 43, 878.4, 4.5, 10.4
4, 05/02/2019 12:19:58, 131832, 46.2, 72.9, 10.8, 7775.4, 312.1, 7.8, 0.6, 15.4, 245.3, 186.7, 139882.7, 176.9, 38.8, 772.5, 4.7, 7.7
4, 05/02/2019 12:39:58, 131833, 45.5, 73.8, 9, 4166.5, 327.4, 4.7, 0.5, 19.6, 301.6, 188.9, 120396.8, 122, 37, 684.2, 4.2, 6
4, 05/02/2019 12:59:57, 131834, 47.3, 69.1, 8.6, 14058.3, 305.8, 8, 0.6, 19.7, 251.8, 177, 112469.8, 151.5, 34.4, 643.3, 4.7, 5.9
4, 05/02/2019 13:20:03, 131835, 28.3, 53.9, 6.3, 2416.8, 174.3, 5.3, 0.5, 24, 173.4, 138, 97977.8, 258.1, 32.7, 542.9, 4.7, 5.2
4, 05/02/2019 13:40:03, 131836, 37.1, 77.1, 8.4, 5061.2, 209.9, 3.8, 0.6, 32.4, 277.7, 197.4, 94300.1, 151.2, 34.6, 698.1, 4.3, 5.2
4, 05/02/2019 14:00:03, 131837, 38.8, 83.3, 8, 5723.9, 173.8, 7.2, 0.5, 35.1, 267.1, 213.3, 93391.9, 204.7, 34.9, 691.2, 3, 5
4, 05/02/2019 14:19:02, 131838, 39.2, 88, 8.4, 5728.7, 137.4, 3.6, 0.5, 34.1, 291.8, 225.2, 93707.4, 172.9, 33.9, 620.8, 5.5, 6.4
4, 05/02/2019 14:40:03, 131839, 47.2, 97.9, 8.4, 6114.5, 318.4, 1.4, 0.6, 40.6, 285.5, 250.5, 110176.9, 114, 35, 575.9, 1.3, 5.4
4, 05/02/2019 15:00:02, 131840, 54.1, 93, 9.6, 17150, 352.6, 10, 0.9, 26.1, 327.1, 238.2, 126496.4, 134.9, 37.9, 760.4, 1.1, 8.7
4, 05/02/2019 15:20:02, 131841, 50.6, 103.2, 9.7, 5579.1, 312.1, 4.5, 1.1, 34.3, 368.1, 264.2, 92896.9, 176.3, 36.9, 808.6, 1.2, 11.2
4, 05/02/2019 15:41:02, 131842, 44.5, 82.5, 8.1, 12143.7, 189.7, 7.4, 0.5, 32, 241.5, 211.2, 92227.8, 170.6, 40.2, 693.4, 1.2, 5.4
4, 05/02/2019 16:00:02, 131843, 42.1, 95.5, 9, 20346.7, 127.2, 3.7, 0.6, 42.6, 288.8, 244.5, 112820.3, 174.6, 38.9, 606.3, 8, 9.9
4, 05/02/2019 16:19:02, 131844, 49.1, 99.8, 10.7, 7484.8, 270.1, 3.3, 1.2, 33.3, 327.1, 255.5, 77687, 180.9, 41.6, 654.9, 9.8, 12.8
4, 05/02/2019 16:40:02, 131845, 58.3, 96.4, 10.3, 8897.1, 227.4, 1.3, 1, 21.6, 311.8, 246.7, 83844.2, 144.9, 40.9, 707.9, 4.4, 16
4, 05/02/2019 17:00:02, 131846, 59.7, 100.5, 9.6, 38646.2, 214, 3.3, 1.3, 25, 302.4, 257.2, 82377.2, 147.9, 40.7, 713, 4.1, 13.9
4, 05/02/2019 17:20:02, 131847, 55.6, 89.6, 9.9, 6366.8, 356.4, 1.9, 0.9, 21.9, 277.2, 229.3, 93695.8, 403.6, 36.7, 613.5, 5.2, 11.8
4, 05/02/2019 17:40:02, 131848, 33.6, 79.9, 6.8, 3801.7, 138.6, 4.6, 0.4, 24.3, 258.9, 204.4, 89798.8, 469.5, 33.6, 555.8, 6.8, 19.6
4, 05/02/2019 18:00:01, 131849, 40.4, 82.3, 8.8, 6761.8, 170.8, 7, 0.6, 23, 264.1, 210.8, 61685.8, 114.6, 37.4, 648.2, 7.5, 17.5
4, 05/02/2019 18:20:01, 131850, 31.5, 72.6, 7.6, 6017.2, 137.9, 2.1, 0.5, 25.6, 270.2, 185.9, 62899.6, 155.8, 34, 547.7, 6.2, 10.7
4, 05/02/2019 18:40:02, 131851, 39.9, 77.9, 7.6, 5985.2, 152.1, 2.4, 0.5, 24.1, 226.5, 199.5, 53371.7, 80.9, 32.8, 606, 5.6, 11.1
4, 05/02/2019 19:00:01, 131852, 48.8, 81, 9.2, 34542.7, 233, 4.7, 0.6, 19.5, 263.8, 207.3, 65756, 117.9, 32.2, 543, 6.7, 12
4, 05/02/2019 19:20:01, 131853, 36.2, 64.7, 7, 7391, 92.1, 3.4, 0.5, 7.7, 262.2, 165.7, 51200.4, 115.1, 28.3, 454.9, 8.6, 10.2
4, 05/02/2019 19:40:02, 131854, 37.6, 56, 7.2, 5946.5, 109.8, 2.3, 0.5, 7.8, 182.9, 143.3, 53834.9, 85.1, 27.6, 447, 10, 8.9
4, 05/02/2019 20:00:01, 131855, 42.3, 66, 7.8, 31748.6, 87.7, 6.2, 0.5, 4.2, 236.3, 169, 56934.6, 114.6, 29.7, 579.9, 8.8, 9.5
4, 05/02/2019 20:20:01, 131856, 36.8, 60, 7.3, 3144.4, 73.6, 7.3, 0.6, 4.3, 183.8, 153.5, 60173, 136.9, 29.6, 577.4, 9.6, 7.1
4, 05/02/2019 20:40:01, 131857, 33.5, 47.9, 6.2, 1492.1, 90, 5, 0.5, 0.5, 138.9, 122.7, 64791.3, 90.7, 29.5, 474.6, 12.7, 8
4, 05/02/2019 21:00:01, 131858, 38.7, 56.7, 7.2, 17653, 73.7, 4.7, 0.5, 0.1, 191.1, 145.1, 59876.2, 98.1, 30.1, 647.3, 8.6, 10.7
4, 05/02/2019 21:20:01, 131859, 37.3, 49.1, 6.7, 1004.1, 138, 2.9, 0.5, 0, 145.3, 125.8, 50116.5, 106.3, 28, 531, 10, 7.4
4, 05/02/2019 21:40:01, 131860, 33.4, 47, 6.3, 2553.7, 143.2, 2.8, 0.4, 0.1, 182, 120.4, 86666.8, 65.8, 29.4, 551.5, 9.9, 10.5
4, 05/02/2019 22:00:01, 131861, 56.2, 73.7, 9.4, 15212.2, 269.1, 4.6, 0.5, 1.1, 258.2, 188.6, 60460.7, 125.6, 28.2, 548.7, 6.5, 11.2
4, 05/02/2019 22:20:05, 131862, 31.4, 52.9, 6.8, 5430.1, 84.9, 2.8, 0.5, 0.1, 192.4, 135.4, 55403.5, 153, 26.9, 447.3, 9.5, 7.9
4, 05/02/2019 22:40:06, 131863, 33.7, 52.1, 7.4, 4251.3, 116.5, 3.2, 0.5, 0, 221.3, 133.4, 52746.2, 122.1, 27.1, 466.8, 9.8, 9.1
4, 05/02/2019 23:00:06, 131864, 32.7, 48.6, 7.1, 19991.8, 117.5, 6.2, 0.5, 0.1, 193.2, 124.4, 43621.8, 168.7, 28.5, 442, 20.5, 8.7
4, 05/02/2019 23:21:05, 131865, 25.7, 39.1, 6.3, 1953.9, 93.3, 3, 0.5, 0.1, 122, 100.2, 41538, 145.3, 28.9, 405.3, 32.7, 8.2
4, 05/02/2019 23:40:05, 131866, 25.1, 38.6, 6.2, 1622.3, 64.4, 4.6, 0.5, 0.1, 130.7, 98.9, 34227.4, 204.9, 26.8, 356.6, 31.9, 8.5
