INSTANCE_NUMBER, SNAP_ID, T_BEG, USR_GROUP, CPU, DBTIME, PGA, OTH_WAIT, PXENQ, PXQTIME, PXQRY, PXREL, REQS, YIELDS, IOWAIT, READ, WRITE
1, 125859, 11/11/2018 00:00:19, ADW_UNLOAD_GROUP, 0, 0, 6.1, 0, 0, 0, 0, 0, 430, 0, 0, 0, 0
1, 125860, 11/11/2018 00:20:38, ADW_UNLOAD_GROUP, 0, 0, 6.7, 0, 0, 0, 0, 0, 246, 0, 0, 0, 0
1, 125861, 11/11/2018 00:42:19, ADW_UNLOAD_GROUP, 0, 0, 5.6, 0, 0, 0, 0, 0, 197, 2, 0, 0, 0
1, 125862, 11/11/2018 01:00:03, ADW_UNLOAD_GROUP, 0, 0, 7.1, 0, 0, 0, 0, 0, 551, 0, 0, 0, 0.1
1, 125863, 11/11/2018 01:20:26, ADW_UNLOAD_GROUP, 0, 0, 6, 0, 0, 0, 0, 0, 273, 0, 0, 0, 0
1, 125864, 11/11/2018 01:40:06, ADW_UNLOAD_GROUP, 0, 0, 8.9, 0, 0, 0, 0, 0, 311, 1, 0, 0, 0
1, 125865, 11/11/2018 02:00:12, ADW_UNLOAD_GROUP, 0, 0, 4.6, 0, 0, 0, 0, 0, 384, 1, 0, 0, 0
1, 125866, 11/11/2018 02:20:18, ADW_UNLOAD_GROUP, 0, 0, 7.8, 0, 0, 0, 0, 0, 696, 0, 0, 0, 0
1, 125867, 11/11/2018 02:40:06, ADW_UNLOAD_GROUP, 0, 0, 5.8, 0, 0, 0, 0, 0, 693, 0, 0, 0, 0
1, 125868, 11/11/2018 03:00:10, ADW_UNLOAD_GROUP, 0, 0, 8, 0, 0, 0, 0, 0, 567, 0, 0, 0, 0
1, 125869, 11/11/2018 03:20:32, ADW_UNLOAD_GROUP, 0, 0, 6.3, 0, 0, 0, 0, 0, 704, 0, 0, 0, 0
1, 125870, 11/11/2018 03:40:47, ADW_UNLOAD_GROUP, 0, 0, 4.5, 0, 0, 0, 0, 0, 650, 0, 0, 0, 0
1, 125871, 11/11/2018 04:00:08, ADW_UNLOAD_GROUP, 0, 0.1, 9.4, 0.1, 0, 0, 0, 0, 580, 0, 0, 0, 0
1, 125872, 11/11/2018 04:20:02, ADW_UNLOAD_GROUP, 0, 0, 6.6, 0, 0, 0, 0, 0, 489, 0, 0, 0, 0
1, 125873, 11/11/2018 04:40:03, ADW_UNLOAD_GROUP, 0, 0.2, 10.5, 0.2, 0, 0, 0, 0, 484, 0, 0, 0, 0
1, 125874, 11/11/2018 05:00:15, ADW_UNLOAD_GROUP, 0, 0, 3.7, 0, 0, 0, 0, 0, 426, 1, 0, 0, 0
1, 125875, 11/11/2018 05:20:14, ADW_UNLOAD_GROUP, 0, 0, 7, 0, 0, 0, 0, 0, 439, 0, 0, 0, 0
1, 125876, 11/11/2018 05:40:16, ADW_UNLOAD_GROUP, 0, 0.1, 5, 0.1, 0, 0, 0, 0, 491, 1, 0, 0, 0
1, 125877, 11/11/2018 06:00:25, ADW_UNLOAD_GROUP, 0, 0, 5.2, 0, 0, 0, 0, 0, 603, 1, 0, 0, 0
1, 125878, 11/11/2018 06:20:11, ADW_UNLOAD_GROUP, 0, 0, 7.5, 0, 0, 0, 0, 0, 563, 0, 0, 0, 0
1, 125879, 11/11/2018 06:40:08, ADW_UNLOAD_GROUP, 0, 0, 5.2, 0, 0, 0, 0, 0, 435, 1, 0, 0, 0
1, 125910, 11/11/2018 17:00:08, ADW_UNLOAD_GROUP, 0.1, 1.7, 124.7, 1.6, 0, 0, 0, 0, 563, 0, 0, 0, 0
1, 125911, 11/11/2018 17:20:07, ADW_UNLOAD_GROUP, 0.6, 1.9, 170.4, 1.2, 0, 0, 288, 2244, 2606, 26, 0.1, 34.9, 50.4
1, 125912, 11/11/2018 17:40:07, ADW_UNLOAD_GROUP, 1.4, 2.3, 312.9, 0.6, 0, 0, 258, 2032, 2204, 149, 0.3, 100.1, 657.1
1, 125913, 11/11/2018 18:00:26, ADW_UNLOAD_GROUP, 17, 66.2, 11322.9, 12.4, 30, 2.7, 29, 308, 1229, 11305, 36.8, 5297.4, 8253
1, 125914, 11/11/2018 18:20:28, ADW_UNLOAD_GROUP, 25, 59.1, 23794.6, 1.4, 17, 2.5, 15, 164, 535, 23546, 32.7, 3582.6, 7214.4
1, 125915, 11/11/2018 18:40:08, ADW_UNLOAD_GROUP, 22, 38.9, 16498.8, 6.7, 24, 2.8, 29, 324, 1012, 22415, 10.2, 4705, 8752.2
1, 125916, 11/11/2018 19:00:13, ADW_UNLOAD_GROUP, 7.4, 14.4, 8770.5, 2.9, 22, 4.2, 15, 176, 597, 2123, 4.1, 479.8, 5859.3
1, 125918, 11/11/2018 19:40:21, ADW_UNLOAD_GROUP, 2.7, 6.2, 2635.2, 2.2, 8, 6.6, 8, 128, 528, 573, 1.3, 779.9, 2660.8
1, 125919, 11/11/2018 20:00:02, ADW_UNLOAD_GROUP, 27.2, 42.4, 11823.7, 11.2, 46, 4.1, 50, 500, 2564, 28505, 4, 3566.8, 5206.7
1, 125920, 11/11/2018 20:20:11, ADW_UNLOAD_GROUP, 39.3, 53.2, 16291.2, 3.8, 12, 1.5, 44, 668, 1292, 48002, 10.1, 3032.6, 18810.7
1, 125921, 11/11/2018 20:40:21, ADW_UNLOAD_GROUP, 35.5, 67.6, 18796, 4.1, 10, 0.3, 107, 964, 1288, 46056, 28, 1880.5, 29760.5
1, 125922, 11/11/2018 21:00:03, ADW_UNLOAD_GROUP, 23.1, 63.7, 16347.8, 10.4, 9, 0.9, 10, 112, 479, 19676, 30.2, 1288.5, 13859.6
1, 125923, 11/11/2018 21:20:10, ADW_UNLOAD_GROUP, 38.2, 57.7, 15347.7, 2.6, 11, 1.1, 48, 512, 1107, 34121, 16.9, 1005.9, 17201.1
1, 125924, 11/11/2018 21:40:01, ADW_UNLOAD_GROUP, 29.7, 45.1, 8964.3, 8.7, 26, 0.3, 108, 1356, 2000, 25660, 6.7, 2197.4, 15797.1
1, 125925, 11/11/2018 22:00:16, ADW_UNLOAD_GROUP, 28.9, 36.7, 9594.8, 0.8, 0, 0, 129, 1304, 1992, 25865, 7, 2627.6, 13044.9
1, 125926, 11/11/2018 22:20:12, ADW_UNLOAD_GROUP, 24.1, 29.3, 13072.5, 1.1, 0, 0, 227, 1824, 2091, 15528, 4.1, 524.8, 9527.2
1, 125927, 11/11/2018 22:40:19, ADW_UNLOAD_GROUP, 24.3, 30.5, 13195.1, 2.6, 0, 0, 25, 392, 854, 16998, 3.6, 613.2, 7561.2
1, 125928, 11/11/2018 23:00:20, ADW_UNLOAD_GROUP, 15.2, 20.9, 10901, 3.9, 1, 0, 32, 284, 691, 7148, 1.8, 573.5, 2576.6
1, 125929, 11/11/2018 23:20:06, ADW_UNLOAD_GROUP, 5, 9, 3420.6, 2.5, 1, 0, 289, 2364, 2684, 1979, 1.5, 329.5, 3635.7
1, 125930, 11/11/2018 23:40:09, ADW_UNLOAD_GROUP, 3.4, 5.7, 3185.4, 1.4, 0, 0, 12, 132, 956, 1311, 0.9, 233, 2120.4
1, 125859, 11/11/2018 00:00:19, FP_DM_PRIOR, 8.9, 14.8, 2933, 2.4, 0, 0, 42, 924, 1034, 4806, 3.5, 1121.7, 14215.1
1, 125860, 11/11/2018 00:20:38, FP_DM_PRIOR, 5, 10.2, 1283.7, 2.5, 0, 0, 3, 36, 96, 1983, 2.7, 392.7, 12313.8
1, 125861, 11/11/2018 00:42:19, FP_DM_PRIOR, 8, 14.7, 2099.1, 3.3, 0, 0, 85, 2160, 2312, 4205, 3.4, 1242.9, 10933.9
1, 125862, 11/11/2018 01:00:03, FP_DM_PRIOR, 3.8, 10.1, 1113.7, 2.8, 0, 0, 1, 16, 26, 1852, 3.5, 332.3, 11456.9
1, 125863, 11/11/2018 01:20:26, FP_DM_PRIOR, 4.9, 9.1, 1351.7, 0.5, 0, 0, 2, 25, 18, 1778, 3.7, 334, 10808.4
1, 125864, 11/11/2018 01:40:06, FP_DM_PRIOR, 4.7, 10.5, 1354.8, 2.9, 0, 0, 20, 436, 666, 2435, 2.9, 330.5, 11077.4
1, 125865, 11/11/2018 02:00:12, FP_DM_PRIOR, 5.4, 9.3, 1296, 1.7, 0, 0, 94, 2510, 2474, 4226, 2.2, 1507.3, 5549.2
1, 125866, 11/11/2018 02:20:18, FP_DM_PRIOR, 2.5, 3.2, 861, 0.6, 0, 0, 4, 36, 51, 461, 0.1, 153.9, 485.3
1, 125867, 11/11/2018 02:40:06, FP_DM_PRIOR, 2.8, 3.1, 593, 0, 0, 0, 138, 3324, 3520, 1235, 0.3, 1464.2, 656
1, 125868, 11/11/2018 03:00:10, FP_DM_PRIOR, 0.3, 0.4, 44.7, 0.1, 0, 0, 0, 0, 4, 3, 0, 3.8, 2.5
1, 125869, 11/11/2018 03:20:32, FP_DM_PRIOR, 2.6, 3.1, 306.7, 0, 0, 0, 134, 3257, 3288, 1585, 0.5, 1448.2, 482
1, 125870, 11/11/2018 03:40:47, FP_DM_PRIOR, 0.2, 0.4, 75.7, 0.1, 0, 0, 2, 4, 25, 3, 0.1, 6.2, 6.7
1, 125871, 11/11/2018 04:00:08, FP_DM_PRIOR, 0.2, 0.4, 51, 0.1, 0, 0, 2, 16, 197, 5, 0.1, 5.1, 14.2
1, 125872, 11/11/2018 04:20:02, FP_DM_PRIOR, 4.4, 6.7, 749.7, 1.3, 0, 0, 135, 3293, 3603, 2871, 1, 1800.8, 1504.4
1, 125873, 11/11/2018 04:40:03, FP_DM_PRIOR, 2.4, 3.3, 1302.7, 0.8, 0, 0, 1, 16, 20, 347, 0.1, 119.9, 276.8
1, 125874, 11/11/2018 05:00:15, FP_DM_PRIOR, 4.1, 4.7, 905, 0, 0, 0, 126, 3004, 3420, 1950, 0.6, 1403.2, 917.6
1, 125875, 11/11/2018 05:20:14, FP_DM_PRIOR, 3.1, 4.9, 1356, 1.4, 0, 0, 0, 0, 1, 975, 0.4, 304.8, 1396.1
1, 125876, 11/11/2018 05:40:16, FP_DM_PRIOR, 2.2, 2.7, 250.7, 0, 0, 0, 75, 1988, 2175, 1640, 0.5, 913.3, 726.8
1, 125877, 11/11/2018 06:00:25, FP_DM_PRIOR, 2.3, 4.2, 792.5, 1.3, 0, 0, 27, 592, 668, 987, 0.6, 537.6, 1352.9
1, 125878, 11/11/2018 06:20:11, FP_DM_PRIOR, 2.6, 3.1, 910.2, 0.4, 0, 0, 1, 16, 19, 721, 0.1, 105, 325.5
1, 125879, 11/11/2018 06:40:08, FP_DM_PRIOR, 2.9, 4.8, 571.4, 1.4, 0, 0, 99, 2508, 2656, 2721, 0.5, 1239.3, 477.5
1, 125910, 11/11/2018 17:00:08, FP_DM_PRIOR, 3.5, 4.6, 1324.5, 0.8, 0, 0, 94, 2432, 2539, 4111, 0.3, 1083.2, 383.8
1, 125911, 11/11/2018 17:20:07, FP_DM_PRIOR, 0.6, 0.8, 578, 0.1, 0, 0, 5, 80, 82, 16, 0.1, 33.6, 91.4
1, 125912, 11/11/2018 17:40:07, FP_DM_PRIOR, 2.5, 2.7, 454.1, 0, 0, 0, 99, 2354, 2483, 961, 0.2, 1400.8, 609.2
1, 125913, 11/11/2018 18:00:26, FP_DM_PRIOR, 0.4, 0.7, 429, 0.2, 0, 0, 0, 0, 56, 38, 0.1, 20.5, 289.5
1, 125914, 11/11/2018 18:20:28, FP_DM_PRIOR, 3.5, 3.8, 863.7, 0, 0, 0, 70, 1496, 1691, 1550, 0.3, 999.4, 321.5
1, 125915, 11/11/2018 18:40:08, FP_DM_PRIOR, 0.3, 0.4, 17.5, 0.1, 0, 0, 0, 0, 92, 22, 0, 2, 26.7
1, 125916, 11/11/2018 19:00:13, FP_DM_PRIOR, 10.4, 10.9, 8380.8, 0, 0, 0, 98, 2368, 2229, 4820, 0.5, 1104, 333.8
1, 125918, 11/11/2018 19:40:21, FP_DM_PRIOR, 2.8, 4.3, 5396.7, 1.2, 0, 0, 6, 112, 33, 556, 0.3, 329.4, 1191.6
1, 125919, 11/11/2018 20:00:02, FP_DM_PRIOR, 9.5, 21.8, 9357.6, 7.9, 0, 0, 72, 2064, 2289, 7545, 4.4, 649, 8786.7
1, 125920, 11/11/2018 20:20:11, FP_DM_PRIOR, 15.5, 26.6, 21098.5, 2.9, 0, 0, 68, 1912, 1764, 22133, 8.2, 1514.9, 15086.3
1, 125921, 11/11/2018 20:40:21, FP_DM_PRIOR, 8.4, 18.8, 14997.6, 2.5, 0, 0, 8, 212, 275, 5665, 7.9, 452.3, 20266.9
1, 125922, 11/11/2018 21:00:03, FP_DM_PRIOR, 13, 31.1, 9568.9, 10.8, 0, 0, 33, 1024, 1234, 12057, 7.3, 1152.4, 14955.4
1, 125923, 11/11/2018 21:20:10, FP_DM_PRIOR, 12.7, 23.3, 6438.5, 4.4, 0, 0, 3, 96, 97, 7983, 6.2, 454.8, 14303.5
1, 125924, 11/11/2018 21:40:01, FP_DM_PRIOR, 8.6, 20, 3265.1, 6.5, 0, 0, 48, 1024, 1295, 5925, 4.9, 877.4, 11735.6
1, 125925, 11/11/2018 22:00:16, FP_DM_PRIOR, 6.4, 13.6, 3560.1, 2.9, 0, 0, 9, 196, 353, 3094, 4.3, 451.2, 10184.3
1, 125926, 11/11/2018 22:20:12, FP_DM_PRIOR, 7.4, 16.1, 3058.9, 3.4, 0, 0, 1, 32, 78, 4489, 5.3, 375.3, 15633.3
1, 125927, 11/11/2018 22:40:19, FP_DM_PRIOR, 11.8, 23.1, 2236.1, 3.7, 0, 0, 113, 2872, 2923, 10970, 7.6, 1746, 17881.7
1, 125928, 11/11/2018 23:00:20, FP_DM_PRIOR, 7.1, 17.6, 3124, 5.4, 0, 0, 5, 80, 62, 4830, 5.1, 518.3, 15537.5
1, 125929, 11/11/2018 23:20:06, FP_DM_PRIOR, 9.5, 20, 1984.5, 5.7, 0, 0, 107, 2812, 2759, 11283, 4.8, 1611.7, 19114.2
1, 125930, 11/11/2018 23:40:09, FP_DM_PRIOR, 6.4, 16.2, 1762.2, 6.5, 0, 0, 1, 16, 16, 4290, 3.3, 498.5, 19539.2
1, 125860, 11/11/2018 00:20:38, HDP_UNLOAD_GROUP, 5.8, 16.9, 878.7, 10.1, 4, 0, 8, 80, 328, 17747, 1, 4286.7, 560.4
1, 125861, 11/11/2018 00:42:19, HDP_UNLOAD_GROUP, 11.5, 26.4, 1427.5, 13, 0, 0, 22, 172, 334, 16620, 1.9, 942.1, 1457.1
1, 125862, 11/11/2018 01:00:03, HDP_UNLOAD_GROUP, 10.4, 17.9, 1098.4, 5.9, 0, 0, 111, 904, 1715, 12105, 1.6, 1346, 2702.7
1, 125863, 11/11/2018 01:20:26, HDP_UNLOAD_GROUP, 12, 19.3, 1474.6, 5.3, 0, 0, 22, 172, 326, 12835, 2, 768.8, 1934.4
1, 125864, 11/11/2018 01:40:06, HDP_UNLOAD_GROUP, 12.2, 19, 1526.2, 5.9, 0, 0, 37, 304, 570, 13244, 0.9, 1014.9, 1200.9
1, 125865, 11/11/2018 02:00:12, HDP_UNLOAD_GROUP, 10.4, 12.3, 853.5, 1.1, 0, 0, 56, 456, 823, 6470, 0.8, 724.9, 1760.7
1, 125866, 11/11/2018 02:20:18, HDP_UNLOAD_GROUP, 5.9, 7, 433.6, 0.4, 0, 0, 71, 568, 1066, 2267, 0.7, 543.7, 2570.3
1, 125867, 11/11/2018 02:40:06, HDP_UNLOAD_GROUP, 3, 3.9, 267.2, 0.4, 0, 0, 10, 80, 144, 699, 0.5, 258.6, 2210.1
1, 125868, 11/11/2018 03:00:10, HDP_UNLOAD_GROUP, 1.2, 1.7, 93.9, 0, 0, 0, 16, 188, 331, 135, 0.5, 132.3, 1475.3
1, 125869, 11/11/2018 03:20:32, HDP_UNLOAD_GROUP, 0, 0, 0.3, 0, 0, 0, 12, 128, 202, 0, 0, 13.8, 0.5
1, 125871, 11/11/2018 04:00:08, HDP_UNLOAD_GROUP, 0, 0, 0.1, 0, 0, 0, 4, 32, 90, 0, 0, 0, 0.2
1, 125861, 11/11/2018 00:42:19, ODS_SUPPORT_GROUP, 0, 0, 4.6, 0, 0, 0, 0, 0, 8, 2, 0, 0, 0
1, 125862, 11/11/2018 01:00:03, ODS_SUPPORT_GROUP, 0, 0, 4.1, 0, 0, 0, 0, 0, 8, 3, 0, 0, 0
1, 125863, 11/11/2018 01:20:26, ODS_SUPPORT_GROUP, 0, 0, 3.4, 0, 0, 0, 0, 0, 10, 3, 0, 0, 0
1, 125864, 11/11/2018 01:40:06, ODS_SUPPORT_GROUP, 0, 0, 3, 0, 0, 0, 0, 0, 6, 2, 0, 0, 0
1, 125865, 11/11/2018 02:00:12, ODS_SUPPORT_GROUP, 0, 0, 0.1, 0, 0, 0, 0, 0, 8, 1, 0, 0, 0
1, 125866, 11/11/2018 02:20:18, ODS_SUPPORT_GROUP, 0, 0, 2.1, 0, 0, 0, 0, 0, 10, 2, 0, 0, 0
1, 125867, 11/11/2018 02:40:06, ODS_SUPPORT_GROUP, 0, 0, 1.2, 0, 0, 0, 0, 0, 9, 0, 0, 0, 0
1, 125869, 11/11/2018 03:20:32, ODS_SUPPORT_GROUP, 0, 0, 0.7, 0, 0, 0, 0, 0, 10, 0, 0, 0, 0
1, 125870, 11/11/2018 03:40:47, ODS_SUPPORT_GROUP, 0, 0, 0, 0, 0, 0, 0, 0, 10, 0, 0, 0, 0
1, 125871, 11/11/2018 04:00:08, ODS_SUPPORT_GROUP, 0, 0, 1.1, 0, 0, 0, 0, 0, 7, 1, 0, 0, 0
1, 125872, 11/11/2018 04:20:02, ODS_SUPPORT_GROUP, 0, 0, 1.4, 0, 0, 0, 0, 0, 9, 0, 0, 0, 0
1, 125873, 11/11/2018 04:40:03, ODS_SUPPORT_GROUP, 0, 0, 0.7, 0, 0, 0, 0, 0, 8, 0, 0, 0, 0
1, 125875, 11/11/2018 05:20:14, ODS_SUPPORT_GROUP, 0, 0, 0.2, 0, 0, 0, 0, 0, 10, 0, 0, 0, 0
1, 125876, 11/11/2018 05:40:16, ODS_SUPPORT_GROUP, 0, 0, 0.5, 0, 0, 0, 0, 0, 8, 0, 0, 0, 0
1, 125877, 11/11/2018 06:00:25, ODS_SUPPORT_GROUP, 0, 0, 0.6, 0, 0, 0, 0, 0, 7, 1, 0, 0, 0
1, 125878, 11/11/2018 06:20:11, ODS_SUPPORT_GROUP, 0, 0, 3.1, 0, 0, 0, 0, 0, 9, 3, 0, 0, 0
1, 125879, 11/11/2018 06:40:08, ODS_SUPPORT_GROUP, 0, 0, 1.4, 0, 0, 0, 0, 0, 4, 0, 0, 0, 0
1, 125913, 11/11/2018 18:00:26, ODS_SUPPORT_GROUP, 0, 0, 0, 0, 0, 0, 0, 0, 6, 0, 0, 0, 0
1, 125916, 11/11/2018 19:00:13, ODS_SUPPORT_GROUP, 0, 0, 0.6, 0, 0, 0, 0, 0, 8, 0, 0, 0, 0
1, 125918, 11/11/2018 19:40:21, ODS_SUPPORT_GROUP, 0, 0, 0.4, 0, 0, 0, 0, 0, 8, 0, 0, 0, 0
1, 125919, 11/11/2018 20:00:02, ODS_SUPPORT_GROUP, 0, 0, 1.3, 0, 0, 0, 0, 0, 8, 6, 0, 0, 0
1, 125920, 11/11/2018 20:20:11, ODS_SUPPORT_GROUP, 0, 0, 0, 0, 0, 0, 0, 0, 6, 0, 0, 0, 0
1, 125921, 11/11/2018 20:40:21, ODS_SUPPORT_GROUP, 0, 0, 1, 0, 0, 0, 0, 0, 8, 0, 0, 0, 0
1, 125924, 11/11/2018 21:40:01, ODS_SUPPORT_GROUP, 0, 0, 2.3, 0, 0, 0, 0, 0, 8, 12, 0, 0, 0
1, 125926, 11/11/2018 22:20:12, ODS_SUPPORT_GROUP, 0, 0, 1.8, 0, 0, 0, 0, 0, 10, 2, 0, 0, 0
1, 125928, 11/11/2018 23:00:20, ODS_SUPPORT_GROUP, 0, 0, 0, 0, 0, 0, 0, 0, 8, 3, 0, 0, 0
1, 125929, 11/11/2018 23:20:06, ODS_SUPPORT_GROUP, 0, 0, 1, 0, 0, 0, 0, 0, 7, 0, 0, 0, 0
1, 125859, 11/11/2018 00:00:19, OTHER_GROUPS, 21.6, 35.4, 15521.3, 10.2, 0, 0, 0, 0, 6955, 20528, 3.6, 1151.2, 1949.7
1, 125860, 11/11/2018 00:20:38, OTHER_GROUPS, 21.2, 53.2, 17280.5, 28.9, 0, 0, 0, 0, 6380, 19701, 3.1, 1087, 2110.6
1, 125861, 11/11/2018 00:42:19, OTHER_GROUPS, 22, 46.2, 14074.8, 21.7, 0, 0, 2, 46, 3978, 15326, 2.5, 934.5, 2248
1, 125862, 11/11/2018 01:00:03, OTHER_GROUPS, 23.7, 48.1, 15189.5, 21.2, 0, 0, 0, 0, 5746, 22638, 3.2, 866.7, 2542.9
1, 125863, 11/11/2018 01:20:26, OTHER_GROUPS, 22.3, 32.4, 13676.6, 6.8, 0, 0, 0, 0, 6012, 17678, 3.3, 888.8, 2903
1, 125864, 11/11/2018 01:40:06, OTHER_GROUPS, 17.9, 27.8, 15836, 7.8, 0, 0, 0, 0, 6085, 11582, 2.1, 887.7, 1866.8
1, 125865, 11/11/2018 02:00:12, OTHER_GROUPS, 16.8, 28.9, 14692.9, 9.5, 0, 0, 2, 32, 6296, 9783, 2.6, 2695.7, 1444.7
1, 125866, 11/11/2018 02:20:18, OTHER_GROUPS, 15, 20.5, 14410, 3.5, 0, 0, 0, 0, 5852, 6721, 2, 1171.2, 1299.4
1, 125867, 11/11/2018 02:40:06, OTHER_GROUPS, 13.4, 16.7, 13959.2, 1.5, 0, 0, 0, 0, 5616, 3926, 1.8, 1193.7, 977.3
1, 125868, 11/11/2018 03:00:10, OTHER_GROUPS, 13.3, 17.7, 14486, 2.8, 0, 0, 0, 0, 5235, 3943, 1.6, 1219.3, 941.7
1, 125869, 11/11/2018 03:20:32, OTHER_GROUPS, 15.8, 22.5, 14789.1, 4.3, 0, 0, 0, 0, 5431, 7377, 2.4, 1235.1, 1931.9
1, 125870, 11/11/2018 03:40:47, OTHER_GROUPS, 15.8, 38.7, 14210.5, 12.9, 0, 0, 0, 0, 4978, 7780, 10, 987.9, 2756.3
1, 125871, 11/11/2018 04:00:08, OTHER_GROUPS, 19.1, 44, 30004.4, 16.6, 0, 0, 0, 0, 5746, 12314, 8.3, 1102.6, 3503
1, 125872, 11/11/2018 04:20:02, OTHER_GROUPS, 25.3, 36.4, 48695.6, 7.3, 0, 0, 0, 0, 4698, 16694, 3.8, 1627, 3063.8
1, 125873, 11/11/2018 04:40:03, OTHER_GROUPS, 23.7, 73.6, 45932.1, 46.1, 0, 0, 0, 0, 5145, 16906, 3.8, 1615, 3793.7
1, 125874, 11/11/2018 05:00:15, OTHER_GROUPS, 20.6, 43.3, 13492.6, 13.7, 0, 0, 0, 0, 4721, 19527, 9, 862.2, 6707.1
1, 125875, 11/11/2018 05:20:14, OTHER_GROUPS, 24.9, 56.2, 15265.4, 18.3, 0, 0, 0, 0, 5540, 26152, 13, 1029, 8534.4
1, 125876, 11/11/2018 05:40:16, OTHER_GROUPS, 23.4, 67.6, 15864.6, 31.2, 0, 0, 0, 0, 5432, 24669, 13, 1093, 8635.9
1, 125877, 11/11/2018 06:00:25, OTHER_GROUPS, 36.6, 79.7, 17827.1, 26.7, 0, 0, 1, 64, 7253, 43955, 16.4, 1513.9, 12836.5
1, 125878, 11/11/2018 06:20:11, OTHER_GROUPS, 26.7, 74.4, 16451.3, 33.4, 0, 0, 0, 0, 5835, 24135, 14.3, 1491.1, 8821
1, 125879, 11/11/2018 06:40:08, OTHER_GROUPS, 20.4, 63.4, 14153.4, 32.2, 0, 0, 2, 48, 6160, 17876, 10.8, 1174.1, 6658.3
1, 125880, 11/11/2018 07:00:18, OTHER_GROUPS, 30, 65.8, 3648.7, 20.8, 0, 0, 31, 696, 7555, 43805, 15, 1422.3, 10772.9
1, 125881, 11/11/2018 07:20:03, OTHER_GROUPS, 28.9, 61.6, 3309.6, 14.2, 0, 0, 2, 48, 5255, 37202, 18.5, 1033.2, 9658
1, 125882, 11/11/2018 07:40:03, OTHER_GROUPS, 38.3, 63, 4705.2, 4.8, 14, 0, 101, 2456, 8382, 56051, 19.9, 2238.2, 10986
1, 125883, 11/11/2018 08:00:02, OTHER_GROUPS, 32.2, 77.1, 4499.5, 35.4, 0, 0, 8, 147, 6399, 51254, 9.5, 1714.6, 7208.9
1, 125884, 11/11/2018 08:20:13, OTHER_GROUPS, 31.1, 39.3, 3622.8, 2.5, 0, 0, 2, 48, 5319, 47114, 5.7, 1347.8, 6932.8
1, 125885, 11/11/2018 08:40:22, OTHER_GROUPS, 22.8, 40.7, 5307.9, 13.8, 1, 0, 137, 3310, 9672, 19993, 4.1, 6333.8, 4480.3
1, 125886, 11/11/2018 09:00:24, OTHER_GROUPS, 22.4, 34.8, 3286.9, 8.5, 0, 0, 1, 16, 4324, 59800, 3.9, 1213.8, 3788.6
1, 125887, 11/11/2018 09:20:15, OTHER_GROUPS, 30.4, 47.7, 7124.2, 13.5, 0, 0, 91, 1993, 8669, 32277, 3.8, 3086.3, 4305.9
1, 125888, 11/11/2018 09:40:40, OTHER_GROUPS, 22.6, 30.6, 7752.8, 5.3, 0, 0, 5, 96, 4856, 17234, 2.7, 1306.4, 3300.4
1, 125889, 11/11/2018 10:00:11, OTHER_GROUPS, 23.1, 27.8, 3263.3, 1.5, 0, 0, 1, 32, 6071, 19685, 3.2, 1070.8, 2641.2
1, 125890, 11/11/2018 10:20:03, OTHER_GROUPS, 22.6, 33.4, 4576.8, 7.6, 0, 0, 117, 2920, 8926, 16627, 3.2, 2332.1, 2459.1
1, 125891, 11/11/2018 10:40:16, OTHER_GROUPS, 18.8, 24.9, 3226.4, 3.2, 0, 0, 0, 0, 6401, 12468, 2.9, 1307.8, 2415.7
1, 125892, 11/11/2018 11:00:20, OTHER_GROUPS, 22, 27.6, 4167.4, 2, 0, 0, 128, 3152, 9356, 17158, 3.6, 2535.9, 3493.4
1, 125893, 11/11/2018 11:20:28, OTHER_GROUPS, 18.8, 21.5, 3297.9, 0.3, 0, 0, 1, 16, 7109, 12341, 2.4, 1233, 3373.1
1, 125894, 11/11/2018 11:40:05, OTHER_GROUPS, 22.7, 29.8, 5691.5, 4.3, 0, 0, 127, 3136, 10826, 18401, 2.8, 3146.3, 4107.7
1, 125895, 11/11/2018 12:00:16, OTHER_GROUPS, 25.8, 45.7, 5155.2, 14.7, 0, 0, 11, 128, 5916, 27864, 5.2, 2620.1, 9631.5
1, 125896, 11/11/2018 12:20:32, OTHER_GROUPS, 26.6, 34.2, 5297.2, 3.9, 1, 0, 119, 2758, 8657, 29313, 3.7, 3768.1, 6840.6
1, 125897, 11/11/2018 12:40:02, OTHER_GROUPS, 22.5, 32.3, 5868.7, 6.7, 0, 0, 3, 48, 4541, 22021, 3.1, 1371.3, 9651
1, 125898, 11/11/2018 13:00:00, OTHER_GROUPS, 26.5, 30, 5488.3, 0, 0, 0, 49, 1164, 6829, 27851, 3.5, 1674.8, 6312.2
1, 125899, 11/11/2018 13:20:04, OTHER_GROUPS, 30.2, 40.9, 6372.9, 8.5, 0, 0, 8, 144, 5812, 63819, 2.2, 1397.2, 3509.2
1, 125900, 11/11/2018 13:40:07, OTHER_GROUPS, 34.1, 40.9, 35082.6, 4.3, 0, 0, 10, 184, 5942, 34696, 2.5, 1491.8, 4022.4
1, 125901, 11/11/2018 14:00:15, OTHER_GROUPS, 28.4, 32.8, 20165.9, 1.4, 0, 0, 29, 712, 6409, 32810, 3, 1794.4, 3797.6
1, 125902, 11/11/2018 14:20:20, OTHER_GROUPS, 22, 26.5, 6850.9, 1.7, 0, 0, 108, 2496, 8726, 18531, 2.8, 2784.8, 4964.8
1, 125903, 11/11/2018 14:40:12, OTHER_GROUPS, 21.6, 24.3, 10650.5, 0, 0, 0, 1, 16, 6039, 15496, 2.7, 1341.8, 5630.7
1, 125904, 11/11/2018 15:00:26, OTHER_GROUPS, 23.2, 28.6, 11377.2, 2.1, 0, 0, 11, 272, 6300, 16860, 3.3, 2045.2, 8044.9
1, 125905, 11/11/2018 15:20:36, OTHER_GROUPS, 19.8, 22.2, 7823.7, 0, 0, 0, 1, 16, 6243, 10960, 2.4, 1438.1, 5406.2
1, 125906, 11/11/2018 15:40:01, OTHER_GROUPS, 21.8, 24.8, 8549.5, 0, 0, 0, 90, 2304, 8864, 14258, 3, 2719, 7067.3
1, 125907, 11/11/2018 16:00:08, OTHER_GROUPS, 14.4, 16.8, 4317, 0, 0, 0, 3, 72, 6898, 8152, 2.4, 1562.1, 4986.7
1, 125908, 11/11/2018 16:20:15, OTHER_GROUPS, 15.7, 21.2, 3602.2, 3.6, 3, 0, 75, 1776, 8596, 8695, 1.9, 2510.1, 4454.8
1, 125909, 11/11/2018 16:40:24, OTHER_GROUPS, 11.1, 15.4, 3583.7, 2.5, 0, 0, 0, 0, 8416, 6285, 1.8, 1976.4, 3140
1, 125910, 11/11/2018 17:00:08, OTHER_GROUPS, 10.7, 20.6, 15353.8, 7.7, 0, 0, 0, 0, 5950, 4362, 2.2, 1472.1, 2395.8
1, 125911, 11/11/2018 17:20:07, OTHER_GROUPS, 10.4, 15.5, 14172.4, 3.4, 0, 0, 0, 0, 6627, 3623, 1.7, 1450.6, 2544.6
1, 125912, 11/11/2018 17:40:07, OTHER_GROUPS, 11.7, 17.2, 15184.4, 3.9, 0, 0, 0, 0, 5326, 5007, 1.6, 1173.9, 3263.4
1, 125913, 11/11/2018 18:00:26, OTHER_GROUPS, 15.9, 36, 17458.6, 17.8, 0, 0, 0, 0, 5302, 7598, 2.3, 938.6, 2509.9
1, 125914, 11/11/2018 18:20:28, OTHER_GROUPS, 14.8, 22, 12718.3, 5.7, 0, 0, 0, 0, 4884, 8613, 1.5, 793.1, 1800.3
1, 125915, 11/11/2018 18:40:08, OTHER_GROUPS, 14.5, 22.6, 14627.9, 6.7, 0, 0, 0, 0, 5906, 8082, 1.4, 926.7, 2077.1
1, 125916, 11/11/2018 19:00:13, OTHER_GROUPS, 13.3, 21.8, 14692.3, 6, 0, 0, 0, 0, 6270, 7207, 2.5, 1043.6, 2389.2
1, 125917, 11/11/2018 19:20:19, OTHER_GROUPS, 13.2, 30.3, 21205.9, 15, 0, 0, 0, 0, 6737, 5980, 2.1, 1154.7, 2610.7
1, 125918, 11/11/2018 19:40:21, OTHER_GROUPS, 12.8, 18, 14475.9, 3.4, 0, 0, 0, 0, 5846, 5161, 1.8, 1314, 2290.1
1, 125919, 11/11/2018 20:00:02, OTHER_GROUPS, 15.6, 32.4, 16620.1, 14.3, 0, 0, 0, 0, 5748, 11394, 2.5, 833.1, 1864.9
1, 125920, 11/11/2018 20:20:11, OTHER_GROUPS, 16.2, 29.8, 14771.3, 11.9, 0, 0, 0, 0, 5480, 11844, 1.7, 558, 1242.2
1, 125921, 11/11/2018 20:40:21, OTHER_GROUPS, 15.9, 27.1, 14607.6, 9.8, 0, 0, 0, 0, 5329, 10782, 1.4, 612.3, 1199.3
1, 125922, 11/11/2018 21:00:03, OTHER_GROUPS, 15.9, 30.9, 16122.9, 12, 0, 0, 0, 0, 6249, 9076, 3, 796.3, 1459
1, 125923, 11/11/2018 21:20:10, OTHER_GROUPS, 17.7, 29.1, 14326.2, 9.7, 0, 0, 0, 0, 5501, 11460, 1.7, 716.7, 1592.2
1, 125924, 11/11/2018 21:40:01, OTHER_GROUPS, 16, 40.7, 15880.2, 22.9, 0, 0, 0, 0, 4709, 9972, 1.8, 621.6, 1601.8
1, 125925, 11/11/2018 22:00:16, OTHER_GROUPS, 17.8, 31.7, 15686.5, 11.2, 0, 0, 0, 0, 6394, 11049, 2.7, 730.3, 1787.2
1, 125926, 11/11/2018 22:20:12, OTHER_GROUPS, 16.9, 28.1, 15099.9, 8.5, 0, 0, 0, 0, 4988, 10462, 2.7, 689.8, 1641.5
1, 125927, 11/11/2018 22:40:19, OTHER_GROUPS, 17.8, 27.3, 14933.7, 7.2, 0, 0, 0, 0, 5609, 11144, 2.3, 680.7, 1220.1
1, 125928, 11/11/2018 23:00:20, OTHER_GROUPS, 19.3, 37.7, 17306.9, 15.6, 0, 0, 0, 0, 6407, 18217, 2.8, 1080.7, 5264.4
1, 125929, 11/11/2018 23:20:06, OTHER_GROUPS, 20.9, 38.9, 19671.2, 13.4, 0, 0, 0, 0, 5367, 24682, 4.6, 1451.9, 18649.4
1, 125930, 11/11/2018 23:40:09, OTHER_GROUPS, 18.5, 31.7, 16808.2, 11.1, 0, 0, 1, 64, 5892, 17516, 2.1, 1111.7, 5268.2
2, 125859, 11/11/2018 00:00:19, ADW_UNLOAD_GROUP, 0.4, 0.4, 2981.6, 0, 0, 0, 0, 0, 403, 0, 0, 2, 9.9
2, 125860, 11/11/2018 00:20:38, ADW_UNLOAD_GROUP, 0.5, 0.7, 3304, 0.2, 0, 0, 0, 0, 671, 1, 0, 2.6, 26.9
2, 125861, 11/11/2018 00:40:06, ADW_UNLOAD_GROUP, 0.4, 0.5, 4583.3, 0, 0, 0, 0, 0, 514, 3, 0.1, 2.5, 123.1
2, 125862, 11/11/2018 01:00:03, ADW_UNLOAD_GROUP, 0.7, 3.7, 8180.5, 2.6, 0, 0, 0, 0, 297, 3, 0.4, 6.7, 690.7
2, 125863, 11/11/2018 01:20:26, ADW_UNLOAD_GROUP, 13, 15.5, 7364.6, 1.6, 63, 0.6, 63, 1830, 3338, 7294, 0.9, 7067.9, 1029.1
2, 125864, 11/11/2018 01:40:03, ADW_UNLOAD_GROUP, 31.8, 36.6, 18240.4, 3.4, 45, 1.1, 57, 1496, 20755, 18658, 1.4, 18631.4, 1885.8
2, 125865, 11/11/2018 02:00:11, ADW_UNLOAD_GROUP, 17.8, 19, 7555.7, 0.3, 8, 0.1, 52, 1406, 2351, 12349, 0.9, 11114.5, 840.7
2, 125866, 11/11/2018 02:20:18, ADW_UNLOAD_GROUP, 1.2, 1.4, 4256, 0, 0, 0, 16, 420, 602, 301, 0.2, 1258.6, 134
2, 125867, 11/11/2018 02:40:06, ADW_UNLOAD_GROUP, 0.4, 0.4, 2084.3, 0, 0, 0, 0, 0, 127, 2, 0, 1.4, 29.5
2, 125868, 11/11/2018 03:00:11, ADW_UNLOAD_GROUP, 0.4, 0.5, 2691.5, 0.1, 0, 0, 0, 0, 288, 3, 0, 1.8, 57.6
2, 125869, 11/11/2018 03:20:33, ADW_UNLOAD_GROUP, 0.5, 1.3, 5226.7, 0.7, 0, 0, 0, 0, 153, 2, 0.1, 3.1, 185.2
2, 125870, 11/11/2018 03:40:46, ADW_UNLOAD_GROUP, 0.4, 0.5, 2675.5, 0.1, 0, 0, 0, 0, 110, 1, 0, 2.1, 51.6
2, 125871, 11/11/2018 04:00:08, ADW_UNLOAD_GROUP, 0.4, 0.4, 1910.8, 0, 0, 0, 0, 0, 255, 0, 0, 2.7, 38.2
2, 125872, 11/11/2018 04:20:02, ADW_UNLOAD_GROUP, 0.4, 0.4, 3077.4, 0, 0, 0, 0, 0, 326, 0, 0, 2, 25.5
2, 125873, 11/11/2018 04:40:03, ADW_UNLOAD_GROUP, 0.5, 0.7, 3951.5, 0.2, 0, 0, 0, 0, 437, 2, 0, 2.6, 44.4
2, 125874, 11/11/2018 05:00:14, ADW_UNLOAD_GROUP, 0.4, 0.4, 4145.5, 0, 0, 0, 0, 0, 298, 1, 0, 2.3, 58.4
2, 125875, 11/11/2018 05:20:13, ADW_UNLOAD_GROUP, 0.4, 0.4, 1665.6, 0, 0, 0, 0, 0, 364, 0, 0, 2.3, 24.2
2, 125876, 11/11/2018 05:40:17, ADW_UNLOAD_GROUP, 0.5, 1.8, 7301.5, 1.2, 0, 0, 0, 0, 346, 0, 0.1, 4, 240.1
2, 125877, 11/11/2018 06:00:24, ADW_UNLOAD_GROUP, 36.5, 44, 60809.1, 6, 0, 0, 0, 0, 813, 26474, 1.5, 1840.5, 3537.7
2, 125878, 11/11/2018 06:20:11, ADW_UNLOAD_GROUP, 39.7, 45.8, 74895.8, 4, 0, 0, 2, 56, 412, 15877, 2.1, 765.6, 5616.1
2, 125879, 11/11/2018 06:40:19, ADW_UNLOAD_GROUP, 27.7, 30.9, 52114.7, 2.4, 0, 0, 0, 0, 271, 9575, 0.8, 451.8, 1809.6
2, 125910, 11/11/2018 17:00:03, ADW_UNLOAD_GROUP, 0.2, 0.8, 711.1, 0, 0, 0, 0, 0, 274, 0, 0.6, 8, 1000.6
2, 125911, 11/11/2018 17:20:07, ADW_UNLOAD_GROUP, 0.2, 0.8, 511.9, 0, 0, 0, 0, 0, 420, 0, 0.6, 8.5, 1058.2
2, 125912, 11/11/2018 17:40:07, ADW_UNLOAD_GROUP, 0.1, 1, 838.1, 0.3, 0, 0, 0, 0, 675, 0, 0.6, 5.2, 662.2
2, 125913, 11/11/2018 18:00:25, ADW_UNLOAD_GROUP, 0.2, 0.9, 747.4, 0.1, 0, 0, 0, 0, 497, 0, 0.6, 7.1, 890.7
2, 125914, 11/11/2018 18:20:23, ADW_UNLOAD_GROUP, 0.2, 0.7, 630.6, 0, 0, 0, 0, 0, 529, 0, 0.5, 7.3, 915.2
2, 125915, 11/11/2018 18:40:08, ADW_UNLOAD_GROUP, 0.2, 0.8, 477.8, 0, 0, 0, 0, 0, 376, 0, 0.6, 7.8, 973.9
2, 125916, 11/11/2018 19:00:14, ADW_UNLOAD_GROUP, 0.5, 1.3, 860.4, 0.2, 0, 0, 0, 0, 609, 6, 0.6, 7.8, 980.6
2, 125918, 11/11/2018 19:40:21, ADW_UNLOAD_GROUP, 0.5, 1.3, 814.8, 0.2, 0, 0, 0, 0, 431, 7, 0.6, 8, 1002.2
2, 125919, 11/11/2018 20:00:02, ADW_UNLOAD_GROUP, 0.4, 1.3, 750, 0.3, 0, 0, 0, 0, 628, 14, 0.6, 6.4, 806.6
2, 125920, 11/11/2018 20:20:11, ADW_UNLOAD_GROUP, 0.3, 1, 625.8, 0, 0, 0, 0, 0, 578, 6, 0.7, 7.9, 1001.3
2, 125921, 11/11/2018 20:40:21, ADW_UNLOAD_GROUP, 0.2, 0.8, 685.3, 0, 0, 0, 0, 0, 622, 1, 0.6, 8.8, 1115.8
2, 125922, 11/11/2018 21:00:03, ADW_UNLOAD_GROUP, 0.2, 0.8, 687.6, 0, 0, 0, 0, 0, 664, 0, 0.6, 7.7, 972.2
2, 125923, 11/11/2018 21:20:10, ADW_UNLOAD_GROUP, 0.2, 0.8, 662.1, 0, 0, 0, 0, 0, 483, 0, 0.6, 8.6, 1092
2, 125924, 11/11/2018 21:40:00, ADW_UNLOAD_GROUP, 0.2, 0.7, 574.9, 0, 0, 0, 0, 0, 698, 0, 0.5, 7.6, 958
2, 125925, 11/11/2018 22:00:06, ADW_UNLOAD_GROUP, 0.9, 1.5, 1070.9, 0, 0, 0, 0, 0, 548, 73, 0.6, 9.1, 989.4
2, 125926, 11/11/2018 22:20:11, ADW_UNLOAD_GROUP, 3.3, 4.6, 1676.7, 0, 0, 0, 29, 888, 1521, 794, 1.3, 775.4, 944.5
2, 125927, 11/11/2018 22:40:16, ADW_UNLOAD_GROUP, 1.2, 1.8, 619.8, 0, 0, 0, 7, 208, 901, 210, 0.6, 26.1, 1023.4
2, 125928, 11/11/2018 23:00:20, ADW_UNLOAD_GROUP, 0.7, 1.3, 472.2, 0, 0, 0, 14, 432, 1163, 96, 0.6, 8.3, 972.2
2, 125929, 11/11/2018 23:20:06, ADW_UNLOAD_GROUP, 0.4, 1, 272.8, 0, 0, 0, 1, 8, 700, 14, 0.6, 9.5, 1032.4
2, 125930, 11/11/2018 23:40:09, ADW_UNLOAD_GROUP, 0.2, 0.8, 438.2, 0, 0, 0, 0, 0, 329, 0, 0.6, 7.8, 992.3
2, 125859, 11/11/2018 00:00:19, FP_DM_PRIOR, 5.8, 6.8, 8675.1, 0.7, 0, 0, 28, 752, 608, 1659, 0.3, 209.7, 241.4
2, 125860, 11/11/2018 00:20:38, FP_DM_PRIOR, 2.6, 2.9, 3864.3, 0, 0, 0, 50, 1408, 1152, 513, 0.3, 65.9, 48
2, 125861, 11/11/2018 00:40:06, FP_DM_PRIOR, 3.9, 6.8, 4191.3, 2.6, 0, 0, 54, 1256, 1320, 1239, 0.3, 961.4, 610.1
2, 125862, 11/11/2018 01:00:03, FP_DM_PRIOR, 4, 6.7, 4169.3, 2.1, 0, 0, 13, 336, 280, 1536, 0.6, 278.5, 1532.3
2, 125863, 11/11/2018 01:20:26, FP_DM_PRIOR, 0.5, 0.5, 2930.9, 0, 0, 0, 0, 0, 0, 106, 0, 3.6, 0.5
2, 125864, 11/11/2018 01:40:03, FP_DM_PRIOR, 2.3, 2.6, 3946.9, 0.2, 0, 0, 19, 272, 420, 1179, 0.1, 38.8, 44.6
2, 125865, 11/11/2018 02:00:11, FP_DM_PRIOR, 5.7, 8.7, 4726.8, 2.4, 0, 0, 11, 240, 378, 4894, 0.6, 646.1, 1044.8
2, 125866, 11/11/2018 02:20:18, FP_DM_PRIOR, 4.3, 5.5, 3797.3, 0.8, 0, 0, 4, 64, 32, 1931, 0.4, 262.9, 1172.4
2, 125867, 11/11/2018 02:40:06, FP_DM_PRIOR, 9, 10.8, 4399.4, 0.7, 0, 0, 5, 128, 261, 6738, 1.1, 619, 2426.5
2, 125868, 11/11/2018 03:00:11, FP_DM_PRIOR, 5.7, 6.8, 4380, 0.5, 0, 0, 1, 16, 16, 2194, 0.6, 295.6, 1098.7
2, 125869, 11/11/2018 03:20:33, FP_DM_PRIOR, 7.3, 9.2, 5227.4, 1.2, 0, 0, 13, 197, 408, 3699, 0.7, 559.9, 1227.1
2, 125870, 11/11/2018 03:40:46, FP_DM_PRIOR, 4.4, 7.6, 4964.9, 2.4, 0, 0, 1, 16, 32, 1515, 0.8, 394, 2151
2, 125871, 11/11/2018 04:00:08, FP_DM_PRIOR, 2.7, 3.7, 4939.1, 1, 0, 0, 1, 16, 16, 418, 0, 84.7, 6.8
2, 125872, 11/11/2018 04:20:02, FP_DM_PRIOR, 6, 8.7, 3764.2, 2.1, 0, 0, 10, 184, 329, 2044, 0.6, 613.9, 1876
2, 125873, 11/11/2018 04:40:03, FP_DM_PRIOR, 1.9, 2.2, 4716, 0.3, 0, 0, 1, 32, 32, 423, 0, 99.2, 6.1
2, 125874, 11/11/2018 05:00:14, FP_DM_PRIOR, 4.1, 5.7, 3909.6, 1.4, 0, 0, 18, 480, 534, 1690, 0.2, 703.6, 638.7
2, 125875, 11/11/2018 05:20:13, FP_DM_PRIOR, 2, 3.4, 2440.1, 1.2, 0, 0, 1, 16, 19, 261, 0.2, 174.5, 1482.6
2, 125876, 11/11/2018 05:40:17, FP_DM_PRIOR, 5.8, 6.7, 5130.8, 0.8, 0, 0, 36, 752, 1053, 3163, 0.1, 702.7, 138.1
2, 125877, 11/11/2018 06:00:24, FP_DM_PRIOR, 4.8, 7.4, 3540.3, 1.7, 0, 0, 5, 120, 228, 1823, 0.9, 248.8, 1862.5
2, 125878, 11/11/2018 06:20:11, FP_DM_PRIOR, 2.8, 2.8, 4697.8, 0, 0, 0, 0, 0, 1, 699, 0, 95.3, 7.6
2, 125879, 11/11/2018 06:40:19, FP_DM_PRIOR, 4.1, 7.1, 4229.5, 2.8, 0, 0, 7, 104, 371, 1363, 0.2, 226.9, 410.2
2, 125910, 11/11/2018 17:00:03, FP_DM_PRIOR, 4.2, 8.1, 1558.9, 3.4, 0, 0, 44, 968, 1237, 1383, 0.5, 952.1, 2204.5
2, 125911, 11/11/2018 17:20:07, FP_DM_PRIOR, 4, 5.8, 2010.6, 1.6, 0, 0, 2, 40, 32, 798, 0.2, 292.4, 860.8
2, 125912, 11/11/2018 17:40:07, FP_DM_PRIOR, 5.6, 7.8, 1739.6, 1.6, 0, 0, 45, 1128, 1243, 2982, 0.6, 547.6, 2165.6
2, 125913, 11/11/2018 18:00:25, FP_DM_PRIOR, 4.4, 5.6, 1782.5, 0.6, 0, 0, 1, 16, 18, 946, 0.6, 411.3, 1556.2
2, 125914, 11/11/2018 18:20:23, FP_DM_PRIOR, 5.8, 8.7, 1514.8, 2.3, 0, 0, 76, 2008, 2075, 3670, 0.6, 1217.8, 2767.1
2, 125915, 11/11/2018 18:40:08, FP_DM_PRIOR, 3.6, 4.2, 1437.5, 0.5, 0, 0, 1, 16, 20, 805, 0.1, 225.1, 322.9
2, 125916, 11/11/2018 19:00:14, FP_DM_PRIOR, 7.1, 9.9, 1865.5, 1.9, 0, 0, 62, 1633, 1983, 2690, 0.9, 1410.2, 3507.6
2, 125918, 11/11/2018 19:40:21, FP_DM_PRIOR, 3, 5, 863.3, 1.7, 0, 0, 3, 48, 90, 621, 0.3, 311.8, 1971.9
2, 125919, 11/11/2018 20:00:02, FP_DM_PRIOR, 3.5, 13.3, 645.3, 7.6, 0, 0, 83, 2196, 2535, 1153, 2.2, 233.1, 6221.6
2, 125920, 11/11/2018 20:20:11, FP_DM_PRIOR, 10.6, 20.3, 2916.5, 6.4, 0, 0, 69, 1568, 1820, 6415, 3.3, 1323.4, 15974.9
2, 125921, 11/11/2018 20:40:21, FP_DM_PRIOR, 8.8, 21.1, 3070.1, 9.7, 0, 0, 15, 336, 370, 4340, 2.6, 521.2, 17131.7
2, 125922, 11/11/2018 21:00:03, FP_DM_PRIOR, 7.2, 24.6, 2245.8, 14, 0, 0, 112, 2504, 2604, 3403, 3.4, 1326, 13096.9
2, 125923, 11/11/2018 21:20:10, FP_DM_PRIOR, 5.5, 21.7, 2090.5, 14.1, 0, 0, 0, 0, 18, 1849, 2.1, 215.6, 9132.7
2, 125924, 11/11/2018 21:40:00, FP_DM_PRIOR, 7.8, 30.6, 2952.3, 20.5, 0, 0, 86, 2280, 2237, 5894, 2.3, 1312.5, 8020.1
2, 125925, 11/11/2018 22:00:06, FP_DM_PRIOR, 8.1, 23.9, 3209.4, 11.5, 0, 0, 4, 64, 43, 4209, 4.3, 471.8, 14541.2
2, 125926, 11/11/2018 22:20:11, FP_DM_PRIOR, 6.5, 19.3, 1339.7, 8.7, 0, 0, 0, 0, 40, 3386, 4.1, 340.4, 22844.2
2, 125927, 11/11/2018 22:40:16, FP_DM_PRIOR, 10.5, 25, 2645, 9.3, 0, 0, 25, 528, 756, 7174, 5.2, 979.3, 23212
2, 125928, 11/11/2018 23:00:20, FP_DM_PRIOR, 6.4, 19.7, 2510.3, 10.1, 0, 0, 4, 112, 118, 2717, 3.2, 612.8, 12012.1
2, 125929, 11/11/2018 23:20:06, FP_DM_PRIOR, 9, 21.8, 3096.1, 9.4, 0, 0, 33, 624, 805, 4680, 3.4, 874.5, 16295
2, 125930, 11/11/2018 23:40:09, FP_DM_PRIOR, 6.4, 16.6, 2426.3, 7.3, 0, 0, 5, 80, 74, 3052, 2.9, 386.5, 13066.6
2, 125859, 11/11/2018 00:00:19, HDP_UNLOAD_GROUP, 4.2, 6.6, 7678.4, 2.3, 0, 0, 2, 32, 32, 1184, 0.1, 227.1, 19
2, 125860, 11/11/2018 00:20:38, HDP_UNLOAD_GROUP, 6.3, 16.3, 9068.1, 9.4, 0, 0, 35, 312, 583, 7491, 0.6, 6073.7, 96.9
2, 125861, 11/11/2018 00:40:06, HDP_UNLOAD_GROUP, 9.3, 23.1, 8497.4, 9.1, 0, 0, 79, 628, 1377, 6257, 4.7, 912.1, 833.6
2, 125862, 11/11/2018 01:00:03, HDP_UNLOAD_GROUP, 11.6, 27, 8866.2, 7.9, 0, 0, 35, 284, 517, 10578, 7.5, 1154.5, 1022.9
2, 125863, 11/11/2018 01:20:26, HDP_UNLOAD_GROUP, 12.2, 30.4, 9932.6, 11.5, 0, 0, 27, 212, 434, 17126, 6.7, 1033.3, 565
2, 125864, 11/11/2018 01:40:03, HDP_UNLOAD_GROUP, 11.6, 30.1, 11032.8, 11.7, 0, 0, 20, 160, 286, 19567, 6.8, 634.6, 514.7
2, 125865, 11/11/2018 02:00:11, HDP_UNLOAD_GROUP, 11.1, 25.5, 11479.6, 8.1, 0, 0, 20, 184, 305, 16528, 6.3, 626.4, 600.2
2, 125866, 11/11/2018 02:20:18, HDP_UNLOAD_GROUP, 5.5, 13.3, 8913.5, 1.1, 0, 0, 3, 32, 22, 2440, 6.7, 216.5, 1004.7
2, 125867, 11/11/2018 02:40:06, HDP_UNLOAD_GROUP, 6, 7.6, 7885.4, 0.9, 0, 0, 15, 136, 216, 2088, 0.7, 145.6, 95.8
2, 125868, 11/11/2018 03:00:11, HDP_UNLOAD_GROUP, 5.2, 6.9, 7676, 1.6, 0, 0, 12, 152, 205, 1642, 0.1, 200.9, 37.9
2, 125869, 11/11/2018 03:20:33, HDP_UNLOAD_GROUP, 4.4, 5, 6819.3, 0.6, 0, 0, 9, 72, 134, 1149, 0, 171.7, 1.8
2, 125870, 11/11/2018 03:40:46, HDP_UNLOAD_GROUP, 2.9, 3.6, 3001.8, 0.7, 0, 0, 1, 16, 0, 395, 0, 132.8, 0.1
2, 125871, 11/11/2018 04:00:08, HDP_UNLOAD_GROUP, 2.1, 2.5, 6649.7, 0.3, 0, 0, 9, 72, 122, 235, 0.1, 78.1, 9.1
2, 125925, 11/11/2018 22:00:06, HDP_UNLOAD_GROUP, 0.3, 0.4, 41.9, 0.1, 0, 0, 0, 0, 13, 33, 0, 2.8, 2.8
2, 125926, 11/11/2018 22:20:11, HDP_UNLOAD_GROUP, 0.2, 0.2, 33.2, 0, 0, 0, 0, 0, 0, 10, 0, 1, 0.2
2, 125859, 11/11/2018 00:00:19, ODS_SUPPORT_GROUP, 0, 0, 0.4, 0, 0, 0, 0, 0, 7, 0, 0, 0, 0
2, 125860, 11/11/2018 00:20:38, ODS_SUPPORT_GROUP, 0, 0, 0, 0, 0, 0, 0, 0, 7, 0, 0, 0, 0
2, 125861, 11/11/2018 00:40:06, ODS_SUPPORT_GROUP, 0, 0, 4.6, 0, 0, 0, 0, 0, 8, 3, 0, 0, 0
2, 125862, 11/11/2018 01:00:03, ODS_SUPPORT_GROUP, 0, 0, 0.4, 0, 0, 0, 0, 0, 8, 2, 0, 0, 0
2, 125863, 11/11/2018 01:20:26, ODS_SUPPORT_GROUP, 0, 0, 3.1, 0, 0, 0, 0, 0, 6, 0, 0, 0, 0
2, 125864, 11/11/2018 01:40:03, ODS_SUPPORT_GROUP, 0, 0.1, 12.4, 0.1, 0, 0, 0, 0, 10, 17, 0, 0, 0
2, 125865, 11/11/2018 02:00:11, ODS_SUPPORT_GROUP, 0, 0, 7.4, 0, 0, 0, 0, 0, 8, 21, 0, 0, 0
2, 125871, 11/11/2018 04:00:08, ODS_SUPPORT_GROUP, 0, 0, 1.8, 0, 0, 0, 0, 0, 9, 0, 0, 0, 0
2, 125872, 11/11/2018 04:20:02, ODS_SUPPORT_GROUP, 0, 0, 0, 0, 0, 0, 0, 0, 7, 0, 0, 0, 0
2, 125873, 11/11/2018 04:40:03, ODS_SUPPORT_GROUP, 0, 0, 1.7, 0, 0, 0, 0, 0, 8, 0, 0, 0, 0
2, 125874, 11/11/2018 05:00:14, ODS_SUPPORT_GROUP, 0, 0, 0.3, 0, 0, 0, 0, 0, 9, 2, 0, 0, 0
2, 125875, 11/11/2018 05:20:13, ODS_SUPPORT_GROUP, 0, 0, 0.8, 0, 0, 0, 0, 0, 6, 0, 0, 0, 0
2, 125876, 11/11/2018 05:40:17, ODS_SUPPORT_GROUP, 0, 0, 1, 0, 0, 0, 0, 0, 6, 0, 0, 0, 0
2, 125877, 11/11/2018 06:00:24, ODS_SUPPORT_GROUP, 0, 0, 2.4, 0, 0, 0, 0, 0, 9, 6, 0, 0, 0
2, 125879, 11/11/2018 06:40:19, ODS_SUPPORT_GROUP, 0, 0, 2.7, 0, 0, 0, 0, 0, 4, 1, 0, 0, 0
2, 125913, 11/11/2018 18:00:25, ODS_SUPPORT_GROUP, 0, 0, 1.5, 0, 0, 0, 0, 0, 8, 0, 0, 0, 0
2, 125916, 11/11/2018 19:00:14, ODS_SUPPORT_GROUP, 0, 0, 0.1, 0, 0, 0, 0, 0, 8, 1, 0, 0, 0
2, 125918, 11/11/2018 19:40:21, ODS_SUPPORT_GROUP, 0, 0, 0.5, 0, 0, 0, 0, 0, 8, 0, 0, 0, 0
2, 125919, 11/11/2018 20:00:02, ODS_SUPPORT_GROUP, 0, 0, 1.1, 0, 0, 0, 0, 0, 8, 1, 0, 0, 0
2, 125920, 11/11/2018 20:20:11, ODS_SUPPORT_GROUP, 0, 0, 1.3, 0, 0, 0, 0, 0, 10, 2, 0, 0, 0
2, 125921, 11/11/2018 20:40:21, ODS_SUPPORT_GROUP, 0, 0, 2.3, 0, 0, 0, 0, 0, 8, 0, 0, 0, 0
2, 125922, 11/11/2018 21:00:03, ODS_SUPPORT_GROUP, 0, 0, 1.4, 0, 0, 0, 0, 0, 10, 1, 0, 0, 0
2, 125923, 11/11/2018 21:20:10, ODS_SUPPORT_GROUP, 0, 0, 2.3, 0, 0, 0, 0, 0, 10, 2, 0, 0, 0
2, 125924, 11/11/2018 21:40:00, ODS_SUPPORT_GROUP, 0, 0, 2.5, 0, 0, 0, 0, 0, 8, 1, 0, 0, 0
2, 125925, 11/11/2018 22:00:06, ODS_SUPPORT_GROUP, 0, 0, 1.5, 0, 0, 0, 0, 0, 9, 1, 0, 0, 0
2, 125926, 11/11/2018 22:20:11, ODS_SUPPORT_GROUP, 0, 0, 0, 0, 0, 0, 0, 0, 6, 0, 0, 0, 0
2, 125927, 11/11/2018 22:40:16, ODS_SUPPORT_GROUP, 0, 0, 1.1, 0, 0, 0, 0, 0, 10, 3, 0, 0, 0
2, 125928, 11/11/2018 23:00:20, ODS_SUPPORT_GROUP, 0, 0, 2.8, 0, 0, 0, 0, 0, 8, 1, 0, 0, 0
2, 125929, 11/11/2018 23:20:06, ODS_SUPPORT_GROUP, 0, 0, 1, 0, 0, 0, 0, 0, 9, 2, 0, 0, 0
2, 125930, 11/11/2018 23:40:09, ODS_SUPPORT_GROUP, 0, 0, 0.3, 0, 0, 0, 0, 0, 6, 0, 0, 0, 0
2, 125859, 11/11/2018 00:00:19, OTHER_GROUPS, 10.2, 23, 12629.6, 10.1, 0, 0, 0, 0, 838, 6073, 2.7, 926.1, 2081.4
2, 125860, 11/11/2018 00:20:38, OTHER_GROUPS, 13, 33.5, 14402.3, 18, 0, 0, 0, 0, 951, 8875, 2.5, 1000.2, 2204.3
2, 125861, 11/11/2018 00:40:06, OTHER_GROUPS, 11, 28.4, 11277.5, 15.7, 0, 0, 0, 0, 582, 10189, 1.7, 731.4, 1818.2
2, 125862, 11/11/2018 01:00:03, OTHER_GROUPS, 12.5, 28.5, 11123.9, 13.8, 0, 0, 0, 0, 1183, 15619, 2.2, 767.5, 1849.6
2, 125863, 11/11/2018 01:20:26, OTHER_GROUPS, 15.1, 31.1, 12648.1, 13.5, 0, 0, 0, 0, 1193, 17947, 2.5, 706.9, 2117.7
2, 125864, 11/11/2018 01:40:03, OTHER_GROUPS, 29.3, 49.7, 13653.3, 18, 0, 0, 0, 0, 1425, 30704, 2.4, 451.6, 2310.7
2, 125865, 11/11/2018 02:00:11, OTHER_GROUPS, 25.4, 59.4, 12447.4, 28.3, 0, 0, 0, 0, 1619, 31591, 5.7, 579.7, 7518.4
2, 125866, 11/11/2018 02:20:18, OTHER_GROUPS, 23.3, 51.1, 11771.3, 24.3, 0, 0, 0, 0, 1211, 39442, 3.5, 779.3, 4952.4
2, 125867, 11/11/2018 02:40:06, OTHER_GROUPS, 29.2, 53.2, 12602.4, 21.4, 0, 0, 0, 0, 665, 49494, 2.6, 649.5, 2463.7
2, 125868, 11/11/2018 03:00:11, OTHER_GROUPS, 23.5, 43.8, 12458.1, 17.9, 0, 0, 0, 0, 590, 38629, 2.4, 695.1, 2228.4
2, 125869, 11/11/2018 03:20:33, OTHER_GROUPS, 17.6, 31.6, 12521.1, 11.7, 0, 0, 0, 0, 639, 21603, 2.3, 766.7, 2491.2
2, 125870, 11/11/2018 03:40:46, OTHER_GROUPS, 14.8, 31.4, 11956.5, 11.6, 0, 0, 0, 0, 691, 18228, 5, 655.7, 2059.8
2, 125871, 11/11/2018 04:00:08, OTHER_GROUPS, 11.7, 27.4, 24381.1, 10.9, 0, 0, 0, 0, 2006, 8873, 4.8, 874.3, 2638
2, 125872, 11/11/2018 04:20:02, OTHER_GROUPS, 17.8, 28.5, 42458.4, 8.1, 0, 0, 1, 14, 2281, 15378, 2.6, 1331.9, 2147.8
2, 125873, 11/11/2018 04:40:03, OTHER_GROUPS, 17.8, 40.3, 42341.8, 20, 0, 0, 0, 0, 2116, 17864, 2.5, 1428.2, 2128.7
2, 125874, 11/11/2018 05:00:14, OTHER_GROUPS, 9.8, 22.5, 11840.9, 11, 0, 0, 0, 0, 636, 7932, 1.7, 724.7, 2063
2, 125875, 11/11/2018 05:20:13, OTHER_GROUPS, 10.9, 21.7, 14263, 9, 0, 0, 0, 0, 3111, 9250, 1.8, 844.7, 2267.6
2, 125876, 11/11/2018 05:40:17, OTHER_GROUPS, 10.9, 28.9, 13236.9, 15.7, 0, 0, 0, 0, 671, 10557, 2.3, 857.7, 2288.3
2, 125877, 11/11/2018 06:00:24, OTHER_GROUPS, 15.3, 31, 12345, 13.3, 0, 0, 0, 0, 1784, 13809, 2.4, 513.5, 2096.9
2, 125878, 11/11/2018 06:20:11, OTHER_GROUPS, 13.6, 34.3, 13686.1, 18.5, 0, 0, 0, 0, 938, 12149, 2.2, 827.4, 1976.6
2, 125879, 11/11/2018 06:40:19, OTHER_GROUPS, 15.2, 33.3, 11661, 16.2, 0, 0, 2, 64, 1967, 15865, 1.9, 579.2, 1898.5
2, 125880, 11/11/2018 07:00:18, OTHER_GROUPS, 51.4, 69.4, 36631.4, 13.5, 0, 0, 2, 32, 1028, 85612, 4.5, 1658.4, 6557.4
2, 125881, 11/11/2018 07:20:06, OTHER_GROUPS, 42.7, 48.2, 23803.2, 1.3, 0, 0, 6, 158, 1166, 52895, 4.2, 1219.4, 6643.4
2, 125882, 11/11/2018 07:40:03, OTHER_GROUPS, 29.1, 35.9, 22959.9, 2.3, 0, 0, 36, 898, 2253, 30651, 4.5, 2234.3, 9626.1
2, 125883, 11/11/2018 08:00:02, OTHER_GROUPS, 31.9, 63.1, 27183.4, 24.6, 0, 0, 10, 216, 1279, 47565, 6.6, 8396.1, 12103.6
2, 125884, 11/11/2018 08:20:13, OTHER_GROUPS, 29.6, 35.3, 15963.7, 0, 0, 0, 4, 192, 1079, 79622, 5.7, 1640.1, 15010
2, 125885, 11/11/2018 08:40:22, OTHER_GROUPS, 43.3, 63.5, 23493.9, 13.5, 0, 0, 8, 178, 1433, 137669, 6.7, 2226.3, 14122.5
2, 125886, 11/11/2018 09:00:24, OTHER_GROUPS, 25, 35.2, 12460.2, 4.1, 0, 0, 4, 112, 1038, 49068, 6.1, 1509.6, 10425.9
2, 125887, 11/11/2018 09:20:15, OTHER_GROUPS, 22.8, 29.8, 13509.1, 3.3, 0, 0, 59, 1640, 2889, 20133, 3.7, 1956.4, 6019.1
2, 125888, 11/11/2018 09:40:40, OTHER_GROUPS, 12.9, 19.2, 7091.4, 3.9, 0, 0, 2, 48, 945, 10575, 2.4, 989.3, 4599.3
2, 125889, 11/11/2018 10:00:11, OTHER_GROUPS, 15.3, 18.4, 7017.8, 0, 0, 0, 2, 32, 1037, 10409, 3.1, 1049.5, 3882.6
2, 125890, 11/11/2018 10:20:02, OTHER_GROUPS, 17.2, 28.7, 10196, 7.2, 0, 0, 35, 732, 1892, 19254, 4.3, 2098.5, 6785.3
2, 125891, 11/11/2018 10:40:16, OTHER_GROUPS, 20.6, 26.8, 8702.1, 2.5, 0, 0, 2, 48, 1144, 18171, 3.7, 1366.3, 5142.9
2, 125892, 11/11/2018 11:00:20, OTHER_GROUPS, 23.6, 28.5, 10266.6, 0, 0, 0, 15, 328, 1423, 24511, 4.9, 2066, 4934.5
2, 125893, 11/11/2018 11:20:28, OTHER_GROUPS, 20.6, 24.7, 10055.4, 0, 0, 0, 2, 48, 1096, 19245, 4.1, 1682, 5334.2
2, 125894, 11/11/2018 11:40:05, OTHER_GROUPS, 19.9, 29.3, 9352.4, 5.4, 0, 0, 19, 424, 1711, 21661, 4, 2737.5, 5771.6
2, 125895, 11/11/2018 12:00:09, OTHER_GROUPS, 16.2, 25.4, 7455.6, 6.1, 0, 0, 8, 240, 1301, 16435, 3.1, 994.9, 4037.6
2, 125896, 11/11/2018 12:20:32, OTHER_GROUPS, 17.7, 23.1, 9552.6, 0.4, 0, 0, 33, 784, 2048, 14113, 5, 1827.1, 7844.4
2, 125897, 11/11/2018 12:40:02, OTHER_GROUPS, 15.8, 22.2, 8604.1, 2.7, 0, 0, 1, 16, 1067, 12837, 3.7, 1801, 6949.6
2, 125898, 11/11/2018 13:00:00, OTHER_GROUPS, 17.9, 20.9, 6259.9, 0, 0, 0, 62, 1504, 3034, 15963, 3, 1811.4, 4615.1
2, 125899, 11/11/2018 13:20:04, OTHER_GROUPS, 17.9, 27.4, 7063.3, 6.6, 0, 0, 32, 747, 1943, 19867, 2.9, 1488.3, 6669.6
2, 125900, 11/11/2018 13:40:07, OTHER_GROUPS, 17.6, 20.2, 6964.5, 0, 0, 0, 92, 2360, 3559, 15030, 2.6, 1908.9, 4872.7
2, 125901, 11/11/2018 14:00:15, OTHER_GROUPS, 18.4, 23.2, 8210.2, 1.4, 0, 0, 14, 304, 1544, 18636, 3.4, 1587.6, 6515.3
2, 125902, 11/11/2018 14:20:20, OTHER_GROUPS, 22.4, 25.7, 9858.1, 0, 0, 0, 54, 1440, 3019, 30158, 3.3, 1841.5, 5384.5
2, 125903, 11/11/2018 14:40:12, OTHER_GROUPS, 14, 16.9, 4831.9, 0, 0, 0, 1, 16, 1088, 15771, 2.9, 1222.5, 5465.6
2, 125904, 11/11/2018 15:00:26, OTHER_GROUPS, 14.9, 17.5, 5733.8, 0, 0, 0, 127, 3128, 4392, 15873, 2.6, 2363.3, 4251.5
2, 125905, 11/11/2018 15:20:36, OTHER_GROUPS, 11.9, 14.2, 3060.9, 0, 0, 0, 5, 80, 1346, 10398, 2.3, 1095.8, 3802.6
2, 125906, 11/11/2018 15:40:01, OTHER_GROUPS, 16.1, 18.4, 3621.2, 0, 0, 0, 57, 1304, 2445, 16054, 2.3, 1802.5, 4640.2
2, 125907, 11/11/2018 16:00:09, OTHER_GROUPS, 14.5, 17, 4249, 0, 0, 0, 2, 20, 1088, 12349, 2.5, 1215.3, 3668.3
2, 125908, 11/11/2018 16:20:15, OTHER_GROUPS, 17.3, 24.9, 4033.6, 3.6, 0, 0, 69, 1718, 2881, 21314, 4, 2141.3, 6870.7
2, 125909, 11/11/2018 16:40:24, OTHER_GROUPS, 16.4, 23.7, 4210, 3.5, 0, 0, 1, 16, 1763, 21095, 3.8, 1401.1, 5530
2, 125910, 11/11/2018 17:00:03, OTHER_GROUPS, 12.6, 29.4, 12592.9, 12.6, 0, 0, 0, 0, 793, 13207, 4.2, 971.1, 3586.8
2, 125911, 11/11/2018 17:20:07, OTHER_GROUPS, 10.6, 24.5, 11906.4, 10.1, 0, 0, 0, 0, 765, 8394, 3.8, 978.2, 3830.1
2, 125912, 11/11/2018 17:40:07, OTHER_GROUPS, 10.1, 21.6, 12290.7, 7.9, 0, 0, 0, 0, 572, 7105, 3.6, 873.7, 3767.6
2, 125913, 11/11/2018 18:00:25, OTHER_GROUPS, 9.8, 26.8, 13454, 12.7, 0, 0, 0, 0, 937, 5159, 4.3, 922.9, 3345.2
2, 125914, 11/11/2018 18:20:23, OTHER_GROUPS, 8.9, 18.7, 10458.5, 6.6, 0, 0, 0, 0, 714, 4031, 3.2, 932.6, 2918.1
2, 125915, 11/11/2018 18:40:08, OTHER_GROUPS, 9.5, 19.3, 11855.2, 6.5, 0, 0, 0, 0, 587, 3827, 3.3, 977.5, 3004.8
2, 125916, 11/11/2018 19:00:14, OTHER_GROUPS, 10, 21.5, 12065.8, 8, 0, 0, 0, 0, 661, 4190, 3.5, 966, 2915.6
2, 125917, 11/11/2018 19:20:19, OTHER_GROUPS, 10, 26.4, 13602.9, 12.9, 0, 0, 0, 0, 1526, 5179, 3.5, 811.5, 3089.9
2, 125918, 11/11/2018 19:40:21, OTHER_GROUPS, 9.7, 20.7, 11814, 7.7, 0, 0, 0, 0, 545, 4264, 3.3, 1018.2, 3074.6
2, 125919, 11/11/2018 20:00:02, OTHER_GROUPS, 12.1, 29.1, 13812.4, 13.9, 0, 0, 0, 0, 661, 8956, 3.1, 964.2, 2443.7
2, 125920, 11/11/2018 20:20:11, OTHER_GROUPS, 11.5, 23.3, 11360.3, 9.5, 0, 0, 0, 0, 683, 7160, 2.3, 878.1, 2339.7
2, 125921, 11/11/2018 20:40:21, OTHER_GROUPS, 10.8, 22.9, 12263.6, 10.2, 0, 0, 0, 0, 552, 6112, 1.9, 852.2, 2582.6
2, 125922, 11/11/2018 21:00:03, OTHER_GROUPS, 11.2, 26.5, 12250.3, 12.1, 0, 0, 0, 0, 652, 7612, 3.2, 1048.6, 2411.7
2, 125923, 11/11/2018 21:20:10, OTHER_GROUPS, 13.6, 29.2, 12475.5, 12.5, 0, 0, 0, 0, 686, 12222, 3.1, 1077, 2351.3
2, 125924, 11/11/2018 21:40:00, OTHER_GROUPS, 12.3, 33.3, 13661.8, 18.7, 0, 0, 0, 0, 589, 11017, 2.3, 766.3, 2024.1
2, 125925, 11/11/2018 22:00:06, OTHER_GROUPS, 14.7, 29, 11438.3, 11.6, 0, 0, 0, 0, 803, 15085, 2.7, 877.2, 2145.1
2, 125926, 11/11/2018 22:20:11, OTHER_GROUPS, 12.5, 26.5, 12006, 11.4, 0, 0, 0, 0, 690, 10103, 2.6, 779.6, 2064.2
2, 125927, 11/11/2018 22:40:16, OTHER_GROUPS, 12.9, 28.7, 12714.3, 13, 0, 0, 0, 0, 687, 12232, 2.8, 755.2, 2225.7
2, 125928, 11/11/2018 23:00:20, OTHER_GROUPS, 13.5, 34, 12737.6, 17.3, 0, 0, 0, 0, 771, 18044, 3.2, 913.4, 4699.9
2, 125929, 11/11/2018 23:20:06, OTHER_GROUPS, 13, 29.9, 12325, 14.3, 0, 0, 0, 0, 665, 26909, 2.6, 880.3, 2407.1
2, 125930, 11/11/2018 23:40:09, OTHER_GROUPS, 15, 30.3, 12416.6, 13.1, 0, 0, 0, 0, 525, 22365, 2.2, 915.1, 2035.6
3, 125860, 11/11/2018 00:20:38, ADW_UNLOAD_GROUP, 0, 0, 0, 0, 0, 0, 0, 0, 60, 1, 0, 0, 0
3, 125861, 11/11/2018 00:40:02, ADW_UNLOAD_GROUP, 0, 0, 0, 0, 0, 0, 0, 0, 42, 2, 0, 0, 0
3, 125863, 11/11/2018 01:20:26, ADW_UNLOAD_GROUP, 0, 0, 0, 0, 0, 0, 0, 0, 47, 0, 0, 0, 0
3, 125865, 11/11/2018 02:00:11, ADW_UNLOAD_GROUP, 0, 0, 0, 0, 0, 0, 0, 0, 52, 1, 0, 0, 0
3, 125868, 11/11/2018 03:00:10, ADW_UNLOAD_GROUP, 0, 0, 0, 0, 0, 0, 0, 0, 59, 2, 0, 0, 0
3, 125870, 11/11/2018 03:40:47, ADW_UNLOAD_GROUP, 0, 0.1, 0.9, 0.1, 0, 0, 0, 0, 49, 3, 0, 0.1, 11.5
3, 125872, 11/11/2018 04:20:02, ADW_UNLOAD_GROUP, 0, 0, 0, 0, 0, 0, 0, 0, 54, 0, 0, 0, 0
3, 125873, 11/11/2018 04:40:03, ADW_UNLOAD_GROUP, 0, 0, 0, 0, 0, 0, 0, 0, 63, 0, 0, 0, 0
3, 125874, 11/11/2018 05:00:04, ADW_UNLOAD_GROUP, 0, 0, 0, 0, 0, 0, 0, 0, 43, 1, 0, 0, 0
3, 125876, 11/11/2018 05:40:17, ADW_UNLOAD_GROUP, 0, 0, 0, 0, 0, 0, 0, 0, 54, 1, 0, 0, 0
3, 125877, 11/11/2018 06:00:25, ADW_UNLOAD_GROUP, 0, 0, 0, 0, 0, 0, 0, 0, 55, 2, 0, 0, 0
3, 125878, 11/11/2018 06:20:11, ADW_UNLOAD_GROUP, 0, 0, 0, 0, 0, 0, 0, 0, 60, 2, 0, 0, 0
3, 125879, 11/11/2018 06:40:19, ADW_UNLOAD_GROUP, 0, 0, 0, 0, 0, 0, 0, 0, 46, 3, 0, 0, 0
3, 125912, 11/11/2018 17:40:07, ADW_UNLOAD_GROUP, 0, 0, 0, 0, 0, 0, 0, 0, 61, 0, 0, 0, 0
3, 125913, 11/11/2018 18:00:27, ADW_UNLOAD_GROUP, 0, 0, 0.9, 0, 0, 0, 0, 0, 113, 16, 0, 2.7, 3.6
3, 125914, 11/11/2018 18:20:28, ADW_UNLOAD_GROUP, 0, 0, 0, 0, 0, 0, 0, 0, 55, 1, 0, 0, 0
3, 125918, 11/11/2018 19:40:21, ADW_UNLOAD_GROUP, 0, 0.1, 1.2, 0.1, 0, 0, 0, 0, 63, 4, 0, 0.1, 10.1
3, 125919, 11/11/2018 20:00:01, ADW_UNLOAD_GROUP, 0.2, 0.4, 3.8, 0.1, 0, 0, 0, 0, 66, 29, 0.1, 21.4, 22.1
3, 125920, 11/11/2018 20:20:11, ADW_UNLOAD_GROUP, 0.2, 0.4, 3.8, 0.2, 0, 0, 0, 0, 62, 34, 0, 19.4, 19.9
3, 125921, 11/11/2018 20:40:21, ADW_UNLOAD_GROUP, 0.4, 0.7, 6.7, 0.2, 0, 0, 0, 0, 66, 73, 0.1, 37.7, 38.8
3, 125922, 11/11/2018 21:00:03, ADW_UNLOAD_GROUP, 0.4, 0.9, 10, 0.2, 0, 0, 0, 0, 65, 84, 0.3, 29.2, 30.6
3, 125923, 11/11/2018 21:20:10, ADW_UNLOAD_GROUP, 0.6, 0.9, 11.8, 0.2, 0, 0, 0, 0, 65, 122, 0.1, 29.9, 34.3
3, 125924, 11/11/2018 21:40:00, ADW_UNLOAD_GROUP, 0.2, 0.3, 4.1, 0.1, 0, 0, 0, 0, 66, 23, 0, 10.5, 12.2
3, 125925, 11/11/2018 22:00:16, ADW_UNLOAD_GROUP, 0.1, 0.1, 99.9, 0, 0, 0, 0, 0, 73, 9, 0, 3.5, 6.5
3, 125928, 11/11/2018 23:00:20, ADW_UNLOAD_GROUP, 0, 0, 0, 0, 0, 0, 0, 0, 61, 0, 0, 0, 0
3, 125929, 11/11/2018 23:20:06, ADW_UNLOAD_GROUP, 0, 0, 0, 0, 0, 0, 0, 0, 61, 0, 0, 0, 0
3, 125930, 11/11/2018 23:40:09, ADW_UNLOAD_GROUP, 0, 0.1, 1.5, 0.1, 0, 0, 0, 0, 63, 5, 0, 0.4, 44.7
3, 125859, 11/11/2018 00:00:19, DM_TECH_GROUP, 1.9, 3.7, 360.3, 0.9, 0, 0, 639, 9048, 8986, 309, 0.9, 937.2, 1565.9
3, 125860, 11/11/2018 00:20:38, DM_TECH_GROUP, 8.3, 25.2, 20389.9, 16.2, 0, 0, 149, 2204, 2889, 2862, 0.7, 784.2, 1223.2
3, 125861, 11/11/2018 00:40:02, DM_TECH_GROUP, 22.5, 47.4, 38021.4, 21.5, 0, 0, 79, 1204, 1577, 17018, 3.4, 1116, 7082.3
3, 125862, 11/11/2018 01:00:03, DM_TECH_GROUP, 20.1, 42.6, 21103.3, 18.6, 0, 0, 159, 2424, 2772, 11605, 3.9, 1541.9, 7207.3
3, 125863, 11/11/2018 01:20:26, DM_TECH_GROUP, 17.5, 45.9, 33159.4, 24.3, 0, 0, 39, 536, 671, 11369, 4.1, 1394.8, 8622.3
3, 125864, 11/11/2018 01:40:06, DM_TECH_GROUP, 18.4, 40.2, 22429.4, 18.6, 0, 0, 61, 968, 1161, 8031, 3.2, 1161, 7167.3
3, 125865, 11/11/2018 02:00:11, DM_TECH_GROUP, 17.6, 40.2, 13263, 17.5, 0, 0, 802, 11436, 11849, 10531, 5.1, 2629.8, 8352.1
3, 125866, 11/11/2018 02:20:18, DM_TECH_GROUP, 15.9, 26.4, 16560, 7.1, 0, 0, 195, 2848, 3127, 8612, 3.4, 1456.8, 6626.9
3, 125867, 11/11/2018 02:40:06, DM_TECH_GROUP, 12.2, 18.2, 13888.1, 2.8, 0, 0, 78, 1192, 1349, 4526, 3.2, 916, 10503.8
3, 125868, 11/11/2018 03:00:10, DM_TECH_GROUP, 13.8, 22.9, 12712.4, 2.9, 0, 0, 767, 10888, 11048, 6801, 6.2, 2039.9, 7911.9
3, 125869, 11/11/2018 03:20:33, DM_TECH_GROUP, 10.7, 16.5, 13546.2, 3, 0, 0, 130, 1912, 1994, 4841, 2.8, 893.5, 9664.7
3, 125870, 11/11/2018 03:40:47, DM_TECH_GROUP, 4.4, 9.9, 23692.1, 4.8, 0, 0, 20, 302, 324, 771, 0.7, 249.2, 786.6
3, 125871, 11/11/2018 04:00:08, DM_TECH_GROUP, 6.3, 10.4, 16940.3, 3.1, 0, 0, 8, 112, 137, 900, 1, 258, 1056.3
3, 125872, 11/11/2018 04:20:02, DM_TECH_GROUP, 9, 11.5, 10396.1, 1.6, 0, 0, 5, 80, 45, 3121, 0.9, 468.8, 1494.5
3, 125873, 11/11/2018 04:40:03, DM_TECH_GROUP, 8.7, 11.6, 6912.1, 2.5, 0, 0, 26, 400, 495, 2899, 0.4, 787.8, 720.9
3, 125874, 11/11/2018 05:00:04, DM_TECH_GROUP, 7.3, 9.9, 8770.8, 1.8, 0, 0, 36, 502, 678, 3250, 0.8, 498.3, 340.1
3, 125875, 11/11/2018 05:20:14, DM_TECH_GROUP, 4.4, 7.1, 6470.1, 2.5, 0, 0, 16, 240, 248, 1212, 0.2, 241.4, 279.6
3, 125876, 11/11/2018 05:40:17, DM_TECH_GROUP, 2.3, 4.3, 6125.9, 1.9, 0, 0, 5, 80, 86, 475, 0.1, 121.8, 164.7
3, 125877, 11/11/2018 06:00:25, DM_TECH_GROUP, 2.3, 4.3, 6134.2, 1.9, 0, 0, 1, 16, 154, 414, 0.1, 99.5, 171.5
3, 125878, 11/11/2018 06:20:11, DM_TECH_GROUP, 4.2, 11.8, 3997.6, 5.4, 4, 0.1, 62, 904, 1129, 2190, 2.2, 321.8, 4166.1
3, 125879, 11/11/2018 06:40:19, DM_TECH_GROUP, 4.6, 9, 9623.4, 0.6, 0, 0.1, 55, 852, 873, 1469, 3.8, 237.1, 8028.3
3, 125910, 11/11/2018 17:00:03, DM_TECH_GROUP, 1.7, 7.9, 8161.4, 5.9, 0, 0, 4, 72, 83, 371, 0.3, 110.9, 594.5
3, 125911, 11/11/2018 17:20:07, DM_TECH_GROUP, 0.6, 1.2, 69.4, 0.3, 0, 0, 0, 0, 0, 87, 0.3, 9, 678.1
3, 125912, 11/11/2018 17:40:07, DM_TECH_GROUP, 0.6, 1.3, 61.1, 0.3, 0, 0, 0, 0, 0, 120, 0.4, 8.5, 594.3
3, 125913, 11/11/2018 18:00:27, DM_TECH_GROUP, 0.7, 1.5, 61.8, 0.4, 0, 0, 1, 16, 35, 111, 0.4, 11.4, 596.6
3, 125914, 11/11/2018 18:20:28, DM_TECH_GROUP, 0.5, 1.2, 1128.4, 0.5, 0, 0, 0, 0, 0, 48, 0.2, 6.8, 593.1
3, 125915, 11/11/2018 18:40:08, DM_TECH_GROUP, 0.6, 1.2, 85.5, 0.3, 0, 0, 0, 0, 0, 93, 0.3, 8.6, 640.6
3, 125916, 11/11/2018 19:00:14, DM_TECH_GROUP, 0.6, 1.1, 56.8, 0.2, 0, 0, 1, 16, 24, 102, 0.3, 10.2, 593.1
3, 125918, 11/11/2018 19:40:21, DM_TECH_GROUP, 0.6, 1.1, 39.9, 0.2, 0, 0, 3, 52, 33, 46, 0.3, 6, 537.3
3, 125919, 11/11/2018 20:00:01, DM_TECH_GROUP, 0.9, 2, 166.7, 0.7, 0, 0, 119, 1696, 1836, 49, 0.4, 102.1, 478.3
3, 125920, 11/11/2018 20:20:11, DM_TECH_GROUP, 0.6, 1.4, 62.7, 0.5, 0, 0, 30, 480, 503, 35, 0.3, 20.6, 538.9
3, 125921, 11/11/2018 20:40:21, DM_TECH_GROUP, 0.5, 1, 50.9, 0.3, 0, 0, 0, 0, 0, 22, 0.2, 4.1, 491.1
3, 125922, 11/11/2018 21:00:03, DM_TECH_GROUP, 0.3, 0.8, 62, 0.3, 0, 0, 1, 16, 27, 19, 0.2, 4.9, 362.3
3, 125923, 11/11/2018 21:20:10, DM_TECH_GROUP, 0.9, 4.8, 502.1, 3.4, 0, 0, 5, 102, 215, 133, 0.5, 53, 1317.3
3, 125924, 11/11/2018 21:40:00, DM_TECH_GROUP, 1.5, 6.6, 7972.9, 4.4, 0, 0, 5, 80, 84, 266, 0.7, 145.9, 2784.6
3, 125925, 11/11/2018 22:00:16, DM_TECH_GROUP, 1.3, 5.5, 4386.6, 3.3, 0, 0, 8, 112, 81, 145, 0.9, 62.7, 3223.6
3, 125926, 11/11/2018 22:20:11, DM_TECH_GROUP, 0.7, 1.8, 15409.4, 0.8, 0, 0, 1, 24, 19, 50, 0.3, 21.6, 835.3
3, 125927, 11/11/2018 22:40:19, DM_TECH_GROUP, 0.5, 0.7, 34.5, 0, 1, 0, 62, 908, 1003, 40, 0.2, 206.5, 460.2
3, 125928, 11/11/2018 23:00:20, DM_TECH_GROUP, 2.9, 7.6, 335, 2.9, -1, 0, 687, 9730, 9652, 637, 1.8, 1391.8, 3586.5
3, 125929, 11/11/2018 23:20:06, DM_TECH_GROUP, 0.8, 2.3, 166.6, 1, 0, 0, 100, 1472, 1428, 94, 0.5, 510.9, 2948.2
3, 125930, 11/11/2018 23:40:09, DM_TECH_GROUP, 0.2, 0.4, 30.1, 0, 0, 0, 14, 224, 347, 25, 0.2, 2.2, 288
3, 125859, 11/11/2018 00:00:19, OTHER_GROUPS, 6.8, 16.9, 12865, 9.1, 0, 0, 66, 276, 7058, 852, 1, 2427.8, 122
3, 125860, 11/11/2018 00:20:38, OTHER_GROUPS, 13.2, 86.6, 17785.1, 72.6, 0, 0, 55, 380, 6452, 3821, 0.8, 4962.9, 153.4
3, 125861, 11/11/2018 00:40:02, OTHER_GROUPS, 12.7, 62.6, 12877.6, 49.3, 0, 0, 82, 652, 4927, 5542, 0.6, 1801.1, 149.9
3, 125862, 11/11/2018 01:00:03, OTHER_GROUPS, 9.8, 63.4, 14364.9, 52.8, 0, 0, 174, 1392, 6960, 3386, 0.8, 2147.3, 114.6
3, 125863, 11/11/2018 01:20:26, OTHER_GROUPS, 9.3, 62.5, 14701.2, 52.6, 0, 0, 24, 184, 5879, 2674, 0.6, 2231.2, 99.5
3, 125864, 11/11/2018 01:40:06, OTHER_GROUPS, 9.5, 49.3, 13579.5, 39.3, 0, 0, 8, 32, 5641, 2641, 0.5, 2245.1, 107
3, 125865, 11/11/2018 02:00:11, OTHER_GROUPS, 8.6, 38.8, 12851.4, 29.7, 0, 0, 4, 28, 5997, 2749, 0.5, 1407.9, 251.6
3, 125866, 11/11/2018 02:20:18, OTHER_GROUPS, 9, 23.5, 11660.9, 13.8, 0, 0, 41, 180, 5641, 2896, 0.7, 1885.6, 329
3, 125867, 11/11/2018 02:40:06, OTHER_GROUPS, 5.9, 7.5, 11428.1, 1, 0, 0, 0, 0, 5310, 812, 0.6, 876.8, 95.3
3, 125868, 11/11/2018 03:00:10, OTHER_GROUPS, 5.8, 7.9, 11639.3, 1.7, 0, 0, 0, 0, 4920, 1844, 0.4, 602.8, 77.6
3, 125869, 11/11/2018 03:20:33, OTHER_GROUPS, 6, 7.8, 11583.4, 1.3, 0, 0, 0, 0, 5038, 1356, 0.5, 715.4, 88.3
3, 125870, 11/11/2018 03:40:47, OTHER_GROUPS, 5.3, 7.4, 12027.5, 1.6, 0, 0, 0, 0, 4607, 416, 0.5, 802.1, 109.1
3, 125871, 11/11/2018 04:00:08, OTHER_GROUPS, 6.7, 9, 24575.4, 1.7, 0, 0, 0, 0, 6624, 835, 0.6, 843.2, 137.2
3, 125872, 11/11/2018 04:20:02, OTHER_GROUPS, 24.2, 27.2, 46531.7, 1.8, 0, 0, 37, 288, 6672, 9720, 1.2, 2299, 353.9
3, 125873, 11/11/2018 04:40:03, OTHER_GROUPS, 26.8, 30.3, 52391.9, 2.2, 0, 0, 19, 144, 6630, 8630, 1.3, 2204.6, 182.8
3, 125874, 11/11/2018 05:00:04, OTHER_GROUPS, 10.6, 12.2, 24598.1, 0.9, 0, 0, 0, 0, 5263, 3135, 0.7, 997.7, 121.2
3, 125875, 11/11/2018 05:20:14, OTHER_GROUPS, 6.7, 9.1, 11550.4, 1.8, 0, 0, 1, 8, 7422, 1186, 0.6, 843.3, 102.8
3, 125876, 11/11/2018 05:40:17, OTHER_GROUPS, 5.8, 7.3, 11395.3, 1, 0, 0, 0, 0, 4906, 962, 0.5, 814.7, 99
3, 125877, 11/11/2018 06:00:25, OTHER_GROUPS, 6, 8.9, 11437.5, 2.5, 0, 0, 0, 0, 5839, 1581, 0.4, 676.9, 79.2
3, 125878, 11/11/2018 06:20:11, OTHER_GROUPS, 6.2, 11.3, 13634.8, 4.7, 0, 0, 0, 0, 4981, 2938, 0.4, 941.5, 77.4
3, 125879, 11/11/2018 06:40:19, OTHER_GROUPS, 5.7, 8.2, 10545.3, 2, 0, 0, 0, 0, 5606, 2126, 0.5, 822.5, 323.9
3, 125880, 11/11/2018 07:00:18, OTHER_GROUPS, 23.6, 28.5, 11826.4, 0, 0, 0, 39, 1148, 8992, 12375, 4.9, 8814.1, 13659.9
3, 125881, 11/11/2018 07:20:02, OTHER_GROUPS, 30.5, 39.7, 17595.9, 3.2, 0, 0, 21, 816, 7195, 25171, 6, 6665.3, 15582.4
3, 125882, 11/11/2018 07:40:03, OTHER_GROUPS, 25.6, 31.8, 16993.5, 0.7, 0, 0, 26, 772, 7201, 12687, 5.5, 3628.7, 15622.2
3, 125883, 11/11/2018 08:00:02, OTHER_GROUPS, 27.7, 31.3, 9266.2, 0, 0, 0, 24, 734, 6550, 15738, 3.6, 7068, 5526.6
3, 125884, 11/11/2018 08:20:13, OTHER_GROUPS, 22.9, 26.3, 12097.5, 0, 0, 0, 8, 200, 4809, 7460, 3.4, 4545.7, 5934.4
3, 125885, 11/11/2018 08:40:22, OTHER_GROUPS, 48.3, 50.7, 24990.9, 0, 0, 0, 5, 244, 6305, 49459, 2.4, 2847.1, 2083.5
3, 125886, 11/11/2018 09:00:14, OTHER_GROUPS, 36.7, 40.6, 44547.9, 1.5, 0, 0, 10, 441, 6663, 24263, 2.4, 12853.3, 2820.1
3, 125887, 11/11/2018 09:20:15, OTHER_GROUPS, 58.7, 69.3, 34162.3, 5.9, 0, 0, 52, 2178, 9584, 69246, 4.7, 8841.3, 5246.1
3, 125888, 11/11/2018 09:40:40, OTHER_GROUPS, 42.7, 49.6, 19450.5, 2.3, 0, 0, 70, 3100, 8358, 48605, 4.6, 8958.3, 7830.6
3, 125889, 11/11/2018 10:00:10, OTHER_GROUPS, 65.4, 78.5, 36873.1, 8.4, 3, 0, 70, 2554, 10612, 167699, 4.7, 12422.6, 3900.2
3, 125890, 11/11/2018 10:20:03, OTHER_GROUPS, 42, 54, 13644.3, 7.1, 0, 0, 42, 1744, 7563, 43652, 4.9, 8853.4, 9345.1
3, 125891, 11/11/2018 10:40:18, OTHER_GROUPS, 40.4, 50.9, 46032.2, 5.4, 0, 0, 35, 1308, 7345, 38871, 5.1, 8171.4, 9403
3, 125892, 11/11/2018 11:00:19, OTHER_GROUPS, 36.7, 41.5, 16499.9, 0, 0, 0, 327, 20137, 27025, 29246, 4.8, 9362.4, 5106.5
3, 125893, 11/11/2018 11:20:28, OTHER_GROUPS, 30.2, 36.6, 16942.7, 0, 0, 0, 1067, 67872, 74415, 23025, 6.4, 2799.3, 14586.2
3, 125894, 11/11/2018 11:40:05, OTHER_GROUPS, 45, 51.1, 36847.4, 0, 0, 0, 1018, 64253, 74200, 43370, 6.1, 7366.2, 11787.5
3, 125895, 11/11/2018 12:00:08, OTHER_GROUPS, 63, 82.1, 53498.4, 11.2, 0, 0, 491, 29909, 38604, 174721, 7.9, 13514.1, 6642.6
3, 125896, 11/11/2018 12:20:30, OTHER_GROUPS, 66.4, 71.8, 32994.2, 0, 0, 0, 535, 32732, 39284, 77828, 5.4, 10240.2, 9456.3
3, 125897, 11/11/2018 12:40:02, OTHER_GROUPS, 47.8, 50.2, 21673, 0, 0, 0, 854, 52072, 65215, 40537, 2.4, 9167, 2658
3, 125898, 11/11/2018 13:00:00, OTHER_GROUPS, 47.9, 50.7, 15029.5, 0, 0, 0, 712, 44276, 49924, 48226, 2.8, 15243.2, 3275
3, 125899, 11/11/2018 13:20:04, OTHER_GROUPS, 43.3, 46.1, 14454.8, 0, 0, 0, 496, 29812, 35589, 63213, 2.8, 9721.8, 2677.2
3, 125900, 11/11/2018 13:40:07, OTHER_GROUPS, 39.2, 41.5, 9351.7, 0, 0, 0, 1187, 74976, 80068, 42492, 2.3, 12593.2, 3055.3
3, 125901, 11/11/2018 14:00:15, OTHER_GROUPS, 43.5, 46.6, 6851.6, 0, 0, 0, 709, 44087, 50397, 56975, 3.1, 12687.8, 4088.9
3, 125902, 11/11/2018 14:20:20, OTHER_GROUPS, 46.7, 49.6, 19378.8, 0, 0, 0, 726, 45370, 51816, 57006, 2.9, 11409.2, 3841.2
3, 125903, 11/11/2018 14:40:12, OTHER_GROUPS, 41.2, 44, 7083.8, 0, 0, 0, 1044, 65006, 71255, 47584, 2.8, 11471.4, 2965.5
3, 125904, 11/11/2018 15:00:26, OTHER_GROUPS, 42.4, 47.6, 18129.9, 0, 0, 0, 977, 24299, 30252, 45707, 5.2, 15061.2, 7599.4
3, 125905, 11/11/2018 15:20:36, OTHER_GROUPS, 37.8, 41, 12469.7, 0, 0, 0, 557, 29572, 35644, 40636, 3.2, 12994, 5947.8
3, 125906, 11/11/2018 15:40:01, OTHER_GROUPS, 32.5, 57.7, 16990.2, 21.2, 0, 0, 965, 57214, 61203, 29668, 4, 8005.5, 8097.7
3, 125907, 11/11/2018 16:00:09, OTHER_GROUPS, 42.2, 48.8, 13634.8, 0, 0, 0, 779, 13880, 21411, 38907, 6.6, 13317.2, 11048.8
3, 125908, 11/11/2018 16:20:15, OTHER_GROUPS, 38.5, 43.4, 9705.9, 0, 0, 0, 181, 4587, 11662, 40408, 4.9, 13436.4, 10900.3
3, 125909, 11/11/2018 16:40:24, OTHER_GROUPS, 38.6, 43.5, 13902.8, 1.1, 0, 0, 75, 3000, 10571, 43733, 3.8, 13471.8, 5777.4
3, 125910, 11/11/2018 17:00:03, OTHER_GROUPS, 9, 10.9, 11695.4, 0, 0, 0, 0, 0, 5546, 3643, 1.9, 1503.9, 3644.8
3, 125911, 11/11/2018 17:20:07, OTHER_GROUPS, 5.8, 7, 11406.5, 0.4, 0, 0, 0, 0, 6156, 1427, 0.8, 1065.5, 166.6
3, 125912, 11/11/2018 17:40:07, OTHER_GROUPS, 5.8, 6.9, 11710.4, 0.4, 0, 0, 0, 0, 4913, 1419, 0.7, 932.6, 138.9
3, 125913, 11/11/2018 18:00:27, OTHER_GROUPS, 6.3, 7.7, 11548.9, 0.8, 0, 0, 0, 0, 5004, 1547, 0.6, 795.1, 111.4
3, 125914, 11/11/2018 18:20:28, OTHER_GROUPS, 5.4, 6.8, 11505.8, 0.9, 0, 0, 0, 0, 4447, 888, 0.5, 1061.5, 102.5
3, 125915, 11/11/2018 18:40:08, OTHER_GROUPS, 5.8, 6.7, 11256.7, 0.3, 0, 0, 0, 0, 5327, 1454, 0.6, 1048.7, 104.3
3, 125916, 11/11/2018 19:00:14, OTHER_GROUPS, 5.9, 7.1, 11611.8, 0.5, 0, 0, 0, 0, 5654, 1514, 0.7, 1135.9, 144.2
3, 125917, 11/11/2018 19:20:19, OTHER_GROUPS, 5.8, 22.6, 22669.6, 16, 0, 0, 0, 0, 5278, 1410, 0.8, 868.9, 129.8
3, 125918, 11/11/2018 19:40:21, OTHER_GROUPS, 5.8, 6.5, 11766.9, 0, 0, 0, 0, 0, 5447, 1009, 0.7, 1065.8, 120.3
3, 125919, 11/11/2018 20:00:01, OTHER_GROUPS, 5.8, 7.5, 11460, 1, 0, 0, 0, 0, 5410, 913, 0.7, 1138, 121.3
3, 125920, 11/11/2018 20:20:11, OTHER_GROUPS, 5.8, 7, 11332.3, 0.4, 0, 0, 0, 0, 5299, 998, 0.8, 1240.7, 140.3
3, 125921, 11/11/2018 20:40:21, OTHER_GROUPS, 5.8, 6.9, 11444.3, 0.5, 0, 0, 0, 0, 5049, 1026, 0.6, 991.5, 111.9
3, 125922, 11/11/2018 21:00:03, OTHER_GROUPS, 5.8, 8.3, 12323.7, 2, 0, 0, 0, 0, 5626, 1222, 0.5, 1031.2, 100.3
3, 125923, 11/11/2018 21:20:10, OTHER_GROUPS, 5.9, 7.7, 10654, 1.3, 0, 0, 0, 0, 5008, 1448, 0.5, 1041.9, 91.8
3, 125924, 11/11/2018 21:40:00, OTHER_GROUPS, 5.8, 7.6, 11218.7, 1.2, 0, 0, 0, 0, 4553, 1218, 0.6, 1010.8, 119.8
3, 125925, 11/11/2018 22:00:16, OTHER_GROUPS, 6.9, 9.9, 11883, 1.9, 0, 0, 1, 3, 5888, 1097, 1.1, 1330.3, 348.1
3, 125926, 11/11/2018 22:20:11, OTHER_GROUPS, 6.1, 7.9, 11151.1, 0.9, 0, 0, 1, 5, 4705, 1133, 0.9, 995.8, 216.5
3, 125927, 11/11/2018 22:40:19, OTHER_GROUPS, 5.9, 7.5, 11330.3, 0.8, 0, 0, 0, 0, 5176, 1009, 0.8, 1170.4, 170.4
3, 125928, 11/11/2018 23:00:20, OTHER_GROUPS, 5.9, 9.3, 11689.9, 2.7, 0, 0, 0, 0, 5825, 1231, 0.7, 910.4, 147.1
3, 125929, 11/11/2018 23:20:06, OTHER_GROUPS, 5.9, 7.9, 11277.2, 1.3, 0, 0, 0, 0, 4903, 1201, 0.7, 1061.5, 149.9
3, 125930, 11/11/2018 23:40:09, OTHER_GROUPS, 5.8, 7.2, 11211.5, 0.8, 0, 0, 0, 0, 5608, 1220, 0.6, 978.8, 114.5
3, 125859, 11/11/2018 00:00:19, SANDBOX_GROUP, 4.8, 18.5, 2828.4, 9, 0, 0, 15, 396, 581, 885, 4.7, 2999.2, 1697.3
3, 125860, 11/11/2018 00:20:38, SANDBOX_GROUP, 4.2, 21.4, 3098.9, 12.6, 0, 0, 1, 32, 76, 898, 4.6, 855.2, 2033.5
3, 125861, 11/11/2018 00:40:02, SANDBOX_GROUP, 5.1, 22, 2631.6, 14.3, 0, 0, 0, 0, 20, 2611, 2.6, 836.1, 1437.3
3, 125862, 11/11/2018 01:00:03, SANDBOX_GROUP, 4.4, 19.5, 3183.7, 12.7, 0, 0, 3, 80, 81, 1809, 2.4, 822.1, 1394.8
3, 125863, 11/11/2018 01:20:26, SANDBOX_GROUP, 3.7, 15.2, 2403.9, 9.4, 0, 0, 6, 172, 185, 1225, 2.1, 1047.8, 1241.9
3, 125864, 11/11/2018 01:40:06, SANDBOX_GROUP, 2.4, 11.4, 2290, 8.1, 0, 0, 0, 0, 16, 543, 0.9, 104.8, 617.1
3, 125865, 11/11/2018 02:00:11, SANDBOX_GROUP, 3.7, 10.3, 3284.3, 5.7, 0, 0, 17, 480, 618, 1057, 0.9, 3223.1, 564
3, 125866, 11/11/2018 02:20:18, SANDBOX_GROUP, 7.8, 12, 19888.9, 3.4, 0, 0, 21, 548, 717, 2691, 0.8, 3446.6, 1191.9
3, 125867, 11/11/2018 02:40:06, SANDBOX_GROUP, 11.7, 16.2, 5363.6, 3.1, 0, 0, 29, 808, 1208, 6203, 1.4, 9253, 2702.5
3, 125868, 11/11/2018 03:00:10, SANDBOX_GROUP, 17.9, 28.5, 2755.4, 5.4, 0, 0, 38, 932, 901, 17035, 5.2, 8145.8, 6892.9
3, 125869, 11/11/2018 03:20:33, SANDBOX_GROUP, 12.8, 19.3, 4682.9, 2.5, 0, 0, 30, 788, 923, 9020, 4, 5549.2, 10143.4
3, 125870, 11/11/2018 03:40:47, SANDBOX_GROUP, 4.1, 12.1, 1058.5, 3.5, 0, 0, 16, 344, 480, 833, 4.5, 2353.9, 7570.6
3, 125871, 11/11/2018 04:00:08, SANDBOX_GROUP, 5.7, 10.8, 939.6, 0.9, 0, 0, 8, 152, 408, 2183, 4.2, 1470.5, 5680.9
3, 125872, 11/11/2018 04:20:02, SANDBOX_GROUP, 9.3, 11.6, 1184.1, 1.2, 0, 0, 15, 351, 832, 4664, 1.1, 5338, 1438.5
3, 125873, 11/11/2018 04:40:03, SANDBOX_GROUP, 9.7, 15.3, 1232.7, 4.6, 0, 0, 15, 344, 763, 5010, 1, 4001.2, 1647.1
3, 125874, 11/11/2018 05:00:04, SANDBOX_GROUP, 11.4, 15.3, 3075.4, 2.8, 0, 0, 17, 422, 565, 6800, 1.1, 5170.8, 1832.8
3, 125875, 11/11/2018 05:20:14, SANDBOX_GROUP, 11.7, 15.6, 2183, 2.8, 0, 0, 27, 692, 1108, 5721, 1.1, 5848.6, 1570.6
3, 125876, 11/11/2018 05:40:17, SANDBOX_GROUP, 16.9, 25.6, 2701.2, 6.5, 0, 0, 42, 1100, 1152, 11089, 2.2, 7271.2, 2936
3, 125877, 11/11/2018 06:00:25, SANDBOX_GROUP, 22.4, 28.8, 12491.4, 4.3, 0, 0, 44, 1252, 1275, 11703, 2.1, 5548.7, 2309.5
3, 125878, 11/11/2018 06:20:11, SANDBOX_GROUP, 15.3, 30.3, 25180, 12.8, 1, 0, 32, 948, 1065, 7347, 2.2, 3398.7, 2793.8
3, 125879, 11/11/2018 06:40:19, SANDBOX_GROUP, 6.5, 10.1, 1529.8, 2.3, 0, 0.1, 21, 554, 265, 2656, 1.3, 867.7, 2738.3
3, 125910, 11/11/2018 17:00:03, SANDBOX_GROUP, 8.4, 11.5, 1730.7, 1.4, 0, 0, 42, 1152, 1029, 4536, 1.7, 8237.4, 3156.2
3, 125911, 11/11/2018 17:20:07, SANDBOX_GROUP, 10.7, 11.7, 1333.1, 0.4, 0, 0, 34, 896, 961, 6771, 0.6, 8142.2, 1408.1
3, 125912, 11/11/2018 17:40:07, SANDBOX_GROUP, 11.2, 11.5, 1255.4, 0, 0, 0, 39, 952, 1071, 5937, 0.3, 9458, 322.7
3, 125913, 11/11/2018 18:00:27, SANDBOX_GROUP, 23.1, 40.6, 31786.6, 14.2, 0, 0, 35, 905, 1081, 32007, 3.3, 10819.4, 4746.7
3, 125914, 11/11/2018 18:20:28, SANDBOX_GROUP, 8.2, 13.3, 10532.1, 4.3, 0, 0, 14, 360, 357, 4167, 0.8, 4001, 4657
3, 125915, 11/11/2018 18:40:08, SANDBOX_GROUP, 11.3, 11.5, 5808, 0, 0, 0, 33, 906, 936, 6289, 0.2, 8935.6, 234.2
3, 125916, 11/11/2018 19:00:14, SANDBOX_GROUP, 11.1, 12.1, 9259.7, 0.3, 0, 0, 31, 862, 1100, 6173, 0.7, 8645.2, 1285.3
3, 125918, 11/11/2018 19:40:21, SANDBOX_GROUP, 11.6, 12, 5551.1, 0, 0, 0, 40, 907, 921, 4093, 0.4, 8664.4, 314.1
3, 125919, 11/11/2018 20:00:01, SANDBOX_GROUP, 10.1, 11.5, 4566.5, 0.6, 0, 0, 58, 1008, 1120, 4233, 0.8, 7021.9, 577.1
3, 125920, 11/11/2018 20:20:11, SANDBOX_GROUP, 10.2, 11.7, 6225.9, 0.5, 0, 0, 30, 860, 896, 4445, 1, 9199.5, 745
3, 125921, 11/11/2018 20:40:21, SANDBOX_GROUP, 11, 12.2, 2861.6, 0.3, 0, 0, 29, 848, 924, 5251, 0.9, 7578, 701.9
3, 125922, 11/11/2018 21:00:03, SANDBOX_GROUP, 17.4, 23.8, 14624.3, 5.2, 0, 0, 26, 728, 785, 11308, 1.2, 13823, 686.2
3, 125923, 11/11/2018 21:20:10, SANDBOX_GROUP, 10.1, 10.8, 3983.8, 0, 0, 0, 29, 832, 847, 4468, 0.7, 7077.4, 539.5
3, 125924, 11/11/2018 21:40:00, SANDBOX_GROUP, 9.4, 10.8, 1121.7, 0.9, 0, 0, 28, 792, 887, 4421, 0.5, 8381.3, 282.7
3, 125925, 11/11/2018 22:00:16, SANDBOX_GROUP, 6.3, 7.4, 910.7, 0.4, 0, 0, 24, 676, 734, 2976, 0.7, 7310.7, 442.8
3, 125926, 11/11/2018 22:20:11, SANDBOX_GROUP, 9.5, 10.8, 1230.4, 0.6, 0, 0, 30, 840, 882, 4300, 0.7, 8076.6, 322.4
3, 125927, 11/11/2018 22:40:19, SANDBOX_GROUP, 10, 10.8, 1201.9, 0, 0, 0, 28, 816, 882, 4200, 0.8, 8772.5, 312.6
3, 125928, 11/11/2018 23:00:20, SANDBOX_GROUP, 13.8, 18.4, 1945.3, 2.9, 0, 0, 67, 1390, 1810, 10726, 1.7, 7917.7, 1031.9
3, 125929, 11/11/2018 23:20:06, SANDBOX_GROUP, 11.2, 14.1, 1219.7, 1.7, 0, 0, 28, 816, 896, 5559, 1.2, 8147.5, 1311
3, 125930, 11/11/2018 23:40:09, SANDBOX_GROUP, 10.6, 12.2, 1674.1, 0.4, 0, 0, 29, 848, 945, 5223, 1.2, 8154.4, 604.6
3, 125859, 11/11/2018 00:00:19, SZB_SANDBOX_GROUP, 3.1, 3.3, 205.4, 0, 0, 0, 16, 960, 1752, 382, 0.2, 2001.6, 66
3, 125860, 11/11/2018 00:20:38, SZB_SANDBOX_GROUP, 1.9, 2.1, 142.8, 0, 0, 0, 35, 1536, 1729, 292, 0.2, 132, 188.4
3, 125861, 11/11/2018 00:40:02, SZB_SANDBOX_GROUP, 1.9, 2.1, 324.6, 0, 0, 0, 20, 1152, 1652, 558, 0.2, 291.1, 143.1
3, 125862, 11/11/2018 01:00:03, SZB_SANDBOX_GROUP, 1.2, 5.5, 391.6, 4.2, 0, 0, 6, 256, 371, 302, 0.1, 2921.9, 119.9
3, 125863, 11/11/2018 01:20:26, SZB_SANDBOX_GROUP, 3.2, 4.9, 901.8, 1.4, 0, 0, 13, 583, 1184, 697, 0.3, 1896.8, 379.9
3, 125864, 11/11/2018 01:40:06, SZB_SANDBOX_GROUP, 1.5, 3.4, 165.5, 1.9, 0, 0, 9, 576, 691, 323, 0, 2031.8, 34.2
3, 125865, 11/11/2018 02:00:11, SZB_SANDBOX_GROUP, 14.9, 21.5, 12157.3, 4.7, 0, 0, 14, 864, 2976, 5825, 1.9, 3981.8, 3393
3, 125866, 11/11/2018 02:20:18, SZB_SANDBOX_GROUP, 8.2, 8.6, 1866.2, 0, 0, 0, 14, 787, 1926, 3136, 0.4, 175.1, 552.1
3, 125867, 11/11/2018 02:40:06, SZB_SANDBOX_GROUP, 2.2, 2.5, 1008.1, 0, 0, 0, 6, 352, 519, 370, 0.3, 72.4, 329.6
3, 125868, 11/11/2018 03:00:10, SZB_SANDBOX_GROUP, 17.5, 22.6, 14480.3, 4.1, 0, 0, 26, 1312, 3095, 7476, 1, 3595, 782.3
3, 125869, 11/11/2018 03:20:33, SZB_SANDBOX_GROUP, 12.5, 14, 1547.1, 1.2, 0, 0, 7, 384, 4426, 14881, 0.3, 6213.1, 156.8
3, 125870, 11/11/2018 03:40:47, SZB_SANDBOX_GROUP, 9.8, 35, 8772.1, 22.3, 0, 0, 3, 128, 3360, 4847, 2.9, 11618.8, 515.9
3, 125871, 11/11/2018 04:00:08, SZB_SANDBOX_GROUP, 13.5, 31.3, 11973.9, 13.3, 0, 0, 2, 128, 7035, 7346, 4.5, 11348, 2580.9
3, 125872, 11/11/2018 04:20:02, SZB_SANDBOX_GROUP, 21.8, 24.7, 8505.2, 1.4, 0, 0, 10, 608, 14543, 6023, 1.5, 410.3, 1227.3
3, 125873, 11/11/2018 04:40:03, SZB_SANDBOX_GROUP, 2.9, 6.6, 3178.7, 3.4, 0, 0, 4, 256, 9648, 769, 0.3, 190.1, 211.5
3, 125874, 11/11/2018 05:00:04, SZB_SANDBOX_GROUP, 9.7, 10.8, 8215.7, 0.5, 0, 0, 7, 384, 12935, 3744, 0.6, 5077.6, 641
3, 125875, 11/11/2018 05:20:14, SZB_SANDBOX_GROUP, 9.2, 10.9, 18297.9, 0.3, 0, 0, 6, 384, 19830, 3491, 1.4, 613.1, 2395
3, 125876, 11/11/2018 05:40:17, SZB_SANDBOX_GROUP, 7.1, 8, 17850.8, 0.4, 0, 0, 9, 576, 4490, 3067, 0.5, 1205, 930.8
3, 125877, 11/11/2018 06:00:25, SZB_SANDBOX_GROUP, 15, 20.1, 15486.8, 3.6, 0, 0, 6, 384, 2056, 8860, 1.5, 2312.3, 2640.7
3, 125878, 11/11/2018 06:20:11, SZB_SANDBOX_GROUP, 27.7, 61.5, 26786.3, 31.2, 0, 0, 3, 192, 2149, 24506, 2.6, 1539.2, 4883
3, 125879, 11/11/2018 06:40:19, SZB_SANDBOX_GROUP, 27.7, 44.7, 23081.7, 13.7, 0, 0, 9, 522, 2133, 29251, 3.3, 952.2, 5853.6
3, 125910, 11/11/2018 17:00:03, SZB_SANDBOX_GROUP, 6.8, 10.6, 3728.1, 3.2, 0, 0, 20, 1248, 2057, 2747, 0.6, 1684.3, 1123.6
3, 125911, 11/11/2018 17:20:07, SZB_SANDBOX_GROUP, 6.6, 7.9, 2483.2, 0.9, 0, 0, 11, 672, 1695, 2801, 0.4, 864.5, 475.2
3, 125912, 11/11/2018 17:40:07, SZB_SANDBOX_GROUP, 6.2, 8, 3486.5, 1.2, 0, 0, 26, 896, 12053, 2474, 0.6, 298.6, 1138.5
3, 125913, 11/11/2018 18:00:27, SZB_SANDBOX_GROUP, 4.5, 5, 588.9, 0.2, 0, 0, 27, 1376, 4305, 1223, 0.3, 3285, 184.2
3, 125914, 11/11/2018 18:20:28, SZB_SANDBOX_GROUP, 1.4, 1.7, 239.8, 0.1, 0, 0, 8, 416, 442, 194, 0.2, 35.4, 89.4
3, 125915, 11/11/2018 18:40:08, SZB_SANDBOX_GROUP, 4.1, 4.5, 339.5, 0, 0, 0, 47, 2368, 3225, 1100, 0.4, 320.9, 508.4
3, 125916, 11/11/2018 19:00:14, SZB_SANDBOX_GROUP, 4.4, 4.8, 1094, 0, 0, 0, 30, 1760, 3225, 1299, 0.4, 3354.8, 292.2
3, 125918, 11/11/2018 19:40:21, SZB_SANDBOX_GROUP, 2.5, 2.7, 787.3, 0, 0, 0, 40, 2112, 2651, 458, 0.2, 156.9, 282.8
3, 125919, 11/11/2018 20:00:01, SZB_SANDBOX_GROUP, 3.5, 4.1, 783.7, 0, 0, 0, 31, 1536, 2310, 747, 0.6, 3457.1, 391
3, 125920, 11/11/2018 20:20:11, SZB_SANDBOX_GROUP, 1.1, 1.3, 729.2, 0, 0, 0, 10, 512, 698, 108, 0.2, 106, 277.9
3, 125921, 11/11/2018 20:40:21, SZB_SANDBOX_GROUP, 0.7, 1.1, 546, 0.2, 0, 0, 3, 192, 256, 66, 0.2, 33.3, 253.4
3, 125922, 11/11/2018 21:00:03, SZB_SANDBOX_GROUP, 11.5, 16, 6316.6, 4, 0, 0, 91, 3600, 7052, 1243, 0.5, 3548.6, 361.2
3, 125923, 11/11/2018 21:20:10, SZB_SANDBOX_GROUP, 16.5, 17.1, 6402.8, 0, 0, 0, 124, 4976, 8557, 2059, 0.6, 2237.9, 696
3, 125924, 11/11/2018 21:40:00, SZB_SANDBOX_GROUP, 4.1, 5.2, 2284.4, 0.5, 0, 0, 25, 1440, 1737, 1392, 0.6, 845.1, 1030.6
3, 125925, 11/11/2018 22:00:16, SZB_SANDBOX_GROUP, 8.7, 9.9, 5057.1, 0.7, 0, 0, 26, 1462, 2095, 2680, 0.5, 3428, 859.2
3, 125926, 11/11/2018 22:20:11, SZB_SANDBOX_GROUP, 4.2, 4.7, 1149.2, 0, 0, 0, 28, 1518, 2138, 1245, 0.5, 197.8, 828.3
3, 125927, 11/11/2018 22:40:19, SZB_SANDBOX_GROUP, 2.6, 2.9, 679.2, 0, 0, 0, 23, 1390, 1801, 359, 0.3, 109.6, 378.1
3, 125928, 11/11/2018 23:00:20, SZB_SANDBOX_GROUP, 5.3, 6, 350.1, 0.2, 0, 0, 37, 1824, 2724, 1246, 0.5, 1766.1, 380.4
3, 125929, 11/11/2018 23:20:06, SZB_SANDBOX_GROUP, 2.3, 2.5, 291.9, 0, 0, 0, 9, 462, 392, 264, 0.2, 56.4, 193
3, 125930, 11/11/2018 23:40:09, SZB_SANDBOX_GROUP, 4.2, 4.5, 796, 0, 0, 0, 21, 1134, 1860, 971, 0.3, 181.5, 619.2
4, 125859, 11/11/2018 00:00:19, ADW_UNLOAD_GROUP, 0, 0, 0.5, 0, 0, 0, 0, 0, 52, 1, 0, 0, 0
4, 125860, 11/11/2018 00:20:33, ADW_UNLOAD_GROUP, 0, 0, 0.4, 0, 0, 0, 0, 0, 59, 1, 0, 0, 0
4, 125861, 11/11/2018 00:40:06, ADW_UNLOAD_GROUP, 0, 0, 0.7, 0, 0, 0, 0, 0, 42, 6, 0, 0, 0
4, 125863, 11/11/2018 01:20:26, ADW_UNLOAD_GROUP, 0, 0, 0.1, 0, 0, 0, 0, 0, 47, 0, 0, 0, 0
4, 125864, 11/11/2018 01:40:06, ADW_UNLOAD_GROUP, 0, 0, 1.5, 0, 0, 0, 0, 0, 54, 1, 0, 0, 0
4, 125865, 11/11/2018 02:00:14, ADW_UNLOAD_GROUP, 0, 0, 0.8, 0, 0, 0, 0, 0, 52, 2, 0, 0, 0
4, 125866, 11/11/2018 02:20:18, ADW_UNLOAD_GROUP, 0, 0, 0, 0, 0, 0, 0, 0, 53, 2, 0, 0, 0
4, 125868, 11/11/2018 03:00:10, ADW_UNLOAD_GROUP, 0, 0, 0.9, 0, 0, 0, 0, 0, 58, 1, 0, 0, 0
4, 125870, 11/11/2018 03:40:47, ADW_UNLOAD_GROUP, 0, 0, 0.6, 0, 0, 0, 0, 0, 49, 3, 0, 0, 0
4, 125871, 11/11/2018 04:00:08, ADW_UNLOAD_GROUP, 0, 0, 0, 0, 0, 0, 0, 0, 51, 0, 0, 0, 0
4, 125872, 11/11/2018 04:20:02, ADW_UNLOAD_GROUP, 0, 0, 0.3, 0, 0, 0, 0, 0, 53, 0, 0, 0, 0
4, 125873, 11/11/2018 04:40:03, ADW_UNLOAD_GROUP, 0, 0, 0.9, 0, 0, 0, 0, 0, 65, 6, 0, 0, 0
4, 125874, 11/11/2018 05:00:13, ADW_UNLOAD_GROUP, 0, 0, 0.5, 0, 0, 0, 0, 0, 56, 3, 0, 0, 0
4, 125875, 11/11/2018 05:20:14, ADW_UNLOAD_GROUP, 0, 0, 0, 0, 0, 0, 0, 0, 62, 0, 0, 0, 0
4, 125876, 11/11/2018 05:40:16, ADW_UNLOAD_GROUP, 0, 0, 0.8, 0, 0, 0, 0, 0, 64, 0, 0, 0, 0
4, 125877, 11/11/2018 06:00:26, ADW_UNLOAD_GROUP, 0, 0, 0, 0, 0, 0, 0, 0, 64, 0, 0, 0, 0
4, 125878, 11/11/2018 06:20:11, ADW_UNLOAD_GROUP, 0, 0, 0.7, 0, 0, 0, 0, 0, 67, 5, 0, 0, 0
4, 125879, 11/11/2018 06:40:18, ADW_UNLOAD_GROUP, 0, 0, 0.8, 0, 0, 0, 0, 0, 44, 1, 0, 0, 0
4, 125910, 11/11/2018 17:00:03, ADW_UNLOAD_GROUP, 0, 0, 0, 0, 0, 0, 0, 0, 63, 1, 0, 0, 0
4, 125912, 11/11/2018 17:40:07, ADW_UNLOAD_GROUP, 0, 0, 0.4, 0, 0, 0, 0, 0, 69, 1, 0, 0, 0
4, 125913, 11/11/2018 18:00:27, ADW_UNLOAD_GROUP, 0.5, 1.1, 330, 0.3, 0, 0, 2, 34, 130, 150, 0.3, 155, 407.9
4, 125914, 11/11/2018 18:20:28, ADW_UNLOAD_GROUP, 0, 0, 0.5, 0, 0, 0, 0, 0, 47, 1, 0, 0, 0
4, 125915, 11/11/2018 18:40:08, ADW_UNLOAD_GROUP, 0, 0, 0.3, 0, 0, 0, 0, 0, 53, 0, 0, 0, 0
4, 125918, 11/11/2018 19:40:21, ADW_UNLOAD_GROUP, 0, 0, 0.3, 0, 0, 0, 0, 0, 53, 2, 0, 0, 0
4, 125919, 11/11/2018 20:00:02, ADW_UNLOAD_GROUP, 0, 0, 0.2, 0, 0, 0, 0, 0, 52, 0, 0, 0, 0
4, 125920, 11/11/2018 20:20:11, ADW_UNLOAD_GROUP, 0, 0, 0, 0, 0, 0, 0, 0, 53, 0, 0, 0, 0
4, 125921, 11/11/2018 20:40:21, ADW_UNLOAD_GROUP, 0, 0, 0, 0, 0, 0, 0, 0, 53, 0, 0, 0, 0
4, 125922, 11/11/2018 21:00:03, ADW_UNLOAD_GROUP, 0, 0, 0.5, 0, 0, 0, 0, 0, 53, 0, 0, 0, 0
4, 125923, 11/11/2018 21:20:10, ADW_UNLOAD_GROUP, 0, 0, 0.2, 0, 0, 0, 0, 0, 52, 0, 0, 0, 0
4, 125924, 11/11/2018 21:40:01, ADW_UNLOAD_GROUP, 0, 0, 1.2, 0, 0, 0, 0, 0, 54, 1, 0, 0, 0
4, 125925, 11/11/2018 22:00:16, ADW_UNLOAD_GROUP, 0, 0, 0, 0, 0, 0, 0, 0, 57, 3, 0, 0, 0
4, 125926, 11/11/2018 22:20:11, ADW_UNLOAD_GROUP, 0, 0, 0.3, 0, 0, 0, 0, 0, 48, 1, 0, 0, 0
4, 125928, 11/11/2018 23:00:20, ADW_UNLOAD_GROUP, 0, 0, 0.2, 0, 0, 0, 0, 0, 53, 1, 0, 0, 0
4, 125929, 11/11/2018 23:20:06, ADW_UNLOAD_GROUP, 0, 0, 0.3, 0, 0, 0, 0, 0, 52, 0, 0, 0, 0
4, 125930, 11/11/2018 23:40:09, ADW_UNLOAD_GROUP, 0, 0, 0.3, 0, 0, 0, 0, 0, 54, 2, 0, 0, 0
4, 125859, 11/11/2018 00:00:19, DM_TECH_GROUP, 1, 3.2, 341.2, 1.3, 0, 0, 44, 624, 632, 234, 0.9, 680.9, 2068
4, 125860, 11/11/2018 00:20:33, DM_TECH_GROUP, 10, 35.2, 16735.5, 20.1, 0, 0, 116, 1760, 2373, 8209, 5.1, 1599, 12690.7
4, 125861, 11/11/2018 00:40:06, DM_TECH_GROUP, 18.1, 51.9, 45630.9, 25.5, 0, 0, 130, 1948, 2124, 14036, 8.3, 2097.1, 17938.2
4, 125862, 11/11/2018 01:00:02, DM_TECH_GROUP, 14.6, 46.7, 42335.1, 28.4, 0, 0, 121, 1804, 2030, 9146, 3.7, 2210.8, 4385.8
4, 125863, 11/11/2018 01:20:26, DM_TECH_GROUP, 17.2, 46.9, 49023.6, 24.8, 0, 0, 136, 2056, 2305, 11034, 4.9, 2061.4, 6474.4
4, 125864, 11/11/2018 01:40:06, DM_TECH_GROUP, 19.1, 39.1, 34869.5, 18.4, 0, 0, 43, 648, 732, 7725, 1.6, 1612, 2673
4, 125865, 11/11/2018 02:00:14, DM_TECH_GROUP, 20.9, 33.8, 18071.3, 11.4, 0, 0, 50, 708, 866, 7389, 1.5, 1987.6, 837.5
4, 125866, 11/11/2018 02:20:18, DM_TECH_GROUP, 19.7, 28.9, 11776.4, 8, 0, 0, 20, 318, 294, 6550, 1.2, 1263.4, 1772.9
4, 125867, 11/11/2018 02:40:06, DM_TECH_GROUP, 12.5, 27, 15754.7, 13.4, 0, 0, 43, 632, 714, 3198, 1.1, 876.7, 4239
4, 125868, 11/11/2018 03:00:10, DM_TECH_GROUP, 11.7, 18.1, 7404.3, 6.3, 0, 0, 185, 2704, 3467, 2271, 0.1, 1115.5, 205.5
4, 125869, 11/11/2018 03:20:32, DM_TECH_GROUP, 7.7, 17.1, 10174.3, 9, 0, 0, 78, 1086, 1555, 1283, 0.4, 819.6, 541.4
4, 125870, 11/11/2018 03:40:47, DM_TECH_GROUP, 3.1, 12.8, 6716.4, 9.2, 0, 0, 70, 1008, 1212, 711, 0.5, 196.5, 557.3
4, 125871, 11/11/2018 04:00:08, DM_TECH_GROUP, 4.9, 17.4, 19364.5, 9.9, 0, 0, 583, 8340, 8271, 2213, 2.6, 1406, 1710.5
4, 125872, 11/11/2018 04:20:02, DM_TECH_GROUP, 4.2, 14.7, 17783.4, 8.6, 0, 0, 146, 2032, 2075, 1437, 1.9, 627.9, 2751.1
4, 125873, 11/11/2018 04:40:03, DM_TECH_GROUP, 2.2, 8.7, 9165.5, 5.6, 1, 0, 80, 1164, 1344, 536, 0.9, 486.8, 1737
4, 125874, 11/11/2018 05:00:13, DM_TECH_GROUP, 7.8, 14.3, 4028.3, 2.1, 0, 0, 118, 1734, 1922, 3484, 4.4, 932, 11207.2
4, 125875, 11/11/2018 05:20:14, DM_TECH_GROUP, 1.5, 3.1, 2263.1, 0.5, 0, 0, 13, 186, 196, 349, 1.1, 177.3, 3319.8
4, 125876, 11/11/2018 05:40:16, DM_TECH_GROUP, 1.2, 1.8, 2862.6, 0.3, 0, 0, 35, 520, 771, 140, 0.3, 90.7, 537.6
4, 125877, 11/11/2018 06:00:26, DM_TECH_GROUP, 4, 8.9, 1611.8, 2.5, 0, 0, 777, 11048, 11340, 1080, 2.4, 1761.3, 4156.2
4, 125878, 11/11/2018 06:20:11, DM_TECH_GROUP, 2.9, 11.5, 2206.9, 7.7, 5, 0.2, 37, 536, 693, 974, 0.9, 315.3, 1912.8
4, 125879, 11/11/2018 06:40:18, DM_TECH_GROUP, 2.8, 17.1, 6935.4, 11.1, 0, 0.3, 102, 1408, 1614, 1441, 3.2, 354.1, 4732.2
4, 125910, 11/11/2018 17:00:03, DM_TECH_GROUP, 4, 8.2, 15711.6, 1.6, 1, 0, 767, 10944, 10829, 1639, 2.6, 1891.4, 5392.6
4, 125911, 11/11/2018 17:20:07, DM_TECH_GROUP, 1, 2.7, 115.1, 1.1, 0, 0, 112, 1640, 1721, 145, 0.6, 197.7, 1600.1
4, 125912, 11/11/2018 17:40:07, DM_TECH_GROUP, 0.6, 1.1, 37.3, 0.2, 0, 0, 30, 456, 587, 81, 0.3, 3.6, 437.4
4, 125913, 11/11/2018 18:00:27, DM_TECH_GROUP, 3.1, 7, 385.9, 1.5, 1, 0, 787, 11240, 11351, 1189, 2.4, 1810.8, 4295.2
4, 125914, 11/11/2018 18:20:28, DM_TECH_GROUP, 0.9, 1.9, 169.3, 0.1, 0, 0, 90, 1264, 1310, 276, 0.9, 278.7, 1934.1
4, 125915, 11/11/2018 18:40:08, DM_TECH_GROUP, 0.3, 0.7, 35, 0.2, 0, 0, 18, 264, 411, 24, 0.2, 3.1, 387.7
4, 125916, 11/11/2018 19:00:16, DM_TECH_GROUP, 2.8, 5.7, 338.5, 1.2, 0, 0, 797, 11392, 11395, 1002, 1.7, 1796.9, 3421.9
4, 125918, 11/11/2018 19:40:21, DM_TECH_GROUP, 0.5, 1.3, 135.3, 0.5, 0, 0, 24, 360, 565, 44, 0.3, 9.4, 429
4, 125919, 11/11/2018 20:00:02, DM_TECH_GROUP, 3.2, 6.4, 1200.7, 0.6, 0, 0, 648, 9201, 9251, 1013, 2.6, 1801.6, 5243.8
4, 125920, 11/11/2018 20:20:11, DM_TECH_GROUP, 1.4, 1.9, 1334.7, 0, 0, 0, 73, 1032, 1074, 211, 0.5, 264, 1023.5
4, 125921, 11/11/2018 20:40:21, DM_TECH_GROUP, 0.4, 0.9, 31.4, 0.3, 0, 0, 22, 320, 560, 31, 0.2, 6.7, 419.2
4, 125922, 11/11/2018 21:00:03, DM_TECH_GROUP, 3.1, 7.1, 370.8, 1.9, 0, 0, 778, 11072, 11112, 970, 2.1, 1667.4, 4080.4
4, 125923, 11/11/2018 21:20:10, DM_TECH_GROUP, 3.6, 15.7, 4560.3, 10.2, 0, 0, 55, 864, 1155, 1883, 1.9, 556.4, 5646.5
4, 125924, 11/11/2018 21:40:01, DM_TECH_GROUP, 3.3, 12, 18894.1, 6.3, 0, 0, 73, 1064, 1069, 1747, 2.4, 343, 7145.3
4, 125925, 11/11/2018 22:00:16, DM_TECH_GROUP, 2.5, 6, 5716, 2.5, 0, 0, 20, 288, 384, 702, 1, 157.7, 2407.3
4, 125926, 11/11/2018 22:20:11, DM_TECH_GROUP, 1.5, 4.3, 14083.9, 2, 0, 0, 21, 312, 415, 342, 0.8, 114.8, 2481.2
4, 125927, 11/11/2018 22:40:19, DM_TECH_GROUP, 1.5, 3.6, 3407.3, 0.8, 0, 0, 26, 384, 482, 304, 1.3, 83.4, 3841.8
4, 125928, 11/11/2018 23:00:20, DM_TECH_GROUP, 0.3, 0.6, 58.5, 0.2, 0, 0, 20, 288, 390, 14, 0.1, 5.5, 227.5
4, 125929, 11/11/2018 23:20:06, DM_TECH_GROUP, 0.3, 0.7, 65.8, 0.3, 0, 0, 15, 216, 289, 16, 0.1, 5.4, 212
4, 125930, 11/11/2018 23:40:09, DM_TECH_GROUP, 0.3, 0.6, 65.3, 0.2, 0, 0, 20, 288, 384, 12, 0.1, 5.7, 236.5
4, 125859, 11/11/2018 00:00:19, OTHER_GROUPS, 9.8, 17.1, 15019.4, 6, 0, 0, 21, 140, 8680, 3047, 1.3, 4925.8, 385.3
4, 125860, 11/11/2018 00:20:33, OTHER_GROUPS, 19.9, 67.6, 21509.4, 46.3, 0, 0, 187, 1504, 10416, 12014, 1.4, 9980, 542.1
4, 125861, 11/11/2018 00:40:06, OTHER_GROUPS, 24.4, 59.1, 15738.4, 33.6, 2, 0, 427, 3380, 9824, 25401, 1.1, 2357.6, 412.3
4, 125862, 11/11/2018 01:00:02, OTHER_GROUPS, 27, 57.1, 16883.3, 28.9, 0, 0, 438, 3456, 10414, 34012, 1.2, 2761, 332.2
4, 125863, 11/11/2018 01:20:26, OTHER_GROUPS, 19.7, 48.5, 17002.6, 27.7, 0, 0, 90, 672, 7939, 16951, 1.1, 2128.6, 525.2
4, 125864, 11/11/2018 01:40:06, OTHER_GROUPS, 15.7, 33.9, 15898.8, 17.1, 0, 0, 12, 60, 7201, 11794, 1.1, 1655.2, 592.5
4, 125865, 11/11/2018 02:00:14, OTHER_GROUPS, 9.9, 24.5, 16192.3, 13.6, 0, 0, 22, 104, 7482, 5638, 1, 1622.2, 384.7
4, 125866, 11/11/2018 02:20:18, OTHER_GROUPS, 8.2, 9.2, 13074.5, 0.3, 0, 0, 4, 16, 7048, 2614, 0.7, 1430.9, 132.5
4, 125867, 11/11/2018 02:40:06, OTHER_GROUPS, 8, 9.6, 14413.7, 0.7, 0, 0, 0, 0, 6928, 1161, 0.9, 1224, 176
4, 125868, 11/11/2018 03:00:10, OTHER_GROUPS, 8.1, 10.1, 14286, 1.2, 0, 0, 0, 0, 6345, 2104, 0.8, 1007, 283.7
4, 125869, 11/11/2018 03:20:32, OTHER_GROUPS, 8.3, 9.6, 14009.1, 0.4, 0, 0, 0, 0, 6673, 1159, 0.9, 1210.5, 442.4
4, 125870, 11/11/2018 03:40:47, OTHER_GROUPS, 7.6, 10.7, 14986.7, 1.6, 0, 0, 0, 0, 6046, 2137, 1.5, 882.5, 171.9
4, 125871, 11/11/2018 04:00:08, OTHER_GROUPS, 8.9, 13.3, 28587.5, 3, 0, 0, 0, 0, 8320, 3480, 1.4, 835.4, 300.6
4, 125872, 11/11/2018 04:20:02, OTHER_GROUPS, 20.6, 25.8, 46118.1, 3.9, 0, 0, 14, 96, 7358, 10167, 1.3, 3122.7, 371.2
4, 125873, 11/11/2018 04:40:03, OTHER_GROUPS, 26.3, 31.8, 48182.2, 3.9, 0, 0, 0, 0, 7586, 8542, 1.6, 2391.1, 354.9
4, 125874, 11/11/2018 05:00:13, OTHER_GROUPS, 21.4, 22.9, 32790.2, 0.5, 0, 0, 0, 0, 6786, 7947, 1, 1629.7, 206.5
4, 125875, 11/11/2018 05:20:14, OTHER_GROUPS, 12.5, 15, 15944, 1.6, 0, 0, 4, 32, 8725, 2807, 0.9, 1513.9, 176.6
4, 125876, 11/11/2018 05:40:16, OTHER_GROUPS, 7.8, 10, 14303.3, 1.3, 0, 0, 0, 0, 6497, 1049, 0.9, 1308.2, 185.4
4, 125877, 11/11/2018 06:00:26, OTHER_GROUPS, 8.1, 11.1, 14505.5, 2, 0, 0, 0, 0, 7526, 1999, 1, 1249.4, 344.7
4, 125878, 11/11/2018 06:20:11, OTHER_GROUPS, 8.9, 14.4, 16959.7, 4.5, 0, 0, 0, 0, 6637, 2945, 1, 1383.5, 332.7
4, 125879, 11/11/2018 06:40:18, OTHER_GROUPS, 8.9, 11.7, 13189.7, 2, 0, 0, 6, 100, 7169, 4473, 0.8, 1014.4, 266.2
4, 125880, 11/11/2018 07:00:18, OTHER_GROUPS, 46.4, 57, 37736.3, 5.7, 0, 0, 97, 2344, 10502, 53306, 4.9, 11579.4, 7788.3
4, 125881, 11/11/2018 07:20:03, OTHER_GROUPS, 35, 38.9, 22563, 0, 0, 0, 114, 2952, 10266, 31288, 3.9, 7315.7, 5980.7
4, 125882, 11/11/2018 07:40:03, OTHER_GROUPS, 42.7, 47.6, 25682.1, 1.7, 2, 0, 222, 4956, 13199, 47447, 3.2, 8727.5, 2936.7
4, 125883, 11/11/2018 08:00:02, OTHER_GROUPS, 51.9, 70.3, 18728.5, 12.6, 8, 0, 576, 9213, 17334, 59903, 5.8, 11424.4, 5633.3
4, 125884, 11/11/2018 08:20:12, OTHER_GROUPS, 55.5, 63.2, 22238.3, 3.8, 4, 0, 361, 6487, 12422, 59100, 3.9, 11120.3, 4604.2
4, 125885, 11/11/2018 08:40:22, OTHER_GROUPS, 46.8, 53.6, 19935.1, 3.4, 0, 0, 258, 5173, 14374, 44882, 3.4, 9223.7, 2977.3
4, 125886, 11/11/2018 09:00:24, OTHER_GROUPS, 59.3, 84.2, 34353.8, 15.7, 18, 1.3, 543, 8843, 15290, 133483, 9.2, 8325, 8545.7
4, 125887, 11/11/2018 09:20:15, OTHER_GROUPS, 49.6, 55, 26544, 0, 2, 0, 626, 10294, 24366, 52706, 5.4, 4499.8, 7468.2
4, 125888, 11/11/2018 09:40:33, OTHER_GROUPS, 37.7, 48.5, 19293.1, 7.3, 2, 0, 223, 5712, 15828, 27665, 3.5, 2185, 3273.1
4, 125889, 11/11/2018 10:00:11, OTHER_GROUPS, 49.1, 55.9, 19461.4, 0.6, 2, 0, 837, 13648, 23380, 43109, 6.2, 7693.5, 7916.9
4, 125890, 11/11/2018 10:20:03, OTHER_GROUPS, 41.3, 50.8, 17566.4, 5, 1, 0, 168, 3676, 116023, 38596, 4.5, 4233.1, 6626.3
4, 125891, 11/11/2018 10:40:16, OTHER_GROUPS, 32.7, 36.9, 21726, 1, 2, 0, 166, 3988, 20538, 26843, 3.2, 5975.3, 3298.4
4, 125892, 11/11/2018 11:00:20, OTHER_GROUPS, 36.8, 42.1, 11276.6, 0, 2, 0, 965, 15530, 38016, 28984, 5.3, 9992.7, 5815
4, 125893, 11/11/2018 11:20:28, OTHER_GROUPS, 35, 43, 13148.7, 2.7, 0, 0, 219, 5831, 17344, 167271, 5.3, 11337.4, 9148.4
4, 125894, 11/11/2018 11:40:05, OTHER_GROUPS, 40.3, 44.5, 9751.6, 0, 0, 0, 201, 6134, 382367, 28950, 4.2, 8633.2, 7282.7
4, 125895, 11/11/2018 12:00:09, OTHER_GROUPS, 67.3, 72.2, 34610, 0, 0, 0, 722, 10918, 686185, 83810, 4.9, 6229.3, 5887
4, 125896, 11/11/2018 12:20:35, OTHER_GROUPS, 49.3, 52.2, 8279.8, 0, 0, 0, 219, 3768, 827142, 27805, 2.9, 4243.6, 4584.4
4, 125897, 11/11/2018 12:40:04, OTHER_GROUPS, 53.6, 56.1, 8989.1, 0, 0, 0, 111, 2702, 958242, 24689, 2.5, 2556.1, 3007.3
4, 125898, 11/11/2018 13:00:00, OTHER_GROUPS, 48.7, 55.4, 13968.6, 0, 0, 0, 844, 13362, 874026, 19331, 6.7, 6553, 8879.8
4, 125899, 11/11/2018 13:20:04, OTHER_GROUPS, 43, 45.4, 13711.2, 0, 0, 0, 108, 2166, 1002989, 14187, 2.4, 3439, 3349.9
4, 125900, 11/11/2018 13:40:07, OTHER_GROUPS, 44, 45.8, 35677.4, 0, 0, 0, 122, 3128, 1050826, 11211, 1.8, 1426.4, 1544.7
4, 125901, 11/11/2018 14:00:15, OTHER_GROUPS, 40.4, 44, 11685.1, 0, 0, 0, 823, 11958, 1150873, 7827, 3.6, 5942.3, 5188.5
4, 125902, 11/11/2018 14:20:20, OTHER_GROUPS, 33.3, 35.9, 8797.5, 0, 0, 0, 90, 1318, 1266663, 3078, 2.6, 1598.1, 3966.8
4, 125903, 11/11/2018 14:40:11, OTHER_GROUPS, 48.5, 50.2, 22238.7, 0, 0, 0, 45, 982, 796822, 20217, 1.7, 2512, 1370.5
4, 125904, 11/11/2018 15:00:26, OTHER_GROUPS, 51.3, 53, 13864.4, 0, 0, 0, 75, 2272, 961359, 19071, 1.7, 2979.2, 1523.7
4, 125905, 11/11/2018 15:20:36, OTHER_GROUPS, 48, 49.5, 19800.2, 0, 0, 0, 53, 888, 990708, 8845, 1.5, 1635.3, 1264.4
4, 125906, 11/11/2018 15:40:01, OTHER_GROUPS, 52.2, 53.8, 17811.2, 0, 0, 0, 37, 1134, 867427, 28940, 1.6, 4296.2, 1140.4
4, 125907, 11/11/2018 16:00:09, OTHER_GROUPS, 56.2, 60.7, 21802.6, 0, 0, 0, 45, 2250, 948727, 25010, 4.5, 5436.3, 4077.3
4, 125908, 11/11/2018 16:20:15, OTHER_GROUPS, 46.3, 50.7, 20746.8, 0, 0, 0, 43, 1038, 941754, 17101, 4.4, 4360.2, 6340
4, 125909, 11/11/2018 16:40:24, OTHER_GROUPS, 41.5, 47.2, 30416, 0, 0, 0, 58, 1898, 986708, 13997, 5.7, 3841.7, 10127.3
4, 125910, 11/11/2018 17:00:03, OTHER_GROUPS, 9.3, 11.3, 13556.8, 0, 0, 0, 0, 0, 7234, 3142, 2, 1107.9, 1385
4, 125911, 11/11/2018 17:20:07, OTHER_GROUPS, 8.7, 10.7, 14467.7, 0.7, 0, 0, 0, 0, 8071, 1854, 1.3, 1258.6, 695.7
4, 125912, 11/11/2018 17:40:07, OTHER_GROUPS, 8.4, 10.2, 14446.4, 0.7, 0, 0, 0, 0, 6560, 1709, 1.1, 1004.8, 326.9
4, 125913, 11/11/2018 18:00:27, OTHER_GROUPS, 9.2, 13, 16327.7, 2.5, 0, 0, 0, 0, 6440, 2545, 1.3, 962, 521.2
4, 125914, 11/11/2018 18:20:28, OTHER_GROUPS, 8.2, 10.3, 12457, 1.3, 0, 0, 0, 0, 5843, 3655, 0.8, 731.7, 521.7
4, 125915, 11/11/2018 18:40:08, OTHER_GROUPS, 8.7, 9.7, 14570.1, 0.1, 0, 0, 0, 0, 6938, 2329, 0.9, 996, 343
4, 125916, 11/11/2018 19:00:16, OTHER_GROUPS, 8.8, 10.2, 14368.3, 0.3, 0, 0, 0, 0, 7322, 1977, 1.1, 1142.7, 591.6
4, 125917, 11/11/2018 19:20:19, OTHER_GROUPS, 8.5, 30.1, 30015.6, 20.5, 0, 0, 0, 0, 7094, 2111, 1.1, 1034.9, 450.4
4, 125918, 11/11/2018 19:40:21, OTHER_GROUPS, 7.9, 10.2, 15097.3, 1.5, 0, 0, 0, 0, 7316, 1753, 0.8, 1182.6, 138
4, 125919, 11/11/2018 20:00:02, OTHER_GROUPS, 8, 11.1, 14504.1, 2.1, 0, 0, 0, 0, 6802, 2095, 1, 1107.1, 313.1
4, 125920, 11/11/2018 20:20:11, OTHER_GROUPS, 8.1, 10.1, 13364.8, 1, 0, 0, 0, 0, 6676, 1648, 1, 1184.6, 393.3
4, 125921, 11/11/2018 20:40:21, OTHER_GROUPS, 8.1, 10.3, 14406.8, 1.3, 0, 0, 0, 0, 6452, 1489, 0.9, 1157.8, 247
4, 125922, 11/11/2018 21:00:03, OTHER_GROUPS, 7.9, 11.6, 15193.1, 2.6, 0, 0, 0, 0, 7340, 1780, 1.1, 1323.9, 315.1
4, 125923, 11/11/2018 21:20:10, OTHER_GROUPS, 8.2, 11.6, 14128.6, 2, 0, 0, 0, 0, 6551, 1960, 1.4, 1382.5, 427.4
4, 125924, 11/11/2018 21:40:01, OTHER_GROUPS, 8, 12.8, 14566.4, 3.5, 0, 0, 0, 0, 5738, 1920, 1.3, 1008.9, 342.7
4, 125925, 11/11/2018 22:00:16, OTHER_GROUPS, 8.2, 11.1, 13267.5, 1.3, 0, 0, 0, 0, 7722, 2161, 1.6, 1225.6, 512.9
4, 125926, 11/11/2018 22:20:11, OTHER_GROUPS, 8, 11.6, 14145.8, 1.6, 0, 0, 0, 0, 6199, 1742, 2, 1037.8, 702.2
4, 125927, 11/11/2018 22:40:19, OTHER_GROUPS, 8.1, 11.8, 14462.6, 2.2, 0, 0, 0, 0, 6787, 1611, 1.5, 1203.4, 677.3
4, 125928, 11/11/2018 23:00:20, OTHER_GROUPS, 8, 10.9, 14076.8, 1.8, 0, 0, 0, 0, 7657, 1577, 1.1, 1432, 374.1
4, 125929, 11/11/2018 23:20:06, OTHER_GROUPS, 8.2, 10.8, 14175.7, 1.7, 0, 0, 0, 0, 6376, 1565, 0.9, 1130.9, 410.2
4, 125930, 11/11/2018 23:40:09, OTHER_GROUPS, 8, 9.6, 13826.7, 0.8, 0, 0, 0, 0, 7254, 1362, 0.8, 1263, 158.6
4, 125859, 11/11/2018 00:00:19, SANDBOX_GROUP, 13.3, 16.5, 11932.1, 3, 0, 0, 13, 388, 604, 6829, 0.2, 5586.3, 177
4, 125860, 11/11/2018 00:20:33, SANDBOX_GROUP, 3.3, 10.9, 4806.6, 7.4, 0, 0, 15, 416, 446, 850, 0.2, 2935.7, 208.6
4, 125861, 11/11/2018 00:40:06, SANDBOX_GROUP, 1.1, 3.5, 600.3, 2.3, 0, 0, 14, 396, 524, 423, 0.1, 2586, 203.6
4, 125862, 11/11/2018 01:00:02, SANDBOX_GROUP, 4.5, 11.1, 577.7, 5.7, 0, 0, 22, 569, 586, 2614, 0.9, 3612.5, 1716.7
4, 125863, 11/11/2018 01:20:26, SANDBOX_GROUP, 6.1, 19.2, 917.4, 11.5, 0, 0, 16, 448, 603, 2510, 1.6, 3763.6, 2754
4, 125864, 11/11/2018 01:40:06, SANDBOX_GROUP, 9.2, 19.6, 944.7, 9.3, 0, 0, 25, 708, 801, 4701, 1.1, 6113.2, 2344.7
4, 125865, 11/11/2018 02:00:14, SANDBOX_GROUP, 9.7, 13.8, 1345.6, 3.6, 0, 0, 10, 288, 455, 5567, 0.5, 4419.7, 410.7
4, 125866, 11/11/2018 02:20:18, SANDBOX_GROUP, 10.6, 12.5, 2871.2, 1.6, 0, 0, 7, 208, 353, 5169, 0.3, 4083, 259.5
4, 125867, 11/11/2018 02:40:06, SANDBOX_GROUP, 3.8, 6.8, 1978, 2.8, 0, 0, 2, 64, 193, 1193, 0.2, 1514.8, 189.8
4, 125868, 11/11/2018 03:00:10, SANDBOX_GROUP, 13.8, 17.7, 12834.2, 3.2, 0, 0, 2, 64, 377, 6136, 0.7, 2828.8, 821.3
4, 125869, 11/11/2018 03:20:32, SANDBOX_GROUP, 8.3, 11.1, 7119, 2.1, 0, 0, 3, 96, 126, 1416, 0.7, 1562.5, 920.6
4, 125870, 11/11/2018 03:40:47, SANDBOX_GROUP, 13.3, 18.8, 2947.4, 3.8, 0, 0, 19, 532, 676, 4907, 1.7, 5646.5, 653.5
4, 125871, 11/11/2018 04:00:08, SANDBOX_GROUP, 13, 22.9, 2408.5, 8.7, 0, 0, 28, 654, 729, 6178, 1.2, 5420.8, 572.4
4, 125872, 11/11/2018 04:20:02, SANDBOX_GROUP, 13.4, 17.4, 3831.9, 3.1, 0, 0, 27, 664, 657, 5468, 0.9, 4977.1, 981.5
4, 125873, 11/11/2018 04:40:03, SANDBOX_GROUP, 4.5, 7.9, 4649.2, 3.1, 3, 0, 23, 614, 694, 1326, 0.3, 3531.2, 472.2
4, 125874, 11/11/2018 05:00:13, SANDBOX_GROUP, 2.9, 4.3, 1505.3, 0.7, 0, 0, 23, 621, 853, 513, 0.7, 3610.6, 859.4
4, 125875, 11/11/2018 05:20:14, SANDBOX_GROUP, 4.4, 7.2, 383.6, 2.3, 0, 0, 14, 392, 798, 1741, 0.5, 4192.7, 780
4, 125876, 11/11/2018 05:40:16, SANDBOX_GROUP, 5.6, 11.3, 734.1, 5.2, 0, 0, 6, 192, 261, 3112, 0.5, 2071.2, 951.2
4, 125877, 11/11/2018 06:00:26, SANDBOX_GROUP, 5.7, 6.2, 708.7, 0.1, 0, 0, 7, 204, 577, 2517, 0.4, 1623.4, 337.4
4, 125878, 11/11/2018 06:20:11, SANDBOX_GROUP, 12.8, 27.7, 2166.7, 13.7, 4, 0.1, 39, 1035, 1071, 8812, 1.2, 5855.8, 1707.8
4, 125879, 11/11/2018 06:40:18, SANDBOX_GROUP, 11.1, 19.5, 1383.9, 6.9, 2, 0.2, 33, 837, 904, 7805, 1.5, 5951.6, 2648.3
4, 125910, 11/11/2018 17:00:03, SANDBOX_GROUP, 4.3, 11.4, 2983.3, 6.7, 0, 0, 2, 64, 73, 1540, 0.4, 1308, 499.1
4, 125911, 11/11/2018 17:20:07, SANDBOX_GROUP, 0.3, 7.3, 2839.3, 6.6, 0, 0, 1, 0, 5, 0, 0.4, 4.4, 566.9
4, 125912, 11/11/2018 17:40:07, SANDBOX_GROUP, 0.2, 7, 2810.7, 6.3, 0, 0, 0, 0, 5, 0, 0.5, 2.2, 284
4, 125913, 11/11/2018 18:00:27, SANDBOX_GROUP, 2.6, 10.8, 3418.4, 7.8, 0, 0, 15, 424, 520, 1185, 0.4, 2848.1, 363
4, 125914, 11/11/2018 18:20:28, SANDBOX_GROUP, 3.1, 8.9, 2619, 5.5, 0, 0, 16, 452, 399, 1804, 0.3, 3058.4, 384
4, 125915, 11/11/2018 18:40:08, SANDBOX_GROUP, 0.2, 7.1, 2848.1, 6.6, 0, 0, 0, 0, 4, 2, 0.3, 2.7, 349.6
4, 125916, 11/11/2018 19:00:16, SANDBOX_GROUP, 0.4, 7.4, 2836.3, 6.6, 0, 0, 2, 50, 93, 37, 0.4, 47, 430.5
4, 125918, 11/11/2018 19:40:21, SANDBOX_GROUP, 0.7, 7.6, 3010.3, 6.4, 0, 0, 0, 0, 3, 24, 0.5, 4.6, 593.6
4, 125919, 11/11/2018 20:00:02, SANDBOX_GROUP, 0.9, 7.9, 2900, 6.4, 0, 0, 2, 32, 39, 150, 0.6, 3387.8, 586.2
4, 125920, 11/11/2018 20:20:11, SANDBOX_GROUP, 0.6, 6.4, 2614.3, 5.4, 0, 0, 1, 14, 19, 9, 0.4, 28.8, 501.8
4, 125921, 11/11/2018 20:40:21, SANDBOX_GROUP, 0.7, 7.2, 2841.3, 6.1, 0, 0, 0, 0, 5, 23, 0.4, 7.3, 627.2
4, 125922, 11/11/2018 21:00:03, SANDBOX_GROUP, 0.7, 7.4, 3016.2, 6.3, 0, 0, 0, 0, 8, 15, 0.4, 4.7, 605.3
4, 125923, 11/11/2018 21:20:10, SANDBOX_GROUP, 0.7, 6.9, 2759.8, 5.8, 0, 0, 0, 0, 4, 14, 0.4, 4.5, 569.5
4, 125924, 11/11/2018 21:40:01, SANDBOX_GROUP, 0.6, 7.1, 2873.7, 6.2, 0, 0, 0, 0, 4, 10, 0.3, 3.9, 502.2
4, 125925, 11/11/2018 22:00:16, SANDBOX_GROUP, 4.5, 11.1, 2966.2, 6.2, 0, 0, 2, 64, 70, 1895, 0.4, 1201, 579
4, 125926, 11/11/2018 22:20:11, SANDBOX_GROUP, 0.7, 7, 2804.5, 5.9, 0, 0, 0, 0, 4, 13, 0.4, 5.1, 648.6
4, 125927, 11/11/2018 22:40:19, SANDBOX_GROUP, 0.7, 7, 2831.1, 5.9, 0, 0, 0, 0, 3, 9, 0.4, 5, 640.2
4, 125928, 11/11/2018 23:00:20, SANDBOX_GROUP, 0.7, 7.2, 2836.6, 6.1, 0, 0, 3, 64, 85, 21, 0.4, 822.7, 624.4
4, 125929, 11/11/2018 23:20:06, SANDBOX_GROUP, 0.6, 6.7, 2840.5, 5.7, 0, 0, 0, 0, 5, 9, 0.4, 5, 637.6
4, 125930, 11/11/2018 23:40:09, SANDBOX_GROUP, 0.7, 6.6, 2809.9, 5.5, 0, 0, 0, 0, 3, 18, 0.4, 5.6, 717.8
4, 125859, 11/11/2018 00:00:19, SZB_SANDBOX_GROUP, 2.1, 2.7, 359.6, 0.5, 0, 0, 10, 494, 1006, 460, 0.1, 3207.9, 150.2
4, 125860, 11/11/2018 00:20:33, SZB_SANDBOX_GROUP, 2.8, 3.3, 946.3, 0.2, 0, 0, 22, 960, 1275, 749, 0.3, 169.6, 209.4
4, 125861, 11/11/2018 00:40:06, SZB_SANDBOX_GROUP, 3, 4.6, 317.5, 1.2, 0, 0, 21, 1198, 1668, 1409, 0.4, 165.3, 542.3
4, 125862, 11/11/2018 01:00:02, SZB_SANDBOX_GROUP, 2.9, 6.4, 439.1, 3.4, 0, 0, 16, 942, 1305, 1295, 0.1, 5110.6, 151.4
4, 125863, 11/11/2018 01:20:26, SZB_SANDBOX_GROUP, 2, 2.1, 196.5, 0, 0, 0, 19, 916, 1176, 653, 0.1, 166.4, 86.5
4, 125864, 11/11/2018 01:40:06, SZB_SANDBOX_GROUP, 1.3, 2.6, 149, 1.1, 0, 0, 8, 480, 559, 471, 0.2, 109.1, 87.5
4, 125865, 11/11/2018 02:00:14, SZB_SANDBOX_GROUP, 9.6, 13.1, 1845.9, 2.4, 0, 0, 7, 334, 2809, 4985, 1.1, 5310.6, 1849.9
4, 125866, 11/11/2018 02:20:18, SZB_SANDBOX_GROUP, 2.7, 3, 2487.8, 0, 0, 0, 18, 636, 1503, 892, 0.3, 111, 655.8
4, 125867, 11/11/2018 02:40:06, SZB_SANDBOX_GROUP, 2, 2.2, 12807.8, 0, 0, 0, 21, 1102, 1476, 362, 0.2, 212.8, 384
4, 125868, 11/11/2018 03:00:10, SZB_SANDBOX_GROUP, 5.4, 6.4, 9732.3, 0.6, 0, 0, 8, 398, 1628, 1294, 0.4, 1733.6, 328.9
4, 125869, 11/11/2018 03:20:32, SZB_SANDBOX_GROUP, 3.1, 4.1, 9516.5, 0.7, 0, 0, 2, 78, 1845, 776, 0.3, 1010.4, 317
4, 125870, 11/11/2018 03:40:47, SZB_SANDBOX_GROUP, 15.8, 37.5, 7854.5, 17.8, 0, 0, 6, 352, 4030, 9398, 3.9, 17816.9, 1208.5
4, 125871, 11/11/2018 04:00:08, SZB_SANDBOX_GROUP, 21.1, 54.5, 18273.5, 28.5, 0, 0, 5, 206, 3129, 15503, 4.9, 14772.7, 3347.8
4, 125872, 11/11/2018 04:20:02, SZB_SANDBOX_GROUP, 23.1, 26.9, 13915.6, 1.2, 0, 0, 1, 14, 25268, 16839, 2.6, 6500, 1967.5
4, 125873, 11/11/2018 04:40:03, SZB_SANDBOX_GROUP, 9.1, 14.6, 5032, 4.4, 0, 0, 3, 128, 15631, 3075, 1.1, 5297.4, 1157.4
4, 125874, 11/11/2018 05:00:13, SZB_SANDBOX_GROUP, 14.1, 15.3, 8830.7, 0.3, 0, 0, 13, 670, 11037, 3915, 0.9, 406.6, 1342.4
4, 125875, 11/11/2018 05:20:14, SZB_SANDBOX_GROUP, 7.1, 7.7, 3051.7, 0, 0, 0, 5, 270, 13909, 1785, 0.6, 423.5, 1095.7
4, 125876, 11/11/2018 05:40:16, SZB_SANDBOX_GROUP, 4.9, 5.5, 3813.4, 0.2, 0, 0, 9, 480, 17876, 1347, 0.4, 516, 694.6
4, 125877, 11/11/2018 06:00:26, SZB_SANDBOX_GROUP, 18.3, 21.2, 21170.1, 2.3, 0, 0, 12, 654, 3166, 4456, 0.6, 1611.9, 573.6
4, 125878, 11/11/2018 06:20:11, SZB_SANDBOX_GROUP, 22.9, 53.2, 26447.9, 27.2, 4, 0.1, 5, 270, 3021, 20097, 3.1, 2602.1, 5911.5
4, 125879, 11/11/2018 06:40:18, SZB_SANDBOX_GROUP, 15.4, 29, 21901.2, 9.6, 1, 0.3, 12, 736, 1732, 12266, 4, 840.7, 5137.4
4, 125910, 11/11/2018 17:00:03, SZB_SANDBOX_GROUP, 28.7, 30, 5776.2, 0, 0, 0, 10, 526, 964799, 4132, 1.3, 3233.2, 1191.9
4, 125911, 11/11/2018 17:20:07, SZB_SANDBOX_GROUP, 25.3, 26.3, 6724.4, 0, 0, 0, 14, 864, 1186962, 2513, 1, 1109.7, 1269.1
4, 125912, 11/11/2018 17:40:07, SZB_SANDBOX_GROUP, 28.9, 30.3, 7806.6, 0, 0, 0, 13, 640, 928803, 8790, 1.4, 6796, 1767.4
4, 125913, 11/11/2018 18:00:27, SZB_SANDBOX_GROUP, 32.4, 33.8, 10221.6, 0, 0, 0, 26, 1248, 930893, 5959, 1.4, 6573.6, 2197.9
4, 125914, 11/11/2018 18:20:28, SZB_SANDBOX_GROUP, 44.5, 45.2, 6997.7, 0, 0, 0, 30, 1440, 734679, 19299, 0.7, 753.5, 935.3
4, 125915, 11/11/2018 18:40:08, SZB_SANDBOX_GROUP, 38.5, 38.6, 9564.7, 0, 0, 0, 0, 0, 1020339, 4731, 0.1, 2464, 87.4
4, 125916, 11/11/2018 19:00:16, SZB_SANDBOX_GROUP, 26.7, 27.7, 10653.2, 0, 0, 0, 8, 352, 959280, 1858, 1, 4299.1, 1913.2
4, 125918, 11/11/2018 19:40:21, SZB_SANDBOX_GROUP, 30.7, 31.1, 12069.9, 0, 0, 0, 23, 1472, 1114123, 2587, 0.4, 3495.9, 825.4
4, 125919, 11/11/2018 20:00:02, SZB_SANDBOX_GROUP, 31.3, 32.6, 11139.8, 0, 0, 0, 28, 1408, 928435, 6642, 1.3, 13274.1, 2698.9
4, 125920, 11/11/2018 20:20:11, SZB_SANDBOX_GROUP, 26, 26.4, 8826.8, 0, 0, 0, 7, 320, 1142020, 939, 0.4, 4534.7, 788.4
4, 125921, 11/11/2018 20:40:21, SZB_SANDBOX_GROUP, 25.2, 25.6, 9632.5, 0, 0, 0, 25, 1216, 1174395, 627, 0.4, 161.4, 759.6
4, 125922, 11/11/2018 21:00:03, SZB_SANDBOX_GROUP, 26, 27.3, 11169.7, 0, 0, 0, 43, 2144, 968366, 1697, 1.3, 1718, 1611.8
4, 125923, 11/11/2018 21:20:10, SZB_SANDBOX_GROUP, 25.6, 26.4, 9847.2, 0, 0, 0, 25, 1120, 1019667, 1377, 0.8, 182.2, 1705.7
4, 125924, 11/11/2018 21:40:01, SZB_SANDBOX_GROUP, 26, 27, 11135, 0, 0, 0, 22, 1248, 1056235, 1986, 1, 684.2, 1928.7
4, 125925, 11/11/2018 22:00:16, SZB_SANDBOX_GROUP, 22.4, 23, 11110.3, 0, 0, 0, 12, 768, 869849, 1188, 0.6, 3434.6, 870.9
4, 125926, 11/11/2018 22:20:11, SZB_SANDBOX_GROUP, 24.3, 24.5, 11295.4, 0, 0, 0, 3, 96, 1130105, 211, 0.2, 20.2, 324.7
4, 125927, 11/11/2018 22:40:19, SZB_SANDBOX_GROUP, 25, 25.8, 12858.2, 0, 0, 0, 23, 1376, 1002627, 1418, 0.8, 162.8, 1424.7
4, 125928, 11/11/2018 23:00:20, SZB_SANDBOX_GROUP, 25.4, 25.7, 12017.5, 0, 0, 0, 14, 896, 1145094, 608, 0.3, 3338.5, 406
4, 125929, 11/11/2018 23:20:06, SZB_SANDBOX_GROUP, 25.5, 25.9, 12324.5, 0, 0, 0, 31, 1472, 1169899, 656, 0.4, 191.9, 594.9
4, 125930, 11/11/2018 23:40:09, SZB_SANDBOX_GROUP, 24.9, 24.9, 12938.9, 0, 0, 0, 0, 0, 1213660, 143, 0, 1.1, 78.5
