HOST, TIME, SNAP_ID, SYS_CPU, SYS_DBTIME, SYS_SYSPCT, SYS_READ, SYS_WRITE, SYS_REDO, SYS_OSWAIT, SYS_RMWAIT, SYS_ACTSESS_MAX, SYS_ACTSESS_AVG, SYS_PGA, SYS_PXRUNS, SYS_PXQCT, SYS_PXSRVT, SYS_UCALLS, SYS_IOWAIT
1, 13/01/2019 23:59:30, 130211, 36.4, 35.2, 8.3, 2104, 476.9, 25.9, 0.6, 0.9, 154.5, 90, 50630.2, 148.7, 6.4, 157.8, 94.7, 8.1
1, 14/01/2019 00:19:29, 130212, 40.5, 68.2, 9.6, 10287.1, 482.2, 34.7, 0.8, 22.4, 318.5, 174.5, 39188.3, 78.9, 14.5, 262.7, 99.6, 12
1, 14/01/2019 00:39:30, 130213, 39.4, 76.4, 8.6, 9526.7, 493.1, 39.7, 0.7, 36.6, 241.9, 195.5, 25623, 56.1, 21, 291.6, 111.4, 4.4
1, 14/01/2019 00:59:30, 130214, 53.3, 77.7, 13, 6689.6, 266, 41.3, 0.9, 17.4, 243.5, 198.8, 44933.9, 696.5, 20.1, 293.8, 114.7, 10.8
1, 14/01/2019 01:19:29, 130215, 42.3, 60.5, 11.4, 2443.5, 146.2, 26.2, 0.9, 9.8, 193.7, 154.8, 39095.2, 520.7, 16.4, 263.5, 93.1, 14.8
1, 14/01/2019 01:39:30, 130216, 37.8, 45.3, 11, 1790.4, 151.9, 21.2, 0.9, 0.2, 164.1, 115.9, 17103.2, 609.6, 12.6, 208.1, 86.1, 11
1, 14/01/2019 01:59:29, 130217, 27.2, 32.5, 7.4, 748.6, 213.1, 31.9, 0.6, 0.1, 131, 83.2, 11302.8, 674.5, 10.4, 157.4, 103.4, 4.7
1, 14/01/2019 02:19:30, 130218, 36.3, 40.7, 8.2, 5773, 109.9, 20.6, 0.6, 3.6, 174.2, 104.1, 23772.4, 417.3, 12.7, 190.1, 66.8, 4.7
1, 14/01/2019 02:39:29, 130219, 78.9, 99.1, 14.8, 6302.1, 184.7, 22.5, 4.4, 11.3, 307.2, 253.7, 26244.2, 145.7, 20.5, 405.1, 70.3, 14
1, 14/01/2019 03:00:29, 130220, 60.7, 104.7, 11.6, 5327.8, 154.8, 22.1, 3.9, 22.6, 374, 267.9, 39014.8, 70.5, 17.9, 376.1, 63.3, 11.9
1, 14/01/2019 03:19:29, 130221, 30.7, 47, 8.2, 2360.1, 234.9, 30.3, 0.7, 0, 186.1, 120.2, 29417, 106, 11, 169.8, 95.2, 14.1
1, 14/01/2019 03:39:29, 130222, 31.6, 44.8, 9.2, 2259, 259.6, 37.7, 0.8, 0.1, 182.2, 114.7, 21950.9, 88, 8, 138.1, 110.9, 14.5
1, 14/01/2019 03:59:29, 130223, 30, 54.3, 8, 602.6, 409.9, 34.2, 0.7, 0, 218.6, 139, 48521.2, 34, 6.7, 135.6, 76, 7.1
1, 14/01/2019 04:19:29, 130224, 26.3, 28.3, 7.3, 223.8, 439.3, 31.7, 0.6, 0, 92.4, 72.4, 44337.1, 49.9, 4.5, 91.5, 79.9, 6.5
1, 14/01/2019 04:39:29, 130225, 17.4, 28.9, 5.9, 103.6, 162.4, 32.6, 0.6, 0, 148.8, 74, 10774.5, 38.1, 4, 77.9, 80.8, 9.2
1, 14/01/2019 04:59:28, 130226, 25.6, 47.5, 7.1, 3799.2, 152.1, 20.4, 0.6, 0, 149.6, 121.6, 14911.7, 122.6, 6.9, 142.7, 66.1, 20.9
1, 14/01/2019 05:19:28, 130227, 24.8, 45.3, 7.2, 365.8, 197.1, 30.8, 0.6, 0, 166.2, 115.9, 10390.1, 38.1, 4.6, 75.9, 76.6, 6.6
1, 14/01/2019 05:39:29, 130228, 15.7, 22.8, 4.9, 63.5, 142.4, 30, 0.5, 0, 168.5, 58.4, 11089, 46, 3.1, 40.9, 81.1, 4.7
1, 14/01/2019 05:59:29, 130229, 45.8, 69.9, 11.6, 1975.4, 334.9, 45.7, 0.9, 0, 245.8, 178.9, 25448.3, 81.5, 5.1, 157.6, 89, 7.9
1, 14/01/2019 06:20:29, 130230, 38, 65.1, 9.4, 540.6, 349.2, 40.5, 0.7, 0, 295.9, 166.6, 13330.6, 29.1, 5.1, 115.9, 90.3, 5.8
1, 14/01/2019 06:40:28, 130231, 28.1, 33, 7.3, 167.6, 316, 36.7, 0.6, 0, 115, 84.5, 13242.3, 27.4, 3, 66.1, 94.4, 5.9
1, 14/01/2019 06:59:28, 130232, 36, 50.3, 9.4, 140.4, 321.2, 45.5, 0.8, 0, 248.2, 128.7, 33748.7, 25, 3.1, 66.1, 113.3, 6.6
1, 14/01/2019 07:19:28, 130233, 44.5, 83.3, 11.2, 1237, 279.7, 43.5, 0.8, 0, 358.9, 213.4, 42405.8, 35.9, 6.1, 134.2, 100.2, 6.6
1, 14/01/2019 07:39:29, 130234, 46.3, 74.7, 12.2, 534.7, 286, 52.5, 0.9, 0, 245, 191.3, 40095.6, 35.2, 5.2, 117.7, 114.7, 6.6
1, 14/01/2019 07:59:28, 130235, 43.6, 62, 12, 265.9, 345.9, 59.7, 0.9, 0, 242.9, 158.8, 25416, 40.9, 5.2, 102, 126.5, 7.7
1, 14/01/2019 08:20:28, 130236, 35.1, 75.4, 10.6, 17940, 300.2, 50.4, 0.9, 0, 317.9, 193.1, 20111.1, 64, 4.8, 92.7, 122.4, 6.7
1, 14/01/2019 08:39:28, 130237, 45.7, 72.3, 13.5, 1674.4, 366.3, 53.4, 1, 0, 281.2, 185, 21749.8, 82.9, 5.6, 123.3, 132.1, 8.8
1, 14/01/2019 08:59:28, 130238, 28.3, 52.7, 8.9, 176.5, 288.5, 45.5, 0.8, 0, 259.1, 135, 17753.2, 45.2, 3.3, 75.7, 132.2, 7.6
1, 14/01/2019 09:19:28, 130239, 30.4, 46.9, 9.8, 50.1, 348.9, 65.1, 0.8, 0, 270.1, 120.1, 18417.7, 72.8, 3.1, 66.9, 141.8, 5.7
1, 14/01/2019 09:39:28, 130240, 32.4, 66.1, 9.5, 882.2, 334.1, 58.8, 0.8, 0, 332.4, 169.2, 22237.1, 62.1, 4.1, 92, 128.1, 5.2
1, 14/01/2019 09:59:28, 130241, 31.9, 72, 9.6, 17807.4, 307.3, 39.9, 0.8, 0, 340.3, 184.4, 16006.1, 66, 5.9, 100.1, 129.8, 9.6
1, 14/01/2019 10:19:27, 130242, 33.9, 52.1, 10.4, 422.1, 279.4, 53.8, 0.9, 0, 289.7, 133.5, 11582.8, 43, 4.7, 69.1, 151.2, 6.8
1, 14/01/2019 10:39:27, 130243, 38, 51.9, 10.9, 990.1, 321.4, 62.7, 0.9, 0, 292.1, 132.8, 18958.9, 105, 4.9, 75.3, 152, 6.1
1, 14/01/2019 10:59:28, 130244, 32.5, 72.2, 9.5, 984.3, 285.9, 56.8, 0.8, 0, 334.7, 184.9, 11264.2, 62.2, 5.2, 88.2, 141.7, 7.5
1, 14/01/2019 11:19:27, 130245, 45.5, 53.3, 12.8, 323.1, 409.4, 74.2, 1, 0, 287.1, 136.4, 12218.7, 32.1, 4.6, 67.4, 161.8, 7.7
1, 14/01/2019 11:39:28, 130246, 44.6, 47.7, 12.1, 274.3, 454.6, 80.3, 1, 0, 214.6, 122.1, 11329.7, 38, 4.7, 66.2, 166.3, 6.2
1, 14/01/2019 11:59:28, 130247, 45.3, 54, 12.4, 708.2, 328.4, 64.1, 1, 0.6, 256, 138.3, 49457.6, 101.1, 7.5, 148.3, 156.8, 6.4
1, 14/01/2019 12:19:27, 130248, 43.8, 52.3, 12.1, 734.5, 365.3, 60.8, 1, 0, 289.3, 133.8, 46407.9, 36.2, 7.5, 168.3, 152.9, 6.2
1, 14/01/2019 12:40:28, 130249, 36.7, 47.6, 10.6, 160.6, 324.7, 62.7, 0.9, 0, 278, 121.8, 44179.6, 41.1, 5, 114.5, 155.8, 4.1
1, 14/01/2019 13:00:27, 130250, 42.8, 67.2, 12.2, 2276.1, 315.3, 58.8, 1, 0, 320.4, 172.1, 45691.3, 128.3, 7, 172.5, 148.8, 5.9
1, 14/01/2019 13:19:27, 130251, 38.1, 44.2, 10.7, 409.7, 336.7, 59.7, 0.9, 0, 251.6, 113.3, 50718.2, 32.9, 6, 136.2, 147.5, 3.2
1, 14/01/2019 13:39:27, 130252, 34.3, 51.2, 10.3, 1932.9, 299.6, 54.9, 0.9, 0, 278.4, 131, 14133.1, 71.6, 6.1, 107.1, 120.5, 6
1, 14/01/2019 14:00:27, 130253, 38.1, 53.6, 11.7, 470.3, 281.4, 58.7, 0.9, 0, 245, 137.2, 42385.5, 37.8, 5.6, 94.9, 129.2, 8.3
1, 14/01/2019 14:19:27, 130254, 34.2, 43.6, 9.5, 271.7, 303.5, 60.9, 0.8, 0, 276.3, 111.6, 45526.5, 26.9, 5.1, 129.4, 117, 4.5
1, 14/01/2019 14:39:27, 130255, 36.8, 50.9, 9.2, 2005.3, 293.3, 57.5, 0.7, 0.1, 258.5, 130.3, 45637.6, 116.2, 5.8, 163.9, 106.7, 3.5
1, 14/01/2019 15:00:27, 130256, 30.8, 35.2, 9.2, 362.6, 305.5, 60.6, 0.8, 0, 167.2, 90, 44555.7, 65.5, 4.5, 129.1, 117.8, 4.4
1, 14/01/2019 15:19:27, 130257, 24.8, 27.5, 7.9, 104.1, 269.5, 57.1, 0.7, 0, 230.3, 70.4, 44152.2, 35, 3.4, 100.6, 122.6, 3.3
1, 14/01/2019 15:39:27, 130258, 47, 47.9, 12, 1517.9, 366.4, 63.8, 0.9, 0, 281.5, 122.7, 50165.1, 153.7, 7, 189.4, 125.1, 4.5
1, 14/01/2019 15:59:27, 130259, 52.1, 58.9, 11.9, 1173.6, 496.8, 56.8, 0.9, 0.4, 309.8, 150.9, 61857, 72.8, 5.9, 150.9, 116.5, 5
1, 14/01/2019 16:19:27, 130260, 55.1, 59.6, 11.8, 858.2, 498.7, 57.2, 1.1, 3.2, 349.5, 152.6, 81694.8, 27, 6, 142.1, 114.9, 4.3
1, 14/01/2019 16:39:27, 130261, 60.5, 76.2, 12.6, 1461.6, 400.1, 58.9, 1.3, 11.9, 266.9, 195, 80151.4, 41, 9.3, 231, 114.9, 5.5
1, 14/01/2019 16:59:26, 130262, 86.3, 108.1, 17.4, 6410.7, 404.1, 51.3, 10.5, 3.6, 400.7, 276.8, 84606, 64, 16.1, 313.7, 103.4, 9.8
1, 14/01/2019 17:19:27, 130263, 94.1, 109.9, 17.5, 4926.7, 372.4, 51.5, 14.5, 3.4, 382.7, 281.4, 82525.4, 74, 15.1, 320.1, 105.2, 5.5
1, 14/01/2019 17:39:26, 130264, 88.7, 109, 17.2, 2696.1, 379.9, 55.3, 12.3, 6.1, 371.8, 279.1, 97063, 89, 17.2, 350.6, 106.5, 5.8
1, 14/01/2019 17:59:26, 130265, 91.8, 153.8, 19.6, 8120.3, 395.3, 52.3, 30.7, 17.6, 517.2, 393.8, 92038.5, 123.8, 25, 518.4, 104.3, 17.6
1, 14/01/2019 18:19:26, 130266, 75.7, 110.2, 18, 3169.6, 541.3, 56.1, 4.4, 1.8, 442.7, 282.2, 72976, 166.4, 17.1, 334.3, 105.3, 14.1
1, 14/01/2019 18:40:26, 130267, 57.8, 68, 13.4, 2754.3, 649, 55.9, 1.3, 0.2, 366, 174.1, 64965.5, 48, 8.9, 205, 119.7, 5.6
1, 14/01/2019 19:00:26, 130268, 40.6, 43.8, 10, 722.3, 544.3, 55.2, 0.8, 0, 174.8, 112, 62428.6, 28.1, 4.6, 102, 97.2, 7.1
1, 14/01/2019 19:20:26, 130269, 50.7, 60.5, 11.9, 2598, 555.5, 52.3, 0.8, 2.8, 268.6, 154.8, 71604.3, 74.2, 7.3, 169.4, 87.5, 4.9
1, 14/01/2019 19:40:25, 130270, 43.3, 53.7, 9.3, 617.2, 360.9, 48.9, 0.7, 1, 253.8, 137.5, 74251.4, 29.4, 5.9, 130.8, 76.3, 4
1, 14/01/2019 19:59:26, 130271, 64.4, 90.1, 12.9, 1635.6, 429, 46, 1, 2.3, 323.8, 230.7, 73696.8, 75.8, 11, 282.5, 68.1, 5.9
1, 14/01/2019 20:19:26, 130272, 60.4, 101.3, 14.6, 1531.3, 552.5, 43, 1.5, 2.5, 445.4, 259.4, 74056.8, 95, 14.1, 391.2, 60.2, 9.4
1, 14/01/2019 20:39:26, 130273, 59.5, 83, 14.5, 2604.7, 645.9, 41.7, 1.1, 6.6, 300.3, 212.5, 77272.7, 48.9, 14.3, 386.2, 62.3, 8.9
1, 14/01/2019 20:59:25, 130274, 63.9, 88.8, 12.6, 1302, 481.4, 32.7, 1, 1.7, 355.1, 227.4, 90439.8, 32.9, 15.6, 424.7, 47.5, 12.7
1, 14/01/2019 21:19:26, 130275, 78.1, 98.2, 14.5, 2085.6, 578.1, 34.8, 2.2, 6.3, 308.6, 251.3, 61865.6, 24.1, 14, 378.2, 53.7, 7.6
1, 14/01/2019 21:39:25, 130276, 69.9, 72.7, 13.1, 1022.1, 584.8, 36.8, 0.9, 1.1, 238.7, 186, 69367.6, 35.9, 11.6, 299.7, 61.5, 5.4
1, 14/01/2019 21:59:25, 130277, 67.2, 81.5, 13.1, 2227.9, 401.4, 37.9, 1, 5, 258.7, 208.5, 75456.8, 47, 11.7, 324.2, 61.2, 6.8
1, 14/01/2019 22:19:25, 130278, 62.7, 79.3, 12.1, 1174, 283.1, 35.7, 0.8, 5.1, 319.4, 203, 76099.1, 43, 11.4, 304.5, 58.4, 7
1, 14/01/2019 22:40:25, 130279, 58.5, 65, 12.2, 1175.9, 292.2, 30.1, 0.9, 3.1, 245.8, 166.4, 68100.7, 14, 10.1, 271.1, 61.4, 7.4
1, 14/01/2019 23:00:25, 130280, 52, 80.2, 11.1, 1097, 248.5, 30.8, 0.8, 1.7, 329.6, 205.3, 69655.9, 45.3, 10.9, 310.4, 57.8, 8.4
1, 14/01/2019 23:19:25, 130281, 41.2, 106.5, 10.5, 1598.8, 250, 22.6, 0.8, 0.8, 424.7, 272.6, 49116.9, 86.9, 11.8, 349, 51.7, 7.4
1, 14/01/2019 23:39:25, 130282, 38.9, 63.6, 11.1, 1199, 177.9, 36.2, 0.8, 0, 282, 162.9, 17737.5, 36, 8.5, 259, 116.9, 5.8
2, 13/01/2019 23:59:51, 130211, 68.7, 75.3, 20.6, 1386.8, 411.1, 31.5, 3.4, 1.9, 233.9, 192.7, 28826.3, 15246.2, 6.3, 156.5, 136.7, 18.1
2, 14/01/2019 00:19:51, 130212, 80.3, 111, 23.5, 4878.6, 447.3, 41.1, 5.2, 7.9, 390.6, 284.1, 25654.2, 14117, 12.3, 214.9, 130, 22.4
2, 14/01/2019 00:39:51, 130213, 82.6, 136.1, 23.8, 4542.9, 424.8, 39.1, 7, 20.9, 416.5, 348.4, 26097.1, 12842.1, 23.5, 304.8, 115.3, 20.6
2, 14/01/2019 00:59:51, 130214, 70.7, 126, 21, 1088.1, 309.1, 41.9, 4.1, 11, 366.9, 322.5, 26182, 1199.3, 21.4, 263, 108, 16.1
2, 14/01/2019 01:19:51, 130215, 71.6, 127.3, 19.2, 45749.6, 159.2, 25, 11.6, 18.4, 484.8, 325.8, 43298.4, 19280.2, 24.8, 338.9, 95.6, 12.7
2, 14/01/2019 01:39:51, 130216, 89.7, 150, 19.9, 73847.2, 158.1, 15, 14.4, 17.5, 443.5, 384, 24261.2, 291, 28.8, 501.3, 69.9, 12
2, 14/01/2019 01:59:51, 130217, 63, 105.8, 16.7, 29520.9, 131.2, 19.8, 3.4, 2.1, 371.5, 270.9, 14411.3, 218.6, 14.8, 204.2, 87.3, 14
2, 14/01/2019 02:19:50, 130218, 53.6, 83.6, 15.6, 971.5, 118.2, 19.7, 2.9, 0.8, 283.4, 214.1, 12658.6, 255.9, 10.6, 117.3, 100.6, 11.1
2, 14/01/2019 02:39:51, 130219, 55.1, 76.3, 15.7, 2788.1, 142.3, 25.8, 3.1, 0.2, 259, 195.2, 14358.6, 374.2, 10.6, 145, 133.8, 4.5
2, 14/01/2019 02:59:51, 130220, 50.3, 83.9, 15, 2170.4, 122.2, 24.8, 3.1, 9.3, 269.9, 214.9, 14303.8, 214.4, 8.5, 129.2, 134.7, 6.7
2, 14/01/2019 03:19:51, 130221, 54.5, 81.7, 16.2, 1805, 151.1, 26.4, 3.4, 9.9, 236, 209.3, 14538.9, 165.3, 7.9, 120.9, 155.3, 6.2
2, 14/01/2019 03:39:51, 130222, 62.2, 71.8, 17.4, 1504, 162.8, 32, 3.4, 6.5, 223.3, 183.8, 21777.8, 276.8, 7, 128.2, 190, 5.2
2, 14/01/2019 03:59:51, 130223, 56.9, 72.5, 16.3, 1039.2, 306.2, 26.6, 3.4, 0.3, 240.3, 185.7, 40851.3, 6195.9, 7.5, 114.1, 137.6, 6.9
2, 14/01/2019 04:19:50, 130224, 64.3, 56.2, 22, 2214.7, 378.3, 24.7, 8.7, 3.6, 198.8, 143.8, 40337, 3939.4, 7.9, 98.3, 136.6, 9.2
2, 14/01/2019 04:39:50, 130225, 44.9, 42.5, 13.6, 2225.4, 146, 20, 2.8, 0.5, 147.6, 108.9, 12217, 7260.6, 5.7, 75.2, 80.5, 9.4
2, 14/01/2019 04:59:50, 130226, 43.8, 49.5, 12.6, 1745.8, 122.4, 23, 2.9, 0.5, 217.8, 126.8, 13161.3, 266.2, 6.1, 135, 90.7, 15.5
2, 14/01/2019 05:19:50, 130227, 38, 40.3, 12.4, 371.3, 110.5, 21.9, 3, 0, 139.1, 103.2, 12421.1, 218.8, 3.5, 50.5, 76.9, 5.6
2, 14/01/2019 05:39:50, 130228, 36.4, 31.8, 10.1, 262.6, 137.7, 24.6, 2.2, 0, 144.3, 81.5, 11348.5, 238.3, 2.5, 20.9, 111.2, 2.4
2, 14/01/2019 05:59:50, 130229, 76.5, 101.8, 15.6, 3592.8, 453.2, 20.1, 4.4, 6.2, 322.9, 260.5, 106818.9, 278.8, 12.8, 298, 59.5, 5.8
2, 14/01/2019 06:19:50, 130230, 71.8, 99.5, 13.7, 1099.2, 265.8, 18.1, 3.2, 6.9, 356.5, 254.8, 77113.8, 205.4, 10.3, 243.9, 55.2, 4.7
2, 14/01/2019 06:39:50, 130231, 74.8, 80.8, 13.9, 524.3, 211.7, 22.8, 2.8, 2.1, 252.2, 206.9, 85079.4, 222, 9.2, 212.9, 70.9, 4.4
2, 14/01/2019 06:59:50, 130232, 81.5, 105, 14.4, 619.2, 311.4, 30.1, 3, 3, 349.4, 268.9, 72671.6, 204.7, 10, 235.5, 76.6, 3.4
2, 14/01/2019 07:19:49, 130233, 84.1, 135.2, 15.9, 2148.5, 451.6, 29.6, 9.5, 3.8, 683.1, 346.2, 70112, 318.8, 12.8, 308.2, 70.3, 5.4
2, 14/01/2019 07:39:50, 130234, 72.5, 113.6, 15.2, 1205.4, 363.6, 37.3, 4, 3.8, 552.2, 290.9, 56981.5, 247.3, 10, 235.6, 92.5, 5
2, 14/01/2019 07:59:50, 130235, 69, 99, 17, 17679.7, 344.3, 43.2, 3.4, 0.1, 364.3, 253.5, 74572.1, 215.5, 11, 213.2, 115.1, 9
2, 14/01/2019 08:19:49, 130236, 58.5, 106, 15.4, 1056.3, 279, 38.2, 3.9, 0.6, 405.7, 271.3, 50754.9, 235.9, 10.3, 224.7, 105.2, 6.3
2, 14/01/2019 08:39:50, 130237, 75.7, 118, 17.5, 1690.1, 294.3, 43.3, 4.8, 0.8, 422.9, 302.1, 40740.8, 283.7, 10.9, 276.8, 121.9, 6.7
2, 14/01/2019 08:59:49, 130238, 70.3, 103.7, 19.1, 6865.7, 348.5, 50.9, 3.7, 0.1, 338.6, 265.5, 54132.4, 220.7, 7, 191.7, 132.5, 10.9
2, 14/01/2019 09:19:50, 130239, 63.6, 97.1, 19.3, 416.5, 349.4, 70.9, 4, 0, 355, 248.6, 36001.1, 204.8, 4.9, 115.2, 161.8, 9.9
2, 14/01/2019 09:39:49, 130240, 57, 109.9, 17.5, 1451.1, 325.5, 61.3, 3.1, 0.9, 392.8, 281.3, 53526.1, 306.6, 5.5, 132.1, 144.7, 8.2
2, 14/01/2019 09:59:49, 130241, 61.7, 114.9, 18.7, 1472.3, 322.2, 55.6, 3.5, 0.1, 383.1, 294.1, 39934.4, 240.9, 6.3, 178, 149.4, 12.6
2, 14/01/2019 10:19:49, 130242, 68.7, 90.9, 21.6, 419.5, 376.7, 75.1, 5.7, 0, 341.9, 232.6, 38301.9, 214.9, 4.1, 120.6, 182.7, 8.6
2, 14/01/2019 10:39:49, 130243, 61.1, 94.5, 19.3, 1015.3, 358, 76.4, 3.4, 0, 353.8, 241.9, 37639.9, 255.7, 4.2, 93.9, 174.3, 7.7
2, 14/01/2019 10:59:48, 130244, 51.4, 112.2, 15.9, 596.6, 321, 62.4, 3, 0, 415.5, 287.2, 38038.1, 233.3, 6.1, 153.5, 143.1, 9.5
2, 14/01/2019 11:19:49, 130245, 50.9, 78.1, 17.1, 529.4, 278.2, 53.2, 4, 0, 276.4, 199.8, 38378.1, 196.7, 5.1, 130.2, 145.3, 7.7
2, 14/01/2019 11:39:48, 130246, 44.6, 64.5, 14.9, 234.2, 298.7, 57, 2.7, 0, 247.9, 165.2, 35377.6, 252.4, 4.3, 103.9, 148.2, 6.3
2, 14/01/2019 11:59:49, 130247, 45.5, 73.3, 15.5, 8316.5, 294.2, 56.7, 2.3, 0, 240.1, 187.6, 36971.9, 276.1, 5.7, 147, 149.7, 7.7
2, 14/01/2019 12:19:48, 130248, 38.4, 59.7, 14.2, 321, 264.8, 52.4, 3.8, 0, 242.6, 152.8, 15452.4, 213.1, 3.2, 67.6, 145.3, 5.6
2, 14/01/2019 12:39:48, 130249, 39.8, 59.8, 13, 304.1, 284.2, 49.1, 2.7, 0, 221.9, 153, 14058, 225.7, 2, 33.2, 128.6, 4.7
2, 14/01/2019 12:59:49, 130250, 48.3, 98.9, 14.7, 1329, 280.1, 49.3, 3.4, 0.3, 370.3, 253.1, 15569.4, 251.3, 4.4, 89.1, 129.8, 6.4
2, 14/01/2019 13:19:49, 130251, 42.7, 62.3, 15.1, 269, 334, 71.4, 4.1, 0, 254.1, 159.5, 11398.5, 218.1, 1.9, 26.3, 152.9, 5.2
2, 14/01/2019 13:39:49, 130252, 44.5, 77.6, 14.6, 1119.1, 320.7, 63.2, 2.8, 0.1, 292.6, 198.8, 15854.3, 331.5, 3.9, 65.6, 149.8, 6
2, 14/01/2019 13:59:48, 130253, 39, 69.8, 14, 648, 262.1, 52.2, 3.2, 0, 238.6, 178.7, 15228.6, 243.6, 3, 44.8, 142.3, 7
2, 14/01/2019 14:19:48, 130254, 39.3, 62.8, 14.2, 314.3, 262.6, 53.3, 4.3, 0, 238.4, 160.7, 11019.2, 237.9, 2.3, 22.8, 152.3, 4.9
2, 14/01/2019 14:39:48, 130255, 39.3, 71.8, 13.7, 1000.8, 258.1, 48.9, 3.5, 0, 299.3, 183.8, 16896.3, 273.9, 4.4, 65.4, 135.5, 5.1
2, 14/01/2019 14:59:48, 130256, 46.6, 79.2, 15.2, 951, 286.2, 49.1, 3.2, 0, 256.4, 202.6, 16567.8, 205.7, 5.2, 78, 146.1, 7.1
2, 14/01/2019 15:19:48, 130257, 43, 69.2, 14.5, 750.6, 304.5, 59.3, 3.2, 0, 264.3, 177, 13411.9, 198.6, 3.4, 35.1, 137.3, 5
2, 14/01/2019 15:39:48, 130258, 54.2, 85.4, 16.5, 2978.8, 346.8, 63.1, 3.4, 0.9, 371.5, 218.7, 14714.4, 250, 6, 105.7, 142.2, 7.3
2, 14/01/2019 15:59:48, 130259, 52.9, 80.6, 16.2, 1426.9, 360.8, 67.8, 3.2, 0, 305.5, 206.3, 15706.6, 202.3, 4.8, 63.1, 161.1, 7.6
2, 14/01/2019 16:19:48, 130260, 57, 82.2, 17.3, 1168.9, 457.6, 69.4, 3.8, 0, 294.9, 210.5, 50915.4, 203.2, 4.3, 62.9, 154.5, 5.6
2, 14/01/2019 16:39:48, 130261, 67.9, 105, 19.9, 2117.2, 1006.1, 67.7, 5.5, 10.9, 311.1, 268.8, 54972.5, 360.4, 9.9, 226, 152.4, 7.8
2, 14/01/2019 16:59:48, 130262, 57, 83.7, 17.1, 953.5, 524.1, 72.2, 3, 0, 292.5, 214.3, 49047.8, 243.1, 6.3, 127.6, 162.9, 7.6
2, 14/01/2019 17:19:47, 130263, 56.7, 79, 17.3, 435.4, 540.3, 79.4, 3.9, 0, 248, 202.3, 49892.5, 296.7, 5.6, 96.3, 165.4, 5.4
2, 14/01/2019 17:39:48, 130264, 59.8, 81.5, 17.3, 1033, 530.8, 77.2, 3.3, 0.5, 291.4, 208.6, 52039.3, 413.7, 6.3, 113.2, 163.2, 6.5
2, 14/01/2019 17:59:48, 130265, 60.8, 92.6, 18.2, 1948, 514.2, 77.4, 4.5, 0.1, 378, 237.1, 50075.3, 331.8, 8, 158.2, 168.6, 9.4
2, 14/01/2019 18:19:47, 130266, 55.6, 83.9, 17.2, 550.4, 420.7, 75.8, 3.9, 0, 279.5, 214.8, 49489.7, 349.4, 7, 132.6, 157.2, 5.9
2, 14/01/2019 18:40:48, 130267, 58, 74.2, 16.7, 1053.9, 381.1, 74, 3.3, 0, 320.5, 190, 49367, 386.3, 6.2, 100.7, 143.7, 5.9
2, 14/01/2019 18:59:47, 130268, 57.1, 69.6, 16.8, 1067.8, 367.9, 78.1, 3.8, 0, 251.8, 178.1, 48049.7, 329.8, 6.6, 108.4, 150.6, 7.7
2, 14/01/2019 19:19:48, 130269, 58.1, 79.4, 16.9, 1339.2, 358.4, 72.3, 4.1, 5.1, 310.7, 203.3, 38470.7, 455.9, 9, 189.1, 129.4, 6
2, 14/01/2019 19:40:47, 130270, 48.6, 70.9, 15.3, 1077, 325.4, 63.4, 3.9, 0, 271, 181.5, 40403.3, 355.6, 7.9, 161.1, 122.8, 7.1
2, 14/01/2019 19:59:47, 130271, 42.8, 73.4, 14.8, 533.9, 308.5, 60.9, 4.1, 0.1, 280.2, 188, 37766.1, 338.1, 8.3, 167, 120.5, 5.5
2, 14/01/2019 20:19:47, 130272, 40.7, 74.9, 14.4, 655.5, 266.5, 56, 4.2, 0.3, 331.7, 191.7, 37001.2, 391, 10.3, 243.9, 98.1, 4.6
2, 14/01/2019 20:39:47, 130273, 50.6, 69.2, 16.6, 2329.8, 254.7, 53.2, 3, 0.4, 279.7, 177.1, 38012.5, 492.7, 10.6, 256.1, 79.8, 7.7
2, 14/01/2019 20:59:47, 130274, 45.1, 71, 17.1, 861.6, 261.2, 56, 3.9, 0, 271.2, 181.7, 40881.1, 344.1, 9.6, 213.7, 96.1, 13.8
2, 14/01/2019 21:19:47, 130275, 46.3, 61, 18.6, 698.8, 245.1, 45.9, 4.4, 0, 262.7, 156.3, 27154, 242.8, 7.7, 168.2, 106.6, 10.2
2, 14/01/2019 21:39:47, 130276, 45.2, 52, 18.2, 981.9, 215.7, 41.8, 4.8, 0, 166.8, 133, 29687.5, 539.3, 6.7, 142.9, 121.7, 10.8
2, 14/01/2019 21:59:47, 130277, 49, 59.1, 17.5, 1957.9, 227.8, 46.1, 3.8, 0.5, 258.1, 151.2, 36202.2, 262.6, 7.3, 164.5, 128.9, 7.8
2, 14/01/2019 22:19:46, 130278, 59.3, 72.6, 19.5, 2366.1, 191.9, 28.7, 3.5, 0.7, 321.2, 185.8, 20326.2, 275.9, 9.5, 232.7, 83.8, 9.7
2, 14/01/2019 22:40:46, 130279, 58.2, 61.6, 17.8, 1634.1, 187.7, 11.4, 3.2, 0.8, 185.3, 157.6, 49571, 257.2, 7.8, 191.6, 37.9, 9.1
2, 14/01/2019 22:59:46, 130280, 68.1, 99.2, 19.4, 1827.4, 409.6, 11.7, 4.6, 5.3, 378, 254.1, 55843, 272.5, 13.5, 263.8, 53.2, 10.9
2, 14/01/2019 23:19:47, 130281, 67.1, 120.6, 18.7, 2160.5, 614.1, 12.1, 5.5, 10.4, 493, 308.7, 73870.4, 249.3, 15.6, 320.9, 47.4, 7.4
2, 14/01/2019 23:39:47, 130282, 75.8, 105.3, 19.4, 1684.2, 462, 20.5, 6, 22, 405.9, 269.7, 60190.2, 279.3, 16.5, 353.5, 75.3, 7.9
3, 13/01/2019 23:59:47, 130211, 32.5, 35.1, 5.9, 26762.8, 618.1, 2.3, 0.4, 0.3, 186.6, 89.9, 39685, 490.6, 9.9, 174.5, 1, 3.7
3, 14/01/2019 00:19:52, 130212, 54.6, 92.4, 9, 27877.4, 523.5, 0.9, 2.2, 3.8, 400.7, 236.7, 78979.6, 1145.8, 46.3, 437, 2.7, 5
3, 14/01/2019 00:39:53, 130213, 83.5, 124.5, 13.3, 11353.6, 477.9, 0.7, 2, 6.5, 364.3, 318.7, 74485.1, 975.5, 61.2, 585.7, 1.4, 5.4
3, 14/01/2019 00:59:52, 130214, 62.6, 106.1, 11.4, 25796.4, 481.2, 0.8, 0.8, 8.5, 328.4, 271.7, 70623.2, 612.9, 50.3, 545.5, 1.2, 5.7
3, 14/01/2019 01:19:53, 130215, 62.3, 96.6, 11.6, 4307.2, 670, 2.4, 0.8, 2.4, 311.4, 247.2, 58657.8, 475, 40.1, 457.4, 1.3, 5.7
3, 14/01/2019 01:39:52, 130216, 47.2, 75.6, 10.2, 4130.2, 634.5, 0.8, 0.7, 0.4, 291.3, 193.5, 48368.2, 359.1, 34.4, 356.5, 2.9, 6.7
3, 14/01/2019 01:59:52, 130217, 48.1, 73.7, 10.1, 36976.6, 731.2, 0.7, 0.6, 7.2, 264.6, 188.8, 60648.3, 395.2, 30.2, 392.5, 2.7, 7.8
3, 14/01/2019 02:19:52, 130218, 39.4, 57.7, 9.3, 7856.5, 574.6, 0.7, 0.6, 4.7, 209.1, 147.7, 40977.4, 466.4, 22.1, 272, 1.7, 8.5
3, 14/01/2019 02:39:52, 130219, 52, 56.1, 9.4, 6022.7, 472.6, 0.3, 0.7, 1.7, 173.9, 143.6, 47440.2, 329.5, 16.7, 295.9, 1.9, 10.1
3, 14/01/2019 02:59:52, 130220, 44.4, 54.4, 8.9, 22818.5, 501.5, 5.1, 0.6, 5.8, 169.1, 139.3, 57535.4, 441, 20, 366.4, 1.4, 10.8
3, 14/01/2019 03:19:51, 130221, 44.3, 52.8, 9.2, 4300.9, 443.9, 5.9, 0.6, 5.2, 213.4, 135.3, 71866.7, 332.9, 19, 337.3, 0.9, 10.1
3, 14/01/2019 03:39:52, 130222, 40.7, 47.1, 8, 5086.3, 442.7, 5.3, 0.5, 2.3, 190, 120.6, 66253.2, 336.1, 17, 287.6, 2.8, 8.8
3, 14/01/2019 03:59:51, 130223, 52.4, 57.5, 9.7, 21669.3, 592.5, 5.5, 0.6, 1.6, 186.6, 147.1, 79807.7, 400.3, 22.9, 388.4, 2.5, 8.1
3, 14/01/2019 04:19:51, 130224, 47.1, 43.6, 8.9, 11047.4, 684.4, 5.8, 0.5, 0.5, 139.5, 111.6, 72569.9, 344.2, 20.4, 334.1, 7.8, 9.6
3, 14/01/2019 04:39:52, 130225, 47.7, 71.1, 9.2, 57996.3, 305.1, 11.4, 1.5, 2.4, 373.4, 182, 46649.9, 492.9, 25.8, 520.7, 6.6, 24.2
3, 14/01/2019 04:59:51, 130226, 30.2, 118.1, 7.4, 113043.8, 231.8, 14.3, 0.5, 0.3, 433.1, 302.4, 33112.3, 531.2, 28.8, 683.5, 5.5, 87.3
3, 14/01/2019 05:19:51, 130227, 63.1, 72.9, 11.7, 11736.5, 720, 7.9, 1.1, 2.4, 275.4, 186.5, 72934.9, 496.4, 23.1, 568.1, 5.9, 12.8
3, 14/01/2019 05:40:07, 130228, 24.7, 31.5, 4.9, 6101.5, 277.6, 7.3, 0.3, 0, 151.6, 80.5, 32125.8, 392, 18.5, 313.5, 8.5, 11
3, 14/01/2019 06:00:06, 130229, 42.7, 56.7, 8.7, 18947.5, 195.5, 9.1, 0.6, 1.3, 185.2, 145.2, 85239.5, 483.3, 27.6, 663.1, 4.2, 9.8
3, 14/01/2019 06:20:06, 130230, 26, 33.6, 5.4, 6068.6, 265.6, 15, 0.4, 0.4, 172.8, 86, 78277, 537.5, 19.8, 448.5, 2.4, 3.8
3, 14/01/2019 06:40:11, 130231, 20.7, 19.6, 4, 1794.8, 108.1, 12.1, 0.3, 0, 92.5, 50.3, 37002.6, 297.6, 16.5, 457.4, 3.2, 3
3, 14/01/2019 07:00:10, 130232, 33.1, 39.4, 6.8, 21371.6, 330.3, 15.1, 0.7, 1.3, 225.7, 101, 56576.2, 442.4, 18.7, 620.4, 5.8, 5
3, 14/01/2019 07:19:11, 130233, 15, 18.2, 3.3, 4290.3, 93.7, 8.7, 0.3, 0, 132.4, 46.5, 18739.9, 452.6, 11.4, 267.2, 4.5, 2.4
3, 14/01/2019 07:40:11, 130234, 15.8, 27.4, 3.6, 3833.5, 50.2, 6.4, 0.3, 0.1, 150.1, 70.3, 49129.9, 414.4, 12.3, 283.3, 2.3, 1.9
3, 14/01/2019 08:00:11, 130235, 47.8, 62.3, 9.4, 25175.6, 347.8, 12.6, 2.7, 4.8, 330, 159.4, 145052.2, 425.8, 24.6, 495, 2.7, 5.9
3, 14/01/2019 08:20:10, 130236, 61.1, 92.6, 11.4, 12993.1, 672.4, 3.8, 1.5, 8.4, 336.2, 237.1, 63841, 452, 31.1, 671.1, 2.5, 6.4
3, 14/01/2019 08:39:16, 130237, 43, 54.4, 7.5, 6192.6, 311.1, 8.9, 0.5, 0.5, 221.2, 139.2, 58343.3, 511.7, 23.4, 427.8, 3, 5.3
3, 14/01/2019 08:59:15, 130238, 37, 57.9, 6.9, 24468.3, 166.8, 8, 0.5, 7.6, 234.4, 148.3, 60910.5, 597.1, 24.2, 537.3, 3.9, 5.6
3, 14/01/2019 09:19:15, 130239, 39, 75.1, 6.3, 7949.1, 180.9, 12.3, 0.5, 21.4, 395.8, 192.2, 66722, 463.7, 35.4, 617.7, 8.7, 2.8
3, 14/01/2019 09:39:15, 130240, 36.1, 72.7, 6.2, 6090, 199.2, 10.8, 0.4, 24.1, 215.9, 186.2, 75834.4, 859.2, 37.5, 571.1, 8.1, 3.5
3, 14/01/2019 09:59:15, 130241, 46.8, 86.6, 8.9, 13049.1, 242.2, 12.8, 0.5, 30.5, 268.8, 221.6, 112832.1, 1013.9, 44.9, 760.7, 7.5, 6.2
3, 14/01/2019 10:19:16, 130242, 49.7, 90.5, 9.2, 3739, 322.8, 9.3, 2.2, 33.5, 329.9, 231.7, 88602.2, 1207.8, 41, 766.8, 6.4, 5.4
3, 14/01/2019 10:40:15, 130243, 40.1, 78.2, 8, 2163.6, 216.1, 6.9, 0.5, 25.9, 278.7, 200.2, 86227.5, 1137.5, 39.4, 641.2, 8.1, 4.1
3, 14/01/2019 11:00:15, 130244, 38.6, 80.4, 7, 25787.2, 189.2, 9.4, 0.4, 24.6, 259.7, 205.8, 76065.4, 1008.9, 37.6, 644.9, 8, 5.6
3, 14/01/2019 11:19:15, 130245, 39.1, 71.4, 7.8, 2278.9, 372.3, 7.9, 0.5, 27.7, 208.1, 182.7, 103476.4, 1205.9, 35.6, 592.8, 8.1, 3.9
3, 14/01/2019 11:39:15, 130246, 36.6, 68.5, 7.5, 5566.7, 231.2, 7.7, 0.5, 25, 340.7, 175.3, 89869, 1144.9, 34.2, 563.6, 9.2, 4.6
3, 14/01/2019 12:00:15, 130247, 44.4, 75.1, 8.6, 21905, 455.4, 9.8, 0.6, 24.6, 228.1, 192.3, 82558.8, 1088.3, 37.6, 651.2, 10, 4.2
3, 14/01/2019 12:19:14, 130248, 37.5, 70.7, 7.5, 3149.6, 282.9, 15.2, 0.5, 20.3, 492.2, 180.9, 79265.1, 1081.5, 34.1, 621.6, 9.6, 3
3, 14/01/2019 12:40:15, 130249, 36.5, 68.8, 7.4, 2583.6, 175.4, 5.7, 0.5, 23.2, 248.6, 176.2, 52415.8, 1178.3, 34.8, 539.3, 10.7, 3.5
3, 14/01/2019 12:59:15, 130250, 29.2, 65, 6.4, 15266.4, 170.4, 4, 0.4, 24.1, 298.7, 166.4, 74608.7, 989, 37.4, 566.7, 11.2, 4.2
3, 14/01/2019 13:19:15, 130251, 43.8, 77.6, 10.3, 6325.8, 299.9, 8, 0.7, 25.9, 314.7, 198.7, 81560.6, 1256.5, 45.2, 716.2, 10.5, 4.8
3, 14/01/2019 13:39:14, 130252, 40.5, 70, 9.4, 3084.3, 227.4, 5.3, 0.6, 23.4, 230.4, 179.2, 71562.2, 929.4, 43.9, 656.4, 10.6, 5.7
3, 14/01/2019 14:00:14, 130253, 40, 64.7, 9.6, 15571.7, 237.4, 5.2, 0.7, 15.7, 190.7, 165.7, 83165.4, 896, 41.1, 591.1, 12.3, 7.4
3, 14/01/2019 14:19:14, 130254, 55, 88.3, 12, 3159.3, 428.3, 15.9, 2.5, 22.4, 373.4, 226.1, 58077, 804.4, 42.1, 720.5, 8.5, 6.7
3, 14/01/2019 14:39:14, 130255, 48.9, 82.3, 10, 2811, 399.3, 6.6, 0.6, 25.1, 248.9, 210.6, 86466.7, 1028.5, 37.4, 601.2, 7.4, 6.5
3, 14/01/2019 15:00:14, 130256, 58.8, 91.2, 10.6, 17413.2, 445.2, 18.5, 1, 32.4, 305.1, 233.4, 67732, 1426.5, 37.7, 627, 6.8, 5.8
3, 14/01/2019 15:20:13, 130257, 49.5, 86.1, 9.1, 3754.1, 323.9, 16.3, 1.9, 35.3, 363.6, 220.4, 73903.9, 557.4, 37.8, 666.4, 5.7, 4.7
3, 14/01/2019 15:40:13, 130258, 44.5, 78.5, 8.2, 3570.9, 505.7, 7.5, 0.5, 34.6, 237.2, 200.9, 78935.2, 556, 36.6, 630.1, 6.2, 4.8
3, 14/01/2019 16:00:14, 130259, 53, 103.7, 9.8, 20338.9, 363.1, 19.5, 2, 43.1, 313.5, 265.4, 65066.1, 518.4, 45.3, 790.1, 5, 7.1
3, 14/01/2019 16:20:14, 130260, 44.9, 88, 9.2, 5416.2, 177.4, 7.1, 0.7, 38.1, 257.7, 225.2, 62786.7, 1347.7, 40.9, 669.2, 6.1, 5.5
3, 14/01/2019 16:39:14, 130261, 49.7, 90.7, 9, 2478.7, 360, 33.5, 4.8, 36.9, 398.8, 232.1, 89052.4, 614.3, 41.1, 668.6, 5.9, 5.2
3, 14/01/2019 16:59:14, 130262, 36.4, 87.2, 6.5, 13964.4, 251.7, 1.7, 0.4, 43.6, 256.5, 223.3, 57232.1, 334.3, 45.1, 674.8, 4.1, 3.8
3, 14/01/2019 17:19:14, 130263, 52.8, 119.4, 9.8, 5752.8, 384.5, 15.9, 4.3, 54.8, 466.6, 305.6, 96296.6, 356.3, 52.1, 884.5, 6.4, 4.7
3, 14/01/2019 17:40:14, 130264, 50.7, 100.8, 8, 7001, 310.3, 3.5, 0.7, 39.7, 316.1, 258.1, 84948, 1021, 48.5, 738.6, 5, 4.8
3, 14/01/2019 18:00:13, 130265, 58.9, 114.7, 11.1, 18545, 591.6, 18.7, 2, 42.5, 355.1, 293.6, 113311.9, 595.4, 50.2, 832.5, 7.6, 6.5
3, 14/01/2019 18:20:13, 130266, 57.5, 108, 11.1, 3987.2, 728.7, 6.9, 1, 39.7, 353.6, 276.6, 128364.7, 662.9, 47.1, 769.8, 13.3, 5.1
3, 14/01/2019 18:41:13, 130267, 59.3, 104.4, 11.5, 2594, 721.3, 15.8, 3.7, 40, 388.1, 267.3, 112269, 572.9, 47.5, 801.7, 18.2, 6.3
3, 14/01/2019 19:00:13, 130268, 56, 94.6, 11, 30986.7, 581.6, 11.6, 0.7, 29.7, 322.9, 242.2, 106294.3, 789.8, 44.6, 792.9, 24.8, 8.3
3, 14/01/2019 19:20:13, 130269, 51.1, 77.7, 10.8, 1980.8, 706.2, 18.8, 0.6, 19.5, 236.3, 198.8, 104920.1, 736.8, 42.4, 717.4, 23, 7.3
3, 14/01/2019 19:40:18, 130270, 39.5, 65.1, 8, 4115.4, 564.8, 16, 0.5, 20.3, 189.3, 166.7, 97776.6, 809.5, 35.4, 575.4, 16.8, 6.5
3, 14/01/2019 20:00:18, 130271, 58.7, 97, 11.4, 5354.2, 593.1, 22.7, 0.8, 22.7, 343.3, 248.4, 106412.7, 723.1, 40.1, 758.3, 13.1, 6.9
3, 14/01/2019 20:19:17, 130272, 38, 63.4, 8.2, 6860.2, 407.2, 3.4, 0.5, 14.3, 215, 162.3, 100764.2, 770, 32.4, 521.7, 17.2, 5
3, 14/01/2019 20:39:18, 130273, 35, 51.8, 7.2, 5337.1, 445.6, 21, 0.5, 14.6, 155.8, 132.6, 93209.9, 565.4, 28.7, 419.7, 12.6, 3.9
3, 14/01/2019 20:59:17, 130274, 50.7, 82.9, 9.6, 30308.1, 326.9, 20, 1.5, 16.2, 326.6, 212.2, 68503.6, 448.6, 32.9, 589.7, 7.9, 6.6
3, 14/01/2019 21:20:17, 130275, 44.4, 96.1, 10.3, 4459.2, 354.8, 3, 0.7, 31.1, 380.6, 245.9, 65361.1, 534.2, 27.9, 507.6, 12.6, 3.8
3, 14/01/2019 21:39:17, 130276, 38.3, 71.4, 8.8, 3118.9, 218.4, 14.1, 0.6, 31, 213.6, 182.8, 61406, 401.1, 23.5, 339.4, 13.2, 4.3
3, 14/01/2019 21:59:18, 130277, 43.8, 76.6, 9.3, 22030.4, 265.9, 6.9, 0.7, 26.2, 295, 196.2, 52392.3, 487.9, 24.5, 377.8, 13, 5.5
3, 14/01/2019 22:20:17, 130278, 28.1, 48.1, 7.3, 3938.1, 198.2, 0.5, 0.5, 15.3, 181.2, 123.2, 51116, 506, 22, 297.1, 16.2, 3.6
3, 14/01/2019 22:40:17, 130279, 30.7, 44.5, 8, 4034.9, 268.6, 0.3, 0.5, 12.2, 170.7, 113.8, 65226.9, 400.4, 21.1, 295.4, 19.7, 3.8
3, 14/01/2019 23:00:17, 130280, 41.8, 67.3, 9.8, 22689.1, 445.8, 2.6, 0.6, 9.2, 247.4, 172.3, 64591.3, 472.4, 23, 399.8, 11.3, 4.9
3, 14/01/2019 23:19:22, 130281, 26.3, 46.3, 6.6, 3787.5, 300.6, 0.2, 0.5, 4.6, 163.4, 118.4, 54165.1, 480, 21.7, 317.2, 22.7, 3.2
3, 14/01/2019 23:40:22, 130282, 24.1, 36.9, 6.8, 4010, 198.6, 0.5, 0.5, 1.8, 124.3, 94.4, 39030.9, 463.5, 21.2, 278.8, 15.1, 4.2
4, 13/01/2019 23:59:29, 130211, 22.9, 21, 3.7, 20700.5, 492.1, 4.9, 0.3, 0, 193.8, 53.8, 40018.6, 247.1, 11.4, 190.7, 1.4, 8.7
4, 14/01/2019 00:19:29, 130212, 36.7, 81.7, 5.8, 5960.3, 441.2, 2.2, 0.4, 0, 266.9, 209.1, 62500, 268.8, 51.5, 491.9, 2.5, 3.9
4, 14/01/2019 00:39:29, 130213, 58.7, 105.6, 8.9, 6130.9, 341.6, 2.4, 0.6, 0.2, 301.7, 270.3, 73193.5, 252.3, 56.5, 666.8, 2.7, 5.5
4, 14/01/2019 01:00:29, 130214, 38.1, 91.8, 6.5, 14221.6, 168.3, 0.9, 0.5, 1.1, 293.1, 234.9, 78278.4, 242.6, 54.2, 528.6, 1.8, 4.6
4, 14/01/2019 01:19:29, 130215, 43.5, 88.1, 7.8, 6318.6, 198.7, 0.5, 0.5, 0.2, 253.3, 225.5, 76987.2, 125.8, 55.6, 441.1, 2, 5
4, 14/01/2019 01:39:30, 130216, 40.9, 77.4, 8, 6366.3, 99, 0.4, 0.5, 0, 212.8, 198.3, 38515.9, 154.3, 47.3, 368.9, 1.8, 4.9
4, 14/01/2019 02:00:29, 130217, 63, 88.7, 11.5, 9415.1, 273.9, 3, 0.9, 1.7, 279.5, 227, 76994.5, 133, 44.2, 497, 1.9, 7.6
4, 14/01/2019 02:19:29, 130218, 48.7, 67.7, 8.6, 2434, 281.1, 0.6, 0.6, 0.5, 414.4, 173.2, 30311.5, 126, 28.7, 370.5, 2.5, 2.9
4, 14/01/2019 02:39:29, 130219, 36.9, 30.6, 5.6, 6601.6, 229.1, 1, 0.4, 0.1, 117.4, 78.3, 31054.5, 171.4, 15.8, 285.5, 3.4, 2.9
4, 14/01/2019 03:00:29, 130220, 45, 47.2, 7.8, 16071, 343.5, 4.7, 0.5, 0.1, 178, 121, 20218, 153, 15.3, 385.7, 2.1, 7.4
4, 14/01/2019 03:19:29, 130221, 28.5, 28.1, 6.3, 7439.3, 86.6, 1, 0.5, 0.2, 115, 72, 51179.1, 125.8, 16.3, 285.8, 5.4, 9.7
4, 14/01/2019 03:39:29, 130222, 28.6, 25.2, 6, 3675.2, 98.9, 1.6, 0.4, 0.3, 121.8, 64.5, 53317.6, 177.1, 17.8, 325.8, 15, 6.8
4, 14/01/2019 03:59:28, 130223, 37.1, 31.8, 7.4, 20824.5, 399.3, 0.5, 0.5, 0.2, 171.9, 81.5, 80068.5, 210.4, 18.7, 345.5, 8.7, 3.7
4, 14/01/2019 04:19:28, 130224, 45, 36.4, 8.2, 8891.5, 301.7, 0.9, 0.5, 0, 131.9, 93.3, 57886.8, 286.2, 20.2, 331.1, 7.1, 4.5
4, 14/01/2019 04:39:28, 130225, 46.3, 64.8, 8.2, 41148.6, 38.6, 3, 0.5, 2.3, 305.8, 165.8, 35252.1, 415.5, 26.6, 399.2, 8.4, 16
4, 14/01/2019 04:59:28, 130226, 41.3, 96.4, 8.8, 102305.9, 56.5, 9.7, 0.5, 0, 315.8, 246.9, 26604.6, 229.9, 27.5, 645.9, 12.5, 62.1
4, 14/01/2019 05:19:33, 130227, 58.1, 77.7, 12.3, 4667.7, 103.1, 8.1, 1.7, 2, 346.3, 198.9, 49655.9, 144.9, 23.6, 675.8, 15.1, 4.6
4, 14/01/2019 05:39:33, 130228, 43, 43.3, 9.3, 1807.7, 321.9, 6.3, 0.5, 0.2, 275, 110.8, 18821.9, 77.8, 13.7, 396, 16, 4.4
4, 14/01/2019 05:59:33, 130229, 46.7, 60.8, 11.2, 19626.3, 129.2, 10, 0.8, 4.9, 308.1, 155.6, 38708.8, 289.2, 22.1, 689.2, 13.7, 4.7
4, 14/01/2019 06:19:33, 130230, 35.9, 34, 8.6, 1203, 233.7, 10.7, 0.5, 3.5, 130.3, 87.1, 29547.8, 151.4, 15.8, 335.9, 13.8, 4.8
4, 14/01/2019 06:40:33, 130231, 34.2, 44.3, 8.3, 6002.1, 232.7, 9.5, 0.5, 16.8, 184.1, 113.4, 41148.7, 178.5, 20.3, 347.6, 11.1, 3.7
4, 14/01/2019 06:59:33, 130232, 55.5, 89, 12, 23174.7, 344.8, 8.9, 2.5, 30.3, 362, 227.8, 41621.3, 156, 24.4, 652.3, 8.3, 7.2
4, 14/01/2019 07:19:33, 130233, 47.6, 66.6, 11.1, 5749.9, 270.2, 17.1, 0.6, 16.6, 257.7, 170.4, 41477.7, 109, 24.6, 588.4, 9.8, 6
4, 14/01/2019 07:39:33, 130234, 46.2, 63.8, 10.7, 2120.8, 241.1, 27.8, 0.7, 12.7, 325.2, 163.3, 46189.8, 108.1, 29.2, 903.9, 11.1, 5.2
4, 14/01/2019 07:59:33, 130235, 49.6, 59.3, 11.4, 18019, 273.7, 25.7, 1.7, 5, 309.4, 151.9, 52475.7, 301.7, 30.6, 917.8, 12.4, 5.9
4, 14/01/2019 08:19:37, 130236, 66.6, 81.1, 15.3, 7350, 244.2, 13.8, 1.8, 5.9, 269.3, 207.6, 73673, 223, 37.1, 1155.6, 11.6, 8.4
4, 14/01/2019 08:39:38, 130237, 69.9, 74.5, 15.6, 18364.7, 328.1, 12, 1, 6.3, 240, 190.7, 70271.6, 129.2, 29.4, 909.4, 12.7, 7.4
4, 14/01/2019 08:59:38, 130238, 62.5, 61.8, 14.1, 31637.4, 442.3, 9.7, 1, 6.7, 229.7, 158.3, 102773.9, 154.5, 24.4, 800.3, 11, 6.8
4, 14/01/2019 09:19:37, 130239, 64.4, 79, 14.5, 3912.2, 305.4, 7.4, 1.1, 11, 280.9, 202.1, 73951.6, 257.8, 23.1, 605.4, 10.2, 7.4
4, 14/01/2019 09:39:38, 130240, 41.9, 49, 10.5, 3370.6, 312.3, 11.7, 0.5, 2.6, 160.1, 125.4, 64047, 164.2, 23.4, 648.9, 12.5, 4.5
4, 14/01/2019 09:59:38, 130241, 46.6, 69.7, 10.4, 32354.7, 268.4, 6, 0.7, 18.3, 318, 178.4, 74857.3, 243.4, 24.9, 694, 7.7, 6.2
4, 14/01/2019 10:19:37, 130242, 44.7, 81.8, 10.6, 6959.1, 247.8, 6.3, 0.6, 36.3, 330.3, 209.5, 47011.4, 368.6, 28.6, 621.2, 5.3, 6.4
4, 14/01/2019 10:39:37, 130243, 45.3, 82, 9.9, 6306.4, 239.2, 3.5, 0.6, 34.4, 253.6, 210, 43365.3, 154, 30, 501.2, 6, 6.3
4, 14/01/2019 10:59:37, 130244, 38.6, 74.5, 9.4, 46205.9, 139.8, 2.9, 0.6, 22.6, 282.2, 190.7, 74990.1, 241.3, 28.2, 478.6, 8.2, 6.9
4, 14/01/2019 11:19:37, 130245, 42.9, 76, 11.1, 6937.9, 293, 1.8, 0.7, 29.3, 257.3, 194.6, 51373, 164, 25.4, 416.4, 6.3, 6.9
4, 14/01/2019 11:39:37, 130246, 40.9, 71, 10.4, 4019.4, 227.8, 5.3, 0.6, 30, 228.4, 181.9, 74632.2, 114, 28.4, 495, 6.5, 7
4, 14/01/2019 11:59:37, 130247, 64.6, 84.7, 13.1, 17646.6, 424.1, 3.7, 1.4, 21.4, 282.8, 216.9, 64492, 148, 26.9, 569, 6, 5
4, 14/01/2019 12:19:37, 130248, 60, 73.9, 12.1, 10037.2, 170.9, 8.4, 0.9, 16.3, 242.2, 189.1, 70768.7, 184.8, 25.4, 571.1, 6.5, 4.8
4, 14/01/2019 12:39:36, 130249, 49.8, 76.7, 11.8, 7078, 267.3, 31.7, 2.2, 24, 318.8, 196.2, 63194.7, 237.8, 28.1, 629.8, 5.3, 7.1
4, 14/01/2019 13:00:37, 130250, 51.2, 73.1, 10.5, 24367.9, 258.9, 16.6, 3.3, 17.9, 369.1, 187.2, 69751.8, 160.8, 28.1, 729.4, 7.3, 6.2
4, 14/01/2019 13:19:37, 130251, 65.9, 79, 13, 4344.1, 367.7, 20.8, 2, 13.2, 319.5, 202.3, 75394.2, 202.4, 30.9, 808.3, 8.6, 5.1
4, 14/01/2019 13:39:31, 130252, 40.7, 52.5, 10.1, 7941.6, 154.7, 21.6, 0.8, 6.5, 198.6, 134.3, 56255.6, 205.3, 24.1, 557.5, 10.4, 6.8
4, 14/01/2019 14:00:26, 130253, 60.3, 83.3, 13.2, 25060.7, 357.2, 22.6, 0.8, 11.9, 282.3, 213.1, 73531.2, 228.3, 27.5, 626.4, 6.3, 8.3
4, 14/01/2019 14:19:26, 130254, 45.7, 71.6, 10.2, 6393.8, 72.9, 3.6, 0.6, 18.6, 219, 183.3, 43542.5, 180.8, 23.4, 484.5, 6.8, 6.9
4, 14/01/2019 14:39:26, 130255, 40.3, 62.5, 8.4, 8522, 83, 3, 0.5, 14.7, 199.9, 160.1, 34803.9, 240.2, 23.3, 411.2, 7.7, 4.7
4, 14/01/2019 15:00:26, 130256, 42.2, 49.7, 9.5, 20817.4, 91.7, 3, 0.6, 2.2, 158.9, 127.1, 51192.6, 184.5, 24.2, 457.7, 5.1, 7.7
4, 14/01/2019 15:19:26, 130257, 42.4, 60.3, 9.1, 7685.9, 116.1, 0.6, 0.6, 2.8, 225.9, 154.4, 74162.3, 132.3, 25.7, 541.4, 2.7, 6.9
4, 14/01/2019 15:39:26, 130258, 71.2, 88.2, 11, 9315.9, 211.1, 15.1, 1.5, 4.4, 284.5, 225.7, 46296.7, 167.1, 33.8, 843, 2, 5.8
4, 14/01/2019 15:59:26, 130259, 71.9, 99.7, 12.5, 19725.7, 326.8, 10.5, 2.3, 8.7, 414.6, 255.3, 101080, 149, 32.6, 817.2, 4.1, 7.8
4, 14/01/2019 16:19:26, 130260, 55.6, 70.6, 8.4, 5168.5, 210, 3.1, 0.8, 4.2, 298.4, 180.8, 56181.9, 226.8, 29, 537.1, 2, 4.2
4, 14/01/2019 16:39:25, 130261, 45.7, 89.9, 7.5, 8368.2, 175.3, 1.8, 0.6, 5.1, 283.9, 230.1, 47854, 284, 29.5, 658.5, 2.7, 3.8
4, 14/01/2019 16:59:25, 130262, 45.8, 108.9, 7.5, 21763, 277.3, 3.8, 0.5, 9.2, 344.6, 278.7, 67955.9, 329.3, 29.2, 770.2, 2, 5
4, 14/01/2019 17:19:25, 130263, 36.4, 86.9, 6.6, 2303.1, 98, 4.2, 0.4, 9.8, 261.2, 222.4, 71969.3, 134.8, 29.3, 705.2, 2.6, 4.4
4, 14/01/2019 17:39:26, 130264, 38.7, 80.8, 7, 6405.5, 166.7, 3.8, 0.5, 6.4, 352.9, 206.7, 58567.6, 661.1, 30.8, 679.9, 3.5, 5.2
4, 14/01/2019 17:59:26, 130265, 49.3, 84.9, 10, 22522.6, 124.3, 1.4, 0.5, 21.9, 265.9, 217.3, 73807.2, 439.1, 36.2, 651, 10.3, 6.6
4, 14/01/2019 18:20:25, 130266, 42.3, 78.9, 9.8, 3019.7, 208, 2.4, 1.3, 20.6, 316.3, 201.9, 46932.1, 175, 31.7, 583.2, 13.7, 5.2
4, 14/01/2019 18:40:25, 130267, 38.6, 72.2, 9.1, 8004.9, 188.9, 27.8, 0.6, 28, 226.9, 184.9, 52279.7, 299, 29.8, 548.7, 3.8, 6
4, 14/01/2019 19:00:25, 130268, 52.5, 92.6, 10.9, 39753.9, 299.3, 28.2, 0.8, 33.1, 287.2, 237.1, 55759.5, 130.9, 32.6, 624.2, 3.7, 8.6
4, 14/01/2019 19:20:26, 130269, 51.2, 87.6, 12, 6066.8, 131.3, 6.8, 1.4, 25.2, 330.7, 224.3, 77729.7, 181.2, 37, 655.3, 4, 7.9
4, 14/01/2019 19:40:25, 130270, 46.2, 78.9, 10.6, 21419.1, 117, 22.3, 0.6, 16.6, 271.3, 202.1, 57688.6, 84.3, 36.8, 586.1, 3.9, 9.2
4, 14/01/2019 20:00:25, 130271, 42, 66.9, 10.3, 39304, 84.7, 12.7, 0.6, 1.8, 254.7, 171.3, 76059.3, 122.1, 32.6, 555.5, 3.5, 10.1
4, 14/01/2019 20:19:25, 130272, 45.2, 67.4, 10.8, 1796.9, 51.3, 1.4, 0.6, 9.1, 229.5, 172.5, 79249.9, 451.6, 29.9, 589.8, 6.1, 6.2
4, 14/01/2019 20:39:24, 130273, 43.9, 60.6, 10.4, 1031.5, 67.2, 1.8, 0.6, 11.9, 187.2, 155.1, 76013.7, 119.1, 27, 582.8, 11.8, 5.7
4, 14/01/2019 20:59:25, 130274, 31.5, 48.6, 8.4, 14181.3, 83, 5.4, 0.5, 5.2, 164.3, 124.5, 73960.2, 163.2, 25.5, 491.3, 4.4, 7.1
4, 14/01/2019 21:19:25, 130275, 39.7, 50, 8.7, 4417.4, 213.4, 1.7, 0.6, 0.6, 243.3, 128.1, 52975.4, 96.1, 24.6, 531.7, 0.3, 6.7
4, 14/01/2019 21:39:24, 130276, 25.3, 33.9, 5.9, 3657.5, 48.1, 2.9, 0.4, 0, 131.5, 86.7, 39101.4, 105, 21.1, 405, 0.4, 6
4, 14/01/2019 21:59:24, 130277, 27.7, 37.8, 6.3, 14771, 34.2, 3.1, 0.5, 0, 141.4, 96.7, 33424.1, 120, 23.1, 415.6, 0.9, 7
4, 14/01/2019 22:19:24, 130278, 23.8, 27.4, 5.4, 1916.2, 100.3, 3, 0.4, 0, 89.9, 70.2, 32522.9, 81.9, 19.9, 357.8, 0.3, 5.2
4, 14/01/2019 22:40:24, 130279, 22.6, 25.4, 5.1, 1470.1, 95.9, 3.5, 0.4, 0, 79.5, 65.1, 24271.5, 92.8, 19.3, 347.8, 0.1, 4.6
4, 14/01/2019 23:00:24, 130280, 26.5, 36.8, 6.5, 15521, 83.3, 2.8, 0.5, 0.2, 143.2, 94.3, 23595.8, 84.3, 22.8, 440.4, 7.6, 5.7
4, 14/01/2019 23:19:24, 130281, 20.6, 33.5, 4.2, 1930, 54.1, 2.3, 0.4, 0, 148.5, 85.7, 25695.3, 81.8, 19.1, 378, 0.5, 3.9
4, 14/01/2019 23:39:24, 130282, 23.4, 25.9, 4.5, 1295.5, 42.8, 3.3, 0.4, 0, 107.7, 66.3, 25218.4, 133.1, 18.3, 337.9, 7.8, 3.7
