HOST, TIME, SYS_CPU, SYS_DBTIME, SYS_SYSPCT, SYS_READ, SYS_WRITE, SYS_REDO, SYS_OSWAIT, SYS_RMWAIT, SYS_ACTSESS_MAX, SYS_ACTSESS_AVG, SYS_PGA, SYS_PXRUNS, SYS_PXQCT, SYS_PXSRVT, SYS_UCALLS, SYS_IOWAIT
1, 08/12/2018 23:59:34, 26.3, 21.1, 5.4, 1427.4, 577.8, 28.2, 0.5, 0.2, 93.4, 54.1, 21464.9, 453.3, 5, 76.5, 61.7, 2.6
1, 09/12/2018 00:19:34, 21.1, 22.6, 4.7, 166.6, 587.7, 25.2, 0.4, 0, 96.1, 57.8, 21627, 267.9, 4.9, 66.7, 75.6, 5.7
1, 09/12/2018 00:39:34, 28.3, 29.8, 6.1, 1043.1, 624.7, 31.9, 0.5, 0, 136.2, 76.2, 26267.8, 391.9, 4.6, 94.3, 84.7, 2.2
1, 09/12/2018 00:59:33, 41.9, 55.7, 10.2, 3660.1, 542, 33.6, 0.8, 0, 196.8, 142.7, 24513.4, 925.6, 11.1, 216.6, 80.8, 10
1, 09/12/2018 01:19:34, 25.4, 21.4, 5.8, 2506.7, 614.4, 25.1, 0.5, 0, 83.8, 54.8, 25613.8, 748.9, 8.7, 161.2, 47.8, 3.9
1, 09/12/2018 01:39:33, 15.4, 12.9, 3, 653.2, 604.1, 15.9, 0.3, 0, 64.6, 32.9, 21059, 865.7, 6.8, 106.1, 2.2, 1.8
1, 09/12/2018 02:00:33, 19.6, 20.7, 3.7, 911.7, 599.2, 14.1, 0.3, 0, 79, 52.9, 25507.5, 875, 5.8, 88.3, 11.4, 2.4
1, 09/12/2018 02:19:33, 27.6, 24.8, 4.7, 5226.5, 534.8, 8.4, 0.4, 0, 125.6, 63.5, 49235.3, 622.2, 8.8, 126.1, 7.8, 2.1
1, 09/12/2018 02:40:32, 50.8, 46, 7.4, 6208.4, 416.7, 4.9, 0.6, 0.1, 153, 117.6, 64576.3, 376.1, 15.3, 247.1, 2.2, 2.7
1, 09/12/2018 02:59:33, 38.4, 103.8, 5.5, 3335.5, 437, 2.8, 0.4, 0.6, 484.6, 265.7, 45353.7, 433.1, 16, 288, 4, 2.6
1, 09/12/2018 03:20:33, 17.2, 40, 4, 2406.1, 431.1, 4.6, 0.4, 0, 265.4, 102.5, 48183.8, 329.9, 15.9, 211.9, 14.1, 19.2
1, 09/12/2018 03:39:33, 29.3, 44.9, 6.2, 1933.4, 535.5, 13.4, 0.5, 0.4, 188.6, 114.9, 33893.6, 427.3, 9.6, 139.6, 33.3, 13.4
1, 09/12/2018 03:59:33, 22.1, 22.2, 4.5, 478.2, 666.8, 8.2, 0.4, 0, 84.1, 56.7, 58074.8, 362.5, 6.4, 77.2, 33, 3.2
1, 09/12/2018 04:19:33, 26.6, 18.5, 5, 130.5, 882.7, 8.7, 0.4, 0, 76.8, 47.3, 56200.1, 256.4, 3.7, 34.9, 40.8, 3.3
1, 09/12/2018 04:39:32, 26.9, 32.2, 5.7, 1640.7, 751.5, 21.4, 0.5, 0.5, 214.9, 82.3, 60845.8, 397.5, 4, 55.5, 51.5, 4
1, 09/12/2018 04:59:33, 19.8, 31.1, 4.8, 191.5, 569.8, 13.3, 0.5, 0, 160.2, 79.6, 57007.2, 334.3, 2.5, 26.9, 42.2, 3.3
1, 09/12/2018 05:20:32, 28.7, 27.5, 6.7, 540.9, 546.4, 24.5, 0.6, 0, 123.8, 70.5, 28490.2, 268, 2.9, 45.3, 58.3, 4.2
1, 09/12/2018 05:39:32, 25.6, 21.9, 5.7, 1060.2, 624.2, 18.3, 0.5, 0, 96.5, 56.1, 27565, 355.6, 4.2, 71.7, 48, 3
1, 09/12/2018 05:59:33, 41.8, 52.4, 9.7, 670.7, 675.3, 36, 0.8, 0, 181.6, 134, 37231.2, 345.5, 4.1, 110.7, 60.3, 8.3
1, 09/12/2018 06:20:33, 40.4, 39.4, 8.8, 1414, 701, 46.4, 0.7, 2.9, 199.2, 100.9, 31088.9, 329.7, 4.2, 78.3, 57, 4.8
1, 09/12/2018 06:39:32, 42.4, 110.8, 7.9, 21270.1, 594.3, 36.2, 1.5, 46.7, 371.6, 283.7, 30936.5, 301.3, 26.3, 286.7, 44.3, 4.8
1, 09/12/2018 06:59:33, 63.9, 81, 13.7, 4900.7, 519.8, 45.5, 1, 0, 252.2, 207.4, 26699.6, 354.7, 16.1, 145.2, 65.6, 18.4
1, 09/12/2018 07:20:32, 39.7, 70.7, 9.2, 466.7, 545.2, 35.8, 0.7, 0, 288.5, 181, 21349.9, 267.1, 12.8, 100.7, 69.2, 19
1, 09/12/2018 07:39:32, 37.7, 49.8, 8.9, 599.8, 574.6, 33.6, 0.8, 0, 174.9, 127.5, 21308.4, 315.9, 10.7, 73.4, 71.8, 8.7
1, 09/12/2018 07:59:32, 32.2, 59.7, 7.3, 1526.5, 570.2, 20.8, 0.6, 0, 240, 152.8, 25306.6, 448.1, 8.1, 97.4, 40.3, 6.6
1, 09/12/2018 08:20:32, 26.8, 42.8, 6.2, 665.3, 621.5, 15.3, 0.5, 0, 168.7, 109.7, 21627.4, 270.1, 5.6, 69.2, 40.2, 3.1
1, 09/12/2018 08:39:31, 25.2, 28.1, 5, 918.4, 574.5, 12.5, 0.4, 0, 104.3, 72, 21862, 335.3, 5.2, 51.6, 42.6, 3.2
1, 09/12/2018 08:59:31, 37.4, 46.9, 6.6, 2482.2, 505.5, 15.3, 0.5, 0, 205, 120, 30455.3, 372, 7.9, 108, 35.3, 2.4
1, 09/12/2018 09:19:32, 21.4, 28.4, 4.7, 16667.3, 583.4, 17.8, 0.4, 0, 110.5, 72.6, 28591.1, 252.8, 5.3, 71.8, 50.8, 3.3
1, 09/12/2018 09:39:32, 19.9, 18.8, 3.9, 295, 614.7, 12.4, 0.4, 0, 86.2, 48, 24790.8, 280.1, 4.7, 44.9, 53, 2.5
1, 09/12/2018 09:59:32, 27.1, 30.7, 5.6, 1482.8, 620.5, 7.5, 0.5, 0, 133, 78.7, 29332.8, 343.8, 6, 111.2, 40.1, 3.9
1, 09/12/2018 10:20:32, 28.9, 26.4, 5.3, 962.6, 605.7, 15.9, 0.5, 0, 97.5, 67.6, 22569.3, 243.2, 3.9, 65.6, 52.7, 2.7
1, 09/12/2018 10:39:31, 28.6, 38.1, 5.5, 1793.7, 650.4, 18.4, 0.5, 0, 177.7, 97.6, 25576.3, 368.2, 5.4, 94.8, 43.8, 3.4
1, 09/12/2018 11:00:32, 21.4, 20.3, 4.2, 485.2, 590.7, 13.2, 0.4, 0, 88.5, 51.9, 19879.5, 291.2, 3.6, 50.9, 51.9, 3.8
1, 09/12/2018 11:19:32, 18.8, 14.9, 4, 41.4, 550.7, 20, 0.4, 0, 67.2, 38.2, 19673, 259.1, 1.8, 15.6, 67.8, 1.7
1, 09/12/2018 11:39:31, 25.8, 24.5, 5.4, 1678.4, 507.2, 20.1, 0.5, 0, 142.3, 62.8, 20842.5, 398.7, 3.4, 53.5, 58.9, 2.5
1, 09/12/2018 11:59:32, 20.6, 24.9, 4.6, 2277.3, 490.9, 17.4, 0.4, 0, 101.6, 63.8, 24934.1, 431.4, 3.5, 46.5, 53.6, 3.8
1, 09/12/2018 12:19:31, 20.6, 23.2, 4.7, 604.9, 422.6, 14.6, 0.5, 0, 100, 59.3, 20883.8, 260.3, 2.8, 44.1, 52.3, 3.4
1, 09/12/2018 12:40:31, 20.4, 24, 4.5, 1981, 409.1, 14.6, 0.4, 0, 120.9, 61.3, 24046.4, 406.5, 2.6, 44.9, 51.2, 2.6
1, 09/12/2018 12:59:31, 16.8, 20.1, 4.3, 262.4, 405.9, 17.5, 0.4, 0, 84.5, 51.4, 19764.3, 326.9, 1.9, 27.7, 57.4, 2.8
1, 09/12/2018 13:19:31, 15.9, 15.3, 4.2, 1074.9, 389.8, 17.6, 0.4, 0, 86, 39.2, 25106.6, 359.8, 1.9, 24, 63.9, 1.9
1, 09/12/2018 13:39:31, 16.4, 19.3, 4.4, 435.5, 404.4, 16.9, 0.4, 0, 95.2, 49.4, 19874.8, 301.9, 2.1, 34.7, 60.1, 2.3
1, 09/12/2018 13:59:31, 15.1, 18.8, 3.8, 463.8, 399.4, 18.3, 0.4, 0, 198.1, 48.1, 24641.1, 367.9, 2.1, 28.4, 60.3, 1.7
1, 09/12/2018 14:19:31, 21, 22, 5, 793.6, 448, 16.7, 0.5, 0, 155.7, 56.2, 20822.6, 267.4, 3.3, 54.7, 61, 2.4
1, 09/12/2018 14:39:30, 12.5, 10.4, 3.1, 75.8, 432, 25.2, 0.3, 0, 79.9, 26.5, 20052.8, 286.8, 1.4, 9.2, 43.8, 1.3
1, 09/12/2018 14:59:31, 16.5, 14.4, 4, 1552.6, 451.5, 25.3, 0.4, 0, 88, 36.9, 20681, 392.2, 2.7, 38.7, 28.4, 2.2
1, 09/12/2018 15:19:30, 15.6, 10.6, 3.3, 922.2, 459.4, 23.3, 0.3, 0, 72.9, 27.2, 20541.7, 322.5, 2.4, 32.8, 26.9, 1.6
1, 09/12/2018 15:39:31, 14.9, 14, 4.6, 376, 415.4, 22.4, 0.4, 0, 134.1, 35.8, 35972.6, 338.1, 1.8, 26.4, 23.3, 1.7
1, 09/12/2018 16:00:30, 19.8, 32, 4.3, 2092.3, 457.3, 29.5, 0.4, 0, 225.3, 81.8, 26347.4, 438.9, 5.2, 111.7, 24.8, 2.2
1, 09/12/2018 16:19:31, 17.3, 11.9, 3.8, 250.1, 587.5, 42.4, 0.4, 0, 67.9, 30.6, 22193.3, 280.8, 6.2, 135.6, 27.5, 1.7
1, 09/12/2018 16:39:30, 18.4, 20.5, 3.8, 1550.4, 758.2, 38.3, 0.3, 0, 165.7, 52.6, 22543.9, 439.3, 4.2, 86.2, 24.1, 1.5
1, 09/12/2018 16:59:30, 49.9, 52.4, 8, 8690.7, 487.4, 22.7, 0.6, 0, 246.8, 134.2, 32107, 397.2, 13, 221.5, 29, 4
1, 09/12/2018 17:19:30, 58.1, 60.9, 8.8, 7016.6, 476.4, 13.6, 0.7, 1.5, 228.9, 155.9, 44053.4, 553, 14.9, 248.8, 23.4, 3.8
1, 09/12/2018 17:39:29, 23.2, 30.6, 4.4, 1538.7, 683.2, 8.1, 0.4, 0, 233.1, 78.2, 21322.3, 661.6, 6.7, 88.9, 16.6, 2.6
1, 09/12/2018 18:00:30, 16.3, 40.3, 3.3, 1715.4, 602.9, 15.1, 0.3, 0, 205.2, 103.3, 24105.5, 407.1, 3.4, 37.4, 19.8, 2.4
1, 09/12/2018 18:20:29, 14.9, 11.3, 3.1, 594.9, 670.9, 14.4, 0.3, 0, 76.9, 28.9, 19781.8, 538.4, 2.2, 19.2, 19.3, 1.9
1, 09/12/2018 18:39:30, 18.4, 12.3, 3.9, 1746.2, 651.9, 17.1, 0.3, 0.1, 68.8, 31.4, 23901.2, 682.5, 3.2, 37.9, 21, 2.5
1, 09/12/2018 18:59:29, 15.9, 12.1, 3.1, 355.5, 703.4, 15.7, 0.3, 0, 50.3, 30.9, 21570, 320.1, 2.5, 28.2, 22.6, 2.4
1, 09/12/2018 19:19:29, 19.5, 17, 4.3, 1851.2, 611, 11.7, 0.4, 0.1, 104.2, 43.5, 24746, 644.4, 3.4, 51.2, 22.4, 2.8
1, 09/12/2018 19:39:30, 15.6, 8.6, 3, 258.2, 629.3, 11.2, 0.3, 0, 43.8, 21.9, 19944.7, 276, 2, 23, 22.7, 2
1, 09/12/2018 19:59:30, 45.1, 60, 10.1, 3768.4, 741.4, 11.6, 0.7, 1.1, 243.8, 153.5, 44820.7, 507.4, 11.5, 294.1, 18.3, 9.6
1, 09/12/2018 20:19:30, 39.5, 38.3, 9, 1562, 733.9, 9.7, 0.7, 0.1, 200.2, 98, 46630.3, 304.6, 9.1, 220.6, 16.5, 7.8
1, 09/12/2018 20:40:29, 38.5, 40.3, 8.5, 2564.4, 720.9, 8.1, 0.6, 1.8, 149.7, 103.3, 42871.5, 428.8, 9.8, 242.2, 13.5, 6.3
1, 09/12/2018 20:59:29, 44.1, 66.9, 8, 1814.7, 691, 8, 0.6, 0, 270, 171.2, 32107.5, 453.2, 11.2, 249.4, 15.9, 9
1, 09/12/2018 21:19:29, 61.4, 58.7, 12.1, 1956.6, 554.9, 17.6, 1, 1, 267, 150.3, 39530.1, 350.1, 11.2, 258.7, 38.5, 9
1, 09/12/2018 21:39:29, 63.4, 63, 13.4, 1277.3, 603, 31.4, 1.1, 0.1, 230.3, 161.2, 46017.2, 321.8, 11.3, 267.8, 55.1, 10
1, 09/12/2018 21:59:28, 70.1, 78.2, 12.4, 2093.3, 690.4, 10.6, 1.2, 0.1, 239.5, 200.2, 60247.9, 328.5, 11.3, 336, 28.3, 9.8
1, 09/12/2018 22:19:29, 82.6, 80.8, 14.9, 3610.7, 585.7, 12, 1.6, 0.3, 233.8, 206.8, 66577.9, 359, 12.7, 385.9, 56.2, 7.5
1, 09/12/2018 22:39:29, 66.5, 66.3, 14.1, 1598.7, 490.7, 18.1, 0.9, 0.1, 245.1, 169.8, 38069.2, 297.4, 10.6, 276.5, 97.4, 8
1, 09/12/2018 22:59:29, 60.3, 60.7, 11.8, 1432.5, 645.2, 24, 0.8, 4.8, 192.1, 155.3, 78115.8, 372.2, 9.7, 235.1, 106.8, 5.9
1, 09/12/2018 23:19:28, 54.7, 60.7, 12.5, 1532.6, 713.9, 21.6, 0.9, 6.2, 242.1, 155.3, 107179.3, 285.2, 9.9, 267.6, 95.3, 7.3
1, 09/12/2018 23:39:28, 51.2, 48.6, 10.8, 940.8, 686.2, 29.4, 0.8, 4.3, 179.9, 124.3, 79386.2, 323.9, 6.7, 151.4, 119.6, 6
2, 08/12/2018 23:59:45, 33.1, 34.3, 8.5, 1231.4, 585.8, 21.1, 0.6, 0, 122.2, 87.8, 43459.6, 108.7, 7.4, 138.7, 70, 11.2
2, 09/12/2018 00:19:45, 21.3, 25.8, 5.9, 552.3, 534, 9.5, 0.5, 0, 87.2, 65.9, 39625.5, 27, 5.9, 117.9, 62.1, 13.2
2, 09/12/2018 00:39:45, 24.8, 27.5, 6.4, 1593.5, 539.3, 8.9, 0.5, 0.1, 104.9, 70.5, 41690.3, 93.2, 6.2, 119.2, 64.9, 9.4
2, 09/12/2018 00:59:45, 26.4, 30.9, 7, 671.4, 516.5, 13.1, 0.6, 0, 100.1, 79.2, 42048, 39.1, 7.9, 118.7, 77.3, 12.3
2, 09/12/2018 01:19:45, 44.1, 43.1, 8.5, 38553.9, 498.1, 14.7, 0.6, 0.4, 194.7, 110.5, 55568.9, 187.2, 11.5, 222.5, 79.2, 10.1
2, 09/12/2018 01:39:45, 51.4, 50.1, 7.8, 89223.9, 441.3, 6.2, 0.5, 0, 168.7, 128.3, 43099.2, 122, 12.3, 255, 36.1, 4.9
2, 09/12/2018 01:59:45, 22.2, 21.5, 4.3, 18758.2, 536.2, 7.4, 0.4, 0.2, 104.9, 55.1, 38244, 173.2, 7, 93.7, 46.4, 4.7
2, 09/12/2018 02:19:44, 21.6, 14.7, 5.8, 299.4, 536.9, 9.9, 0.4, 0, 61.7, 37.6, 37588.6, 27.6, 5.8, 67.2, 47.8, 2.4
2, 09/12/2018 02:40:45, 24.3, 18, 6.9, 692.8, 562.7, 11.5, 0.5, 0.1, 95.7, 46, 48123.6, 39, 6.4, 96.4, 35.6, 4.5
2, 09/12/2018 02:59:44, 16.4, 35.1, 3.8, 968.6, 591.6, 6.9, 0.3, 0, 156.5, 89.7, 42466.8, 42.9, 7.8, 131.7, 14.9, 2.8
2, 09/12/2018 03:19:45, 12.7, 16.2, 2.7, 130.9, 515, 16.9, 0.2, 0, 129.9, 41.5, 45454.6, 32, 7, 132.4, 25, 6.2
2, 09/12/2018 03:39:44, 19.8, 17.2, 3.8, 789.7, 627.4, 20.2, 0.3, 0, 70.7, 44.1, 47763.7, 45, 6.5, 139.5, 35.2, 4.7
2, 09/12/2018 03:59:44, 25, 19.5, 4.3, 425.4, 766.2, 18.9, 0.3, 0, 77.3, 49.9, 70681.6, 4625.2, 4.7, 128.6, 36.1, 3.1
2, 09/12/2018 04:19:45, 25.9, 12.9, 4.3, 83.4, 881.9, 17.2, 0.3, 0, 43.7, 33, 83650.4, 4014.9, 3.1, 99.1, 35.6, 2.5
2, 09/12/2018 04:39:44, 23.6, 16, 3.6, 399.8, 707, 20.3, 0.3, 0, 62.7, 40.9, 77895, 2876.9, 4.1, 123.3, 30.6, 2
2, 09/12/2018 04:59:45, 18.3, 16.8, 3.5, 321.5, 597.2, 20.5, 0.3, 0, 65.1, 43.1, 72055, 1749.6, 4, 130.5, 25.1, 2.5
2, 09/12/2018 05:19:44, 17.3, 9.3, 3.6, 323.5, 569, 21.4, 0.3, 0, 39.3, 23.7, 25759.9, 6663.4, 2.8, 95.2, 49.2, 1.6
2, 09/12/2018 05:39:44, 19.6, 13.5, 4.1, 1420.8, 646.8, 21.8, 0.4, 0.2, 85.2, 34.4, 29430.3, 88.1, 4.3, 117.2, 52.7, 1.7
2, 09/12/2018 05:59:44, 64.4, 60.9, 9.6, 2106.6, 787.2, 14, 0.7, 0.1, 226.5, 155.8, 101755, 43, 10.2, 288.1, 44.1, 5.6
2, 09/12/2018 06:19:44, 82.1, 104.8, 14.3, 1870.5, 472, 27.6, 2.7, 0.8, 390, 268.3, 85839.4, 101.8, 13.5, 349.2, 108.2, 5.7
2, 09/12/2018 06:41:44, 89.9, 123, 16.4, 1577.4, 456.7, 27.7, 4, 5.5, 365.5, 314.9, 89976.9, 183.6, 23, 404.9, 126.7, 10
2, 09/12/2018 06:59:43, 97.2, 111.6, 17.8, 1949.9, 472.8, 30.3, 11.9, 0, 373.3, 285.6, 78455.6, 185, 22, 359.7, 163.4, 14.7
2, 09/12/2018 07:19:43, 97.2, 130.3, 17, 1102.3, 533.9, 29, 10.9, 0, 632.6, 333.5, 73872.1, 156.6, 18.5, 297.5, 163.4, 14.6
2, 09/12/2018 07:39:44, 81.6, 101.6, 16.7, 1310.1, 530.9, 31.7, 1.8, 0, 511.4, 260.2, 60188.2, 84.1, 15.4, 258, 187.6, 14.5
2, 09/12/2018 07:59:44, 63, 85.4, 14.7, 1747.4, 559.3, 35.6, 1.2, 0, 293.2, 218.6, 60356.6, 90.6, 11.9, 206.6, 218.6, 13.8
2, 09/12/2018 08:20:44, 41.4, 46.2, 9.2, 496.4, 585, 27.9, 0.7, 0, 195.2, 118.3, 45159, 91.4, 5.9, 118.5, 146.3, 3.8
2, 09/12/2018 08:39:44, 35.4, 33.2, 8, 16769.2, 629.8, 25.4, 0.6, 0, 113.3, 85, 42431.6, 65.7, 3.8, 97.6, 108, 4.8
2, 09/12/2018 08:59:43, 41.1, 52.6, 9.3, 18244.3, 516.6, 25.5, 0.7, 0, 279.8, 134.7, 43262.7, 248.9, 4.7, 115.8, 133.5, 6.5
2, 09/12/2018 09:19:43, 34.4, 36.3, 7.6, 414.3, 508.7, 20.4, 0.7, 0, 117.3, 92.9, 57166.3, 87, 5.6, 128, 73.9, 8.3
2, 09/12/2018 09:39:44, 71.5, 68.7, 11.6, 104709.5, 444.5, 16.6, 0.8, 0, 235.8, 176, 50198.5, 204, 10.6, 387, 39, 7.7
2, 09/12/2018 09:59:43, 37.5, 36.1, 7.7, 29559.8, 498.2, 11.4, 0.6, 0, 129.6, 92.5, 29082.8, 146.9, 6.5, 206.6, 37.8, 6.3
2, 09/12/2018 10:19:44, 24.8, 19.4, 4.7, 386.6, 530.2, 14.3, 0.4, 0, 75.5, 49.7, 21177, 62.2, 2.2, 55.1, 53.9, 2.4
2, 09/12/2018 10:39:43, 18.1, 20, 3.8, 1253.7, 593.3, 13.2, 0.3, 0, 102.9, 51.3, 20697.5, 255.8, 2.2, 48.4, 41.4, 1.4
2, 09/12/2018 11:00:43, 15.1, 7.9, 3.6, 1304.7, 636.3, 13.9, 0.3, 0, 32.7, 20.3, 20385.2, 254.6, 0.2, 9.8, 52.1, 2
2, 09/12/2018 11:19:43, 14.8, 6.5, 3.6, 23.4, 574.9, 15.6, 0.3, 0, 26.7, 16.7, 44013.2, 252, 0.2, 6.2, 61.8, 1.1
2, 09/12/2018 11:39:43, 27.5, 25.9, 5.8, 1117.9, 608.9, 18.5, 0.4, 0, 179.7, 66.3, 26687.5, 350.4, 3.3, 95.5, 61.1, 2.1
2, 09/12/2018 11:59:43, 27, 22.7, 5.4, 33070.4, 459.4, 19.3, 0.4, 0, 204.3, 58.1, 48698.7, 328.2, 5.2, 138.7, 58.7, 2.6
2, 09/12/2018 12:19:43, 53.6, 43.9, 9.3, 93097, 441.8, 18.8, 0.6, 0, 162.5, 112.3, 48274, 446.5, 7.9, 273.4, 47.3, 2.4
2, 09/12/2018 12:39:43, 27.9, 23.1, 8.6, 13803.8, 474.1, 23, 0.6, 0, 116.3, 59, 44301.5, 296.1, 4.3, 140.8, 53.9, 2.7
2, 09/12/2018 12:59:43, 21.7, 21, 6.6, 422.3, 466.3, 28.5, 0.5, 0, 78.8, 53.7, 40591.4, 245.8, 3, 83.2, 66.5, 3.7
2, 09/12/2018 13:19:42, 17.5, 13.9, 4.5, 1405.5, 510.3, 35.3, 0.4, 0, 60.2, 35.6, 41408.5, 355.3, 3.4, 92.2, 65.3, 1.7
2, 09/12/2018 13:39:43, 15.4, 11.3, 4.5, 366.8, 479.2, 36.3, 0.4, 0, 46.2, 28.9, 38775.8, 275.1, 2.3, 55.9, 81.8, 1.5
2, 09/12/2018 13:59:42, 15.4, 13.4, 4.2, 1761.2, 474.7, 37.9, 0.4, 0, 93.1, 34.2, 37655.7, 296, 2.3, 62.3, 81, 1.2
2, 09/12/2018 14:19:42, 13.3, 8.5, 3.9, 241.4, 432.8, 30.9, 0.4, 0, 78.7, 21.8, 37092.7, 356.8, 2.2, 57.4, 80.5, 1
2, 09/12/2018 14:39:43, 13.1, 11.9, 3.7, 836.5, 434.2, 31.5, 0.3, 0, 68.1, 30.5, 37019.2, 260.6, 1.9, 50.3, 70.6, 3.9
2, 09/12/2018 14:59:42, 22.3, 22.6, 5.9, 1708.7, 496.5, 34.3, 0.5, 0, 71, 57.9, 40764.1, 305.2, 3, 84.8, 84.5, 7
2, 09/12/2018 15:19:43, 18.5, 13.6, 4.9, 1782.8, 552.3, 40, 0.4, 0, 64.7, 34.9, 40220.8, 386.6, 2.2, 60.7, 80.7, 3.2
2, 09/12/2018 15:39:43, 19.1, 17.9, 4.7, 630.7, 474.1, 25.9, 0.4, 0, 139.7, 45.8, 22847.9, 252.3, 2.9, 74.2, 57, 1.7
2, 09/12/2018 16:00:42, 21.8, 28.3, 4.9, 1704, 533.7, 36.5, 0.4, 0, 193.7, 72.4, 32974.4, 361.3, 6.8, 175.3, 66.5, 1.7
2, 09/12/2018 16:19:42, 19.3, 12.2, 4.4, 406.2, 661.1, 49.5, 0.4, 0, 56.3, 31.3, 25277.5, 715.6, 7.8, 215.5, 46.9, 1.6
2, 09/12/2018 16:39:42, 19.3, 15.7, 4, 1071.9, 940.7, 46.7, 0.3, 0, 89.2, 40.3, 32131.5, 470, 6.4, 150.9, 22.4, 1.1
2, 09/12/2018 16:59:42, 19.1, 20.4, 4.4, 595.5, 713.2, 31.9, 0.4, 0, 105.8, 52.1, 30406, 511.8, 5.1, 97.6, 31.3, 2.9
2, 09/12/2018 17:19:42, 18.7, 13.4, 3.7, 1037.9, 708.9, 28.1, 0.3, 0, 81.8, 34.2, 28889.4, 667.1, 4.5, 74, 37.4, 1.4
2, 09/12/2018 17:39:42, 15.1, 21.7, 3.2, 624.4, 690.3, 16, 0.3, 0, 181.6, 55.7, 26580.1, 522.9, 4.4, 60.5, 24.1, 1.6
2, 09/12/2018 18:04:42, 16.3, 22, 3.2, 629.8, 605.9, 15.2, 0.3, 0.1, 171.8, 56.3, 31422.2, 572.9, 4.7, 80.8, 24, 1.7
2, 09/12/2018 18:19:42, 18.6, 15.7, 4, 727.7, 665.2, 15.5, 0.4, 0, 100.5, 40.1, 26603.5, 619.5, 5.2, 88.3, 28.4, 2.1
2, 09/12/2018 18:39:41, 18.1, 10.3, 3.5, 1470.8, 638.2, 15.4, 0.3, 0, 58.5, 26.5, 26584.7, 583.4, 4.4, 68.3, 28.1, 1.6
2, 09/12/2018 18:59:41, 15.8, 8.9, 3.2, 809.8, 704.6, 16.2, 0.3, 0, 33.6, 22.8, 27714.7, 531.5, 4.4, 62.7, 36.7, 1.4
2, 09/12/2018 19:19:42, 16.5, 10.3, 3.2, 1093.6, 662.1, 20.8, 0.3, 0, 58.5, 26.3, 25658.5, 641.8, 4.5, 66.8, 26.5, 1.5
2, 09/12/2018 19:39:42, 13.7, 6.4, 2.8, 45.6, 659.5, 27.1, 0.3, 0, 21, 16.4, 25637.3, 516.6, 3.6, 47.3, 33, 1.4
2, 09/12/2018 19:59:41, 29.6, 35.5, 7.7, 1493.8, 716.4, 28.2, 0.6, 0.1, 148.6, 90.8, 31848.4, 528.5, 9.4, 211.7, 56.3, 5.4
2, 09/12/2018 20:19:41, 28.5, 25.6, 8.2, 610.2, 581.2, 27.6, 0.6, 0, 106.3, 65.5, 27693.5, 544.7, 7.4, 177.3, 32.3, 8.8
2, 09/12/2018 20:39:41, 29.7, 30.3, 8.5, 1677.4, 565.4, 20.1, 0.6, 0, 138.2, 77.6, 27446.7, 525.8, 7.9, 174.9, 32.7, 7.3
2, 09/12/2018 21:01:41, 21.7, 35.5, 6.5, 232, 575, 15.8, 0.5, 0, 182.8, 90.8, 27060.8, 502.3, 5.7, 133.4, 49.6, 7.4
2, 09/12/2018 21:19:41, 31.4, 30.9, 9.3, 1211.1, 598.8, 27.3, 0.7, 0.1, 113.2, 79, 33531.3, 704, 6.4, 150.2, 87.1, 7.5
2, 09/12/2018 21:39:41, 35.5, 35.6, 10.6, 790.8, 604.8, 39.2, 0.8, 0, 133.7, 91.3, 33733, 574.1, 6.3, 148.5, 89.4, 8.8
2, 09/12/2018 21:59:41, 50.1, 63.3, 11.4, 1645.7, 641.3, 16.4, 0.9, 0, 222.7, 162.1, 38980.5, 503.3, 8.1, 282.2, 55.4, 9.8
2, 09/12/2018 22:19:41, 57.1, 62.4, 13.9, 2563.2, 528.8, 14.5, 1.1, 0.4, 218.9, 159.7, 49115.6, 638.2, 9.4, 304.4, 62.4, 10.3
2, 09/12/2018 22:39:40, 48.5, 51, 13, 7048.9, 592.1, 17, 0.9, 0, 178.1, 130.5, 24964.1, 362, 6.9, 244.5, 86.9, 10.8
2, 09/12/2018 22:59:41, 30.2, 29.9, 9.4, 451.9, 579.6, 21.7, 0.7, 0, 96.4, 76.4, 23507.9, 256.3, 4.8, 155.6, 102.2, 8.8
2, 09/12/2018 23:19:41, 32.8, 33.4, 9.4, 1703, 618.4, 30.4, 0.7, 0.5, 152, 85.5, 27875, 431.3, 4.9, 140.4, 97.5, 6.1
2, 09/12/2018 23:39:40, 36.1, 31.1, 10, 645.8, 651, 40.7, 0.8, 0, 94, 79.6, 24311.5, 278.9, 5.5, 149.2, 110.2, 6.7
3, 08/12/2018 23:59:55, 42.7, 43.7, 6.4, 23649.8, 463.2, 6.8, 0.5, 0, 233.4, 111.8, 64979.7, 17181.8, 15.6, 328.1, 3.5, 4.9
3, 09/12/2018 00:19:55, 55.6, 107.2, 8.9, 23492.4, 306.7, 6, 0.8, 10.1, 392.4, 274.6, 86317.4, 15276.2, 52, 535.9, 3.7, 26.6
3, 09/12/2018 00:39:55, 68.7, 121.1, 10.5, 10587.1, 431.7, 5.2, 3.9, 41.7, 357.2, 310.1, 115153.8, 15357.6, 40.4, 724.6, 3.4, 5.3
3, 09/12/2018 00:59:55, 76.9, 127.1, 14.5, 22380, 528.9, 4.7, 7.7, 37.6, 402.7, 325.4, 99237.6, 14047.4, 39.4, 766.4, 4.8, 11.8
3, 09/12/2018 01:19:55, 59.2, 77.4, 10, 6532.6, 750, 4.4, 0.7, 20.4, 251.8, 198.1, 84037.6, 15088.7, 29, 524.2, 4.8, 6.9
3, 09/12/2018 01:39:55, 54.8, 67, 9.4, 7311.3, 882, 8.3, 0.6, 16, 212.1, 171.6, 75979.7, 14174.9, 29.3, 526.1, 6.7, 3.9
3, 09/12/2018 01:59:55, 79, 98.9, 13.7, 20901.3, 931.1, 2.5, 5.7, 16.7, 335.8, 253.1, 78818.5, 15903.7, 34.4, 666.2, 5.8, 9.3
3, 09/12/2018 02:19:55, 62.2, 79, 11.7, 4460.5, 676.7, 3.7, 1.4, 19.3, 280.1, 202.1, 74961.1, 14196.4, 29.9, 559.7, 6.1, 6.8
3, 09/12/2018 02:40:54, 62.9, 75.4, 11.6, 4110.8, 652.5, 3.2, 0.8, 13, 260.2, 193, 75765.5, 13717, 28.1, 565.8, 3.9, 10.7
3, 09/12/2018 02:59:55, 75.9, 134.3, 11.1, 34288.7, 643.1, 1.9, 4.1, 8.9, 592.5, 343.8, 91665.3, 10796.7, 35.3, 757.7, 1.4, 11.7
3, 09/12/2018 03:19:55, 77.8, 168, 13.6, 118370.4, 586.7, 6.9, 3.9, 7.7, 789.3, 430, 87292.3, 12274.4, 41.9, 931.5, 2, 66.1
3, 09/12/2018 03:39:54, 75, 108.7, 13.4, 75894.5, 676.4, 5.9, 1.5, 2.7, 449.3, 278.2, 60087.4, 14427.3, 30.1, 720.9, 2.3, 38.3
3, 09/12/2018 03:59:54, 71.6, 81.6, 12, 16985.4, 682.2, 6.6, 2, 3.1, 288.4, 208.8, 87470, 15530.3, 28.2, 661.9, 3.2, 13.2
3, 09/12/2018 04:19:54, 84.9, 99.9, 13.6, 10405, 625.9, 7.7, 6, 2.3, 369.8, 255.8, 74409.6, 15156.1, 32.3, 912.8, 7.8, 16.9
3, 09/12/2018 04:39:54, 64.2, 77.5, 10.4, 7026.8, 485.4, 14.3, 0.8, 0, 294.4, 198.5, 110917.9, 16343.7, 30.4, 973.5, 4.7, 15.7
3, 09/12/2018 04:59:54, 75.4, 94.4, 12.2, 30569.1, 489.5, 10.7, 3.5, 1.3, 369, 241.5, 83124.3, 19914.7, 34.3, 859.8, 3.8, 12.8
3, 09/12/2018 05:19:54, 44.9, 52.6, 7, 7790.2, 443.5, 16, 0.5, 0, 221, 134.7, 91137.2, 21249, 24.3, 762.4, 3.1, 9.8
3, 09/12/2018 05:39:54, 38.1, 36.6, 6.4, 6765.5, 482.7, 13.5, 0.4, 0, 126.7, 93.7, 51462.2, 14725.8, 19.6, 624.1, 6.8, 3
3, 09/12/2018 05:59:54, 54.7, 70.5, 9.4, 24104.9, 524.4, 16.5, 0.6, 8.2, 323, 180.6, 114632.4, 13655.9, 26.5, 831.2, 2.1, 10
3, 09/12/2018 06:19:54, 56.2, 67.2, 9.3, 4587.6, 565, 10, 0.7, 4, 231.2, 171.9, 101687.8, 13137.6, 23.8, 623.7, 4.3, 12.1
3, 09/12/2018 06:39:54, 49.2, 61.5, 8.9, 4170.6, 718.9, 5.1, 0.6, 0.2, 202.9, 157.4, 72289.7, 14244.3, 22.6, 582.9, 3.6, 12.4
3, 09/12/2018 06:59:54, 59.5, 72.1, 11.2, 17302.9, 557.7, 7.4, 0.8, 0, 264.3, 184.6, 76440.4, 11426.1, 24.8, 638.2, 3.9, 15.3
3, 09/12/2018 07:19:54, 42.8, 77.4, 7.2, 3620.1, 387.5, 8.5, 0.5, 0, 362.1, 198.1, 101459.3, 12346, 28.2, 686.7, 7.1, 12.1
3, 09/12/2018 07:40:53, 60.4, 88.1, 11.3, 2105.8, 643, 10.1, 0.7, 0, 265, 225.5, 164247.4, 14425.4, 30.1, 768.4, 7.2, 12.5
3, 09/12/2018 07:59:53, 57, 87, 10.9, 31077.4, 540.6, 13.9, 0.7, 0, 338.6, 222.8, 91492.1, 14059.1, 32.8, 909.7, 5.7, 12
3, 09/12/2018 08:20:53, 56.8, 99.8, 10.8, 2833.5, 443.9, 20.2, 0.9, 0, 384.6, 255.5, 74304.6, 13935.4, 34.3, 1139.5, 6.8, 9.7
3, 09/12/2018 08:39:53, 76.4, 101.7, 13.2, 8947, 623.5, 16.6, 4.9, 0.8, 518.1, 260.3, 133402.2, 11277.3, 38.5, 1177.9, 6, 12.3
3, 09/12/2018 08:59:53, 69, 89.9, 12.4, 29338.6, 730.7, 21, 4.3, 0.4, 449.5, 230.2, 156606.1, 13779.3, 37.7, 1131.8, 5.5, 10.1
3, 09/12/2018 09:19:53, 68.4, 94.3, 12.2, 2402, 660.6, 18.3, 2.8, 0.2, 433.2, 241.4, 81144.3, 12552.4, 35.6, 1253, 6.8, 9.5
3, 09/12/2018 09:39:58, 50.3, 57.7, 9.3, 2452.6, 489.7, 26.6, 0.6, 0, 232.6, 147.7, 59207.8, 16350.5, 29.7, 893.3, 7.4, 11.4
3, 09/12/2018 09:59:58, 71.8, 88.8, 14.6, 28634.8, 616.5, 29.5, 3.6, 0.2, 298.9, 227.4, 70631.4, 16823.1, 33.9, 834.7, 5.7, 14.4
3, 09/12/2018 10:19:58, 48.2, 57.2, 9.6, 4318.2, 616.8, 31.2, 2.5, 0.8, 328.5, 146.3, 79242.3, 18383.7, 26.8, 771.4, 7.1, 9.2
3, 09/12/2018 10:39:57, 33.4, 44, 5.9, 3853.1, 471.6, 27.9, 0.8, 0, 221.6, 112.6, 80260.8, 14569.4, 27.7, 894.4, 7.6, 6.1
3, 09/12/2018 10:59:58, 49.9, 62.4, 7.9, 12565.6, 576.8, 30.7, 1.8, 0.7, 365, 159.7, 82141.4, 15786.9, 30.7, 913.1, 7.6, 8.6
3, 09/12/2018 11:19:57, 51.6, 60.2, 7.8, 1313.6, 535.4, 53.8, 1.7, 0.1, 363, 154, 76951.3, 12740.5, 28.2, 784.2, 7.3, 7.1
3, 09/12/2018 11:39:58, 46.5, 48.3, 6.8, 2563.7, 455.5, 16.9, 0.4, 0, 152.6, 123.8, 98486, 11386.3, 25.9, 783.4, 8, 6.7
3, 09/12/2018 11:59:57, 57.5, 66.5, 9.4, 21816.9, 600, 29.4, 0.8, 0, 247.5, 170.3, 70604.6, 12991.3, 25.3, 728.4, 7.2, 8.6
3, 09/12/2018 12:19:58, 37.6, 39.2, 6.6, 3637.4, 394.5, 19.5, 0.4, 0, 136.8, 100.5, 70816.1, 12019.2, 22.2, 563.8, 8.5, 7.1
3, 09/12/2018 12:39:58, 63, 64.8, 9.7, 5570.2, 488.6, 19.9, 1.2, 0, 257.7, 165.8, 83249.3, 13021, 25.1, 781.2, 5.2, 6.6
3, 09/12/2018 12:59:57, 46.2, 52.4, 8.1, 17391.2, 554.2, 14.8, 0.5, 0, 170.3, 134.2, 55387.4, 14269.2, 20.5, 706, 2.6, 7.9
3, 09/12/2018 13:19:57, 37.3, 40.9, 7.4, 1752.6, 478, 31.6, 0.5, 0, 137.7, 104.7, 43234.1, 11235.4, 18.4, 594.8, 5.4, 5.4
3, 09/12/2018 13:39:57, 39.4, 43, 6.8, 4606.1, 456.5, 32.3, 1.1, 0, 283.3, 110, 45698.3, 12349.4, 16.3, 491.3, 2.2, 4.2
3, 09/12/2018 13:59:57, 35.2, 38.3, 5.8, 14001.5, 358.3, 16.7, 0.4, 0, 121.5, 98.1, 63549.7, 13317, 14.3, 413.3, 1.4, 4.1
3, 09/12/2018 14:19:57, 28.2, 28.2, 4.6, 4789, 403.7, 43.9, 0.3, 0, 128.4, 72.1, 45245.1, 11864.4, 11.6, 330, 0.7, 4.1
3, 09/12/2018 14:39:56, 35.6, 42.4, 5.7, 6144.7, 424.1, 34.6, 0.9, 0, 226, 108.6, 74601.8, 12901.4, 12.7, 362.2, 0.6, 4.2
3, 09/12/2018 14:59:57, 44.3, 53.4, 7.5, 25426.2, 298.2, 17.9, 0.5, 0, 329.2, 136.6, 69667, 14157, 15.9, 457.1, 0.6, 4.8
3, 09/12/2018 15:19:57, 27, 27.9, 4.6, 6139.4, 268.3, 15.3, 0.3, 0, 103.4, 71.4, 23455.3, 12910.3, 12, 295.8, 2.2, 3.2
3, 09/12/2018 15:39:57, 27.6, 31.6, 4.5, 6553.1, 318.3, 19, 0.6, 0, 233, 81, 29687.1, 13685.3, 13, 317.7, 2, 3.5
3, 09/12/2018 15:59:56, 35.8, 43.7, 6.6, 33921.5, 393.9, 16.2, 0.5, 0, 198.9, 111.9, 28449.7, 11252.3, 13.6, 330.1, 2.2, 7.2
3, 09/12/2018 16:19:56, 29.9, 28.5, 4.6, 4278.3, 352.7, 19.9, 0.5, 0, 233.7, 73.1, 34026.4, 14110.3, 10.9, 261.3, 0.4, 3.9
3, 09/12/2018 16:39:56, 33.8, 41.2, 6.5, 4584.8, 466.6, 13.6, 0.5, 0, 132.2, 105.5, 26955, 17685.5, 12.5, 330.9, 0.6, 10
3, 09/12/2018 16:59:56, 38.2, 51.9, 7.6, 19846.2, 337.5, 10.6, 0.5, 0, 330.9, 132.8, 26510, 18427.9, 15.5, 347.1, 0.8, 10.4
3, 09/12/2018 17:19:56, 34.3, 36.7, 8.1, 6534.1, 361.1, 4, 0.5, 0, 128.7, 94.1, 49802.1, 14626.6, 16.6, 377.4, 3.5, 8.8
3, 09/12/2018 17:39:56, 23.9, 24, 4.9, 7431.7, 378.1, 5, 0.4, 0, 104.2, 61.5, 32352.3, 17822, 12.9, 285.3, 8.7, 4.7
3, 09/12/2018 17:59:56, 42, 63.3, 7.4, 62126.2, 349.9, 3.4, 1.4, 14.5, 337.8, 162, 72943.5, 14182.5, 21.6, 447.8, 4.6, 7
3, 09/12/2018 18:19:56, 37.6, 37.1, 6.2, 7375.1, 319, 4.6, 0.5, 0.1, 121.5, 95.1, 58245.6, 16354.3, 21, 501.5, 9, 4.5
3, 09/12/2018 18:39:56, 35.1, 29.6, 4.2, 2422.5, 346.9, 4, 0.3, 0, 112.7, 75.7, 40872.6, 18284.5, 15.1, 344.7, 7, 1.1
3, 09/12/2018 18:59:56, 31.3, 28.1, 4.5, 17143.5, 507.5, 5.8, 0.4, 0, 157, 72, 38861.1, 17404.5, 13.3, 298.2, 4.2, 1.6
3, 09/12/2018 19:19:56, 22, 16.4, 2.6, 2175.2, 365.7, 5.6, 0.2, 0, 47.3, 42, 37395.9, 16579.2, 12.6, 273.1, 5.3, 0.6
3, 09/12/2018 19:39:56, 20.5, 17.1, 2.9, 12183.5, 427, 6.5, 0.2, 0, 67.2, 43.7, 35413.4, 18728.2, 12.5, 246.1, 7.4, 2.6
3, 09/12/2018 19:59:55, 23.2, 21.4, 4.2, 39417.5, 404.9, 6.6, 0.3, 0, 88.9, 54.9, 33603.7, 15962.8, 13.7, 296.8, 6.1, 2.8
3, 09/12/2018 20:19:56, 17.9, 14.6, 2.7, 5272.3, 390.2, 5.2, 0.2, 0, 90, 37.5, 33352.1, 16022, 12.7, 274.1, 5, 0.9
3, 09/12/2018 20:39:56, 17.5, 13.4, 2.9, 3929.3, 367.6, 5.2, 0.2, 0, 58.1, 34.4, 25870.7, 18553.8, 11, 206.5, 2, 1.1
3, 09/12/2018 21:00:55, 29.7, 28.2, 4.8, 32612.9, 506, 4.1, 0.3, 0, 134.8, 72.1, 50512.6, 15188.5, 14.6, 340.1, 2.8, 3.4
3, 09/12/2018 21:19:55, 21.6, 19.8, 3.8, 4437.8, 465.5, 6.8, 0.3, 0, 134.1, 50.6, 28749.3, 13478.2, 11.3, 309.9, 2.2, 0.8
3, 09/12/2018 21:39:56, 19.6, 14.8, 3.3, 5122, 430.4, 4.8, 0.3, 0, 56.1, 37.8, 35143.7, 17742.2, 10.5, 267.5, 2.2, 1.1
3, 09/12/2018 21:59:56, 25.4, 21.5, 4.1, 17800.3, 579.7, 4.6, 0.3, 0, 113.8, 55.1, 19479, 12682.6, 10.3, 296, 1.7, 1.5
3, 09/12/2018 22:19:56, 17.8, 14.4, 3.1, 3371.9, 371.3, 5.4, 0.3, 0, 64.3, 36.9, 25776.5, 15174.5, 10.9, 235.7, 1.8, 1
3, 09/12/2018 22:39:55, 19.5, 16.3, 3.7, 4902, 373.5, 5.1, 0.3, 0, 51.2, 41.7, 43333.6, 17471.4, 10.2, 231.2, 1.1, 1.5
3, 09/12/2018 22:59:55, 39.5, 34.5, 6.7, 21112.9, 618.6, 6.2, 0.4, 0, 159.2, 88.4, 52305.8, 16033.4, 11.8, 356.4, 0.8, 3.5
3, 09/12/2018 23:19:55, 23.9, 18.3, 3.5, 6004.4, 558.2, 4.1, 0.3, 0, 63.5, 46.9, 58424.6, 17394.9, 9.8, 227.2, 1.1, 1.5
3, 09/12/2018 23:39:55, 28, 23.9, 4.3, 4802.7, 541.9, 4.5, 0.3, 0, 176.5, 61.1, 50294.8, 17180.3, 9.9, 267.6, 1.1, 1.2
4, 08/12/2018 23:59:39, 45.6, 36.3, 7.2, 17891.1, 379.1, 2.7, 0.5, 0, 172.7, 93, 75139.8, 273.2, 21.9, 338.5, 0.8, 6.7
4, 09/12/2018 00:19:39, 50.6, 78.2, 8.7, 20296.2, 406.3, 1.5, 1.8, 7.6, 298.2, 200.1, 104679.6, 503.5, 48.8, 587.6, 5.1, 29.6
4, 09/12/2018 00:39:39, 74.7, 98.8, 13.7, 5217.3, 392.4, 2.1, 2.7, 26.9, 274.6, 252.8, 97638.1, 394.3, 51.2, 779.3, 8.6, 11.5
4, 09/12/2018 00:59:38, 72.5, 101.4, 11.6, 15409.4, 470.8, 0.6, 1.4, 25.2, 313.1, 259.6, 96052.5, 540.2, 45.7, 663.9, 5.9, 10.2
4, 09/12/2018 01:19:39, 76, 75.1, 11.8, 3313.4, 575.4, 1, 1.1, 9.9, 219, 192.2, 94298.8, 184.6, 43.6, 598, 3.9, 8.6
4, 09/12/2018 01:39:39, 72.3, 71.6, 10.1, 3320.4, 526.3, 1, 1, 9.8, 236.3, 183.3, 83321.3, 160, 41.8, 559.7, 2.9, 5.4
4, 09/12/2018 01:59:39, 79.3, 83.4, 13.2, 18839.2, 637.1, 1.4, 1.7, 4.5, 270.4, 213.4, 89365.9, 192.8, 43.5, 713.4, 3.8, 9.4
4, 09/12/2018 02:19:38, 59.9, 58.3, 8.9, 4209.3, 454.8, 0.6, 0.6, 0.3, 194.2, 149.3, 80159.9, 155.4, 33.5, 579.4, 3.5, 7.8
4, 09/12/2018 02:40:38, 51.2, 50.1, 8.7, 9979.4, 453.9, 1.6, 0.6, 0, 176.1, 128.3, 70443.5, 226.6, 28.1, 479.3, 3.8, 10
4, 09/12/2018 02:59:38, 61.2, 104.9, 10.2, 18276.9, 397.4, 2.9, 1.2, 5.2, 456.2, 268.5, 76157.6, 229.9, 38.9, 740.8, 2.3, 11.4
4, 09/12/2018 03:20:38, 63.8, 91.2, 9.8, 40900.3, 362.9, 2.4, 1.1, 7.2, 282.1, 233.6, 80180.5, 209.6, 39.2, 735.6, 3.7, 32.5
4, 09/12/2018 03:39:38, 60.4, 61.2, 9.9, 24192.9, 505.8, 2, 0.6, 0.5, 223.2, 156.8, 82300.8, 184.8, 31.8, 608.5, 2.2, 18
4, 09/12/2018 03:59:38, 66.8, 101.7, 12.1, 23137.2, 578, 1.9, 2.1, 4, 495.9, 260.4, 116335.5, 274.3, 45.4, 662.6, 8.4, 29.5
4, 09/12/2018 04:19:38, 81, 91.8, 15, 9632.3, 505.7, 3.5, 6.6, 11.3, 516.5, 235.1, 114193.7, 266.5, 52.9, 792.8, 9.4, 13.6
4, 09/12/2018 04:39:37, 93.1, 121.2, 15.6, 6873.5, 403.8, 3.5, 9.9, 6, 431.6, 310.3, 112066, 232.8, 48.5, 864.7, 5.7, 22.6
4, 09/12/2018 04:59:37, 87.6, 96.9, 14.3, 20095.1, 618.9, 2.8, 5.3, 0.5, 348.3, 247.9, 101502.2, 171.8, 40.7, 843.3, 5.2, 10.1
4, 09/12/2018 05:19:38, 74.9, 68.7, 12, 2104.1, 399.8, 9.4, 1.9, 0, 265.9, 175.9, 83664.5, 311.9, 35.8, 725.5, 7, 7.1
4, 09/12/2018 05:39:37, 78.9, 74.2, 11.6, 2305.7, 497.4, 10.2, 2.6, 0.3, 407.8, 190, 81080.7, 182.7, 34.1, 833, 4.6, 4.2
4, 09/12/2018 05:59:38, 69.1, 67.2, 10.6, 14611.1, 690.3, 5, 1.2, 0, 239.7, 172.1, 73484.9, 136.3, 33.2, 740.3, 3.1, 10.9
4, 09/12/2018 06:20:37, 53, 45.1, 9.5, 4593, 609.4, 6.1, 0.7, 0.4, 175.1, 115.4, 78679.3, 162, 28.3, 612.9, 6.5, 7
4, 09/12/2018 06:40:37, 58.9, 62.1, 10.4, 3544, 580.4, 7.2, 0.7, 0.3, 214.4, 158.9, 74440.7, 118, 30.2, 673.3, 7.9, 9.3
4, 09/12/2018 06:59:37, 63.9, 57.8, 9.9, 25486, 503.9, 11.3, 0.8, 0, 189.5, 147.9, 104050.5, 168.5, 29.6, 650.4, 6.5, 7.8
4, 09/12/2018 07:20:37, 84.5, 81.1, 12.9, 7242.9, 560.5, 7.5, 3.8, 0, 253.9, 207.6, 99356.1, 301.9, 34.7, 701.1, 7.4, 7.4
4, 09/12/2018 07:40:37, 71.5, 64.9, 11.8, 6666.8, 623.7, 10.9, 1.1, 0, 218.2, 166.1, 103897.1, 357.1, 35.7, 674.9, 6.1, 6.5
4, 09/12/2018 07:59:37, 70.1, 96.4, 12.1, 26248.2, 595.9, 14.7, 1.7, 0, 431.5, 246.8, 86665.2, 234.3, 38.2, 844.3, 6.1, 11.6
4, 09/12/2018 08:20:37, 89.1, 101.1, 12.1, 3568.6, 846.8, 10.9, 9.1, 0.3, 431.9, 258.9, 67304.1, 160.2, 36.4, 1056.2, 4.3, 5.9
4, 09/12/2018 08:39:37, 80.8, 81.6, 10.8, 3204.5, 767.5, 11.7, 1.5, 0.1, 308.6, 208.9, 70862.2, 201.1, 30.3, 746.9, 2, 5.6
4, 09/12/2018 08:59:37, 78.2, 88.5, 9.9, 23102.2, 732.6, 7.1, 4.8, 3.5, 458.1, 226.7, 88901.2, 315.6, 32.1, 777.7, 1.4, 5.8
4, 09/12/2018 09:19:37, 87.8, 92, 11.4, 9557.1, 663.6, 8, 4.5, 0.1, 323.2, 235.6, 78909.6, 246.1, 35.9, 990.8, 1.9, 5.4
4, 09/12/2018 09:39:36, 91.7, 86.3, 12, 7816.5, 448.5, 3.6, 4, 0, 309, 220.8, 104927.1, 132.2, 33.3, 938.8, 1.6, 5.8
4, 09/12/2018 09:59:36, 79.9, 77.6, 10.8, 20666.8, 394, 2.3, 1.4, 0, 248.3, 198.6, 85466.1, 237.1, 28.3, 793.9, 2.3, 5.7
4, 09/12/2018 10:19:36, 83.9, 72, 10.1, 1919.8, 454.5, 4.7, 2.5, 0, 225.5, 184.4, 80814.7, 707.7, 24.9, 678.1, 1.9, 3.6
4, 09/12/2018 10:39:36, 73.2, 64.6, 8, 2268.7, 545.2, 10.2, 1, 0, 233.2, 165.2, 78664.4, 634.9, 23.6, 664, 1.4, 1.7
4, 09/12/2018 11:00:37, 81.5, 72.7, 10.4, 51902.1, 633.8, 7, 3, 0.1, 254.7, 186.1, 77415.9, 557.3, 27.4, 806.6, 1.6, 4.9
4, 09/12/2018 11:19:36, 61.5, 50.2, 7.7, 5720.9, 498.2, 11.6, 0.7, 0, 197.7, 128.5, 71169.8, 955.9, 21.3, 563.1, 1.5, 2.5
4, 09/12/2018 11:39:36, 75, 62, 9, 5665.7, 514.7, 8.9, 1.2, 0, 202.9, 158.7, 76156.4, 808.2, 26, 762.4, 3.9, 3
4, 09/12/2018 11:59:36, 78.4, 83, 11, 22205.2, 349.4, 4.5, 6, 0.3, 334, 212.5, 87086.6, 641.6, 29, 761, 5.2, 6.9
4, 09/12/2018 12:19:36, 61.4, 60.3, 8.6, 7546.9, 236.3, 1.8, 0.7, 0, 238.1, 154.5, 105271.4, 833.2, 24.9, 557.1, 6.2, 3.7
4, 09/12/2018 12:39:35, 69.5, 65.3, 10.6, 6916.9, 439.3, 17, 1.4, 0, 231.2, 167.2, 69856.8, 1064.8, 25.9, 616.8, 3.7, 5.9
4, 09/12/2018 12:59:36, 66.7, 59.3, 9.5, 18642.3, 436.2, 9, 2, 0, 236.3, 151.9, 75105.3, 932.8, 25.3, 540.3, 2.2, 4.6
4, 09/12/2018 13:19:41, 59.8, 45.7, 8.7, 7836.5, 344.1, 9, 0.5, 0, 148.9, 117.1, 75436.1, 861.8, 22.6, 419.3, 2.1, 2.5
4, 09/12/2018 13:39:40, 54.1, 43.7, 7.1, 5509.2, 337.1, 8.8, 0.4, 0, 135.5, 111.9, 91363, 1052.4, 21.1, 422.1, 1.9, 2.1
4, 09/12/2018 13:59:41, 64.4, 55.8, 9.1, 23083.5, 521.7, 2.1, 1.2, 0, 213.5, 142.8, 97404.7, 907.1, 23.1, 464.7, 2.1, 5.2
4, 09/12/2018 14:19:50, 46.7, 35.5, 5.6, 3838.6, 370.8, 0.6, 0.4, 0, 111.5, 91, 68858.7, 884.9, 20.7, 366.3, 2.9, 2.3
4, 09/12/2018 14:39:51, 42.9, 33.4, 4.5, 650.3, 223.5, 2.5, 0.3, 0, 107.4, 85.4, 61360.3, 981, 19.4, 360.5, 2.1, 1.9
4, 09/12/2018 14:59:50, 64, 51, 8.6, 12775, 554.2, 2.5, 1.2, 0, 211.1, 130.5, 76820.5, 1123.3, 20.6, 503.7, 2.3, 2.2
4, 09/12/2018 15:19:51, 36.9, 26, 4.5, 838.9, 398, 0.2, 0.3, 0, 112.6, 66.5, 73829.1, 420.6, 18.8, 403, 1.3, 1.6
4, 09/12/2018 15:39:50, 34.1, 24.1, 4.3, 794.4, 473.3, 0.7, 0.3, 0, 76.8, 61.8, 58769.2, 323.3, 17.8, 376.6, 1.3, 1.1
4, 09/12/2018 16:02:50, 45, 37.2, 6.1, 1845.4, 421.8, 3.2, 0.4, 0, 243.6, 95.3, 91490.2, 1514.9, 17.6, 401.6, 2.7, 2.7
4, 09/12/2018 16:19:50, 43.8, 35.2, 6.6, 2614.2, 516.3, 1.5, 0.4, 0, 142.1, 90, 61671.6, 748, 17.1, 348.6, 1.1, 3.8
4, 09/12/2018 16:39:55, 42.5, 32.2, 5.9, 4710.3, 489.9, 0.3, 0.4, 0, 152.4, 82.4, 60698.8, 183.8, 17.3, 339.3, 0.3, 2.7
4, 09/12/2018 16:59:55, 44.7, 34.1, 5.6, 19512.9, 603, 0.7, 0.4, 0, 149.7, 87.2, 59413.5, 165.8, 16.1, 305.6, 0.2, 2.8
4, 09/12/2018 17:19:54, 37.4, 27.1, 5.2, 1800.5, 498.7, 0.6, 0.4, 0, 127, 69.4, 60818.7, 139.6, 17.4, 311.8, 3.3, 2.2
4, 09/12/2018 17:39:55, 35.2, 27.1, 4.9, 1492.8, 454.2, 0.8, 0.4, 0, 101.1, 69.3, 69722.4, 114.8, 17.6, 256.7, 1.6, 3.2
4, 09/12/2018 18:02:54, 41.6, 41, 6.3, 2874.5, 413.1, 1.6, 0.5, 0, 239.6, 105, 87858.8, 161.4, 20.9, 323.6, 1.6, 4.5
4, 09/12/2018 18:19:55, 46.6, 36.1, 7.1, 5684.6, 560.2, 1.3, 0.5, 0, 233.3, 92.4, 55918.2, 193.8, 18.2, 286.1, 1.5, 3
4, 09/12/2018 18:39:54, 28.2, 13.7, 3.3, 4723.4, 470.7, 1.2, 0.3, 0, 43.9, 35, 56212.2, 193.8, 15.4, 171.3, 3.6, 1.4
4, 09/12/2018 18:59:55, 37.9, 27.2, 5.9, 21894.8, 445.8, 1.7, 0.4, 0, 160.5, 69.7, 59181.8, 197.1, 19.6, 294.6, 7.6, 4.5
4, 09/12/2018 19:19:55, 33.4, 19.1, 4.6, 4974, 475.2, 1.2, 0.3, 0, 75.5, 48.8, 59380.8, 196.4, 20.3, 252, 5, 1.9
4, 09/12/2018 19:39:54, 29.5, 16.1, 3.4, 3427.1, 485.5, 2, 0.2, 0, 99.6, 41.1, 55769.9, 161.1, 18.5, 251.1, 4.3, 1.3
4, 09/12/2018 19:59:54, 46.4, 35.9, 7, 18586.3, 616.6, 2.3, 0.7, 0.2, 209.3, 91.9, 57510.8, 111.7, 20.7, 373.2, 4.1, 4.8
4, 09/12/2018 20:19:55, 30, 17.1, 3.9, 2076.4, 474.4, 3.3, 0.3, 0, 78.3, 43.7, 55540.1, 129.9, 17.8, 258.4, 9.2, 1.6
4, 09/12/2018 20:39:55, 28.9, 14.6, 3.6, 1975.8, 446.9, 3, 0.3, 0, 82.1, 37.5, 56746.5, 96, 15.5, 197.8, 9.1, 1
4, 09/12/2018 20:59:54, 51, 49, 7.9, 14453.9, 430.7, 3.9, 0.6, 0, 211.9, 125.5, 83380.8, 213.3, 23.5, 440.3, 5.9, 8
4, 09/12/2018 21:19:54, 56.1, 42.9, 8.5, 4374.5, 442.4, 1.5, 0.9, 0.3, 156, 109.9, 65797.1, 175, 18.7, 371, 5.9, 2.3
4, 09/12/2018 21:39:54, 38.5, 23.3, 5.6, 2788.6, 437.4, 1.5, 0.4, 0, 97.2, 59.7, 58817.6, 129.3, 16.6, 289, 2.7, 1.5
4, 09/12/2018 21:59:54, 41.3, 31.8, 5.5, 18897.5, 421, 1.4, 0.4, 0, 124, 81.4, 57067.3, 147.8, 21.3, 270.5, 2.3, 4.1
4, 09/12/2018 22:19:54, 41.6, 37.3, 6.1, 2324.1, 436.1, 1.1, 0.4, 0.4, 159.1, 95.5, 78366.5, 109.2, 21.5, 386.9, 3, 2.6
4, 09/12/2018 22:39:53, 43.8, 34.5, 6.5, 987.6, 379.5, 1.1, 0.4, 0.1, 136.3, 88.3, 62542.8, 70.9, 20, 307.9, 2.7, 3.6
4, 09/12/2018 22:59:53, 45.8, 34.4, 6.6, 14614.7, 396.4, 1.9, 0.4, 0, 172.5, 88.1, 72468.6, 151.6, 20.7, 365.9, 2.6, 4.5
4, 09/12/2018 23:19:53, 36.4, 20.7, 3.8, 489.4, 398.6, 1.4, 0.3, 0, 81.9, 52.9, 55649.5, 88.9, 18.3, 378.2, 3, 1.1
4, 09/12/2018 23:39:53, 27.5, 12.5, 2.9, 1084.9, 448.1, 0.4, 0.2, 0, 60.8, 31.9, 56913.5, 68, 17.5, 331.4, 3.9, 0.7
