INSTANCE_NUMBER, SNAP_ID, T_BEG, USR_GROUP, CPU, DBTIME, PGA, OTH_WAIT, PXENQ, PXQTIME, PXQRY, PXREL, REQS, YIELDS, IOWAIT, READ, WRITE
1, 129131, 30/12/2018 00:00:15, ADW_UNLOAD_GROUP, 0, 0, 0, 0, 0, 0, 0, 0, 766, 0, 0, 0, 0
1, 129132, 30/12/2018 00:20:02, ADW_UNLOAD_GROUP, 0, 0, 0.1, 0, 0, 0, 0, 0, 561, 1, 0, 0, 0
1, 129133, 30/12/2018 00:40:18, ADW_UNLOAD_GROUP, 0, 0, 0, 0, 0, 0, 0, 0, 468, 1, 0, 0, 0
1, 129134, 30/12/2018 01:00:05, ADW_UNLOAD_GROUP, 0, 0, 0, 0, 0, 0, 0, 0, 377, 2, 0, 0, 0.1
1, 129135, 30/12/2018 01:20:16, ADW_UNLOAD_GROUP, 0, 0, 0, 0, 0, 0, 0, 0, 363, 0, 0, 0, 0
1, 129136, 30/12/2018 01:40:03, ADW_UNLOAD_GROUP, 0, 0, 0, 0, 0, 0, 0, 0, 254, 2, 0, 0, 0
1, 129137, 30/12/2018 02:00:06, ADW_UNLOAD_GROUP, 0, 0, 0, 0, 0, 0, 0, 0, 540, 0, 0, 0, 0
1, 129138, 30/12/2018 02:20:15, ADW_UNLOAD_GROUP, 0, 0, 0, 0, 0, 0, 0, 0, 292, 2, 0, 0, 0
1, 129140, 30/12/2018 03:00:11, ADW_UNLOAD_GROUP, 0, 0, 0, 0, 0, 0, 0, 0, 629, 2, 0, 0, 0
1, 129141, 30/12/2018 03:20:30, ADW_UNLOAD_GROUP, 0, 0, 0, 0, 0, 0, 0, 0, 736, 1, 0, 0, 0
1, 129142, 30/12/2018 03:40:03, ADW_UNLOAD_GROUP, 0, 0, 0, 0, 0, 0, 0, 0, 251, 0, 0, 0, 0
1, 129143, 30/12/2018 04:00:01, ADW_UNLOAD_GROUP, 0, 0, 0, 0, 0, 0, 0, 0, 207, 0, 0, 0, 0
1, 129144, 30/12/2018 04:20:04, ADW_UNLOAD_GROUP, 0, 0.1, 0.3, 0.1, 0, 0, 0, 0, 269, 1, 0, 0, 0
1, 129145, 30/12/2018 04:40:01, ADW_UNLOAD_GROUP, 0, 0, 0, 0, 0, 0, 0, 0, 146, 2, 0, 0, 0
1, 129146, 30/12/2018 05:00:12, ADW_UNLOAD_GROUP, 0, 0, 0, 0, 0, 0, 0, 0, 648, 2, 0, 0, 0
1, 129147, 30/12/2018 05:20:22, ADW_UNLOAD_GROUP, 0, 0, 0, 0, 0, 0, 0, 0, 552, 1, 0, 0, 0
1, 129148, 30/12/2018 05:40:13, ADW_UNLOAD_GROUP, 0, 0, 0, 0, 0, 0, 0, 0, 717, 0, 0, 0, 0
1, 129149, 30/12/2018 06:00:18, ADW_UNLOAD_GROUP, 0, 0, 0, 0, 0, 0, 0, 0, 793, 2, 0, 0, 0
1, 129150, 30/12/2018 06:20:34, ADW_UNLOAD_GROUP, 0, 0, 0, 0, 0, 0, 0, 0, 737, 0, 0, 0, 0
1, 129151, 30/12/2018 06:40:02, ADW_UNLOAD_GROUP, 0, 0, 0, 0, 0, 0, 0, 0, 752, 2, 0, 0, 0
1, 129182, 30/12/2018 17:00:44, ADW_UNLOAD_GROUP, 0, 0, 0, 0, 0, 0, 0, 0, 748, 1, 0, 0, 0
1, 129183, 30/12/2018 17:20:02, ADW_UNLOAD_GROUP, 0.5, 0.5, 0, 0, 0, 0, 130, 1020, 1652, 126, 0, 15.1, 22.4
1, 129184, 30/12/2018 17:40:02, ADW_UNLOAD_GROUP, 0.8, 0.9, 0, 0, 0, 0, 277, 2176, 2641, 131, 0.1, 44.1, 81.2
1, 129185, 30/12/2018 18:00:09, ADW_UNLOAD_GROUP, 16.9, 49.2, 2550, 2.6, 0, 0, 109, 844, 1640, 10232, 29.7, 1215, 6422.1
1, 129186, 30/12/2018 18:20:03, ADW_UNLOAD_GROUP, 11.3, 28.1, 1369.3, 0, 0, 0, 67, 584, 1036, 6699, 16.8, 2681.4, 4316.1
1, 129187, 30/12/2018 18:40:16, ADW_UNLOAD_GROUP, 1.9, 4.4, 307.6, 0, 0, 0, 94, 676, 1265, 593, 2.5, 38.1, 1337.9
1, 129188, 30/12/2018 19:00:19, ADW_UNLOAD_GROUP, 2.5, 3.5, 471.7, 0, 0, 0, 156, 1284, 1777, 826, 1, 522.1, 1574.4
1, 129189, 30/12/2018 19:20:08, ADW_UNLOAD_GROUP, 2, 3.1, 1037.1, 0.8, 0, 0, 132, 1036, 1460, 361, 0.3, 91.9, 665.1
1, 129190, 30/12/2018 19:40:09, ADW_UNLOAD_GROUP, 13.7, 21.2, 1300.4, 4.6, 0, 0, 183, 1644, 2352, 17981, 2.9, 1134.8, 5226.7
1, 129191, 30/12/2018 20:00:06, ADW_UNLOAD_GROUP, 21, 57.8, 4169.6, 12.8, 0, 0, 29, 387, 2218, 20323, 24, 1740, 11021.5
1, 129192, 30/12/2018 20:20:02, ADW_UNLOAD_GROUP, 22.7, 49.4, 12697.4, 10.6, 4, 0, 24, 368, 1252, 22364, 16.1, 1593, 14539.6
1, 129193, 30/12/2018 20:40:11, ADW_UNLOAD_GROUP, 18.9, 25.6, 7821.4, 2.9, 0, 0, 89, 1504, 2606, 14348, 3.8, 1972.4, 8974.9
1, 129194, 30/12/2018 21:00:22, ADW_UNLOAD_GROUP, 26, 32.1, 12260.4, 5.5, 0, 0, 12, 164, 825, 13420, 0.6, 2453.6, 959.3
1, 129195, 30/12/2018 21:20:18, ADW_UNLOAD_GROUP, 26.9, 29.3, 9967.5, 0.4, 0, 0, 296, 2468, 3590, 15442, 2, 1415.1, 4842.2
1, 129196, 30/12/2018 21:40:37, ADW_UNLOAD_GROUP, 24.7, 27.2, 7744.5, 0.7, 0, 0, 4, 112, 1078, 11531, 1.8, 691.7, 4286
1, 129197, 30/12/2018 22:00:07, ADW_UNLOAD_GROUP, 16.8, 18.9, 6020.4, 0, 0, 0, 3, 96, 814, 5925, 2.1, 448, 4766.9
1, 129198, 30/12/2018 22:20:06, ADW_UNLOAD_GROUP, 16.8, 18.6, 10678.8, 1.6, 0, 0, 1, 32, 1013, 5337, 0.2, 325.4, 309.4
1, 129199, 30/12/2018 22:40:04, ADW_UNLOAD_GROUP, 13.5, 13.6, 10696.8, 0, 0, 0, 2, 40, 916, 5699, 0.1, 397.7, 134.6
1, 129200, 30/12/2018 23:00:09, ADW_UNLOAD_GROUP, 10.3, 12.5, 10250.1, 2, 0, 0, 26, 204, 1344, 4222, 0.2, 322.6, 165
1, 129201, 30/12/2018 23:20:15, ADW_UNLOAD_GROUP, 6.7, 6.9, 3392, 0, 0, 0, 0, 0, 932, 2116, 0.2, 298.9, 252.8
1, 129202, 30/12/2018 23:40:17, ADW_UNLOAD_GROUP, 0.6, 0.8, 465.2, 0.2, 0, 0, 2, 64, 962, 183, 0, 34.7, 69.8
1, 129131, 30/12/2018 00:00:15, FP_DM_PRIOR, 6.5, 16, 2047.8, 5.7, 0, 0, 1, 16, 168, 3805, 3.8, 224.1, 10434.3
1, 129132, 30/12/2018 00:20:02, FP_DM_PRIOR, 9.2, 24, 4372.7, 11, 1, 0, 93, 2444, 2473, 7271, 3.8, 1695, 8999.3
1, 129133, 30/12/2018 00:40:18, FP_DM_PRIOR, 5, 17.7, 2718.6, 10.1, 0, 0, 2, 40, 42, 2233, 2.6, 250.4, 6666.9
1, 129134, 30/12/2018 01:00:05, FP_DM_PRIOR, 4, 14.1, 1634.4, 7.1, 0, 0, 0, 0, 4, 1453, 3, 189.7, 7089.5
1, 129135, 30/12/2018 01:20:16, FP_DM_PRIOR, 6.3, 18.2, 1665.6, 8.1, 0, 0, 97, 2229, 2245, 6029, 3.8, 1210.1, 8450
1, 129136, 30/12/2018 01:40:03, FP_DM_PRIOR, 5, 14.1, 1598.1, 5.7, 0, 0, 43, 1032, 1130, 2649, 3.4, 863.9, 8878.8
1, 129137, 30/12/2018 02:00:06, FP_DM_PRIOR, 2.8, 13.1, 1201.6, 7, 0, 0, 1, 16, 16, 1392, 3.3, 116.1, 7768.9
1, 129138, 30/12/2018 02:20:15, FP_DM_PRIOR, 8.1, 19.4, 2679.4, 8, 0, 0, 6, 128, 339, 6690, 3.3, 621.4, 7847.2
1, 129139, 30/12/2018 02:40:26, FP_DM_PRIOR, 10.9, 22.6, 2941.7, 6.7, 0, 0, 3, 35, 15, 7517, 5, 722, 13694.2
1, 129140, 30/12/2018 03:00:11, FP_DM_PRIOR, 4.5, 14.6, 2042.7, 5, 0, 0, 2, 28, 25, 2454, 5.1, 145.1, 5523.8
1, 129141, 30/12/2018 03:20:30, FP_DM_PRIOR, 7.7, 21.9, 2800, 4.3, 0, 0, 18, 353, 640, 5484, 9.9, 816.9, 9861.5
1, 129142, 30/12/2018 03:40:03, FP_DM_PRIOR, 9.3, 18.4, 2723.1, 5.2, 0, 0, 2, 32, 16, 6408, 3.9, 467.2, 12090.3
1, 129143, 30/12/2018 04:00:01, FP_DM_PRIOR, 7.7, 19.3, 3081, 8.7, 0, 0, 21, 576, 728, 4827, 2.9, 894.3, 9107.5
1, 129144, 30/12/2018 04:20:04, FP_DM_PRIOR, 5.6, 20.7, 2542.7, 12.8, 0, 0, 3, 48, 25, 3024, 2.3, 441.9, 6491.8
1, 129145, 30/12/2018 04:40:01, FP_DM_PRIOR, 2, 11.2, 1013.7, 6.3, 0, 0, 1, 9, 16, 762, 2.9, 65.5, 4322.8
1, 129146, 30/12/2018 05:00:12, FP_DM_PRIOR, 5.5, 19, 2005.1, 8.4, 0, 0, 4, 80, 291, 4701, 5.1, 390.2, 7911.7
1, 129147, 30/12/2018 05:20:22, FP_DM_PRIOR, 11.7, 26, 3357.1, 9.3, 0, 0, 3, 64, 0, 8665, 5, 804.4, 13868.7
1, 129148, 30/12/2018 05:40:13, FP_DM_PRIOR, 5.2, 13.9, 1561.4, 6.8, 0, 0, 2, 32, 71, 2874, 1.9, 224.8, 10567.1
1, 129149, 30/12/2018 06:00:18, FP_DM_PRIOR, 13.3, 25, 4235, 6, 0, 0, 31, 720, 809, 11301, 5.7, 1109.9, 14990.7
1, 129150, 30/12/2018 06:20:34, FP_DM_PRIOR, 6.9, 15.7, 1909.6, 6.4, 0, 0, 1, 16, 16, 4107, 2.4, 338.7, 11033.9
1, 129151, 30/12/2018 06:40:02, FP_DM_PRIOR, 10.5, 19.1, 2917.7, 5.9, 0, 0, 36, 864, 1053, 7876, 2.7, 1022.9, 8393.8
1, 129182, 30/12/2018 17:00:44, FP_DM_PRIOR, 1.1, 22.7, 23895.6, 21.6, 0, 0, 1, 16, 51, 185, 0, 35.9, 2.6
1, 129183, 30/12/2018 17:20:02, FP_DM_PRIOR, 8.9, 26.2, 30255.4, 16.1, 0, 0, 133, 3240, 3297, 14341, 1.2, 1861, 1585.5
1, 129184, 30/12/2018 17:40:02, FP_DM_PRIOR, 3.2, 22.1, 31572.9, 18.5, 0, 0, 3, 48, 132, 600, 0.4, 184.9, 1252.8
1, 129185, 30/12/2018 18:00:09, FP_DM_PRIOR, 10.2, 29.6, 29448.3, 19.4, 0, 0, 0, 0, 0, 2845, 0, 464.7, 11.4
1, 129186, 30/12/2018 18:20:03, FP_DM_PRIOR, 12.2, 32.2, 42870.4, 19.8, 0, 0, 13, 280, 466, 8158, 0.2, 609.6, 238.6
1, 129187, 30/12/2018 18:40:16, FP_DM_PRIOR, 13.9, 36.1, 41447.7, 21.4, 0, 0, 2, 32, 0, 6482, 0.8, 445.2, 1817.4
1, 129188, 30/12/2018 19:00:19, FP_DM_PRIOR, 11.3, 24.9, 48218.2, 13.5, 0, 0, 14, 312, 472, 2975, 0.1, 391.4, 103.6
1, 129189, 30/12/2018 19:20:08, FP_DM_PRIOR, 11.7, 22.9, 41211.2, 10.5, 0, 0, 2, 32, 0, 4224, 0.7, 825.1, 2116.2
1, 129190, 30/12/2018 19:40:09, FP_DM_PRIOR, 10.4, 13.6, 35619.2, 2.9, 0, 0, 69, 1712, 1542, 12785, 0.3, 874.6, 251.3
1, 129191, 30/12/2018 20:00:06, FP_DM_PRIOR, 11.6, 22.8, 29093.9, 8.9, 0, 0, 60, 1576, 1737, 8134, 2.3, 602.5, 4750.3
1, 129192, 30/12/2018 20:20:02, FP_DM_PRIOR, 15, 27.9, 27742.4, 7.3, 0, 0, 36, 816, 951, 12869, 5.6, 440.3, 13903.5
1, 129193, 30/12/2018 20:40:11, FP_DM_PRIOR, 18.5, 32.2, 39649, 8.8, 0, 0, 107, 2688, 2720, 25670, 4.9, 1621.8, 5815.1
1, 129194, 30/12/2018 21:00:22, FP_DM_PRIOR, 18.6, 29.2, 47508.8, 7, 0, 0, 53, 955, 902, 18469, 3.6, 1010.1, 4443
1, 129195, 30/12/2018 21:20:18, FP_DM_PRIOR, 19.1, 29.4, 27476.6, 7, 0, 0, 0, 0, 100, 15438, 3.3, 422, 6780.2
1, 129196, 30/12/2018 21:40:37, FP_DM_PRIOR, 19.8, 41.1, 29878.5, 15.8, 0, 0, 112, 2712, 2455, 29157, 5.5, 1433.6, 6709.8
1, 129197, 30/12/2018 22:00:07, FP_DM_PRIOR, 15.7, 25.7, 24035.8, 6.6, 0, 0, 8, 148, 286, 10313, 3.4, 558.1, 7159.6
1, 129198, 30/12/2018 22:20:06, FP_DM_PRIOR, 13.6, 25.3, 6694.1, 5.9, 0, 0, 118, 2896, 2700, 12216, 5.8, 1845.2, 15332.2
1, 129199, 30/12/2018 22:40:04, FP_DM_PRIOR, 11.9, 19.4, 11719.7, 2.2, 0, 0, 1, 32, 80, 5765, 5.3, 565.8, 16255.8
1, 129200, 30/12/2018 23:00:09, FP_DM_PRIOR, 14.6, 27.8, 4909.6, 7.2, 0, 0, 74, 1760, 1699, 12571, 6, 1457.5, 13605.3
1, 129201, 30/12/2018 23:20:15, FP_DM_PRIOR, 12.9, 21.7, 4490.8, 3.5, 0, 0, 39, 908, 945, 12727, 5.3, 897.1, 13026.4
1, 129202, 30/12/2018 23:40:17, FP_DM_PRIOR, 11.4, 20.4, 10892, 5.6, 0, 0, 4, 108, 189, 6754, 3.4, 901.3, 13176.6
1, 129131, 30/12/2018 00:00:15, HDP_UNLOAD_GROUP, 0, 0, 0.6, 0, 0, 0, 0, 0, 18, 0, 0, 0, 0
1, 129132, 30/12/2018 00:20:02, HDP_UNLOAD_GROUP, 4, 23.1, 1077, 16, 0, 0, 4, 40, 365, 14688, 3.1, 4661.8, 804.2
1, 129133, 30/12/2018 00:40:18, HDP_UNLOAD_GROUP, 9.4, 44.3, 2186.1, 28.5, 0, 0, 36, 344, 543, 16606, 6.4, 4364.4, 2650
1, 129134, 30/12/2018 01:00:05, HDP_UNLOAD_GROUP, 10, 41.4, 2171.2, 16.9, 0, 0, 31, 260, 396, 14358, 14.5, 745.6, 3979.5
1, 129135, 30/12/2018 01:20:16, HDP_UNLOAD_GROUP, 9.3, 26.2, 1436.5, 3.1, 0, 0, 86, 856, 1445, 7760, 13.8, 1211.5, 2183.5
1, 129136, 30/12/2018 01:40:03, HDP_UNLOAD_GROUP, 9.2, 23, 1419.3, 0.9, 0, 0, 51, 448, 819, 6149, 12.9, 613.6, 2296.5
1, 129137, 30/12/2018 02:00:06, HDP_UNLOAD_GROUP, 7.8, 15.9, 1233.1, 1.9, 0, 0, 34, 304, 555, 5397, 6.2, 709.2, 1059.4
1, 129138, 30/12/2018 02:20:15, HDP_UNLOAD_GROUP, 9.8, 20.2, 1511, 5.2, 0, 0, 1, 8, 0, 10252, 5.2, 757.3, 522.7
1, 129139, 30/12/2018 02:40:26, HDP_UNLOAD_GROUP, 9.9, 19.8, 1363.2, 5.3, 0, 0, 2, 16, 16, 8742, 4.6, 739.5, 464
1, 129140, 30/12/2018 03:00:11, HDP_UNLOAD_GROUP, 8.3, 15.2, 982, 2.4, 0, 0, 11, 120, 190, 6397, 4.5, 777.9, 397.6
1, 129141, 30/12/2018 03:20:30, HDP_UNLOAD_GROUP, 2.3, 8.9, 2107.5, 0.9, 0, 0, 10, 104, 176, 621, 5.7, 331.8, 553
1, 129142, 30/12/2018 03:40:03, HDP_UNLOAD_GROUP, 1.4, 2, 1317.6, 0.2, 0, 0, 6, 56, 56, 342, 0.4, 87.8, 80.3
1, 129143, 30/12/2018 04:00:01, HDP_UNLOAD_GROUP, 0.6, 1, 2608.5, 0.4, 0, 0, 0, 0, 16, 124, 0, 34.3, 8.3
1, 129144, 30/12/2018 04:20:04, HDP_UNLOAD_GROUP, 1.2, 1.4, 1895.2, 0.2, 0, 0, 3, 40, 56, 183, 0, 65.8, 0.2
1, 129145, 30/12/2018 04:40:01, HDP_UNLOAD_GROUP, 1.2, 2.3, 459.5, 1.1, 0, 0, 0, 0, 0, 90, 0, 48.2, 1.5
1, 129146, 30/12/2018 05:00:12, HDP_UNLOAD_GROUP, 1.4, 2.2, 96.5, 0.7, 0, 0, 15, 240, 344, 554, 0.1, 161.1, 25.8
1, 129147, 30/12/2018 05:20:22, HDP_UNLOAD_GROUP, 0.7, 0.7, 70.9, 0, 0, 0, 10, 88, 140, 229, 0, 45.6, 2.6
1, 129148, 30/12/2018 05:40:13, HDP_UNLOAD_GROUP, 0, 0, 0, 0, 0, 0, 1, 8, 18, 0, 0, 0, 0.2
1, 129197, 30/12/2018 22:00:07, HDP_UNLOAD_GROUP, 0.3, 0.4, 38.3, 0.1, 0, 0, 0, 0, 14, 76, 0, 2.5, 3.1
1, 129198, 30/12/2018 22:20:06, HDP_UNLOAD_GROUP, 0, 0.1, 8.1, 0.1, 0, 0, 0, 0, 0, 5, 0, 0.9, 0.1
1, 129131, 30/12/2018 00:00:15, ODS_SUPPORT_GROUP, 0, 0, 2.2, 0, 0, 0, 0, 0, 20, 2, 0, 0, 0
1, 129132, 30/12/2018 00:20:02, ODS_SUPPORT_GROUP, 0, 0, 5.3, 0, 0, 0, 0, 0, 18, 2, 0, 0, 0
1, 129133, 30/12/2018 00:40:18, ODS_SUPPORT_GROUP, 0, 0.1, 12, 0.1, 0, 0, 0, 0, 21, 6, 0, 0, 0
1, 129134, 30/12/2018 01:00:05, ODS_SUPPORT_GROUP, 3.9, 6.2, 13587.9, 1.7, 0, 0, 0, 0, 49, 1618, 0.6, 1197.9, 197.4
1, 129135, 30/12/2018 01:20:16, ODS_SUPPORT_GROUP, 4.8, 7, 14336.6, 2.1, 0, 0, 0, 0, 18, 2147, 0.1, 218.5, 329.7
1, 129136, 30/12/2018 01:40:03, ODS_SUPPORT_GROUP, 0.5, 0.7, 776.1, 0.2, 0, 0, 2, 64, 48, 330, 0, 214.7, 27.4
1, 129137, 30/12/2018 02:00:06, ODS_SUPPORT_GROUP, 0, 0, 1.9, 0, 0, 0, 0, 0, 18, 2, 0, 0, 0
1, 129138, 30/12/2018 02:20:15, ODS_SUPPORT_GROUP, 0, 0, 3, 0, 0, 0, 0, 0, 33, 5, 0, 0, 0.7
1, 129139, 30/12/2018 02:40:26, ODS_SUPPORT_GROUP, 0.5, 1.3, 324.8, 0.6, 0, 0, 1, 8, 24, 97, 0.2, 614.4, 449.7
1, 129140, 30/12/2018 03:00:11, ODS_SUPPORT_GROUP, 0.2, 1.1, 440.2, 0.4, 0, 0, 0, 0, 19, 40, 0.5, 4.9, 397.2
1, 129141, 30/12/2018 03:20:30, ODS_SUPPORT_GROUP, 0.2, 1.1, 559.5, 0.3, 0, 0, 0, 0, 20, 43, 0.6, 4.8, 389.6
1, 129142, 30/12/2018 03:40:03, ODS_SUPPORT_GROUP, 0.4, 1.1, 450, 0.4, 0, 0, 0, 0, 16, 89, 0.3, 9.6, 789.5
1, 129143, 30/12/2018 04:00:01, ODS_SUPPORT_GROUP, 0.2, 0.5, 310.6, 0.2, 0, 0, 0, 0, 19, 15, 0.1, 39.7, 180.5
1, 129144, 30/12/2018 04:20:04, ODS_SUPPORT_GROUP, 0.6, 1.5, 66.6, 0.9, 0, 0, 3, 90, 116, 767, 0, 1539, 7.7
1, 129145, 30/12/2018 04:40:01, ODS_SUPPORT_GROUP, 2.5, 9, 145.8, 6.4, 0, 0, 12, 142, 155, 1759, 0.1, 1600.5, 100.6
1, 129146, 30/12/2018 05:00:12, ODS_SUPPORT_GROUP, 1.3, 2.3, 58.1, 0.9, 0, 0, 5, 57, 82, 1735, 0.1, 805.7, 72.5
1, 129147, 30/12/2018 05:20:22, ODS_SUPPORT_GROUP, 1.3, 2.2, 47.2, 0.9, 0, 0, 7, 79, 91, 1459, 0, 778.2, 64.8
1, 129149, 30/12/2018 06:00:18, ODS_SUPPORT_GROUP, 0, 0, 1.8, 0, 0, 0, 0, 0, 20, 6, 0, 1.5, 1.6
1, 129150, 30/12/2018 06:20:34, ODS_SUPPORT_GROUP, 0, 0, 4, 0, 0, 0, 0, 0, 21, 1, 0, 0, 0
1, 129151, 30/12/2018 06:40:02, ODS_SUPPORT_GROUP, 0, 0, 4.1, 0, 0, 0, 0, 0, 15, 1, 0, 0, 0
1, 129182, 30/12/2018 17:00:44, ODS_SUPPORT_GROUP, 0, 0, 0.8, 0, 0, 0, 0, 0, 20, 2, 0, 0, 0
1, 129183, 30/12/2018 17:20:02, ODS_SUPPORT_GROUP, 0, 0, 0.9, 0, 0, 0, 0, 0, 19, 1, 0, 0, 0
1, 129185, 30/12/2018 18:00:09, ODS_SUPPORT_GROUP, 0, 0, 0.1, 0, 0, 0, 0, 0, 16, 0, 0, 0, 0
1, 129186, 30/12/2018 18:20:03, ODS_SUPPORT_GROUP, 0, 0, 1, 0, 0, 0, 0, 0, 18, 5, 0, 0, 0
1, 129187, 30/12/2018 18:40:16, ODS_SUPPORT_GROUP, 0, 0, 0.9, 0, 0, 0, 0, 0, 18, 4, 0, 0, 0
1, 129188, 30/12/2018 19:00:19, ODS_SUPPORT_GROUP, 0, 0, 1, 0, 0, 0, 0, 0, 18, 3, 0, 0, 0
1, 129189, 30/12/2018 19:20:08, ODS_SUPPORT_GROUP, 0, 0, 2.5, 0, 0, 0, 0, 0, 20, 0, 0, 0, 0
1, 129190, 30/12/2018 19:40:09, ODS_SUPPORT_GROUP, 0, 0, 2.7, 0, 0, 0, 0, 0, 17, 0, 0, 0, 0
1, 129191, 30/12/2018 20:00:06, ODS_SUPPORT_GROUP, 0, 0, 1.3, 0, 0, 0, 0, 0, 18, 0, 0, 0, 0
1, 129192, 30/12/2018 20:20:02, ODS_SUPPORT_GROUP, 0, 0, 5.5, 0, 0, 0, 0, 0, 18, 9, 0, 0, 0
1, 129193, 30/12/2018 20:40:11, ODS_SUPPORT_GROUP, 0, 0, 0, 0, 0, 0, 0, 0, 15, 2, 0, 0, 0
1, 129194, 30/12/2018 21:00:22, ODS_SUPPORT_GROUP, 0, 0, 1.6, 0, 0, 0, 0, 0, 17, 4, 0, 0, 0
1, 129195, 30/12/2018 21:20:18, ODS_SUPPORT_GROUP, 0, 0, 4.4, 0, 0, 0, 0, 0, 20, 12, 0, 0, 0
1, 129196, 30/12/2018 21:40:37, ODS_SUPPORT_GROUP, 0, 0, 2.8, 0, 0, 0, 0, 0, 20, 11, 0, 0, 0
1, 129198, 30/12/2018 22:20:06, ODS_SUPPORT_GROUP, 0, 0, 4.8, 0, 0, 0, 0, 0, 20, 2, 0, 0, 0
1, 129202, 30/12/2018 23:40:17, ODS_SUPPORT_GROUP, 0, 0, 2.2, 0, 0, 0, 0, 0, 18, 0, 0, 0, 0
1, 129131, 30/12/2018 00:00:15, OTHER_GROUPS, 23.6, 39, 24262.2, 10.6, 0, 0, 1, 64, 6675, 26438, 4.8, 1701.7, 8287.2
1, 129132, 30/12/2018 00:20:02, OTHER_GROUPS, 25, 52.7, 21502.4, 22.1, 0, 0, 2, 46, 6570, 23141, 5.6, 1497.5, 2403.4
1, 129133, 30/12/2018 00:40:18, OTHER_GROUPS, 24.4, 40.8, 17810.7, 14, 0, 0, 0, 0, 5429, 19730, 2.4, 1046.8, 2064.4
1, 129134, 30/12/2018 01:00:05, OTHER_GROUPS, 21.5, 35.1, 18207.7, 10.5, 0, 0, 0, 0, 6590, 14173, 3.1, 1101.8, 2467.3
1, 129135, 30/12/2018 01:20:16, OTHER_GROUPS, 20.2, 30.2, 17960.1, 7.7, 0, 0, 0, 0, 6757, 14174, 2.3, 1308.1, 2799.5
1, 129136, 30/12/2018 01:40:03, OTHER_GROUPS, 22.3, 35.5, 18065.1, 10.6, 0, 0, 0, 0, 7041, 19446, 2.6, 1274.3, 3271.5
1, 129137, 30/12/2018 02:00:06, OTHER_GROUPS, 26.1, 46.5, 19612.6, 16, 0, 0, 0, 0, 7324, 27248, 4.4, 1386.1, 3934.5
1, 129138, 30/12/2018 02:20:15, OTHER_GROUPS, 22.9, 33.5, 16925, 8, 0, 0, 0, 0, 7122, 18035, 2.6, 1213.3, 2603.4
1, 129139, 30/12/2018 02:40:26, OTHER_GROUPS, 20.4, 30.8, 18262.8, 8.2, 0, 0, 0, 0, 6585, 15596, 2.2, 994.3, 2264.5
1, 129140, 30/12/2018 03:00:11, OTHER_GROUPS, 18.5, 32.2, 16869.9, 7, 0, 0, 0, 0, 7966, 13878, 6.7, 1289, 3122.1
1, 129141, 30/12/2018 03:20:30, OTHER_GROUPS, 19.6, 37.9, 18516.1, 8.1, 0, 0, 0, 0, 6645, 13838, 10.2, 1476, 4501.1
1, 129142, 30/12/2018 03:40:03, OTHER_GROUPS, 20.4, 33.7, 17138.5, 10, 0, 0, 0, 0, 6638, 15604, 3.3, 1214.3, 4454.9
1, 129143, 30/12/2018 04:00:01, OTHER_GROUPS, 16.3, 39.6, 36013.6, 20.7, 0, 0, 0, 0, 8697, 6807, 2.6, 1540.9, 2423.7
1, 129144, 30/12/2018 04:20:04, OTHER_GROUPS, 26, 66.4, 49254.3, 35.4, 0, 0, 0, 0, 7315, 20382, 5, 1663.6, 4253
1, 129145, 30/12/2018 04:40:01, OTHER_GROUPS, 29.3, 55.8, 39058, 20.2, 0, 0, 0, 0, 7411, 29116, 6.3, 1503.1, 5841
1, 129146, 30/12/2018 05:00:12, OTHER_GROUPS, 27.3, 57.4, 43509.9, 15.8, 0, 0, 0, 0, 8654, 27538, 14.3, 1585.9, 6475.7
1, 129147, 30/12/2018 05:20:22, OTHER_GROUPS, 21, 50.8, 39915.8, 16.9, 0, 0, 0, 0, 7778, 15113, 12.9, 1612.9, 5985.7
1, 129148, 30/12/2018 05:40:13, OTHER_GROUPS, 13.2, 34.3, 16507.9, 9.3, 0, 0, 0, 0, 6361, 7539, 11.8, 1365.9, 5538.1
1, 129149, 30/12/2018 06:00:18, OTHER_GROUPS, 24.1, 51.9, 20933.4, 12.2, 0, 0, 1, 64, 9144, 21423, 15.6, 1742.7, 10005.9
1, 129150, 30/12/2018 06:20:34, OTHER_GROUPS, 16.7, 43.9, 19448.5, 13.1, 0, 0, 0, 0, 7069, 12197, 14.1, 1381.7, 7718.2
1, 129151, 30/12/2018 06:40:02, OTHER_GROUPS, 21.6, 54.3, 18421.6, 19.4, 0, 0, 0, 0, 7599, 20314, 13.3, 1247.6, 8252
1, 129152, 30/12/2018 07:00:02, OTHER_GROUPS, 26, 56.3, 4720.6, 11.2, 0, 0, 9, 230, 6519, 25434, 19.1, 1949.2, 16083.9
1, 129153, 30/12/2018 07:20:25, OTHER_GROUPS, 22.9, 65.1, 4419.9, 25.5, 0, 0, 16, 92, 7231, 19074, 16.7, 1540.9, 9995.3
1, 129154, 30/12/2018 07:40:04, OTHER_GROUPS, 34, 52, 5809.8, 10.3, 2, 0, 44, 1040, 6677, 46562, 7.7, 1999.2, 14120
1, 129155, 30/12/2018 08:00:01, OTHER_GROUPS, 28.6, 64.4, 8394.6, 26.5, 0, 0, 18, 389, 7098, 33873, 9.3, 3187.1, 13263.1
1, 129156, 30/12/2018 08:20:15, OTHER_GROUPS, 21.5, 29, 4036.7, 1.7, 0, 0, 0, 0, 6480, 22167, 5.8, 1546.4, 14490.7
1, 129157, 30/12/2018 08:40:16, OTHER_GROUPS, 21.2, 39, 4787.8, 11.9, 0, 0, 52, 1149, 7380, 19099, 5.9, 3785, 13057.6
1, 129158, 30/12/2018 09:00:16, OTHER_GROUPS, 20.4, 30.7, 4052.7, 3.1, 0, 0, 30, 712, 6605, 18266, 7.2, 1819.2, 14386.9
1, 129159, 30/12/2018 09:20:15, OTHER_GROUPS, 19.8, 29.9, 4792.7, 5.6, 0, 0, 3, 80, 5901, 15590, 4.5, 2314.2, 10295
1, 129160, 30/12/2018 09:40:14, OTHER_GROUPS, 21.8, 31.9, 4694.1, 5.8, 0, 0, 121, 2943, 10275, 19132, 4.3, 3775, 8748.6
1, 129161, 30/12/2018 10:00:37, OTHER_GROUPS, 22.8, 39.2, 7285.5, 10.4, 0, 0, 6, 152, 6578, 19281, 6, 2641, 8416.6
1, 129162, 30/12/2018 10:20:02, OTHER_GROUPS, 15, 36.1, 3539.3, 18, 0, 0, 0, 0, 7407, 10526, 3.1, 1855.9, 3919.4
1, 129163, 30/12/2018 10:40:17, OTHER_GROUPS, 19, 24.6, 3874.4, 1.7, 0, 0, 129, 3144, 9843, 14753, 3.9, 3060.7, 4757.4
1, 129164, 30/12/2018 11:00:12, OTHER_GROUPS, 13.9, 28.6, 3256.1, 11.2, 0, 0, 0, 0, 8188, 8218, 3.5, 1931.4, 3376.9
1, 129165, 30/12/2018 11:20:34, OTHER_GROUPS, 24.1, 36.4, 4934.6, 7.5, 0, 0, 124, 3056, 10049, 24157, 4.8, 3600.4, 8630.6
1, 129166, 30/12/2018 11:40:02, OTHER_GROUPS, 31.6, 44.8, 5152.6, 6.6, 0, 0, 2, 48, 8884, 34208, 6.6, 2037, 11590
1, 129167, 30/12/2018 12:00:06, OTHER_GROUPS, 31.3, 48.3, 5185.7, 9.9, 0, 0, 55, 1248, 8543, 34711, 7.1, 2362.5, 9856.8
1, 129168, 30/12/2018 12:20:10, OTHER_GROUPS, 25.7, 33.2, 4408, 2.9, 0, 0, 3, 64, 7126, 23329, 4.6, 2058.7, 8708
1, 129169, 30/12/2018 12:40:01, OTHER_GROUPS, 17.7, 25.8, 4127.9, 5.8, 0, 0, 65, 1576, 9079, 11089, 2.3, 2524.7, 2413.5
1, 129170, 30/12/2018 13:00:14, OTHER_GROUPS, 13.3, 19.4, 3291, 3.4, 0, 0, 11, 184, 8746, 7122, 2.7, 1860.1, 3068.9
1, 129171, 30/12/2018 13:20:20, OTHER_GROUPS, 17.1, 19.9, 3663, 0, 0, 0, 93, 2272, 10079, 10112, 2.8, 2351.6, 4217.9
1, 129172, 30/12/2018 13:40:05, OTHER_GROUPS, 22.5, 26.9, 4803, 0, 0, 0, 1, 16, 7831, 19495, 4.4, 1543.8, 7190
1, 129173, 30/12/2018 14:00:24, OTHER_GROUPS, 27.7, 42, 4694.5, 7.5, 0, 0, 107, 2624, 9790, 27630, 6.8, 3030.4, 9697.1
1, 129174, 30/12/2018 14:20:07, OTHER_GROUPS, 23.6, 43, 4199.6, 14.4, 0, 0, 30, 712, 9158, 22507, 5, 1700.9, 7230.6
1, 129175, 30/12/2018 14:40:10, OTHER_GROUPS, 21.5, 31.1, 3545.2, 3.7, 0, 0, 0, 0, 8336, 18845, 5.9, 1508.4, 6764.9
1, 129176, 30/12/2018 15:00:28, OTHER_GROUPS, 29, 36, 4553.1, 0, 0, 0, 105, 2408, 9647, 28610, 7, 2387.5, 8511.5
1, 129177, 30/12/2018 15:20:05, OTHER_GROUPS, 22.5, 35.6, 3971.3, 8.9, 0, 0, 0, 0, 7852, 20557, 4.2, 1394, 6443.3
1, 129178, 30/12/2018 15:40:04, OTHER_GROUPS, 28, 37.1, 4333.6, 4.6, 0, 0, 61, 1416, 9996, 32306, 4.5, 2126.1, 7138.6
1, 129179, 30/12/2018 16:00:06, OTHER_GROUPS, 34.3, 39.8, 13019.3, 0, 0, 0, 6, 89, 8344, 26951, 5.5, 2862.5, 6742.3
1, 129180, 30/12/2018 16:20:19, OTHER_GROUPS, 44.3, 60, 39640, 11.5, 0, 0, 1, 16, 8201, 47901, 4.2, 2151.1, 5277.8
1, 129181, 30/12/2018 16:40:32, OTHER_GROUPS, 49.5, 54.2, 29549.5, 0, 1, 0, 141, 3448, 12262, 49889, 4.7, 3160.2, 6758.9
1, 129182, 30/12/2018 17:00:44, OTHER_GROUPS, 41, 45.8, 18547.8, 0, 0, 0, 0, 0, 6521, 31335, 4.8, 1849.2, 5879.3
1, 129183, 30/12/2018 17:20:02, OTHER_GROUPS, 34, 37.4, 18694.7, 0, 0, 0, 0, 0, 6591, 23304, 3.4, 1592.2, 4198.9
1, 129184, 30/12/2018 17:40:02, OTHER_GROUPS, 33.7, 36.3, 18490.4, 0, 0, 0, 0, 0, 6350, 23520, 2.6, 1367, 3872.8
1, 129185, 30/12/2018 18:00:09, OTHER_GROUPS, 41.1, 49.2, 20159.1, 4.1, 0, 0, 0, 0, 6088, 58869, 4, 989.4, 3788.1
1, 129186, 30/12/2018 18:20:03, OTHER_GROUPS, 41.9, 44.9, 18117.6, 0, 0, 0, 0, 0, 5788, 54951, 3, 1012.9, 3792.4
1, 129187, 30/12/2018 18:40:16, OTHER_GROUPS, 41, 44.4, 19037.9, 0, 0, 0, 0, 0, 6161, 51469, 3.4, 1172.4, 4224.7
1, 129188, 30/12/2018 19:00:19, OTHER_GROUPS, 34.7, 39.1, 17277.1, 0, 0, 0, 0, 0, 7398, 33243, 4.4, 1208.2, 4160.5
1, 129189, 30/12/2018 19:20:08, OTHER_GROUPS, 21.9, 24.3, 18165.7, 0, 0, 0, 1, 14, 6790, 12392, 2.4, 1421.8, 3006.5
1, 129190, 30/12/2018 19:40:09, OTHER_GROUPS, 11.9, 23.7, 18908.3, 10.1, 0, 0, 0, 0, 7203, 4864, 1.7, 1203.4, 1935.2
1, 129191, 30/12/2018 20:00:06, OTHER_GROUPS, 13.2, 47.5, 19742, 31.3, 0, 0, 1, 16, 6929, 7774, 3, 2971.6, 2129.7
1, 129192, 30/12/2018 20:20:02, OTHER_GROUPS, 13.2, 37.9, 19061.8, 22.6, 0, 0, 1, 16, 7759, 7587, 2.1, 1017.7, 1830.2
1, 129193, 30/12/2018 20:40:11, OTHER_GROUPS, 12.4, 30.4, 18336.3, 16.4, 0, 0, 0, 0, 6641, 7597, 1.6, 901.6, 1570.4
1, 129194, 30/12/2018 21:00:22, OTHER_GROUPS, 12.9, 25.5, 18184.2, 9.5, 0, 0, 0, 0, 6377, 6483, 3.1, 885.5, 1449
1, 129195, 30/12/2018 21:20:18, OTHER_GROUPS, 12, 19.6, 18171.4, 6.1, 0, 0, 0, 0, 6252, 5939, 1.5, 883.7, 1056.7
1, 129196, 30/12/2018 21:40:37, OTHER_GROUPS, 12.7, 22.5, 19005.4, 8.3, 0, 0, 0, 0, 6988, 5709, 1.5, 913.8, 1338.8
1, 129197, 30/12/2018 22:00:07, OTHER_GROUPS, 11.6, 20.5, 17259.6, 6.3, 0, 0, 0, 0, 7081, 4426, 2.6, 944.7, 1199.4
1, 129198, 30/12/2018 22:20:06, OTHER_GROUPS, 13.3, 26.1, 19947.3, 10.8, 0, 0, 0, 0, 7985, 6268, 2, 1329.7, 1477.2
1, 129199, 30/12/2018 22:40:04, OTHER_GROUPS, 14.9, 21.4, 16691, 3.7, 0, 0, 0, 0, 7227, 9465, 2.8, 1133.9, 1722.1
1, 129200, 30/12/2018 23:00:09, OTHER_GROUPS, 18.9, 37.3, 22503.5, 12.6, 0, 0, 0, 0, 6727, 17291, 5.8, 1262.6, 9968.5
1, 129201, 30/12/2018 23:20:15, OTHER_GROUPS, 18.8, 31.2, 21422.3, 5.7, 0, 0, 0, 0, 6630, 18339, 6.7, 1752.2, 17696.3
1, 129202, 30/12/2018 23:40:17, OTHER_GROUPS, 16.5, 24.8, 19631.3, 5.4, 0, 0, 1, 64, 6449, 15657, 2.9, 1299.4, 5452.3
2, 129131, 30/12/2018 00:00:15, ADW_UNLOAD_GROUP, 2.3, 2.4, 778.2, 0, 0, 0, 1, 10, 69, 339, 0.1, 8.1, 17.7
2, 129132, 30/12/2018 00:20:02, ADW_UNLOAD_GROUP, 3.1, 3.7, 577.7, 0.3, 0, 0, 0, 0, 358, 554, 0.3, 42, 48.1
2, 129133, 30/12/2018 00:40:24, ADW_UNLOAD_GROUP, 2.3, 2.6, 472.5, 0.1, 0, 0, 0, 0, 312, 277, 0.2, 44.2, 38.8
2, 129134, 30/12/2018 01:00:10, ADW_UNLOAD_GROUP, 2.3, 2.4, 258.6, 0, 0, 0, 1, 32, 461, 248, 0.1, 21.1, 19.6
2, 129135, 30/12/2018 01:20:16, ADW_UNLOAD_GROUP, 1.7, 1.8, 90.6, 0.1, 0, 0, 1, 8, 446, 179, 0, 2.2, 0.8
2, 129136, 30/12/2018 01:40:03, ADW_UNLOAD_GROUP, 1.6, 1.6, 77.7, 0, 0, 0, 0, 0, 562, 144, 0, 2.1, 0
2, 129137, 30/12/2018 02:00:07, ADW_UNLOAD_GROUP, 1.7, 1.7, 111.8, 0, 0, 0, 0, 0, 319, 252, 0, 2.2, 0.2
2, 129138, 30/12/2018 02:20:16, ADW_UNLOAD_GROUP, 1.6, 1.6, 78.9, 0, 0, 0, 0, 0, 526, 223, 0, 2.4, 63.4
2, 129139, 30/12/2018 02:40:26, ADW_UNLOAD_GROUP, 1.6, 1.7, 172.5, 0.1, 0, 0, 0, 0, 726, 116, 0, 2.8, 0
2, 129140, 30/12/2018 03:00:11, ADW_UNLOAD_GROUP, 1.6, 1.6, 161.6, 0, 0, 0, 0, 0, 207, 129, 0, 2.2, 0
2, 129141, 30/12/2018 03:20:30, ADW_UNLOAD_GROUP, 1.5, 1.6, 106.9, 0.1, 0, 0, 0, 0, 88, 93, 0, 2, 0
2, 129142, 30/12/2018 03:40:03, ADW_UNLOAD_GROUP, 1.2, 1.2, 67, 0, 0, 0, 0, 0, 538, 91, 0, 1.7, 0
2, 129143, 30/12/2018 04:00:01, ADW_UNLOAD_GROUP, 1.2, 1.4, 130.5, 0.2, 0, 0, 0, 0, 628, 77, 0, 1.8, 0
2, 129144, 30/12/2018 04:20:05, ADW_UNLOAD_GROUP, 1.3, 1.3, 128.4, 0, 0, 0, 0, 0, 593, 70, 0, 2, 0
2, 129145, 30/12/2018 04:40:01, ADW_UNLOAD_GROUP, 1.2, 1.2, 92.7, 0, 0, 0, 0, 0, 631, 61, 0, 2.1, 0
2, 129146, 30/12/2018 05:00:14, ADW_UNLOAD_GROUP, 1.2, 1.2, 122.6, 0, 0, 0, 0, 0, 192, 59, 0, 1.9, 0
2, 129147, 30/12/2018 05:20:22, ADW_UNLOAD_GROUP, 1.3, 1.3, 100.5, 0, 0, 0, 0, 0, 294, 44, 0, 2.5, 0
2, 129148, 30/12/2018 05:40:09, ADW_UNLOAD_GROUP, 1.2, 1.2, 153.4, 0, 0, 0, 0, 0, 65, 44, 0, 2.3, 0
2, 129149, 30/12/2018 06:00:18, ADW_UNLOAD_GROUP, 32.2, 38.3, 39981.6, 4.4, 0, 0, 0, 0, 407, 45058, 1.7, 1767.3, 3781.6
2, 129150, 30/12/2018 06:20:34, ADW_UNLOAD_GROUP, 38.1, 46.3, 63648, 6.8, 0, 0, 1, 24, 78, 50040, 1.4, 693.8, 3318.3
2, 129151, 30/12/2018 06:40:02, ADW_UNLOAD_GROUP, 34.8, 37.5, 58257.9, 0.9, 0, 0, 1, 32, 112, 22515, 1.8, 608.3, 4578.6
2, 129182, 30/12/2018 17:00:44, ADW_UNLOAD_GROUP, 0.4, 0.4, 54.6, 0, 0, 0, 0, 0, 54, 4, 0, 0.8, 0
2, 129183, 30/12/2018 17:20:02, ADW_UNLOAD_GROUP, 0.4, 0.4, 81.2, 0, 0, 0, 0, 0, 188, 0, 0, 0.8, 0
2, 129184, 30/12/2018 17:40:02, ADW_UNLOAD_GROUP, 0.4, 0.4, 5.4, 0, 0, 0, 0, 0, 348, 1, 0, 0.9, 0
2, 129185, 30/12/2018 18:00:09, ADW_UNLOAD_GROUP, 0.4, 0.4, 58.5, 0, 0, 0, 0, 0, 188, 0, 0, 1.1, 0.1
2, 129186, 30/12/2018 18:20:02, ADW_UNLOAD_GROUP, 0.4, 0.4, 109.9, 0, 0, 0, 0, 0, 390, 8, 0, 1.1, 3.1
2, 129187, 30/12/2018 18:40:16, ADW_UNLOAD_GROUP, 0.4, 0.4, 69.3, 0, 0, 0, 0, 0, 223, 1, 0, 1.2, 0
2, 129188, 30/12/2018 19:00:19, ADW_UNLOAD_GROUP, 0.6, 0.7, 64.1, 0.1, 0, 0, 31, 496, 1099, 18, 0, 646.9, 8.1
2, 129189, 30/12/2018 19:20:07, ADW_UNLOAD_GROUP, 0.4, 0.4, 51.4, 0, 0, 0, 0, 0, 380, 0, 0, 1.1, 0
2, 129190, 30/12/2018 19:40:09, ADW_UNLOAD_GROUP, 0.4, 0.4, 81.8, 0, 0, 0, 0, 0, 177, 1, 0, 1.1, 0
2, 129191, 30/12/2018 20:00:07, ADW_UNLOAD_GROUP, 0.4, 0.5, 39.8, 0.1, 0, 0, 0, 0, 358, 2, 0, 0.9, 0
2, 129192, 30/12/2018 20:20:02, ADW_UNLOAD_GROUP, 0, 0.2, 61.2, 0.2, 0, 0, 1, 32, 415, 0, 0, 0.1, 0
2, 129193, 30/12/2018 20:40:11, ADW_UNLOAD_GROUP, 0, 0, 0, 0, 0, 0, 0, 0, 385, 0, 0, 0, 0
2, 129194, 30/12/2018 21:00:22, ADW_UNLOAD_GROUP, 0, 0, 0, 0, 0, 0, 0, 0, 403, 0, 0, 0, 0
2, 129196, 30/12/2018 21:40:37, ADW_UNLOAD_GROUP, 0, 0, 0, 0, 0, 0, 0, 0, 66, 0, 0, 0, 0
2, 129197, 30/12/2018 22:00:07, ADW_UNLOAD_GROUP, 0.7, 0.7, 335, 0, 0, 0, 0, 0, 198, 103, 0, 1.3, 1.5
2, 129198, 30/12/2018 22:20:07, ADW_UNLOAD_GROUP, 4.1, 5.1, 1632.9, 0, 0, 0, 4, 112, 264, 1145, 1, 173.7, 123.9
2, 129199, 30/12/2018 22:40:04, ADW_UNLOAD_GROUP, 7.4, 8.1, 10703, 0, 0, 0, 7, 208, 244, 2366, 0.7, 149.2, 111.2
2, 129200, 30/12/2018 23:00:08, ADW_UNLOAD_GROUP, 7.8, 9.8, 5349.6, 0.8, 0, 0, 59, 1190, 1942, 3360, 1.2, 336.6, 449.2
2, 129201, 30/12/2018 23:20:15, ADW_UNLOAD_GROUP, 0.9, 1, 1159, 0, 0, 0, 6, 168, 203, 232, 0.1, 53, 32.5
2, 129202, 30/12/2018 23:40:17, ADW_UNLOAD_GROUP, 0.4, 0.4, 667.2, 0, 0, 0, 0, 0, 65, 53, 0, 0.8, 0
2, 129131, 30/12/2018 00:00:15, FP_DM_PRIOR, 18.1, 28.1, 27479.1, 4.2, 0, 0, 2, 64, 43, 11048, 5.8, 745.1, 11641.1
2, 129132, 30/12/2018 00:20:02, FP_DM_PRIOR, 11.2, 23.8, 18093.3, 10.1, 0, 0, 43, 913, 1141, 4245, 2.5, 842.3, 5356.2
2, 129133, 30/12/2018 00:40:24, FP_DM_PRIOR, 12.2, 18.6, 11133.5, 4.5, 0, 0, 9, 160, 152, 2561, 1.9, 381.7, 3976.1
2, 129134, 30/12/2018 01:00:10, FP_DM_PRIOR, 9.4, 16.7, 5329.2, 5.5, 0, 0, 1, 16, 29, 2280, 1.8, 243.2, 3510.3
2, 129135, 30/12/2018 01:20:16, FP_DM_PRIOR, 10.9, 19.3, 3627.9, 6.5, 0, 0, 8, 208, 469, 4074, 1.9, 270.9, 4202.3
2, 129136, 30/12/2018 01:40:03, FP_DM_PRIOR, 11.5, 18.9, 2993.8, 4.2, 0, 0, 8, 208, 99, 6357, 3.2, 1024.2, 8792.3
2, 129137, 30/12/2018 02:00:07, FP_DM_PRIOR, 5.8, 11.4, 2154.1, 3.9, 0, 0, 1, 16, 20, 1676, 1.7, 196.8, 3616.6
2, 129138, 30/12/2018 02:20:16, FP_DM_PRIOR, 6.1, 11.6, 1204.8, 3.4, 0, 0, 125, 3124, 3214, 5592, 2.1, 1603.9, 3849.2
2, 129139, 30/12/2018 02:40:26, FP_DM_PRIOR, 2.5, 7.3, 695.4, 2.9, 0, 0, 11, 184, 206, 523, 1.9, 308.3, 5089
2, 129140, 30/12/2018 03:00:11, FP_DM_PRIOR, 1.4, 6.1, 590.3, 2.1, 0, 0, 0, 0, 30, 121, 2.6, 39.3, 2651
2, 129141, 30/12/2018 03:20:30, FP_DM_PRIOR, 7.5, 15.3, 1796.6, 2.7, 0, 0, 126, 3108, 3335, 7815, 5.1, 1894.2, 3299.5
2, 129142, 30/12/2018 03:40:03, FP_DM_PRIOR, 2.3, 6.2, 578.6, 1.9, 0, 0, 0, 0, 47, 357, 2, 77.7, 4863.1
2, 129143, 30/12/2018 04:00:01, FP_DM_PRIOR, 5.7, 13.1, 990.7, 4.5, 0, 0, 121, 2837, 3253, 6152, 2.9, 1456.2, 4983.7
2, 129144, 30/12/2018 04:20:05, FP_DM_PRIOR, 2.9, 10.6, 1206.2, 6.1, 0, 0, 3, 38, 67, 574, 1.6, 276.3, 3900.7
2, 129145, 30/12/2018 04:40:01, FP_DM_PRIOR, 3.2, 9, 1156.4, 4.7, 0, 0, 2, 18, 39, 523, 1.1, 109, 2735
2, 129146, 30/12/2018 05:00:14, FP_DM_PRIOR, 6, 11.1, 1606.1, 3, 0, 0, 119, 2934, 3178, 4704, 2.1, 1411.6, 3044.7
2, 129147, 30/12/2018 05:20:22, FP_DM_PRIOR, 2.3, 7.7, 744, 3.8, 0, 0, 19, 392, 435, 561, 1.6, 506, 4640.2
2, 129148, 30/12/2018 05:40:09, FP_DM_PRIOR, 1.7, 5.9, 516.2, 3, 0, 0, 2, 4, 118, 328, 1.2, 82.9, 5101.9
2, 129149, 30/12/2018 06:00:18, FP_DM_PRIOR, 6.1, 10, 807.1, 1.6, 0, 0, 111, 2716, 2789, 5052, 2.3, 1714.4, 3806.9
2, 129150, 30/12/2018 06:20:34, FP_DM_PRIOR, 0.2, 0.7, 58.5, 0.3, 0, 0, 0, 0, 81, 17, 0.2, 5.1, 412.2
2, 129151, 30/12/2018 06:40:02, FP_DM_PRIOR, 6.2, 10.1, 1194.8, 2.5, 1, 0, 117, 2892, 3076, 3075, 1.4, 1688.6, 2247.8
2, 129182, 30/12/2018 17:00:44, FP_DM_PRIOR, 5.1, 13.3, 44297.1, 8.1, 0, 0, 32, 880, 752, 1181, 0.1, 72.2, 110.3
2, 129183, 30/12/2018 17:20:02, FP_DM_PRIOR, 6.2, 14.6, 36699.3, 8.1, 0, 0, 20, 544, 594, 2005, 0.3, 359.7, 409.9
2, 129184, 30/12/2018 17:40:02, FP_DM_PRIOR, 6.1, 12.9, 16003.5, 6, 0, 0, 35, 976, 744, 1992, 0.8, 368.3, 2097.6
2, 129185, 30/12/2018 18:00:09, FP_DM_PRIOR, 0.9, 1, 3423.1, 0.1, 0, 0, 10, 288, 264, 159, 0, 22.9, 4.4
2, 129186, 30/12/2018 18:20:02, FP_DM_PRIOR, 5.5, 7.2, 4829.4, 1, 0, 0, 127, 3152, 3160, 8896, 0.7, 1699.6, 1193.5
2, 129187, 30/12/2018 18:40:16, FP_DM_PRIOR, 2.4, 3.4, 3349.5, 0.7, 0, 0, 2, 32, 74, 276, 0.3, 198.4, 1537.4
2, 129188, 30/12/2018 19:00:19, FP_DM_PRIOR, 5, 5.9, 4901.8, 0.5, 0, 0, 99, 2520, 2450, 6933, 0.4, 1141.9, 538.7
2, 129189, 30/12/2018 19:20:07, FP_DM_PRIOR, 3.4, 4.5, 3589, 0.6, 0, 0, 29, 632, 536, 622, 0.5, 523.5, 2021.4
2, 129190, 30/12/2018 19:40:09, FP_DM_PRIOR, 8.8, 10, 8236.4, 0.7, 0, 0, 33, 832, 939, 1724, 0.5, 968.3, 1105.1
2, 129191, 30/12/2018 20:00:07, FP_DM_PRIOR, 15.8, 35.2, 13752.3, 15.9, 0, 0, 79, 2281, 2556, 11621, 3.5, 1328.4, 6277.4
2, 129192, 30/12/2018 20:20:02, FP_DM_PRIOR, 15.1, 23.8, 16936, 5.1, 0, 0, 27, 728, 547, 8436, 3.6, 730.1, 9380.8
2, 129193, 30/12/2018 20:40:11, FP_DM_PRIOR, 14.7, 27.8, 8756.8, 5.9, 0, 0, 9, 224, 466, 9339, 7.2, 1386.5, 26839.6
2, 129194, 30/12/2018 21:00:22, FP_DM_PRIOR, 16.7, 38.7, 13501.3, 13.6, 0, 0, 8, 184, 173, 16779, 8.4, 955.7, 19591.7
2, 129195, 30/12/2018 21:20:18, FP_DM_PRIOR, 17.1, 30.8, 18206.8, 6.4, 0, 0, 1, 16, 73, 16447, 7.3, 694.3, 16564.9
2, 129196, 30/12/2018 21:40:37, FP_DM_PRIOR, 18.4, 38.2, 12022.2, 11.4, 0, 0, 23, 624, 764, 24839, 8.4, 1328.9, 19385.8
2, 129197, 30/12/2018 22:00:07, FP_DM_PRIOR, 12.3, 24.2, 6461.5, 6.7, 0, 0, 5, 128, 80, 7948, 5.2, 609.8, 12601.7
2, 129198, 30/12/2018 22:20:07, FP_DM_PRIOR, 13.8, 31.8, 8385.7, 10.3, 0, 0, 24, 568, 755, 15825, 7.7, 1082.2, 20753.3
2, 129199, 30/12/2018 22:40:04, FP_DM_PRIOR, 13.9, 26.1, 5765.1, 3.2, 0, 0, 2, 32, 16, 12622, 9, 757.1, 23419.4
2, 129200, 30/12/2018 23:00:08, FP_DM_PRIOR, 9.7, 25.4, 5896.1, 8.4, 0, 0, 28, 752, 785, 7304, 7.3, 774.5, 18818.9
2, 129201, 30/12/2018 23:20:15, FP_DM_PRIOR, 15.3, 30.6, 7171.8, 6.3, 0, 0, 4, 80, 65, 14811, 9, 1092.3, 23796
2, 129202, 30/12/2018 23:40:17, FP_DM_PRIOR, 11.3, 23.4, 5275.6, 4.4, 0, 0, 0, 0, 16, 9807, 7.7, 561.8, 22070
2, 129131, 30/12/2018 00:00:15, HDP_UNLOAD_GROUP, 9.8, 18.4, 6131.3, 8.6, 0, 0, 0, 0, 0, 37254, 0, 262.2, 13.2
2, 129132, 30/12/2018 00:20:02, HDP_UNLOAD_GROUP, 9.3, 32.1, 9690.7, 21.8, 0, 0, 14, 152, 499, 22143, 1, 2247, 144.2
2, 129133, 30/12/2018 00:40:24, HDP_UNLOAD_GROUP, 9.6, 49.6, 8681.7, 35, 0, 0, 29, 300, 470, 28414, 5, 3122.7, 287.7
2, 129134, 30/12/2018 01:00:10, HDP_UNLOAD_GROUP, 10, 45.6, 10297.7, 32.2, 0, 0, 21, 160, 299, 28814, 3.4, 463.7, 280.5
2, 129135, 30/12/2018 01:20:16, HDP_UNLOAD_GROUP, 10.1, 39.8, 16363.7, 26.9, 0, 0, 51, 544, 857, 24692, 2.8, 428.9, 241.3
2, 129136, 30/12/2018 01:40:03, HDP_UNLOAD_GROUP, 9.9, 28.5, 13208.6, 15.2, 0, 0, 59, 528, 979, 11758, 3.4, 471.3, 607.8
2, 129137, 30/12/2018 02:00:07, HDP_UNLOAD_GROUP, 8.5, 19.7, 12623.1, 6, 0, 0, 8, 96, 129, 3270, 5.2, 464.5, 1919.2
2, 129138, 30/12/2018 02:20:16, HDP_UNLOAD_GROUP, 8.9, 18.5, 11877.3, 4.7, 0, 0, 27, 228, 455, 4415, 4.9, 538.8, 1627.8
2, 129139, 30/12/2018 02:40:26, HDP_UNLOAD_GROUP, 7.4, 16.3, 11947.3, 3.8, 0, 0, 54, 432, 793, 3146, 5.1, 631.5, 889.9
2, 129140, 30/12/2018 03:00:11, HDP_UNLOAD_GROUP, 4.1, 11.2, 8175, 3.9, 0, 0, 33, 280, 502, 914, 3.2, 384.2, 753.3
2, 129141, 30/12/2018 03:20:30, HDP_UNLOAD_GROUP, 4, 11.2, 11419.7, 3.9, 0, 0, 2, 12, 16, 677, 3.3, 264.1, 688.8
2, 129142, 30/12/2018 03:40:03, HDP_UNLOAD_GROUP, 4.2, 7, 7432.8, 0.8, 0, 0, 27, 232, 392, 713, 2, 89.2, 386.8
2, 129143, 30/12/2018 04:00:01, HDP_UNLOAD_GROUP, 3.7, 4.8, 8020.5, 0.9, 0, 0, 13, 120, 208, 804, 0.2, 104.9, 37.6
2, 129144, 30/12/2018 04:20:05, HDP_UNLOAD_GROUP, 3.7, 4.8, 7963.1, 1.1, 0, 0, 11, 88, 184, 525, 0, 73.5, 13.7
2, 129145, 30/12/2018 04:40:01, HDP_UNLOAD_GROUP, 4.3, 5, 7504.7, 0.7, 0, 0, 17, 136, 272, 845, 0, 181.4, 2
2, 129146, 30/12/2018 05:00:14, HDP_UNLOAD_GROUP, 4.2, 4.5, 5396.1, 0.3, 0, 0, 0, 0, 0, 821, 0, 138.8, 0
2, 129147, 30/12/2018 05:20:22, HDP_UNLOAD_GROUP, 3.1, 3.6, 4041.6, 0.4, 0, 0, 7, 88, 126, 560, 0.1, 129.8, 48.8
2, 129131, 30/12/2018 00:00:15, ODS2EXA_GROUP, 0, 0, None, 0, 0, 0, 0, 0, 0, 0, 0, 0, 0
2, 129132, 30/12/2018 00:20:02, ODS2EXA_GROUP, 0, 0, None, 0, 0, 0, 0, 0, 0, 0, 0, 0, 0
2, 129133, 30/12/2018 00:40:24, ODS2EXA_GROUP, 0, 0, None, 0, 0, 0, 0, 0, 0, 0, 0, 0, 0
2, 129134, 30/12/2018 01:00:10, ODS2EXA_GROUP, 0, 0, None, 0, 0, 0, 0, 0, 0, 0, 0, 0, 0
2, 129135, 30/12/2018 01:20:16, ODS2EXA_GROUP, 0, 0, None, 0, 0, 0, 0, 0, 0, 0, 0, 0, 0
2, 129136, 30/12/2018 01:40:03, ODS2EXA_GROUP, 0, 0, None, 0, 0, 0, 0, 0, 0, 0, 0, 0, 0
2, 129137, 30/12/2018 02:00:07, ODS2EXA_GROUP, 0, 0, None, 0, 0, 0, 0, 0, 0, 0, 0, 0, 0
2, 129138, 30/12/2018 02:20:16, ODS2EXA_GROUP, 0, 0, None, 0, 0, 0, 0, 0, 0, 0, 0, 0, 0
2, 129139, 30/12/2018 02:40:26, ODS2EXA_GROUP, 0, 0, None, 0, 0, 0, 0, 0, 0, 0, 0, 0, 0
2, 129140, 30/12/2018 03:00:11, ODS2EXA_GROUP, 0, 0, None, 0, 0, 0, 0, 0, 0, 0, 0, 0, 0
2, 129141, 30/12/2018 03:20:30, ODS2EXA_GROUP, 0, 0, None, 0, 0, 0, 0, 0, 0, 0, 0, 0, 0
2, 129142, 30/12/2018 03:40:03, ODS2EXA_GROUP, 0, 0, None, 0, 0, 0, 0, 0, 0, 0, 0, 0, 0
2, 129143, 30/12/2018 04:00:01, ODS2EXA_GROUP, 0, 0, None, 0, 0, 0, 0, 0, 0, 0, 0, 0, 0
2, 129144, 30/12/2018 04:20:05, ODS2EXA_GROUP, 0, 0, None, 0, 0, 0, 0, 0, 0, 0, 0, 0, 0
2, 129145, 30/12/2018 04:40:01, ODS2EXA_GROUP, 0, 0, None, 0, 0, 0, 0, 0, 0, 0, 0, 0, 0
2, 129146, 30/12/2018 05:00:14, ODS2EXA_GROUP, 0, 0, None, 0, 0, 0, 0, 0, 0, 0, 0, 0, 0
2, 129147, 30/12/2018 05:20:22, ODS2EXA_GROUP, 0, 0, None, 0, 0, 0, 0, 0, 0, 0, 0, 0, 0
2, 129148, 30/12/2018 05:40:09, ODS2EXA_GROUP, 0, 0, None, 0, 0, 0, 0, 0, 0, 0, 0, 0, 0
2, 129149, 30/12/2018 06:00:18, ODS2EXA_GROUP, 0, 0, None, 0, 0, 0, 0, 0, 0, 0, 0, 0, 0
2, 129150, 30/12/2018 06:20:34, ODS2EXA_GROUP, 0, 0, None, 0, 0, 0, 0, 0, 0, 0, 0, 0, 0
2, 129151, 30/12/2018 06:40:02, ODS2EXA_GROUP, 0, 0, None, 0, 0, 0, 0, 0, 0, 0, 0, 0, 0
2, 129182, 30/12/2018 17:00:44, ODS2EXA_GROUP, 0, 0, None, 0, 0, 0, 0, 0, 0, 0, 0, 0, 0
2, 129183, 30/12/2018 17:20:02, ODS2EXA_GROUP, 0, 0, None, 0, 0, 0, 0, 0, 0, 0, 0, 0, 0
2, 129184, 30/12/2018 17:40:02, ODS2EXA_GROUP, 0, 0, None, 0, 0, 0, 0, 0, 0, 0, 0, 0, 0
2, 129185, 30/12/2018 18:00:09, ODS2EXA_GROUP, 0, 0, None, 0, 0, 0, 0, 0, 0, 0, 0, 0, 0
2, 129186, 30/12/2018 18:20:02, ODS2EXA_GROUP, 0, 0, None, 0, 0, 0, 0, 0, 0, 0, 0, 0, 0
2, 129187, 30/12/2018 18:40:16, ODS2EXA_GROUP, 0, 0, None, 0, 0, 0, 0, 0, 0, 0, 0, 0, 0
2, 129188, 30/12/2018 19:00:19, ODS2EXA_GROUP, 0, 0, None, 0, 0, 0, 0, 0, 0, 0, 0, 0, 0
2, 129189, 30/12/2018 19:20:07, ODS2EXA_GROUP, 0, 0, None, 0, 0, 0, 0, 0, 0, 0, 0, 0, 0
2, 129190, 30/12/2018 19:40:09, ODS2EXA_GROUP, 0, 0, None, 0, 0, 0, 0, 0, 0, 0, 0, 0, 0
2, 129191, 30/12/2018 20:00:07, ODS2EXA_GROUP, 0, 0, None, 0, 0, 0, 0, 0, 0, 0, 0, 0, 0
2, 129192, 30/12/2018 20:20:02, ODS2EXA_GROUP, 0, 0, None, 0, 0, 0, 0, 0, 0, 0, 0, 0, 0
2, 129193, 30/12/2018 20:40:11, ODS2EXA_GROUP, 0, 0, None, 0, 0, 0, 0, 0, 0, 0, 0, 0, 0
2, 129194, 30/12/2018 21:00:22, ODS2EXA_GROUP, 0, 0, None, 0, 0, 0, 0, 0, 0, 0, 0, 0, 0
2, 129195, 30/12/2018 21:20:18, ODS2EXA_GROUP, 0, 0, None, 0, 0, 0, 0, 0, 0, 0, 0, 0, 0
2, 129196, 30/12/2018 21:40:37, ODS2EXA_GROUP, 0, 0, None, 0, 0, 0, 0, 0, 0, 0, 0, 0, 0
2, 129197, 30/12/2018 22:00:07, ODS2EXA_GROUP, 0, 0, None, 0, 0, 0, 0, 0, 0, 0, 0, 0, 0
2, 129198, 30/12/2018 22:20:07, ODS2EXA_GROUP, 0, 0, None, 0, 0, 0, 0, 0, 0, 0, 0, 0, 0
2, 129199, 30/12/2018 22:40:04, ODS2EXA_GROUP, 0, 0, None, 0, 0, 0, 0, 0, 0, 0, 0, 0, 0
2, 129200, 30/12/2018 23:00:08, ODS2EXA_GROUP, 0, 0, None, 0, 0, 0, 0, 0, 0, 0, 0, 0, 0
2, 129201, 30/12/2018 23:20:15, ODS2EXA_GROUP, 0, 0, None, 0, 0, 0, 0, 0, 0, 0, 0, 0, 0
2, 129202, 30/12/2018 23:40:17, ODS2EXA_GROUP, 0, 0, None, 0, 0, 0, 0, 0, 0, 0, 0, 0, 0
2, 129132, 30/12/2018 00:20:02, ODS_SUPPORT_GROUP, 0, 0, 5.9, 0, 0, 0, 0, 0, 38, 4, 0, 0, 0
2, 129133, 30/12/2018 00:40:24, ODS_SUPPORT_GROUP, 0, 0, 0, 0, 0, 0, 0, 0, 36, 0, 0, 0, 0
2, 129134, 30/12/2018 01:00:10, ODS_SUPPORT_GROUP, 0, 0, 6.7, 0, 0, 0, 0, 0, 35, 13, 0, 0, 0
2, 129135, 30/12/2018 01:20:16, ODS_SUPPORT_GROUP, 0, 0, 3.6, 0, 0, 0, 0, 0, 38, 7, 0, 0, 0
2, 129136, 30/12/2018 01:40:03, ODS_SUPPORT_GROUP, 0, 0, 3.2, 0, 0, 0, 0, 0, 41, 4, 0, 0, 0
2, 129137, 30/12/2018 02:00:07, ODS_SUPPORT_GROUP, 0.4, 0.5, 75.5, 0.1, 0, 0, 2, 36, 78, 27, 0, 16.7, 2.2
2, 129138, 30/12/2018 02:20:16, ODS_SUPPORT_GROUP, 0.3, 0.3, 51.7, 0, 0, 0, 1, 32, 73, 23, 0, 7.7, 2.8
2, 129139, 30/12/2018 02:40:26, ODS_SUPPORT_GROUP, 0.2, 0.4, 50, 0.2, 0, 0, 1, 4, 73, 11, 0, 4.3, 0
2, 129140, 30/12/2018 03:00:11, ODS_SUPPORT_GROUP, 4.8, 8.1, 739.4, 3.2, 0, 0, 1, 32, 71, 5684, 0.1, 567, 6.3
2, 129141, 30/12/2018 03:20:30, ODS_SUPPORT_GROUP, 5.1, 10, 893, 4.8, 0, 0, 0, 0, 36, 8286, 0.1, 440.3, 3.6
2, 129142, 30/12/2018 03:40:03, ODS_SUPPORT_GROUP, 1.4, 2.1, 217.3, 0.7, 0, 0, 2, 36, 40, 961, 0, 170.1, 0.3
2, 129143, 30/12/2018 04:00:01, ODS_SUPPORT_GROUP, 0.2, 0.4, 54, 0.1, 0, 0, 1, 16, 59, 24, 0.1, 640.4, 7.5
2, 129144, 30/12/2018 04:20:05, ODS_SUPPORT_GROUP, 0.1, 0.3, 48.7, 0.2, 0, 0, 1, 32, 73, 18, 0, 34.8, 11
2, 129145, 30/12/2018 04:40:01, ODS_SUPPORT_GROUP, 0.3, 0.6, 12.9, 0.3, 0, 0, 3, 10, 65, 23, 0, 30.7, 12.1
2, 129146, 30/12/2018 05:00:14, ODS_SUPPORT_GROUP, 0.5, 1.1, 743.2, 0.4, 0, 0, 1, 32, 56, 149, 0.2, 187.6, 250.9
2, 129147, 30/12/2018 05:20:22, ODS_SUPPORT_GROUP, 0.3, 0.5, 8.1, 0.2, 0, 0, 4, 16, 52, 12, 0, 14.8, 14.9
2, 129148, 30/12/2018 05:40:09, ODS_SUPPORT_GROUP, 0.3, 0.3, 9.4, 0, 0, 0, 3, 12, 43, 10, 0, 164.4, 0
2, 129150, 30/12/2018 06:20:34, ODS_SUPPORT_GROUP, 0, 0, 3.7, 0, 0, 0, 1, 16, 52, 3, 0, 20.5, 1.9
2, 129184, 30/12/2018 17:40:02, ODS_SUPPORT_GROUP, 0, 0, 0.6, 0, 0, 0, 0, 0, 55, 20, 0, 0.6, 0.2
2, 129185, 30/12/2018 18:00:09, ODS_SUPPORT_GROUP, 0.5, 2.1, 115.3, 1, 0, 0, 1, 16, 36, 105, 0.6, 280.8, 1423.6
2, 129186, 30/12/2018 18:20:02, ODS_SUPPORT_GROUP, 0, 0, 0, 0, 0, 0, 0, 0, 36, 0, 0, 0, 0
2, 129187, 30/12/2018 18:40:16, ODS_SUPPORT_GROUP, 0, 0, 0.6, 0, 0, 0, 0, 0, 38, 0, 0, 0, 0
2, 129189, 30/12/2018 19:20:07, ODS_SUPPORT_GROUP, 0, 0, 0.7, 0, 0, 0, 0, 0, 36, 0, 0, 0, 0
2, 129191, 30/12/2018 20:00:07, ODS_SUPPORT_GROUP, 0, 0, 2, 0, 0, 0, 0, 0, 36, 5, 0, 0, 0
2, 129192, 30/12/2018 20:20:02, ODS_SUPPORT_GROUP, 0, 0, 0, 0, 0, 0, 0, 0, 38, 0, 0, 0, 0
2, 129193, 30/12/2018 20:40:11, ODS_SUPPORT_GROUP, 0, 0, 0.9, 0, 0, 0, 0, 0, 40, 4, 0, 0, 0
2, 129194, 30/12/2018 21:00:22, ODS_SUPPORT_GROUP, 0, 0, 1.8, 0, 0, 0, 0, 0, 39, 0, 0, 0, 0
2, 129197, 30/12/2018 22:00:07, ODS_SUPPORT_GROUP, 0, 0, 1.1, 0, 0, 0, 0, 0, 37, 0, 0, 0, 0
2, 129199, 30/12/2018 22:40:04, ODS_SUPPORT_GROUP, 0, 0, 0, 0, 0, 0, 0, 0, 34, 0, 0, 0, 0
2, 129202, 30/12/2018 23:40:17, ODS_SUPPORT_GROUP, 0, 0, 0, 0, 0, 0, 0, 0, 34, 0, 0, 0, 0
2, 129131, 30/12/2018 00:00:15, OTHER_GROUPS, 25.7, 45.5, 13359, 15.9, 0, 0, 0, 0, 3810, 18705, 3.9, 561.9, 1693.2
2, 129132, 30/12/2018 00:20:02, OTHER_GROUPS, 27.3, 70.2, 16286.7, 30.6, 0, 0, 0, 0, 3602, 19967, 12.3, 619.8, 2422.2
2, 129133, 30/12/2018 00:40:24, OTHER_GROUPS, 27.8, 62.3, 12008.4, 26.7, 0, 0, 0, 0, 3150, 15166, 7.8, 508.8, 4117.3
2, 129134, 30/12/2018 01:00:10, OTHER_GROUPS, 28.4, 58.2, 13286.7, 23.3, 0, 0, 0, 0, 4043, 15198, 6.5, 574.9, 6642.2
2, 129135, 30/12/2018 01:20:16, OTHER_GROUPS, 27.7, 50.5, 13381.3, 20.3, 0, 0, 0, 0, 4145, 16469, 2.5, 589.8, 2139.4
2, 129136, 30/12/2018 01:40:03, OTHER_GROUPS, 18.9, 25.4, 12854.3, 4.9, 0, 0, 0, 0, 4279, 12911, 1.6, 654.2, 1111.8
2, 129137, 30/12/2018 02:00:07, OTHER_GROUPS, 25.5, 40.1, 15528.6, 11.8, 0, 0, 0, 0, 4511, 22434, 2.8, 708.9, 1360.6
2, 129138, 30/12/2018 02:20:16, OTHER_GROUPS, 25.4, 37.6, 12554.6, 10, 0, 0, 0, 0, 4238, 24518, 2.2, 583.3, 1503.9
2, 129139, 30/12/2018 02:40:26, OTHER_GROUPS, 20.9, 28.7, 12779.7, 5.6, 0, 0, 0, 0, 3831, 18515, 2.2, 605.8, 1464.1
2, 129140, 30/12/2018 03:00:11, OTHER_GROUPS, 24.4, 37.7, 13125, 7.6, 0, 0, 0, 0, 4458, 17284, 5.7, 736.8, 1655.6
2, 129141, 30/12/2018 03:20:30, OTHER_GROUPS, 24.7, 41.1, 14562.5, 10, 0, 0, 0, 0, 3742, 16719, 6.4, 652.9, 1686.4
2, 129142, 30/12/2018 03:40:03, OTHER_GROUPS, 27.3, 37, 12515, 6.7, 0, 0, 0, 0, 3780, 27340, 3, 670.6, 2160.3
2, 129143, 30/12/2018 04:00:01, OTHER_GROUPS, 26, 41.2, 29827.2, 12.2, 0, 0, 0, 0, 5362, 25828, 3, 745.8, 2282.2
2, 129144, 30/12/2018 04:20:05, OTHER_GROUPS, 28.5, 49, 37211.3, 17.3, 0, 0, 0, 0, 4406, 27692, 3.2, 986.6, 1679.2
2, 129145, 30/12/2018 04:40:01, OTHER_GROUPS, 21.7, 33.8, 31774.5, 9.5, 0, 0, 0, 0, 4471, 17545, 2.6, 956.8, 1942.6
2, 129146, 30/12/2018 05:00:14, OTHER_GROUPS, 23.4, 36.4, 31249.5, 8.5, 0, 0, 0, 0, 5149, 20619, 4.5, 918.4, 2071.9
2, 129147, 30/12/2018 05:20:22, OTHER_GROUPS, 20.7, 35.8, 31432, 11.7, 0, 0, 0, 0, 4605, 15632, 3.4, 1045.8, 2524
2, 129148, 30/12/2018 05:40:09, OTHER_GROUPS, 15.8, 23, 12177.9, 4.7, 0, 0, 0, 0, 3557, 12864, 2.5, 729.1, 2865.4
2, 129149, 30/12/2018 06:00:18, OTHER_GROUPS, 20.4, 32.1, 16400.4, 8.5, 0, 0, 0, 0, 5643, 19484, 3.2, 480.9, 2711.1
2, 129150, 30/12/2018 06:20:34, OTHER_GROUPS, 21.3, 32.5, 14954.7, 8.4, 0, 0, 0, 0, 3945, 17644, 2.8, 509.7, 2481.5
2, 129151, 30/12/2018 06:40:02, OTHER_GROUPS, 20.3, 33.9, 13500.1, 11.1, 0, 0, 0, 0, 5045, 16998, 2.5, 446.3, 2018.9
2, 129152, 30/12/2018 07:00:02, OTHER_GROUPS, 55.4, 70.5, 56804.2, 8.9, 0, 0, 0, 0, 3528, 59154, 6.2, 1258.7, 7442.2
2, 129153, 30/12/2018 07:20:25, OTHER_GROUPS, 50.5, 85.8, 22299.6, 32, 0, 0, 2, 46, 4596, 55499, 3.3, 1159.8, 5080.4
2, 129154, 30/12/2018 07:40:01, OTHER_GROUPS, 36.8, 49.9, 18784.8, 6.4, 8, 0, 65, 1668, 5717, 49992, 6.7, 2023.8, 15698.1
2, 129155, 30/12/2018 08:00:01, OTHER_GROUPS, 31.6, 58.2, 14279.7, 19.2, 6, 0, 25, 570, 4707, 47765, 7.4, 1751, 10767.3
2, 129156, 30/12/2018 08:20:11, OTHER_GROUPS, 36.4, 43.4, 12514.6, 0.3, 1, 0, 7, 88, 4585, 45155, 6.7, 1060.3, 14473.1
2, 129157, 30/12/2018 08:40:16, OTHER_GROUPS, 34.7, 55.1, 17898.6, 12.6, 0, 0, 51, 1376, 5690, 43596, 7.8, 2930.9, 18746.8
2, 129158, 30/12/2018 09:00:16, OTHER_GROUPS, 36, 48.6, 12234.4, 2.3, 0, 0, 14, 777, 4918, 50736, 10.3, 3491.1, 19097.3
2, 129159, 30/12/2018 09:20:15, OTHER_GROUPS, 32.5, 51.7, 17153.5, 11.9, 0, 0, 2, 64, 4128, 42946, 7.3, 1194.8, 21043
2, 129160, 30/12/2018 09:40:14, OTHER_GROUPS, 33, 43.5, 10058.3, 4, 0, 0, 25, 616, 4558, 40889, 6.5, 1537.9, 18360.7
2, 129161, 30/12/2018 10:00:37, OTHER_GROUPS, 31.9, 49.7, 8629.5, 9.6, 0, 0, 1, 16, 4146, 36422, 8.2, 1354.7, 17626.9
2, 129162, 30/12/2018 10:20:02, OTHER_GROUPS, 28.7, 45.6, 7621.1, 12, 0, 0, 2, 48, 3840, 34946, 4.9, 1855.3, 14833.9
2, 129163, 30/12/2018 10:40:18, OTHER_GROUPS, 33.8, 43, 12331.4, 2.9, 0, 0, 14, 352, 3952, 37540, 6.3, 1850.6, 18353.1
2, 129164, 30/12/2018 11:00:12, OTHER_GROUPS, 29.6, 50.2, 12031.6, 13.6, 0, 0, 4, 96, 4425, 30961, 7, 1539.4, 16504.4
2, 129165, 30/12/2018 11:20:34, OTHER_GROUPS, 25.3, 29.4, 6088.3, 0, 0, 0, 19, 416, 4458, 23975, 4.1, 2141.4, 12830.5
2, 129166, 30/12/2018 11:40:02, OTHER_GROUPS, 18.7, 20.8, 4817.5, 0, 0, 0, 18, 195, 4854, 13509, 2.1, 983.5, 3204.6
2, 129167, 30/12/2018 12:00:06, OTHER_GROUPS, 21.7, 24.4, 6049.5, 0, 0, 0, 59, 1588, 6118, 20653, 2.7, 3117.6, 3546.2
2, 129168, 30/12/2018 12:20:10, OTHER_GROUPS, 14.8, 20.8, 4873.7, 3.6, 0, 0, 31, 648, 4399, 12159, 2.4, 1150.1, 4723.9
2, 129169, 30/12/2018 12:40:01, OTHER_GROUPS, 15.9, 27.7, 5978.8, 9.1, 0, 0, 66, 1704, 5757, 15781, 2.7, 1925.1, 6091.5
2, 129170, 30/12/2018 13:00:15, OTHER_GROUPS, 19.8, 27.2, 6659.2, 3.5, 0, 0, 2, 32, 4394, 25416, 3.9, 1458.4, 7953.5
2, 129171, 30/12/2018 13:20:20, OTHER_GROUPS, 18.6, 22.1, 6042.6, 0.8, 0, 0, 49, 1192, 5504, 24043, 2.7, 2187.8, 5365
2, 129172, 30/12/2018 13:40:05, OTHER_GROUPS, 19.4, 21.6, 4591.4, 0, 0, 0, 1, 16, 4045, 16600, 2.2, 1038, 4421.8
2, 129173, 30/12/2018 14:00:24, OTHER_GROUPS, 22.4, 24.8, 5396.2, 0, 0, 0, 5, 112, 4267, 18026, 2.4, 1153.7, 2926.4
2, 129174, 30/12/2018 14:20:07, OTHER_GROUPS, 25.3, 36, 7477, 7.9, 0, 0, 2, 48, 4376, 24408, 2.8, 1355.9, 5704.8
2, 129175, 30/12/2018 14:40:10, OTHER_GROUPS, 21.5, 23.4, 5806.6, 0, 0, 0, 1, 16, 4346, 15806, 1.9, 1042.9, 2863.1
2, 129176, 30/12/2018 15:00:28, OTHER_GROUPS, 25.5, 28.1, 5866.1, 0, 0, 0, 37, 1056, 5154, 22698, 2.6, 1996.4, 4774.6
2, 129177, 30/12/2018 15:20:05, OTHER_GROUPS, 25.8, 29.4, 6938, 1.2, 0, 0, 2, 32, 3996, 21685, 2.4, 1249, 5907.2
2, 129178, 30/12/2018 15:40:04, OTHER_GROUPS, 25.6, 27.9, 6177.5, 0, 0, 0, 81, 2048, 6346, 21745, 2.3, 1971.6, 3509.9
2, 129179, 30/12/2018 16:00:06, OTHER_GROUPS, 39.2, 42.8, 10398.9, 0.2, 0, 0, 25, 752, 6038, 39151, 3.4, 2012.2, 4616.8
2, 129180, 30/12/2018 16:20:19, OTHER_GROUPS, 33.6, 39.3, 36204.7, 3.5, 0, 0, 29, 864, 5183, 28080, 2.2, 1195, 3119.7
2, 129181, 30/12/2018 16:40:32, OTHER_GROUPS, 35.7, 37.8, 40274, 0, 0, 0, 5, 144, 5452, 30244, 2.1, 995.2, 2469.3
2, 129182, 30/12/2018 17:00:44, OTHER_GROUPS, 31.5, 33.8, 14147.6, 0, 0, 0, 0, 0, 3684, 30772, 2.3, 737.5, 2139.8
2, 129183, 30/12/2018 17:20:02, OTHER_GROUPS, 29.5, 31.7, 13884.5, 0, 0, 0, 0, 0, 3729, 26674, 2.2, 716.3, 1964.2
2, 129184, 30/12/2018 17:40:02, OTHER_GROUPS, 24.6, 27.7, 13612.6, 1.4, 0, 0, 0, 0, 3483, 21754, 1.7, 717.6, 1830.1
2, 129185, 30/12/2018 18:00:09, OTHER_GROUPS, 19.6, 26.3, 13778.9, 4.8, 0, 0, 0, 0, 3510, 17060, 1.9, 610.7, 1452.9
2, 129186, 30/12/2018 18:20:02, OTHER_GROUPS, 19.9, 25.2, 13075.9, 3.6, 0, 0, 0, 0, 3241, 17127, 1.7, 548.1, 1582
2, 129187, 30/12/2018 18:40:16, OTHER_GROUPS, 18.3, 22.5, 11942.7, 2.6, 0, 0, 0, 0, 3535, 14524, 1.6, 663.7, 1444
2, 129188, 30/12/2018 19:00:19, OTHER_GROUPS, 18.1, 23.5, 13825.9, 3.3, 0, 0, 0, 0, 4260, 14969, 2.1, 838, 1598.6
2, 129189, 30/12/2018 19:20:07, OTHER_GROUPS, 18.8, 23.2, 12336.7, 2.9, 0, 0, 0, 0, 3813, 15161, 1.5, 798.7, 1648.6
2, 129190, 30/12/2018 19:40:09, OTHER_GROUPS, 19, 26, 13594.9, 5.6, 0, 0, 0, 0, 3982, 15685, 1.4, 769.6, 1318.7
2, 129191, 30/12/2018 20:00:07, OTHER_GROUPS, 20.7, 39.8, 15258.6, 17.5, 0, 0, 0, 0, 3787, 18319, 1.6, 647.3, 1013.7
2, 129192, 30/12/2018 20:20:02, OTHER_GROUPS, 20.6, 29.9, 12466.2, 7.5, 0, 0, 0, 0, 4334, 18844, 1.8, 692.2, 1267.1
2, 129193, 30/12/2018 20:40:11, OTHER_GROUPS, 20.3, 28.7, 13436.2, 7, 0, 0, 0, 0, 3768, 18227, 1.4, 699.1, 1136.5
2, 129194, 30/12/2018 21:00:22, OTHER_GROUPS, 21.4, 34, 15136.4, 8.3, 0, 0, 0, 0, 3620, 19410, 4.3, 693.1, 1475
2, 129195, 30/12/2018 21:20:18, OTHER_GROUPS, 25.3, 35.3, 12716.3, 6.8, 0, 0, 0, 0, 3522, 29661, 3.2, 568.3, 2057.2
2, 129196, 30/12/2018 21:40:37, OTHER_GROUPS, 22.3, 31.2, 14084.7, 7.5, 0, 0, 0, 0, 3897, 21197, 1.4, 631.3, 1067.1
2, 129197, 30/12/2018 22:00:07, OTHER_GROUPS, 19.6, 25.8, 13047.2, 4.7, 0, 0, 0, 0, 3917, 19140, 1.5, 672.3, 975.8
2, 129198, 30/12/2018 22:20:07, OTHER_GROUPS, 22.4, 32.3, 14285.9, 8.6, 0, 0, 0, 0, 4457, 22361, 1.3, 699.4, 1378.6
2, 129199, 30/12/2018 22:40:04, OTHER_GROUPS, 24.5, 31.4, 12987.5, 5.1, 0, 0, 0, 0, 4099, 28781, 1.8, 513.1, 1519.2
2, 129200, 30/12/2018 23:00:08, OTHER_GROUPS, 25.7, 44.5, 15919.3, 16.1, 0, 0, 0, 0, 3824, 33642, 2.7, 553.7, 3567.2
2, 129201, 30/12/2018 23:20:15, OTHER_GROUPS, 27.9, 38.1, 14060.1, 8.1, 0, 0, 0, 0, 3943, 38799, 2.1, 605, 2064.1
2, 129202, 30/12/2018 23:40:17, OTHER_GROUPS, 25.9, 37, 13712.8, 9.3, 0, 0, 0, 0, 3570, 35367, 1.8, 515.3, 1528.2
3, 129133, 30/12/2018 00:40:18, ADW_UNLOAD_GROUP, 0, 0, 0, 0, 0, 0, 0, 0, 50, 2, 0, 0, 0
3, 129134, 30/12/2018 01:00:04, ADW_UNLOAD_GROUP, 0, 0, 0, 0, 0, 0, 0, 0, 58, 0, 0, 0, 0
3, 129135, 30/12/2018 01:20:16, ADW_UNLOAD_GROUP, 0, 0, 0, 0, 0, 0, 0, 0, 61, 1, 0, 0, 0
3, 129136, 30/12/2018 01:40:03, ADW_UNLOAD_GROUP, 0, 0, 0, 0, 0, 0, 0, 0, 53, 1, 0, 0, 0
3, 129137, 30/12/2018 02:00:07, ADW_UNLOAD_GROUP, 0, 0, 0, 0, 0, 0, 0, 0, 61, 2, 0, 0, 0
3, 129139, 30/12/2018 02:40:26, ADW_UNLOAD_GROUP, 0, 0, 0, 0, 0, 0, 0, 0, 52, 0, 0, 0, 0
3, 129141, 30/12/2018 03:20:30, ADW_UNLOAD_GROUP, 0, 0, 0, 0, 0, 0, 0, 0, 56, 0, 0, 0, 0
3, 129142, 30/12/2018 03:40:03, ADW_UNLOAD_GROUP, 0, 0, 0, 0, 0, 0, 0, 0, 53, 0, 0, 0, 0
3, 129144, 30/12/2018 04:20:06, ADW_UNLOAD_GROUP, 0, 0, 0, 0, 0, 0, 0, 0, 64, 1, 0, 0, 0
3, 129146, 30/12/2018 05:00:13, ADW_UNLOAD_GROUP, 0, 0, 0, 0, 0, 0, 0, 0, 58, 1, 0, 0, 0
3, 129148, 30/12/2018 05:40:09, ADW_UNLOAD_GROUP, 0, 0, 0, 0, 0, 0, 0, 0, 53, 1, 0, 0, 0
3, 129149, 30/12/2018 06:00:18, ADW_UNLOAD_GROUP, 0, 0, 0, 0, 0, 0, 0, 0, 61, 1, 0, 0, 0
3, 129151, 30/12/2018 06:40:02, ADW_UNLOAD_GROUP, 0, 0, 0, 0, 0, 0, 0, 0, 56, 1, 0, 0, 0
3, 129185, 30/12/2018 18:00:09, ADW_UNLOAD_GROUP, 0, 0, 0, 0, 0, 0, 0, 0, 55, 1, 0, 0, 0
3, 129187, 30/12/2018 18:40:16, ADW_UNLOAD_GROUP, 0, 0, 0, 0, 0, 0, 0, 0, 56, 0, 0, 0, 0
3, 129188, 30/12/2018 19:00:19, ADW_UNLOAD_GROUP, 0.4, 1.1, 280.1, 0.2, 0, 0, 2, 34, 126, 89, 0.5, 155.8, 415.3
3, 129190, 30/12/2018 19:40:09, ADW_UNLOAD_GROUP, 0, 0, 0, 0, 0, 0, 0, 0, 56, 0, 0, 0, 0
3, 129193, 30/12/2018 20:40:10, ADW_UNLOAD_GROUP, 0, 0, 0, 0, 0, 0, 0, 0, 70, 0, 0, 0, 0
3, 129194, 30/12/2018 21:00:21, ADW_UNLOAD_GROUP, 0, 0, 0, 0, 0, 0, 0, 0, 61, 0, 0, 0, 0
3, 129197, 30/12/2018 22:00:07, ADW_UNLOAD_GROUP, 0, 0, 0, 0, 0, 0, 0, 0, 66, 1, 0, 0, 0
3, 129198, 30/12/2018 22:20:06, ADW_UNLOAD_GROUP, 0, 0, 0, 0, 0, 0, 0, 0, 66, 0, 0, 0, 0
3, 129200, 30/12/2018 23:00:09, ADW_UNLOAD_GROUP, 0, 0, 0, 0, 0, 0, 0, 0, 66, 0, 0, 0, 0
3, 129201, 30/12/2018 23:20:15, ADW_UNLOAD_GROUP, 0, 0, 0, 0, 0, 0, 0, 0, 66, 0, 0, 0, 0
3, 129131, 30/12/2018 00:00:15, DM_TECH_GROUP, 1.6, 3.1, 738.6, 1, 0, 0, 1, 16, 73, 237, 0.5, 205.9, 818.7
3, 129132, 30/12/2018 00:20:02, DM_TECH_GROUP, 8.6, 21.5, 18140.4, 9.3, 12, 0.4, 87, 1272, 1921, 7259, 3.6, 1077.2, 5565.7
3, 129133, 30/12/2018 00:40:18, DM_TECH_GROUP, 18.4, 41.5, 50534.8, 17.1, 10, 3.4, 6, 94, 136, 22216, 6, 1170.9, 8863.5
3, 129134, 30/12/2018 01:00:04, DM_TECH_GROUP, 18.5, 43.7, 35134.7, 21.1, 10, 3.8, 10, 168, 200, 15227, 4.1, 1077.8, 4975.2
3, 129135, 30/12/2018 01:20:16, DM_TECH_GROUP, 18, 37.8, 37953.2, 18.6, 48, 4.5, 52, 764, 998, 19250, 1.2, 1130.2, 1357.4
3, 129136, 30/12/2018 01:40:03, DM_TECH_GROUP, 18.2, 40.4, 34077.1, 19.6, 68, 1.1, 121, 1852, 2093, 29490, 2.6, 2542.1, 3697.9
3, 129137, 30/12/2018 02:00:07, DM_TECH_GROUP, 19.3, 49.6, 37879.2, 27.2, 8, 0.7, 8, 128, 124, 37697, 3.1, 2531.8, 3268.9
3, 129138, 30/12/2018 02:20:16, DM_TECH_GROUP, 18.4, 40.4, 30134.2, 21.5, 4, 0.2, 148, 2200, 2519, 28234, 0.5, 1801.3, 475.9
3, 129139, 30/12/2018 02:40:26, DM_TECH_GROUP, 19.2, 35.8, 16871.8, 14.6, 0, 0, 53, 792, 1044, 16019, 2, 2210.1, 679.7
3, 129140, 30/12/2018 03:00:10, DM_TECH_GROUP, 15.3, 26.4, 16199.9, 10.5, 0, 0, 35, 520, 705, 9875, 0.6, 998, 103.9
3, 129141, 30/12/2018 03:20:30, DM_TECH_GROUP, 11.9, 24.5, 13578.3, 12.1, 0, 0, 26, 380, 522, 2007, 0.5, 801.9, 178.6
3, 129142, 30/12/2018 03:40:03, DM_TECH_GROUP, 11.6, 19.7, 11911.4, 7.9, 0, 0, 33, 494, 597, 2300, 0.2, 885.4, 265.6
3, 129143, 30/12/2018 04:00:01, DM_TECH_GROUP, 6.6, 14.7, 4814.4, 7.9, 0, 0, 35, 504, 599, 1425, 0.2, 551.4, 319
3, 129144, 30/12/2018 04:20:06, DM_TECH_GROUP, 11, 32.9, 9579.6, 20.9, 4, 0.1, 39, 534, 952, 3914, 1, 725.2, 1241.4
3, 129145, 30/12/2018 04:40:01, DM_TECH_GROUP, 10.2, 30.8, 33890.5, 16.1, 2, 0.1, 11, 192, 107, 5147, 4.5, 781.5, 8477.4
3, 129146, 30/12/2018 05:00:13, DM_TECH_GROUP, 6, 15.6, 7672, 5.8, 0, 0, 61, 948, 1086, 2411, 3.8, 736.3, 5817.6
3, 129147, 30/12/2018 05:20:22, DM_TECH_GROUP, 4.6, 10.1, 16705.1, 3.9, 0, 0, 37, 540, 695, 1249, 1.6, 375.6, 3077.2
3, 129148, 30/12/2018 05:40:09, DM_TECH_GROUP, 1.9, 5.3, 2709, 3.3, 0, 0, 10, 160, 164, 399, 0.1, 238.6, 84.4
3, 129149, 30/12/2018 06:00:18, DM_TECH_GROUP, 2.2, 4.3, 14717.1, 1.6, 0, 0, 17, 264, 288, 137, 0.5, 391.8, 644.8
3, 129150, 30/12/2018 06:20:33, DM_TECH_GROUP, 5.2, 6.4, 2391.5, 1.1, 0, 0, 12, 152, 144, 308, 0.1, 766.8, 99.3
3, 129151, 30/12/2018 06:40:02, DM_TECH_GROUP, 3.9, 7.2, 1902.9, 3.2, 0, 0, 0, 0, 0, 454, 0.1, 222.3, 73.2
3, 129182, 30/12/2018 17:00:44, DM_TECH_GROUP, 0.3, 7.8, 4551.5, 7.4, 0, 0, 0, 0, 0, 27, 0.1, 77.4, 78.7
3, 129183, 30/12/2018 17:20:02, DM_TECH_GROUP, 0.4, 3.8, 1699.6, 3.3, 0, 0, 1, 34, 52, 15, 0.1, 109.9, 197.5
3, 129184, 30/12/2018 17:40:02, DM_TECH_GROUP, 0.5, 1.1, 41.4, 0.4, 0, 0, 0, 0, 0, 8, 0.2, 124.2, 387.4
3, 129185, 30/12/2018 18:00:09, DM_TECH_GROUP, 3.8, 8.1, 334.6, 2.4, 0, 0, 749, 10656, 10701, 946, 1.9, 1893.9, 5738.9
3, 129186, 30/12/2018 18:20:02, DM_TECH_GROUP, 2, 3.6, 189.9, 0.8, 0, 0, 75, 1120, 1088, 358, 0.8, 588, 3864.8
3, 129187, 30/12/2018 18:40:16, DM_TECH_GROUP, 0.6, 1.4, 53.6, 0.7, 0, 0, 13, 176, 177, 43, 0.1, 105.4, 313.5
3, 129188, 30/12/2018 19:00:19, DM_TECH_GROUP, 0.4, 1.1, 79.7, 0.5, 0, 0, 0, 0, 0, 45, 0.2, 73.2, 238.3
3, 129189, 30/12/2018 19:20:07, DM_TECH_GROUP, 2.3, 6.4, 3877.8, 3.4, 0, 0, 7, 168, 254, 668, 0.7, 314.2, 3195.5
3, 129190, 30/12/2018 19:40:09, DM_TECH_GROUP, 2.6, 6.9, 13517.8, 3.4, 0, 0, 5, 84, 72, 714, 0.9, 328.5, 6605.4
3, 129191, 30/12/2018 20:00:06, DM_TECH_GROUP, 0.3, 1.1, 35.8, 0.7, 0, 0, 0, 0, 0, 23, 0.1, 90.6, 202.8
3, 129192, 30/12/2018 20:20:02, DM_TECH_GROUP, 0.4, 1.1, 36.6, 0.6, 0, 0, 1, 3, 17, 14, 0.1, 117.6, 259.3
3, 129193, 30/12/2018 20:40:10, DM_TECH_GROUP, 0.7, 1.3, 40.2, 0.4, 0, 0, 3, 48, 66, 58, 0.2, 151.9, 441.9
3, 129194, 30/12/2018 21:00:21, DM_TECH_GROUP, 0.7, 1.9, 295, 0.8, 0, 0, 11, 160, 164, 132, 0.4, 98.6, 537.4
3, 129195, 30/12/2018 21:20:18, DM_TECH_GROUP, 0.6, 1.5, 458.7, 0.7, 0, 0, 0, 0, 0, 69, 0.2, 98.8, 474.4
3, 129196, 30/12/2018 21:40:35, DM_TECH_GROUP, 1, 1.7, 3035.6, 0.5, 0, 0, 9, 152, 137, 108, 0.2, 220.5, 340.1
3, 129197, 30/12/2018 22:00:07, DM_TECH_GROUP, 0.4, 1.1, 38.3, 0.5, 0, 0, 0, 0, 7, 25, 0.2, 84, 225.5
3, 129198, 30/12/2018 22:20:06, DM_TECH_GROUP, 0.5, 1.1, 35.8, 0.5, 0, 0, 0, 0, 0, 20, 0.1, 110.3, 306.1
3, 129199, 30/12/2018 22:40:04, DM_TECH_GROUP, 0.5, 1.1, 77.6, 0.5, 0, 0, 0, 0, 0, 24, 0.1, 118.8, 330
3, 129200, 30/12/2018 23:00:09, DM_TECH_GROUP, 1.2, 1.9, 2466.4, 0.5, 0, 0, 2, 18, 70, 71, 0.2, 176, 163.2
3, 129201, 30/12/2018 23:20:15, DM_TECH_GROUP, 2.5, 6.8, 3821.7, 3.8, 0, 0, 6, 132, 216, 710, 0.5, 509.6, 2765.8
3, 129202, 30/12/2018 23:40:17, DM_TECH_GROUP, 2.3, 6.6, 18484.2, 3.9, 0, 0, 3, 60, 50, 430, 0.4, 323.6, 4397.3
3, 129131, 30/12/2018 00:00:15, ODS_SUPPORT_GROUP, 0.8, 0.8, 279.9, 0, 0, 0, 0, 0, 15, 353, 0, 0, 0
3, 129132, 30/12/2018 00:20:02, ODS_SUPPORT_GROUP, 0.8, 0.8, 287.1, 0, 0, 0, 0, 0, 17, 352, 0, 0, 0
3, 129133, 30/12/2018 00:40:18, ODS_SUPPORT_GROUP, 0.8, 0.8, 251.4, 0, 0, 0, 0, 0, 15, 260, 0, 0, 0
3, 129134, 30/12/2018 01:00:04, ODS_SUPPORT_GROUP, 0.8, 0.8, 264.1, 0, 0, 0, 0, 0, 16, 412, 0, 0, 0
3, 129135, 30/12/2018 01:20:16, ODS_SUPPORT_GROUP, 0.8, 0.8, 261.8, 0, 0, 0, 0, 0, 16, 454, 0, 0, 0
3, 129136, 30/12/2018 01:40:03, ODS_SUPPORT_GROUP, 0.8, 0.8, 266.4, 0, 0, 0, 0, 0, 21, 260, 0, 0, 0
3, 129137, 30/12/2018 02:00:07, ODS_SUPPORT_GROUP, 0.9, 1, 271.5, 0.1, 0, 0, 0, 0, 17, 377, 0, 1.7, 1.8
3, 129138, 30/12/2018 02:20:16, ODS_SUPPORT_GROUP, 0.8, 0.9, 261.3, 0.1, 0, 0, 0, 0, 22, 296, 0, 1.8, 1.9
3, 129139, 30/12/2018 02:40:26, ODS_SUPPORT_GROUP, 1, 1.6, 335.4, 0.5, 0, 0, 0, 0, 19, 3058, 0.1, 2283.5, 191.8
3, 129140, 30/12/2018 03:00:10, ODS_SUPPORT_GROUP, 1, 2.3, 391, 1.1, 0, 0, 0, 0, 15, 4587, 0.2, 1355.9, 84.8
3, 129141, 30/12/2018 03:20:30, ODS_SUPPORT_GROUP, 1, 2.4, 408.5, 1.2, 0, 0, 1, 2, 18, 4011, 0.2, 1471.9, 88.7
3, 129142, 30/12/2018 03:40:03, ODS_SUPPORT_GROUP, 1, 2.2, 340.9, 1, 0, 0, 3, 6, 22, 4827, 0.2, 764.2, 234.8
3, 129143, 30/12/2018 04:00:01, ODS_SUPPORT_GROUP, 1, 2.5, 429.3, 1.3, 0, 0, 1, 2, 18, 4540, 0.2, 311.3, 230.8
3, 129144, 30/12/2018 04:20:06, ODS_SUPPORT_GROUP, 1, 2.6, 398.7, 1.5, 0, 0, 1, 2, 17, 5034, 0.1, 271.4, 115.7
3, 129145, 30/12/2018 04:40:01, ODS_SUPPORT_GROUP, 0.9, 2.2, 341, 1.2, 0, 0, 1, 2, 20, 4366, 0.1, 347.2, 115.1
3, 129146, 30/12/2018 05:00:13, ODS_SUPPORT_GROUP, 1, 2.3, 355.4, 1.1, 0, 0, 1, 2, 18, 4028, 0.2, 450.8, 143.7
3, 129147, 30/12/2018 05:20:22, ODS_SUPPORT_GROUP, 1, 2.5, 366.7, 1.3, 0, 0, 1, 2, 17, 4161, 0.2, 459.6, 215.5
3, 129148, 30/12/2018 05:40:09, ODS_SUPPORT_GROUP, 0.9, 2.2, 319.5, 1.1, 0, 0, 2, 4, 18, 3666, 0.2, 353.6, 223
3, 129149, 30/12/2018 06:00:18, ODS_SUPPORT_GROUP, 1, 2.4, 367, 1.2, 0, 0, 1, 2, 17, 4587, 0.2, 207.2, 247.6
3, 129150, 30/12/2018 06:20:33, ODS_SUPPORT_GROUP, 1, 1.8, 348, 0.6, 0, 0, 1, 2, 16, 2993, 0.2, 77.6, 561.8
3, 129151, 30/12/2018 06:40:02, ODS_SUPPORT_GROUP, 1, 1.7, 358.4, 0.5, 0, 0, 0, 0, 13, 2399, 0.2, 218.2, 490.6
3, 129182, 30/12/2018 17:00:44, ODS_SUPPORT_GROUP, 0.8, 0.8, 264.7, 0, 0, 0, 0, 0, 16, 326, 0, 0, 0
3, 129183, 30/12/2018 17:20:02, ODS_SUPPORT_GROUP, 0.8, 0.8, 263.4, 0, 0, 0, 0, 0, 16, 237, 0, 0, 0
3, 129184, 30/12/2018 17:40:02, ODS_SUPPORT_GROUP, 0.8, 0.8, 265.2, 0, 0, 0, 0, 0, 16, 121, 0, 0, 0
3, 129185, 30/12/2018 18:00:09, ODS_SUPPORT_GROUP, 0.8, 0.8, 263.8, 0, 0, 0, 0, 0, 14, 456, 0, 0, 0
3, 129186, 30/12/2018 18:20:02, ODS_SUPPORT_GROUP, 0.8, 0.8, 265, 0, 0, 0, 0, 0, 15, 706, 0, 0, 0
3, 129187, 30/12/2018 18:40:16, ODS_SUPPORT_GROUP, 0.8, 0.8, 264.7, 0, 0, 0, 0, 0, 16, 413, 0, 0, 0
3, 129188, 30/12/2018 19:00:19, ODS_SUPPORT_GROUP, 0.8, 0.8, 263.6, 0, 0, 0, 0, 0, 16, 640, 0, 0, 0
3, 129189, 30/12/2018 19:20:07, ODS_SUPPORT_GROUP, 0.8, 0.8, 263.6, 0, 0, 0, 0, 0, 16, 560, 0, 0, 0
3, 129190, 30/12/2018 19:40:09, ODS_SUPPORT_GROUP, 0.8, 0.8, 266.5, 0, 0, 0, 0, 0, 19, 140, 0, 0, 0.1
3, 129191, 30/12/2018 20:00:06, ODS_SUPPORT_GROUP, 0.8, 0.8, 263.2, 0, 0, 0, 0, 0, 17, 61, 0, 0, 0
3, 129192, 30/12/2018 20:20:02, ODS_SUPPORT_GROUP, 0.8, 0.8, 265.4, 0, 0, 0, 0, 0, 15, 34, 0, 0, 0
3, 129193, 30/12/2018 20:40:10, ODS_SUPPORT_GROUP, 0.8, 0.8, 262.6, 0, 0, 0, 0, 0, 16, 65, 0, 0, 0
3, 129194, 30/12/2018 21:00:21, ODS_SUPPORT_GROUP, 0.8, 0.8, 265, 0, 0, 0, 0, 0, 16, 261, 0, 0, 0
3, 129195, 30/12/2018 21:20:18, ODS_SUPPORT_GROUP, 0.8, 0.8, 264.3, 0, 0, 0, 0, 0, 16, 211, 0, 0, 0
3, 129196, 30/12/2018 21:40:35, ODS_SUPPORT_GROUP, 0.8, 0.8, 264.3, 0, 0, 0, 0, 0, 16, 271, 0, 0, 0
3, 129197, 30/12/2018 22:00:07, ODS_SUPPORT_GROUP, 0.8, 0.8, 264.3, 0, 0, 0, 0, 0, 16, 379, 0, 0, 0
3, 129198, 30/12/2018 22:20:06, ODS_SUPPORT_GROUP, 0.8, 0.8, 265.4, 0, 0, 0, 0, 0, 16, 165, 0, 0, 0
3, 129199, 30/12/2018 22:40:04, ODS_SUPPORT_GROUP, 0.8, 0.8, 264.1, 0, 0, 0, 0, 0, 14, 289, 0, 0, 0
3, 129200, 30/12/2018 23:00:09, ODS_SUPPORT_GROUP, 0.8, 0.8, 264.1, 0, 0, 0, 0, 0, 14, 372, 0, 0, 0
3, 129201, 30/12/2018 23:20:15, ODS_SUPPORT_GROUP, 0.8, 0.8, 264.3, 0, 0, 0, 0, 0, 14, 501, 0, 0, 0
3, 129202, 30/12/2018 23:40:17, ODS_SUPPORT_GROUP, 0.8, 0.8, 265.4, 0, 0, 0, 0, 0, 14, 409, 0, 0, 0
3, 129131, 30/12/2018 00:00:15, OTHER_GROUPS, 8.4, 27, 15007.5, 17.7, 0, 0, 13, 64, 6165, 1233, 0.9, 4184.1, 143.4
3, 129132, 30/12/2018 00:20:02, OTHER_GROUPS, 15.8, 65.9, 18245.3, 48.9, 0, 0, 397, 1896, 20078, 8039, 1.2, 11698.5, 335.8
3, 129133, 30/12/2018 00:40:18, OTHER_GROUPS, 25.2, 65.6, 17204.3, 39.5, 0, 0, 416, 2768, 9321, 18368, 0.9, 2805.4, 507.4
3, 129134, 30/12/2018 01:00:04, OTHER_GROUPS, 26.1, 73.9, 18258.9, 46.3, 0, 0, 498, 3704, 10331, 20547, 1.5, 4088.4, 1077.5
3, 129135, 30/12/2018 01:20:16, OTHER_GROUPS, 24.5, 56.2, 17097.7, 30.5, 0, 0, 127, 968, 6751, 16951, 1.2, 2678.1, 1738.2
3, 129136, 30/12/2018 01:40:03, OTHER_GROUPS, 15.6, 32.6, 16517, 16.5, 0, 0, 13, 56, 6193, 7909, 0.5, 1438.9, 95
3, 129137, 30/12/2018 02:00:07, OTHER_GROUPS, 7.4, 23.7, 16630.4, 15.8, 0, 0, 4, 40, 6321, 2599, 0.5, 871.6, 88.2
3, 129138, 30/12/2018 02:20:16, OTHER_GROUPS, 7, 18.9, 15133.3, 11.5, 0, 0, 4, 28, 6131, 2115, 0.4, 644.6, 73
3, 129139, 30/12/2018 02:40:26, OTHER_GROUPS, 7.1, 14.6, 15677.7, 6.6, 0, 0, 0, 0, 5648, 1461, 0.9, 878.3, 162.7
3, 129140, 30/12/2018 03:00:10, OTHER_GROUPS, 7, 16.7, 15683, 8.9, 0, 0, 0, 0, 7141, 1616, 0.8, 793.3, 139.6
3, 129141, 30/12/2018 03:20:30, OTHER_GROUPS, 7.1, 16.3, 16338.9, 8.5, 0, 0, 0, 0, 5612, 908, 0.7, 997.9, 135.3
3, 129142, 30/12/2018 03:40:03, OTHER_GROUPS, 6.9, 14.5, 14372.4, 7, 0, 0, 0, 0, 5744, 911, 0.6, 989.3, 127.3
3, 129143, 30/12/2018 04:00:01, OTHER_GROUPS, 8.4, 22.6, 38633.4, 13.6, 0, 0, 0, 0, 8254, 1786, 0.6, 950.5, 121.4
3, 129144, 30/12/2018 04:20:06, OTHER_GROUPS, 30.4, 47.9, 54220.4, 15.5, 0, 0, 23, 168, 7030, 17568, 2, 3939, 195.4
3, 129145, 30/12/2018 04:40:01, OTHER_GROUPS, 33.5, 44.4, 45431.2, 10.1, 0, 0, 8, 56, 6993, 19112, 0.8, 1923.8, 123.5
3, 129146, 30/12/2018 05:00:13, OTHER_GROUPS, 27.7, 38.3, 47344, 9.4, 0, 0, 8, 60, 7973, 12939, 1.2, 1654.6, 130.3
3, 129147, 30/12/2018 05:20:22, OTHER_GROUPS, 24.9, 36.1, 49818.5, 9.8, 0, 0, 0, 0, 6839, 7520, 1.4, 1881, 152.5
3, 129148, 30/12/2018 05:40:09, OTHER_GROUPS, 23.6, 29.7, 40629.1, 4.9, 0, 0, 0, 0, 6184, 7524, 1.2, 2004.4, 195
3, 129149, 30/12/2018 06:00:18, OTHER_GROUPS, 11.1, 18.1, 19659.2, 6.1, 0, 0, 5, 40, 9052, 2320, 0.9, 1226.4, 176.1
3, 129150, 30/12/2018 06:20:33, OTHER_GROUPS, 7, 14.8, 14448.9, 7.1, 0, 0, 0, 0, 6120, 692, 0.7, 1093.5, 135
3, 129151, 30/12/2018 06:40:02, OTHER_GROUPS, 7.6, 18.6, 15149.2, 10.4, 0, 0, 1, 4, 6263, 1498, 0.6, 954.2, 106.8
3, 129152, 30/12/2018 07:00:01, OTHER_GROUPS, 47, 52.5, 38073.7, 1.6, 0, 0, 335, 2804, 8790, 39181, 3.9, 7066.7, 5644.9
3, 129153, 30/12/2018 07:20:24, OTHER_GROUPS, 19.4, 34.7, 6729.5, 11.2, 0, 0, 74, 1498, 7972, 11185, 4.1, 6792.2, 10550.4
3, 129154, 30/12/2018 07:40:01, OTHER_GROUPS, 19.4, 28.1, 4368, 5.5, 0, 0, 158, 2846, 8886, 11323, 3.2, 5815.2, 9462.6
3, 129155, 30/12/2018 08:00:01, OTHER_GROUPS, 63.1, 74.3, 49697.5, 5.9, 0, 0, 108, 2004, 8864, 62851, 5.3, 9882.8, 7331
3, 129156, 30/12/2018 08:20:15, OTHER_GROUPS, 50.9, 54, 43065.8, 0, 0, 0, 51, 1043, 6707, 37973, 3.1, 5264.7, 4010.2
3, 129157, 30/12/2018 08:40:16, OTHER_GROUPS, 31.8, 34, 27648.4, 0, 0, 0, 19, 320, 5700, 11340, 2.2, 2251.6, 3125.8
3, 129158, 30/12/2018 09:00:16, OTHER_GROUPS, 43, 46.9, 38736.5, 0.1, 0, 0, 26, 974, 7349, 23447, 3.8, 6222.1, 4216.1
3, 129159, 30/12/2018 09:20:15, OTHER_GROUPS, 46.1, 54.4, 41918.2, 1.7, 0, 0, 39, 1162, 6895, 36716, 6.6, 7533.2, 9238.8
3, 129160, 30/12/2018 09:40:14, OTHER_GROUPS, 48.7, 55.2, 57218.1, 0.1, 0, 0, 30, 930, 6841, 37291, 6.4, 3911.4, 10202.1
3, 129161, 30/12/2018 10:00:37, OTHER_GROUPS, 66.3, 72.5, 47297.1, 0, 0, 0, 116, 1265, 8431, 56233, 6.2, 9684, 4361.9
3, 129162, 30/12/2018 10:20:05, OTHER_GROUPS, 69.5, 85.1, 111567.3, 10.1, 0, 0, 112, 1470, 8349, 110342, 5.5, 3117.1, 3423.6
3, 129163, 30/12/2018 10:40:18, OTHER_GROUPS, 67.2, 72.1, 64906.1, 0, 0, 0, 69, 1876, 8954, 60122, 4.9, 3027.1, 3999.8
3, 129164, 30/12/2018 11:00:12, OTHER_GROUPS, 69.8, 86.7, 57437.3, 11.8, 0, 0, 172, 2062, 10077, 83909, 5.1, 8923.5, 4299.3
3, 129165, 30/12/2018 11:20:34, OTHER_GROUPS, 65.8, 70.4, 55616.2, 0, 0, 0, 172, 2054, 8430, 117590, 4.6, 6702.9, 3932.7
3, 129166, 30/12/2018 11:40:02, OTHER_GROUPS, 38.4, 42.4, 38020.5, 0.6, 0, 0, 190, 2558, 10470, 19265, 3.4, 6657.6, 3141.9
3, 129167, 30/12/2018 12:00:06, OTHER_GROUPS, 46.4, 51.6, 54132.6, 0, 0, 0, 55, 1626, 8248, 30837, 5.2, 7553.2, 6763.6
3, 129168, 30/12/2018 12:20:10, OTHER_GROUPS, 23.4, 26.3, 48689.3, 0, 0, 0, 33, 1076, 8344, 10105, 2.9, 6272.7, 2406.3
3, 129169, 30/12/2018 12:40:01, OTHER_GROUPS, 27.8, 34.8, 33358, 2.9, 0, 0, 75, 2496, 12419, 11486, 4.1, 6527.3, 3958.2
3, 129170, 30/12/2018 13:00:15, OTHER_GROUPS, 29.2, 34.4, 42460.8, 0.7, 1, 0, 69, 1712, 11880, 9644, 4.5, 6055.7, 4307.2
3, 129171, 30/12/2018 13:20:20, OTHER_GROUPS, 27.9, 31.8, 48325.8, 0, 0, 0, 38, 1206, 8200, 14423, 3.9, 7298, 3489
3, 129172, 30/12/2018 13:40:05, OTHER_GROUPS, 20.7, 26.4, 19265.4, 0, 0, 0, 41, 1362, 8072, 9383, 5.7, 8039.1, 10241.2
3, 129173, 30/12/2018 14:00:24, OTHER_GROUPS, 19.6, 23.2, 13704.8, 0, 0, 0, 24, 968, 7390, 4167, 3.6, 5298.4, 2631.5
3, 129174, 30/12/2018 14:20:07, OTHER_GROUPS, 20.4, 32.9, 23332.1, 7.4, 0, 0, 588, 9034, 16168, 12702, 5.1, 6428, 13496.5
3, 129175, 30/12/2018 14:40:10, OTHER_GROUPS, 14.3, 17.8, 6280.4, 0, 0, 0, 137, 3074, 9913, 5813, 3.5, 7281.5, 6063.9
3, 129176, 30/12/2018 15:00:28, OTHER_GROUPS, 29.7, 33, 34099.4, 0, 0, 0, 50, 1966, 8299, 12976, 3.3, 7091.6, 2327.4
3, 129177, 30/12/2018 15:20:05, OTHER_GROUPS, 12.7, 16.1, 9349.7, 0, 0, 0, 309, 5258, 11556, 3768, 3.4, 6663.9, 4195.2
3, 129178, 30/12/2018 15:40:04, OTHER_GROUPS, 11.8, 15.4, 4978.8, 0, 0, 0, 603, 8978, 15925, 3252, 3.6, 8163.1, 8899.7
3, 129179, 30/12/2018 16:00:06, OTHER_GROUPS, 21.8, 25.4, 12253.1, 0, 0, 0, 45, 1524, 9316, 5031, 3.6, 7288, 3012.1
3, 129180, 30/12/2018 16:20:19, OTHER_GROUPS, 18, 21.1, 9241.1, 0, 0, 0, 39, 1218, 7864, 3491, 3.1, 6183.5, 2410.2
3, 129181, 30/12/2018 16:40:30, OTHER_GROUPS, 27.1, 29.7, 10783.1, 0, 0, 0, 31, 1238, 9367, 9059, 2.6, 5472.8, 2227.1
3, 129182, 30/12/2018 17:00:44, OTHER_GROUPS, 15.5, 17.3, 21695.8, 0, 0, 0, 0, 0, 5679, 5995, 1.8, 1312.7, 1562.4
3, 129183, 30/12/2018 17:20:02, OTHER_GROUPS, 9.9, 14.6, 21618.5, 3.2, 0, 0, 0, 0, 5660, 1390, 1.5, 1319.3, 682.4
3, 129184, 30/12/2018 17:40:02, OTHER_GROUPS, 7.2, 14.1, 17672.3, 5.6, 0, 0, 0, 0, 5409, 554, 1.3, 1134.1, 764.1
3, 129185, 30/12/2018 18:00:09, OTHER_GROUPS, 7.4, 38.4, 32748.1, 29.7, 0, 0, 0, 0, 5288, 1547, 1.3, 830.9, 920.4
3, 129186, 30/12/2018 18:20:02, OTHER_GROUPS, 7.3, 25.5, 35123.3, 16.8, 0, 0, 0, 0, 4942, 1135, 1.4, 902.8, 945.4
3, 129187, 30/12/2018 18:40:16, OTHER_GROUPS, 7.3, 17.6, 29873.9, 8.8, 0, 0, 0, 0, 5275, 1085, 1.5, 1350, 670.6
3, 129188, 30/12/2018 19:00:19, OTHER_GROUPS, 7.3, 13.5, 17802.4, 4.9, 0, 0, 0, 0, 6474, 1837, 1.3, 1425.3, 567
3, 129189, 30/12/2018 19:20:07, OTHER_GROUPS, 8.3, 12.6, 17981.7, 2.9, 0, 0, 2, 16, 5979, 2091, 1.4, 2047.2, 670.7
3, 129190, 30/12/2018 19:40:09, OTHER_GROUPS, 7.2, 11.3, 16651.1, 3, 0, 0, 0, 0, 6108, 920, 1.1, 1153.7, 496.6
3, 129191, 30/12/2018 20:00:06, OTHER_GROUPS, 7.2, 10.9, 14186.1, 2.7, 0, 0, 0, 0, 5817, 971, 1, 1234.1, 342.6
3, 129192, 30/12/2018 20:20:02, OTHER_GROUPS, 7, 10.5, 17056.1, 2.2, 0, 0, 0, 0, 6746, 685, 1.3, 1402.2, 614.5
3, 129193, 30/12/2018 20:40:10, OTHER_GROUPS, 7.2, 10.4, 17175.2, 1.9, 0, 0, 0, 0, 5967, 732, 1.3, 1260, 494.4
3, 129194, 30/12/2018 21:00:21, OTHER_GROUPS, 7, 10.5, 15422.2, 2.1, 0, 0, 0, 0, 5624, 2449, 1.4, 1114.5, 464.8
3, 129195, 30/12/2018 21:20:18, OTHER_GROUPS, 7.2, 10.9, 17331.2, 2.5, 0, 0, 0, 0, 5349, 1371, 1.2, 1026.9, 613
3, 129196, 30/12/2018 21:40:35, OTHER_GROUPS, 7.2, 10.1, 15653.8, 1.5, 0, 0, 0, 0, 5968, 736, 1.4, 1324.3, 572.8
3, 129197, 30/12/2018 22:00:07, OTHER_GROUPS, 7.7, 12.4, 17437.2, 3.3, 0, 0, 0, 0, 6087, 1075, 1.4, 1119.6, 742.7
3, 129198, 30/12/2018 22:20:06, OTHER_GROUPS, 7.1, 10.6, 16641.8, 2.2, 0, 0, 0, 0, 6916, 780, 1.3, 1499.7, 580.4
3, 129199, 30/12/2018 22:40:04, OTHER_GROUPS, 7.1, 9.7, 16528.6, 1.1, 0, 0, 0, 0, 6242, 728, 1.5, 1229, 483.9
3, 129200, 30/12/2018 23:00:09, OTHER_GROUPS, 7.3, 11.8, 16510.8, 3.1, 0, 0, 0, 0, 5656, 1031, 1.4, 1188.8, 1100.9
3, 129201, 30/12/2018 23:20:15, OTHER_GROUPS, 7.3, 12.1, 16900.6, 3.3, 0, 0, 0, 0, 5802, 788, 1.5, 1248.7, 1117.8
3, 129202, 30/12/2018 23:40:17, OTHER_GROUPS, 7.3, 14.5, 16609.7, 5.6, 0, 0, 0, 0, 5548, 754, 1.6, 1058.4, 1119
3, 129185, 30/12/2018 18:00:09, SANDBOX_GROUP, 9, 12.8, 4667.1, 0, 0, 0, 30, 442, 581, 10874, 3.8, 15450.8, 1308.2
3, 129186, 30/12/2018 18:20:02, SANDBOX_GROUP, 7.4, 9.8, 2243, 0, 0, 0, 11, 152, 64, 3845, 2.4, 5480.4, 5354.3
3, 129187, 30/12/2018 18:40:16, SANDBOX_GROUP, 3.3, 4.6, 3473.2, 0, 0, 0, 5, 64, 69, 846, 1.3, 1322.5, 3398.6
3, 129188, 30/12/2018 19:00:19, SANDBOX_GROUP, 0.9, 2.1, 4063.2, 0, 0, 0, 6, 80, 172, 195, 1.2, 369.9, 1549.4
3, 129189, 30/12/2018 19:20:07, SANDBOX_GROUP, 0.7, 1.2, 7212, 0, 0, 0, 21, 328, 332, 153, 0.5, 3325.7, 758.3
3, 129190, 30/12/2018 19:40:09, SANDBOX_GROUP, 0.4, 0.8, 3092.1, 0, 0, 0, 9, 144, 164, 39, 0.4, 1509, 741.5
3, 129191, 30/12/2018 20:00:06, SANDBOX_GROUP, 0.8, 1.2, 3917.5, 0, 0, 0, 21, 336, 377, 99, 0.4, 4973.9, 686.6
3, 129192, 30/12/2018 20:20:02, SANDBOX_GROUP, 0.4, 0.8, 921.7, 0, 0, 0, 8, 128, 130, 34, 0.4, 1335.2, 808.7
3, 129193, 30/12/2018 20:40:10, SANDBOX_GROUP, 0.3, 0.8, 1702.4, 0, 0, 0, 0, 0, 8, 29, 0.5, 17.8, 742.6
3, 129194, 30/12/2018 21:00:21, SANDBOX_GROUP, 0.4, 1, 1567.7, 0, 0, 0, 2, 32, 64, 108, 0.6, 1072.7, 515.9
3, 129195, 30/12/2018 21:20:18, SANDBOX_GROUP, 0.6, 1.1, 427.7, 0, 0, 0, 20, 312, 360, 95, 0.5, 3791.1, 765
3, 129196, 30/12/2018 21:40:35, SANDBOX_GROUP, 0.6, 1, 301, 0, 0, 0, 22, 352, 431, 46, 0.4, 4671.6, 675.7
3, 129197, 30/12/2018 22:00:07, SANDBOX_GROUP, 0.7, 1.1, 109.3, 0, 0, 0, 23, 360, 348, 62, 0.4, 4211.2, 232.7
3, 129198, 30/12/2018 22:20:06, SANDBOX_GROUP, 0.3, 0.6, 105.4, 0, 0, 0, 5, 72, 65, 9, 0.3, 984.5, 178.1
3, 129131, 30/12/2018 00:00:15, SZB_SANDBOX_GROUP, 7.7, 9, 5031.8, 0.6, 0, 0, 7, 384, 23237, 2204, 0.7, 3008.5, 810
3, 129132, 30/12/2018 00:20:02, SZB_SANDBOX_GROUP, 4.1, 8.6, 1884.6, 3.8, 0, 0, 3, 192, 23495, 1272, 0.7, 2738.4, 525
3, 129133, 30/12/2018 00:40:18, SZB_SANDBOX_GROUP, 5.5, 7, 2640, 1.2, 0, 0, 1, 64, 192, 2326, 0.3, 670.1, 232.4
3, 129134, 30/12/2018 01:00:04, SZB_SANDBOX_GROUP, 4, 5, 2666, 0.6, 0, 0, 6, 352, 966, 1062, 0.4, 217.4, 304.2
3, 129135, 30/12/2018 01:20:16, SZB_SANDBOX_GROUP, 7.3, 7.6, 1389.3, 0, 0, 0, 12, 557, 1001, 2353, 0.3, 113.9, 390.5
3, 129136, 30/12/2018 01:40:03, SZB_SANDBOX_GROUP, 8.9, 9.5, 904.5, 0, 0, 0, 12, 768, 1350, 2566, 0.6, 164.8, 852.8
3, 129137, 30/12/2018 02:00:07, SZB_SANDBOX_GROUP, 17.4, 21.7, 11623.5, 2.2, 0, 0, 23, 1352, 3630, 8461, 2.1, 2396, 3940.9
3, 129138, 30/12/2018 02:20:16, SZB_SANDBOX_GROUP, 22.6, 23.6, 12411.7, 0, 0, 0, 15, 868, 1670, 10256, 1, 314.7, 1174.5
3, 129139, 30/12/2018 02:40:26, SZB_SANDBOX_GROUP, 2.8, 3.8, 1075.9, 0.5, 0, 0, 20, 992, 1231, 508, 0.5, 85.7, 601.8
3, 129140, 30/12/2018 03:00:10, SZB_SANDBOX_GROUP, 19.9, 35.6, 15588, 14.1, 0, 0, 25, 1408, 6805, 9171, 1.6, 13981.2, 937.2
3, 129141, 30/12/2018 03:20:30, SZB_SANDBOX_GROUP, 14.6, 34.6, 16989.9, 18.5, 0, 0, 21, 928, 2475, 5719, 1.5, 9964.1, 623.7
3, 129142, 30/12/2018 03:40:03, SZB_SANDBOX_GROUP, 7.6, 8.6, 6182.4, 0, 0, 0, 20, 1152, 4001, 1581, 1, 484.7, 1313.9
3, 129143, 30/12/2018 04:00:01, SZB_SANDBOX_GROUP, 20.5, 25.7, 14385.9, 3.8, 0, 0, 4, 224, 2990, 9712, 1.4, 9712.5, 997.9
3, 129144, 30/12/2018 04:20:06, SZB_SANDBOX_GROUP, 25, 41.9, 7866.2, 14.9, 0, 0, 6, 384, 3620, 16111, 2, 7583.9, 1971.4
3, 129145, 30/12/2018 04:40:01, SZB_SANDBOX_GROUP, 6.6, 17.4, 7051.8, 8.6, 0, 0, 6, 352, 1746, 2116, 2.2, 226.2, 3908.2
3, 129146, 30/12/2018 05:00:13, SZB_SANDBOX_GROUP, 22.6, 30.9, 23546.6, 5.7, 0, 0, 7, 416, 2100, 7632, 2.6, 4205.9, 2150.4
3, 129147, 30/12/2018 05:20:22, SZB_SANDBOX_GROUP, 10.3, 15.2, 8731.9, 3.7, 0, 0, 5, 320, 653, 1993, 1.2, 513.8, 2435.6
3, 129148, 30/12/2018 05:40:09, SZB_SANDBOX_GROUP, 8, 11.4, 7128.2, 2.1, 0, 0, 3, 192, 2217, 2627, 1.3, 909.7, 2435.3
3, 129149, 30/12/2018 06:00:18, SZB_SANDBOX_GROUP, 16.2, 16.9, 11282.7, 0, 0, 0, 12, 672, 2112, 3842, 0.7, 1662.4, 1355.3
3, 129150, 30/12/2018 06:20:33, SZB_SANDBOX_GROUP, 5.4, 7.1, 13052.4, 1.3, 0, 0, 6, 272, 1190, 742, 0.4, 529.8, 751.3
3, 129151, 30/12/2018 06:40:02, SZB_SANDBOX_GROUP, 17.7, 34.7, 20922.1, 13.5, 0, 0, 3, 192, 861, 12747, 3.5, 1967, 8950.8
3, 129182, 30/12/2018 17:00:44, SZB_SANDBOX_GROUP, 11.1, 15.7, 13164.1, 4.1, 0, 0, 14, 896, 1664, 2421, 0.5, 1933.6, 776.3
3, 129183, 30/12/2018 17:20:02, SZB_SANDBOX_GROUP, 2.3, 2.5, 199.8, 0, 0, 0, 15, 928, 2002, 322, 0.2, 268.3, 136.4
3, 129184, 30/12/2018 17:40:02, SZB_SANDBOX_GROUP, 2.2, 2.9, 237.9, 0.6, 0, 0, 4, 224, 730, 513, 0.1, 1324.2, 433.8
3, 129185, 30/12/2018 18:00:09, SZB_SANDBOX_GROUP, 5.4, 5.7, 676.6, 0, 0, 0, 7, 416, 1063, 1768, 0.3, 1718.4, 240.5
3, 129186, 30/12/2018 18:20:02, SZB_SANDBOX_GROUP, 1.7, 1.9, 201.8, 0.1, 0, 0, 24, 1152, 1423, 280, 0.1, 116.7, 116.3
3, 129187, 30/12/2018 18:40:16, SZB_SANDBOX_GROUP, 5, 8.6, 1511.9, 1.4, 0, 0, 47, 2528, 4874, 1489, 2.2, 1592.7, 3502.2
3, 129188, 30/12/2018 19:00:19, SZB_SANDBOX_GROUP, 19.1, 25, 9405.3, 1.4, 0, 0, 31, 1952, 10713, 7626, 4.5, 5933.2, 5124.1
3, 129189, 30/12/2018 19:20:07, SZB_SANDBOX_GROUP, 7.8, 14, 3415.5, 0, 0, 0, 10, 640, 15675, 3047, 6.2, 2684.8, 6392.3
3, 129190, 30/12/2018 19:40:09, SZB_SANDBOX_GROUP, 6.1, 13.2, 1445.8, 0, 0, 0, 19, 1216, 12332, 2447, 7.1, 1926.7, 5514
3, 129191, 30/12/2018 20:00:06, SZB_SANDBOX_GROUP, 4.8, 9.1, 452.1, 2.5, 0, 0, 8, 480, 36764, 2506, 1.8, 1809.1, 1959.7
3, 129192, 30/12/2018 20:20:02, SZB_SANDBOX_GROUP, 2.6, 3.7, 796.8, 0.5, 0, 0, 8, 512, 111923, 982, 0.6, 1557.2, 904.2
3, 129193, 30/12/2018 20:40:10, SZB_SANDBOX_GROUP, 7.5, 11.5, 2251.2, 3.2, 0, 0, 16, 896, 1944, 2372, 0.8, 9179.8, 809.6
3, 129194, 30/12/2018 21:00:21, SZB_SANDBOX_GROUP, 21.8, 25.1, 9711.9, 2.1, 0, 0, 26, 1600, 2363, 6361, 1.2, 4779.6, 525.2
3, 129195, 30/12/2018 21:20:18, SZB_SANDBOX_GROUP, 14.9, 16.4, 2478.6, 0.9, 0, 0, 34, 1664, 2217, 3391, 0.6, 2638.5, 874.1
3, 129196, 30/12/2018 21:40:35, SZB_SANDBOX_GROUP, 3.9, 5.3, 2966, 1, 0, 0, 5, 256, 2181, 519, 0.4, 3348.9, 979.2
3, 129197, 30/12/2018 22:00:07, SZB_SANDBOX_GROUP, 17.6, 18.8, 5753.8, 0.5, 0, 0, 15, 712, 15785, 5413, 0.7, 2835.2, 983.6
3, 129198, 30/12/2018 22:20:06, SZB_SANDBOX_GROUP, 7.2, 7.8, 2210.3, 0.2, 0, 0, 19, 1184, 39639, 1904, 0.4, 3681.7, 559.5
3, 129199, 30/12/2018 22:40:04, SZB_SANDBOX_GROUP, 8.1, 9.7, 1756.2, 1.3, 0, 0, 24, 1504, 2749, 1811, 0.3, 10637, 585.7
3, 129200, 30/12/2018 23:00:09, SZB_SANDBOX_GROUP, 8.7, 9.9, 6772.4, 0.5, 0, 0, 40, 2176, 3336, 1462, 0.7, 1500.9, 1673.7
3, 129201, 30/12/2018 23:20:15, SZB_SANDBOX_GROUP, 2.1, 2.6, 146.8, 0, 0, 0, 30, 1440, 2068, 346, 0.5, 197.7, 530.4
3, 129202, 30/12/2018 23:40:17, SZB_SANDBOX_GROUP, 1.4, 1.7, 184.5, 0, 0, 0, 13, 704, 1030, 188, 0.3, 123.9, 353
4, 129133, 30/12/2018 00:40:24, ADW_UNLOAD_GROUP, 0, 0, 0, 0, 0, 0, 0, 0, 62, 0, 0, 0, 0
4, 129134, 30/12/2018 01:00:05, ADW_UNLOAD_GROUP, 0, 0, 0, 0, 0, 0, 0, 0, 62, 0, 0, 0, 0
4, 129135, 30/12/2018 01:20:16, ADW_UNLOAD_GROUP, 0, 0, 0, 0, 0, 0, 0, 0, 65, 1, 0, 0, 0
4, 129136, 30/12/2018 01:40:03, ADW_UNLOAD_GROUP, 0, 0, 0, 0, 0, 0, 0, 0, 66, 0, 0, 0, 0
4, 129137, 30/12/2018 02:00:07, ADW_UNLOAD_GROUP, 0, 0, 0, 0, 0, 0, 0, 0, 72, 0, 0, 0, 0
4, 129139, 30/12/2018 02:40:26, ADW_UNLOAD_GROUP, 0, 0, 0, 0, 0, 0, 0, 0, 60, 0, 0, 0, 0
4, 129141, 30/12/2018 03:20:30, ADW_UNLOAD_GROUP, 0, 0, 0, 0, 0, 0, 0, 0, 65, 2, 0, 0, 0
4, 129142, 30/12/2018 03:40:03, ADW_UNLOAD_GROUP, 0, 0, 0, 0, 0, 0, 0, 0, 61, 0, 0, 0, 0
4, 129143, 30/12/2018 04:00:01, ADW_UNLOAD_GROUP, 0, 0, 0, 0, 0, 0, 0, 0, 65, 0, 0, 0, 0
4, 129145, 30/12/2018 04:40:01, ADW_UNLOAD_GROUP, 0, 0, 0, 0, 0, 0, 0, 0, 63, 1, 0, 0, 0
4, 129146, 30/12/2018 05:00:12, ADW_UNLOAD_GROUP, 0, 0, 0, 0, 0, 0, 0, 0, 63, 0, 0, 0, 0
4, 129147, 30/12/2018 05:20:22, ADW_UNLOAD_GROUP, 0, 0, 0, 0, 0, 0, 0, 0, 70, 0, 0, 0, 0
4, 129151, 30/12/2018 06:40:02, ADW_UNLOAD_GROUP, 0, 0, 0, 0, 0, 0, 0, 0, 65, 1, 0, 0, 0
4, 129183, 30/12/2018 17:20:02, ADW_UNLOAD_GROUP, 0, 0, 0, 0, 0, 0, 0, 0, 65, 0, 0, 0, 0
4, 129185, 30/12/2018 18:00:09, ADW_UNLOAD_GROUP, 0, 0, 0, 0, 0, 0, 0, 0, 65, 0, 0, 0, 0
4, 129188, 30/12/2018 19:00:19, ADW_UNLOAD_GROUP, 0, 0, 0.4, 0, 0, 0, 0, 0, 121, 2, 0, 4.1, 4.9
4, 129190, 30/12/2018 19:40:09, ADW_UNLOAD_GROUP, 0, 0, 0, 0, 0, 0, 0, 0, 66, 0, 0, 0, 0
4, 129191, 30/12/2018 20:00:06, ADW_UNLOAD_GROUP, 0, 0, 0, 0, 0, 0, 0, 0, 64, 0, 0, 0, 0
4, 129192, 30/12/2018 20:20:02, ADW_UNLOAD_GROUP, 0, 0, 0, 0, 0, 0, 0, 0, 51, 0, 0, 0, 0
4, 129194, 30/12/2018 21:00:22, ADW_UNLOAD_GROUP, 0, 0, 0, 0, 0, 0, 0, 0, 61, 0, 0, 0, 0
4, 129197, 30/12/2018 22:00:07, ADW_UNLOAD_GROUP, 0, 1, 51.2, 1, 0, 0, 0, 0, 55, 0, 0, 0, 0
4, 129199, 30/12/2018 22:40:04, ADW_UNLOAD_GROUP, 0, 0, 0, 0, 0, 0, 0, 0, 55, 0, 0, 0, 0
4, 129131, 30/12/2018 00:00:15, DM_TECH_GROUP, 0.4, 0.7, 91.1, 0.2, 0, 0, 1, 16, 17, 25, 0.1, 7.3, 214.9
4, 129132, 30/12/2018 00:20:02, DM_TECH_GROUP, 5.8, 14.9, 8246.8, 8.6, 49, 0.7, 131, 1914, 2250, 2300, 0.5, 645.9, 933.6
4, 129133, 30/12/2018 00:40:24, DM_TECH_GROUP, 12.3, 22.2, 19802.5, 8.8, 12, 2.7, 6, 78, 322, 4981, 1.1, 1183.5, 2042.1
4, 129134, 30/12/2018 01:00:05, DM_TECH_GROUP, 9.2, 19.5, 19421.6, 9.2, 22, 8.2, 10, 164, 219, 2970, 1.1, 655.9, 2132.9
4, 129135, 30/12/2018 01:20:16, DM_TECH_GROUP, 12.7, 30.8, 24779.1, 16, 78, 8.2, 78, 1096, 1277, 5166, 2.1, 438.3, 5270.3
4, 129136, 30/12/2018 01:40:03, DM_TECH_GROUP, 12.2, 20.8, 27884.2, 6.3, 111, 2.9, 194, 2982, 3172, 3594, 2.3, 1353.2, 6052.7
4, 129137, 30/12/2018 02:00:07, DM_TECH_GROUP, 12.4, 22.7, 12901.8, 8.4, 14, 1.6, 13, 194, 324, 3792, 1.9, 1439.9, 3609.7
4, 129138, 30/12/2018 02:20:16, DM_TECH_GROUP, 13.2, 25.7, 10964.8, 8.7, 3, 0.2, 70, 1040, 1174, 4618, 3.8, 1142, 9102.6
4, 129139, 30/12/2018 02:40:26, DM_TECH_GROUP, 16, 24.6, 20690.8, 5, 0, 0, 22, 342, 477, 4952, 3.6, 975.5, 11593.4
4, 129140, 30/12/2018 03:00:11, DM_TECH_GROUP, 9.9, 17.6, 18482.8, 3.6, 0, 0, 11, 176, 239, 2254, 4.1, 952.3, 5170.5
4, 129141, 30/12/2018 03:20:30, DM_TECH_GROUP, 7, 16.1, 15113.9, 5.8, 0, 0, 22, 310, 448, 1057, 3.3, 240.3, 2174.5
4, 129142, 30/12/2018 03:40:03, DM_TECH_GROUP, 9.1, 13.2, 10006.1, 3.8, 0, 0, 20, 292, 318, 1117, 0.3, 525, 543.7
4, 129143, 30/12/2018 04:00:01, DM_TECH_GROUP, 8.6, 14.5, 9333.8, 5.7, 0, 0, 0, 0, 0, 891, 0.2, 840, 224.8
4, 129144, 30/12/2018 04:20:11, DM_TECH_GROUP, 9.8, 20.4, 15714.5, 8.9, 4, 0.3, 15, 214, 404, 4428, 1.7, 905.5, 5248.5
4, 129145, 30/12/2018 04:40:01, DM_TECH_GROUP, 7, 14.7, 22612.3, 6.3, 4, 0.3, 23, 358, 394, 1816, 1.4, 808.1, 3320.7
4, 129146, 30/12/2018 05:00:12, DM_TECH_GROUP, 4.3, 8.2, 13763.7, 3.2, 0, 0, 46, 678, 706, 444, 0.7, 453.5, 736.6
4, 129147, 30/12/2018 05:20:22, DM_TECH_GROUP, 4.4, 6.4, 6661.3, 1.9, 0, 0, 2, 16, 47, 783, 0.1, 240.7, 96.7
4, 129148, 30/12/2018 05:40:02, DM_TECH_GROUP, 4.2, 7.2, 5181.8, 2.8, 0, 0, 0, 0, 0, 1334, 0.2, 415.2, 254.6
4, 129149, 30/12/2018 06:00:17, DM_TECH_GROUP, 1.7, 4, 3867.9, 2.2, 0, 0, 1, 24, 0, 188, 0.1, 115.3, 163.6
4, 129150, 30/12/2018 06:20:34, DM_TECH_GROUP, 1.3, 2.9, 1508, 1.3, 0, 0, 15, 200, 207, 160, 0.3, 74.5, 798
4, 129151, 30/12/2018 06:40:02, DM_TECH_GROUP, 0.3, 0.8, 211.9, 0.4, 0, 0, 0, 0, 1, 22, 0.1, 3.9, 105.8
4, 129182, 30/12/2018 17:00:44, DM_TECH_GROUP, 0.1, 0.2, 37.3, 0.1, 0, 0, 0, 0, 0, 0, 0, 0, 0
4, 129183, 30/12/2018 17:20:02, DM_TECH_GROUP, 0.3, 0.5, 36.6, 0.2, 0, 0, 0, 0, 27, 6, 0, 1.7, 215.9
4, 129184, 30/12/2018 17:40:02, DM_TECH_GROUP, 0.7, 1.1, 127.8, 0.3, 0, 0, 3, 68, 38, 35, 0.1, 13.6, 624
4, 129185, 30/12/2018 18:00:09, DM_TECH_GROUP, 1.7, 2.8, 2875.1, 0.8, 0, 0, 8, 130, 394, 87, 0.3, 96.1, 598.1
4, 129186, 30/12/2018 18:20:02, DM_TECH_GROUP, 0.5, 1, 15.8, 0.3, 0, 0, 0, 0, 89, 10, 0.2, 32.7, 519.4
4, 129187, 30/12/2018 18:40:16, DM_TECH_GROUP, 0.7, 1.3, 31.8, 0.4, 0, 0, 14, 208, 199, 41, 0.2, 55.7, 776.5
4, 129188, 30/12/2018 19:00:19, DM_TECH_GROUP, 0.4, 1.1, 190.5, 0.5, 0, 0, 0, 0, 0, 15, 0.2, 4.5, 567.7
4, 129189, 30/12/2018 19:20:08, DM_TECH_GROUP, 4.8, 7.7, 13786.8, 1.7, 0, 0, 17, 320, 382, 1517, 1.2, 618, 6670.1
4, 129190, 30/12/2018 19:40:09, DM_TECH_GROUP, 3.8, 7.9, 712.3, 3, 0, 0, 762, 10840, 10911, 1157, 1.1, 1994.9, 6097.5
4, 129191, 30/12/2018 20:00:06, DM_TECH_GROUP, 1.9, 4.5, 2940.2, 1.9, 1, 0, 9, 136, 136, 267, 0.7, 415.3, 3442.1
4, 129192, 30/12/2018 20:20:02, DM_TECH_GROUP, 0.8, 1.9, 188.8, 0.9, 0, 0, 55, 824, 808, 58, 0.2, 13.6, 621.3
4, 129193, 30/12/2018 20:40:11, DM_TECH_GROUP, 0.4, 0.9, 53.5, 0.5, 0, 0, 13, 176, 176, 20, 0, 6.8, 135.7
4, 129194, 30/12/2018 21:00:22, DM_TECH_GROUP, 0.3, 0.4, 928.9, 0.1, 0, 0, 1, 16, 19, 11, 0, 5.3, 31.7
4, 129195, 30/12/2018 21:20:18, DM_TECH_GROUP, 0.1, 0.2, 62.2, 0.1, 0, 0, 0, 0, 0, 3, 0, 3.8, 3.5
4, 129196, 30/12/2018 21:40:35, DM_TECH_GROUP, 0.1, 0.2, 43.8, 0.1, 0, 0, 0, 0, 1, 2, 0, 4, 3.9
4, 129197, 30/12/2018 22:00:07, DM_TECH_GROUP, 0.2, 0.2, 53.1, 0, 0, 0, 3, 38, 34, 5, 0, 8.1, 8
4, 129198, 30/12/2018 22:20:06, DM_TECH_GROUP, 0.1, 0.2, 11.2, 0.1, 0, 0, 1, 24, 0, 4, 0, 4.3, 0
4, 129199, 30/12/2018 22:40:04, DM_TECH_GROUP, 0.2, 0.2, 104.2, 0, 0, 0, 2, 24, 38, 0, 0, 9.1, 8.3
4, 129200, 30/12/2018 23:00:09, DM_TECH_GROUP, 0.3, 0.4, 66.8, 0, 0, 0, 6, 98, 309, 4, 0.1, 30, 62.7
4, 129201, 30/12/2018 23:20:15, DM_TECH_GROUP, 1.8, 5.1, 2638.7, 3, 0, 0, 7, 156, 337, 290, 0.3, 203.2, 1376.9
4, 129202, 30/12/2018 23:40:15, DM_TECH_GROUP, 1.2, 3.5, 8491.2, 2, 0, 0, 4, 60, 79, 147, 0.3, 108.3, 1863.3
4, 129131, 30/12/2018 00:00:15, ODS_SUPPORT_GROUP, 0, 0, None, 0, 0, 0, 0, 0, 15, 0, 0, 0, 0
4, 129132, 30/12/2018 00:20:02, ODS_SUPPORT_GROUP, 0, 0, None, 0, 0, 0, 0, 0, 17, 0, 0, 0, 0
4, 129133, 30/12/2018 00:40:24, ODS_SUPPORT_GROUP, 0, 0, None, 0, 0, 0, 0, 0, 16, 0, 0, 0, 0
4, 129134, 30/12/2018 01:00:05, ODS_SUPPORT_GROUP, 0, 0, None, 0, 0, 0, 0, 0, 15, 0, 0, 0, 0
4, 129135, 30/12/2018 01:20:16, ODS_SUPPORT_GROUP, 0, 0, None, 0, 0, 0, 0, 0, 16, 0, 0, 0, 0
4, 129136, 30/12/2018 01:40:03, ODS_SUPPORT_GROUP, 0, 0.1, 7.3, 0.1, 0, 0, 0, 0, 32, 7, 0, 55, 0.6
4, 129137, 30/12/2018 02:00:07, ODS_SUPPORT_GROUP, 0.4, 0.7, 48.5, 0.1, 0, 0, 2, 8, 20, 61, 0.2, 1008.7, 14
4, 129138, 30/12/2018 02:20:16, ODS_SUPPORT_GROUP, 0.1, 0.1, 11.8, 0, 0, 0, 1, 2, 15, 5, 0, 2, 0
4, 129139, 30/12/2018 02:40:26, ODS_SUPPORT_GROUP, 0, 0, 0, 0, 0, 0, 0, 0, 16, 0, 0, 0, 0
4, 129140, 30/12/2018 03:00:11, ODS_SUPPORT_GROUP, 0, 0, None, 0, 0, 0, 0, 0, 15, 0, 0, 0, 0
4, 129141, 30/12/2018 03:20:30, ODS_SUPPORT_GROUP, 0, 0, None, 0, 0, 0, 0, 0, 16, 0, 0, 0, 0
4, 129142, 30/12/2018 03:40:03, ODS_SUPPORT_GROUP, 0, 0, None, 0, 0, 0, 0, 0, 16, 0, 0, 0, 0
4, 129143, 30/12/2018 04:00:01, ODS_SUPPORT_GROUP, 0, 0, None, 0, 0, 0, 0, 0, 16, 0, 0, 0, 0
4, 129144, 30/12/2018 04:20:11, ODS_SUPPORT_GROUP, 0, 0, None, 0, 0, 0, 0, 0, 16, 0, 0, 0, 0
4, 129145, 30/12/2018 04:40:01, ODS_SUPPORT_GROUP, 0, 0, None, 0, 0, 0, 0, 0, 16, 0, 0, 0, 0
4, 129146, 30/12/2018 05:00:12, ODS_SUPPORT_GROUP, 0, 0, None, 0, 0, 0, 0, 0, 15, 0, 0, 0, 0
4, 129147, 30/12/2018 05:20:22, ODS_SUPPORT_GROUP, 0, 0, None, 0, 0, 0, 0, 0, 17, 0, 0, 0, 0
4, 129148, 30/12/2018 05:40:02, ODS_SUPPORT_GROUP, 0, 0, None, 0, 0, 0, 0, 0, 13, 0, 0, 0, 0
4, 129149, 30/12/2018 06:00:17, ODS_SUPPORT_GROUP, 0, 0, None, 0, 0, 0, 0, 0, 15, 0, 0, 0, 0
4, 129150, 30/12/2018 06:20:34, ODS_SUPPORT_GROUP, 0, 0, None, 0, 0, 0, 0, 0, 16, 0, 0, 0, 0
4, 129151, 30/12/2018 06:40:02, ODS_SUPPORT_GROUP, 0, 0, None, 0, 0, 0, 0, 0, 13, 0, 0, 0, 0
4, 129182, 30/12/2018 17:00:44, ODS_SUPPORT_GROUP, 0, 0, None, 0, 0, 0, 0, 0, 16, 0, 0, 0, 0
4, 129183, 30/12/2018 17:20:02, ODS_SUPPORT_GROUP, 0, 0, None, 0, 0, 0, 0, 0, 16, 0, 0, 0, 0
4, 129184, 30/12/2018 17:40:02, ODS_SUPPORT_GROUP, 0, 0, None, 0, 0, 0, 0, 0, 16, 0, 0, 0, 0
4, 129185, 30/12/2018 18:00:09, ODS_SUPPORT_GROUP, 0, 0, 0, 0, 0, 0, 0, 0, 14, 0, 0, 0, 0
4, 129186, 30/12/2018 18:20:02, ODS_SUPPORT_GROUP, 0.1, 0.1, 1.6, 0, 0, 0, 0, 0, 16, 0, 0, 6.5, 6.7
4, 129187, 30/12/2018 18:40:16, ODS_SUPPORT_GROUP, 0.3, 0.3, 47.4, 0, 0, 0, 1, 2, 18, 7, 0, 10, 1.7
4, 129188, 30/12/2018 19:00:19, ODS_SUPPORT_GROUP, 0.2, 0.3, 6, 0.1, 0, 0, 1, 2, 18, 5, 0, 16.8, 7.6
4, 129189, 30/12/2018 19:20:08, ODS_SUPPORT_GROUP, 0.3, 0.4, 29.7, 0.1, 0, 0, 1, 2, 18, 9, 0, 15.3, 3.8
4, 129190, 30/12/2018 19:40:09, ODS_SUPPORT_GROUP, 0.1, 0.1, 1.3, 0, 0, 0, 0, 0, 13, 0, 0, 4.1, 6.7
4, 129191, 30/12/2018 20:00:06, ODS_SUPPORT_GROUP, 0, 0, None, 0, 0, 0, 0, 0, 17, 0, 0, 0, 0
4, 129192, 30/12/2018 20:20:02, ODS_SUPPORT_GROUP, 0, 0, None, 0, 0, 0, 0, 0, 15, 0, 0, 0, 0
4, 129193, 30/12/2018 20:40:11, ODS_SUPPORT_GROUP, 0, 0, None, 0, 0, 0, 0, 0, 16, 0, 0, 0, 0
4, 129194, 30/12/2018 21:00:22, ODS_SUPPORT_GROUP, 0, 0, None, 0, 0, 0, 0, 0, 16, 0, 0, 0, 0
4, 129195, 30/12/2018 21:20:18, ODS_SUPPORT_GROUP, 0, 0, 0, 0, 0, 0, 0, 0, 16, 0, 0, 0, 0
4, 129196, 30/12/2018 21:40:35, ODS_SUPPORT_GROUP, 0, 0, None, 0, 0, 0, 0, 0, 16, 0, 0, 0, 0
4, 129197, 30/12/2018 22:00:07, ODS_SUPPORT_GROUP, 0, 0, None, 0, 0, 0, 0, 0, 16, 0, 0, 0, 0
4, 129198, 30/12/2018 22:20:06, ODS_SUPPORT_GROUP, 0, 0, None, 0, 0, 0, 0, 0, 16, 0, 0, 0, 0
4, 129199, 30/12/2018 22:40:04, ODS_SUPPORT_GROUP, 0, 0, None, 0, 0, 0, 0, 0, 14, 0, 0, 0, 0
4, 129200, 30/12/2018 23:00:09, ODS_SUPPORT_GROUP, 0, 0, None, 0, 0, 0, 0, 0, 14, 0, 0, 0, 0
4, 129201, 30/12/2018 23:20:15, ODS_SUPPORT_GROUP, 0, 0, None, 0, 0, 0, 0, 0, 14, 0, 0, 0, 0
4, 129202, 30/12/2018 23:40:15, ODS_SUPPORT_GROUP, 0, 0, None, 0, 0, 0, 0, 0, 14, 0, 0, 0, 0
4, 129131, 30/12/2018 00:00:15, OTHER_GROUPS, 7.1, 28.9, 14003.6, 21.1, 0, 0, 66, 264, 1591, 1130, 0.7, 2123.1, 510.4
4, 129132, 30/12/2018 00:20:02, OTHER_GROUPS, 13.8, 81.2, 17325.5, 66.5, 0, 0, 181, 1232, 2891, 4838, 0.9, 7618.6, 364.6
4, 129133, 30/12/2018 00:40:24, OTHER_GROUPS, 24, 74.7, 14614.4, 48.9, 0, 0, 183, 1232, 2394, 16919, 1.8, 3937.5, 2894.6
4, 129134, 30/12/2018 01:00:05, OTHER_GROUPS, 11.6, 49.5, 14330.8, 36.9, 0, 0, 209, 1468, 3165, 4937, 1, 2603.5, 322.3
4, 129135, 30/12/2018 01:20:16, OTHER_GROUPS, 8.4, 21.8, 13497.8, 12.8, 0, 0, 208, 1488, 2441, 2226, 0.6, 2368.5, 209.6
4, 129136, 30/12/2018 01:40:03, OTHER_GROUPS, 9.9, 19.7, 13285.1, 8.7, 0, 0, 9, 36, 1541, 3060, 1.1, 1324.1, 2807.8
4, 129137, 30/12/2018 02:00:07, OTHER_GROUPS, 11.3, 29.6, 20904.1, 16.8, 0, 0, 0, 0, 1479, 4773, 1.5, 1122.7, 2703.9
4, 129138, 30/12/2018 02:20:16, OTHER_GROUPS, 8.2, 21.3, 15738.6, 12.1, 0, 0, 4, 16, 1393, 2317, 1, 999.3, 1748
4, 129139, 30/12/2018 02:40:26, OTHER_GROUPS, 5.8, 14.7, 14165.3, 8.1, 0, 0, 0, 0, 946, 775, 0.8, 686.8, 290.7
4, 129140, 30/12/2018 03:00:11, OTHER_GROUPS, 5.7, 16.4, 13381.9, 10, 0, 0, 0, 0, 684, 1256, 0.7, 686.2, 176.1
4, 129141, 30/12/2018 03:20:30, OTHER_GROUPS, 5.9, 22.4, 15853.7, 15.9, 0, 0, 0, 0, 612, 729, 0.6, 837.9, 134.7
4, 129142, 30/12/2018 03:40:03, OTHER_GROUPS, 5.5, 14.7, 16110.2, 8.7, 0, 0, 0, 0, 724, 595, 0.5, 795.3, 113.1
4, 129143, 30/12/2018 04:00:01, OTHER_GROUPS, 7.4, 17.7, 42993.5, 9.6, 0, 0, 0, 0, 706, 789, 0.7, 1021, 327.1
4, 129144, 30/12/2018 04:20:11, OTHER_GROUPS, 15.2, 23.8, 59641.5, 6.2, 0, 0, 17, 136, 836, 2285, 2.4, 1358.3, 294.5
4, 129145, 30/12/2018 04:40:01, OTHER_GROUPS, 20.4, 32, 53441.8, 10.3, 0, 0, 10, 76, 765, 13252, 1.3, 1794.6, 390.5
4, 129146, 30/12/2018 05:00:12, OTHER_GROUPS, 14.6, 19.7, 57508.4, 3.2, 0, 0, 4, 32, 816, 2997, 1.9, 1554.7, 281.1
4, 129147, 30/12/2018 05:20:22, OTHER_GROUPS, 14.5, 16.4, 50560.3, 0, 0, 0, 0, 0, 633, 1513, 1.9, 1626.1, 266.7
4, 129148, 30/12/2018 05:40:02, OTHER_GROUPS, 6.9, 12.5, 21670.6, 4.8, 0, 0, 0, 0, 728, 651, 0.8, 955.5, 136.6
4, 129149, 30/12/2018 06:00:17, OTHER_GROUPS, 5.7, 17.8, 17062.3, 11.3, 0, 0, 0, 0, 848, 395, 0.8, 929.9, 373.1
4, 129150, 30/12/2018 06:20:34, OTHER_GROUPS, 5.8, 18, 29877.9, 11.5, 0, 0, 0, 0, 574, 460, 0.7, 891.6, 405.1
4, 129151, 30/12/2018 06:40:02, OTHER_GROUPS, 7, 18.1, 19958.7, 10.6, 0, 0, 0, 0, 1540, 3625, 0.5, 659.3, 203.1
4, 129152, 30/12/2018 07:00:02, OTHER_GROUPS, 32.1, 37.2, 34571.9, 0, 0, 0, 34, 502, 2176, 35558, 5.1, 4469.2, 8113.2
4, 129153, 30/12/2018 07:20:25, OTHER_GROUPS, 27.2, 38.1, 29696.9, 4.2, 1, 0, 7, 159, 1672, 24495, 6.7, 4167.7, 14128.2
4, 129154, 30/12/2018 07:40:53, OTHER_GROUPS, 20.4, 28.3, 16967, 4, 0, 0, 149, 2880, 6792, 12166, 3.9, 1627.1, 11571.1
4, 129155, 30/12/2018 08:00:01, OTHER_GROUPS, 36.9, 49.9, 32545.6, 8, 0, 0, 186, 3731, 5465, 20012, 5, 8980.5, 7586.5
4, 129156, 30/12/2018 08:20:15, OTHER_GROUPS, 38.2, 42.3, 27713.5, 0, 0, 0, 193, 4277, 5895, 23477, 4.1, 4385.6, 7085.5
4, 129157, 30/12/2018 08:40:17, OTHER_GROUPS, 36.9, 39.6, 16638.6, 0, 0, 0, 146, 3106, 3903, 23633, 2.7, 7593.1, 3658.2
4, 129158, 30/12/2018 09:00:16, OTHER_GROUPS, 61.6, 64.3, 48394.6, 0, 0, 0, 83, 1825, 3365, 67688, 2.7, 4838.9, 3001.8
4, 129159, 30/12/2018 09:20:15, OTHER_GROUPS, 55.9, 64.7, 32051.7, 5.7, 2, 0, 104, 2383, 3411, 69569, 3.1, 1792.1, 4618.7
4, 129160, 30/12/2018 09:40:14, OTHER_GROUPS, 33.4, 46.5, 21206.2, 9.2, 0, 0, 51, 1457, 4144, 25044, 3.9, 5320.8, 6923.6
4, 129161, 30/12/2018 10:00:37, OTHER_GROUPS, 40.2, 61, 43089.3, 13.4, 0, 0, 841, 9698, 12031, 30636, 7.4, 10141.7, 14541.5
4, 129162, 30/12/2018 10:20:05, OTHER_GROUPS, 31.6, 56.5, 29935.2, 19, 8, 0, 467, 6535, 12952, 23011, 5.9, 5883.2, 9561.4
4, 129163, 30/12/2018 10:40:18, OTHER_GROUPS, 28.6, 32.8, 23390.3, 0, 1, 0, 395, 5464, 11251, 16519, 4.2, 9745.6, 8297.1
4, 129164, 30/12/2018 11:00:12, OTHER_GROUPS, 56.2, 83, 40475.6, 20.9, 2, 0, 105, 2842, 7595, 80328, 5.9, 9863.4, 3965.5
4, 129165, 30/12/2018 11:20:34, OTHER_GROUPS, 44.1, 51.6, 35246.6, 2.7, 0, 0, 74, 2003, 107706, 35819, 4.8, 4509.1, 7814.7
4, 129166, 30/12/2018 11:40:03, OTHER_GROUPS, 48.2, 59, 31899.4, 4, 0, 0, 89, 2760, 6048, 36565, 6.8, 3256.5, 10346
4, 129167, 30/12/2018 12:00:06, OTHER_GROUPS, 49.7, 57.6, 21899.6, 2.7, 1, 0, 141, 2159, 5958, 37219, 5.2, 8596.4, 5057.4
4, 129168, 30/12/2018 12:20:10, OTHER_GROUPS, 39.8, 45.5, 22316.1, 0, 0, 0, 49, 1253, 5431, 23332, 5.7, 4782.3, 5773.4
4, 129169, 30/12/2018 12:40:01, OTHER_GROUPS, 51.3, 80.2, 43480, 23.3, 3, 0, 109, 3289, 7866, 64116, 5.6, 3874.2, 7047
4, 129170, 30/12/2018 13:00:15, OTHER_GROUPS, 41.2, 47.6, 34112.3, 1.8, 2, 0, 467, 20507, 39408, 26947, 4.6, 4213.7, 4933.9
4, 129171, 30/12/2018 13:20:20, OTHER_GROUPS, 28.3, 32, 13691.3, 0, 3, 0, 927, 57003, 58303, 13689, 3.7, 2374.8, 6062.3
4, 129172, 30/12/2018 13:40:05, OTHER_GROUPS, 36.9, 40.5, 20031.3, 0, 1, 0, 964, 59511, 62115, 21459, 3.6, 2332, 5376.8
4, 129173, 30/12/2018 14:00:24, OTHER_GROUPS, 39, 44.2, 12787.7, 0, 0, 0, 767, 46880, 48974, 26372, 5.2, 6973.5, 7380.4
4, 129174, 30/12/2018 14:20:07, OTHER_GROUPS, 24.8, 28.2, 14897.9, 0, 1, 0, 1009, 53553, 54846, 8101, 3.4, 4518.5, 6516.5
4, 129175, 30/12/2018 14:40:10, OTHER_GROUPS, 22.4, 26.8, 12596.5, 0, 0, 0, 1163, 71987, 77688, 77534, 4.4, 2402.8, 8748.9
4, 129176, 30/12/2018 15:00:28, OTHER_GROUPS, 29.9, 33.8, 28488.6, 0, 1, 0, 669, 41555, 58589, 15456, 3.9, 4051.2, 5611.1
4, 129177, 30/12/2018 15:20:05, OTHER_GROUPS, 17.9, 20.4, 5848.7, 0, 0, 0, 807, 50503, 60738, 5919, 2.5, 1925.6, 4945.8
4, 129178, 30/12/2018 15:40:03, OTHER_GROUPS, 15.6, 17.8, 6216.6, 0, 2, 0, 1104, 70271, 71734, 4066, 2.2, 1670.2, 3134.3
4, 129179, 30/12/2018 16:00:06, OTHER_GROUPS, 25.4, 28.4, 8155, 0, 0, 0, 885, 55860, 58104, 12639, 3, 4716.8, 3361.4
4, 129180, 30/12/2018 16:20:19, OTHER_GROUPS, 20.6, 22.9, 5888.9, 0, 0, 0, 911, 57776, 59243, 5213, 2.3, 1550.1, 3567.8
4, 129181, 30/12/2018 16:40:32, OTHER_GROUPS, 14.6, 16.8, 2945, 0, 0, 0, 1345, 84872, 87643, 4880, 2.2, 2091, 2677.5
4, 129182, 30/12/2018 17:00:44, OTHER_GROUPS, 5.8, 8.6, 12044.3, 2.1, 0, 0, 0, 0, 575, 320, 0.7, 1104.7, 387.5
4, 129183, 30/12/2018 17:20:02, OTHER_GROUPS, 5.8, 8.4, 12842.4, 1.9, 0, 0, 0, 0, 593, 264, 0.7, 1094.5, 407
4, 129184, 30/12/2018 17:40:02, OTHER_GROUPS, 5.6, 8.1, 12334.9, 1.9, 0, 0, 0, 0, 564, 269, 0.6, 931.5, 157.5
4, 129185, 30/12/2018 18:00:09, OTHER_GROUPS, 5.6, 8.5, 12654.5, 2.1, 0, 0, 0, 0, 599, 285, 0.8, 806.6, 335.2
4, 129186, 30/12/2018 18:20:02, OTHER_GROUPS, 5.7, 8.4, 12328, 2, 0, 0, 0, 0, 640, 190, 0.7, 774.7, 450.1
4, 129187, 30/12/2018 18:40:16, OTHER_GROUPS, 5.7, 8.9, 12800.4, 2.4, 0, 0, 0, 0, 618, 268, 0.8, 926.4, 160.4
4, 129188, 30/12/2018 19:00:19, OTHER_GROUPS, 12.3, 17.4, 20003.7, 4, 0, 0, 5, 96, 860, 2648, 1.1, 2924.1, 956.5
4, 129189, 30/12/2018 19:20:08, OTHER_GROUPS, 8, 13.1, 14106.5, 4.2, 0, 0, 6, 80, 724, 882, 0.9, 1575.2, 507
4, 129190, 30/12/2018 19:40:09, OTHER_GROUPS, 5.7, 10.5, 12647.1, 4.1, 0, 0, 3, 40, 740, 248, 0.7, 987.5, 315.4
4, 129191, 30/12/2018 20:00:06, OTHER_GROUPS, 5.7, 9.7, 12398.9, 3.4, 0, 0, 0, 0, 652, 282, 0.6, 898.6, 259.4
4, 129192, 30/12/2018 20:20:02, OTHER_GROUPS, 5.6, 9.1, 12126.2, 2.7, 0, 0, 0, 0, 627, 219, 0.8, 1170.9, 358.4
4, 129193, 30/12/2018 20:40:11, OTHER_GROUPS, 5.6, 9.1, 12877.2, 2.7, 0, 0, 0, 0, 662, 233, 0.8, 1095.8, 253.9
4, 129194, 30/12/2018 21:00:22, OTHER_GROUPS, 5.7, 14.5, 17564.9, 8.1, 0, 0, 0, 0, 638, 511, 0.7, 859.9, 354.2
4, 129195, 30/12/2018 21:20:18, OTHER_GROUPS, 5.8, 13.1, 21833.3, 6.6, 0, 0, 0, 0, 711, 418, 0.7, 832.4, 462.4
4, 129196, 30/12/2018 21:40:35, OTHER_GROUPS, 5.7, 9.4, 14680.6, 2.9, 0, 0, 0, 0, 818, 314, 0.8, 1037.2, 202.6
4, 129197, 30/12/2018 22:00:07, OTHER_GROUPS, 6.2, 10.5, 12326.6, 3.4, 0, 0, 2, 8, 632, 340, 0.9, 1043.1, 477.3
4, 129198, 30/12/2018 22:20:06, OTHER_GROUPS, 5.7, 9.5, 12715.9, 3.1, 0, 0, 0, 0, 629, 199, 0.7, 1277.5, 546.7
4, 129199, 30/12/2018 22:40:04, OTHER_GROUPS, 5.5, 8.7, 12482.6, 2.1, 0, 0, 0, 0, 627, 167, 1.1, 1091.7, 762
4, 129200, 30/12/2018 23:00:09, OTHER_GROUPS, 5.6, 9.4, 12858.2, 3.1, 0, 0, 0, 0, 633, 223, 0.7, 1040.4, 325.5
4, 129201, 30/12/2018 23:20:15, OTHER_GROUPS, 5.8, 9.4, 12399.4, 3, 0, 0, 0, 0, 666, 267, 0.6, 976.2, 356.2
4, 129202, 30/12/2018 23:40:15, OTHER_GROUPS, 5.6, 8.9, 11999.4, 2.6, 0, 0, 0, 0, 682, 204, 0.7, 860.5, 128.8
4, 129131, 30/12/2018 00:00:15, SZB_SANDBOX_GROUP, 13.2, 14.4, 9845.1, 0.5, 0, 0, 22, 1295, 2331, 2387, 0.7, 3783.1, 546.2
4, 129132, 30/12/2018 00:20:02, SZB_SANDBOX_GROUP, 2.7, 4.2, 1393.6, 0.9, 0, 0, 17, 975, 1165, 317, 0.6, 132.7, 232.3
4, 129133, 30/12/2018 00:40:24, SZB_SANDBOX_GROUP, 2.2, 2.7, 389.9, 0.1, 0, 0, 8, 352, 422, 417, 0.4, 68.2, 217.2
4, 129134, 30/12/2018 01:00:05, SZB_SANDBOX_GROUP, 13.4, 16, 5685.7, 2.1, 0, 0, 30, 1055, 2130, 3035, 0.5, 4402, 381.3
4, 129135, 30/12/2018 01:20:16, SZB_SANDBOX_GROUP, 14.1, 14.6, 1996.6, 0, 0, 0, 32, 1519, 2007, 2236, 0.5, 408.6, 437
4, 129136, 30/12/2018 01:40:03, SZB_SANDBOX_GROUP, 4.6, 4.9, 798.5, 0, 0, 0, 14, 655, 895, 550, 0.3, 181.1, 312.2
4, 129137, 30/12/2018 02:00:07, SZB_SANDBOX_GROUP, 13.2, 18.5, 3387.2, 3.8, 0, 0, 10, 576, 3041, 4850, 1.5, 2250.3, 2376.6
4, 129138, 30/12/2018 02:20:16, SZB_SANDBOX_GROUP, 4.6, 5.3, 1388.7, 0.1, 0, 0, 16, 900, 1210, 1382, 0.6, 120.3, 892.9
4, 129139, 30/12/2018 02:40:26, SZB_SANDBOX_GROUP, 2.4, 3.8, 1327.5, 1, 0, 0, 8, 399, 542, 340, 0.4, 63.8, 853.7
4, 129140, 30/12/2018 03:00:11, SZB_SANDBOX_GROUP, 22.9, 46.3, 10387.1, 21.4, 0, 0, 11, 559, 5628, 18501, 2, 12486.2, 1172.4
4, 129141, 30/12/2018 03:20:30, SZB_SANDBOX_GROUP, 11.5, 33.7, 6947.3, 19.5, 0, 0, 11, 591, 2110, 4740, 2.7, 12545.1, 1039.1
4, 129142, 30/12/2018 03:40:03, SZB_SANDBOX_GROUP, 5.5, 6.8, 2196.6, 0, 0, 0, 5, 175, 2975, 1872, 1.3, 319.9, 2303.5
4, 129143, 30/12/2018 04:00:01, SZB_SANDBOX_GROUP, 8.6, 12.7, 3786.8, 2, 0, 0, 9, 416, 3985, 2678, 2.1, 537.7, 3419.2
4, 129144, 30/12/2018 04:20:11, SZB_SANDBOX_GROUP, 8.3, 28.7, 2612.1, 18.1, 0, 0, 5, 207, 6777, 2944, 2.3, 611.4, 3409.6
4, 129145, 30/12/2018 04:40:01, SZB_SANDBOX_GROUP, 8.6, 11.9, 4568.3, 2.2, 0, 0, 30, 1407, 4820, 2490, 1.1, 609.3, 1274.6
4, 129146, 30/12/2018 05:00:12, SZB_SANDBOX_GROUP, 7.6, 13.5, 11053.3, 4.6, 0, 0, 7, 303, 1461, 2102, 1.3, 446.9, 1573
4, 129147, 30/12/2018 05:20:22, SZB_SANDBOX_GROUP, 7.2, 10.4, 5219.3, 2.2, 0, 0, 7, 271, 1729, 1259, 1, 435.5, 1618.4
4, 129148, 30/12/2018 05:40:02, SZB_SANDBOX_GROUP, 9.3, 11.4, 8657.6, 1.4, 0, 0, 2, 64, 1218, 3844, 0.7, 538.8, 1056.9
4, 129149, 30/12/2018 06:00:17, SZB_SANDBOX_GROUP, 4.2, 5.4, 1687.5, 0.5, 0, 0, 8, 367, 943, 639, 0.7, 2145.7, 512.1
4, 129150, 30/12/2018 06:20:34, SZB_SANDBOX_GROUP, 5.8, 7.5, 9614.8, 1.1, 0, 0, 4, 143, 398, 2153, 0.6, 353.7, 1158.6
4, 129151, 30/12/2018 06:40:02, SZB_SANDBOX_GROUP, 36.7, 64.1, 42148.3, 24.2, 0, 0, 1, 15, 448, 53215, 3.2, 4881, 5523.6
4, 129182, 30/12/2018 17:00:44, SZB_SANDBOX_GROUP, 9.3, 10.1, 406.9, 0.1, 0, 0, 667, 42048, 64205, 2491, 0.7, 3127.5, 637.2
4, 129183, 30/12/2018 17:20:02, SZB_SANDBOX_GROUP, 5, 5.3, 237.6, 0, 0, 0, 245, 15648, 16717, 1128, 0.3, 487.7, 463.8
4, 129184, 30/12/2018 17:40:02, SZB_SANDBOX_GROUP, 3.6, 4.2, 85.4, 0, 0, 0, 1610, 102656, 102939, 819, 0.6, 317.6, 891.7
4, 129185, 30/12/2018 18:00:09, SZB_SANDBOX_GROUP, 9.5, 10.1, 9291.1, 0, 0, 0, 931, 59488, 54522, 1665, 0.6, 2497.5, 685.7
4, 129186, 30/12/2018 18:20:02, SZB_SANDBOX_GROUP, 0.4, 0.7, 176.4, 0.1, 0, 0, 4, 256, 248, 34, 0.2, 24.6, 368
4, 129187, 30/12/2018 18:40:16, SZB_SANDBOX_GROUP, 8.7, 11.2, 2344.4, 1.6, 0, 0, 41, 2304, 3033, 1620, 0.9, 3953.9, 1236.3
4, 129188, 30/12/2018 19:00:19, SZB_SANDBOX_GROUP, 5.2, 7.1, 1954.6, 0.9, 0, 0, 26, 1632, 3274, 1483, 1, 4316.9, 789.6
4, 129189, 30/12/2018 19:20:08, SZB_SANDBOX_GROUP, 2.3, 3.3, 1592.6, 0.6, 0, 0, 14, 861, 1001, 557, 0.4, 726.4, 612.1
4, 129190, 30/12/2018 19:40:09, SZB_SANDBOX_GROUP, 2.4, 3.4, 1294.7, 0.5, 0, 0, 11, 704, 993, 780, 0.5, 102.3, 922.8
4, 129191, 30/12/2018 20:00:06, SZB_SANDBOX_GROUP, 10.7, 15.9, 12656, 4.6, 0, 0, 17, 1088, 1417, 1742, 0.6, 4062.4, 324.2
4, 129192, 30/12/2018 20:20:02, SZB_SANDBOX_GROUP, 1.9, 2.4, 1261.9, 0.3, 0, 0, 4, 256, 310, 221, 0.2, 54.8, 558.8
4, 129193, 30/12/2018 20:40:11, SZB_SANDBOX_GROUP, 1.4, 2.2, 604, 0.5, 0, 0, 4, 224, 321, 138, 0.3, 52.4, 477.9
4, 129194, 30/12/2018 21:00:22, SZB_SANDBOX_GROUP, 18.4, 19.4, 5136.4, 0, 0, 0, 87, 5216, 6972, 5874, 1, 3231.7, 884.3
4, 129195, 30/12/2018 21:20:18, SZB_SANDBOX_GROUP, 12.1, 12.5, 5181.7, 0, 0, 0, 80, 4016, 5342, 3629, 0.4, 1258.2, 564.8
4, 129196, 30/12/2018 21:40:35, SZB_SANDBOX_GROUP, 11.2, 11.4, 5884.1, 0, 0, 0, 46, 2384, 3143, 3086, 0.2, 1565.3, 267.8
4, 129197, 30/12/2018 22:00:07, SZB_SANDBOX_GROUP, 11.2, 12.5, 10169, 1, 0, 0, 13, 736, 1468, 1866, 0.3, 2704.6, 329.3
4, 129198, 30/12/2018 22:20:06, SZB_SANDBOX_GROUP, 1.9, 3, 793.8, 0.8, 0, 0, 10, 559, 653, 380, 0.3, 97.2, 560.7
4, 129199, 30/12/2018 22:40:04, SZB_SANDBOX_GROUP, 1.6, 2.1, 720.5, 0.2, 0, 0, 6, 303, 381, 173, 0.3, 72.1, 443.5
4, 129200, 30/12/2018 23:00:09, SZB_SANDBOX_GROUP, 6.6, 9.7, 1692.4, 2.7, 0, 0, 10, 503, 1212, 1278, 0.4, 2166.1, 2499.1
4, 129201, 30/12/2018 23:20:15, SZB_SANDBOX_GROUP, 13.8, 14.8, 2125.5, 0.5, 0, 0, 6, 320, 763, 1840, 0.5, 206.8, 1464.8
4, 129202, 30/12/2018 23:40:15, SZB_SANDBOX_GROUP, 11.1, 11.3, 2880.1, 0, 0, 0, 23, 1391, 1972, 1436, 0.2, 223.3, 365.7
