HOST, SNAP_ID, TIME, SYS_CPU, SYS_DBTIME, SYS_SYSPCT, SYS_READ, SYS_WRITE, SYS_REDO, SYS_OSWAIT, SYS_RMWAIT, SYS_ACTSESS_MAX, SYS_ACTSESS_AVG, SYS_PGA, SYS_PXRUNS, SYS_PXQCT, SYS_PXSRVT, SYS_UCALLS, SYS_IOWAIT
1, 127299, 30/11/2018 23:59:14, 36.8, 44.3, 10.7, 594, 274.4, 56.9, 0.9, 0, 201.2, 113.5, 11292.6, 290, 4.1, 62.8, 171.3, 10.1
1, 127300, 01/12/2018 00:20:14, 37.5, 60, 9.9, 11533.1, 240, 45.4, 0.8, 8.5, 250.8, 153.7, 12606.5, 309.5, 7.9, 126.6, 147.6, 13.8
1, 127301, 01/12/2018 00:40:14, 41.7, 64.2, 10.4, 2968.1, 216.9, 43.5, 0.8, 16.6, 234.8, 164.3, 12015.2, 224.9, 14.7, 149.2, 145.4, 4.5
1, 127302, 01/12/2018 00:59:14, 42.7, 69.5, 10.8, 1043.4, 224, 44.3, 0.9, 6.2, 335.7, 177.9, 12312.2, 912.4, 11.1, 102.6, 137, 5.5
1, 127303, 01/12/2018 01:19:14, 40.3, 48.7, 10.9, 1105.8, 249, 46.3, 0.9, 2.1, 178.3, 124.8, 11867, 596.8, 10.4, 80.2, 171.2, 13.4
1, 127304, 01/12/2018 01:40:14, 29.5, 37.1, 7.9, 1286.5, 257.2, 40.3, 0.7, 0, 131.2, 94.9, 21292.1, 794.2, 10.5, 134.5, 138.5, 13.2
1, 127305, 01/12/2018 02:00:14, 36, 49.8, 8.8, 1062.3, 329.8, 67.5, 0.7, 0.5, 257.4, 127.5, 38488.1, 946.6, 13.8, 309.1, 125.9, 8.2
1, 127306, 01/12/2018 02:19:14, 40.9, 42.3, 8.8, 1430.1, 348.9, 66.2, 0.7, 0.8, 185.8, 108.4, 31220.1, 136.1, 14.8, 361.2, 117.2, 2.9
1, 127307, 01/12/2018 02:39:14, 24.7, 29.4, 7, 472, 488, 85.5, 0.6, 0, 92.4, 75.3, 23246, 189.5, 11.2, 285.3, 154.4, 1.9
1, 127308, 01/12/2018 02:59:14, 17.4, 20.8, 5.8, 212.9, 277.9, 44.6, 0.5, 0, 75.4, 53.2, 15623.9, 209.5, 5.4, 121.7, 122.8, 5.1
1, 127309, 01/12/2018 03:20:14, 21.5, 36.8, 6.8, 396.6, 212.3, 30.7, 0.6, 0, 172.5, 94.3, 22812.2, 236.1, 4.1, 74, 117.4, 17.1
1, 127310, 01/12/2018 03:40:14, 29.5, 43.2, 8.3, 668.2, 202.6, 31.2, 0.7, 0, 283, 110.5, 18685.6, 136.2, 4.9, 94.5, 133.4, 9.4
1, 127311, 01/12/2018 04:00:13, 29.6, 31.1, 8.2, 931.8, 338.2, 42.4, 0.7, 0, 147.8, 79.5, 65872.9, 173.8, 2.8, 50.9, 169.6, 2.8
1, 127312, 01/12/2018 04:19:13, 41.8, 48.4, 10.7, 552, 677.1, 39.8, 0.9, 0, 227.5, 123.9, 58898.4, 185.7, 2.8, 50.9, 153.9, 4.1
1, 127313, 01/12/2018 04:40:13, 37, 38.3, 9, 1478.4, 659.2, 30.5, 0.7, 0, 147.7, 98, 60496.6, 144.2, 3.3, 64.5, 140.1, 4.4
1, 127314, 01/12/2018 04:59:13, 26.7, 27.4, 6.2, 987, 583.4, 25, 0.6, 0, 117.7, 70, 69542.6, 170, 2.9, 51.7, 82.8, 5
1, 127315, 01/12/2018 05:19:13, 17.9, 22, 5.3, 611.5, 177.2, 26, 0.5, 0, 100.4, 56.4, 60150.6, 140.2, 3.4, 57.2, 74.6, 3.1
1, 127316, 01/12/2018 05:39:13, 20.9, 21.9, 5.6, 1346.1, 190.8, 29.6, 0.5, 0, 110, 56, 14655.7, 165.3, 3.2, 59.8, 78.6, 3.1
1, 127317, 01/12/2018 05:59:13, 28.7, 35.8, 7.8, 1551, 241.9, 31.8, 0.7, 0, 188.7, 91.6, 20065.9, 195, 3.4, 88.8, 80.2, 5
1, 127318, 01/12/2018 06:19:13, 17.1, 27, 5.5, 439.3, 165.8, 23.6, 0.5, 0, 172.5, 69.1, 14616.5, 128, 3, 61.3, 70.6, 2.8
1, 127319, 01/12/2018 06:39:13, 20.6, 28.1, 6.1, 1653.5, 204.1, 34.2, 0.5, 0, 138.4, 72.1, 19077.7, 189.8, 2.7, 57.3, 76.3, 2.9
1, 127320, 01/12/2018 07:00:13, 42.8, 52.4, 11.1, 661.3, 348.8, 66.2, 0.9, 0, 255.8, 134.2, 14719.8, 162.7, 3, 62.9, 109.2, 6.7
1, 127321, 01/12/2018 07:20:13, 56.9, 64.6, 15.2, 1456.8, 391.5, 69.2, 1.1, 0.1, 242.6, 165.5, 18677.9, 184.1, 4.4, 96.1, 134.2, 7.5
1, 127322, 01/12/2018 07:40:13, 37.5, 47.4, 11.2, 289.8, 313.3, 56, 1, 0, 229.3, 121.4, 14639.7, 136, 3.5, 66, 147.5, 11.4
1, 127323, 01/12/2018 08:00:13, 30.8, 48, 9.3, 1356.3, 255.1, 26.5, 0.8, 0.2, 154.1, 122.9, 19918.5, 216.9, 4.5, 91.7, 81.6, 15.8
1, 127324, 01/12/2018 08:20:13, 26.9, 50.5, 8.7, 1398.6, 225.4, 28, 0.8, 0, 262.8, 129.4, 15770, 195.8, 3.3, 58.5, 98.4, 13.1
1, 127325, 01/12/2018 08:39:12, 28.3, 48.4, 9.1, 29062.5, 231.3, 30, 0.8, 0, 182.4, 123.9, 11650, 151, 3.5, 70.7, 100.4, 14.9
1, 127326, 01/12/2018 08:59:12, 23.7, 38.6, 8.5, 20095.7, 221.8, 35.3, 0.8, 0, 120.3, 98.9, 10412, 169.2, 2.4, 39.6, 110, 16
1, 127327, 01/12/2018 09:19:12, 32, 48.6, 10.2, 1712, 286.5, 50, 0.8, 0, 177, 124.5, 11570.3, 195.1, 4, 78.8, 109.4, 14.7
1, 127328, 01/12/2018 09:39:12, 29.2, 41.2, 9.5, 202.8, 306.7, 55.6, 0.9, 0, 144.5, 105.6, 10647.3, 161.1, 2.9, 47.7, 116.9, 14.4
1, 127329, 01/12/2018 10:00:12, 36.3, 58.3, 10.8, 1752.9, 339.8, 48.7, 0.9, 0.2, 317, 149.1, 12418.5, 168.2, 5.2, 107.3, 104.5, 16.4
1, 127330, 01/12/2018 10:19:12, 33.1, 40.1, 10.3, 1070.7, 306.3, 50.8, 0.9, 0.1, 146, 102.7, 17842.9, 10331.1, 3.6, 66.8, 118, 15.7
1, 127331, 01/12/2018 10:39:13, 26.1, 40.5, 9, 598.2, 275.8, 52.9, 0.8, 0, 190.4, 103.8, 10473.3, 226.5, 2.5, 42.5, 115.7, 14.1
1, 127332, 01/12/2018 11:00:13, 27.8, 48.9, 8.7, 1279.2, 297.9, 49.2, 0.7, 0.3, 166.1, 125.1, 16937.5, 165.7, 3.9, 75.5, 101.8, 17.3
1, 127333, 01/12/2018 11:19:12, 27.6, 42.8, 8.5, 574, 294.9, 47.7, 0.7, 0, 136.2, 109.6, 12401.1, 147.8, 3.6, 65.5, 100.9, 16.3
1, 127334, 01/12/2018 11:40:12, 27, 42.1, 8.3, 1660.3, 208.3, 37.6, 0.7, 0.6, 154, 107.8, 10426.3, 215.4, 3.3, 54.7, 98.6, 16
1, 127335, 01/12/2018 11:59:12, 34.1, 54.7, 11, 2965.3, 234.9, 38.5, 0.9, 0, 235.1, 139.9, 12035.6, 193, 9.5, 125.2, 98.3, 20.9
1, 127336, 01/12/2018 12:19:12, 28.1, 88.1, 8, 1328.1, 256.5, 37, 0.7, 0, 374.6, 225.5, 15934.2, 207.4, 8.2, 113.5, 83.3, 15.3
1, 127337, 01/12/2018 12:39:11, 31.8, 50.9, 9.1, 1276.7, 258.4, 39.6, 0.8, 0.1, 289.1, 130.2, 13847.8, 214.5, 8.1, 96.4, 99.1, 17.3
1, 127338, 01/12/2018 13:00:11, 30.9, 50.4, 9.1, 319.3, 308.1, 48.2, 0.8, 0, 332.9, 129.1, 14923.8, 368.9, 7.1, 78.9, 131.9, 12.5
1, 127339, 01/12/2018 13:20:11, 36.3, 35.5, 9.1, 1049.7, 323.5, 42.7, 0.8, 0, 146.3, 91, 18479.9, 169.1, 6.7, 88.5, 160, 4.4
1, 127340, 01/12/2018 13:40:12, 35.3, 32.4, 9, 460.5, 345.3, 40.5, 0.8, 0, 103.3, 83, 14032.3, 137, 5.9, 70.9, 162.9, 4.3
1, 127341, 01/12/2018 13:59:11, 38.7, 36.3, 9.7, 1234.2, 324.3, 41, 0.8, 0.1, 130.7, 93, 41347.9, 164.1, 6.7, 90.1, 158.7, 4.9
1, 127342, 01/12/2018 14:19:12, 30.7, 30.8, 6.9, 549.5, 245.7, 31.8, 0.6, 0, 112.8, 78.9, 38773, 159.9, 5.7, 84.8, 99.8, 3.4
1, 127343, 01/12/2018 14:39:11, 19.8, 16.9, 5.4, 1525.2, 348, 29.4, 0.5, 0, 65.8, 43.1, 13265.1, 208.6, 6.1, 86, 53.1, 3
1, 127344, 01/12/2018 14:59:12, 18.4, 16.1, 5.1, 2069.6, 278.3, 29.9, 0.5, 0.6, 90.6, 41.3, 27914.2, 236.6, 6.3, 104.5, 53.1, 3.1
1, 127345, 01/12/2018 15:20:11, 16.4, 12.3, 4.9, 434.1, 223, 32.2, 0.4, 0, 46.2, 31.5, 19740.9, 143.8, 5.1, 68.5, 51.5, 2.7
1, 127346, 01/12/2018 15:40:11, 18.5, 15.2, 5, 838, 231.6, 30.4, 0.5, 0.1, 87.9, 38.9, 18834.7, 190.2, 5.9, 86.6, 46.8, 2.7
1, 127347, 01/12/2018 15:59:11, 16.7, 14.2, 4.4, 1456.7, 175.5, 23.8, 0.4, 0.1, 72.4, 36.2, 13381.9, 221.6, 5.3, 52.9, 43.7, 3.1
1, 127348, 01/12/2018 16:20:11, 19.2, 16.1, 5.2, 493.7, 170, 26.6, 0.5, 0, 65.4, 41.1, 13901.7, 160.9, 4.2, 37.2, 60.5, 2.8
1, 127349, 01/12/2018 16:40:11, 16.7, 13.9, 4.9, 2362.5, 163.4, 27, 0.5, 0.1, 59.9, 35.7, 12486.4, 250.3, 4.8, 54, 62.3, 2.7
1, 127350, 01/12/2018 17:00:11, 13, 10.9, 3.8, 244.5, 132.6, 20.6, 0.4, 0, 53, 28, 11470.6, 159.9, 3.7, 29.2, 50.6, 2.5
1, 127351, 01/12/2018 17:20:11, 16.5, 16.6, 5, 1886.2, 175.3, 20.5, 0.5, 0.1, 72.9, 42.4, 11369.5, 258.5, 4.5, 65.7, 47.3, 2.8
1, 127352, 01/12/2018 17:40:10, 14, 14.5, 4.3, 1162.2, 150, 21.8, 0.4, 0.2, 111.9, 37.2, 13264.6, 193.7, 4.2, 49.6, 39.7, 2.4
1, 127353, 01/12/2018 17:59:10, 13, 13.2, 4.2, 550.4, 122.5, 17.3, 0.4, 0, 47.2, 33.7, 12541.7, 167.5, 4.1, 45, 42.9, 3.4
1, 127354, 01/12/2018 18:20:10, 19.4, 19.3, 5.1, 2223.3, 231.7, 18, 0.4, 1.2, 110.8, 49.3, 17935, 209.4, 5.6, 95.2, 35.6, 2.9
1, 127355, 01/12/2018 18:39:10, 12.7, 10.7, 4, 1355.6, 188.5, 24.9, 0.4, 0, 71.6, 27.3, 22494.9, 177.9, 4.8, 75.6, 36.6, 2.9
1, 127356, 01/12/2018 18:59:11, 13.9, 13.6, 4.2, 424.1, 213.7, 24.8, 0.4, 0, 53.8, 34.9, 18133.1, 177.3, 5.1, 75.5, 36.8, 3.7
1, 127357, 01/12/2018 19:20:10, 15.2, 16.8, 4, 1603.5, 148.9, 17.7, 0.3, 0, 97.9, 42.9, 20233.1, 166.4, 4.8, 78.2, 31.7, 2.4
1, 127358, 01/12/2018 19:39:10, 11.2, 10, 3.3, 1503.1, 109.5, 14.4, 0.3, 0.1, 63.4, 25.7, 12083.7, 221.8, 3.9, 50.8, 30.8, 2.3
1, 127359, 01/12/2018 19:59:10, 33, 53.6, 11.8, 1901.5, 104.5, 14.2, 0.9, 3.5, 255.6, 137.3, 29846.9, 240.8, 11.1, 260.1, 34.1, 15.5
1, 127360, 01/12/2018 20:20:10, 38.7, 52.8, 14.4, 1577.9, 93, 10.8, 1.1, 1.7, 212.3, 135.1, 15513.2, 151.9, 9.5, 227.8, 26.5, 20.5
1, 127361, 01/12/2018 20:40:10, 30.6, 38.7, 12.2, 1872, 74.8, 8.9, 1, 0.1, 138.2, 99.1, 14928.3, 148.8, 8.2, 178.2, 22.1, 19.3
1, 127362, 01/12/2018 21:00:10, 30.1, 50, 11.1, 1312.5, 54.2, 10, 0.9, 0, 271.8, 128, 14647.2, 139.1, 8, 162.1, 33, 21.5
1, 127363, 01/12/2018 21:19:10, 32.4, 44.3, 12.3, 2073.6, 84.9, 9.8, 1, 0.3, 175.3, 113.4, 18891.9, 159.9, 8.4, 187.6, 40.3, 18.2
1, 127364, 01/12/2018 21:39:10, 29.2, 35.7, 11.2, 1499.7, 104.1, 8.7, 0.9, 0.1, 122, 91.5, 20651.1, 164.1, 7.8, 173.3, 24.7, 17.6
1, 127365, 01/12/2018 21:59:10, 33, 41.8, 11.7, 1511.8, 123.1, 8.4, 0.9, 0.1, 131.2, 107, 14920, 146.9, 8.3, 188, 30.3, 18.8
1, 127366, 01/12/2018 22:20:10, 27.6, 36.2, 11, 2230.9, 89.8, 7.7, 0.9, 0.1, 160.4, 92.6, 17756, 149.8, 8.1, 177.2, 25.3, 18.3
1, 127367, 01/12/2018 22:40:10, 25.3, 30.9, 9.7, 1990.5, 74.1, 9.1, 0.9, 0.1, 112.9, 79.1, 14304.1, 157.1, 7.8, 172.4, 31.5, 15.4
1, 127368, 01/12/2018 23:00:09, 21.4, 26.9, 8.1, 557.4, 83.3, 15.6, 0.7, 0, 102.1, 68.9, 17201.2, 162.3, 6.2, 139.6, 64.1, 9.8
1, 127369, 01/12/2018 23:20:09, 32.2, 36.8, 11.4, 1560, 134.4, 14.3, 0.9, 0, 120.2, 94.1, 16774.2, 133.9, 7.4, 174.4, 91, 14.3
1, 127370, 01/12/2018 23:40:09, 13.4, 13.7, 4.6, 1032.4, 95.4, 10.1, 0.4, 0, 62.8, 35, 18596.9, 149.5, 5.1, 83.3, 64.6, 4.9
2, 127299, 30/11/2018 23:59:24, 34.5, 39, 7.9, 235.6, 121, 21.7, 0.6, 0, 161.2, 99.9, 17541.4, 109.7, 3, 80.7, 108.4, 5.7
2, 127300, 01/12/2018 00:19:24, 45, 68.3, 10.3, 11010.5, 143.6, 21.2, 0.8, 8.6, 402.9, 174.9, 23074.4, 95.8, 12.4, 193.5, 101, 10.1
2, 127301, 01/12/2018 00:40:24, 64.4, 117, 15.5, 3794.5, 215.5, 31, 1.1, 10, 364.5, 299.6, 19883.8, 49.5, 24.6, 289.1, 113.7, 12.4
2, 127302, 01/12/2018 00:59:23, 66.7, 118.4, 16.6, 1259.2, 249.2, 47.3, 1.2, 8, 419, 303.1, 16882.1, 27, 21.4, 248.3, 175.5, 12.4
2, 127303, 01/12/2018 01:19:24, 46.8, 54.8, 11.4, 835.2, 176.9, 36.2, 0.9, 0, 221.2, 140.3, 16093.7, 89.9, 13.4, 157.6, 149.5, 14.6
2, 127304, 01/12/2018 01:39:24, 37.7, 43.2, 8.7, 958.4, 154, 18.4, 0.7, 0, 132.5, 110.7, 15984.4, 66.7, 9.6, 130.9, 75, 14.3
2, 127305, 01/12/2018 02:00:23, 47.2, 62.9, 10.2, 3114.2, 142.2, 15.8, 0.8, 1.5, 210.3, 160.9, 18900.8, 201.3, 10.3, 188.5, 75.3, 15.6
2, 127306, 01/12/2018 02:19:23, 33.7, 42.4, 7.7, 797.3, 94.7, 12.8, 0.6, 0, 142.4, 108.7, 14528.8, 77.1, 7.6, 127.7, 75.9, 13.5
2, 127307, 01/12/2018 02:39:24, 30.8, 36, 8.7, 1989, 105.1, 20.8, 0.7, 1.7, 163.8, 92.1, 19985.5, 176.1, 6.8, 132.5, 116, 10.7
2, 127308, 01/12/2018 02:59:24, 33.1, 38.5, 9.3, 1264.5, 227.4, 35.8, 0.8, 0.1, 144.5, 98.4, 14200.3, 114.3, 5, 115.6, 219, 5.8
2, 127309, 01/12/2018 03:19:24, 20.2, 29.7, 6.2, 1898.7, 205.6, 26.3, 0.6, 0, 149.6, 76.1, 17966.1, 119.7, 3.7, 84.3, 171.6, 12.2
2, 127310, 01/12/2018 03:39:23, 20.9, 30, 6.6, 851.7, 131.4, 25.2, 0.6, 0, 208.5, 76.9, 14051.3, 97.9, 3.1, 72.8, 169.4, 7.1
2, 127311, 01/12/2018 04:00:23, 20.3, 21.8, 5.8, 1288.6, 217.3, 22.4, 0.5, 0.6, 123.7, 55.7, 40595.9, 146.7, 2.7, 66.1, 131.6, 2.9
2, 127312, 01/12/2018 04:19:23, 20.4, 23.5, 5.4, 925, 418.3, 16.9, 0.4, 0, 128.1, 60.1, 34466, 52.4, 2.3, 55.5, 69.9, 2.7
2, 127313, 01/12/2018 04:40:23, 21.3, 17.3, 5.4, 2024.9, 407.9, 17.3, 0.5, 0, 90.2, 44.2, 38694, 174.6, 2.1, 48.1, 77, 3.5
2, 127314, 01/12/2018 04:59:23, 19, 18.1, 5, 1711.6, 273.7, 18.7, 0.4, 0.2, 81.7, 46.4, 39017.1, 158.6, 1.8, 43.5, 117.2, 2.8
2, 127315, 01/12/2018 05:19:23, 13, 11.9, 4.3, 411.4, 123.6, 17.7, 0.4, 0, 55.8, 30.4, 33122.8, 63.9, 0.6, 19.1, 111.6, 2.3
2, 127316, 01/12/2018 05:39:23, 15.3, 12.8, 4.8, 1988.2, 133.8, 17.6, 0.4, 0.2, 71.9, 32.8, 16084.7, 182.8, 1.5, 36.7, 100.8, 2.7
2, 127317, 01/12/2018 05:59:23, 25.4, 25.1, 4.8, 1772.3, 130.4, 15.4, 0.4, 0.3, 122.8, 64.3, 13879.5, 126.7, 1.6, 35, 72.9, 2.3
2, 127318, 01/12/2018 06:19:23, 23.8, 26.2, 4.7, 561.4, 83.5, 14.9, 0.4, 0, 143.1, 67.1, 13014.7, 82.1, 2.4, 31.5, 80.6, 1.8
2, 127319, 01/12/2018 06:39:22, 28, 27.9, 5.1, 815.7, 110.9, 15.3, 0.4, 0.1, 105.2, 71.5, 20539.5, 105.1, 4.9, 58.5, 80.5, 1.9
2, 127320, 01/12/2018 06:59:22, 32.6, 33.7, 6.1, 6880.1, 162.7, 17.5, 0.5, 0, 121.8, 86.3, 16467.2, 67, 5.1, 77.2, 72.7, 3.1
2, 127321, 01/12/2018 07:19:22, 28.4, 29.9, 5.8, 1796.7, 131.7, 18.3, 0.4, 0, 120.9, 76.5, 12641.7, 165.5, 5.6, 68.5, 67.9, 2.8
2, 127322, 01/12/2018 07:40:22, 21.8, 19.8, 4, 103.5, 83.6, 13.4, 0.4, 0, 76, 50.6, 11324, 45.9, 3.6, 33.3, 44.1, 1.8
2, 127323, 01/12/2018 08:00:23, 30.2, 30.5, 6.1, 18333.7, 128.2, 18.3, 0.5, 0.1, 114.2, 78, 14281.1, 122.3, 5.4, 87.8, 65.9, 4.1
2, 127324, 01/12/2018 08:20:23, 35.2, 39.3, 6.3, 1450.7, 98.6, 18.2, 0.5, 0.3, 166.1, 100.7, 22763, 86.3, 4.8, 113.5, 56.3, 2.5
2, 127325, 01/12/2018 08:39:22, 27.5, 29, 5.5, 582.8, 108.9, 20.6, 0.5, 0, 111.9, 74.3, 12241.2, 58.1, 5.1, 93.5, 56.4, 2.9
2, 127326, 01/12/2018 08:59:22, 24.6, 21.7, 4.8, 129.6, 126.8, 20.8, 0.4, 0, 72.7, 55.5, 11137.5, 34, 3.8, 37.8, 58.8, 2.5
2, 127327, 01/12/2018 09:19:22, 30.7, 29.8, 6.3, 1722.3, 158.6, 21.4, 0.5, 0.1, 114.4, 76.3, 11256.8, 143.2, 5.2, 72, 54.7, 2.7
2, 127328, 01/12/2018 09:39:22, 22.2, 18.9, 4.6, 37.5, 115.9, 24.6, 0.4, 0, 71.8, 48.3, 11217.2, 37, 1.6, 14.4, 63, 2.1
2, 127329, 01/12/2018 09:59:22, 25.8, 26.9, 5.3, 1519.9, 116.5, 25.4, 0.4, 0.1, 152.5, 68.9, 10922.7, 153.1, 1.3, 35.1, 59.2, 4.2
2, 127330, 01/12/2018 10:19:22, 27.4, 22.6, 5.7, 1412.7, 177.3, 27.1, 0.5, 0.1, 106.8, 57.8, 18948, 133, 1, 27.1, 56.3, 3.3
2, 127331, 01/12/2018 10:39:22, 35.5, 33.7, 6.9, 1278.3, 263.2, 27.2, 0.5, 0, 141.9, 86.4, 12624.1, 34.1, 2.9, 72.8, 57.5, 3.6
2, 127332, 01/12/2018 10:59:22, 26.2, 26.2, 5.2, 1519.7, 148.2, 27.2, 0.4, 0.4, 116.1, 67.1, 12143.1, 149.7, 1.5, 31.1, 60.4, 3.4
2, 127333, 01/12/2018 11:19:22, 21.9, 19.3, 4.8, 106.2, 124.2, 31.5, 0.4, 0, 67.1, 49.4, 10985.8, 40.1, 0.1, 4, 68.5, 2.3
2, 127334, 01/12/2018 11:39:21, 32.6, 30.5, 7.3, 1712.3, 234.4, 35.6, 0.6, 0.2, 112.8, 78.2, 16179.3, 110.8, 2.6, 57.5, 65.1, 5.1
2, 127335, 01/12/2018 11:59:22, 27.6, 25.3, 5.6, 284.7, 183.4, 28.7, 0.5, 0, 110.4, 64.8, 11146.6, 38.9, 1.3, 26.5, 69.4, 3.3
2, 127336, 01/12/2018 12:19:22, 25.2, 49.3, 5.4, 1945.6, 159.2, 27.4, 0.5, 0.1, 226.8, 126.1, 13518.2, 99, 1.8, 39, 67.7, 2.8
2, 127337, 01/12/2018 12:39:22, 27.3, 27.1, 5.4, 1875.3, 150.3, 25.5, 0.4, 0.1, 138.6, 69.3, 15234, 121.8, 1.3, 39.1, 56.4, 2.6
2, 127338, 01/12/2018 12:59:22, 24.8, 28.2, 5.3, 305, 158, 27.5, 0.5, 0, 180.9, 72.1, 10973.8, 46.9, 0.8, 26.2, 68.3, 3
2, 127339, 01/12/2018 13:19:21, 25.2, 21.5, 5.3, 1385, 141.4, 26.7, 0.4, 0.6, 127.9, 55.1, 21376.9, 127.3, 1.2, 34.2, 59, 2.4
2, 127340, 01/12/2018 13:39:21, 28.1, 25.1, 5.9, 942, 174.3, 24.6, 0.5, 0, 93.8, 64.2, 12937.2, 56, 1.9, 46.3, 52.9, 3.1
2, 127341, 01/12/2018 13:59:21, 26.2, 21.9, 5.4, 1543.3, 138.1, 24.8, 0.5, 0.4, 117.9, 56, 12121.9, 154.4, 1.4, 30.4, 64.8, 2.2
2, 127342, 01/12/2018 14:19:21, 21.1, 17.3, 4.7, 111.5, 123, 27.7, 0.4, 0, 61.3, 44.2, 13287.8, 31.1, 1.1, 37.3, 68.4, 1.8
2, 127343, 01/12/2018 14:39:21, 27, 23.7, 5.3, 1910.6, 140.3, 20.7, 0.4, 0.8, 111.9, 60.7, 17115.1, 120.8, 2.5, 79.8, 45.5, 2.6
2, 127344, 01/12/2018 14:59:21, 25.1, 20.9, 4.5, 823.3, 166.9, 19.7, 0.4, 0.1, 97.3, 53.6, 19648.3, 46.1, 2.2, 76.7, 42.6, 2.2
2, 127345, 01/12/2018 15:19:21, 23.2, 20.4, 4.7, 566.6, 142.5, 20, 0.4, 0, 78.8, 52.1, 11978.7, 50, 2, 62.9, 42.4, 2.3
2, 127346, 01/12/2018 15:39:21, 24.2, 20.9, 4.9, 2252.8, 107.2, 17.9, 0.4, 0.1, 85, 53.6, 15771, 105, 2.4, 72.1, 41.8, 2.3
2, 127347, 01/12/2018 15:59:21, 23.7, 19.2, 4.4, 1165.7, 133.2, 19.4, 0.4, 0.1, 91.8, 49.2, 26320, 78.6, 2.1, 58.6, 53.5, 1.8
2, 127348, 01/12/2018 16:19:21, 22.7, 20, 4.4, 452.9, 107.9, 15.5, 0.4, 0, 81, 51.3, 13990.6, 33.3, 3, 64.4, 39.4, 1.8
2, 127349, 01/12/2018 16:40:21, 23, 20, 4.1, 578.2, 100, 13.8, 0.3, 0.2, 99.3, 51.2, 17935.6, 37, 3, 63.3, 34.5, 1.9
2, 127350, 01/12/2018 17:00:21, 20.2, 17.7, 3.7, 207.9, 89.4, 14.3, 0.3, 0, 57.1, 45.3, 13176.2, 34.8, 2.4, 48.2, 42.1, 2.2
2, 127351, 01/12/2018 17:19:21, 22.6, 20.2, 4.4, 1232, 108, 14.7, 0.4, 0, 85.5, 51.6, 12843.7, 40, 3.3, 66.8, 36.7, 2.2
2, 127352, 01/12/2018 17:40:20, 22.1, 19.4, 3.8, 1477.8, 120, 12.8, 0.3, 0, 81.6, 49.7, 16623.9, 83, 1.5, 31.8, 33.7, 1.7
2, 127353, 01/12/2018 17:59:20, 20.5, 19.6, 3.8, 413.3, 89.9, 12.9, 0.4, 0, 60.7, 50.3, 10928.5, 38.9, 1, 28, 33.3, 2.5
2, 127354, 01/12/2018 18:19:20, 28.6, 26.9, 5.1, 1496, 128.4, 13.2, 0.4, 1.5, 140.6, 68.9, 16746.5, 98.6, 2.9, 76.8, 34.2, 2.7
2, 127355, 01/12/2018 18:39:21, 23.5, 20.7, 3.9, 1308.2, 128.9, 12.6, 0.3, 0.3, 93, 53.1, 17031.5, 102.7, 1.4, 33.5, 39, 1.9
2, 127356, 01/12/2018 18:59:20, 19.9, 19, 3.6, 683.1, 84, 11.6, 0.3, 0, 83.6, 48.7, 10929.3, 33, 0.7, 24.8, 35.4, 2.3
2, 127357, 01/12/2018 19:19:20, 24.5, 22.3, 4.1, 1772.1, 141.5, 9.5, 0.3, 0.1, 98.4, 57.1, 12859.5, 123.9, 2.2, 51, 25.8, 2.1
2, 127358, 01/12/2018 19:39:20, 23.2, 20.7, 3.6, 1741.8, 131.7, 8.7, 0.3, 0, 77.1, 53.1, 12221.6, 99.5, 2, 46.2, 20.4, 2
2, 127359, 01/12/2018 19:59:20, 29.4, 37.3, 5.6, 1962.8, 90.8, 10.2, 0.4, 4.6, 191.7, 95.6, 16646.3, 197, 4.9, 110.2, 29.3, 3.3
2, 127360, 01/12/2018 20:19:20, 30.3, 32.9, 6.2, 743.5, 122.1, 9.4, 0.4, 0.1, 117.3, 84.1, 23764.9, 54.1, 3.7, 74.9, 28.4, 3.9
2, 127361, 01/12/2018 20:39:19, 29.4, 30.4, 5.2, 2280.8, 128.1, 8.5, 0.4, 1.4, 125, 77.9, 16534.2, 177, 3.2, 87.7, 25.8, 3.2
2, 127362, 01/12/2018 20:59:20, 23.5, 32.3, 4.7, 256.7, 88.2, 12.2, 0.4, 0, 119.8, 82.6, 16389.8, 39.9, 2.1, 54.7, 52.4, 6.1
2, 127363, 01/12/2018 21:20:20, 32.3, 33.9, 7.1, 2054.9, 116.4, 16.9, 0.6, 1.7, 168.7, 86.7, 12495.6, 167.8, 3.4, 82.9, 86.8, 4.4
2, 127364, 01/12/2018 21:39:19, 30.2, 30.4, 6.2, 1389.8, 91.5, 12.8, 0.5, 2, 166.9, 77.9, 20797.3, 117.7, 2.9, 76.7, 48.1, 4.8
2, 127365, 01/12/2018 21:59:20, 26.8, 28, 6.1, 1137.1, 113.7, 20.1, 0.5, 0, 144.6, 71.7, 13644.9, 75.9, 2.6, 64.1, 47.6, 4.5
2, 127366, 01/12/2018 22:19:19, 22.4, 22.6, 5.4, 2727.4, 123.9, 13.6, 0.4, 1.4, 154.8, 57.9, 13100.4, 177.2, 3.5, 91, 20.1, 3.4
2, 127367, 01/12/2018 22:39:19, 12.8, 12.4, 3.2, 1728.3, 160.9, 20.5, 0.3, 1.4, 92.3, 31.7, 21854, 161.1, 2.4, 52.9, 24.2, 1.7
2, 127368, 01/12/2018 23:00:19, 27, 29.9, 5.9, 2346.7, 507.8, 8.7, 0.5, 3.8, 102.6, 76.6, 22639.8, 76.8, 7.7, 132, 58.4, 4
2, 127369, 01/12/2018 23:19:19, 29.8, 33.7, 6.6, 3476.7, 560.9, 16.6, 0.5, 5.8, 166.9, 86.2, 29487, 150.6, 7.8, 140, 71.1, 3.4
2, 127370, 01/12/2018 23:40:19, 17.7, 19.1, 4, 1854.6, 302.5, 8.4, 0.3, 1.1, 105.1, 48.8, 30285.2, 144.9, 5.5, 101.5, 56.5, 3.4
3, 127299, 30/11/2018 23:59:12, 29.9, 38.7, 4.5, 17782.5, 174.9, 3.1, 0.3, 0, 236.8, 99.1, 22342.9, 455.7, 16.9, 284.9, 7.4, 3.3
3, 127300, 01/12/2018 00:20:13, 37.3, 63.3, 5.8, 20785.8, 103.8, 2.5, 0.4, 0, 197.7, 162.2, 18735.8, 883.6, 39.6, 355.6, 10.5, 7.8
3, 127301, 01/12/2018 00:40:13, 45.8, 48.7, 6.9, 10241, 118.9, 1.5, 0.5, 0, 220, 124.7, 17667, 840.7, 23.5, 274.2, 4.1, 3.2
3, 127302, 01/12/2018 00:59:13, 39.9, 44.6, 6.5, 19171.5, 363.3, 4.5, 0.4, 0, 248.9, 114.1, 52899.5, 377.6, 17.9, 333.1, 5.3, 4.2
3, 127303, 01/12/2018 01:20:13, 24.1, 20.8, 3.8, 1809.3, 139.1, 0.7, 0.3, 0, 74.2, 53.4, 31150.4, 338.4, 12.4, 216.3, 5.8, 3.1
3, 127304, 01/12/2018 01:40:12, 23.8, 18.6, 2.9, 2621.5, 108.6, 0.5, 0.2, 0, 61.9, 47.7, 16649.9, 353.1, 9.1, 172.9, 5.2, 1.5
3, 127305, 01/12/2018 02:00:13, 37.3, 37, 6.2, 24673, 243.4, 2.8, 0.4, 0, 150.7, 94.8, 30465.2, 390.2, 15.4, 349.5, 6.6, 4.2
3, 127306, 01/12/2018 02:19:13, 32.9, 29.9, 3.9, 8359.8, 99.3, 0.6, 0.3, 0, 123, 76.6, 25148.9, 290.7, 13.6, 272.8, 6.6, 2
3, 127307, 01/12/2018 02:39:12, 24.2, 19.1, 3.6, 1169.1, 186.5, 4.9, 0.3, 0, 80, 48.8, 30705.3, 359.6, 12, 223.1, 7.1, 1.8
3, 127308, 01/12/2018 02:59:12, 53.3, 62.9, 7.8, 42105.1, 253.4, 6.6, 1.2, 2.3, 372.5, 161, 43632.3, 414.4, 18.3, 589.3, 3.8, 5.5
3, 127309, 01/12/2018 03:20:12, 38, 58.7, 6, 74800.8, 76.9, 7.5, 0.4, 0, 286.7, 150.4, 50109.2, 316.8, 16.1, 548.7, 2, 25.5
3, 127310, 01/12/2018 03:40:12, 33.3, 38.8, 5.5, 30975.1, 257.4, 8.3, 0.5, 0, 239.9, 99.4, 30460.7, 387.8, 16.3, 420.2, 3.6, 10.6
3, 127311, 01/12/2018 04:00:13, 48.8, 48, 8.1, 31691.6, 385.7, 6.1, 0.6, 0.4, 202, 122.9, 61569.7, 5039.1, 17.1, 471.7, 3.7, 4.3
3, 127312, 01/12/2018 04:19:12, 41, 34.1, 6.4, 6287.8, 443.3, 10, 0.4, 0, 128.1, 87.2, 54189.4, 5673.9, 15.9, 391.7, 3.9, 3.3
3, 127313, 01/12/2018 04:40:12, 60.9, 51.2, 9, 6355.1, 385.6, 12.4, 0.8, 0.1, 230, 131, 61413.9, 5635.3, 19.9, 499.8, 3.5, 3.3
3, 127314, 01/12/2018 04:59:12, 67.9, 69.4, 10.9, 26498.7, 736.2, 8.4, 1.5, 0.8, 265.9, 177.6, 82798.6, 3697.3, 20.6, 681.8, 4, 6.2
3, 127315, 01/12/2018 05:19:12, 45, 36.7, 6.8, 6972.3, 359.2, 10.1, 0.5, 0, 131.4, 94, 66957.1, 993.1, 16.8, 496.9, 1.9, 3.5
3, 127316, 01/12/2018 05:39:12, 30.6, 25.7, 4.8, 1502, 215.1, 18.7, 0.4, 0, 112.8, 65.9, 34816.5, 7119.3, 14.2, 407.6, 1.5, 2.5
3, 127317, 01/12/2018 05:59:12, 33.7, 29.8, 5.7, 14264.9, 440.7, 7.8, 0.4, 0, 114.3, 76.4, 29594.4, 334.3, 12.1, 374.5, 1.3, 4.1
3, 127318, 01/12/2018 06:19:12, 38.5, 35.9, 7.9, 6516.4, 151, 2.2, 0.5, 0.3, 126.4, 91.8, 74125.7, 434.6, 11, 310.8, 1.2, 6.7
3, 127319, 01/12/2018 06:40:11, 55.8, 56.7, 10.8, 5191.3, 334.4, 17.7, 0.7, 1.1, 185.9, 145.3, 53601.3, 491, 14.4, 417.8, 1.5, 8.2
3, 127320, 01/12/2018 07:00:12, 57.7, 57.8, 11.1, 19072.8, 265, 6.2, 0.7, 0.2, 195.1, 148, 66142.1, 361.7, 13.3, 442.9, 1.3, 10.1
3, 127321, 01/12/2018 07:20:11, 46.9, 49.8, 9.9, 1473.5, 260.1, 4.2, 0.7, 0, 202.6, 127.6, 41297.9, 291.8, 13.7, 481.3, 0.6, 8.5
3, 127322, 01/12/2018 07:40:11, 36.9, 38.6, 8.1, 2894.8, 166.5, 8.9, 0.6, 0, 169.2, 98.8, 21138.6, 435.9, 13.3, 433.4, 0.4, 8.4
3, 127323, 01/12/2018 08:00:11, 50.2, 52.3, 9, 12041.5, 311.2, 11.2, 0.6, 0.1, 189, 133.9, 28475.2, 403.9, 15.7, 517.1, 1.2, 8.9
3, 127324, 01/12/2018 08:20:11, 32.2, 35.8, 6.3, 10081.3, 161.3, 13.5, 0.5, 0.1, 172.5, 91.7, 68186.6, 329.8, 15.7, 602.9, 1.9, 3.8
3, 127325, 01/12/2018 08:39:11, 30.1, 28.3, 5.2, 2035.2, 208, 24.6, 0.4, 0.1, 140, 72.6, 31449.6, 374.4, 20.2, 899.5, 1.7, 2.3
3, 127326, 01/12/2018 08:59:11, 41.2, 36.1, 6.5, 17700, 289.1, 9, 0.5, 0, 122.2, 92.5, 60484.8, 317.6, 16.5, 667, 2.3, 3.3
3, 127327, 01/12/2018 09:19:10, 31.9, 27.4, 5.2, 1670.1, 324.3, 17.8, 0.4, 0, 120.2, 70.2, 42215.1, 319.4, 13.3, 495.4, 0.2, 2.3
3, 127328, 01/12/2018 09:39:11, 41.7, 39.8, 6.6, 4811.6, 208.2, 17.3, 0.4, 0.1, 189.4, 101.8, 33039.2, 1108.9, 13.9, 582.1, 1, 2.5
3, 127329, 01/12/2018 10:00:11, 40.4, 37.7, 6, 15678.7, 294.7, 15.7, 0.4, 0, 130.7, 96.6, 34998.3, 1272.2, 13.3, 488.8, 1.5, 3.7
3, 127330, 01/12/2018 10:19:11, 39, 34.4, 5.9, 5445.6, 169.1, 10.8, 0.4, 0, 107.3, 88, 16762, 1553.6, 11.6, 417.8, 1.7, 2.6
3, 127331, 01/12/2018 10:39:10, 32.4, 29.2, 4.8, 2002.4, 135.7, 10.1, 0.3, 0, 129.5, 74.7, 36947, 1421.9, 10.8, 343.9, 1.3, 2.2
3, 127332, 01/12/2018 11:00:11, 82.4, 88.8, 11, 36319.5, 259.2, 7.2, 3.2, 2.9, 277.1, 227.3, 84578.2, 808.2, 18.3, 688.2, 0.7, 5.6
3, 127333, 01/12/2018 11:19:10, 66.1, 63, 8, 7247.9, 362.8, 21.2, 0.7, 0.4, 221.3, 161.4, 44257.1, 798.2, 17.6, 644.9, 0.7, 3.1
3, 127334, 01/12/2018 11:40:11, 52.1, 48.5, 5.8, 7240.9, 168.6, 9, 0.4, 0.1, 161.5, 124.1, 39543.2, 1093.3, 13.1, 508.2, 0.9, 1.7
3, 127335, 01/12/2018 11:59:10, 65.7, 64.7, 10.4, 29237.3, 222.6, 5.2, 1.2, 0.4, 241.1, 165.7, 48954.9, 1120.4, 14.5, 510.3, 1.2, 6
3, 127336, 01/12/2018 12:19:11, 28.7, 38.8, 3.2, 6384.2, 61.9, 3.1, 0.3, 0, 190, 99.4, 25906, 1080.8, 10.2, 356.3, 0.9, 0.9
3, 127337, 01/12/2018 12:39:10, 35.5, 31.5, 4.4, 5043.3, 186.3, 4, 0.3, 0, 108.2, 80.5, 35209.5, 1229.5, 8.9, 279.3, 1.1, 1.9
3, 127338, 01/12/2018 13:00:10, 41.7, 39, 4.8, 21058, 218.9, 7, 0.4, 0, 176, 99.9, 20473.9, 1313.7, 8.3, 310.4, 1.3, 2.3
3, 127339, 01/12/2018 13:20:10, 24.6, 21.4, 2.6, 4924.3, 63.6, 5.3, 0.2, 0, 125.1, 54.9, 29915.1, 1148.6, 6.8, 253.6, 1.1, 0.7
3, 127340, 01/12/2018 13:40:10, 22.5, 18.7, 3.1, 4858.2, 35.4, 1.6, 0.2, 0, 65.7, 47.8, 15912.3, 737.7, 7.3, 211.1, 2.4, 1
3, 127341, 01/12/2018 13:59:10, 25.4, 22.2, 4.5, 20532.7, 46.9, 3.1, 0.3, 0, 85.5, 56.8, 15422.8, 1839.3, 12.2, 294.9, 8.4, 2.7
3, 127342, 01/12/2018 14:19:09, 17.7, 12.9, 2.7, 8050.6, 45, 0.6, 0.2, 0, 58.8, 32.9, 12303.1, 386.8, 8.7, 196.6, 5, 0.6
3, 127343, 01/12/2018 14:39:10, 12.7, 7.2, 1.7, 4347.4, 10.2, 0.5, 0.2, 0, 25.6, 18.4, 14909.1, 396, 6, 125.8, 2.8, 0.1
3, 127344, 01/12/2018 14:59:10, 22.1, 16.5, 2.9, 21768.6, 70.8, 1.2, 0.2, 0, 67.9, 42.2, 50989.4, 375.6, 6.6, 159.7, 1.3, 1.1
3, 127345, 01/12/2018 15:20:09, 15.9, 14.4, 2.5, 2997.8, 59.2, 1.9, 0.2, 0, 65.1, 36.9, 18736, 266.9, 11.7, 245.2, 1.5, 0.4
3, 127346, 01/12/2018 15:40:10, 17, 11.2, 2.3, 186.7, 49.7, 0.6, 0.2, 0, 51.2, 28.7, 19802.1, 357.8, 7.3, 179, 1.2, 0.5
3, 127347, 01/12/2018 15:59:10, 17.9, 14.1, 2.6, 15976.1, 59, 0.4, 0.2, 0, 86.8, 36, 14174.3, 353.4, 7.3, 204.8, 1.3, 1.6
3, 127348, 01/12/2018 16:20:10, 15, 11.2, 2.2, 3123, 30.8, 1.6, 0.2, 0, 42.7, 28.7, 16506.1, 284.1, 6.4, 159.4, 1.1, 1
3, 127349, 01/12/2018 16:40:09, 15.4, 11.1, 2.1, 3262.6, 54.6, 5.4, 0.2, 0, 36.1, 28.5, 18962.2, 360.4, 5.5, 139.5, 1, 0.9
3, 127350, 01/12/2018 17:00:09, 17.4, 17.1, 3.6, 16617.7, 63.2, 6.6, 0.3, 0, 110.2, 43.7, 29031.4, 359.2, 6, 185.4, 1, 3.3
3, 127351, 01/12/2018 17:20:09, 26.4, 34.7, 5.8, 6074.2, 133.8, 4.2, 0.4, 0, 138.4, 88.9, 22521.3, 376.8, 8.8, 278.3, 0.2, 9.9
3, 127352, 01/12/2018 17:40:09, 34.6, 46.7, 7.5, 5233.1, 120, 10.8, 0.5, 0, 169.2, 119.6, 31428.5, 479.9, 9.9, 333.2, 0.5, 15.2
3, 127353, 01/12/2018 17:59:10, 28.1, 32.4, 5, 21282.5, 89.9, 7.8, 0.4, 0, 117.4, 82.8, 29186.2, 371.4, 9, 292.5, 0.5, 9.6
3, 127354, 01/12/2018 18:20:09, 16.2, 15.5, 2.8, 7236.1, 80.2, 9.4, 0.3, 0, 59.5, 39.6, 16636.1, 304.6, 7.7, 251.4, 1.4, 5.2
3, 127355, 01/12/2018 18:39:09, 18.7, 20.5, 2.8, 12537.9, 75.1, 10.5, 0.2, 0, 74.3, 52.4, 19888.8, 322, 7.7, 231.4, 1.3, 8.5
3, 127356, 01/12/2018 19:00:09, 29.9, 25.8, 3.2, 13033, 54.4, 7.1, 0.3, 0, 95.8, 66.1, 18022, 330.3, 6.6, 194.6, 0.7, 1.7
3, 127357, 01/12/2018 19:20:09, 19.8, 17.7, 2.6, 4412.1, 66.9, 6.4, 0.2, 0, 148.5, 45.4, 20557.5, 243.3, 6.5, 203.4, 0.4, 1.9
3, 127358, 01/12/2018 19:39:09, 21.8, 17.6, 3, 8103.8, 60, 5.6, 0.3, 0, 53.2, 45, 15824.2, 342.8, 8.3, 265.4, 0.9, 1.7
3, 127359, 01/12/2018 19:59:08, 19.6, 18.7, 3.4, 36460.1, 113.4, 6.2, 0.3, 0, 88.6, 47.8, 16561.4, 373.4, 8.2, 248.1, 0.2, 4.2
3, 127360, 01/12/2018 20:20:09, 13, 9.5, 2.1, 271.7, 54.6, 5.8, 0.2, 0, 50.2, 24.4, 14606.5, 262.3, 6.9, 199.8, 0.1, 0.7
3, 127361, 01/12/2018 20:40:08, 13.8, 10.3, 2.1, 382, 91.6, 8.8, 0.2, 0, 65.7, 26.3, 20822.6, 360.4, 6.8, 186.7, 0.3, 0.5
3, 127362, 01/12/2018 21:00:08, 30.8, 29.9, 4.4, 27117.9, 209.9, 4.8, 0.3, 0.1, 170.2, 76.5, 26775.5, 401.7, 9.4, 264.5, 0.5, 3.5
3, 127363, 01/12/2018 21:20:08, 14.5, 11.1, 2.2, 3409, 85.6, 10.2, 0.2, 0, 78.3, 28.3, 13739.8, 284.4, 7.7, 234.9, 0.4, 0.7
3, 127364, 01/12/2018 21:39:08, 11, 7.6, 1.6, 2412.4, 55.2, 6.2, 0.1, 0, 83.8, 19.5, 14459.7, 350.9, 5.6, 136.9, 0.2, 0.4
3, 127365, 01/12/2018 21:59:08, 18.9, 13.5, 2.8, 15744.1, 187.1, 5.7, 0.2, 0, 92.7, 34.7, 10206.5, 295.1, 6.3, 159.1, 0.2, 1.1
3, 127366, 01/12/2018 22:20:08, 9.8, 4.7, 1.4, 42.3, 62.2, 5.3, 0.1, 0, 18.3, 12, 12288, 226.6, 5, 119, 0.1, 0.2
3, 127367, 01/12/2018 22:40:08, 9.7, 4.7, 1.4, 46.3, 50.4, 4.5, 0.1, 0, 21, 11.9, 19646.9, 312.6, 5.1, 121.1, 0.1, 0.2
3, 127368, 01/12/2018 23:00:08, 12, 7.6, 1.9, 17213.4, 63.5, 5.5, 0.2, 0, 57.1, 19.4, 17776.6, 339.3, 5.2, 123.6, 0.7, 1.1
3, 127369, 01/12/2018 23:20:07, 9.7, 4.8, 1.5, 900.3, 60.8, 4.9, 0.1, 0, 21.9, 12.2, 17273.8, 240.6, 4.1, 98.3, 1, 0.2
3, 127370, 01/12/2018 23:40:08, 9.5, 4.5, 1.4, 229.7, 49.7, 5.6, 0.1, 0, 21.3, 11.5, 11435.6, 325.2, 4, 94.9, 1.1, 0.2
4, 127299, 30/11/2018 23:59:37, 26.5, 29.8, 4.3, 19830.8, 60.9, 0.8, 0.3, 0, 227.5, 76.2, 39796.3, 265.6, 14.5, 193.2, 3.8, 4.2
4, 127300, 01/12/2018 00:19:37, 32.1, 80.9, 4.7, 17580.7, 74.7, 0.8, 0.4, 0, 237.5, 207, 35866.9, 328.7, 48, 338.5, 4.1, 5.1
4, 127301, 01/12/2018 00:40:37, 42.1, 68.1, 5.1, 4090.1, 96.7, 0.6, 0.4, 0, 226.9, 174.4, 57747.7, 217.2, 37.5, 285.9, 4.5, 1.8
4, 127302, 01/12/2018 01:00:37, 41.9, 42.5, 5.2, 19042.3, 205.1, 0.7, 0.4, 0, 167.1, 108.8, 42636.7, 228.2, 18.6, 248.2, 3.3, 2.2
4, 127303, 01/12/2018 01:19:37, 33.7, 29.2, 4.5, 9004.9, 170.7, 0.7, 0.4, 0, 99.3, 74.7, 15235, 107.5, 15.5, 164.7, 5.1, 2.5
4, 127304, 01/12/2018 01:39:36, 23.5, 19.5, 3.1, 4320.8, 70.9, 0.6, 0.3, 0, 61.2, 49.8, 17568.7, 132.5, 11.1, 133.7, 5.8, 2.3
4, 127305, 01/12/2018 02:00:36, 45.9, 47.5, 6.4, 19365.7, 259.1, 3.6, 0.4, 0.1, 248.8, 121.6, 19283.7, 156.9, 14.5, 275.8, 6.1, 4
4, 127306, 01/12/2018 02:19:36, 23.4, 18.2, 3.3, 2895.2, 91.3, 1.8, 0.3, 0, 65.7, 46.6, 21390.6, 159, 11.1, 143.1, 4.2, 1.5
4, 127307, 01/12/2018 02:39:37, 28, 23.5, 4.1, 7638.2, 60.6, 2.1, 0.3, 0, 88.7, 60.2, 17513.4, 127.2, 11.7, 161.7, 2.2, 2.4
4, 127308, 01/12/2018 02:59:37, 48.2, 52.3, 7.7, 26919, 47.1, 5, 0.6, 0.8, 225.2, 134, 64666.7, 316.6, 14.6, 276.5, 1.6, 7.5
4, 127309, 01/12/2018 03:19:37, 46.3, 70.5, 7.9, 63902.8, 203.6, 10.7, 0.6, 0.1, 320.2, 180.5, 51544.1, 187, 17.6, 455.1, 0.8, 30.9
4, 127310, 01/12/2018 03:39:36, 33.1, 51.6, 6.3, 60478.7, 89.1, 18.4, 0.4, 0.1, 273.5, 132.1, 24715.5, 151.1, 18, 448.5, 2, 20.9
4, 127311, 01/12/2018 03:59:36, 34, 31.9, 6.1, 18635.6, 263.8, 32.5, 0.4, 0, 133.6, 81.6, 63406.2, 189.5, 18.7, 450.3, 1.6, 4.7
4, 127312, 01/12/2018 04:19:36, 47.2, 36.7, 6.6, 5364.3, 371.9, 7.9, 1, 0, 214.9, 93.9, 60888, 172, 19.6, 377.8, 1.6, 2.3
4, 127313, 01/12/2018 04:39:36, 63.2, 52.6, 9.5, 3023.4, 388.1, 6.5, 1.7, 0, 230.2, 134.8, 75474.8, 161.9, 21, 454.2, 1.2, 4.3
4, 127314, 01/12/2018 04:59:36, 68, 62.5, 11.3, 26409, 801.1, 11.6, 1.3, 0.2, 258.9, 160, 99440.7, 175.2, 21.7, 602.1, 2.4, 7.9
4, 127315, 01/12/2018 05:19:36, 32, 23.9, 5.1, 5867.5, 303.5, 8.7, 0.4, 0, 104, 61.2, 72305.2, 176.8, 17.8, 435.9, 2.9, 2.6
4, 127316, 01/12/2018 05:39:36, 20.8, 17, 3.7, 4871.5, 74.2, 9, 0.3, 0, 78.4, 43.6, 39424, 138.9, 14.2, 361.1, 5.1, 2.1
4, 127317, 01/12/2018 05:59:35, 39.8, 33, 6.5, 21348, 334.1, 3.2, 0.4, 0, 142.5, 84.5, 70872.5, 151.7, 15.4, 394.7, 3.6, 3.3
4, 127318, 01/12/2018 06:19:36, 37, 39.3, 8.2, 1631, 161, 6.6, 0.5, 0, 157.8, 100.7, 42649.7, 132.1, 16.6, 527.7, 3.4, 5
4, 127319, 01/12/2018 06:39:36, 30.3, 27.1, 5.4, 2300.5, 119.1, 17, 0.4, 0, 138.9, 69.4, 59626.7, 105, 14.2, 401, 3.5, 2.9
4, 127320, 01/12/2018 06:59:35, 28.8, 24, 5, 17674.5, 142.3, 8.4, 0.4, 0, 136.1, 61.4, 65268.9, 155.7, 12.5, 331.8, 2.7, 2.8
4, 127321, 01/12/2018 07:19:36, 25.3, 24.8, 4.2, 4068.6, 139.4, 3.5, 0.3, 0, 125.1, 63.5, 21265.5, 160.2, 13.4, 430.4, 0.5, 2.6
4, 127322, 01/12/2018 07:39:35, 24, 24, 4, 3679.4, 154.9, 21.9, 0.3, 0.1, 122.3, 61.5, 45679.8, 402.2, 15, 334, 0.6, 2.2
4, 127323, 01/12/2018 07:59:35, 34, 39.8, 6.6, 29011.1, 318.7, 37.3, 0.4, 0.3, 222.4, 101.9, 34332.6, 415.5, 17.9, 434.2, 0.4, 6.7
4, 127324, 01/12/2018 08:19:35, 30.5, 38.9, 5.7, 19267.2, 185, 33.4, 1.7, 2.4, 328.7, 99.5, 43420.8, 288.3, 20.5, 575.6, 0.3, 4
4, 127325, 01/12/2018 08:39:35, 39.5, 44.9, 7.1, 4339.7, 302.5, 29, 0.6, 0.6, 276.5, 114.9, 43752.4, 307.7, 24.1, 665.5, 0.3, 3.6
4, 127326, 01/12/2018 08:59:35, 53.3, 56.4, 9.5, 27643.4, 359.9, 11.6, 0.6, 0.2, 210.1, 144.4, 44797.5, 167, 18.2, 622.6, 0.3, 8.5
4, 127327, 01/12/2018 09:19:35, 37.3, 36, 6.2, 7151.1, 237.6, 23.1, 0.5, 0, 123.9, 92.2, 41349.3, 157.8, 15.5, 433.5, 0.2, 3.7
4, 127328, 01/12/2018 09:39:35, 41.7, 37.3, 6.2, 4427.1, 241.5, 17.8, 0.5, 0.1, 219.7, 95.5, 64337.9, 171.4, 17.3, 540, 0.3, 2.5
4, 127329, 01/12/2018 09:59:35, 47.3, 47, 8.4, 21170.4, 414.6, 29.6, 0.5, 0.1, 182.3, 120.4, 44377.6, 156, 14.5, 448.7, 0.3, 5.8
4, 127330, 01/12/2018 10:19:39, 32.7, 29.9, 4.3, 2556.2, 196.4, 24.2, 0.3, 0, 160.3, 76.5, 25465.9, 114.7, 14.8, 444.1, 0.3, 2.1
4, 127331, 01/12/2018 10:39:40, 38.8, 34.8, 5.4, 5947.1, 159.6, 13.1, 0.5, 0.2, 236.6, 89, 35033.8, 174.7, 12.9, 310.5, 0.2, 2
4, 127332, 01/12/2018 10:59:40, 85, 150.5, 11.5, 33293.9, 683.3, 5.6, 5.5, 7.6, 579.5, 385.2, 77719.2, 112.8, 24.7, 962, 0.2, 5
4, 127333, 01/12/2018 11:19:40, 90.7, 188.8, 12.5, 2282.3, 848.5, 1.9, 11.9, 15.8, 1016.4, 483.4, 77547.1, 63.1, 27.2, 1198.9, 0.2, 8
4, 127334, 01/12/2018 11:39:39, 81.5, 145.1, 11.8, 2265.5, 830.8, 0.9, 14.5, 32.4, 481.9, 371.4, 86186.1, 74.9, 26.6, 1069.6, 0.2, 17.6
4, 127335, 01/12/2018 11:59:39, 75.2, 133.9, 10, 11335.4, 683.9, 9.5, 16.8, 49.7, 397.5, 342.7, 53567.3, 75.3, 24.4, 969.5, 0.2, 11
4, 127336, 01/12/2018 12:19:49, 71.6, 112.9, 7.3, 852.2, 503.4, 4.1, 8.7, 31.1, 362.4, 289, 52438.2, 78.1, 20.8, 798.1, 0.2, 5.4
4, 127337, 01/12/2018 12:39:49, 44.8, 40.1, 6.8, 2512.6, 251.8, 3.5, 0.5, 0, 142.5, 102.7, 90004.1, 58, 19.8, 584.2, 0.2, 2.4
4, 127338, 01/12/2018 12:59:49, 44.2, 51.4, 6.1, 14017.9, 317.9, 16.9, 0.4, 0.3, 271.2, 131.6, 82150.5, 98, 16.5, 484.3, 0.3, 3
4, 127339, 01/12/2018 13:19:49, 29.8, 25.2, 4, 484.9, 252.3, 15.4, 0.3, 0, 104.1, 64.6, 24488.4, 75.1, 11.4, 307.4, 0.2, 2.2
4, 127340, 01/12/2018 13:39:49, 27.1, 24.8, 3.9, 1541.6, 107.3, 17.1, 0.6, 1.2, 248.6, 63.4, 17222.1, 91.9, 12.1, 294.4, 0.4, 1.9
4, 127341, 01/12/2018 13:59:48, 34.6, 30.8, 5.5, 13962.2, 306.5, 13.4, 0.4, 0.3, 161, 78.9, 21487.8, 141.8, 11, 274.1, 0.3, 3.3
4, 127342, 01/12/2018 14:19:49, 27.3, 24.1, 4, 2403.1, 146.6, 19.8, 0.5, 0.9, 210, 61.6, 16512.4, 129.9, 11.2, 264.2, 0.3, 2.2
4, 127343, 01/12/2018 14:39:49, 19.4, 13.3, 2.8, 975.3, 153.7, 15.3, 0.2, 0, 42.1, 34, 16125.8, 74, 7.8, 141, 0.3, 1.6
4, 127344, 01/12/2018 14:59:48, 27.1, 25.5, 4.4, 13261.2, 241.8, 4.2, 0.3, 0, 158.3, 65.3, 32061.2, 146.8, 8.7, 207.6, 0.3, 2.2
4, 127345, 01/12/2018 15:19:48, 21.6, 16.6, 3.2, 2367.1, 81.6, 0.7, 0.3, 0, 67.3, 42.5, 14453, 139.7, 8.8, 192.7, 0.3, 1.9
4, 127346, 01/12/2018 15:39:48, 18.4, 12.7, 2.6, 6410.7, 31.4, 0.3, 0.2, 0, 62.6, 32.5, 14958.6, 147, 8.5, 156.8, 0.3, 1.1
4, 127347, 01/12/2018 15:59:48, 28.6, 22.8, 4.2, 16888.4, 178.9, 1.3, 0.3, 0, 132.8, 58.4, 15947.5, 146.8, 9.4, 208.6, 0.3, 2.5
4, 127348, 01/12/2018 16:19:48, 19.4, 13.7, 2.4, 1791.1, 15.2, 1.7, 0.2, 0, 55.8, 35.1, 15623.7, 92, 8.4, 150.6, 0.2, 0.9
4, 127349, 01/12/2018 16:39:48, 19.1, 12.9, 2.2, 2031.8, 26.6, 3.5, 0.2, 0, 53.3, 33.1, 16254.4, 103, 7.5, 137.4, 0.2, 1.1
4, 127350, 01/12/2018 16:59:48, 24.1, 19.3, 4.1, 15993.4, 227.6, 1.1, 0.3, 0, 126.1, 49.4, 16129.9, 136.8, 8.1, 181.9, 0.2, 2.1
4, 127351, 01/12/2018 17:19:48, 42.3, 38.7, 7.4, 2834, 390.9, 0.2, 0.6, 0.1, 169.2, 99.1, 30934.9, 134.9, 10.3, 346.8, 0.3, 4.1
4, 127352, 01/12/2018 17:39:48, 28.2, 24.1, 4.8, 5841.3, 306.6, 0.3, 0.4, 0, 123.1, 61.6, 28728.8, 132.1, 9, 298.7, 0.3, 1.8
4, 127353, 01/12/2018 17:59:48, 34.5, 28.6, 5.9, 14984.6, 313.4, 1.3, 0.4, 0, 145, 73.2, 49149.2, 124.1, 9.8, 311.6, 0.2, 3.4
4, 127354, 01/12/2018 18:19:47, 26.2, 23.8, 5.5, 661.4, 278.4, 0.6, 0.4, 0, 115.2, 61, 16408.5, 106.9, 9.7, 243.3, 0.4, 5.2
4, 127355, 01/12/2018 18:39:47, 14.2, 9.4, 2.3, 2171.5, 60.4, 0.4, 0.2, 0, 43.6, 24, 14650.5, 122.1, 6.9, 94, 0.5, 2.5
4, 127356, 01/12/2018 18:59:48, 22.9, 18, 3.5, 20849.8, 200.6, 1.6, 0.3, 0, 118, 46, 14949.5, 157.1, 8.2, 156.8, 0.4, 2.1
4, 127357, 01/12/2018 19:19:47, 21.3, 18.5, 2.7, 4678.3, 55.3, 0.2, 0.2, 0, 97, 47.4, 15076.8, 164.9, 11, 131.9, 0.2, 1.1
4, 127358, 01/12/2018 19:39:48, 19.1, 14.7, 2.3, 1784.5, 68.8, 0.7, 0.2, 0, 79.7, 37.6, 14483.5, 154.1, 10.3, 133.1, 0.2, 1.1
4, 127359, 01/12/2018 19:59:47, 29.2, 23.7, 4.2, 26142.9, 197.4, 1.3, 0.3, 0, 140.3, 60.6, 14471.7, 143.6, 8.5, 144.5, 2.5, 2.3
4, 127360, 01/12/2018 20:19:48, 17, 13.4, 2.3, 5661.7, 44, 0.5, 0.2, 0, 66.4, 34.2, 14336.3, 141.3, 8.4, 109.6, 3, 1.1
4, 127361, 01/12/2018 20:39:47, 18.9, 13.9, 3.2, 5181, 52.8, 0.9, 0.3, 0, 65.6, 35.7, 14534.9, 134.5, 7.6, 126.4, 4.7, 2
4, 127362, 01/12/2018 20:59:47, 31.5, 31.2, 4.7, 16154.3, 43.4, 0.2, 0.4, 0, 120.5, 80, 40425.4, 202.9, 9.4, 265, 1.6, 3.4
4, 127363, 01/12/2018 21:19:47, 25.6, 22.5, 3.5, 2819.5, 40.3, 0.1, 0.2, 0, 93.1, 57.6, 19408.9, 154.8, 7.7, 185.6, 0.8, 1.3
4, 127364, 01/12/2018 21:39:47, 24.4, 19.3, 3.4, 4637.7, 57.5, 1.9, 0.2, 0, 72.8, 49.3, 14678.3, 138.1, 8.5, 183.1, 1.5, 1
4, 127365, 01/12/2018 21:59:47, 17.2, 11.9, 2.6, 14931, 52.4, 0.7, 0.2, 0, 79, 30.5, 12521.6, 170.1, 8, 122.7, 1.6, 1.2
4, 127366, 01/12/2018 22:19:47, 14.6, 9.2, 2.1, 5334.4, 44.3, 0.4, 0.2, 0, 47.7, 23.6, 12473.7, 133.1, 7, 110.6, 1.6, 1.2
4, 127367, 01/12/2018 22:39:47, 14.3, 8.6, 2.1, 4599.6, 53.1, 1.4, 0.2, 0, 55.1, 21.9, 13050.1, 122.2, 7.6, 108.6, 1.6, 1.3
4, 127368, 01/12/2018 22:59:46, 26, 20, 4.2, 16701.8, 190.4, 0.6, 0.3, 0, 120.3, 51.2, 12420.5, 143.8, 7.7, 147.7, 1.5, 2.3
4, 127369, 01/12/2018 23:19:52, 16.6, 11.9, 2.1, 3627.2, 41.7, 0.2, 0.2, 0, 35, 30.6, 11893.2, 116, 7, 106.4, 1.4, 1.4
4, 127370, 01/12/2018 23:39:52, 18.9, 15.5, 2.5, 5344.7, 40.7, 0.4, 0.2, 0, 87.1, 39.6, 12133.8, 147.9, 6.5, 105.8, 0.7, 1.7
