HOST, TIME, SNAP_ID, SYS_CPU, SYS_DBTIME, SYS_SYSPCT, SYS_READ, SYS_WRITE, SYS_REDO, SYS_OSWAIT, SYS_RMWAIT, SYS_ACTSESS_MAX, SYS_ACTSESS_AVG, SYS_PGA, SYS_PXRUNS, SYS_PXQCT, SYS_PXSRVT, SYS_UCALLS, SYS_IOWAIT
1, 20/12/2018 23:59:32, 128483, 33.3, 45.1, 9.7, 1127.6, 243.6, 50.6, 0.8, 0, 203.6, 115.4, 22779.6, 109.2, 6, 145.5, 78.3, 10
1, 21/12/2018 00:19:32, 128484, 39.6, 68.2, 11.2, 7417.7, 193.8, 41, 0.8, 12.4, 264.2, 174.6, 17041.3, 215.2, 13.6, 219.8, 93.2, 15.1
1, 21/12/2018 00:39:32, 128485, 41.3, 66.8, 11, 7950.3, 185.6, 43.8, 0.9, 14.5, 248.7, 171.1, 13685.8, 303.2, 20.3, 230.3, 93, 9.5
1, 21/12/2018 01:00:32, 128486, 53.7, 80, 14.5, 6028.1, 229.9, 40.3, 1.1, 6.6, 278.5, 204.8, 17845.1, 891.8, 22.6, 309.6, 91.8, 18
1, 21/12/2018 01:19:32, 128487, 42.9, 94.8, 10.7, 3065, 148.5, 30.9, 0.8, 2.6, 339.4, 242.6, 14355.5, 605.3, 20.8, 269.2, 80.3, 19.3
1, 21/12/2018 01:39:32, 128488, 27.8, 49.5, 8.1, 1597.7, 110.2, 22.5, 0.7, 0.1, 194.5, 126.8, 13800.3, 396.9, 14.1, 162.8, 72.2, 14.3
1, 21/12/2018 01:59:32, 128489, 34.6, 64.6, 9.2, 1423.3, 169, 35.6, 0.8, 4.9, 258.7, 165.3, 13729.6, 539.1, 15.4, 183.7, 75.2, 16.7
1, 21/12/2018 02:19:32, 128490, 55.9, 73.4, 12.6, 6872.6, 165.2, 33.2, 1.3, 4.7, 324.4, 187.9, 37974.6, 642, 19.6, 275.7, 80.3, 7.5
1, 21/12/2018 02:39:32, 128491, 84.8, 98.9, 16.4, 6595.2, 154.7, 21.8, 3.7, 4.4, 325.1, 253.1, 29250.1, 779.1, 22.6, 406.9, 74.9, 7
1, 21/12/2018 02:59:31, 128492, 58.8, 79.5, 11.4, 5428.3, 154.9, 19.1, 2.3, 7.3, 281.2, 203.6, 19480.1, 728.9, 19.2, 330.5, 50.9, 13.6
1, 21/12/2018 03:19:31, 128493, 25.6, 55.5, 7.2, 1621.5, 224, 22.9, 0.6, 0, 265.3, 142.1, 39019.3, 287.7, 13.9, 187.8, 49, 21.3
1, 21/12/2018 03:39:31, 128494, 28.9, 39.2, 8.1, 1700, 232, 28.6, 0.7, 0, 233.7, 100.4, 13210.5, 157.1, 11.3, 158.7, 55.3, 4.9
1, 21/12/2018 04:00:32, 128495, 28.3, 40.4, 8, 653.7, 272.9, 34.9, 0.7, 0, 200.4, 103.3, 47899.5, 3900.2, 7.7, 94.8, 84.7, 4.3
1, 21/12/2018 04:19:31, 128496, 30, 46.1, 7.6, 1978, 507.1, 20.1, 0.6, 0.3, 250.6, 118.1, 47796, 4753.4, 8, 119.5, 55.9, 3.7
1, 21/12/2018 04:39:31, 128497, 24.4, 37.9, 6.2, 65, 543.2, 25.6, 0.5, 0, 229.3, 97, 47040, 4566.9, 3.5, 52.4, 64.9, 2.9
1, 21/12/2018 04:59:31, 128498, 19.8, 28.5, 5.4, 47, 398, 23.7, 0.5, 0, 160.4, 73, 48329.7, 3804.5, 3, 46.2, 66, 3.6
1, 21/12/2018 05:19:31, 128499, 31.1, 54.6, 9.7, 1256.1, 214.4, 39, 0.9, 0.3, 255.4, 139.9, 50220.4, 2223.5, 4.6, 95.6, 109.2, 11.2
1, 21/12/2018 05:39:32, 128500, 21.6, 40.3, 7, 571.5, 173.6, 28.1, 0.6, 0, 234.5, 103.2, 10536.4, 6744.8, 4.2, 73.6, 87.7, 5.2
1, 21/12/2018 05:59:31, 128501, 51.8, 75, 14.5, 1753, 308.2, 48.2, 1.2, 0.3, 281.5, 192.1, 20078.2, 132.1, 4.4, 120.3, 114, 12.4
1, 21/12/2018 06:19:31, 128502, 48, 61.8, 14, 573.8, 335.6, 51.7, 1.1, 0, 210.7, 158.3, 11904.4, 89, 4.8, 78.5, 119.6, 15.6
1, 21/12/2018 06:39:31, 128503, 24.7, 45.8, 8.2, 183.1, 212.5, 29.3, 0.7, 0, 180.9, 117.3, 10809.1, 83.9, 3.1, 43.9, 87.3, 14.5
1, 21/12/2018 06:59:31, 128504, 41.9, 70.4, 12.6, 1591.7, 306.5, 48, 1, 0.1, 241.1, 180.3, 13325.5, 110.2, 4.6, 79.5, 113.8, 17.5
1, 21/12/2018 07:19:31, 128505, 37.5, 71.1, 12, 670.2, 283.4, 48.4, 0.9, 0, 307.4, 181.9, 12239.7, 90, 3.5, 52.7, 111.1, 17
1, 21/12/2018 07:39:31, 128506, 53.1, 66.7, 16.4, 410.6, 386.1, 64, 1.3, 0, 267.6, 170.7, 13875.8, 69.1, 3.5, 50.4, 137.3, 16.5
1, 21/12/2018 07:59:31, 128507, 67.7, 82.9, 17.9, 1231, 440.7, 78.3, 1.4, 0.1, 301.9, 212.3, 15400, 89.1, 6.3, 99.3, 156.4, 14.4
1, 21/12/2018 08:19:31, 128508, 64.6, 86.2, 18.1, 572.6, 438.1, 84, 1.3, 0, 296.4, 220.6, 14789.8, 71, 5.5, 100.6, 160.8, 14.7
1, 21/12/2018 08:39:30, 128509, 57.9, 67.7, 16.8, 383.2, 394, 78.9, 1.3, 0, 266.3, 173.3, 14806.7, 86.7, 3.1, 60.6, 165.9, 17.2
1, 21/12/2018 08:59:31, 128510, 39.1, 59.4, 12, 460.1, 332, 63.7, 1, 0, 258.1, 152.1, 11373.9, 62, 2.9, 54.4, 146, 17.6
1, 21/12/2018 09:19:30, 128511, 40.4, 64.9, 12.3, 1318, 305.3, 53.8, 1, 0, 278.1, 166.3, 11782.6, 145.4, 5, 88.1, 153.1, 14.9
1, 21/12/2018 09:39:30, 128512, 32, 67.2, 10.2, 359.1, 275.1, 54.3, 0.9, 0, 326, 172, 11577.2, 114.9, 3.1, 44, 161.3, 7.1
1, 21/12/2018 09:59:30, 128513, 59.9, 66.3, 15, 2729.2, 341.6, 67.7, 1.1, 0, 288.9, 169.8, 22463.2, 166.3, 5.2, 109.3, 190.6, 9
1, 21/12/2018 10:19:30, 128514, 45.4, 66.2, 12.8, 5166.8, 317.4, 60.4, 1, 0, 302.1, 169.4, 27201.5, 184.9, 5.1, 131.7, 175.2, 9.7
1, 21/12/2018 10:40:30, 128515, 41, 54.7, 12.5, 941.7, 428.8, 61.7, 1, 0, 278.3, 140, 14794.1, 124.2, 3.5, 71.8, 195, 7.7
1, 21/12/2018 10:59:30, 128516, 38.4, 61.4, 11.4, 360.3, 294.4, 59.9, 0.9, 0, 272.7, 157.2, 15849.5, 61.2, 3.9, 67.9, 170.9, 6.9
1, 21/12/2018 11:20:30, 128517, 42.9, 54.7, 12.9, 331.3, 331.3, 76.2, 1.1, 0, 231.5, 140.1, 11734.9, 67.1, 4.2, 48.8, 195.1, 8
1, 21/12/2018 11:40:30, 128518, 39.1, 55.6, 12.1, 1439.6, 268.3, 60, 1, 0, 287.2, 142.4, 13476.8, 107.3, 5.1, 67.9, 178.8, 8.7
1, 21/12/2018 11:59:30, 128519, 40.5, 63.2, 12.2, 389, 286.8, 60.6, 1, 0, 339.2, 161.8, 12650.6, 134.4, 5.1, 61, 170.8, 8.2
1, 21/12/2018 12:19:29, 128520, 53.7, 99, 15.6, 2536.7, 285.4, 56.5, 1.5, 0, 379.9, 253.6, 39856, 228.8, 8.9, 193.7, 141.6, 11
1, 21/12/2018 12:39:30, 128521, 60, 94.4, 17.7, 2036.8, 281.9, 54, 1.4, 0, 416.3, 241.7, 29013.7, 140.2, 9.4, 228.8, 155.7, 15.7
1, 21/12/2018 12:59:30, 128522, 62.4, 78.8, 18.8, 679.2, 294.4, 59.4, 1.5, 0, 334.9, 201.6, 23605.9, 123.1, 6.4, 150.6, 171.9, 13.9
1, 21/12/2018 13:19:30, 128523, 65.2, 76.1, 18.7, 881.4, 309.2, 63.4, 1.5, 0, 311.5, 194.9, 41549.3, 205.8, 8.6, 159.9, 177.4, 13.3
1, 21/12/2018 13:39:29, 128524, 63.6, 85.9, 18.4, 17367.5, 304.2, 58.4, 1.6, 0, 369.3, 220, 46184, 54.1, 9, 157, 158.3, 14.7
1, 21/12/2018 13:59:29, 128525, 59.9, 78.2, 17.6, 875.8, 316.8, 62.6, 1.4, 0, 277, 200.2, 44142.7, 47.9, 8.3, 158.4, 173.1, 13.5
1, 21/12/2018 14:19:29, 128526, 52.6, 58.4, 15.5, 1400.2, 300.4, 59.9, 1.2, 0, 181.9, 149.5, 38846.5, 88.1, 6.3, 120.6, 168.8, 11
1, 21/12/2018 14:39:29, 128527, 39, 48.9, 12.6, 285, 256.6, 57.4, 1, 0, 223.6, 125.1, 38843.5, 154, 5, 92.4, 147.4, 9.7
1, 21/12/2018 14:59:29, 128528, 48.6, 70.9, 12.9, 1739.6, 310.2, 57.7, 1, 0, 296.8, 181.6, 19173.9, 210, 9.3, 155.8, 150.9, 8.6
1, 21/12/2018 15:19:29, 128529, 36.4, 41.5, 10.6, 347, 281.9, 60.1, 0.9, 0, 198.9, 106.3, 19554.3, 102.2, 7.1, 103.5, 160, 5.5
1, 21/12/2018 15:39:29, 128530, 41.8, 42.6, 11.3, 822.8, 303.3, 58.8, 0.9, 0.5, 220.8, 109.2, 16358.4, 54.1, 6.6, 100, 151.8, 5.4
1, 21/12/2018 16:00:29, 128531, 52.7, 63.1, 13.6, 2821.9, 329.6, 61.3, 1, 1.3, 244.1, 161.7, 18466.1, 147.4, 10.8, 212.1, 147.7, 7.4
1, 21/12/2018 16:19:29, 128532, 46.1, 49.2, 12.6, 635, 377.9, 74.4, 1, 0, 208.6, 126, 24601.1, 115, 10.3, 175.6, 158.9, 5.8
1, 21/12/2018 16:39:29, 128533, 48.7, 46.3, 12.8, 738.8, 391, 72.2, 1, 0, 146.3, 118.6, 25973.1, 104, 11.8, 196.3, 151.3, 5.7
1, 21/12/2018 16:59:29, 128534, 41.6, 46, 11.8, 250.5, 380.2, 79.5, 0.9, 0, 198.5, 117.7, 23633.3, 96.9, 9.9, 168.3, 155.2, 7.5
1, 21/12/2018 17:19:29, 128535, 51.9, 53.4, 13.9, 1625.4, 393.5, 83.1, 1.3, 0.4, 217.1, 136.6, 25682.9, 155.1, 9, 136.8, 160.6, 7.5
1, 21/12/2018 17:39:29, 128536, 47.3, 55.2, 13.4, 2463.5, 400, 73.5, 1, 0.1, 290.7, 141.3, 22800.5, 102.1, 10.6, 174.1, 164.3, 8.3
1, 21/12/2018 17:59:29, 128537, 37.2, 88.9, 10.6, 385.2, 304.6, 50.5, 0.8, 0, 333.5, 227.7, 18763.4, 31, 9.1, 107.3, 119.1, 6.1
1, 21/12/2018 18:19:29, 128538, 41.9, 49.4, 12.3, 514.7, 391.4, 73.2, 1, 0, 264, 126.4, 17536.9, 37.1, 8, 73.5, 181.7, 6.4
1, 21/12/2018 18:39:29, 128539, 52.1, 46.9, 14.4, 1955.7, 394.5, 71.4, 1, 0, 183.9, 120.1, 22185.7, 91.6, 10, 128.6, 168.4, 6.5
1, 21/12/2018 18:59:28, 128540, 51.1, 51.1, 12.1, 1043.7, 553, 56.7, 0.9, 0, 197.9, 130.7, 74763.1, 55.9, 10.4, 145.4, 112.8, 7
1, 21/12/2018 19:19:28, 128541, 41.5, 41.2, 10.9, 3081.5, 413.2, 57.6, 0.8, 0, 182.5, 105.4, 19553.9, 144.1, 9.1, 128.1, 106.1, 5.8
1, 21/12/2018 19:39:28, 128542, 26, 25.7, 7.9, 663.1, 269, 54.4, 0.7, 0, 194.8, 65.7, 13509.4, 61, 5.9, 69.8, 102.7, 3.4
1, 21/12/2018 19:59:28, 128543, 33.1, 72.8, 10.1, 2187.9, 242.9, 45.6, 0.8, 0.7, 389.4, 186.3, 31966.9, 192.8, 10.6, 191.1, 85.7, 11.9
1, 21/12/2018 20:19:28, 128544, 38.1, 58.4, 11.6, 1603.5, 270.5, 43.3, 0.9, 0.1, 326.1, 149.5, 28560.1, 64, 12.5, 205.4, 68.1, 7.6
1, 21/12/2018 20:39:28, 128545, 25.4, 30.7, 7.8, 529.8, 243.8, 43.2, 0.6, 0, 113.2, 78.5, 11427.4, 61.1, 7.7, 110.9, 60.7, 4.4
1, 21/12/2018 20:59:28, 128546, 24.3, 44.6, 7.3, 2127, 185.2, 39.3, 0.6, 1.2, 225.3, 114.3, 13003.7, 184.1, 8.5, 152.7, 57.1, 8.3
1, 21/12/2018 21:19:28, 128547, 26.3, 32.7, 8.9, 966, 210.1, 41.3, 0.7, 0, 166.5, 83.6, 12676.7, 44, 7.1, 119.7, 69.9, 5.8
1, 21/12/2018 21:39:28, 128548, 28.4, 30.7, 9.4, 682.7, 206, 43.3, 0.8, 0, 137.5, 78.5, 11855, 43.9, 6.6, 110.2, 73.2, 7.3
1, 21/12/2018 22:00:28, 128549, 23.7, 32.5, 8.2, 926.5, 189.6, 40.8, 0.7, 0, 167.7, 83.3, 11766.6, 40.1, 6.1, 102.4, 69.5, 8.2
1, 21/12/2018 22:19:27, 128550, 22.7, 25.5, 7.7, 851.4, 181.1, 45.2, 0.7, 0, 100.1, 65.4, 12861.7, 159, 6, 98.9, 73.3, 7.3
1, 21/12/2018 22:39:28, 128551, 23.5, 23.8, 7.9, 935.3, 201.9, 44.2, 0.7, 0, 81.2, 60.9, 11395.9, 43.9, 6, 99, 69.1, 6.3
1, 21/12/2018 22:59:27, 128552, 21.2, 39.4, 6.9, 422.3, 154.4, 39.2, 0.6, 0, 271, 100.8, 25700.3, 43, 5.6, 100.7, 73.7, 4.7
1, 21/12/2018 23:19:28, 128553, 48.5, 53.9, 12.6, 2389.1, 430.3, 29.6, 0.9, 0.9, 172.3, 138, 66611.8, 43.9, 8.7, 214.2, 87.9, 7.5
1, 21/12/2018 23:39:28, 128554, 46.7, 48, 11.7, 1318.7, 415.6, 26.5, 0.9, 0.1, 158.2, 123, 67833.1, 37.2, 7.7, 183.5, 105.1, 6.6
2, 20/12/2018 23:59:47, 128483, 39.1, 53.3, 11.9, 1839.8, 431.6, 32.3, 0.9, 2.5, 214.5, 136.6, 39425.7, 106, 11.4, 248.3, 97.7, 16
2, 21/12/2018 00:19:47, 128484, 38.7, 85.8, 10.9, 10858.6, 264.8, 30.7, 0.8, 13.4, 306.9, 219.7, 45863, 93.7, 18.1, 319, 111.4, 21.7
2, 21/12/2018 00:39:47, 128485, 46.9, 104.8, 12.6, 3881.5, 300.2, 47.1, 0.9, 26.4, 333.1, 268.4, 40490.1, 47.1, 24.9, 332.3, 104.4, 10.1
2, 21/12/2018 00:59:47, 128486, 44.8, 86, 12, 1110.7, 300.8, 45.7, 0.9, 25.4, 258.7, 220.2, 46823.3, 41.9, 21.6, 294.6, 120.5, 7.9
2, 21/12/2018 01:19:47, 128487, 55.9, 116.5, 12.3, 70847.9, 222.9, 25.4, 3.8, 21.9, 430.8, 298.3, 65172.5, 102, 24.2, 436.9, 101.1, 8.5
2, 21/12/2018 01:39:47, 128488, 66, 91.1, 13.9, 64016.9, 250.8, 21.6, 1, 5.4, 311.7, 233.1, 51781.5, 126.9, 20.4, 370.8, 113.2, 11.6
2, 21/12/2018 01:59:46, 128489, 36.6, 60.9, 9.9, 12512.9, 198, 29.4, 0.8, 1.3, 217.5, 155.8, 40666.1, 53.9, 14.6, 203.9, 149.9, 19.3
2, 21/12/2018 02:19:47, 128490, 40.7, 56.8, 11.2, 1656.7, 191.3, 31.4, 0.9, 1.3, 262.3, 145.5, 43235.9, 187.2, 13.2, 221.3, 171.8, 6.8
2, 21/12/2018 02:39:47, 128491, 46, 58.7, 12.9, 940.2, 194.4, 37, 1, 1.8, 239.8, 150.3, 40004.7, 83.4, 11.8, 203.3, 223.1, 6.1
2, 21/12/2018 02:59:46, 128492, 33, 37.8, 9.3, 487.7, 206.1, 33.9, 0.8, 0, 134.9, 96.7, 30242.5, 86.8, 7.2, 125.5, 201.6, 7.9
2, 21/12/2018 03:19:47, 128493, 24.8, 37, 7.3, 994, 123.1, 25.2, 0.6, 0.2, 174, 94.7, 30536, 164.9, 6.4, 108.4, 136.2, 10.3
2, 21/12/2018 03:39:46, 128494, 34.2, 37.8, 10, 1838.9, 158.9, 25.9, 0.8, 0.1, 157.1, 96.8, 33103.7, 200, 6.6, 124.3, 135.2, 6.4
2, 21/12/2018 03:59:46, 128495, 21.9, 26.1, 6.9, 497.6, 169.3, 20.1, 0.6, 0, 126.2, 66.8, 62085.7, 56, 4, 73.3, 88.5, 5.6
2, 21/12/2018 04:19:46, 128496, 35.8, 44.2, 8.8, 2000.3, 527.7, 16.7, 0.7, 1.4, 219.7, 113.3, 69056.8, 68.7, 5.8, 129.9, 75, 5.7
2, 21/12/2018 04:40:46, 128497, 32.1, 40.1, 7.8, 854.8, 537.1, 13.5, 0.6, 0, 190.5, 102.5, 48204.7, 20, 5.1, 117.9, 38.5, 6
2, 21/12/2018 04:59:46, 128498, 31.8, 34.1, 7.9, 622.1, 358, 20.4, 0.6, 0, 122.7, 87.2, 43606.5, 30, 4.1, 89.3, 94.6, 7.3
2, 21/12/2018 05:19:46, 128499, 18.5, 24.6, 5.7, 1691.9, 153.5, 20.1, 0.5, 0, 117.9, 62.9, 40655.2, 46.9, 4.1, 89.2, 56.1, 4.3
2, 21/12/2018 05:39:47, 128500, 18, 30.7, 5.5, 645.5, 153, 18.6, 0.5, 0, 207.9, 78.7, 12815, 56.3, 3.6, 69.1, 56.9, 3.6
2, 21/12/2018 05:59:46, 128501, 17.2, 25.1, 5.2, 1925.1, 161.2, 20.9, 0.4, 0, 132.4, 64.3, 17227.2, 85, 3.1, 58.7, 68.6, 2.8
2, 21/12/2018 06:19:46, 128502, 12.8, 13.5, 4.4, 328.5, 109.2, 19.4, 0.4, 0, 101.8, 34.5, 11410.5, 25, 1.7, 25.1, 58.1, 2.6
2, 21/12/2018 06:39:46, 128503, 10.2, 16.8, 4, 24.8, 105.4, 23.5, 0.4, 0, 162.3, 43, 11418.6, 17, 1, 5.1, 69.2, 2.5
2, 21/12/2018 06:59:46, 128504, 23.7, 30.5, 6.8, 1249.5, 337, 30, 0.6, 0, 143.1, 78.2, 17568.2, 100, 3.5, 71.7, 81.8, 4
2, 21/12/2018 07:19:45, 128505, 19.8, 33.2, 6.3, 530, 203.3, 32.3, 0.6, 0, 196.1, 85.1, 13096.1, 32, 2.3, 46.8, 94.6, 4.1
2, 21/12/2018 07:39:45, 128506, 14, 15.1, 5.2, 99.3, 150.2, 33.9, 0.5, 0, 81.8, 38.7, 11418, 30.9, 1.1, 6.7, 94.3, 2.4
2, 21/12/2018 07:59:46, 128507, 28.1, 33.5, 8.5, 1012.9, 252.2, 45.9, 0.7, 0.1, 206.5, 85.7, 14659.1, 104, 4.3, 53.6, 148.6, 4.2
2, 21/12/2018 08:19:46, 128508, 23.2, 30, 7.6, 795, 218.2, 47.5, 0.7, 0, 192.2, 76.7, 12559.2, 87.1, 2.9, 38.7, 127.7, 3.4
2, 21/12/2018 08:39:46, 128509, 25.9, 26.4, 8.1, 253.2, 262.3, 50.2, 0.7, 0, 186.4, 67.5, 11524.9, 43, 2.1, 23.4, 137.3, 4.9
2, 21/12/2018 08:59:45, 128510, 25.7, 34.8, 8.5, 44.4, 265, 60.1, 0.8, 0, 176.4, 89.2, 11544.8, 50.9, 1.1, 5.2, 166.1, 4.6
2, 21/12/2018 09:19:45, 128511, 39.1, 54.3, 11.6, 1764.1, 300.1, 60.4, 0.9, 0.1, 256.6, 139.1, 16199.2, 104.9, 3.7, 89.4, 195.6, 6.2
2, 21/12/2018 09:39:45, 128512, 31, 62.1, 9.5, 252.8, 297.8, 60.1, 0.8, 0, 295, 158.9, 15701, 42.8, 2.1, 40.3, 168.4, 5.1
2, 21/12/2018 09:59:45, 128513, 29.7, 42, 9.6, 59.9, 286.6, 63.6, 0.8, 0, 225.5, 107.5, 11604, 42.3, 1, 5.1, 189, 7.5
2, 21/12/2018 10:19:45, 128514, 28.9, 43.9, 8.8, 528.2, 274.3, 58.4, 0.8, 0, 258.7, 112.3, 13200.2, 47.7, 2.3, 32.6, 162.3, 5.3
2, 21/12/2018 10:40:45, 128515, 35.9, 49.2, 10.5, 953.3, 305.9, 62.9, 0.9, 0, 282.2, 126, 12815.1, 68.7, 3.7, 59.1, 180.9, 6.6
2, 21/12/2018 10:59:45, 128516, 31.3, 50.9, 9.4, 184.8, 304.1, 63.1, 0.8, 0, 259.5, 130.2, 14455.6, 51.1, 2.4, 34.3, 179.6, 4.8
2, 21/12/2018 11:19:45, 128517, 30.1, 44, 9.2, 108.8, 284.5, 63.8, 0.8, 0, 260.2, 112.5, 11605.9, 44.8, 1.8, 22.1, 178.4, 4.6
2, 21/12/2018 11:40:44, 128518, 34.8, 78.9, 10.3, 605.5, 289.5, 61.6, 0.8, 0, 1495.2, 202, 12180.2, 86.2, 2.5, 42.4, 187.3, 4.8
2, 21/12/2018 11:59:44, 128519, 29.2, 45.4, 9.2, 43.2, 290.9, 65.9, 0.8, 0, 270.5, 116.1, 11615.7, 43.8, 1, 6.2, 184.2, 4.1
2, 21/12/2018 12:19:45, 128520, 32.3, 66.7, 9.1, 6656.9, 246.9, 51.1, 0.8, 0, 291.5, 170.6, 12286.6, 108.2, 3.1, 43.4, 158.7, 5.8
2, 21/12/2018 12:39:44, 128521, 30.4, 54.9, 9.4, 328.8, 287.6, 66.8, 0.8, 0, 303, 140.5, 11698.2, 80, 1.6, 19.7, 182.8, 5.2
2, 21/12/2018 12:59:44, 128522, 29.8, 38.9, 9.4, 88, 309.9, 68.9, 0.8, 0, 259.1, 99.6, 11599.1, 220.2, 1.6, 19.7, 186.4, 3.7
2, 21/12/2018 13:19:44, 128523, 29.9, 34, 9.3, 972.6, 285, 61.5, 0.8, 0, 154.5, 87.2, 13417.6, 298.5, 1.8, 20.7, 172, 4.1
2, 21/12/2018 13:39:44, 128524, 30.1, 43.2, 9.3, 1571.4, 319.6, 61.8, 0.8, 0.1, 258.8, 110.6, 11873.5, 292.5, 2.5, 51.9, 168.8, 4.9
2, 21/12/2018 13:59:44, 128525, 42.1, 51.5, 11.4, 2595.7, 283.1, 60.7, 0.9, 0, 186.3, 131.9, 11777.8, 187.8, 1.3, 11.8, 195.9, 8.2
2, 21/12/2018 14:19:44, 128526, 36.2, 48.2, 10.9, 3622.1, 289.6, 64, 0.9, 0, 192.2, 123.4, 12590.9, 238.4, 2.4, 67.5, 202.7, 4.6
2, 21/12/2018 14:39:45, 128527, 36.1, 50.5, 11, 1601, 344.1, 78.7, 0.9, 0.1, 347.5, 129.2, 15976, 334.4, 3, 49.7, 187.1, 4.7
2, 21/12/2018 14:59:44, 128528, 43.2, 62.7, 12.3, 2924.3, 362.5, 74, 0.9, 0, 280.2, 160.6, 16877.9, 267, 6.9, 165.2, 180.2, 5.9
2, 21/12/2018 15:19:44, 128529, 34.6, 36, 10.4, 453, 326.9, 68.7, 0.9, 0, 185.7, 92.1, 12332, 244.6, 3.9, 80.9, 182.3, 4.3
2, 21/12/2018 15:39:44, 128530, 32.4, 34.4, 10.1, 232.8, 302.3, 68, 0.9, 0, 216.4, 87.9, 18277.5, 275, 3.1, 57.2, 187.2, 4.2
2, 21/12/2018 15:59:44, 128531, 53.1, 65.2, 14.5, 2191.4, 416.9, 68.6, 1.1, 0.1, 321.4, 166.9, 21186.1, 242, 7.5, 160.2, 206.8, 5.9
2, 21/12/2018 16:19:44, 128532, 40.1, 43.8, 11.9, 326.8, 375.5, 75, 1, 0, 220.4, 112.1, 15304.6, 210.3, 6.4, 157.3, 194.2, 4.2
2, 21/12/2018 16:39:44, 128533, 34.1, 31.7, 10.4, 97.9, 400.5, 88.3, 0.9, 0, 129.1, 81.3, 24729.2, 217.8, 7.1, 185.4, 182.5, 3.8
2, 21/12/2018 16:59:44, 128534, 35.7, 35.4, 10.6, 146.6, 446.9, 85.2, 0.9, 0, 213.9, 90.5, 28275.3, 170.5, 8, 219.3, 177.6, 4.8
2, 21/12/2018 17:19:44, 128535, 31.8, 30.3, 9.8, 186.7, 424.2, 94.3, 0.8, 0, 140.4, 77.5, 29446.5, 197.8, 8.5, 229.3, 167.6, 4.8
2, 21/12/2018 17:39:44, 128536, 32.6, 37.6, 9.7, 711, 360, 73.9, 0.8, 0.2, 231, 96.3, 18229.7, 254.7, 6.6, 156.6, 161.9, 5.1
2, 21/12/2018 17:59:44, 128537, 25, 76.4, 8.2, 321.8, 302.4, 68, 0.7, 0, 368.8, 195.7, 17262.8, 273.3, 4.9, 104.2, 139.1, 4.5
2, 21/12/2018 18:19:44, 128538, 21.4, 27.5, 7.3, 69.9, 277.2, 58.4, 0.7, 0, 198.4, 70.5, 16534.4, 227.6, 3.2, 59.7, 122.3, 4
2, 21/12/2018 18:39:43, 128539, 25.7, 22.8, 8.1, 2104.1, 271.7, 55.5, 0.7, 0.1, 118, 58.3, 17635.2, 307.9, 5.2, 111.3, 99.1, 4.6
2, 21/12/2018 18:59:43, 128540, 20.2, 22.1, 7, 8280, 297.3, 51.2, 0.6, 0, 104.9, 56.5, 17706.7, 169.7, 5.2, 97.3, 94.1, 5.9
2, 21/12/2018 19:19:44, 128541, 23.2, 22.8, 7.1, 1073.1, 243.7, 47.7, 0.6, 0, 132.9, 58.4, 19442.8, 228.9, 6.6, 132.5, 80.9, 3.6
2, 21/12/2018 19:39:44, 128542, 18.9, 19.1, 6.2, 314.1, 222.8, 42.3, 0.6, 0, 156.8, 48.9, 21616.2, 203.3, 6, 110.1, 71.5, 3.1
2, 21/12/2018 19:59:43, 128543, 26, 58.5, 8.1, 6644.5, 242.8, 49.7, 0.6, 0, 340.7, 149.9, 19774.8, 212.1, 8.3, 196.1, 105.4, 4.7
2, 21/12/2018 20:19:44, 128544, 40.6, 63.4, 12.9, 1219.6, 863.5, 42.2, 0.9, 0.5, 289.3, 162.2, 24288, 290.8, 10.6, 290.3, 70.4, 9.4
2, 21/12/2018 20:39:43, 128545, 34.6, 44.8, 11.7, 757.9, 203.1, 40.2, 0.9, 0.1, 156.1, 114.7, 21219, 229.8, 8.3, 223.7, 60.7, 11.3
2, 21/12/2018 20:59:43, 128546, 35.6, 59.4, 10.6, 1510, 312.8, 42.3, 0.8, 0.1, 221.5, 152.1, 44972.7, 179, 9.6, 248.5, 75, 13.1
2, 21/12/2018 21:19:43, 128547, 41.9, 48.4, 13.2, 839.5, 280.2, 42.4, 0.9, 0, 180.4, 124, 26155.6, 208.4, 8.6, 238.1, 102.4, 9.1
2, 21/12/2018 21:39:43, 128548, 34, 37.3, 11.7, 519.6, 188.2, 42.3, 0.9, 0, 150.8, 95.6, 24621.2, 219.8, 7, 198.1, 115.8, 8.9
2, 21/12/2018 21:59:42, 128549, 35.2, 46.3, 11.5, 468.1, 214.7, 49.4, 0.9, 0, 194.1, 118.6, 24579.5, 164.2, 7.3, 202.1, 128.4, 9.2
2, 21/12/2018 22:19:43, 128550, 35.4, 40.1, 12.5, 518.1, 205.6, 44.3, 1, 0, 189.9, 102.6, 23237, 205.9, 7, 198.1, 133.6, 10.1
2, 21/12/2018 22:39:42, 128551, 32.6, 33.5, 11.7, 503.2, 186.7, 39.5, 0.9, 0, 111.3, 85.7, 23241.1, 215.7, 7, 198.1, 109.7, 9.1
2, 21/12/2018 22:59:43, 128552, 30.8, 47.8, 9.9, 673.4, 263.7, 32.8, 0.8, 0, 237.2, 122.3, 25122.4, 161.2, 7.5, 212.5, 95.6, 8.3
2, 21/12/2018 23:19:43, 128553, 39.1, 44.5, 11.4, 1295.1, 294.8, 32.2, 0.9, 0, 150.2, 114, 53917.9, 207, 7.5, 212.6, 129.5, 7.8
2, 21/12/2018 23:39:42, 128554, 37.6, 39.6, 10.4, 383.4, 269.3, 31.3, 0.8, 0, 127.5, 101.3, 56249, 225.5, 7, 198.1, 111.8, 6.2
3, 21/12/2018 00:00:01, 128483, 30.1, 101, 6.2, 20757.2, 77.2, 3.6, 0.5, 55.9, 405, 258.5, 55133.9, 600.6, 40.3, 692.6, 1.1, 8.3
3, 21/12/2018 00:20:01, 128484, 42.2, 145.7, 9.1, 17582.3, 76.6, 2.5, 0.6, 43, 425.5, 373.1, 82866.3, 722.9, 73.4, 843.4, 2.3, 12.3
3, 21/12/2018 00:40:01, 128485, 59.4, 160.3, 11.6, 4143.6, 70.1, 2.7, 1.5, 45.1, 569.1, 410.4, 84155.8, 358.8, 78.4, 1043.3, 2.3, 7.9
3, 21/12/2018 01:00:01, 128486, 53.4, 150.1, 11.3, 14186.6, 155.9, 0.7, 0.7, 41.1, 487.4, 384.3, 99712.6, 559.3, 69.7, 975.1, 2.2, 9.2
3, 21/12/2018 01:20:00, 128487, 45.5, 107.8, 9, 5725, 108.1, 0.4, 0.6, 25.2, 351.4, 276.1, 79327.1, 578.9, 51.3, 789.8, 2, 8.8
3, 21/12/2018 01:40:01, 128488, 45.5, 95.7, 9.7, 3904.9, 68.6, 0.3, 0.6, 34, 326.4, 245.1, 43723.4, 395.1, 42.5, 695.2, 3, 9
3, 21/12/2018 02:00:01, 128489, 56.3, 124.2, 12, 18598, 283.6, 4.2, 3.2, 43.3, 426.9, 317.9, 57844.8, 527.2, 48.3, 959.9, 5.5, 11.6
3, 21/12/2018 02:20:01, 128490, 35.3, 90.3, 7.4, 3000, 140.5, 3.6, 0.6, 38.3, 364.9, 231.1, 58454.9, 486.7, 36.4, 696.7, 1.4, 5.3
3, 21/12/2018 02:40:00, 128491, 26.5, 76.6, 6.4, 9475.6, 86.9, 1.4, 0.5, 37.4, 245.2, 196, 63136.8, 413.6, 39.4, 694.7, 3.4, 5.9
3, 21/12/2018 03:00:00, 128492, 49.1, 115.7, 9.1, 58519.7, 258.4, 13.2, 1.6, 53.2, 376.4, 296.2, 57080.6, 586.9, 42.9, 878.1, 5.3, 12.8
3, 21/12/2018 03:20:00, 128493, 30.6, 114.7, 6.5, 42384.8, 125.4, 14.5, 0.8, 64.1, 337.6, 293.6, 60211.7, 505.2, 44.6, 847.3, 3.7, 20.8
3, 21/12/2018 03:40:00, 128494, 28.4, 103.6, 6.8, 5480.8, 115.8, 7.3, 0.6, 64.2, 518.8, 265.2, 67289.4, 443.4, 43.1, 846, 5.9, 4.5
3, 21/12/2018 04:00:00, 128495, 51.8, 127.1, 12.7, 9096.6, 304.9, 4.9, 3.1, 60.1, 447.6, 325.3, 108285.3, 513, 53, 1032.8, 0.9, 9
3, 21/12/2018 04:20:00, 128496, 44.6, 104.6, 9.9, 9726.6, 421.9, 6.7, 1.7, 63.1, 361.4, 267.8, 109566.1, 441.1, 46, 866.4, 1, 6.5
3, 21/12/2018 04:40:00, 128497, 56.5, 127.9, 11, 10331.7, 384.7, 8.2, 2.2, 65.6, 397.9, 327.5, 111813.9, 420.6, 50.3, 918.4, 0.7, 4.8
3, 21/12/2018 05:00:00, 128498, 57.2, 137.1, 11.7, 23484.3, 542.4, 6, 3, 63.6, 445.7, 350.9, 117736.1, 579.8, 52.5, 1133.2, 2.5, 7
3, 21/12/2018 05:19:59, 128499, 40.4, 94.1, 10.5, 12482.3, 364.2, 11.1, 0.9, 51.1, 283, 240.8, 116645, 604.6, 47.1, 967.5, 1.4, 7.2
3, 21/12/2018 05:40:00, 128500, 31.8, 80.2, 8.8, 1815.4, 116.8, 12.1, 0.6, 35.5, 259, 205.3, 72161.9, 437.2, 40.3, 858.4, 1.5, 7.1
3, 21/12/2018 06:00:00, 128501, 42, 75.1, 8.2, 13183.1, 75.4, 1.5, 0.5, 27, 265.5, 192.4, 51480.9, 561.2, 41, 844.5, 2.7, 6.3
3, 21/12/2018 06:20:00, 128502, 44.7, 66.5, 9.5, 4668.5, 348, 8.2, 0.6, 19.4, 250.8, 170.1, 92861.6, 501.5, 39.5, 834.9, 2.7, 6.8
3, 21/12/2018 06:39:59, 128503, 44.5, 71.1, 10, 2501.7, 287.8, 8.6, 0.6, 16.7, 231.4, 182.1, 90789.6, 438.4, 38.4, 776.5, 3.4, 8.4
3, 21/12/2018 06:59:59, 128504, 64.1, 109.5, 12.5, 17538.3, 470.4, 7.6, 5.3, 32, 366.1, 280.4, 79055.5, 473.4, 38.8, 833.4, 2, 9.1
3, 21/12/2018 07:20:00, 128505, 57.5, 103.4, 12.4, 5011.7, 307.8, 9.2, 1.1, 30.3, 318, 264.8, 60077, 482.7, 38.6, 764, 2, 10.3
3, 21/12/2018 07:39:59, 128506, 42.4, 112.2, 8.9, 4917.4, 152, 15.9, 0.7, 58.2, 366.6, 287.1, 51193.7, 549.7, 43.9, 761.8, 1.8, 12.4
3, 21/12/2018 07:59:59, 128507, 45.4, 99, 9.8, 23181.2, 317.8, 12.5, 0.6, 39.9, 380.1, 253.6, 78460, 521.2, 40.4, 807.2, 2.1, 10.5
3, 21/12/2018 08:19:59, 128508, 38.2, 80.7, 7.8, 3906.2, 145.5, 11.9, 0.5, 28.3, 255.6, 206.5, 77429.1, 500.4, 38.4, 693.6, 2.1, 9.3
3, 21/12/2018 08:39:59, 128509, 25.9, 59.3, 7.1, 2555, 123.1, 8.7, 0.5, 20.3, 204, 151.9, 45355.1, 411.7, 33.4, 607.4, 3, 11.3
3, 21/12/2018 08:59:59, 128510, 38.1, 76.5, 9.5, 21114.4, 221.5, 2.8, 0.8, 27.3, 279.4, 195.9, 60897.5, 527.5, 38.3, 654.4, 2.8, 11.5
3, 21/12/2018 09:19:59, 128511, 35.1, 115.3, 8.1, 5870.2, 130, 15.5, 0.7, 57.5, 476.7, 295.2, 61478, 512.1, 44.5, 742.2, 2.2, 12.5
3, 21/12/2018 09:39:59, 128512, 42.5, 117.5, 10.1, 23237.8, 199.3, 9.7, 0.6, 34.7, 433.2, 300.7, 53661.7, 476.7, 43.5, 962.4, 1.9, 15.3
3, 21/12/2018 09:59:58, 128513, 45, 107.8, 9, 245522.7, 178.8, 20, 1.7, 47.8, 366.1, 276, 49052.7, 477.5, 43.7, 864.7, 1.6, 16.8
3, 21/12/2018 10:19:59, 128514, 40.8, 137.6, 8, 103155.6, 156.4, 10.1, 1.2, 79.4, 432.6, 352.2, 61404.9, 520.9, 56.4, 989.2, 1.8, 13.2
3, 21/12/2018 10:39:58, 128515, 59.1, 149.3, 11.9, 214678.9, 190.1, 21.2, 6.6, 68.2, 502, 382.3, 65088.5, 440, 58.4, 1165.7, 1.6, 15.5
3, 21/12/2018 10:59:59, 128516, 71.3, 168.2, 12.4, 57827.8, 229, 5, 6.4, 51, 1022.4, 430.5, 92546.6, 421.5, 56.5, 1235.8, 1.6, 15.3
3, 21/12/2018 11:19:59, 128517, 61.5, 163.1, 10.2, 11936.2, 220.4, 29.7, 2.4, 50.6, 1810.8, 417.5, 71243.4, 448.4, 52.7, 1091, 1.8, 14.9
3, 21/12/2018 11:39:58, 128518, 60.9, 138, 10.4, 20240.9, 317.7, 14.8, 2.1, 49.9, 548.3, 353.3, 109114.4, 439.4, 51.6, 1071.9, 1.2, 10.1
3, 21/12/2018 11:59:58, 128519, 56.6, 123.6, 10.2, 17977.9, 268, 12.8, 3.8, 46.1, 529.9, 316.5, 106572.7, 504, 50.3, 1086.8, 0.4, 7.7
3, 21/12/2018 12:19:58, 128520, 49.2, 120.1, 9.3, 4406, 222.8, 20.3, 1.9, 36.4, 464.7, 307.5, 66397.2, 587.5, 51.9, 988.3, 0.5, 8.2
3, 21/12/2018 12:39:58, 128521, 43.6, 105.9, 8.4, 18292.6, 253.3, 12.2, 0.7, 35.1, 368.2, 271.1, 64080.2, 465.7, 49, 895.7, 1.1, 8.1
3, 21/12/2018 12:59:58, 128522, 44.6, 90, 8.5, 2254.9, 250.3, 21.1, 0.6, 25.5, 314.4, 230.4, 44640.9, 583.9, 42.6, 765.5, 2.4, 8.7
3, 21/12/2018 13:19:58, 128523, 49.4, 173.1, 9.6, 20513.8, 152.1, 20.1, 3.1, 67, 840.9, 443.1, 72420, 656.8, 58.2, 1129, 2.9, 13.5
3, 21/12/2018 13:39:57, 128524, 53.3, 176.6, 11.7, 5728, 195.8, 15.6, 4.2, 84.1, 754.4, 452.1, 63605.1, 437.7, 60.7, 1293.5, 5.4, 17.2
3, 21/12/2018 13:59:58, 128525, 38.6, 157.4, 7.9, 19596.2, 218.7, 26.8, 3.6, 91.4, 542.3, 402.9, 74396.4, 383, 58, 1201.9, 1.6, 14.2
3, 21/12/2018 14:19:58, 128526, 41.7, 152.3, 7.1, 4186.1, 175.9, 8.4, 3.7, 94.8, 455.8, 389.9, 70347.5, 564.4, 52.5, 1032.1, 2.1, 11.9
3, 21/12/2018 14:39:58, 128527, 37.8, 145.6, 7, 3045.2, 145.4, 21.2, 2.2, 91.1, 498.1, 372.9, 87408.1, 752.4, 52.4, 974.1, 2.6, 10.7
3, 21/12/2018 14:59:57, 128528, 40.6, 854.1, 7.6, 21007.4, 167.3, 4.2, 0.9, 90.4, 36431.1, 2186.5, 88559.6, 1043, 55.5, 1023.4, 4.1, 12.6
3, 21/12/2018 15:19:57, 128529, 33.8, 145.4, 6.5, 3467.8, 176.3, 18.4, 2.7, 100.4, 469.8, 372.2, 94184, 1267.5, 53.1, 920.6, 2.8, 11.3
3, 21/12/2018 15:39:57, 128530, 38.5, 149.2, 7.6, 2882.5, 158.1, 17.1, 3.8, 97.2, 494.3, 381.9, 77019.9, 1009.1, 52.1, 927.7, 2.5, 11.1
3, 21/12/2018 15:59:57, 128531, 33.6, 136.8, 7.3, 12614.8, 151.4, 12, 1.3, 81.1, 486.8, 350.2, 79757.8, 1261.8, 47.3, 837.2, 2.6, 8.9
3, 21/12/2018 16:19:57, 128532, 35.5, 117.7, 7.8, 8376.5, 169.7, 9, 0.9, 72.2, 397, 301.4, 70169.5, 1262.7, 46.4, 896.1, 2.2, 5.6
3, 21/12/2018 16:39:57, 128533, 36.5, 98.5, 8.6, 1589.4, 124.1, 3.5, 0.6, 54.6, 327.7, 252.1, 60125, 1143.4, 47.8, 895.3, 1.6, 8
3, 21/12/2018 16:59:57, 128534, 35.5, 75.7, 8.5, 18958.7, 44.1, 6.7, 0.5, 26.1, 303.1, 193.8, 55680.3, 1331, 38.2, 686, 2.9, 9.7
3, 21/12/2018 17:19:57, 128535, 32.8, 73.6, 8.1, 6312, 67.2, 4.8, 0.5, 24.7, 388.8, 188.3, 39323, 1376.6, 39, 659.9, 10.3, 8.1
3, 21/12/2018 17:39:57, 128536, 28.3, 66.8, 6.2, 4723, 60.7, 0.9, 0.5, 31.3, 212.1, 171.1, 61470, 1246, 37.2, 584.2, 6.4, 6.6
3, 21/12/2018 17:59:57, 128537, 26.1, 81.1, 5.3, 19904.2, 34.1, 0.5, 0.4, 19, 324.1, 207.6, 60148.4, 1066.4, 42.6, 679.7, 6, 7.1
3, 21/12/2018 18:19:57, 128538, 27.2, 49.1, 6.6, 1902.1, 28, 0.6, 0.5, 12.4, 156.6, 125.6, 43576.7, 1413.8, 39, 585.5, 13.6, 9.2
3, 21/12/2018 18:39:57, 128539, 25.5, 57.9, 5.8, 3133.4, 5.2, 0.4, 0.4, 24.2, 209.5, 148.3, 57775.5, 597.7, 36.5, 550.4, 10.7, 9.3
3, 21/12/2018 18:59:56, 128540, 37.9, 72.9, 7.9, 21984.8, 178.5, 0.5, 0.7, 25.3, 300.9, 186.6, 69187.6, 968.1, 35.9, 607.5, 9.4, 11.2
3, 21/12/2018 19:19:57, 128541, 35.6, 70.8, 8.7, 5187.2, 43.9, 1.1, 0.5, 20.2, 228.8, 181.3, 68180.1, 1986.9, 39.6, 592.4, 12.7, 11.8
3, 21/12/2018 19:39:57, 128542, 30, 52.9, 8.2, 5209.5, 11, 0.4, 0.6, 12.5, 175.5, 135.5, 39497.9, 431.8, 38, 502.3, 13.6, 10.1
3, 21/12/2018 19:59:56, 128543, 38.7, 69.4, 8.2, 21072.8, 171.8, 2.8, 0.6, 9.6, 251.8, 177.5, 51854.8, 355.9, 34.9, 573.3, 11.3, 10.2
3, 21/12/2018 20:19:56, 128544, 29.4, 48.2, 7.4, 3956, 153.2, 0.1, 0.5, 11.3, 181.6, 123.3, 60456, 330.7, 32.7, 499.8, 15.5, 9.2
3, 21/12/2018 20:39:56, 128545, 37.6, 64.4, 9.5, 4151.6, 107, 1.4, 0.6, 5.7, 215.6, 164.9, 72918.9, 430.7, 34.6, 577.4, 19.3, 17.2
3, 21/12/2018 20:59:56, 128546, 54.4, 93.9, 11.8, 20360.8, 196.8, 2, 0.9, 4, 318.5, 240.3, 55435.5, 366.6, 38.9, 867.7, 16.7, 17.8
3, 21/12/2018 21:19:57, 128547, 47.3, 90.2, 10.8, 3585.4, 72.4, 3.6, 0.8, 12, 306, 230.8, 74121, 466.8, 34.7, 716.5, 13.4, 20.6
3, 21/12/2018 21:40:01, 128548, 42.4, 67.8, 9.9, 3608.3, 50.7, 5.6, 0.7, 12.1, 211.3, 173.6, 57581.4, 380.3, 33.3, 588.7, 14, 18.8
3, 21/12/2018 22:00:01, 128549, 45, 65.7, 9.4, 21447.8, 105.6, 7.7, 0.6, 6.2, 237.6, 168.1, 54802.5, 358.8, 35.9, 756.9, 16.1, 12.6
3, 21/12/2018 22:20:01, 128550, 32.2, 40.8, 6.4, 9392.1, 76, 7.5, 0.4, 1.3, 143.1, 104.6, 56558.6, 328, 31.8, 526.3, 20.7, 13.1
3, 21/12/2018 22:40:01, 128551, 45, 48.8, 7.4, 2306.4, 63.3, 7.1, 0.5, 2.6, 171.4, 125, 55789.3, 329.5, 32.3, 607.5, 18.9, 9.4
3, 21/12/2018 23:00:01, 128552, 34.8, 38.3, 6, 21694.9, 55.2, 6.2, 0.4, 0.3, 148.1, 98.2, 51550.9, 309.7, 33, 688, 21, 8
3, 21/12/2018 23:20:00, 128553, 27.2, 25.2, 5.6, 1662.3, 52.1, 7.9, 0.4, 0.1, 75.2, 64.5, 50815.1, 307.5, 30.4, 612, 23.6, 5.3
3, 21/12/2018 23:40:01, 128554, 25.8, 24.6, 5.5, 3273.7, 41.9, 7.9, 0.4, 0.3, 97.7, 63, 49099.4, 328.6, 27.9, 476, 23.4, 5.3
4, 21/12/2018 00:00:04, 128483, 48.9, 233.9, 10.9, 27423.9, 227, 6.8, 0.9, 25.6, 710.8, 598.9, 66233.6, 1068.7, 33.7, 1134.5, 11.9, 13.9
4, 21/12/2018 00:19:04, 128484, 45, 228.6, 11, 17175, 81.1, 4.1, 0.8, 17.1, 781.3, 585.2, 74315, 428, 60.1, 1110.8, 15.7, 14.6
4, 21/12/2018 00:40:04, 128485, 73.1, 245.5, 16.6, 10976.1, 120.7, 3.3, 1.3, 18.7, 785.5, 628.5, 84836.3, 740, 61.7, 1325.8, 8.4, 12.8
4, 21/12/2018 01:00:04, 128486, 77.2, 246.5, 14.5, 26810, 196.2, 3.7, 4.3, 37.8, 745, 631.1, 90444, 395.7, 51.7, 1259.7, 3.9, 10.1
4, 21/12/2018 01:20:03, 128487, 61, 239.7, 10.5, 6034.7, 137.7, 0.9, 1.4, 30, 702.1, 613.5, 102437.4, 126, 43.2, 1285, 4.7, 5.3
4, 21/12/2018 01:40:04, 128488, 54.1, 235.1, 9.8, 3935.1, 103.5, 1, 1.5, 39.4, 663.5, 601.8, 101783.6, 142, 35.2, 1269.1, 6.4, 4.2
4, 21/12/2018 02:00:03, 128489, 51.9, 244.4, 11.5, 29681.1, 189.6, 1.8, 0.9, 36.3, 700.2, 625.6, 99876.4, 145.8, 34.2, 1369.5, 5, 19
4, 21/12/2018 02:20:03, 128490, 39.3, 222.8, 8.4, 4274.2, 163.7, 1.9, 1.1, 35.4, 644.1, 570.3, 76616, 109.5, 26.4, 1080.3, 5.3, 13.2
4, 21/12/2018 02:39:04, 128491, 34.3, 212.8, 7.5, 3431, 172, 4.3, 0.6, 31.8, 620.3, 544.9, 78423.3, 135.2, 27.7, 1024.8, 14.1, 11.9
4, 21/12/2018 03:00:04, 128492, 45, 214, 9.2, 61622.9, 170.1, 9.9, 0.9, 44.9, 749.9, 547.8, 88333.5, 248.1, 34.4, 1201.8, 7.1, 22.4
4, 21/12/2018 03:20:03, 128493, 48.3, 242.5, 10.5, 131276.6, 218.2, 17.3, 0.7, 22.9, 928.3, 620.9, 87443.1, 138.8, 35.8, 1288, 6.6, 44.8
4, 21/12/2018 03:40:04, 128494, 43.4, 211.8, 10.7, 3078.5, 267, 8.9, 0.8, 29, 610.3, 542.2, 78271.2, 3761.1, 31.6, 1177.2, 9.3, 9.2
4, 21/12/2018 04:00:08, 128495, 44.3, 216.9, 10.2, 35546.2, 177.2, 4.4, 0.6, 41, 670.5, 555.3, 98547.3, 226.3, 33.6, 1167.5, 15.1, 8.5
4, 21/12/2018 04:19:08, 128496, 53.1, 215.4, 9.8, 8836.1, 333.1, 1.9, 2.4, 32.4, 655, 551.5, 99450.2, 210.2, 36.8, 1113.5, 13.5, 5.2
4, 21/12/2018 04:40:08, 128497, 58.9, 202.5, 11.7, 4267.8, 293.2, 1.2, 1.3, 18.1, 645.9, 518.4, 114064.2, 87.8, 34.2, 1423, 12.4, 7.6
4, 21/12/2018 05:00:08, 128498, 65.4, 180.9, 13.2, 19568.3, 287.2, 3.6, 0.9, 10.2, 534.1, 463, 91054.2, 110.9, 32.4, 1463.3, 12, 10.6
4, 21/12/2018 05:20:07, 128499, 53.9, 174.4, 10.9, 3428.8, 264.9, 6.1, 0.9, 33.5, 660, 446.4, 102746.3, 108.8, 34.6, 1457.3, 12.1, 7.3
4, 21/12/2018 05:40:08, 128500, 41.2, 193.3, 8.2, 14320.3, 161.2, 2.5, 0.6, 32.3, 565.9, 494.8, 75357.6, 119.2, 33.4, 1215.9, 11.6, 4.7
4, 21/12/2018 06:00:08, 128501, 51.7, 220, 10.5, 24557.3, 254.2, 4.8, 1.2, 40.9, 633.2, 563.3, 79097.9, 127.4, 35.9, 1298.7, 8.3, 7.8
4, 21/12/2018 06:19:07, 128502, 45.2, 206.2, 10.6, 3792.6, 266.5, 4, 0.7, 21, 581.4, 527.9, 84581.5, 122.7, 30.3, 1188.6, 9.5, 9.1
4, 21/12/2018 06:40:08, 128503, 47.6, 210.2, 10.1, 10584.7, 340.5, 7.1, 0.7, 24.8, 630.1, 538.2, 77444.3, 124.2, 32.4, 1211.3, 8.8, 10
4, 21/12/2018 06:59:07, 128504, 62.6, 232.6, 12.3, 38165.2, 318, 13.8, 2.9, 31.3, 715, 595.5, 83419.2, 103.2, 33.8, 1282, 7.8, 11.6
4, 21/12/2018 07:19:07, 128505, 54.3, 235.1, 12, 9809.7, 544, 15.6, 1, 35.7, 669.7, 601.7, 84075.1, 81.7, 30.3, 1273.1, 7.9, 11.4
4, 21/12/2018 07:40:08, 128506, 39.7, 197.1, 9.3, 8743.1, 196.6, 16.1, 0.9, 33.4, 637.1, 504.5, 70809.6, 163.1, 30.3, 1131.5, 8.6, 9.1
4, 21/12/2018 07:59:07, 128507, 42.7, 207.1, 10, 20223.4, 275.1, 31.1, 0.7, 23.5, 650, 530.1, 80357.8, 213.4, 30.8, 1105.6, 7.8, 9.9
4, 21/12/2018 08:20:07, 128508, 41.3, 216.6, 10.9, 5239.8, 290.4, 21.5, 0.8, 27.6, 613.3, 554.4, 69975.9, 314.4, 42.1, 1195.9, 7.9, 9.8
4, 21/12/2018 08:40:07, 128509, 35.4, 209.7, 7.6, 10516.5, 220.1, 21.2, 0.6, 34.7, 650.2, 536.8, 67236.6, 220.1, 36.3, 1132.5, 8.9, 6.6
4, 21/12/2018 09:00:07, 128510, 50, 223.7, 9.7, 16380.1, 278.2, 20.8, 1.8, 42.2, 735.8, 572.8, 119213.2, 234.5, 40.7, 1270.4, 7.7, 6.2
4, 21/12/2018 09:20:07, 128511, 47.7, 224.5, 9.1, 8198.4, 352.5, 10.5, 0.5, 46, 672.4, 574.7, 82146.6, 146.2, 37.5, 1252.1, 7.7, 4.7
4, 21/12/2018 09:39:06, 128512, 55.4, 241.6, 11, 10218.3, 462.6, 13.2, 3.5, 57.2, 740.9, 618.4, 128829.3, 113.5, 45.7, 1388.6, 3.9, 7.5
4, 21/12/2018 10:00:07, 128513, 56.8, 193.1, 12, 19107, 531.1, 20.1, 3, 58.2, 632.9, 494.3, 82974.2, 138.9, 48, 1544.4, 2.2, 11
4, 21/12/2018 10:20:07, 128514, 42.4, 230.5, 9.1, 8534.7, 295.3, 16.7, 1, 49.3, 1032.5, 590, 62825.7, 151, 42.3, 1455.7, 4.2, 8.5
4, 21/12/2018 10:40:07, 128515, 35.1, 239.3, 7.2, 3438, 191.8, 17.7, 0.6, 57.1, 688.7, 612.6, 66587.4, 145.1, 42.3, 1459.2, 4.9, 5.9
4, 21/12/2018 11:00:06, 128516, 48.6, 233.9, 8.9, 20806.7, 303.1, 5.2, 2.5, 63.4, 966.4, 598.8, 82097.2, 148, 46, 1475.1, 2.8, 7.7
4, 21/12/2018 11:20:06, 128517, 47.6, 231, 9.1, 4420.8, 437.2, 14.6, 1.9, 72.8, 805.3, 591.4, 80227, 109.9, 47.4, 1499.2, 2.7, 8.1
4, 21/12/2018 11:40:07, 128518, 41.7, 258.8, 8.3, 9734.5, 266.5, 18, 3.5, 78.5, 998.8, 662.7, 83868, 175.5, 46.2, 1421.9, 3.2, 6.4
4, 21/12/2018 12:00:06, 128519, 42.9, 266.7, 7.8, 11837.4, 324.9, 16.5, 2.8, 71.8, 754.2, 682.9, 82196.7, 140.7, 44.6, 1416.1, 3.9, 4.4
4, 21/12/2018 12:20:06, 128520, 60.9, 279.3, 10, 9307.2, 380.6, 18.7, 5.4, 54.6, 1080, 715, 82296.9, 156.6, 48.7, 1463, 2.7, 6.4
4, 21/12/2018 12:41:06, 128521, 58.6, 260.2, 10.1, 16270.5, 152.6, 11.3, 5.7, 54.4, 870.9, 666.1, 63175.9, 156.5, 49.6, 1597.3, 3.1, 8.5
4, 21/12/2018 13:00:06, 128522, 48.2, 243.1, 7.9, 3871.2, 131.8, 12.2, 0.6, 53, 749.5, 622.4, 58103.3, 84.1, 44.6, 1574.9, 3.2, 6.8
4, 21/12/2018 13:20:06, 128523, 51.4, 251.7, 10.1, 16856.3, 189.1, 18.4, 1.8, 45.6, 1106.8, 644.4, 89391.7, 216.1, 42.8, 1397.6, 3.6, 8.5
4, 21/12/2018 13:39:06, 128524, 68.4, 241.7, 12.6, 2447.7, 316.5, 8.6, 5.2, 52, 757.7, 618.8, 81551.8, 191, 45.4, 1537.6, 3.5, 8.6
4, 21/12/2018 14:00:06, 128525, 74.6, 249.9, 14.4, 14427.8, 418.5, 12.1, 10.5, 49.2, 836.7, 639.7, 90403.9, 157.3, 46.5, 1496.1, 4.7, 9.7
4, 21/12/2018 14:20:05, 128526, 57.1, 264.6, 10.2, 3133.7, 271.7, 23.8, 5, 61.2, 1064.5, 677.3, 68526.3, 317.7, 48, 1638.1, 5.1, 6.4
4, 21/12/2018 14:40:06, 128527, 47.1, 225.6, 9.6, 2306.6, 338.2, 4, 0.6, 48.4, 875, 577.5, 81950.4, 87, 43.9, 1385.3, 3.9, 6.7
4, 21/12/2018 15:00:06, 128528, 56.9, 170.8, 10.8, 17081.8, 336.4, 17.7, 1.6, 51.6, 518.8, 437.3, 81208.6, 141, 47.5, 1278.9, 2.2, 8.3
4, 21/12/2018 15:20:05, 128529, 48.5, 154.4, 10.6, 9722, 443.6, 17.4, 1.1, 49.5, 466.6, 395.2, 60970.3, 172.2, 40.6, 1094.9, 2.3, 7.6
4, 21/12/2018 15:40:06, 128530, 38.4, 167.5, 7.8, 6151.8, 234.8, 29, 0.6, 44.6, 1910.3, 428.9, 44221.2, 205.7, 36.5, 956.4, 2.7, 5.9
4, 21/12/2018 16:00:06, 128531, 56.2, 146.9, 11.2, 24204.9, 347.2, 7.1, 1, 44, 471.7, 376.1, 54408, 187.3, 38.6, 1013.2, 2.4, 7.9
4, 21/12/2018 16:20:05, 128532, 35.7, 131.5, 7.6, 6205.5, 170.5, 27.7, 0.5, 41.1, 403.8, 336.6, 42188.9, 197.9, 32.7, 850.3, 2.2, 5.9
4, 21/12/2018 16:40:05, 128533, 33.3, 110.1, 7.3, 6052.5, 104.4, 2.6, 0.5, 24.9, 350.5, 281.8, 43264.9, 273.7, 31.2, 813.6, 2.4, 6.8
4, 21/12/2018 16:59:05, 128534, 49.7, 123.1, 10.7, 16676.2, 254.1, 4.5, 2.8, 20.9, 466.2, 315.2, 55089.9, 115.1, 34.4, 904.5, 1.8, 9.8
4, 21/12/2018 17:19:05, 128535, 36.9, 115.1, 8, 2192.7, 104.9, 2.9, 0.6, 18.6, 396.8, 294.5, 58637.6, 186.8, 31.4, 782, 10.3, 11.6
4, 21/12/2018 17:40:05, 128536, 33.1, 115, 7, 3475.9, 385.7, 3.2, 0.5, 17.9, 351.1, 294.4, 37937.4, 136, 26.7, 747.8, 2.9, 12.1
4, 21/12/2018 18:00:05, 128537, 43.3, 152.7, 9.4, 17054.9, 607.7, 5.8, 1.1, 14.6, 555.7, 390.8, 36194, 93.6, 31.6, 954.8, 2.7, 10.8
4, 21/12/2018 18:19:05, 128538, 31.5, 99.3, 7.8, 4516, 537.7, 3.4, 0.6, 10.3, 302.6, 254.3, 37484.3, 132.4, 24.9, 734.1, 2.5, 7.9
4, 21/12/2018 18:39:05, 128539, 30.3, 102.3, 7.2, 3538.9, 178.4, 3.9, 0.5, 15.3, 292.3, 262, 36694.8, 110.9, 26, 798.1, 4, 7.3
4, 21/12/2018 18:59:04, 128540, 33.8, 102.7, 7.3, 12505.9, 141.2, 4.1, 0.5, 9.5, 387, 262.9, 47839.5, 122.9, 27.7, 799.9, 3.1, 7.8
4, 21/12/2018 19:20:05, 128541, 39.2, 106.9, 9.2, 3096.6, 371.7, 2.8, 0.7, 13.9, 336.3, 273.7, 61940.8, 79.9, 28.9, 815.2, 3.2, 8.8
4, 21/12/2018 19:39:04, 128542, 33.5, 101.2, 8.4, 692.7, 172.7, 4.9, 0.6, 7.1, 309.8, 259.2, 51025.5, 100, 25.1, 753.4, 4.4, 7.3
4, 21/12/2018 20:00:05, 128543, 34.6, 114.9, 8.1, 29382.9, 252.8, 6.8, 0.6, 6, 527.9, 294.2, 42299.5, 146.6, 23.1, 712.4, 4, 13.3
4, 21/12/2018 20:20:05, 128544, 27, 106, 5.9, 2764.6, 181.8, 13.3, 0.4, 8.5, 315.6, 271.3, 48955.8, 124.3, 22.4, 676.9, 5.9, 9.7
4, 21/12/2018 20:39:04, 128545, 31.9, 108.4, 7, 4152.3, 210.2, 5.2, 0.5, 12, 346.2, 277.5, 47100.4, 162.4, 23, 706.1, 4.1, 7.9
4, 21/12/2018 21:00:04, 128546, 31.5, 113.7, 5.9, 27014.6, 82.3, 3.8, 0.5, 22.3, 376.1, 291.2, 61835.1, 271.3, 29.1, 789.9, 3.5, 6.3
4, 21/12/2018 21:20:04, 128547, 27.4, 104.2, 5.7, 4807, 109, 3.2, 0.5, 22.9, 326.6, 266.7, 62938.4, 261.1, 26.1, 681, 3.8, 4.1
4, 21/12/2018 21:40:05, 128548, 28.5, 98.7, 5.9, 4793.4, 125.3, 2.6, 0.4, 12.5, 305.4, 252.7, 60095.1, 140.3, 23.6, 683.5, 4.5, 4.2
4, 21/12/2018 22:00:04, 128549, 45.8, 115.8, 8.6, 17821.2, 293.5, 3, 0.7, 8.8, 357.7, 296.4, 37280.1, 216.7, 24.1, 725.9, 4.1, 6.9
4, 21/12/2018 22:19:04, 128550, 28.2, 107.7, 6.3, 4689.8, 119.2, 2.4, 0.5, 8.9, 317.3, 275.6, 36734.4, 149.6, 21.4, 655.6, 3.9, 8.5
4, 21/12/2018 22:40:04, 128551, 29.2, 102.2, 6.9, 4629.5, 119.7, 3.8, 0.6, 10.5, 318.1, 261.6, 36725.6, 151.8, 20, 589.9, 4.2, 7.7
4, 21/12/2018 23:00:04, 128552, 43.8, 117.7, 8.6, 17398.1, 274.4, 4.7, 0.7, 11.8, 388.5, 301.4, 37607.9, 153.7, 21.5, 686.9, 5.9, 6.9
4, 21/12/2018 23:20:04, 128553, 29, 96.7, 6.1, 4952.4, 161.1, 2.1, 0.4, 9.2, 274.6, 247.5, 39407.9, 165.8, 19.5, 638.4, 5.7, 4.6
4, 21/12/2018 23:40:04, 128554, 29.3, 108.6, 6.1, 4383.4, 148.5, 2.2, 0.4, 19.9, 331.5, 277.9, 45867, 162.3, 20.2, 691.9, 3.3, 4.5
