INSTANCE_NUMBER, SNAP_ID, T_BEG, USR_GROUP, CPU, DBTIME, PGA, OTH_WAIT, PXENQ, PXQTIME, PXQRY, PXREL, REQS, YIELDS, IOWAIT, READ, WRITE
1, 132085, 11/02/2019 11:40:18, ADW_UNLOAD_GROUP, 0, 0, 0, 0, 0, 0, 0, 0, 529, 0, 0, 0, 0
1, 132086, 11/02/2019 12:00:01, ADW_UNLOAD_GROUP, 19.3, 23.5, 13655.8, 2.4, 4, 0, 33, 364, 1458, 27930, 1.8, 4638, 2476.3
1, 132087, 11/02/2019 12:20:06, ADW_UNLOAD_GROUP, 30.8, 39.6, 15066.2, 6.8, 2, 0, 54, 552, 1949, 62342, 2, 6118.2, 2082.5
1, 132088, 11/02/2019 12:40:21, ADW_UNLOAD_GROUP, 16.2, 23.7, 13345, 5.7, 2, 0, 33, 541, 1253, 26069, 1.8, 2237.1, 2041.6
1, 132089, 11/02/2019 13:00:31, ADW_UNLOAD_GROUP, 2.5, 2.8, 7129.3, 0.3, 0, 0, 16, 108, 758, 679, 0, 538.8, 52.2
1, 132090, 11/02/2019 13:20:34, ADW_UNLOAD_GROUP, 0.1, 0.2, 509.1, 0.1, 0, 0, 1, 16, 274, 25, 0, 6.2, 0
1, 132091, 11/02/2019 13:40:09, ADW_UNLOAD_GROUP, 0, 0, 0.8, 0, 0, 0, 0, 0, 452, 0, 0, 0, 0
1, 132092, 11/02/2019 14:00:07, ADW_UNLOAD_GROUP, 0, 0, 1.1, 0, 0, 0, 0, 0, 642, 0, 0, 0, 0
1, 132093, 11/02/2019 14:20:18, ADW_UNLOAD_GROUP, 0, 0, 0, 0, 0, 0, 0, 0, 736, 1, 0, 0, 0
1, 132094, 11/02/2019 14:40:15, ADW_UNLOAD_GROUP, 0, 0, 0.9, 0, 0, 0, 0, 0, 639, 1, 0, 0, 0
1, 132095, 11/02/2019 15:00:20, ADW_UNLOAD_GROUP, 0, 0, 0.8, 0, 0, 0, 0, 0, 558, 0, 0, 0, 0
1, 132096, 11/02/2019 15:20:23, ADW_UNLOAD_GROUP, 0, 0, 0.9, 0, 0, 0, 0, 0, 619, 1, 0, 0, 0
1, 132097, 11/02/2019 15:40:12, ADW_UNLOAD_GROUP, 0, 0.1, 1.9, 0.1, 0, 0, 0, 0, 564, 0, 0, 0, 0
1, 132098, 11/02/2019 16:00:30, ADW_UNLOAD_GROUP, 0, 0, 3.4, 0, 0, 0, 0, 0, 482, 1, 0, 0, 0
1, 132099, 11/02/2019 16:20:05, ADW_UNLOAD_GROUP, 0, 0, 0.9, 0, 0, 0, 0, 0, 631, 1, 0, 0, 0
1, 132101, 11/02/2019 17:00:01, ADW_UNLOAD_GROUP, 0, 0, 1.7, 0, 0, 0, 0, 0, 597, 0, 0, 0, 0
1, 132102, 11/02/2019 17:20:06, ADW_UNLOAD_GROUP, 0, 0, 0.9, 0, 0, 0, 0, 0, 643, 0, 0, 0, 0
1, 132103, 11/02/2019 17:40:18, ADW_UNLOAD_GROUP, 0, 0, 0, 0, 0, 0, 0, 0, 151, 1, 0, 0, 0
1, 132104, 11/02/2019 18:00:05, ADW_UNLOAD_GROUP, 2.8, 17.4, 2363.9, 5.8, 0, 0, 0, 0, 277, 817, 8.8, 143.5, 587.2
1, 132105, 11/02/2019 18:20:13, ADW_UNLOAD_GROUP, 2, 7.4, 2702.6, 0, 0, 0, 0, 0, 49, 595, 5.4, 96.5, 428
1, 132106, 11/02/2019 18:40:20, ADW_UNLOAD_GROUP, 1.6, 4.5, 2892.3, 0, 0, 0, 0, 0, 55, 487, 2.9, 48.5, 392.8
1, 132107, 11/02/2019 19:00:29, ADW_UNLOAD_GROUP, 1.4, 3.5, 2849.9, 0, 0, 0, 0, 0, 43, 490, 2.1, 36.8, 495.7
1, 132108, 11/02/2019 19:20:10, ADW_UNLOAD_GROUP, 1.4, 3.3, 2999.5, 0.1, 0, 0, 0, 0, 44, 461, 1.8, 32.8, 564.2
1, 132109, 11/02/2019 19:40:22, ADW_UNLOAD_GROUP, 1.4, 3.1, 2746.5, 0, 0, 0, 0, 0, 152, 417, 1.7, 30.4, 582.2
1, 132110, 11/02/2019 20:00:05, ADW_UNLOAD_GROUP, 13.7, 19.7, 5261.1, 2.7, 0, 0, 11, 117, 1631, 11657, 3.3, 1265.1, 3285.9
1, 132111, 11/02/2019 20:20:18, ADW_UNLOAD_GROUP, 12.2, 18.2, 6570.5, 1.4, 0, 0, 3, 53, 378, 9600, 4.6, 865.6, 4145.5
1, 132112, 11/02/2019 20:40:04, ADW_UNLOAD_GROUP, 10.3, 18.1, 12006.1, 1.6, 0, 0, 0, 0, 94, 8804, 6.2, 1120.6, 5862.4
1, 132113, 11/02/2019 21:00:08, ADW_UNLOAD_GROUP, 25.1, 43, 15683, 4.7, 0, 0, 2, 48, 579, 19967, 13.2, 864.1, 1765.2
1, 132114, 11/02/2019 21:20:16, ADW_UNLOAD_GROUP, 24.1, 30, 9917, 3, 1, 0, 4, 112, 363, 22235, 2.9, 1403.1, 3137.2
1, 132115, 11/02/2019 21:40:04, ADW_UNLOAD_GROUP, 22.4, 27.2, 9381.1, 1.3, 0, 0, 4, 112, 437, 15922, 3.5, 703.1, 7508.8
1, 132116, 11/02/2019 22:00:12, ADW_UNLOAD_GROUP, 18.7, 22.3, 12791.2, 1, 0, 0, 2, 64, 385, 11816, 2.6, 534.9, 2473.7
1, 132117, 11/02/2019 22:20:24, ADW_UNLOAD_GROUP, 15.2, 17.4, 11773.1, 1.1, 0, 0, 3, 72, 222, 8838, 1.1, 545.3, 792.1
1, 132118, 11/02/2019 22:40:35, ADW_UNLOAD_GROUP, 10.2, 11.2, 10716.1, 0, 0, 0, 0, 0, 359, 5398, 1, 561.3, 649.8
1, 132119, 11/02/2019 23:00:11, ADW_UNLOAD_GROUP, 3.1, 6.1, 4612, 0.5, 0, 0, 27, 236, 634, 1250, 2.5, 187.7, 1161.5
1, 132120, 11/02/2019 23:20:27, ADW_UNLOAD_GROUP, 1.2, 4.3, 2923.7, 0.3, 0, 0, 0, 0, 49, 343, 2.8, 50, 1509.2
1, 132121, 11/02/2019 23:40:38, ADW_UNLOAD_GROUP, 1, 3.6, 2804.9, 0, 0, 0, 0, 0, 39, 284, 2.6, 39.7, 1045.6
1, 132085, 11/02/2019 11:40:18, FP_DM_PRIOR, 4.3, 13.8, 1108.2, 4.5, 0, 0, 36, 904, 1066, 2773, 5, 1352.7, 3457.8
1, 132086, 11/02/2019 12:00:01, FP_DM_PRIOR, 0.6, 1.6, 213.9, 0.5, 0, 0, 8, 240, 279, 182, 0.5, 304.3, 456.5
1, 132087, 11/02/2019 12:20:06, FP_DM_PRIOR, 0.3, 0.4, 33.6, 0.1, 0, 0, 0, 0, 22, 115, 0, 0.1, 3.8
1, 132088, 11/02/2019 12:40:21, FP_DM_PRIOR, 0.3, 0.4, 50, 0.1, 0, 0, 0, 0, 1, 94, 0, 0.1, 2.3
1, 132089, 11/02/2019 13:00:31, FP_DM_PRIOR, 0.3, 0.4, 84, 0.1, 0, 0, 1, 16, 18, 57, 0, 0.1, 1.8
1, 132090, 11/02/2019 13:20:34, FP_DM_PRIOR, 0.1, 0.1, 21.1, 0, 0, 0, 0, 0, 10, 17, 0, 0.2, 8.3
1, 132091, 11/02/2019 13:40:09, FP_DM_PRIOR, 0, 0, 0, 0, 0, 0, 0, 0, 10, 2, 0, 0, 0
1, 132092, 11/02/2019 14:00:07, FP_DM_PRIOR, 0, 0, 0.5, 0, 0, 0, 0, 0, 9, 2, 0, 0, 0
1, 132093, 11/02/2019 14:20:18, FP_DM_PRIOR, 0, 0, 0.7, 0, 0, 0, 0, 0, 10, 3, 0, 0, 0
1, 132094, 11/02/2019 14:40:15, FP_DM_PRIOR, 0, 0, 0.3, 0, 0, 0, 0, 0, 10, 1, 0, 0, 0
1, 132095, 11/02/2019 15:00:20, FP_DM_PRIOR, 0, 0, 0.4, 0, 0, 0, 0, 0, 9, 7, 0, 0, 0
1, 132096, 11/02/2019 15:20:23, FP_DM_PRIOR, 0, 0, 0, 0, 0, 0, 0, 0, 9, 3, 0, 0, 0
1, 132097, 11/02/2019 15:40:12, FP_DM_PRIOR, 0.1, 0.1, 0.3, 0, 0, 0, 1, 16, 159, 9, 0, 1.8, 29.5
1, 132098, 11/02/2019 16:00:30, FP_DM_PRIOR, 7, 9.9, 4197.2, 2, 0, 0, 10, 249, 520, 2596, 0.9, 741.4, 1100.6
1, 132099, 11/02/2019 16:20:05, FP_DM_PRIOR, 4.4, 9.8, 1189, 4.1, 0, 0, 0, 0, 8, 1849, 1.3, 104.2, 1340.2
1, 132101, 11/02/2019 17:00:01, FP_DM_PRIOR, 0.7, 2.5, 374.6, 0.8, 0, 0, 0, 0, 8, 160, 1, 11.3, 1083.5
1, 132102, 11/02/2019 17:20:06, FP_DM_PRIOR, 0.8, 2.4, 370.2, 0.8, 0, 0, 1, 16, 43, 129, 0.8, 53.7, 729.8
1, 132103, 11/02/2019 17:40:18, FP_DM_PRIOR, 0.5, 1.3, 221.7, 0.4, 0, 0, 0, 0, 9, 124, 0.4, 12.2, 528.5
1, 132104, 11/02/2019 18:00:05, FP_DM_PRIOR, 0.4, 1, 205.2, 0.4, 0, 0, 0, 0, 10, 93, 0.2, 11.8, 690.1
1, 132105, 11/02/2019 18:20:13, FP_DM_PRIOR, 9.7, 10.4, 17378, 0.6, 0, 0, 0, 0, 86, 2317, 0.1, 1139.8, 280.2
1, 132106, 11/02/2019 18:40:20, FP_DM_PRIOR, 13.2, 15.6, 18297, 2.3, 0, 0, 0, 0, 0, 3886, 0.1, 561.8, 303
1, 132107, 11/02/2019 19:00:29, FP_DM_PRIOR, 14.7, 16.5, 25457.8, 1.7, 0, 0, 0, 0, 0, 2847, 0.1, 391.5, 360.6
1, 132108, 11/02/2019 19:20:10, FP_DM_PRIOR, 16, 17.1, 27790.5, 1, 0, 0, 0, 0, 4, 2311, 0.1, 249.6, 321.6
1, 132109, 11/02/2019 19:40:22, FP_DM_PRIOR, 18.6, 28.2, 29303, 8.1, 0, 0, 25, 600, 796, 17559, 1.5, 1151.4, 2610.2
1, 132110, 11/02/2019 20:00:05, FP_DM_PRIOR, 17.8, 26.2, 46901, 7, 0, 0, 1, 32, 2, 10202, 1.4, 406.8, 2359.5
1, 132111, 11/02/2019 20:20:18, FP_DM_PRIOR, 16.9, 19.9, 45605.5, 2.9, 0, 0, 0, 0, 0, 14117, 0.1, 340.9, 126.5
1, 132112, 11/02/2019 20:40:04, FP_DM_PRIOR, 13.8, 16.6, 33683.2, 2.8, 0, 0, 0, 0, 25, 7247, 0, 236.2, 16.8
1, 132113, 11/02/2019 21:00:08, FP_DM_PRIOR, 11.6, 17.1, 23290.9, 5.2, 0, 0, 2, 32, 156, 5657, 0.3, 209.1, 146.3
1, 132114, 11/02/2019 21:20:16, FP_DM_PRIOR, 15.3, 22.3, 17500.4, 6, 1, 0, 28, 616, 698, 13180, 1, 1549, 1967.7
1, 132115, 11/02/2019 21:40:04, FP_DM_PRIOR, 12.1, 17.4, 18904.9, 4.4, 0, 0, 1, 32, 0, 7758, 0.9, 538.7, 3279.3
1, 132116, 11/02/2019 22:00:12, FP_DM_PRIOR, 10.6, 12.9, 11057.4, 2.1, 0, 0, 6, 88, 290, 5444, 0.2, 421.1, 252.5
1, 132117, 11/02/2019 22:20:24, FP_DM_PRIOR, 4, 7.8, 1497.3, 3.4, 0, 0, 4, 96, 52, 1717, 0.4, 522.8, 2772.8
1, 132118, 11/02/2019 22:40:35, FP_DM_PRIOR, 6, 7.2, 2783.9, 1, 0, 0, 11, 200, 371, 2770, 0.2, 622.4, 1042.4
1, 132119, 11/02/2019 23:00:11, FP_DM_PRIOR, 3, 5.5, 2137.9, 2, 0, 0, 1, 16, 17, 1251, 0.5, 303.7, 2067.8
1, 132120, 11/02/2019 23:20:27, FP_DM_PRIOR, 6.4, 12.5, 2931.7, 5.6, 1, 0, 21, 472, 687, 3787, 0.5, 931.6, 4048.3
1, 132121, 11/02/2019 23:40:38, FP_DM_PRIOR, 6.6, 10.8, 2034.1, 3.2, 0, 0, 130, 3328, 3289, 7580, 1, 2228.9, 4172.2
1, 132087, 11/02/2019 12:20:06, HDP_UNLOAD_GROUP, 0.2, 0.2, 15, 0, 0, 0, 0, 0, 9, 83, 0, 2, 4.8
1, 132088, 11/02/2019 12:40:21, HDP_UNLOAD_GROUP, 1.2, 1.8, 2344, 0.4, 0, 0, 0, 0, 20, 383, 0.2, 62, 486.2
1, 132089, 11/02/2019 13:00:31, HDP_UNLOAD_GROUP, 1.4, 2.5, 5868.3, 0.3, 0, 0, 1, 16, 38, 401, 0.8, 207.7, 2234.8
1, 132090, 11/02/2019 13:20:34, HDP_UNLOAD_GROUP, 0.4, 0.7, 341.5, 0.2, 0, 0, 2, 26, 0, 127, 0.1, 185.2, 674.6
1, 132093, 11/02/2019 14:20:18, HDP_UNLOAD_GROUP, 0.1, 0.1, 1.4, 0, 0, 0, 0, 0, 2, 14, 0, 0.7, 0.7
1, 132094, 11/02/2019 14:40:15, HDP_UNLOAD_GROUP, 0.1, 0.1, 2.4, 0, 0, 0, 0, 0, 0, 12, 0, 0, 0
1, 132095, 11/02/2019 15:00:20, HDP_UNLOAD_GROUP, 0, 0, 0.2, 0, 0, 0, 0, 0, 0, 0, 0, 0, 0
1, 132096, 11/02/2019 15:20:23, HDP_UNLOAD_GROUP, 0.1, 0.1, 2.9, 0, 0, 0, 0, 0, 0, 8, 0, 0.1, 0.2
1, 132099, 11/02/2019 16:20:05, HDP_UNLOAD_GROUP, 0.6, 1.4, 570, 0.7, 0, 0, 2, 26, 18, 194, 0.1, 181.4, 654.7
1, 132101, 11/02/2019 17:00:01, HDP_UNLOAD_GROUP, 0, 0.1, 2.6, 0.1, 0, 0, 0, 0, 0, 4, 0, 0.1, 0.1
1, 132104, 11/02/2019 18:00:05, HDP_UNLOAD_GROUP, 0.2, 0.2, 29.2, 0, 0, 0, 2, 28, 32, 102, 0, 7.1, 2.7
1, 132105, 11/02/2019 18:20:13, HDP_UNLOAD_GROUP, 0.1, 0.1, 0.5, 0, 0, 0, 0, 0, 2, 9, 0, 0.8, 5.2
1, 132106, 11/02/2019 18:40:20, HDP_UNLOAD_GROUP, 0.2, 0.2, 2.3, 0, 0, 0, 0, 0, 0, 32, 0, 0, 2.3
1, 132107, 11/02/2019 19:00:29, HDP_UNLOAD_GROUP, 0.1, 0.1, 0.7, 0, 0, 0, 0, 0, 22, 19, 0, 0, 0
1, 132108, 11/02/2019 19:20:10, HDP_UNLOAD_GROUP, 0.7, 1.2, 410.4, 0.3, 0, 0, 2, 26, 16, 313, 0.2, 179.7, 653.7
1, 132111, 11/02/2019 20:20:18, HDP_UNLOAD_GROUP, 0.1, 0.2, 1.6, 0.1, 0, 0, 0, 0, 2, 45, 0, 0.9, 24.6
1, 132112, 11/02/2019 20:40:04, HDP_UNLOAD_GROUP, 0.1, 0.2, 2.3, 0.1, 0, 0, 0, 0, 0, 36, 0, 0, 3.2
1, 132116, 11/02/2019 22:00:12, HDP_UNLOAD_GROUP, 0.1, 0.2, 20.6, 0.1, 0, 0, 1, 12, 13, 36, 0, 2.9, 1.1
1, 132119, 11/02/2019 23:00:11, HDP_UNLOAD_GROUP, 0, 0, 0, 0, 0, 0, 0, 0, 12, 2, 0, 0, 0
1, 132120, 11/02/2019 23:20:27, HDP_UNLOAD_GROUP, 0.6, 1.3, 352.9, 0.6, 0, 0, 2, 26, 26, 199, 0.1, 208, 697.6
1, 132088, 11/02/2019 12:40:21, ODS2EXA_GROUP, 0, 0, 0.5, 0, 0, 0, 13, 208, 211, 3, 0, 0, 0.8
1, 132089, 11/02/2019 13:00:31, ODS2EXA_GROUP, 0.6, 0.6, 186.3, 0, 1, 0, 51, 816, 738, 150, 0, 13.1, 17.3
1, 132090, 11/02/2019 13:20:34, ODS2EXA_GROUP, 1.3, 2, 102.5, 0.6, 0, 0, 15, 240, 176, 363, 0.1, 116.4, 10.6
1, 132091, 11/02/2019 13:40:09, ODS2EXA_GROUP, 1.3, 1.5, 69.8, 0.2, 0, 0, 1, 16, 18, 478, 0, 80.2, 2.9
1, 132094, 11/02/2019 14:40:15, ODS2EXA_GROUP, 0.4, 0.4, 15.3, 0, 0, 0, 0, 0, 17, 137, 0, 74, 1.8
1, 132095, 11/02/2019 15:00:20, ODS2EXA_GROUP, 1.2, 1.4, 682.1, 0.2, 0, 0, 2, 32, 53, 235, 0, 68.5, 26.6
1, 132096, 11/02/2019 15:20:23, ODS2EXA_GROUP, 1.1, 1.1, 166.8, 0, 0, 0, 22, 272, 321, 217, 0, 164, 25.6
1, 132097, 11/02/2019 15:40:12, ODS2EXA_GROUP, 0.4, 0.9, 32.5, 0.2, 1, 0, 3, 48, 51, 82, 0.3, 9.5, 524.7
1, 132098, 11/02/2019 16:00:30, ODS2EXA_GROUP, 0.1, 0.3, 8.4, 0.1, 0, 0, 2, 16, 19, 7, 0.1, 1.3, 161.1
1, 132099, 11/02/2019 16:20:05, ODS2EXA_GROUP, 0.1, 0.4, 11, 0.2, 0, 0, 7, 56, 61, 10, 0.1, 1.8, 229.4
1, 132101, 11/02/2019 17:00:01, ODS2EXA_GROUP, 0.1, 0.2, 7.7, 0, 0, 0, 15, 120, 124, 10, 0.1, 2.6, 142.5
1, 132102, 11/02/2019 17:20:06, ODS2EXA_GROUP, 0.8, 0.9, 31.7, 0.1, 0, 0, 1, 16, 20, 234, 0, 117, 0.1
1, 132103, 11/02/2019 17:40:18, ODS2EXA_GROUP, 3.8, 3.9, 292.2, 0.1, 0, 0, 0, 0, 16, 2233, 0, 494.2, 0.3
1, 132104, 11/02/2019 18:00:05, ODS2EXA_GROUP, 4.1, 4.3, 324.4, 0.2, 0, 0, 0, 0, 0, 2262, 0, 247.1, 6.3
1, 132105, 11/02/2019 18:20:13, ODS2EXA_GROUP, 4.2, 4.4, 341.4, 0.2, 0, 0, 0, 0, 0, 2305, 0, 238.1, 35
1, 132106, 11/02/2019 18:40:20, ODS2EXA_GROUP, 3, 3.2, 444.1, 0.2, 1, 0, 5, 56, 56, 1654, 0, 1036.6, 9.1
1, 132107, 11/02/2019 19:00:29, ODS2EXA_GROUP, 3.9, 4.2, 592, 0.3, 0, 0, 0, 0, 0, 2361, 0, 192, 0.6
1, 132108, 11/02/2019 19:20:10, ODS2EXA_GROUP, 4, 4.3, 587.4, 0.2, 0, 0, 0, 0, 0, 2416, 0.1, 187.1, 54
1, 132109, 11/02/2019 19:40:22, ODS2EXA_GROUP, 4, 4.2, 402.2, 0.2, 0, 0, 1, 16, 16, 2113, 0, 355.6, 3.1
1, 132110, 11/02/2019 20:00:05, ODS2EXA_GROUP, 4.5, 4.9, 367.4, 0.4, 0, 0, 0, 0, 0, 2543, 0, 227.8, 5.9
1, 132111, 11/02/2019 20:20:18, ODS2EXA_GROUP, 3.5, 3.7, 335.6, 0.1, 0, 0, 0, 0, 0, 2068, 0.1, 184.6, 66.4
1, 132112, 11/02/2019 20:40:04, ODS2EXA_GROUP, 4.2, 4.5, 297.8, 0.3, 0, 0, 1, 16, 16, 2577, 0, 316.4, 4.1
1, 132113, 11/02/2019 21:00:08, ODS2EXA_GROUP, 4.4, 4.8, 316.6, 0.4, 0, 0, 1, 16, 0, 2382, 0, 253.4, 0.9
1, 132114, 11/02/2019 21:20:16, ODS2EXA_GROUP, 3.4, 3.5, 317.5, 0.1, 0, 0, 0, 0, 16, 1692, 0, 311, 0.3
1, 132115, 11/02/2019 21:40:04, ODS2EXA_GROUP, 4.1, 4.4, 421.1, 0.3, 0, 0, 0, 0, 0, 2180, 0, 177.8, 0.2
1, 132116, 11/02/2019 22:00:12, ODS2EXA_GROUP, 4.1, 4.4, 415.4, 0.3, 0, 0, 0, 0, 0, 2258, 0, 188.4, 0.6
1, 132117, 11/02/2019 22:20:24, ODS2EXA_GROUP, 4.2, 4.4, 624.3, 0.2, 0, 0, 1, 16, 16, 2121, 0, 454.3, 1.4
1, 132118, 11/02/2019 22:40:35, ODS2EXA_GROUP, 4.8, 5.1, 723.9, 0.3, 0, 0, 0, 0, 0, 2380, 0, 402, 0.3
1, 132119, 11/02/2019 23:00:11, ODS2EXA_GROUP, 4, 4.4, 727.1, 0.4, 0, 0, 0, 0, 0, 1908, 0, 282.6, 0.1
1, 132120, 11/02/2019 23:20:27, ODS2EXA_GROUP, 3, 3.1, 636.8, 0.1, 0, 0, 0, 0, 0, 905, 0, 1, 0
1, 132121, 11/02/2019 23:40:38, ODS2EXA_GROUP, 4.2, 4.3, 756, 0.1, 0, 0, 1, 16, 16, 1973, 0, 495.8, 0.4
1, 132085, 11/02/2019 11:40:18, ODS_SUPPORT_GROUP, 0.1, 0.1, 79, 0, 0, 0, 0, 0, 85, 12, 0, 0, 0
1, 132086, 11/02/2019 12:00:01, ODS_SUPPORT_GROUP, 0.6, 3, 170.5, 0.6, 0, 0, 1, 32, 38, 357, 1.8, 294.7, 1597.9
1, 132087, 11/02/2019 12:20:06, ODS_SUPPORT_GROUP, 0, 0, 81.1, 0, 0, 0, 0, 0, 42, 22, 0, 0, 0
1, 132088, 11/02/2019 12:40:21, ODS_SUPPORT_GROUP, 0, 0, 2.3, 0, 0, 0, 0, 0, 25, 1, 0, 0, 0
1, 132091, 11/02/2019 13:40:09, ODS_SUPPORT_GROUP, 0.1, 0.1, 4.1, 0, 0, 0, 0, 0, 50, 29, 0, 0, 0
1, 132092, 11/02/2019 14:00:07, ODS_SUPPORT_GROUP, 0.4, 1.3, 69, 0.1, 0, 0, 1, 32, 18, 274, 0.8, 293.1, 1561.5
1, 132093, 11/02/2019 14:20:18, ODS_SUPPORT_GROUP, 0, 0, 3.5, 0, 0, 0, 0, 0, 18, 0, 0, 0, 0
1, 132095, 11/02/2019 15:00:20, ODS_SUPPORT_GROUP, 0, 0, 3.4, 0, 0, 0, 0, 0, 57, 1, 0, 0, 0
1, 132096, 11/02/2019 15:20:23, ODS_SUPPORT_GROUP, 0, 0, 9.3, 0, 0, 0, 1, 13, 66, 3, 0, 93, 0
1, 132097, 11/02/2019 15:40:12, ODS_SUPPORT_GROUP, 0.2, 0.3, 2.5, 0, 0, 0, 0, 0, 57, 159, 0.1, 118.4, 580.1
1, 132098, 11/02/2019 16:00:30, ODS_SUPPORT_GROUP, 0.4, 1, 98.7, 0.4, 0, 0, 2, 64, 53, 111, 0.2, 466.1, 1008.8
1, 132099, 11/02/2019 16:20:05, ODS_SUPPORT_GROUP, 0, 0, 6.1, 0, 0, 0, 0, 0, 111, 7, 0, 0, 0.1
1, 132101, 11/02/2019 17:00:01, ODS_SUPPORT_GROUP, 0, 0.1, 59.9, 0.1, 0, 0, 0, 0, 42, 5, 0, 91.9, 0.3
1, 132102, 11/02/2019 17:20:06, ODS_SUPPORT_GROUP, 0, 0, 13.8, 0, 0, 0, 0, 0, 77, 6, 0, 0, 0
1, 132103, 11/02/2019 17:40:18, ODS_SUPPORT_GROUP, 0, 0, 11.6, 0, 0, 0, 0, 0, 53, 0, 0, 0, 0
1, 132104, 11/02/2019 18:00:05, ODS_SUPPORT_GROUP, 0, 0, 68.3, 0, 0, 0, 0, 0, 65, 2, 0, 0, 0
1, 132105, 11/02/2019 18:20:13, ODS_SUPPORT_GROUP, 0, 0, 2.1, 0, 0, 0, 0, 0, 34, 0, 0, 0, 0
1, 132106, 11/02/2019 18:40:20, ODS_SUPPORT_GROUP, 0, 0, 3.5, 0, 0, 0, 0, 0, 36, 0, 0, 0, 0
1, 132108, 11/02/2019 19:20:10, ODS_SUPPORT_GROUP, 0, 0, 3.5, 0, 0, 0, 0, 0, 34, 0, 0, 0, 0
1, 132110, 11/02/2019 20:00:05, ODS_SUPPORT_GROUP, 0, 0, 6.7, 0, 0, 0, 0, 0, 35, 0, 0, 0, 0
1, 132111, 11/02/2019 20:20:18, ODS_SUPPORT_GROUP, 0, 0, 2.5, 0, 0, 0, 0, 0, 33, 0, 0, 0, 0
1, 132084, 11/02/2019 11:27:35, OTHER_GROUPS, 15.2, 30.9, 4973.5, 10.8, 0, 0, 0, 0, 2090, 13929, 4.9, 22582.7, 4230.8
1, 132085, 11/02/2019 11:40:18, OTHER_GROUPS, 12.6, 38.8, 7396.8, 14.1, 0, 0, 2, 41, 820, 17402, 12.1, 2754.3, 3729.5
1, 132086, 11/02/2019 12:00:01, OTHER_GROUPS, 15.8, 55.8, 7631.2, 32.8, 0, 0, 1, 16, 722, 24406, 7.2, 2687.2, 3800.7
1, 132087, 11/02/2019 12:20:06, OTHER_GROUPS, 18.4, 42.5, 7514, 18.6, 1, 0, 3, 41, 787, 25275, 5.5, 116.2, 4629.9
1, 132088, 11/02/2019 12:40:21, OTHER_GROUPS, 16.6, 41.2, 7851.6, 20.3, 0, 0, 5, 84, 909, 22531, 4.3, 2528.5, 5196.9
1, 132089, 11/02/2019 13:00:31, OTHER_GROUPS, 12.2, 36.7, 7791.6, 20.9, 0, 0, 8, 153, 1313, 17065, 3.6, 484, 5203.6
1, 132090, 11/02/2019 13:20:34, OTHER_GROUPS, 12, 30, 7528.6, 10.7, 0, 0, 0, 0, 1197, 15841, 7.3, 125.9, 6044.9
1, 132091, 11/02/2019 13:40:09, OTHER_GROUPS, 13.4, 33.3, 8115.4, 16, 0, 0, 2, 40, 1073, 19094, 3.9, 225.6, 7678.1
1, 132092, 11/02/2019 14:00:07, OTHER_GROUPS, 17.9, 58.4, 8705.9, 35.3, 0, 0, 1, 32, 887, 32433, 5.2, 770.5, 5885.6
1, 132093, 11/02/2019 14:20:18, OTHER_GROUPS, 12.1, 38.9, 7999.8, 23.7, 0, 0, 0, 0, 1003, 17197, 3.1, 202.7, 5938.9
1, 132094, 11/02/2019 14:40:15, OTHER_GROUPS, 11.6, 45.1, 9801, 30.6, 0, 0, 3, 64, 1117, 16357, 2.9, 808.7, 5441.6
1, 132095, 11/02/2019 15:00:20, OTHER_GROUPS, 12.6, 29.3, 7342.3, 12.4, 0, 0, 0, 0, 823, 20227, 4.3, 115.2, 5786.3
1, 132096, 11/02/2019 15:20:23, OTHER_GROUPS, 13.1, 37.2, 7913.3, 20.7, 0, 0, 0, 0, 936, 19650, 3.4, 126.6, 6162.6
1, 132097, 11/02/2019 15:40:12, OTHER_GROUPS, 11.9, 36.7, 7722.8, 21.1, 0, 0, 0, 0, 999, 17007, 3.7, 114.7, 5409.8
1, 132098, 11/02/2019 16:00:30, OTHER_GROUPS, 13.2, 47.2, 8022.1, 25.9, 0, 0, 0, 0, 886, 18025, 8.1, 108.4, 4918.8
1, 132099, 11/02/2019 16:20:05, OTHER_GROUPS, 12.9, 49.9, 7861.3, 25.2, 0, 0, 0, 0, 1038, 21619, 11.8, 110, 5433.4
1, 132100, 11/02/2019 16:40:09, OTHER_GROUPS, 12.3, 46.7, 13188.1, 20.8, 0, 0, 0, 0, 5920, 16163, 13.6, 112.4, 6013.7
1, 132101, 11/02/2019 17:00:01, OTHER_GROUPS, 12.9, 47.8, 7975.5, 18.6, 0, 0, 0, 0, 1029, 16226, 16.3, 210.6, 6054
1, 132102, 11/02/2019 17:20:06, OTHER_GROUPS, 15.6, 51.9, 8457.3, 21.6, 8, 0, 148, 1164, 2248, 23392, 14.7, 236.1, 6286.8
1, 132103, 11/02/2019 17:40:18, OTHER_GROUPS, 14.1, 31.6, 7319.7, 13.2, 12, 0, 335, 2640, 3680, 18443, 4.3, 167.4, 5807.1
1, 132104, 11/02/2019 18:00:05, OTHER_GROUPS, 12.9, 35.5, 8173, 18.6, 5, 0, 70, 516, 1567, 16730, 4, 153.3, 5628.2
1, 132105, 11/02/2019 18:20:13, OTHER_GROUPS, 14.3, 36.1, 7622, 18.5, 2, 0, 188, 1400, 2597, 20186, 3.3, 151.2, 5838.4
1, 132106, 11/02/2019 18:40:20, OTHER_GROUPS, 14.5, 29.7, 7808.7, 12.3, 2, 0, 155, 1220, 2425, 16816, 2.9, 181.5, 5510.8
1, 132107, 11/02/2019 19:00:29, OTHER_GROUPS, 14.3, 29.5, 7737, 10.9, 0, 0, 218, 1696, 2650, 16654, 4.3, 186.4, 5840.8
1, 132108, 11/02/2019 19:20:10, OTHER_GROUPS, 13.9, 41, 7939.4, 24.3, 0, 0, 6, 40, 1031, 18117, 2.8, 213.7, 4777
1, 132109, 11/02/2019 19:40:22, OTHER_GROUPS, 14.1, 34.5, 8374.4, 17.5, 0, 0, 4, 32, 1000, 14186, 2.9, 125.5, 4607.8
1, 132110, 11/02/2019 20:00:05, OTHER_GROUPS, 15.3, 61.3, 8676.1, 41.7, 1, 0, 138, 1104, 2115, 19493, 4.3, 165, 4103.9
1, 132111, 11/02/2019 20:20:18, OTHER_GROUPS, 15.4, 43.5, 7206.7, 24.8, 0, 0, 153, 1192, 2291, 14615, 3.3, 95.3, 3714.4
1, 132112, 11/02/2019 20:40:04, OTHER_GROUPS, 10.4, 30, 7616.6, 17.3, 0, 0, 1, 16, 1053, 9191, 2.3, 75.5, 3115.2
1, 132113, 11/02/2019 21:00:08, OTHER_GROUPS, 10.8, 38.3, 8550.3, 21.4, 0, 0, 0, 0, 916, 8425, 6.1, 71.3, 2648.2
1, 132114, 11/02/2019 21:20:16, OTHER_GROUPS, 6.5, 29.1, 6923, 20.9, 0, 0, 0, 0, 895, 4618, 1.7, 44, 2488.4
1, 132115, 11/02/2019 21:40:04, OTHER_GROUPS, 6.1, 28.2, 7329.4, 20.6, 0, 0, 0, 0, 1479, 4235, 1.5, 48.9, 2701
1, 132116, 11/02/2019 22:00:12, OTHER_GROUPS, 5.8, 26.8, 7563.7, 18.2, 0, 0, 0, 0, 900, 4523, 2.8, 31.2, 2420.6
1, 132117, 11/02/2019 22:20:24, OTHER_GROUPS, 3.7, 21.4, 7240.2, 15.5, 0, 0, 0, 0, 1033, 2087, 2.2, 28.9, 2162.6
1, 132118, 11/02/2019 22:40:35, OTHER_GROUPS, 3.9, 13.9, 6743.9, 8.4, 0, 0, 0, 0, 1096, 2579, 1.6, 39.2, 1937.9
1, 132119, 11/02/2019 23:00:11, OTHER_GROUPS, 5.2, 15.7, 7905.2, 9.1, 0, 0, 0, 0, 2218, 4616, 1.4, 34.7, 2379.3
1, 132120, 11/02/2019 23:20:27, OTHER_GROUPS, 4.5, 19.6, 7265.2, 14.1, 0, 0, 0, 0, 1340, 3834, 1, 34.5, 1829.7
1, 132121, 11/02/2019 23:40:38, OTHER_GROUPS, 3.8, 13.8, 6580.8, 8.8, 0, 0, 0, 0, 970, 3618, 1.2, 27.3, 1700.1
2, 132084, 09/02/2019 05:54:36, ADW_UNLOAD_GROUP, 4.8, 5, 0.2, 0, 0, 0, 625, 16268, 80401, 1026902, 0.2, 1115.1, 1199.7
2, 132085, 11/02/2019 11:40:17, ADW_UNLOAD_GROUP, 0.1, 0.4, 2.3, 0, 0, 0, 0, 0, 253, 1, 0.3, 3, 381
2, 132086, 11/02/2019 12:00:06, ADW_UNLOAD_GROUP, 0.1, 0.5, 4.8, 0.1, 0, 0, 0, 0, 380, 0, 0.3, 2.9, 373.7
2, 132087, 11/02/2019 12:20:06, ADW_UNLOAD_GROUP, 0.1, 0.4, 0.9, 0, 0, 0, 0, 0, 76, 0, 0.3, 3.4, 437.1
2, 132088, 11/02/2019 12:40:21, ADW_UNLOAD_GROUP, 0.1, 0.7, 6.2, 0.3, 0, 0, 0, 0, 95, 0, 0.3, 3.8, 482.4
2, 132089, 11/02/2019 13:00:31, ADW_UNLOAD_GROUP, 0.1, 0.4, 3.4, 0, 0, 0, 0, 0, 288, 1, 0.3, 3.6, 460.9
2, 132090, 11/02/2019 13:20:34, ADW_UNLOAD_GROUP, 0.1, 0.4, 3.2, 0, 0, 0, 0, 0, 509, 2, 0.3, 3.2, 404.3
2, 132091, 11/02/2019 13:40:09, ADW_UNLOAD_GROUP, 0.1, 0.3, 3.1, 0, 0, 0, 0, 0, 666, 0, 0.2, 4.7, 536.8
2, 132092, 11/02/2019 14:00:05, ADW_UNLOAD_GROUP, 0.1, 0.5, 4.5, 0.2, 0, 0, 0, 0, 150, 0, 0.2, 3.9, 503.6
2, 132093, 11/02/2019 14:20:08, ADW_UNLOAD_GROUP, 0.1, 0.4, 3.4, 0, 0, 0, 0, 0, 49, 0, 0.3, 3.4, 435.5
2, 132094, 11/02/2019 14:40:15, ADW_UNLOAD_GROUP, 0.1, 0.4, 3.3, 0, 0, 0, 0, 0, 200, 0, 0.3, 3.5, 454.3
2, 132095, 11/02/2019 15:00:20, ADW_UNLOAD_GROUP, 0.1, 0.4, 3.8, 0, 0, 0, 0, 0, 205, 0, 0.3, 2.9, 368.5
2, 132096, 11/02/2019 15:20:23, ADW_UNLOAD_GROUP, 0.1, 0.4, 3.7, 0, 0, 0, 0, 0, 218, 0, 0.3, 3.5, 447.6
2, 132097, 11/02/2019 15:40:12, ADW_UNLOAD_GROUP, 0.1, 0.4, 3.4, 0, 0, 0, 0, 0, 223, 0, 0.3, 3.1, 394
2, 132098, 11/02/2019 16:00:30, ADW_UNLOAD_GROUP, 0.1, 0.4, 3.3, 0, 0, 0, 0, 0, 281, 0, 0.3, 3.1, 393.3
2, 132099, 11/02/2019 16:20:05, ADW_UNLOAD_GROUP, 0.1, 0.4, 3.8, 0, 0, 0, 0, 0, 155, 1, 0.3, 3, 378.6
2, 132101, 11/02/2019 17:00:01, ADW_UNLOAD_GROUP, 0.1, 0.4, 3.5, 0, 0, 0, 0, 0, 213, 2, 0.3, 3.5, 441.5
2, 132102, 11/02/2019 17:20:07, ADW_UNLOAD_GROUP, 0.1, 0.4, 3.2, 0, 0, 0, 0, 0, 180, 1, 0.3, 3.1, 390.6
2, 132103, 11/02/2019 17:40:18, ADW_UNLOAD_GROUP, 0.1, 0.4, 3.5, 0, 0, 0, 0, 0, 608, 0, 0.3, 3.2, 407.8
2, 132104, 11/02/2019 18:00:06, ADW_UNLOAD_GROUP, 0.1, 0.4, 3.3, 0, 0, 0, 0, 0, 683, 1, 0.3, 3.4, 416.8
2, 132105, 11/02/2019 18:20:14, ADW_UNLOAD_GROUP, 0.1, 0.4, 3.9, 0, 0, 0, 0, 0, 771, 0, 0.3, 3.6, 466.9
2, 132106, 11/02/2019 18:40:21, ADW_UNLOAD_GROUP, 0.1, 0.4, 3.6, 0, 0, 0, 0, 0, 712, 1, 0.3, 3.6, 459.1
2, 132107, 11/02/2019 19:00:29, ADW_UNLOAD_GROUP, 0.4, 1.4, 33.2, 0.7, 0, 0, 31, 496, 1436, 56, 0.3, 671, 503.4
2, 132108, 11/02/2019 19:20:10, ADW_UNLOAD_GROUP, 0.1, 0.4, 3.4, 0, 0, 0, 0, 0, 744, 0, 0.3, 3.8, 487.3
2, 132109, 11/02/2019 19:40:22, ADW_UNLOAD_GROUP, 0.1, 0.4, 3.8, 0, 0, 0, 0, 0, 635, 0, 0.3, 3.2, 414.2
2, 132110, 11/02/2019 20:00:05, ADW_UNLOAD_GROUP, 0.1, 0.4, 3.4, 0, 0, 0, 0, 0, 765, 3, 0.3, 3.5, 442.2
2, 132111, 11/02/2019 20:20:20, ADW_UNLOAD_GROUP, 0.1, 0.4, 3.7, 0, 0, 0, 0, 0, 727, 0, 0.3, 3.5, 445.4
2, 132112, 11/02/2019 20:40:04, ADW_UNLOAD_GROUP, 0.1, 0.4, 3.6, 0, 0, 0, 0, 0, 746, 0, 0.3, 3.4, 436.2
2, 132113, 11/02/2019 21:00:08, ADW_UNLOAD_GROUP, 0.1, 0.4, 2.1, 0, 0, 0, 0, 0, 796, 0, 0.3, 3.8, 484.4
2, 132114, 11/02/2019 21:20:12, ADW_UNLOAD_GROUP, 0.1, 0.5, 4.8, 0.1, 0, 0, 0, 0, 694, 0, 0.3, 3.4, 441.4
2, 132115, 11/02/2019 21:40:04, ADW_UNLOAD_GROUP, 0.1, 0.4, 3.7, 0, 0, 0, 0, 0, 674, 0, 0.3, 4.4, 565.9
2, 132116, 11/02/2019 22:00:12, ADW_UNLOAD_GROUP, 1.5, 1.9, 489.9, 0.1, 0, 0, 1, 16, 834, 511, 0.3, 1242.4, 535
2, 132117, 11/02/2019 22:20:24, ADW_UNLOAD_GROUP, 2.4, 3.9, 672.7, 0.2, 0, 0, 30, 904, 1693, 768, 1.3, 880.3, 678
2, 132118, 11/02/2019 22:40:35, ADW_UNLOAD_GROUP, 0.9, 1.6, 603.4, 0.3, 0, 0, 9, 272, 1003, 233, 0.4, 27.2, 655.5
2, 132119, 11/02/2019 23:00:11, ADW_UNLOAD_GROUP, 2.1, 4.3, 332.8, 0.6, 0, 0, 57, 1102, 2519, 444, 1.6, 260.6, 815.8
2, 132120, 11/02/2019 23:20:26, ADW_UNLOAD_GROUP, 0.1, 0.4, 3.2, 0, 0, 0, 0, 0, 763, 1, 0.3, 3.7, 477.3
2, 132121, 11/02/2019 23:40:38, ADW_UNLOAD_GROUP, 0.1, 0.5, 4.2, 0.1, 0, 0, 0, 0, 724, 1, 0.3, 3.6, 455
2, 132084, 09/02/2019 05:54:36, FP_DM_PRIOR, 3, 3.8, 49.2, 0, 1, 0, 278, 6761, 9040, 339757, 0.8, 182.3, 4990.7
2, 132085, 11/02/2019 11:40:17, FP_DM_PRIOR, 7.9, 17.2, 6966.6, 4.1, 0, 0, 32, 928, 1012, 5873, 5.2, 1001.4, 1951.8
2, 132086, 11/02/2019 12:00:06, FP_DM_PRIOR, 4.4, 10.2, 3186.8, 4, 0, 0, 11, 308, 356, 2327, 1.8, 344.3, 2512.8
2, 132087, 11/02/2019 12:20:06, FP_DM_PRIOR, 1.3, 1.6, 7846.1, 0.3, 0, 0, 3, 96, 70, 105, 0, 3.3, 91
2, 132088, 11/02/2019 12:40:21, FP_DM_PRIOR, 1.9, 2.1, 2122.8, 0.2, 0, 0, 0, 0, 0, 774, 0, 152.4, 0.2
2, 132089, 11/02/2019 13:00:31, FP_DM_PRIOR, 0.4, 0.4, 131.6, 0, 0, 0, 0, 0, 0, 8, 0, 0.7, 0
2, 132090, 11/02/2019 13:20:34, FP_DM_PRIOR, 0.4, 0.4, 78.5, 0, 0, 0, 0, 0, 0, 4, 0, 0.7, 0
2, 132091, 11/02/2019 13:40:09, FP_DM_PRIOR, 0.4, 0.4, 174, 0, 0, 0, 0, 0, 0, 8, 0, 0.9, 0
2, 132092, 11/02/2019 14:00:05, FP_DM_PRIOR, 0.4, 0.4, 112.9, 0, 0, 0, 0, 0, 0, 6, 0, 1.2, 52.2
2, 132093, 11/02/2019 14:20:08, FP_DM_PRIOR, 0.4, 0.4, 202.9, 0, 0, 0, 0, 0, 0, 8, 0, 0.8, 0
2, 132094, 11/02/2019 14:40:15, FP_DM_PRIOR, 0.4, 0.4, 120, 0, 0, 0, 0, 0, 0, 10, 0, 1.3, 0
2, 132095, 11/02/2019 15:00:20, FP_DM_PRIOR, 0.4, 0.4, 269.2, 0, 0, 0, 0, 0, 0, 9, 0, 1.4, 0
2, 132096, 11/02/2019 15:20:23, FP_DM_PRIOR, 0.4, 0.4, 84.9, 0, 0, 0, 0, 0, 0, 20, 0, 1.7, 0
2, 132097, 11/02/2019 15:40:12, FP_DM_PRIOR, 0.4, 0.4, 217.8, 0, 0, 0, 0, 0, 5, 14, 0, 1.5, 0
2, 132098, 11/02/2019 16:00:30, FP_DM_PRIOR, 11.4, 12.2, 10062.2, 0.7, 0, 0, 0, 0, 133, 3071, 0.1, 1022.4, 13.9
2, 132099, 11/02/2019 16:20:05, FP_DM_PRIOR, 8.5, 15.4, 39484.8, 6.9, 0, 0, 0, 0, 0, 3287, 0, 553.2, 2.9
2, 132101, 11/02/2019 17:00:01, FP_DM_PRIOR, 5.6, 11.5, 35310.7, 5.9, 0, 0, 0, 0, 0, 1111, 0, 118.2, 0
2, 132102, 11/02/2019 17:20:07, FP_DM_PRIOR, 14.1, 15, 45852.7, 0.9, 0, 0, 1, 16, 0, 3262, 0, 122.5, 34.8
2, 132103, 11/02/2019 17:40:18, FP_DM_PRIOR, 11.9, 13.6, 35399.9, 1.4, 0, 0, 0, 0, 0, 2686, 0.3, 237.1, 291.6
2, 132104, 11/02/2019 18:00:06, FP_DM_PRIOR, 12.2, 14.2, 45286, 2, 0, 0, 0, 0, 0, 4976, 0, 288.3, 0
2, 132105, 11/02/2019 18:20:14, FP_DM_PRIOR, 9.3, 10.6, 23149.8, 1.1, 0, 0, 1, 32, 5, 5912, 0.2, 254, 121.7
2, 132106, 11/02/2019 18:40:21, FP_DM_PRIOR, 6.9, 9.1, 12051.9, 2.1, 0, 0, 0, 0, 8, 4647, 0.1, 240.3, 142.7
2, 132107, 11/02/2019 19:00:29, FP_DM_PRIOR, 10.2, 10.7, 19026.8, 0.5, 0, 0, 0, 0, 10, 1596, 0, 300.8, 0
2, 132108, 11/02/2019 19:20:10, FP_DM_PRIOR, 7.2, 10.7, 18625.1, 2.5, 0, 0, 48, 1024, 1380, 4433, 1, 1173.5, 1435.6
2, 132109, 11/02/2019 19:40:22, FP_DM_PRIOR, 13.2, 26.9, 8823.4, 11.2, 0, 0, 76, 2064, 2080, 12081, 2.5, 2311.3, 9480
2, 132110, 11/02/2019 20:00:05, FP_DM_PRIOR, 7, 9.5, 7682.1, 1.9, 0, 0, 5, 100, 347, 1923, 0.6, 692.6, 283.4
2, 132111, 11/02/2019 20:20:20, FP_DM_PRIOR, 6.8, 8.9, 8889, 1.6, 0, 0, 2, 48, 196, 1341, 0.5, 272.5, 165.4
2, 132112, 11/02/2019 20:40:04, FP_DM_PRIOR, 6.4, 8.5, 5099.3, 1.6, 0, 0, 0, 0, 47, 1337, 0.5, 608, 706.3
2, 132113, 11/02/2019 21:00:08, FP_DM_PRIOR, 5.1, 9.4, 6491.2, 3.7, 0, 0, 17, 272, 358, 1561, 0.6, 594.2, 220.6
2, 132114, 11/02/2019 21:20:12, FP_DM_PRIOR, 10.7, 18.8, 10266.3, 7, 0, 0, 98, 2656, 2983, 6016, 1.1, 1938.8, 3730.8
2, 132115, 11/02/2019 21:40:04, FP_DM_PRIOR, 3.8, 5.8, 3345.9, 1.8, 0, 0, 13, 304, 301, 1120, 0.2, 427.7, 788.6
2, 132116, 11/02/2019 22:00:12, FP_DM_PRIOR, 3.2, 8.2, 650.1, 4.3, 0, 0, 94, 2408, 2652, 3707, 0.7, 1278, 1636.9
2, 132117, 11/02/2019 22:20:24, FP_DM_PRIOR, 2.8, 7.7, 833, 4.3, 0, 0, 49, 1208, 1213, 2197, 0.6, 942.7, 3470.3
2, 132118, 11/02/2019 22:40:35, FP_DM_PRIOR, 4.6, 7.1, 1046.6, 1.5, 0, 0, 131, 3344, 3588, 4341, 1, 2016, 4259.7
2, 132119, 11/02/2019 23:00:11, FP_DM_PRIOR, 6.3, 6.7, 9346.5, 0.4, 0, 0, 9, 208, 318, 882, 0, 885.9, 17.4
2, 132120, 11/02/2019 23:20:26, FP_DM_PRIOR, 12.2, 15.8, 5083.9, 2.5, 0, 0, 131, 3296, 3384, 7122, 1.1, 2063.6, 3496.2
2, 132121, 11/02/2019 23:40:38, FP_DM_PRIOR, 12.8, 15.4, 17732.3, 2.4, 0, 0, 22, 456, 657, 6483, 0.2, 1398.3, 282.8
2, 132104, 11/02/2019 18:00:06, HDP_UNLOAD_GROUP, 0, 0, 0, 0, 0, 0, 0, 0, 1, 0, 0, 0, 0.1
2, 132116, 11/02/2019 22:00:12, HDP_UNLOAD_GROUP, 0.4, 0.6, 102.8, 0.2, 0, 0, 1, 16, 34, 97, 0, 7.5, 4.4
2, 132119, 11/02/2019 23:00:11, HDP_UNLOAD_GROUP, 9.8, 17.3, 3687.7, 6.1, 0, 0, 2, 32, 224, 40030, 1.4, 1326.2, 2085.4
2, 132120, 11/02/2019 23:20:26, HDP_UNLOAD_GROUP, 10.1, 18.1, 5735.3, 7.2, 0, 0, 0, 0, 0, 34489, 0.8, 613.6, 1453.8
2, 132121, 11/02/2019 23:40:38, HDP_UNLOAD_GROUP, 10, 17.4, 6520.9, 7.3, 0, 0, 0, 0, 0, 35394, 0.1, 1803.5, 33.6
2, 132084, 09/02/2019 05:54:36, ODS2EXA_GROUP, 0, 0, 1.4, 0, 2, 0, 59, 704, 786, 489, 0, 0.5, 6.3
2, 132085, 11/02/2019 11:40:17, ODS2EXA_GROUP, 0.6, 1.2, 66.1, 0, 0, 0, 10, 160, 172, 136, 0.6, 12.4, 412.6
2, 132086, 11/02/2019 12:00:06, ODS2EXA_GROUP, 0.6, 2.3, 111, 1, 0, 0, 4, 64, 67, 158, 0.7, 15.9, 1079.9
2, 132087, 11/02/2019 12:20:06, ODS2EXA_GROUP, 0.3, 0.8, 39.1, 0.4, 1, 0, 9, 144, 133, 69, 0.1, 8.1, 465.6
2, 132106, 11/02/2019 18:40:21, ODS2EXA_GROUP, 0, 0, 0, 0, 0, 0, 0, 0, 5, 0, 0, 0, 0
2, 132107, 11/02/2019 19:00:29, ODS2EXA_GROUP, 0, 0, None, 0, 0, 0, 0, 0, 0, 0, 0, 0, 0
2, 132108, 11/02/2019 19:20:10, ODS2EXA_GROUP, 0, 0, None, 0, 0, 0, 0, 0, 0, 0, 0, 0, 0
2, 132109, 11/02/2019 19:40:22, ODS2EXA_GROUP, 0, 2.8, 77.9, 2.8, 0, 0, 0, 0, 0, 7, 0, 260.1, 0
2, 132110, 11/02/2019 20:00:05, ODS2EXA_GROUP, 0.1, 1.6, 42.9, 1.5, 0, 0, 0, 0, 0, 12, 0, 381.2, 0
2, 132111, 11/02/2019 20:20:20, ODS2EXA_GROUP, 0.1, 1.6, 43.3, 1.5, 0, 0, 0, 0, 0, 9, 0, 400.5, 0
2, 132112, 11/02/2019 20:40:04, ODS2EXA_GROUP, 0.1, 1.6, 43.3, 1.5, 0, 0, 0, 0, 0, 9, 0, 380.6, 0
2, 132113, 11/02/2019 21:00:08, ODS2EXA_GROUP, 0, 1.6, 45, 1.6, 0, 0, 0, 0, 0, 4, 0, 273.9, 0
2, 132114, 11/02/2019 21:20:12, ODS2EXA_GROUP, 0.1, 1.5, 41, 1.4, 0, 0, 0, 0, 0, 9, 0, 324.2, 0
2, 132115, 11/02/2019 21:40:04, ODS2EXA_GROUP, 0.1, 1.6, 43.4, 1.5, 0, 0, 0, 0, 0, 14, 0, 428.8, 0
2, 132116, 11/02/2019 22:00:12, ODS2EXA_GROUP, 0.1, 1.6, 43, 1.5, 0, 0, 0, 0, 0, 14, 0, 398.6, 0
2, 132117, 11/02/2019 22:20:24, ODS2EXA_GROUP, 0.1, 1.6, 43, 1.5, 0, 0, 0, 0, 0, 12, 0, 425.7, 0
2, 132118, 11/02/2019 22:40:35, ODS2EXA_GROUP, 0.1, 1.6, 43.2, 1.5, 0, 0, 0, 0, 0, 13, 0, 421.6, 0
2, 132119, 11/02/2019 23:00:11, ODS2EXA_GROUP, 0.1, 1.6, 43, 1.5, 0, 0, 0, 0, 0, 7, 0, 344.5, 0
2, 132120, 11/02/2019 23:20:26, ODS2EXA_GROUP, 0, 1.6, 43.4, 1.6, 0, 0, 0, 0, 0, 6, 0, 306.3, 0
2, 132121, 11/02/2019 23:40:38, ODS2EXA_GROUP, 0, 1.6, 43, 1.6, 0, 0, 0, 0, 0, 6, 0, 292.6, 0
2, 132084, 09/02/2019 05:54:36, ODS_SUPPORT_GROUP, 0.2, 0.3, 0.8, 0, 1, 0, 43, 1288, 2926, 16103, 0.1, 102.8, 256.2
2, 132085, 11/02/2019 11:40:17, ODS_SUPPORT_GROUP, 0, 0, 0, 0, 0, 0, 0, 0, 84, 2, 0, 0, 0
2, 132086, 11/02/2019 12:00:06, ODS_SUPPORT_GROUP, 0, 0, 7.7, 0, 0, 0, 0, 0, 86, 5, 0, 0.1, 0
2, 132088, 11/02/2019 12:40:21, ODS_SUPPORT_GROUP, 0, 0, 0.2, 0, 0, 0, 0, 0, 22, 1, 0, 0, 0
2, 132089, 11/02/2019 13:00:31, ODS_SUPPORT_GROUP, 0, 0, 2.1, 0, 0, 0, 0, 0, 27, 2, 0, 0, 0.5
2, 132096, 11/02/2019 15:20:23, ODS_SUPPORT_GROUP, 0, 0, 2.2, 0, 0, 0, 0, 0, 59, 3, 0, 0, 0.9
2, 132097, 11/02/2019 15:40:12, ODS_SUPPORT_GROUP, 0.3, 0.4, 3.7, 0.1, 0, 0, 0, 0, 21, 32, 0, 0, 5.3
2, 132098, 11/02/2019 16:00:30, ODS_SUPPORT_GROUP, 0, 0.1, 4.1, 0.1, 0, 0, 0, 0, 18, 3, 0, 0, 0.3
2, 132099, 11/02/2019 16:20:05, ODS_SUPPORT_GROUP, 1.4, 2.9, 168.2, 1.5, 0, 0, 1, 24, 126, 488, 0, 4522.9, 1.4
2, 132101, 11/02/2019 17:00:01, ODS_SUPPORT_GROUP, 0.3, 0.5, 12.3, 0.2, 0, 0, 1, 26, 42, 35, 0, 744.5, 3.7
2, 132102, 11/02/2019 17:20:07, ODS_SUPPORT_GROUP, 0.2, 0.2, 1.7, 0, 0, 0, 0, 0, 77, 7, 0, 0, 3.2
2, 132103, 11/02/2019 17:40:18, ODS_SUPPORT_GROUP, 0, 0, 200.3, 0, 0, 0, 1, 26, 59, 0, 0, 0, 0
2, 132104, 11/02/2019 18:00:06, ODS_SUPPORT_GROUP, 0.6, 2.6, 136.9, 1.3, 0, 0, 1, 32, 100, 340, 0.7, 294.3, 1594.3
2, 132105, 11/02/2019 18:20:14, ODS_SUPPORT_GROUP, 0.1, 0.1, 2.1, 0, 0, 0, 0, 0, 39, 16, 0, 5.8, 6.5
2, 132106, 11/02/2019 18:40:21, ODS_SUPPORT_GROUP, 0.3, 0.3, 28.6, 0, 0, 0, 1, 2, 46, 15, 0, 10.9, 2.9
2, 132107, 11/02/2019 19:00:29, ODS_SUPPORT_GROUP, 0.2, 0.3, 10.3, 0.1, 0, 0, 1, 3, 44, 27, 0, 19.8, 9.6
2, 132108, 11/02/2019 19:20:10, ODS_SUPPORT_GROUP, 0.3, 0.3, 29.7, 0, 0, 0, 1, 3, 38, 10, 0, 16.7, 5.6
2, 132109, 11/02/2019 19:40:22, ODS_SUPPORT_GROUP, 0.2, 0.2, 27.5, 0, 0, 0, 1, 29, 73, 22, 0, 88.1, 1.3
2, 132110, 11/02/2019 20:00:05, ODS_SUPPORT_GROUP, 0, 0, 0, 0, 0, 0, 0, 0, 40, 0, 0, 0, 0.1
2, 132111, 11/02/2019 20:20:20, ODS_SUPPORT_GROUP, 0, 0, 1, 0, 0, 0, 0, 0, 37, 3, 0, 0, 0
2, 132112, 11/02/2019 20:40:04, ODS_SUPPORT_GROUP, 0, 0, 0.7, 0, 0, 0, 0, 0, 40, 1, 0, 0, 0
2, 132113, 11/02/2019 21:00:08, ODS_SUPPORT_GROUP, 0, 0, 2.9, 0, 0, 0, 0, 0, 13, 2, 0, 0, 0
2, 132114, 11/02/2019 21:20:12, ODS_SUPPORT_GROUP, 0, 0, 0.3, 0, 0, 0, 0, 0, 10, 0, 0, 0, 0
2, 132115, 11/02/2019 21:40:04, ODS_SUPPORT_GROUP, 0.1, 0.1, 17.9, 0, 0, 0, 1, 29, 40, 24, 0, 85.4, 0
2, 132116, 11/02/2019 22:00:12, ODS_SUPPORT_GROUP, 0, 0, 1.8, 0, 0, 0, 0, 0, 10, 4, 0, 0, 0
2, 132117, 11/02/2019 22:20:24, ODS_SUPPORT_GROUP, 0, 0, 1.1, 0, 0, 0, 0, 0, 10, 1, 0, 0, 0
2, 132118, 11/02/2019 22:40:35, ODS_SUPPORT_GROUP, 0, 0, 0.4, 0, 0, 0, 0, 0, 10, 1, 0, 0, 0
2, 132119, 11/02/2019 23:00:11, ODS_SUPPORT_GROUP, 0, 0, 0, 0, 0, 0, 0, 0, 8, 0, 0, 0, 0
2, 132121, 11/02/2019 23:40:38, ODS_SUPPORT_GROUP, 0, 0, 0.9, 0, 0, 0, 0, 0, 10, 3, 0, 0, 0
2, 132084, 09/02/2019 05:54:36, OTHER_GROUPS, 14.9, 17.4, 327.7, 0, 0, 0, 235, 3515, 227944, 2740360, 2.5, 141.1, 3680.2
2, 132085, 11/02/2019 11:40:17, OTHER_GROUPS, 13.3, 51.8, 6284.5, 24.1, 0, 0, 0, 0, 658, 21594, 14.4, 84, 4102
2, 132086, 11/02/2019 12:00:06, OTHER_GROUPS, 11.6, 52.7, 6607.9, 33.2, 0, 0, 2, 36, 595, 18611, 7.9, 2844.2, 4361.6
2, 132087, 11/02/2019 12:20:06, OTHER_GROUPS, 8.1, 27.4, 6042.8, 12.9, 0, 0, 0, 0, 670, 10362, 6.4, 106.8, 6292
2, 132088, 11/02/2019 12:40:21, OTHER_GROUPS, 7.6, 26.7, 6141.4, 14.7, 0, 0, 2, 48, 789, 9310, 4.4, 108.3, 6566.4
2, 132089, 11/02/2019 13:00:31, OTHER_GROUPS, 8.3, 29.8, 6468, 17.8, 0, 0, 0, 0, 1336, 11394, 3.7, 104.3, 6069.7
2, 132090, 11/02/2019 13:20:34, OTHER_GROUPS, 9.9, 36.2, 6402.9, 18.6, 0, 0, 0, 0, 1222, 13710, 7.7, 145.7, 7357
2, 132091, 11/02/2019 13:40:09, OTHER_GROUPS, 5, 23.1, 5835, 14.4, 0, 0, 0, 0, 988, 5327, 3.7, 128.5, 7257
2, 132092, 11/02/2019 14:00:05, OTHER_GROUPS, 5, 31.9, 6757, 22.6, 0, 0, 0, 0, 792, 6024, 4.3, 113.7, 5049.8
2, 132093, 11/02/2019 14:20:08, OTHER_GROUPS, 10.1, 35.6, 8382.1, 22.6, 0, 0, 3, 48, 1070, 13194, 2.9, 228.6, 6300.2
2, 132094, 11/02/2019 14:40:15, OTHER_GROUPS, 10.7, 45.5, 9573.5, 31.6, 0, 0, 4, 64, 1061, 16501, 3.2, 235.5, 6428.5
2, 132095, 11/02/2019 15:00:20, OTHER_GROUPS, 15, 40.9, 6523.7, 21.1, 0, 0, 12, 96, 898, 27203, 4.8, 557.5, 6798.8
2, 132096, 11/02/2019 15:20:23, OTHER_GROUPS, 13.9, 40.5, 6866.3, 22.9, 0, 0, 20, 148, 1092, 23343, 3.7, 803.1, 6723.1
2, 132097, 11/02/2019 15:40:12, OTHER_GROUPS, 10.9, 38, 6769.9, 23.6, 3, 0.1, 17, 136, 1172, 16145, 3.5, 307.4, 4982.9
2, 132098, 11/02/2019 16:00:30, OTHER_GROUPS, 15.1, 53.1, 7392.9, 29.7, 0, 0, 11, 78, 889, 23140, 8.3, 692.5, 4867.6
2, 132099, 11/02/2019 16:20:05, OTHER_GROUPS, 12.4, 53.4, 8571.1, 27.5, 0, 0, 16, 128, 1310, 19172, 13.5, 21002.5, 5277.4
2, 132100, 11/02/2019 16:40:09, OTHER_GROUPS, 12, 60.8, 61291.8, 34.1, 1, 0, 21, 154, 6367, 17964, 14.7, 26254.7, 5189
2, 132101, 11/02/2019 17:00:01, OTHER_GROUPS, 11.8, 41.3, 8159.7, 16.9, 1, 0, 18, 130, 1212, 18574, 12.6, 18888, 5471
2, 132102, 11/02/2019 17:20:07, OTHER_GROUPS, 12.6, 44.7, 7850.5, 19.3, 0, 0, 15, 120, 1141, 21370, 12.8, 11872.9, 5709.3
2, 132103, 11/02/2019 17:40:18, OTHER_GROUPS, 11.9, 34.9, 7264.4, 17.1, 0, 0, 14, 105, 1109, 18217, 5.9, 3636.6, 6019.5
2, 132104, 11/02/2019 18:00:06, OTHER_GROUPS, 11.1, 34.8, 7499, 18, 0, 0, 9, 72, 1010, 17036, 5.7, 697.9, 5114.8
2, 132105, 11/02/2019 18:20:14, OTHER_GROUPS, 9.1, 29.6, 6628.9, 16.7, 1, 0, 19, 142, 1142, 11907, 3.8, 1297.5, 5353.7
2, 132106, 11/02/2019 18:40:21, OTHER_GROUPS, 7.6, 25.2, 7176.7, 13.7, 0, 0, 25, 187, 1142, 8478, 3.9, 737.8, 6459.1
2, 132107, 11/02/2019 19:00:29, OTHER_GROUPS, 7.7, 22.4, 6793.7, 11.3, 0, 0, 7, 57, 823, 8197, 3.4, 629.7, 5783.9
2, 132108, 11/02/2019 19:20:10, OTHER_GROUPS, 7.2, 29.9, 7163.7, 19.7, 0, 0, 11, 88, 1009, 10388, 3, 468.9, 4964.5
2, 132109, 11/02/2019 19:40:22, OTHER_GROUPS, 9.8, 31.4, 7094, 18.8, 0, 0, 12, 87, 988, 10330, 2.8, 853.6, 4228.8
2, 132110, 11/02/2019 20:00:05, OTHER_GROUPS, 9.6, 42.9, 7372.3, 29.6, 0, 0, 11, 88, 910, 11787, 3.7, 452.1, 4259.6
2, 132111, 11/02/2019 20:20:20, OTHER_GROUPS, 8.8, 35.7, 7062.6, 23.3, 0, 0, 17, 127, 1023, 8993, 3.6, 993.8, 4453.7
2, 132112, 11/02/2019 20:40:04, OTHER_GROUPS, 9.9, 36.5, 7213.1, 22.9, 0, 0, 13, 104, 1233, 10632, 3.7, 492.3, 4697.4
2, 132113, 11/02/2019 21:00:08, OTHER_GROUPS, 8.8, 40.5, 7670, 22.4, 0, 0, 20, 145, 1154, 9934, 9.3, 752.4, 4538.9
2, 132114, 11/02/2019 21:20:12, OTHER_GROUPS, 10.6, 41.1, 6768.3, 27.6, 1, 0, 23, 168, 1177, 15387, 2.9, 413.2, 3335.5
2, 132115, 11/02/2019 21:40:04, OTHER_GROUPS, 9.6, 40, 7133.3, 25.5, 0, 0, 20, 156, 1589, 12831, 4.9, 471.5, 4630.6
2, 132116, 11/02/2019 22:00:12, OTHER_GROUPS, 10.6, 43.5, 7185.9, 27.5, 0, 0, 8, 48, 814, 13437, 5.4, 300.8, 3478.6
2, 132117, 11/02/2019 22:20:24, OTHER_GROUPS, 7.1, 29, 6299.8, 19.4, 0, 0, 0, 0, 902, 9137, 2.5, 96.8, 2785.3
2, 132118, 11/02/2019 22:40:35, OTHER_GROUPS, 6.1, 21.6, 5883.5, 12.9, 0, 0, 0, 0, 925, 5150, 2.6, 97.2, 3193.5
2, 132119, 11/02/2019 23:00:11, OTHER_GROUPS, 7.1, 23.3, 6290.6, 13.2, 0, 0, 0, 0, 2193, 4990, 3, 92.8, 4139.2
2, 132120, 11/02/2019 23:20:26, OTHER_GROUPS, 11.7, 42.3, 7167, 26.7, 0, 0, 0, 0, 1306, 13553, 3.9, 121.7, 5427.9
2, 132121, 11/02/2019 23:40:38, OTHER_GROUPS, 12.5, 36.9, 6276.7, 20, 0, 0, 0, 0, 926, 12632, 4.4, 126.1, 6234.3
3, 132084, 09/02/2019 05:08:33, ADW_UNLOAD_GROUP, 0, 0, 0, 0, 0, 0, 2, 34, 7220, 147, 0, 1, 2.8
3, 132086, 11/02/2019 12:00:09, ADW_UNLOAD_GROUP, 0, 0, 0, 0, 0, 0, 0, 0, 44, 1, 0, 0, 0
3, 132088, 11/02/2019 12:40:21, ADW_UNLOAD_GROUP, 0, 0, 0, 0, 0, 0, 0, 0, 49, 0, 0, 0, 0
3, 132089, 11/02/2019 13:00:31, ADW_UNLOAD_GROUP, 0, 0, 0, 0, 0, 0, 0, 0, 44, 0, 0, 0, 0
3, 132092, 11/02/2019 14:00:04, ADW_UNLOAD_GROUP, 0, 0, 0, 0, 0, 0, 0, 0, 39, 1, 0, 0, 0
3, 132093, 11/02/2019 14:20:08, ADW_UNLOAD_GROUP, 0, 0, 0, 0, 0, 0, 0, 0, 49, 0, 0, 0, 0
3, 132094, 11/02/2019 14:40:14, ADW_UNLOAD_GROUP, 0, 0, 0, 0, 0, 0, 0, 0, 44, 1, 0, 0, 0
3, 132095, 11/02/2019 15:00:19, ADW_UNLOAD_GROUP, 0, 0, 0, 0, 0, 0, 0, 0, 39, 2, 0, 0, 0
3, 132096, 11/02/2019 15:20:22, ADW_UNLOAD_GROUP, 0, 0, 0, 0, 0, 0, 0, 0, 49, 0, 0, 0, 0
3, 132102, 11/02/2019 17:20:06, ADW_UNLOAD_GROUP, 0, 0, 0, 0, 0, 0, 0, 0, 49, 3, 0, 0, 0
3, 132106, 11/02/2019 18:40:21, ADW_UNLOAD_GROUP, 0, 0, 0, 0, 0, 0, 0, 0, 39, 0, 0, 0, 0
3, 132107, 11/02/2019 19:00:29, ADW_UNLOAD_GROUP, 0, 0, 0.5, 0, 0, 0, 0, 0, 79, 11, 0, 2.5, 3.4
3, 132118, 11/02/2019 22:40:35, ADW_UNLOAD_GROUP, 0, 0, 0, 0, 0, 0, 0, 0, 39, 5, 0, 0, 0
3, 132084, 09/02/2019 05:08:33, DM_TECH_GROUP, 2, 2.2, 50.2, 0, 79, 0, 3068, 43701, 49892, 154979, 0.2, 297.7, 1575.6
3, 132085, 11/02/2019 11:40:18, DM_TECH_GROUP, 1.9, 3.4, 1252.2, 1.5, 0, 0, 0, 0, 0, 397, 0, 53, 0
3, 132086, 11/02/2019 12:00:09, DM_TECH_GROUP, 3, 3.5, 1665.4, 0.5, 0, 0, 0, 0, 0, 351, 0, 89.2, 0.3
3, 132087, 11/02/2019 12:20:06, DM_TECH_GROUP, 3.2, 3.4, 2331, 0.2, 0, 0, 0, 0, 4, 477, 0, 91.3, 0.5
3, 132088, 11/02/2019 12:40:21, DM_TECH_GROUP, 3.2, 3.3, 2189.5, 0.1, 0, 0, 6, 48, 39, 338, 0, 329.3, 11.7
3, 132089, 11/02/2019 13:00:31, DM_TECH_GROUP, 3.3, 3.4, 2498.2, 0, 0, 0, 3, 32, 27, 419, 0.1, 91.2, 43.1
3, 132090, 11/02/2019 13:20:34, DM_TECH_GROUP, 3, 3.3, 2479.4, 0.2, 0, 0, 0, 0, 81, 391, 0.1, 86.9, 136.4
3, 132091, 11/02/2019 13:40:09, DM_TECH_GROUP, 3.7, 3.7, 3225.6, 0, 0, 0, 2, 28, 79, 736, 0, 120.9, 34.2
3, 132092, 11/02/2019 14:00:04, DM_TECH_GROUP, 4.1, 4.4, 3212.7, 0.3, 0, 0, 0, 0, 24, 933, 0, 117.5, 21.1
3, 132093, 11/02/2019 14:20:08, DM_TECH_GROUP, 4.1, 4.2, 3458.7, 0.1, 0, 0, 0, 0, 1, 836, 0, 133, 0
3, 132094, 11/02/2019 14:40:14, DM_TECH_GROUP, 4.1, 4.1, 3611.8, 0, 0, 0, 0, 0, 1, 705, 0, 131.8, 0
3, 132095, 11/02/2019 15:00:19, DM_TECH_GROUP, 3, 3.5, 2555.8, 0.5, 0, 0, 1, 16, 7, 808, 0, 103.5, 2.3
3, 132096, 11/02/2019 15:20:22, DM_TECH_GROUP, 3.7, 5.7, 4370.9, 1.4, 0, 0, 5, 72, 162, 1520, 0.6, 428.5, 8761.5
3, 132097, 11/02/2019 15:40:13, DM_TECH_GROUP, 2.9, 6.6, 17772.5, 2.3, 0, 0, 3, 32, 26, 809, 1.4, 145.7, 6833.4
3, 132098, 11/02/2019 16:00:30, DM_TECH_GROUP, 2.5, 4.9, 932.5, 1, 0, 0, 128, 1824, 1823, 989, 1.4, 643.6, 4388.2
3, 132099, 11/02/2019 16:20:05, DM_TECH_GROUP, 1.3, 2.6, 661.9, 0.9, 0, 0, 47, 656, 642, 223, 0.4, 262.2, 1942.8
3, 132101, 11/02/2019 17:00:01, DM_TECH_GROUP, 4.3, 7, 6739.2, 1.8, 0, 0, 1, 4, 79, 1205, 0.9, 465.6, 3353.6
3, 132102, 11/02/2019 17:20:06, DM_TECH_GROUP, 7.5, 9.5, 18492.6, 0.7, 0, 0, 0, 0, 21, 2292, 1.3, 140.8, 5550.2
3, 132103, 11/02/2019 17:40:13, DM_TECH_GROUP, 5.3, 6.6, 11314.5, 0.9, 0, 0, 2, 32, 0, 1276, 0.4, 110.1, 1414.3
3, 132104, 11/02/2019 18:00:05, DM_TECH_GROUP, 3.3, 3.4, 1673.6, 0, 0, 0, 1, 16, 34, 611, 0.1, 66.1, 57.3
3, 132105, 11/02/2019 18:20:14, DM_TECH_GROUP, 3.2, 3.6, 1909, 0.3, 0, 0, 0, 0, 0, 447, 0.1, 71.4, 388.2
3, 132106, 11/02/2019 18:40:21, DM_TECH_GROUP, 3.4, 3.7, 3008.7, 0.3, 0, 0, 0, 0, 3, 913, 0, 81.7, 448.9
3, 132107, 11/02/2019 19:00:29, DM_TECH_GROUP, 3.4, 3.7, 2533.7, 0.2, 0, 0, 0, 0, 9, 959, 0.1, 69.2, 347.7
3, 132108, 11/02/2019 19:20:10, DM_TECH_GROUP, 3.4, 3.7, 2627.3, 0.2, 0, 0, 0, 0, 1, 868, 0.1, 63.2, 371.7
3, 132109, 11/02/2019 19:40:22, DM_TECH_GROUP, 3.1, 3.5, 2651.9, 0.3, 0, 0, 0, 0, 1, 695, 0.1, 58.5, 276.2
3, 132110, 11/02/2019 20:00:05, DM_TECH_GROUP, 2.2, 3.5, 1098.7, 1.1, 0, 0, 0, 0, 130, 544, 0.2, 68, 535.6
3, 132111, 11/02/2019 20:20:20, DM_TECH_GROUP, 0.8, 2.2, 3319.3, 1.3, 0, 0, 1, 16, 126, 109, 0.1, 34.2, 718.8
3, 132112, 11/02/2019 20:40:04, DM_TECH_GROUP, 0.5, 2, 729.3, 1.4, 0, 0, 0, 0, 0, 118, 0.1, 4.2, 522.4
3, 132113, 11/02/2019 21:00:08, DM_TECH_GROUP, 0.5, 2, 1028.2, 1.3, 0, 0, 0, 0, 0, 90, 0.2, 3.2, 400.1
3, 132114, 11/02/2019 21:20:16, DM_TECH_GROUP, 2.5, 5.1, 4044.7, 2, 0, 0, 6, 80, 134, 842, 0.6, 365.5, 2989
3, 132115, 11/02/2019 21:40:04, DM_TECH_GROUP, 1.9, 5.1, 3754.4, 2, 0, 0, 28, 432, 596, 556, 1.2, 86.2, 5379.4
3, 132116, 11/02/2019 22:00:12, DM_TECH_GROUP, 3.3, 10.4, 10896.9, 5, 0, 0, 729, 10328, 10189, 1418, 2.1, 1741.5, 5281.6
3, 132117, 11/02/2019 22:20:24, DM_TECH_GROUP, 1.3, 3.9, 5334.5, 2.1, 0, 0, 31, 488, 503, 250, 0.5, 115.1, 1661.9
3, 132118, 11/02/2019 22:40:35, DM_TECH_GROUP, 2.2, 6.8, 6985, 3.9, 0, 0, 5, 80, 80, 629, 0.7, 377.7, 2763.8
3, 132119, 11/02/2019 23:00:11, DM_TECH_GROUP, 1.5, 5.3, 6050.1, 3.4, 0, 0, 47, 656, 641, 558, 0.4, 181.7, 1089.6
3, 132120, 11/02/2019 23:20:26, DM_TECH_GROUP, 0.9, 3.9, 8760.2, 2.9, 0, 0, 0, 0, 0, 236, 0.1, 4, 444.5
3, 132121, 11/02/2019 23:40:38, DM_TECH_GROUP, 0.9, 3.6, 8373.7, 2.6, 0, 0, 0, 0, 0, 207, 0.1, 2.6, 250.1
3, 132084, 09/02/2019 05:08:33, ODS_SUPPORT_GROUP, 0, 0, 0, 0, 0, 0, 0, 0, 1237, 17, 0, 0, 0
3, 132085, 11/02/2019 11:40:18, ODS_SUPPORT_GROUP, 0, 0, 0, 0, 0, 0, 0, 0, 49, 1, 0, 0, 0
3, 132086, 11/02/2019 12:00:09, ODS_SUPPORT_GROUP, 0, 0, 0, 0, 0, 0, 0, 0, 36, 0, 0, 0, 0
3, 132087, 11/02/2019 12:20:06, ODS_SUPPORT_GROUP, 0, 0, 0, 0, 0, 0, 0, 0, 38, 2, 0, 0, 0
3, 132088, 11/02/2019 12:40:21, ODS_SUPPORT_GROUP, 0, 0, 0, 0, 0, 0, 0, 0, 20, 1, 0, 0, 0
3, 132099, 11/02/2019 16:20:05, ODS_SUPPORT_GROUP, 0, 0, 0, 0, 0, 0, 0, 0, 85, 2, 0, 0, 0
3, 132101, 11/02/2019 17:00:01, ODS_SUPPORT_GROUP, 0, 0, 0, 0, 0, 0, 0, 0, 35, 0, 0, 0, 0
3, 132102, 11/02/2019 17:20:06, ODS_SUPPORT_GROUP, 0, 0, 0, 0, 0, 0, 0, 0, 74, 6, 0, 0, 0
3, 132103, 11/02/2019 17:40:13, ODS_SUPPORT_GROUP, 0, 0, 0, 0, 0, 0, 0, 0, 53, 0, 0, 0, 0
3, 132104, 11/02/2019 18:00:05, ODS_SUPPORT_GROUP, 0, 0, 0, 0, 0, 0, 0, 0, 59, 2, 0, 0, 0
3, 132112, 11/02/2019 20:40:04, ODS_SUPPORT_GROUP, 0, 0, 0, 0, 0, 0, 0, 0, 36, 0, 0, 0, 0
3, 132084, 09/02/2019 05:08:33, OTHER_GROUPS, 3.1, 4, 1208.7, 0, 2, 0, 12768, 98522, 350614, 261182, 0.9, 4095.5, 2015.5
3, 132085, 11/02/2019 11:40:18, OTHER_GROUPS, 6.3, 22.2, 11654.3, 10.8, 0, 0, 13, 120, 4294, 2071, 5.1, 395.1, 1992.1
3, 132086, 11/02/2019 12:00:09, OTHER_GROUPS, 9.8, 38.6, 26381.3, 22.2, 0, 0, 25, 340, 4995, 14144, 6.6, 4701.8, 2720.1
3, 132087, 11/02/2019 12:20:06, OTHER_GROUPS, 9.7, 41.5, 21325.4, 23.7, 0, 0, 38, 440, 5136, 16498, 8.1, 6633.2, 4310.2
3, 132088, 11/02/2019 12:40:21, OTHER_GROUPS, 10.2, 41.8, 23086.6, 23.1, 0, 0, 40, 256, 4106, 23099, 8.5, 3061.3, 3448.7
3, 132089, 11/02/2019 13:00:31, OTHER_GROUPS, 9.8, 43.5, 18541.2, 26.2, 0, 0, 39, 496, 1836, 36006, 7.5, 7164.4, 3282.9
3, 132090, 11/02/2019 13:20:34, OTHER_GROUPS, 9.9, 35.3, 17386.3, 18.7, 0, 0, 22, 267, 1576, 28849, 6.7, 11649.1, 2505.1
3, 132091, 11/02/2019 13:40:09, OTHER_GROUPS, 10.1, 34, 17193.9, 15.7, 0, 0, 16, 176, 7539, 23274, 8.2, 2368.9, 3461
3, 132092, 11/02/2019 14:00:04, OTHER_GROUPS, 9, 31.1, 17112.5, 16.6, 0, 0, 30, 344, 1273, 18821, 5.5, 1865.1, 1906
3, 132093, 11/02/2019 14:20:08, OTHER_GROUPS, 7.6, 20.6, 9151.4, 9.5, 0, 0, 35, 392, 1472, 3998, 3.5, 2496.1, 4562.4
3, 132094, 11/02/2019 14:40:14, OTHER_GROUPS, 8.3, 24.1, 9182.6, 12.5, 0, 0, 45, 568, 1821, 7145, 3.3, 5833, 5687.9
3, 132095, 11/02/2019 15:00:19, OTHER_GROUPS, 7.6, 21.8, 9184.9, 9.8, 0, 0, 53, 620, 1587, 4782, 4.4, 7052.5, 7133.3
3, 132096, 11/02/2019 15:20:22, OTHER_GROUPS, 8.7, 24.2, 10676.9, 11.4, 0, 0, 59, 722, 1940, 8082, 4.1, 8579.8, 9822.2
3, 132097, 11/02/2019 15:40:13, OTHER_GROUPS, 8.9, 32, 10080.8, 18.6, 7, 0.1, 47, 552, 1455, 22076, 4.5, 4250.1, 5261.8
3, 132098, 11/02/2019 16:00:30, OTHER_GROUPS, 9.2, 28.8, 9361.6, 13.3, 0, 0, 26, 352, 1163, 16089, 6.3, 4429.1, 6427.9
3, 132099, 11/02/2019 16:20:05, OTHER_GROUPS, 8.6, 28.2, 10723.3, 14.6, 0, 0, 28, 298, 1248, 10379, 5, 2243.3, 5775.2
3, 132100, 11/02/2019 16:40:09, OTHER_GROUPS, 9.8, 57.1, 21065.3, 40.5, 0, 0, 40, 544, 3814, 20089, 6.8, 8090.1, 4442.8
3, 132101, 11/02/2019 17:00:01, OTHER_GROUPS, 9.6, 29.3, 13778.7, 13.1, 0, 0, 15, 168, 1312, 12350, 6.6, 6467.9, 8417.2
3, 132102, 11/02/2019 17:20:06, OTHER_GROUPS, 9.9, 26.7, 15527.4, 11.6, 0, 0, 30, 408, 1543, 12914, 5.2, 5320.8, 5530.4
3, 132103, 11/02/2019 17:40:13, OTHER_GROUPS, 8, 22.5, 16445.3, 10.4, 0, 0, 17, 204, 1262, 5778, 4.1, 2149.6, 6464.9
3, 132104, 11/02/2019 18:00:05, OTHER_GROUPS, 6.4, 19.7, 12707.9, 9.3, 0, 0, 13, 120, 1225, 2442, 4, 1688, 4908
3, 132105, 11/02/2019 18:20:14, OTHER_GROUPS, 6.2, 18.7, 10677.3, 8.8, 0, 0, 13, 136, 1447, 2278, 3.7, 602.7, 5837.7
3, 132106, 11/02/2019 18:40:21, OTHER_GROUPS, 6.1, 16.9, 10716.3, 7.2, 0, 0, 20, 174, 1316, 2395, 3.6, 1790.7, 6374.2
3, 132107, 11/02/2019 19:00:29, OTHER_GROUPS, 6.4, 17.5, 10799.3, 7, 0, 0, 8, 62, 1319, 2533, 4.1, 516.8, 5052.7
3, 132108, 11/02/2019 19:20:10, OTHER_GROUPS, 6.5, 19.2, 10950.2, 9.1, 0, 0, 8, 72, 1136, 2539, 3.6, 1373, 4601.5
3, 132109, 11/02/2019 19:40:22, OTHER_GROUPS, 7.9, 22.5, 11735.3, 11.4, 0, 0, 12, 96, 1142, 5785, 3.2, 1579, 5457.2
3, 132110, 11/02/2019 20:00:05, OTHER_GROUPS, 7, 23.1, 11277.1, 12.5, 0, 0, 31, 252, 1166, 3433, 3.6, 900.7, 6006.4
3, 132111, 11/02/2019 20:20:20, OTHER_GROUPS, 7.4, 23, 12441.3, 12.9, 0, 0, 20, 224, 1132, 3868, 2.7, 4265, 6382.2
3, 132112, 11/02/2019 20:40:04, OTHER_GROUPS, 8.2, 21.9, 11904.9, 10.7, 0, 0, 30, 408, 1384, 5473, 3, 5612.8, 5506.1
3, 132113, 11/02/2019 21:00:08, OTHER_GROUPS, 8.6, 25.8, 13075.9, 12.9, 0, 0, 30, 408, 1252, 6475, 4.3, 5222.2, 5972.7
3, 132114, 11/02/2019 21:20:16, OTHER_GROUPS, 8.5, 22, 12716, 11.4, 0, 0, 23, 272, 1077, 11216, 2.1, 2701.9, 3799.3
3, 132115, 11/02/2019 21:40:04, OTHER_GROUPS, 6.3, 19.7, 10365.1, 11, 0, 0, 8, 64, 1453, 3166, 2.4, 469, 4260.2
3, 132116, 11/02/2019 22:00:12, OTHER_GROUPS, 4.4, 17.7, 10476.4, 10.5, 0, 0, 6, 48, 782, 1645, 2.8, 361.1, 5549.6
3, 132117, 11/02/2019 22:20:24, OTHER_GROUPS, 6.1, 18, 10370.9, 9.2, 0, 0, 1, 0, 892, 2396, 2.7, 1170.6, 4613
3, 132118, 11/02/2019 22:40:35, OTHER_GROUPS, 6.5, 16.8, 10431.2, 7.1, 0, 0, 0, 0, 897, 2934, 3.2, 280.2, 5216.5
3, 132119, 11/02/2019 23:00:11, OTHER_GROUPS, 6.3, 16.6, 10209.4, 7.2, 0, 0, 3, 40, 2183, 4516, 3.1, 1443.4, 5070.7
3, 132120, 11/02/2019 23:20:26, OTHER_GROUPS, 5.3, 14.9, 9630.5, 7.2, 0, 0, 18, 288, 1568, 1617, 2.4, 3335.3, 4859
3, 132121, 11/02/2019 23:40:38, OTHER_GROUPS, 5.4, 14.5, 9228.6, 6.5, 0, 0, 3, 48, 927, 2678, 2.6, 654, 4262.7
3, 132084, 09/02/2019 05:08:33, SZB_SANDBOX_GROUP, 1.5, 1.6, 456.2, 0, 4, 0, 797, 30497, 59475, 340820, 0.1, 302.3, 107.2
3, 132085, 11/02/2019 11:40:18, SZB_SANDBOX_GROUP, 18.2, 68.4, 19515.6, 46.1, 0, 0, 65, 1508, 7399, 19528, 4.1, 10358.5, 1606.7
3, 132086, 11/02/2019 12:00:09, SZB_SANDBOX_GROUP, 10, 22.4, 17766.9, 10.2, 1, 0, 87, 2096, 10165, 3281, 2.2, 8338.9, 1335.6
3, 132087, 11/02/2019 12:20:06, SZB_SANDBOX_GROUP, 15.7, 17.2, 13348.6, 0, 0, 0, 111, 2616, 10723, 8789, 1.5, 3667.2, 1414.7
3, 132088, 11/02/2019 12:40:21, SZB_SANDBOX_GROUP, 11.4, 14, 4098.6, 1.4, 0, 0, 88, 2214, 8486, 3965, 1.2, 1149.2, 4872.7
3, 132089, 11/02/2019 13:00:31, SZB_SANDBOX_GROUP, 15.3, 21.8, 8641.3, 4, 0, 0, 38, 1058, 7861, 6516, 2.5, 3619.7, 4450.6
3, 132090, 11/02/2019 13:20:34, SZB_SANDBOX_GROUP, 9.9, 11.7, 22302.1, 0.5, 0, 0, 69, 1724, 4604, 5909, 1.3, 1342.4, 2899.8
3, 132091, 11/02/2019 13:40:09, SZB_SANDBOX_GROUP, 15.4, 18.4, 20387.9, 1.1, 0, 0, 106, 2392, 9899, 9644, 1.9, 2122.5, 8722
3, 132092, 11/02/2019 14:00:04, SZB_SANDBOX_GROUP, 21.9, 31.8, 27652.4, 7.4, 0, 0, 60, 1466, 6139, 19563, 2.5, 3353.6, 6376.5
3, 132093, 11/02/2019 14:20:08, SZB_SANDBOX_GROUP, 12.1, 16.3, 9493.3, 1.7, 0, 0, 63, 1440, 5271, 10842, 2.5, 1463.2, 6431.8
3, 132094, 11/02/2019 14:40:14, SZB_SANDBOX_GROUP, 6.9, 7.9, 3501.2, 0, 0, 0, 89, 2136, 9157, 3369, 1, 1218.6, 1621.7
3, 132095, 11/02/2019 15:00:19, SZB_SANDBOX_GROUP, 19.4, 23.9, 16634.1, 3.2, 0, 0, 88, 2370, 6047, 13879, 1.3, 5083.4, 1513.5
3, 132096, 11/02/2019 15:20:22, SZB_SANDBOX_GROUP, 9.6, 13.7, 6150.1, 2.7, 0, 0, 133, 3196, 8647, 7830, 1.4, 686.9, 5378.5
3, 132097, 11/02/2019 15:40:13, SZB_SANDBOX_GROUP, 24.1, 38.5, 14890.2, 9.7, 8, 0.1, 116, 4996, 10549, 17840, 4.7, 3211.8, 4512
3, 132098, 11/02/2019 16:00:30, SZB_SANDBOX_GROUP, 43.8, 63.8, 38791.5, 15, 0, 0, 84, 2771, 6857, 51492, 5, 6614.7, 3210.6
3, 132099, 11/02/2019 16:20:05, SZB_SANDBOX_GROUP, 18.4, 29.4, 18589.4, 7.5, 0, 0, 140, 4372, 7968, 10695, 3.5, 2370.7, 4110.1
3, 132101, 11/02/2019 17:00:01, SZB_SANDBOX_GROUP, 19.5, 25.8, 15253, 4.1, 0, 0, 104, 3260, 8150, 14349, 2.2, 3997.1, 3892.2
3, 132102, 11/02/2019 17:20:06, SZB_SANDBOX_GROUP, 28.2, 32.9, 5257.3, 1.6, 0, 0, 336, 16095, 20156, 16024, 3.1, 1745.7, 3651.6
3, 132103, 11/02/2019 17:40:13, SZB_SANDBOX_GROUP, 21.1, 23.1, 5302.9, 0, 0, 0, 1873, 116688, 121606, 15952, 2, 1339.3, 3442
3, 132104, 11/02/2019 18:00:05, SZB_SANDBOX_GROUP, 23, 25.3, 7435, 0, 0, 0, 1811, 113436, 120791, 18367, 2.3, 2002.7, 3542.1
3, 132105, 11/02/2019 18:20:14, SZB_SANDBOX_GROUP, 16.1, 19.1, 7312.6, 0.2, 0, 0, 2049, 127872, 132285, 8328, 2.8, 1614.8, 4629.9
3, 132106, 11/02/2019 18:40:21, SZB_SANDBOX_GROUP, 10.4, 20.7, 2564.5, 9.2, 0, 0, 2382, 148104, 152762, 5236, 1.1, 2334.8, 1830.5
3, 132107, 11/02/2019 19:00:29, SZB_SANDBOX_GROUP, 27.3, 30.9, 21032.3, 0, 0, 0, 1426, 86760, 100583, 28814, 3.6, 2799, 1426.2
3, 132108, 11/02/2019 19:20:10, SZB_SANDBOX_GROUP, 37.3, 40.4, 35250.8, 1.3, 0, 0, 1535, 97272, 98317, 35319, 1.8, 5541.6, 1955.7
3, 132109, 11/02/2019 19:40:22, SZB_SANDBOX_GROUP, 24.7, 26.7, 14559.8, 0, 0, 0, 1359, 84176, 89285, 12445, 2, 1913.3, 7149
3, 132110, 11/02/2019 20:00:05, SZB_SANDBOX_GROUP, 25.1, 26.6, 23883.9, 0, 0, 0, 1108, 68428, 72268, 11413, 1.5, 3071.9, 1341
3, 132111, 11/02/2019 20:20:20, SZB_SANDBOX_GROUP, 11.5, 12, 4795.1, 0, 0, 0, 1211, 77192, 98155, 3695, 0.5, 1930.8, 788.7
3, 132112, 11/02/2019 20:40:04, SZB_SANDBOX_GROUP, 17.9, 21.2, 3689.3, 0, 0, 0, 1371, 84496, 88142, 12131, 3.3, 1171.9, 4099.4
3, 132113, 11/02/2019 21:00:08, SZB_SANDBOX_GROUP, 34, 37.5, 17023.9, 0, 0, 0, 1625, 101888, 107551, 27306, 3.5, 6101.8, 2550
3, 132114, 11/02/2019 21:20:16, SZB_SANDBOX_GROUP, 27.6, 29.8, 8975.7, 0, 0, 0, 966, 60432, 66034, 20115, 2.2, 3340.7, 2579.7
3, 132115, 11/02/2019 21:40:04, SZB_SANDBOX_GROUP, 35.1, 49.4, 19021.1, 9.6, 0, 0, 1131, 70864, 76700, 38773, 4.7, 1892, 5211.4
3, 132116, 11/02/2019 22:00:12, SZB_SANDBOX_GROUP, 28.7, 33.1, 19658.9, 1.5, 0, 0, 1021, 63055, 90109, 26112, 2.9, 3360.7, 4130.3
3, 132117, 11/02/2019 22:20:24, SZB_SANDBOX_GROUP, 30.9, 33.2, 11027.3, 0, 0, 0, 1358, 85048, 99644, 28330, 2.3, 1468.1, 3113.4
3, 132118, 11/02/2019 22:40:35, SZB_SANDBOX_GROUP, 46.4, 49.7, 11863.4, 0, 0, 0, 1646, 102311, 108424, 65032, 3.3, 1177.8, 3057.4
3, 132119, 11/02/2019 23:00:11, SZB_SANDBOX_GROUP, 26.7, 29.7, 9944.8, 0, 0, 0, 2421, 151563, 188151, 131650, 3, 2896.3, 3534
3, 132120, 11/02/2019 23:20:26, SZB_SANDBOX_GROUP, 10.9, 11.4, 2479.9, 0, 0, 0, 706, 41568, 51609, 4484, 0.5, 3679.1, 1309.2
3, 132121, 11/02/2019 23:40:38, SZB_SANDBOX_GROUP, 45.2, 58.1, 29831.2, 10.9, 0, 0, 225, 13115, 22089, 73974, 2, 4599.7, 1239.1
4, 132087, 11/02/2019 12:20:06, ADW_UNLOAD_GROUP, 0, 0, 0, 0, 0, 0, 0, 0, 44, 0, 0, 0, 0
4, 132089, 11/02/2019 13:00:31, ADW_UNLOAD_GROUP, 0, 0, 0, 0, 0, 0, 0, 0, 44, 0, 0, 0, 0
4, 132094, 11/02/2019 14:40:15, ADW_UNLOAD_GROUP, 0, 0, 0, 0, 0, 0, 0, 0, 49, 0, 0, 0, 0
4, 132097, 11/02/2019 15:40:12, ADW_UNLOAD_GROUP, 0, 0, 0, 0, 0, 0, 0, 0, 48, 0, 0, 0, 0
4, 132099, 11/02/2019 16:20:05, ADW_UNLOAD_GROUP, 0, 0, 0, 0, 0, 0, 0, 0, 44, 0, 0, 0, 0
4, 132102, 11/02/2019 17:20:07, ADW_UNLOAD_GROUP, 0, 0, 0, 0, 0, 0, 0, 0, 49, 1, 0, 0, 0
4, 132103, 11/02/2019 17:40:15, ADW_UNLOAD_GROUP, 0, 0, 0, 0, 0, 0, 0, 0, 39, 0, 0, 0, 0
4, 132104, 11/02/2019 18:00:05, ADW_UNLOAD_GROUP, 0, 0, 0, 0, 0, 0, 0, 0, 44, 0, 0, 0, 0
4, 132106, 11/02/2019 18:40:21, ADW_UNLOAD_GROUP, 0, 0, 0, 0, 0, 0, 0, 0, 44, 0, 0, 0, 0
4, 132107, 11/02/2019 19:00:29, ADW_UNLOAD_GROUP, 0.5, 1.3, 282.1, 0.4, 0, 0, 2, 34, 125, 175, 0.4, 157.7, 421.3
4, 132108, 11/02/2019 19:20:10, ADW_UNLOAD_GROUP, 0, 0, 0, 0, 0, 0, 0, 0, 44, 1, 0, 0, 0
4, 132109, 11/02/2019 19:40:22, ADW_UNLOAD_GROUP, 0, 0, 0, 0, 0, 0, 0, 0, 44, 1, 0, 0, 0
4, 132111, 11/02/2019 20:20:20, ADW_UNLOAD_GROUP, 0, 0, 0, 0, 0, 0, 0, 0, 39, 0, 0, 0, 0
4, 132113, 11/02/2019 21:00:08, ADW_UNLOAD_GROUP, 0, 0, 0, 0, 0, 0, 0, 0, 49, 0, 0, 0, 0
4, 132115, 11/02/2019 21:40:04, ADW_UNLOAD_GROUP, 0, 0, 0, 0, 0, 0, 0, 0, 44, 0, 0, 0, 0
4, 132116, 11/02/2019 22:00:12, ADW_UNLOAD_GROUP, 0, 0, 0, 0, 0, 0, 0, 0, 46, 1, 0, 0, 0
4, 132084, 09/02/2019 05:50:15, DM_TECH_GROUP, 3.5, 3.7, 27.6, 0, 89, 0, 2859, 40594, 48858, 263602, 0.2, 371.6, 1577.5
4, 132085, 11/02/2019 11:40:18, DM_TECH_GROUP, 3.7, 4.5, 26996.3, 0.7, 0, 0, 0, 0, 0, 830, 0.1, 84.4, 54
4, 132086, 11/02/2019 12:00:09, DM_TECH_GROUP, 5.9, 6.4, 18647.1, 0.4, 0, 0, 1, 16, 17, 1380, 0.1, 154.8, 40.9
4, 132087, 11/02/2019 12:20:06, DM_TECH_GROUP, 6.1, 6.8, 34816.3, 0.5, 0, 0, 4, 64, 107, 2119, 0.2, 340.9, 619.6
4, 132088, 11/02/2019 12:40:21, DM_TECH_GROUP, 4.8, 5.5, 10380.3, 0.6, 0, 0, 23, 280, 330, 1439, 0.1, 751.9, 866.8
4, 132089, 11/02/2019 13:00:31, DM_TECH_GROUP, 3, 3.5, 5993.2, 0.4, 0, 0, 16, 240, 230, 1190, 0.1, 222.9, 383.2
4, 132090, 11/02/2019 13:20:34, DM_TECH_GROUP, 2.3, 3.2, 1476.1, 0.9, 0, 0, 1, 8, 88, 621, 0, 140, 55.8
4, 132091, 11/02/2019 13:40:09, DM_TECH_GROUP, 1.6, 2.1, 3009.8, 0.4, 0, 0, 4, 58, 99, 302, 0.1, 118, 65.8
4, 132092, 11/02/2019 14:00:07, DM_TECH_GROUP, 3.8, 8.9, 389.5, 2.8, 20, 0, 747, 10624, 10652, 2052, 2.3, 1790.2, 5203
4, 132093, 11/02/2019 14:20:12, DM_TECH_GROUP, 1.3, 3.1, 165.8, 1.1, 0, 0, 47, 672, 699, 353, 0.7, 607.6, 4155.3
4, 132094, 11/02/2019 14:40:15, DM_TECH_GROUP, 0.4, 0.5, 46.7, 0, 0, 0, 104, 1552, 1695, 99, 0.1, 11.3, 504.8
4, 132095, 11/02/2019 15:00:20, DM_TECH_GROUP, 2.4, 5.3, 268.3, 1.2, 0, 0, 713, 10128, 10027, 904, 1.7, 2183.1, 7850.6
4, 132096, 11/02/2019 15:20:23, DM_TECH_GROUP, 1.7, 5.7, 1371.2, 3.4, 0, 0, 90, 1320, 1404, 664, 0.6, 366.9, 3145.5
4, 132097, 11/02/2019 15:40:12, DM_TECH_GROUP, 1.5, 4.9, 6477.2, 2.6, 0, 0, 2, 32, 32, 425, 0.8, 133.3, 3123
4, 132098, 11/02/2019 16:00:29, DM_TECH_GROUP, 3.5, 7.3, 5270.5, 1.7, 4, 0, 639, 9080, 9098, 1280, 2.1, 1699.8, 6012.7
4, 132099, 11/02/2019 16:20:05, DM_TECH_GROUP, 0.9, 1.9, 4392.8, 0.7, 0, 0, 0, 0, 0, 221, 0.3, 52.3, 1700.6
4, 132101, 11/02/2019 17:00:01, DM_TECH_GROUP, 2.4, 6, 319.7, 2, 0, 0, 734, 10400, 10281, 837, 1.6, 1644, 3757.5
4, 132102, 11/02/2019 17:20:07, DM_TECH_GROUP, 0.3, 1.3, 64.6, 0.9, 0, 0, 0, 0, 18, 49, 0.1, 40, 668.1
4, 132103, 11/02/2019 17:40:15, DM_TECH_GROUP, 0.3, 0.7, 62, 0.3, 0, 0, 30, 480, 481, 38, 0.1, 46.7, 665.7
4, 132104, 11/02/2019 18:00:05, DM_TECH_GROUP, 0.5, 1.8, 250.3, 1, 0, 0, 5, 80, 80, 109, 0.3, 236.4, 1294.8
4, 132105, 11/02/2019 18:20:14, DM_TECH_GROUP, 1, 2.9, 281.8, 1.7, 0, 0, 38, 544, 562, 227, 0.2, 322.3, 2285.8
4, 132106, 11/02/2019 18:40:21, DM_TECH_GROUP, 0.3, 0.3, 50, 0, 0, 0, 38, 560, 583, 51, 0, 7.8, 44.7
4, 132107, 11/02/2019 19:00:29, DM_TECH_GROUP, 2.8, 6.4, 1099.5, 1.9, 0, 0, 741, 10512, 10488, 1138, 1.7, 1911.2, 5414.8
4, 132108, 11/02/2019 19:20:10, DM_TECH_GROUP, 0.9, 3.1, 290.8, 1.9, 0, 0, 37, 584, 575, 236, 0.3, 323.1, 2521.8
4, 132109, 11/02/2019 19:40:22, DM_TECH_GROUP, 0.7, 1.7, 210.8, 0.8, 0, 0, 115, 1648, 1765, 184, 0.2, 282.9, 993.8
4, 132110, 11/02/2019 20:00:05, DM_TECH_GROUP, 1.9, 5.4, 250.4, 2.2, 0, 0, 700, 9916, 9833, 730, 1.3, 1606.5, 3304.1
4, 132111, 11/02/2019 20:20:20, DM_TECH_GROUP, 1.9, 4.4, 2745.2, 2.1, 0, 0, 34, 538, 588, 542, 0.4, 259.7, 2293.5
4, 132112, 11/02/2019 20:40:04, DM_TECH_GROUP, 1, 3.5, 195.7, 2.2, 0, 0, 5, 80, 109, 340, 0.3, 357.6, 2419.9
4, 132113, 11/02/2019 21:00:08, DM_TECH_GROUP, 0.8, 1.8, 118, 0.6, 0, 0, 59, 832, 832, 247, 0.4, 182.7, 895.7
4, 132114, 11/02/2019 21:20:16, DM_TECH_GROUP, 1.6, 4.3, 3277.5, 2.5, 0, 0, 7, 112, 241, 719, 0.2, 217.9, 2554.9
4, 132115, 11/02/2019 21:40:04, DM_TECH_GROUP, 0.9, 6.5, 5228.4, 5.3, 0, 0, 1, 8, 19, 310, 0.3, 57.3, 2845
4, 132116, 11/02/2019 22:00:12, DM_TECH_GROUP, 2.4, 8.8, 8056.5, 5.3, 0, 0, 3, 40, 92, 1001, 1.1, 178.6, 4683.3
4, 132117, 11/02/2019 22:20:24, DM_TECH_GROUP, 2.7, 6.5, 22048.2, 2.9, 0, 0, 4, 51, 16, 1071, 0.9, 289.7, 10964.3
4, 132118, 11/02/2019 22:40:35, DM_TECH_GROUP, 0.1, 0.1, 25.9, 0, 0, 0, 1, 8, 0, 6, 0, 4.1, 0.4
4, 132119, 11/02/2019 23:00:11, DM_TECH_GROUP, 0.2, 0.2, 44.7, 0, 0, 0, 10, 144, 130, 13, 0, 6.8, 17.4
4, 132120, 11/02/2019 23:20:25, DM_TECH_GROUP, 0.1, 0.1, 27.8, 0, 0, 0, 0, 0, 6, 2, 0, 3.1, 5.7
4, 132121, 11/02/2019 23:40:38, DM_TECH_GROUP, 0.1, 0.1, 23.6, 0, 0, 0, 3, 48, 124, 8, 0, 3.2, 0.8
4, 132085, 11/02/2019 11:40:18, ODS_SUPPORT_GROUP, 0, 0, 0, 0, 0, 0, 0, 0, 49, 0, 0, 0, 0
4, 132087, 11/02/2019 12:20:06, ODS_SUPPORT_GROUP, 0, 0, 0, 0, 0, 0, 0, 0, 38, 0, 0, 0, 0
4, 132092, 11/02/2019 14:00:07, ODS_SUPPORT_GROUP, 0, 0, 0, 0, 0, 0, 0, 0, 14, 0, 0, 0, 0
4, 132099, 11/02/2019 16:20:05, ODS_SUPPORT_GROUP, 0, 0, 0, 0, 0, 0, 0, 0, 84, 1, 0, 0, 0
4, 132102, 11/02/2019 17:20:07, ODS_SUPPORT_GROUP, 0, 0, 0, 0, 0, 0, 0, 0, 74, 4, 0, 0, 0
4, 132103, 11/02/2019 17:40:15, ODS_SUPPORT_GROUP, 0, 0, 0, 0, 0, 0, 0, 0, 55, 1, 0, 0, 0
4, 132109, 11/02/2019 19:40:22, ODS_SUPPORT_GROUP, 0, 0, 0, 0, 0, 0, 0, 0, 34, 0, 0, 0, 0
4, 132084, 09/02/2019 05:50:15, OTHER_GROUPS, 4.6, 6.5, 34.9, 0, 26, 0, 7257, 49284, 199342, 312972, 1.9, 2755.7, 2387.2
4, 132085, 11/02/2019 11:40:18, OTHER_GROUPS, 5.6, 26.5, 14582.7, 9.7, 0, 0, 72, 694, 1447, 1828, 11.2, 6135.2, 8979.2
4, 132086, 11/02/2019 12:00:09, OTHER_GROUPS, 8.2, 30.2, 24306.5, 14.6, 1, 0, 66, 640, 1240, 5313, 7.4, 5379, 11956.7
4, 132087, 11/02/2019 12:20:06, OTHER_GROUPS, 8.9, 24.3, 18836.2, 10.9, 3, 0, 257, 1226, 2321, 6239, 4.5, 5570.8, 10635.6
4, 132088, 11/02/2019 12:40:21, OTHER_GROUPS, 8.8, 21.8, 23618.6, 9.9, 0, 0, 155, 1109, 2083, 7583, 3.1, 6161.6, 6896.6
4, 132089, 11/02/2019 13:00:31, OTHER_GROUPS, 7.6, 19.2, 16566, 9.6, 0, 0, 60, 478, 1640, 3454, 2, 822, 7046.2
4, 132090, 11/02/2019 13:20:34, OTHER_GROUPS, 8.3, 18.3, 8189.1, 7.3, 0, 0, 70, 610, 1883, 3319, 2.7, 2852.4, 7879.3
4, 132091, 11/02/2019 13:40:09, OTHER_GROUPS, 9.4, 21.5, 15171.5, 9.7, 0, 0, 87, 888, 2458, 9722, 2.4, 5503.3, 5892.5
4, 132092, 11/02/2019 14:00:07, OTHER_GROUPS, 8.3, 25.9, 13248.8, 14.4, 4, 0, 68, 693, 1497, 7184, 3.2, 8241.1, 5225
4, 132093, 11/02/2019 14:20:12, OTHER_GROUPS, 8.8, 26.4, 15470.9, 13.4, 1, 0, 65, 582, 1563, 8546, 4.2, 3980.8, 5318.2
4, 132094, 11/02/2019 14:40:15, OTHER_GROUPS, 9.2, 25.8, 15712.3, 13.7, 2, 0, 66, 554, 1530, 7231, 2.9, 1270.8, 2671.3
4, 132095, 11/02/2019 15:00:20, OTHER_GROUPS, 6.9, 21.5, 10076, 11, 0, 0, 46, 356, 1168, 2974, 3.6, 531.3, 7404.3
4, 132096, 11/02/2019 15:20:23, OTHER_GROUPS, 7.4, 23.3, 10114.6, 12, 0, 0, 50, 399, 1231, 3103, 3.9, 988.4, 6005.9
4, 132097, 11/02/2019 15:40:12, OTHER_GROUPS, 6.7, 19.9, 6708.2, 10.5, 10, 0.3, 58, 468, 1503, 2521, 2.7, 5549.4, 4722
4, 132098, 11/02/2019 16:00:29, OTHER_GROUPS, 6.5, 20.9, 6396.5, 10.5, 1, 0, 55, 494, 1513, 2989, 3.9, 2291.3, 5101.5
4, 132099, 11/02/2019 16:20:05, OTHER_GROUPS, 6.7, 21.6, 6723.1, 10.4, 0, 0, 75, 732, 1680, 2519, 4.5, 3211.1, 5597.7
4, 132100, 11/02/2019 16:40:09, OTHER_GROUPS, 7.6, 58.1, 33420.4, 44.6, 0, 0, 71, 574, 3924, 3702, 5.9, 5765.3, 7237.9
4, 132101, 11/02/2019 17:00:01, OTHER_GROUPS, 10, 31.1, 17174.3, 14.6, 0, 0, 77, 864, 1908, 14538, 6.5, 6180.5, 5630.2
4, 132102, 11/02/2019 17:20:07, OTHER_GROUPS, 10, 28, 15237.5, 12, 0, 0, 57, 513, 1534, 11081, 6, 1330.6, 7123.1
4, 132103, 11/02/2019 17:40:15, OTHER_GROUPS, 9.7, 28.7, 17220.2, 14.6, 0, 0, 84, 820, 1781, 12283, 4.4, 3908.1, 6997
4, 132104, 11/02/2019 18:00:05, OTHER_GROUPS, 10.2, 30, 16653, 15.1, 0, 0, 95, 972, 2347, 13709, 4.7, 6329.4, 7123.8
4, 132105, 11/02/2019 18:20:14, OTHER_GROUPS, 9.6, 27.6, 14295.3, 14.6, 0, 0, 85, 872, 2446, 7614, 3.4, 5261.6, 13405
4, 132106, 11/02/2019 18:40:21, OTHER_GROUPS, 9.8, 25, 9503.5, 11.3, 0, 0, 87, 888, 2594, 10257, 3.9, 4249.3, 13879.8
4, 132107, 11/02/2019 19:00:29, OTHER_GROUPS, 9.5, 26.2, 8728.6, 11.7, 0, 0, 67, 720, 2025, 7394, 5, 6343.8, 14828
4, 132108, 11/02/2019 19:20:10, OTHER_GROUPS, 9, 27.6, 11071.7, 14.8, 0, 0, 85, 856, 2206, 9351, 3.8, 4311.2, 11369.4
4, 132109, 11/02/2019 19:40:22, OTHER_GROUPS, 8.6, 23.4, 8693.9, 12.4, 0, 0, 94, 927, 2017, 7314, 2.4, 4204.4, 7008.4
4, 132110, 11/02/2019 20:00:05, OTHER_GROUPS, 6.3, 24.4, 10647.8, 15.3, 0, 0, 81, 800, 1655, 2377, 2.8, 5099.5, 7470.9
4, 132111, 11/02/2019 20:20:20, OTHER_GROUPS, 6.3, 21.7, 13773.5, 12.4, 0, 0, 76, 712, 1642, 2270, 3, 2890.8, 8163.2
4, 132112, 11/02/2019 20:40:04, OTHER_GROUPS, 8, 21.5, 13740.9, 11, 0, 0, 76, 624, 1689, 2830, 2.5, 562.7, 12068.3
4, 132113, 11/02/2019 21:00:08, OTHER_GROUPS, 7.5, 25.5, 10839.6, 12.1, 0, 0, 71, 580, 1460, 5225, 5.9, 8879.1, 15033.6
4, 132114, 11/02/2019 21:20:16, OTHER_GROUPS, 4.1, 18.3, 6641, 13.1, 0, 0, 72, 656, 1543, 1591, 1.1, 2582, 3965.6
4, 132115, 11/02/2019 21:40:04, OTHER_GROUPS, 6.2, 21, 7355.3, 13, 0, 0, 86, 864, 2596, 3333, 1.8, 4979.2, 6558.6
4, 132116, 11/02/2019 22:00:12, OTHER_GROUPS, 6.5, 22, 6981.3, 12.8, 1, 0, 62, 690, 1438, 3067, 2.7, 6326.8, 6399.9
4, 132117, 11/02/2019 22:20:24, OTHER_GROUPS, 5.7, 15.8, 8115.8, 8.6, 0, 0, 22, 352, 1278, 2693, 1.5, 4814.5, 6551.7
4, 132118, 11/02/2019 22:40:35, OTHER_GROUPS, 4.9, 11.5, 6850.7, 5.4, 0, 0, 23, 360, 1372, 1438, 1.2, 5717.6, 6493.1
4, 132119, 11/02/2019 23:00:11, OTHER_GROUPS, 5.2, 14.6, 7017.1, 7.7, 0, 0, 22, 352, 2755, 2158, 1.7, 4532.7, 10213.5
4, 132120, 11/02/2019 23:20:25, OTHER_GROUPS, 3.9, 11.7, 7476.3, 6.6, 0, 0, 5, 80, 1540, 1050, 1.2, 2064.2, 8037.2
4, 132121, 11/02/2019 23:40:38, OTHER_GROUPS, 4, 13.3, 6526.4, 6.2, 0, 0, 17, 272, 1407, 864, 3.1, 4317.4, 6966.5
4, 132104, 11/02/2019 18:00:05, SANDBOX_GROUP, 0, 0, 0.9, 0, 0, 0, 0, 0, 0, 1, 0, 0, 0.4
4, 132084, 09/02/2019 05:50:15, SZB_SANDBOX_GROUP, 0.6, 0.6, 1.1, 0, 0, 0, 221, 9513, 18613, 21498, 0, 318.3, 31.6
4, 132085, 11/02/2019 11:40:18, SZB_SANDBOX_GROUP, 14.5, 74.3, 7200.9, 58, 0, 0, 7, 416, 3470, 15936, 1.8, 17475, 703.1
4, 132086, 11/02/2019 12:00:09, SZB_SANDBOX_GROUP, 7.3, 21.1, 5437.2, 11.6, 0, 0, 0, 0, 4529, 4113, 2.2, 4944.6, 2590.5
4, 132087, 11/02/2019 12:20:06, SZB_SANDBOX_GROUP, 3, 6.6, 899.5, 2.9, 0, 0, 11, 608, 2490, 903, 0.7, 1121.5, 1833.1
4, 132088, 11/02/2019 12:40:21, SZB_SANDBOX_GROUP, 3.1, 3.5, 1745.9, 0, 0, 0, 8, 384, 2411, 1129, 0.4, 405.2, 662.4
4, 132089, 11/02/2019 13:00:31, SZB_SANDBOX_GROUP, 15.4, 25.4, 15314.8, 7.5, 0, 0, 10, 544, 5077, 11677, 2.5, 2834.9, 10375.4
4, 132090, 11/02/2019 13:20:34, SZB_SANDBOX_GROUP, 8.2, 9.3, 16584.4, 0.5, 0, 0, 8, 267, 1349, 3287, 0.6, 749.4, 2491.8
4, 132091, 11/02/2019 13:40:09, SZB_SANDBOX_GROUP, 10.1, 16.7, 13566.9, 5.8, 0, 0, 11, 608, 1875, 7028, 0.8, 1755.1, 2225.8
4, 132092, 11/02/2019 14:00:07, SZB_SANDBOX_GROUP, 33, 69, 34502.4, 28.8, 0, 0, 5, 320, 877, 40220, 7.2, 4789.8, 14993.5
4, 132093, 11/02/2019 14:20:12, SZB_SANDBOX_GROUP, 18.5, 25.8, 25658.6, 5.7, 0, 0, 17, 896, 1482, 17669, 1.6, 1561.1, 8647.4
4, 132094, 11/02/2019 14:40:15, SZB_SANDBOX_GROUP, 10.2, 19.6, 11278.8, 6.8, 0, 0, 124, 3727, 4900, 5982, 2.6, 778.1, 9830.4
4, 132095, 11/02/2019 15:00:20, SZB_SANDBOX_GROUP, 16, 18.5, 27678.8, 0, 0, 0, 204, 6608, 9159, 11382, 2.5, 1997.5, 3667.3
4, 132096, 11/02/2019 15:20:23, SZB_SANDBOX_GROUP, 29.5, 34.1, 33611.8, 1.7, 0, 0, 195, 6448, 7932, 27797, 2.9, 2886.3, 3527
4, 132097, 11/02/2019 15:40:12, SZB_SANDBOX_GROUP, 29.7, 42.9, 22080.8, 8.7, 23, 0.4, 208, 7504, 10343, 40215, 4.5, 1484.6, 4570
4, 132098, 11/02/2019 16:00:29, SZB_SANDBOX_GROUP, 30.2, 38, 22842.8, 2.8, 0, 0, 109, 5059, 109796, 26462, 5, 6164.7, 4210.4
4, 132099, 11/02/2019 16:20:05, SZB_SANDBOX_GROUP, 22.8, 35.3, 34072.3, 9.3, 0, 0, 118, 4740, 7245, 17451, 3.2, 1723.4, 4278.9
4, 132101, 11/02/2019 17:00:01, SZB_SANDBOX_GROUP, 27.8, 38.3, 13728.2, 7.7, 0, 0, 72, 3061, 4830, 21319, 2.8, 3511.9, 2520.5
4, 132102, 11/02/2019 17:20:07, SZB_SANDBOX_GROUP, 27, 35.3, 19092.2, 6.8, 0, 0, 58, 2696, 5423, 18433, 1.5, 1494, 778.5
4, 132103, 11/02/2019 17:40:15, SZB_SANDBOX_GROUP, 11.5, 14.7, 6821.1, 2.6, 1, 0, 46, 2148, 9831, 4841, 0.6, 674.2, 1362.3
4, 132104, 11/02/2019 18:00:05, SZB_SANDBOX_GROUP, 16.8, 19.3, 8445.7, 1.1, 0, 0, 50, 2256, 3904, 9676, 1.4, 6318, 1104.7
4, 132105, 11/02/2019 18:20:14, SZB_SANDBOX_GROUP, 8, 11.3, 3702.4, 2.7, 1, 0, 42, 1712, 1689, 3276, 0.6, 1038.8, 1474.8
4, 132106, 11/02/2019 18:40:21, SZB_SANDBOX_GROUP, 10.9, 11.6, 2836.9, 0.2, 0, 0, 50, 2384, 3498, 5240, 0.5, 960.8, 989.4
4, 132107, 11/02/2019 19:00:29, SZB_SANDBOX_GROUP, 20.9, 22.7, 7873.6, 0.4, 0, 0, 48, 1584, 8923, 18194, 1.4, 4553.2, 1269.5
4, 132108, 11/02/2019 19:20:10, SZB_SANDBOX_GROUP, 17.9, 24.3, 9525.3, 6.1, 0, 0, 16, 767, 873, 11197, 0.3, 947.2, 1170.8
4, 132109, 11/02/2019 19:40:22, SZB_SANDBOX_GROUP, 17.8, 21.4, 5645.3, 1.7, 0, 0, 34, 1728, 2742, 11726, 1.9, 2112.6, 1697.4
4, 132110, 11/02/2019 20:00:05, SZB_SANDBOX_GROUP, 18.7, 32.2, 12607.8, 11.7, 0, 0, 21, 864, 2368, 21064, 1.8, 7765.9, 1141.9
4, 132111, 11/02/2019 20:20:20, SZB_SANDBOX_GROUP, 17.3, 21.6, 31117.7, 3.9, 0, 0, 3, 160, 279, 10505, 0.4, 1893.4, 467.5
4, 132112, 11/02/2019 20:40:04, SZB_SANDBOX_GROUP, 10.8, 14.7, 5296.4, 1.8, 0, 0, 50, 2720, 3910, 4734, 2.1, 1300.6, 2099.1
4, 132113, 11/02/2019 21:00:08, SZB_SANDBOX_GROUP, 24.2, 36.9, 15600.4, 8.7, 0, 0, 41, 2208, 4267, 25968, 4, 2803.1, 2276
4, 132114, 11/02/2019 21:20:16, SZB_SANDBOX_GROUP, 7.7, 12.4, 4322.2, 4, 0, 0, 31, 1952, 2222, 4061, 0.7, 887.8, 2198.5
4, 132115, 11/02/2019 21:40:04, SZB_SANDBOX_GROUP, 10.6, 14.8, 10345.8, 3.5, 0, 0, 49, 2528, 3812, 4430, 0.7, 1287.5, 1392.4
4, 132116, 11/02/2019 22:00:12, SZB_SANDBOX_GROUP, 23.1, 28.2, 19067.7, 3.4, 0, 0, 56, 3008, 5955, 15679, 1.7, 3202.2, 1925.7
4, 132117, 11/02/2019 22:20:24, SZB_SANDBOX_GROUP, 11.5, 12.7, 13701.9, 0.8, 0, 0, 38, 2240, 2934, 3956, 0.4, 514.4, 998.9
4, 132118, 11/02/2019 22:40:35, SZB_SANDBOX_GROUP, 3.9, 4.2, 2439.4, 0, 0, 0, 41, 2624, 3375, 639, 0.3, 146.6, 710.4
4, 132119, 11/02/2019 23:00:11, SZB_SANDBOX_GROUP, 9.6, 10, 9979.9, 0, 0, 0, 66, 3264, 4473, 2134, 0.4, 3037, 600.6
4, 132120, 11/02/2019 23:20:25, SZB_SANDBOX_GROUP, 0.6, 1, 139.5, 0.3, 0, 0, 18, 492, 617, 57, 0.1, 25.8, 109.6
4, 132121, 11/02/2019 23:40:38, SZB_SANDBOX_GROUP, 8.9, 9.5, 8478.7, 0.5, 0, 0, 4, 256, 570, 4636, 0.1, 797.9, 281
