HOST, SNAP_ID, TIME, SYS_CPU, SYS_DBTIME, SYS_SYSPCT, SYS_READ, SYS_WRITE, SYS_REDO, SYS_OSWAIT, SYS_RMWAIT, SYS_ACTSESS_MAX, SYS_ACTSESS_AVG, SYS_PGA, SYS_PXRUNS, SYS_PXQCT, SYS_PXSRVT, SYS_UCALLS, SYS_IOWAIT
1, 127515, 03/12/2018 23:59:59, 34.7, 50.2, 9.1, 1255.1, 244.8, 50.3, 0.7, 0.2, 183.5, 128.5, 37272.1, 230.7, 4.6, 90.5, 154.6, 8.9
1, 127516, 04/12/2018 00:19:59, 29.2, 60.9, 6.9, 17261.6, 210.9, 40.7, 0.5, 8, 240.9, 156, 29833.3, 187.9, 8.8, 117.6, 89.2, 19.5
1, 127517, 04/12/2018 00:39:59, 33.1, 54.6, 8.7, 8545, 166.2, 35.2, 0.7, 3.6, 210.8, 139.8, 14837.3, 244.6, 21.3, 215.2, 90.8, 9.6
1, 127518, 04/12/2018 00:59:59, 39.1, 78.2, 9.8, 2546.8, 228.7, 39.6, 0.8, 1.5, 372, 200.2, 19488.4, 941.3, 20.7, 241.9, 88.5, 17.3
1, 127519, 04/12/2018 01:19:59, 30, 84, 7.6, 1016.7, 189.8, 33.5, 0.6, 1.6, 364.2, 215.1, 23859.7, 471.1, 16.4, 180.5, 62, 11.9
1, 127520, 04/12/2018 01:39:59, 20.7, 53.5, 6, 538.9, 220.8, 30, 0.5, 0.1, 247.2, 137, 24041.3, 527, 11.3, 116.5, 55.5, 13.2
1, 127521, 04/12/2018 01:59:59, 31.2, 56, 7.3, 1802.8, 169.9, 28.8, 0.6, 0.8, 246.8, 143.3, 22352.3, 604.7, 11.3, 126.1, 40, 12.2
1, 127522, 04/12/2018 02:19:58, 38.7, 54.8, 8.3, 6183.6, 144.1, 25.7, 0.7, 0.3, 222.1, 140.3, 36398.4, 672.8, 14.2, 192.2, 44.4, 11.4
1, 127523, 04/12/2018 02:39:59, 53, 75.9, 9.3, 6670.3, 122.8, 11.2, 0.7, 0.1, 263.9, 194.3, 40798.3, 797, 17.4, 270.7, 37, 12.9
1, 127524, 04/12/2018 02:59:58, 41.4, 107.9, 7, 3198.5, 100.7, 11.2, 0.6, 0.9, 512.3, 276.3, 13566.5, 492.8, 15.3, 223.2, 35.6, 11.6
1, 127525, 04/12/2018 03:19:58, 17.1, 58.8, 5, 1784.2, 183.5, 22, 0.5, 0, 281.7, 150.6, 20782.2, 305.8, 9.4, 114.2, 50.4, 26.8
1, 127526, 04/12/2018 03:39:59, 28.1, 71, 8.2, 868, 217.7, 29.3, 0.7, 0, 274.7, 181.6, 15919, 176, 8.4, 123.8, 73.1, 25.9
1, 127527, 04/12/2018 03:59:58, 25.2, 41.7, 6.8, 404.6, 282.2, 25.5, 0.6, 0, 208.4, 106.8, 51117.9, 187.7, 5.9, 58.6, 79.4, 7.7
1, 127528, 04/12/2018 04:19:58, 27.6, 26, 6.2, 1566.1, 524.5, 18.3, 0.5, 1.1, 149, 66.5, 47529.7, 276.3, 5.4, 68.6, 62.9, 3.1
1, 127529, 04/12/2018 04:39:58, 30.2, 33.7, 7.6, 127.6, 583, 35, 0.6, 0, 206.5, 86.3, 46785.4, 174.1, 4.1, 37.9, 76.5, 4.1
1, 127530, 04/12/2018 05:00:58, 34.9, 60.7, 8.7, 1242, 478.8, 35.9, 0.7, 0.1, 229.6, 155.4, 62195, 210, 4.7, 80.3, 71.2, 5.5
1, 127531, 04/12/2018 05:19:58, 26.1, 55.9, 7.6, 453, 256.9, 37.7, 0.7, 0, 270.8, 143.2, 56440.1, 175.8, 3.5, 74.9, 72.4, 7.2
1, 127532, 04/12/2018 05:39:58, 25, 46.3, 7.5, 224.2, 289.9, 43, 0.7, 0, 230.4, 118.5, 52390.6, 233.8, 2.7, 56.4, 82.7, 5.9
1, 127533, 04/12/2018 05:59:58, 38.7, 57.7, 10.2, 2146.8, 346.5, 41.5, 0.9, 0, 268.9, 147.8, 27044.6, 209.9, 6.2, 158.8, 85.4, 7.2
1, 127534, 04/12/2018 06:19:58, 23.8, 51.4, 6.8, 504.7, 248.3, 31.5, 0.6, 0, 301.3, 131.5, 15640.5, 160.9, 5.6, 116.9, 76.5, 5.7
1, 127535, 04/12/2018 06:39:58, 26.5, 53.2, 8.2, 230.9, 237.1, 36.1, 0.7, 0, 254.9, 136.2, 20298.2, 238.9, 3.7, 76.1, 102.9, 11
1, 127536, 04/12/2018 06:59:58, 42.4, 90.7, 11, 7564.9, 306.5, 49.4, 0.8, 0.1, 294.6, 232.2, 16606.9, 185.8, 6, 149.3, 120, 11.9
1, 127537, 04/12/2018 07:19:58, 42.9, 75.2, 12.9, 571, 336.6, 57.1, 1, 0, 274.3, 192.4, 12083.6, 170.2, 4.1, 88.5, 113.5, 14.6
1, 127538, 04/12/2018 07:39:57, 48.2, 78.8, 13.8, 88.2, 388.2, 80.6, 1.1, 0, 277.2, 201.8, 11090.4, 210.8, 2.1, 34.9, 135.5, 13.1
1, 127539, 04/12/2018 07:59:58, 59.9, 108.8, 15.9, 6845.9, 419.1, 78.3, 1.6, 0.1, 381.1, 278.5, 16896.7, 278.6, 7.8, 170.5, 131.2, 15.5
1, 127540, 04/12/2018 08:19:58, 41.2, 66.6, 12.4, 444.5, 359.7, 66.7, 1, 0, 241.5, 170.5, 15344.5, 137.1, 3.6, 66.9, 135.9, 13.8
1, 127541, 04/12/2018 08:39:57, 32.4, 60, 9.8, 308.4, 299.4, 47, 0.8, 0, 294.1, 153.6, 10323.1, 155, 2.3, 25.8, 123.1, 12.9
1, 127542, 04/12/2018 08:59:57, 29.3, 65.3, 9.2, 1285.1, 240.9, 46.7, 0.8, 0, 300.5, 167.3, 14543.6, 238, 3.6, 65.4, 116.9, 12.8
1, 127543, 04/12/2018 09:19:57, 28.1, 52.7, 9.5, 77, 252.3, 52.3, 0.9, 0, 250.6, 135, 10228.7, 152.2, 2, 18.1, 132, 12.3
1, 127544, 04/12/2018 09:39:57, 28.6, 43.5, 9.8, 113.6, 262.3, 51.6, 0.9, 0, 187.8, 111.3, 10578.4, 133.1, 2.1, 19.2, 138, 14.9
1, 127545, 04/12/2018 09:59:57, 45.9, 82.3, 12.5, 2854.6, 314.4, 54.7, 1.1, 4.3, 317.4, 210.8, 17593.6, 317.2, 8, 173.1, 117.4, 16.8
1, 127546, 04/12/2018 10:19:57, 37, 82.9, 11.3, 736.9, 288.3, 56.8, 0.9, 0, 359.7, 212.3, 17222.1, 204.9, 6.3, 124.8, 116.7, 14.8
1, 127547, 04/12/2018 10:39:57, 35.9, 61.3, 10.7, 369.7, 316.6, 58.7, 0.9, 0, 229.3, 156.8, 14074.1, 205.2, 4.9, 82.9, 132, 20.5
1, 127548, 04/12/2018 10:59:57, 32.6, 57, 10, 250.8, 276.3, 57.9, 0.9, 0, 238.1, 145.9, 12417.3, 162.4, 4.1, 67.9, 131.3, 24
1, 127549, 04/12/2018 11:19:56, 54.9, 81, 14.5, 2667.2, 435.2, 63.7, 1.5, 2.8, 282.7, 207.2, 16061.3, 282.3, 8, 179.4, 140.3, 15.7
1, 127550, 04/12/2018 11:39:57, 33.4, 75, 9.5, 793.3, 265.2, 53.7, 0.8, 0, 352.2, 191.9, 13054.9, 173.5, 4, 70.3, 140.3, 4.5
1, 127551, 04/12/2018 11:59:57, 26.5, 82.9, 7.8, 135.4, 245.4, 48.6, 0.7, 0, 321.5, 212.2, 13061.5, 197.7, 4.2, 66.6, 122.1, 4.5
1, 127552, 04/12/2018 12:19:56, 31.8, 52.6, 10, 125.4, 270.2, 57.2, 0.9, 0, 285.9, 134.6, 10403.4, 181.2, 2.8, 27.5, 171.8, 4.9
1, 127553, 04/12/2018 12:39:57, 32.4, 71.2, 9.5, 1357.1, 277.2, 52.2, 0.8, 0, 286.7, 182.2, 16358.4, 271.4, 3.9, 80.1, 140.4, 4.3
1, 127554, 04/12/2018 12:59:56, 40, 57.2, 11.8, 318.9, 303.7, 62.7, 1, 0, 232.7, 146.4, 14769.4, 190, 3.4, 66.2, 180, 6.7
1, 127555, 04/12/2018 13:19:56, 38.9, 58.7, 11.5, 671, 283.6, 57.2, 1, 0, 275.9, 150.2, 11598.1, 156.3, 3.6, 43.3, 166.3, 6.7
1, 127556, 04/12/2018 13:39:56, 35.1, 54.9, 10.5, 538.1, 275.9, 60.2, 0.9, 0, 284.3, 140.4, 11218.6, 161.8, 2.5, 24.5, 174.6, 5.3
1, 127557, 04/12/2018 13:59:56, 42.6, 52.6, 12.1, 1437.3, 331.2, 64.3, 1, 0.9, 205.6, 134.6, 12806.3, 281.1, 4.1, 63.4, 185.6, 6.2
1, 127558, 04/12/2018 14:19:56, 56.4, 97.1, 13.6, 6869.7, 260.1, 53.9, 1.8, 0, 420.6, 248.6, 34591.5, 232.9, 10.4, 169.4, 149, 5.7
1, 127559, 04/12/2018 14:39:55, 55, 106.1, 11.9, 3409.3, 239.5, 48.1, 1.1, 0, 488.2, 271.7, 22922.1, 192.7, 14.8, 239.3, 118.2, 3.6
1, 127560, 04/12/2018 15:01:56, 81.4, 113.5, 17, 3071.8, 301.2, 55.8, 8.4, 1, 430.5, 290.5, 24948.4, 192.4, 16.2, 257.2, 154.1, 7.4
1, 127561, 04/12/2018 15:19:56, 42.7, 80.6, 11, 2896.5, 291.9, 54.2, 0.9, 0, 311.2, 206.4, 21122.9, 239.1, 10.6, 126.8, 135.3, 6
1, 127562, 04/12/2018 15:39:56, 38.7, 56.2, 10.3, 552.5, 293.2, 62.7, 0.9, 0, 339.6, 144, 10724.7, 196.4, 3.2, 26.6, 165.9, 3.6
1, 127563, 04/12/2018 15:59:56, 50.2, 69, 12.4, 5607.1, 264.1, 55.4, 3.7, 1.7, 332.7, 176.5, 27972.6, 268.1, 11, 152.3, 152.1, 5
1, 127564, 04/12/2018 16:19:56, 89.2, 111.7, 18.7, 5581.7, 291.2, 52, 7.2, 0.4, 395.3, 286, 31245.7, 212, 17.3, 309.7, 137.1, 6.5
1, 127565, 04/12/2018 16:39:56, 75.5, 104.9, 15.7, 3210.7, 284.3, 53, 4.6, 0.5, 401.8, 268.5, 16253, 241, 16.8, 275.8, 134.9, 4.8
1, 127566, 04/12/2018 16:59:56, 49.8, 95.9, 12.2, 3379.3, 274, 49, 1, 0, 385.1, 245.4, 27391.1, 278.9, 11.5, 167.4, 122.1, 5.4
1, 127567, 04/12/2018 17:19:56, 43.2, 55.4, 11.5, 1261.4, 396.3, 57.9, 0.9, 0, 224.6, 141.9, 32216.1, 250.3, 7.4, 106, 147, 4.2
1, 127568, 04/12/2018 17:39:56, 30.7, 50.7, 8.8, 418.1, 278, 59.2, 0.8, 0, 193.3, 129.9, 13256.8, 343.4, 6.4, 75.9, 141.1, 4.3
1, 127569, 04/12/2018 17:59:56, 46.1, 94.3, 12.8, 3480.7, 296, 57.9, 1, 0.2, 353.1, 241.5, 14980.4, 435.7, 15.3, 268, 144.2, 38.4
1, 127570, 04/12/2018 18:19:55, 47.6, 54.9, 11.4, 2527.6, 278.2, 59.1, 1, 0, 230.2, 140.4, 14893.8, 309.3, 12.4, 189.7, 148.5, 5.9
1, 127571, 04/12/2018 18:39:56, 42.9, 39.6, 11.7, 762, 351.1, 71, 1, 0, 229.4, 101.4, 15087.7, 304.2, 12.4, 184.2, 206.5, 2.6
1, 127572, 04/12/2018 18:59:55, 56.6, 80.5, 14.6, 1957.6, 311.5, 63, 1.8, 0.1, 307.7, 206, 15747.8, 292, 11.3, 179.8, 159, 12.3
1, 127573, 04/12/2018 19:19:55, 50.3, 79.9, 14, 1098.8, 312.6, 62.3, 1.1, 0, 366.1, 204.6, 14878.5, 280.7, 11.7, 177.2, 149.5, 17.5
1, 127574, 04/12/2018 19:39:55, 40.5, 46.2, 11, 3741.5, 426.3, 55.4, 0.9, 0, 191.4, 118.2, 13354.4, 360, 7.2, 118.3, 136.3, 9
1, 127575, 04/12/2018 19:59:55, 53.6, 90.3, 13.8, 2222.4, 404.7, 47.7, 1.1, 0, 451.6, 231.2, 20654.6, 316.1, 15.3, 326.2, 106, 12
1, 127576, 04/12/2018 20:19:55, 62.8, 104.8, 17.7, 1049.2, 446.1, 41.8, 1.6, 0.5, 363.9, 268.2, 37407, 212.9, 16.3, 402.8, 101.5, 13.7
1, 127577, 04/12/2018 20:39:55, 75.3, 83.5, 24.1, 1927.8, 484.7, 43.2, 2.7, 0.2, 317.8, 213.8, 43730.3, 179.3, 13.7, 347.7, 121.2, 23.4
1, 127578, 04/12/2018 20:59:55, 77.7, 101.3, 21.3, 1676.1, 376.2, 37.1, 2.4, 0.1, 355.7, 259.3, 73726.8, 166.2, 15.4, 382.9, 95.5, 31.2
1, 127579, 04/12/2018 21:19:55, 81.7, 102.2, 20.2, 2763.5, 311.1, 35.4, 2.8, 0.1, 336.1, 261.6, 27548.2, 312.7, 14.9, 373.8, 88.5, 18.3
1, 127580, 04/12/2018 21:39:54, 70.1, 84.6, 18.1, 1460, 436.3, 39.5, 1.4, 0, 353.4, 216.6, 49998.7, 257.8, 12.2, 304, 77, 16.7
1, 127581, 04/12/2018 21:59:54, 61.4, 66.2, 15.9, 1031.1, 341.9, 46.5, 1.1, 0, 248.8, 169.5, 51789.3, 147, 9.2, 250.3, 115.3, 14.6
1, 127582, 04/12/2018 22:19:55, 72.6, 83.6, 20.2, 1441.7, 359.5, 51.8, 1.4, 0, 280.9, 213.9, 25102.1, 124.3, 11.1, 295.8, 154.8, 16.6
1, 127583, 04/12/2018 22:39:54, 68.6, 72.5, 18.7, 1259.5, 285.2, 50.2, 1.3, 0, 218.5, 185.7, 41063.7, 124, 10.2, 270.9, 131.3, 16.4
1, 127584, 04/12/2018 22:59:54, 68.8, 80.6, 20.3, 1204.8, 278.7, 59.1, 1.6, 0, 281.1, 206.5, 26253.8, 169.1, 9.5, 268, 145.3, 19.4
1, 127585, 04/12/2018 23:19:54, 84.8, 82.5, 26.9, 1958, 329.4, 62, 2.9, 0, 245.6, 211.3, 25723.8, 134.6, 10.4, 304.2, 194.1, 22.7
1, 127586, 04/12/2018 23:39:54, 62.4, 66, 21.5, 1159.3, 344.4, 60.9, 1.7, 0, 226.9, 169, 13244.6, 138.1, 7.2, 198.3, 194.8, 18.8
2, 127515, 04/12/2018 00:00:09, 31, 47.9, 9.5, 2143.2, 237, 30, 0.8, 0.1, 184.3, 122.7, 35334.5, 165.6, 6.8, 141.7, 131.9, 13
2, 127516, 04/12/2018 00:20:09, 29.3, 61.9, 9.4, 1205.6, 168.7, 22.2, 0.8, 5.5, 265.4, 158.4, 33990.4, 68.9, 10.7, 162.8, 115, 18.5
2, 127517, 04/12/2018 00:40:09, 43.7, 99.9, 12.9, 1407, 191.1, 36.8, 1.1, 21.4, 331.3, 255.7, 34525.9, 108.5, 19.6, 240.6, 131.5, 15.4
2, 127518, 04/12/2018 00:59:09, 65.7, 124.7, 17, 2347.2, 379.7, 51.5, 2.2, 23.7, 457.8, 319.2, 41465, 75, 24.6, 346.3, 152.4, 14.5
2, 127519, 04/12/2018 01:19:10, 53.6, 122, 12.5, 1819.3, 210.7, 32.4, 0.9, 8.6, 412.2, 312.3, 39486.5, 58, 20.8, 266.4, 123.2, 11.5
2, 127520, 04/12/2018 01:39:09, 63.8, 98.6, 12.5, 80956.6, 207.2, 26.5, 0.9, 0.8, 321.3, 252.4, 43311.4, 224.9, 24.8, 418, 106.7, 13.9
2, 127521, 04/12/2018 02:01:09, 63.4, 80.7, 13.7, 56829.9, 188.4, 31.2, 0.9, 1.9, 321.5, 206.7, 40812.8, 184.1, 19.2, 322.4, 150.3, 13.1
2, 127522, 04/12/2018 02:20:09, 41.9, 55.2, 11.3, 6781.7, 184.8, 38.3, 0.9, 0.3, 213.5, 141.3, 30936.3, 127, 12.8, 145.4, 221.8, 12.5
2, 127523, 04/12/2018 02:40:09, 32.6, 49.2, 9.8, 302.6, 177.5, 39.6, 0.8, 0, 194.1, 126, 30835.1, 54, 12.1, 116.8, 253.3, 14
2, 127524, 04/12/2018 03:00:09, 19, 61.4, 6.4, 121, 144, 28, 0.6, 0, 285, 157.1, 13174.1, 69.4, 9, 88.7, 186.5, 5.7
2, 127525, 04/12/2018 03:19:09, 19.6, 30.4, 6.5, 473.3, 147.2, 29.9, 0.6, 0, 176.1, 77.8, 25011.2, 91.4, 8, 100.4, 159.1, 12.1
2, 127526, 04/12/2018 03:40:08, 20, 36, 6.6, 828.3, 154.1, 27.7, 0.6, 0, 229.2, 92.1, 16151.1, 89, 7.5, 87.1, 161.9, 11
2, 127527, 04/12/2018 04:00:09, 14.4, 19.6, 4.9, 145.4, 202.6, 21.3, 0.4, 0, 116.5, 50.2, 34591.5, 65, 5.5, 56.2, 96.8, 4.3
2, 127528, 04/12/2018 04:20:09, 25.3, 22.9, 7, 1595, 434.7, 20.8, 0.5, 0, 86.5, 58.7, 40295.5, 70.2, 6.3, 82.6, 104.6, 5.7
2, 127529, 04/12/2018 04:40:09, 24.2, 24.3, 6.2, 657.5, 394.7, 18, 0.5, 0, 142.2, 62.2, 35496.3, 59, 5, 67.9, 91.8, 4.7
2, 127530, 04/12/2018 05:00:08, 17.7, 32.7, 5.4, 1460.2, 202.3, 18, 0.5, 0, 130.3, 83.6, 36232.9, 149.5, 3.6, 66.7, 72.9, 4.4
2, 127531, 04/12/2018 05:19:08, 13, 28.3, 4.6, 579.1, 90.3, 17.7, 0.4, 0, 144.8, 72.4, 34640.5, 59.9, 3.6, 65, 67.5, 3.7
2, 127532, 04/12/2018 05:40:08, 12.7, 25.2, 4.3, 168.4, 119.9, 20, 0.4, 0, 177.6, 64.6, 35364.4, 38.7, 2.7, 38.1, 79.6, 3.5
2, 127533, 04/12/2018 05:59:08, 66.7, 73.4, 12.6, 3363.4, 522.2, 24.2, 1.1, 1.1, 271.6, 187.8, 77213.6, 166.8, 10.7, 275, 91.6, 6.4
2, 127534, 04/12/2018 06:20:08, 56.5, 70.3, 10.4, 953.9, 228.9, 25.2, 0.7, 0, 331.9, 180, 79321.7, 48.5, 8.7, 224, 88.1, 7.4
2, 127535, 04/12/2018 06:39:09, 52.6, 59.3, 8.7, 521.3, 256.5, 25.4, 0.6, 0.1, 263.9, 151.7, 74140.7, 33.2, 7.8, 202.7, 89.1, 5.6
2, 127536, 04/12/2018 07:00:08, 62.9, 96.1, 11.2, 2823, 419.5, 29.1, 1, 0.1, 512.2, 245.9, 54456.4, 171.9, 11.9, 302.6, 92.6, 5.7
2, 127537, 04/12/2018 07:20:08, 59.2, 68.5, 12.3, 1250.4, 490.1, 35.3, 0.9, 0.1, 214.7, 175.4, 69958.5, 33.1, 9.6, 234, 128.7, 6.4
2, 127538, 04/12/2018 07:40:08, 36.1, 46.5, 9, 720.1, 259.9, 37.3, 0.7, 0, 187.9, 119, 39577.4, 34, 5.7, 130.9, 121.8, 4.8
2, 127539, 04/12/2018 08:00:08, 44, 70.9, 10.7, 2123.7, 383.3, 43.8, 0.9, 0, 291.1, 181.6, 50789.5, 84.1, 7.3, 179, 141.5, 7.7
2, 127540, 04/12/2018 08:20:07, 41.3, 51.5, 11.8, 6058.7, 235.6, 54.4, 0.9, 0, 232.8, 132, 33333.8, 71.9, 2.8, 81.4, 188.4, 8.5
2, 127541, 04/12/2018 08:40:08, 41.2, 56, 11.6, 314.7, 258.6, 57.5, 1, 0, 241.7, 143.5, 33655.5, 53.8, 2, 80.1, 190.9, 7.5
2, 127542, 04/12/2018 08:59:07, 59.9, 85.3, 15.4, 3069, 324.2, 58.8, 1.3, 0.2, 323.8, 218.5, 38582.2, 104.1, 5.5, 184.7, 200.9, 9.4
2, 127543, 04/12/2018 09:19:08, 44.9, 57.3, 12.7, 537.8, 314.4, 61.9, 1, 0, 235.6, 146.7, 26945.7, 49.8, 3, 89.1, 198.2, 6.8
2, 127544, 04/12/2018 09:40:08, 34.5, 35.7, 10.6, 1044, 324.7, 66, 0.9, 0, 154.2, 91.5, 24255.6, 71.9, 1.8, 50.8, 204.1, 5.7
2, 127545, 04/12/2018 10:00:07, 50.4, 65.1, 13.3, 1248.7, 486.8, 91.1, 1.1, 0, 286.7, 166.6, 28329.3, 87.8, 10.6, 319.6, 221.6, 8.3
2, 127546, 04/12/2018 10:20:08, 44.2, 64.7, 12.3, 1456.3, 412.8, 87.7, 1, 0, 273, 165.7, 18498.6, 46.1, 9, 277.8, 229.3, 5.1
2, 127547, 04/12/2018 10:40:07, 49.4, 62.3, 13.2, 1090.6, 416.9, 94.4, 1.1, 0, 244.2, 159.4, 15017.5, 51.4, 8.2, 257.6, 240.5, 6.1
2, 127548, 04/12/2018 10:59:08, 55.7, 62.5, 15.3, 2107.1, 531.1, 104.5, 1.2, 0, 277.7, 160.1, 17276.3, 60, 6.6, 205.6, 247.9, 8.5
2, 127549, 04/12/2018 11:20:08, 49.7, 69.4, 13.5, 2443.9, 401, 78.1, 1.1, 0, 265.2, 177.6, 23002.8, 101.1, 5.4, 153.2, 215.2, 12.6
2, 127550, 04/12/2018 11:39:07, 40.2, 79.1, 11.5, 1797.7, 305.5, 63.2, 1, 0, 343.5, 202.4, 20476.4, 60.1, 3.1, 96.5, 213.5, 8.7
2, 127551, 04/12/2018 12:00:07, 30.5, 78.3, 9.2, 6146.3, 314.6, 64.2, 0.8, 0, 281.7, 200.3, 15291.6, 49.1, 1.6, 49.1, 182.8, 3.7
2, 127552, 04/12/2018 12:20:07, 34.2, 48.2, 10.7, 1692.9, 352.9, 79.5, 0.9, 0, 260.8, 123.4, 15338.5, 50, 1.1, 35.5, 227.7, 3.9
2, 127553, 04/12/2018 12:40:07, 36.7, 65.2, 10.6, 1990.6, 333, 68.9, 0.9, 0, 264.9, 167, 18971.8, 72, 4.2, 112.4, 190.9, 3.4
2, 127554, 04/12/2018 13:00:06, 38.9, 51.8, 11.3, 446.8, 342, 75, 0.9, 0, 265.7, 132.6, 16580, 33, 4, 88, 201.3, 5
2, 127555, 04/12/2018 13:20:07, 33.9, 45.5, 10, 1220.5, 359.3, 76.1, 0.8, 0, 257.2, 116.4, 16512.1, 38.8, 2.4, 52.7, 189.9, 3.6
2, 127556, 04/12/2018 13:40:07, 35.1, 47.1, 9.5, 2575.4, 273.9, 58.8, 0.8, 0, 262.6, 120.6, 15424, 56.9, 1.4, 40.2, 171.2, 4.9
2, 127557, 04/12/2018 13:59:07, 44.7, 55, 11.9, 3542.4, 298.8, 58.3, 0.9, 0, 183.3, 140.9, 19784.6, 54.4, 3, 96, 186.9, 8.8
2, 127558, 04/12/2018 14:20:07, 36, 71.1, 11, 1480.7, 266.7, 55, 0.9, 0, 295, 181.9, 19343.1, 38, 2.1, 68.7, 182.4, 10.2
2, 127559, 04/12/2018 14:40:06, 27.1, 62.8, 7.8, 1475.1, 271.3, 55.9, 0.7, 0, 308.4, 160.8, 15417.5, 30.8, 1.5, 71.5, 140.4, 2.7
2, 127560, 04/12/2018 15:00:06, 32.2, 54.6, 9.9, 772.9, 316, 75.1, 0.8, 0, 314.8, 139.8, 16463.7, 64.1, 1.1, 35.4, 211.2, 4.5
2, 127561, 04/12/2018 15:19:06, 24, 46.7, 7.6, 622.9, 305.5, 68, 0.7, 0, 274.1, 119.5, 15443.6, 44.8, 1, 34.7, 151.9, 3
2, 127562, 04/12/2018 15:40:06, 29.6, 38.6, 9, 1252.5, 316.7, 74.6, 0.8, 0, 252.7, 98.9, 15918.2, 47.3, 1.3, 38.6, 178.4, 3.2
2, 127563, 04/12/2018 16:00:07, 33.6, 40.2, 9.3, 682, 332.3, 75, 0.8, 0, 178.3, 103, 17599.5, 37.9, 2.6, 58.9, 178, 3.6
2, 127564, 04/12/2018 16:20:06, 39.7, 48.1, 11, 1265.3, 457.5, 73.2, 0.9, 0, 174.3, 123.2, 28807.3, 34.1, 4.2, 126.5, 177.5, 3.9
2, 127565, 04/12/2018 16:40:06, 31.2, 47.2, 9.2, 224.7, 465.2, 61.3, 0.8, 0, 199.1, 120.9, 24498, 24, 2.6, 69.6, 155.5, 3.3
2, 127566, 04/12/2018 17:00:06, 24.6, 53.5, 7.8, 34.4, 285.6, 60.6, 0.7, 0, 248.9, 136.9, 15240.6, 45, 1.1, 35.5, 161.9, 3.5
2, 127567, 04/12/2018 17:20:06, 20.1, 27.1, 6.7, 32.8, 248.4, 57.3, 0.6, 0, 164.1, 69.4, 15246.5, 83.1, 1, 34.3, 129.7, 2.6
2, 127568, 04/12/2018 17:40:06, 17.7, 30.3, 5.9, 114.5, 239.7, 54.5, 0.5, 0, 159, 77.7, 15339.8, 73.1, 1.1, 35.7, 116.8, 2.8
2, 127569, 04/12/2018 18:00:06, 26.5, 38, 7.7, 922.3, 276.7, 50.9, 0.7, 0, 166.8, 97.3, 18748.2, 86.8, 4.4, 111, 119.1, 4.5
2, 127570, 04/12/2018 18:20:06, 23.8, 30.3, 7.3, 493.3, 260.9, 47.5, 0.6, 0, 179, 77.5, 12319.2, 52.1, 3, 80, 108.7, 3.5
2, 127571, 04/12/2018 18:40:06, 16.5, 16.5, 5.4, 103.9, 213.2, 44.3, 0.5, 0, 133.2, 42.3, 10981.5, 52.6, 1.5, 41.8, 95.1, 2.2
2, 127572, 04/12/2018 19:00:06, 18.1, 24, 6.1, 1466, 261.3, 62.6, 0.6, 0, 117.8, 61.5, 11114, 387.7, 1.8, 44.8, 102.1, 2.6
2, 127573, 04/12/2018 19:20:06, 15.8, 24.1, 5.5, 1408.2, 265.1, 62.8, 0.5, 0, 193, 61.6, 11128.6, 369.4, 1.2, 34.6, 94.9, 2.2
2, 127574, 04/12/2018 19:40:05, 14.7, 14.4, 5.3, 4448.2, 255.1, 58.7, 0.5, 0, 92.3, 37, 11181.5, 288.7, 1.4, 37.8, 85.9, 2.2
2, 127575, 04/12/2018 20:00:05, 19.5, 37.6, 6.6, 3248.9, 249, 57.2, 0.6, 0, 219.2, 96.2, 12692.2, 357.6, 3.8, 87.3, 95.7, 4.2
2, 127576, 04/12/2018 20:20:06, 22.6, 34.6, 7.4, 1002.3, 282.7, 55.6, 0.6, 0, 197, 88.6, 23893.3, 396.3, 3.1, 79.5, 92.3, 3.7
2, 127577, 04/12/2018 20:40:05, 19.1, 26.3, 5.8, 1100.4, 215.6, 40.7, 0.5, 0, 137.4, 67.3, 28528.8, 322.9, 1.9, 55.9, 67.7, 2.9
2, 127578, 04/12/2018 21:00:05, 14.2, 25.7, 4.7, 1672.2, 175.7, 38.8, 0.5, 0, 157.1, 65.7, 11117.7, 299.1, 1.1, 9, 83.6, 6
2, 127579, 04/12/2018 21:20:05, 24.6, 42.4, 6.6, 3155.8, 194.5, 34, 0.5, 1, 230.5, 108.4, 19274.4, 455.3, 6.1, 126.9, 99.3, 3
2, 127580, 04/12/2018 21:40:05, 30.1, 41.9, 7, 689.2, 243.3, 36.2, 0.6, 0.2, 211.1, 107.4, 11595.8, 297.3, 5.9, 127.4, 106.1, 3.2
2, 127581, 04/12/2018 21:59:05, 21.4, 21.9, 4.6, 169.1, 161.9, 33, 0.4, 0, 100.1, 56, 15530.1, 244.8, 2.6, 76.9, 46.4, 2.2
2, 127582, 04/12/2018 22:19:05, 29.2, 35.9, 7.1, 1119.6, 206.5, 28.4, 0.6, 0, 175.1, 91.9, 16536.4, 393.1, 4.5, 118.7, 47, 5.2
2, 127583, 04/12/2018 22:40:04, 29.1, 32.1, 6.7, 394.1, 271.4, 34, 0.5, 0, 144.2, 82.2, 15681.1, 277.8, 4.6, 115, 42.1, 5.4
2, 127584, 04/12/2018 23:00:05, 40.7, 50.4, 9.5, 1944.7, 557.2, 36.8, 0.7, 3.1, 217, 129, 42996.1, 309.2, 10.1, 205.1, 66.5, 7
2, 127585, 04/12/2018 23:19:04, 36.9, 38.5, 8.4, 2282.6, 586.1, 31.1, 0.7, 3.8, 120.1, 98.5, 53395.4, 354.3, 8.2, 162.9, 76.4, 5
2, 127586, 04/12/2018 23:40:04, 33.3, 36, 8.1, 1030.9, 439.8, 38, 0.6, 0.6, 147.1, 92.3, 43686.5, 282.8, 7.5, 150.8, 80, 5.3
3, 127515, 04/12/2018 00:00:02, 35.6, 60.4, 8, 24578.8, 101.9, 1.7, 0.6, 0, 314.4, 154.7, 68565, 488.8, 30.4, 484.1, 6.7, 13.6
3, 127516, 04/12/2018 00:20:02, 53.5, 112.3, 10.1, 23357.8, 204.1, 2.3, 1.1, 2.8, 363.7, 287.5, 90124.7, 821.5, 64.6, 730.7, 4.1, 15.2
3, 127517, 04/12/2018 00:40:02, 84.5, 119.3, 13.6, 7627.7, 265.5, 1, 2.8, 9.6, 362, 305.3, 109970.1, 795.2, 62.3, 814.7, 3.7, 10
3, 127518, 04/12/2018 01:00:02, 68.5, 108.1, 11.8, 22522.9, 441.4, 0.6, 0.9, 17.8, 308.2, 276.6, 152739.7, 761.1, 51.9, 786.6, 2.8, 8.1
3, 127519, 04/12/2018 01:20:01, 66.5, 103.8, 10.9, 5224.3, 597.4, 0.4, 0.8, 11.8, 332.5, 265.7, 142648.3, 423.1, 49.5, 757.2, 2.8, 7.9
3, 127520, 04/12/2018 01:40:01, 61.9, 84.2, 10.2, 5444.7, 572.6, 0.6, 0.7, 10.7, 276.7, 215.7, 98128.1, 353.7, 45.8, 700.4, 3.3, 7.5
3, 127521, 04/12/2018 02:00:02, 72.6, 96.3, 13.9, 8171.6, 498, 2.4, 0.9, 5.4, 307.5, 246.6, 119519.4, 416, 48.3, 796.4, 3.7, 12.9
3, 127522, 04/12/2018 02:20:01, 62.7, 99.6, 13.2, 2759.5, 369.5, 2, 1, 13.7, 317.8, 254.9, 107238, 354.1, 43.2, 764.9, 2.9, 11.8
3, 127523, 04/12/2018 02:40:02, 55.1, 74.4, 10.9, 2521.5, 321.3, 0.4, 0.7, 2.7, 230.5, 190.4, 91037.9, 301.5, 36.6, 609.4, 2.8, 14.3
3, 127524, 04/12/2018 03:00:01, 63.3, 104.8, 10.9, 21524, 265.7, 4.5, 1.2, 16.6, 337.6, 268.3, 122844.5, 383.1, 44, 739.3, 3, 12.2
3, 127525, 04/12/2018 03:20:01, 69.5, 127.7, 12.2, 60639.8, 250.2, 7.2, 3.6, 14.1, 444.2, 327, 123877, 502.3, 43.1, 806.1, 2.3, 38.7
3, 127526, 04/12/2018 03:40:01, 62.6, 109.1, 12.3, 66912.4, 347.8, 10.1, 1, 9.1, 414.4, 279.2, 117196.9, 368.8, 45.9, 886.7, 2.4, 37.8
3, 127527, 04/12/2018 04:00:01, 81.7, 99, 16, 21398.2, 557.3, 14.4, 4.1, 1.7, 327.7, 253.5, 147321.2, 4945, 47.6, 1011.9, 3.8, 12.6
3, 127528, 04/12/2018 04:20:02, 78.4, 73.2, 13.6, 15649, 566.1, 12.7, 1.5, 0.3, 246.8, 187.4, 115632.5, 5127.8, 41.2, 813.7, 3.6, 9.7
3, 127529, 04/12/2018 04:40:01, 59.3, 55.9, 9.6, 3360.7, 500.7, 2.6, 0.6, 0, 189.9, 143.2, 121944, 5302.5, 36.3, 623.9, 2.9, 8.3
3, 127530, 04/12/2018 05:00:01, 57.8, 68.4, 10.5, 23478.4, 542.8, 9.7, 1, 0, 246.3, 175.2, 103676.3, 2308.3, 41.1, 845.4, 4.8, 10.2
3, 127531, 04/12/2018 05:20:01, 63, 72.8, 11.5, 12414.8, 709.9, 9.3, 0.7, 0, 217.1, 186.5, 116374, 2106.6, 36.7, 881.9, 4.4, 11.9
3, 127532, 04/12/2018 05:40:01, 52.2, 57.4, 8.5, 1417.3, 514.9, 7.4, 0.6, 0, 238.8, 146.9, 113005, 702.5, 34.3, 829.4, 2.6, 8
3, 127533, 04/12/2018 06:00:01, 41.8, 44.4, 6.8, 12863.8, 490.9, 7.5, 0.5, 0, 132.8, 113.7, 85656.1, 7254.5, 31.8, 782.5, 1.4, 7.4
3, 127534, 04/12/2018 06:20:01, 41.9, 50.9, 7.3, 1202.5, 494.2, 10.8, 0.5, 0.3, 164, 130.3, 99803.8, 323.3, 33.6, 809, 5.8, 12.1
3, 127535, 04/12/2018 06:40:00, 42.8, 49.1, 7.7, 1912.6, 348.7, 14, 0.5, 0, 152.4, 125.7, 97333.2, 279.4, 33.7, 755.2, 11.4, 11.9
3, 127536, 04/12/2018 07:00:01, 54.8, 70.3, 9.1, 18480.4, 282, 7.6, 0.6, 0.1, 203.5, 179.9, 121550.2, 418.3, 35.1, 751.8, 9.2, 9.2
3, 127537, 04/12/2018 07:20:01, 75, 86.1, 13.8, 4894.7, 539.8, 3.7, 1.8, 2, 324.3, 220.4, 108458.8, 341, 36.9, 816.6, 7.2, 9.8
3, 127538, 04/12/2018 07:40:01, 67, 88.7, 13.4, 7559.3, 487.7, 6.1, 1, 0.3, 263.9, 227.1, 105059, 300.6, 38.1, 838.6, 9, 10.5
3, 127539, 04/12/2018 08:00:00, 60.3, 84.3, 11, 5263.5, 353.9, 8.2, 0.7, 0.1, 279.6, 215.7, 85298.5, 470.2, 39, 789.1, 11.4, 9.6
3, 127540, 04/12/2018 08:19:59, 59.6, 76.4, 10, 21039.6, 370.8, 20, 1.2, 0.1, 271.7, 195.5, 91535, 478.6, 39.8, 750.8, 6.2, 9.6
3, 127541, 04/12/2018 08:40:00, 55.8, 65.6, 9.1, 18598.9, 427.7, 24.5, 1.4, 0.3, 223.2, 168, 89812.4, 388.1, 39.1, 731.8, 4.5, 7.8
3, 127542, 04/12/2018 08:59:00, 53.3, 64.5, 8.1, 20235.7, 462.2, 21.9, 1.1, 0.2, 280.7, 165.1, 88277, 475.1, 36.4, 705, 4.3, 5.5
3, 127543, 04/12/2018 09:20:00, 55.4, 70.9, 9.5, 2903.7, 528.1, 18.2, 0.8, 0.2, 228.8, 181.4, 79327.4, 386.8, 35.8, 749.9, 4.6, 5.6
3, 127544, 04/12/2018 09:40:00, 57.6, 67, 9.5, 11489.9, 496, 21.6, 2.2, 0.6, 277.4, 171.5, 94656.8, 437.3, 38.4, 841.7, 4.8, 6.8
3, 127545, 04/12/2018 10:00:00, 66.7, 89.9, 9.8, 26135.8, 572.2, 9.8, 2.1, 7.4, 321.4, 230.1, 77799.8, 452.6, 38.5, 742.5, 3.7, 6.3
3, 127546, 04/12/2018 10:20:00, 59.5, 81.1, 9.6, 26501.1, 348.1, 13.2, 1, 7.2, 335.5, 207.7, 81530.6, 3235.4, 36.9, 697.9, 4.3, 5.6
3, 127547, 04/12/2018 10:40:00, 66.3, 91.8, 10.6, 21222.8, 382.2, 5.6, 0.7, 17.9, 300.9, 234.9, 91887, 461, 35.6, 668.2, 5.3, 7.5
3, 127548, 04/12/2018 10:59:59, 67.7, 103.6, 10.8, 62478.6, 437.9, 17.5, 1.7, 25.4, 337.7, 265.3, 127363.1, 381.5, 40.2, 809.6, 4.3, 12.1
3, 127549, 04/12/2018 11:19:59, 63, 83, 9.3, 9555.5, 322, 5.1, 0.9, 14.2, 280.6, 212.5, 94801.3, 335.1, 39, 732.8, 4.4, 6.6
3, 127550, 04/12/2018 11:39:59, 85.3, 130.1, 13.9, 7577.5, 436, 18, 15.1, 12.6, 440.1, 333.2, 97166.6, 304.5, 50.2, 1140.8, 4.1, 7.2
3, 127551, 04/12/2018 12:00:00, 77.7, 109.6, 12, 16432.1, 366.6, 17.6, 2.8, 4.2, 328.8, 280.5, 96974.9, 358.1, 48.5, 1014.8, 4.6, 10
3, 127552, 04/12/2018 12:19:59, 76.9, 103, 12.3, 5783.4, 276, 9.9, 5, 18.8, 311.9, 263.7, 98910.1, 341.6, 45.8, 912.1, 4.1, 8.8
3, 127553, 04/12/2018 12:39:59, 72.8, 113.2, 10.7, 2625.1, 298.8, 17.2, 6.3, 21.7, 339.2, 289.9, 98140.6, 302.3, 46.8, 922.2, 3.9, 5.7
3, 127554, 04/12/2018 12:59:59, 75.4, 118.9, 11.9, 6577.6, 313.5, 10.4, 6.6, 29.4, 538.5, 304.5, 111886.5, 472, 48.1, 913.9, 2.8, 8.2
3, 127555, 04/12/2018 13:19:59, 60.8, 109.7, 10.4, 6111.4, 333.6, 8, 1.6, 39.3, 350.1, 280.8, 80809.3, 544.2, 57.8, 792, 4.1, 7.9
3, 127556, 04/12/2018 13:39:59, 67.9, 121.8, 11.4, 6470.1, 411.6, 21.1, 6.5, 39.8, 460.8, 311.8, 91788.5, 425.5, 60.6, 892.3, 3.8, 8.1
3, 127557, 04/12/2018 13:59:59, 77.4, 120.3, 12.7, 17880.4, 326.7, 12.5, 5.8, 27.6, 443.9, 308, 69315.5, 459.5, 54.9, 1031.2, 2.7, 10.6
3, 127558, 04/12/2018 14:19:59, 81.5, 126.8, 12.4, 3667, 433.7, 21.1, 5.9, 16, 560.8, 324.7, 79706.7, 423.7, 59, 1142.2, 1, 8.6
3, 127559, 04/12/2018 14:39:59, 72.9, 117.7, 12, 5381.6, 425.7, 14.5, 2.5, 8.5, 360, 301.4, 74924.6, 359.6, 60.1, 1248.1, 0.9, 9
3, 127560, 04/12/2018 14:59:58, 70.4, 110.5, 11.7, 23181.4, 275.5, 10, 2.4, 17.2, 369.6, 282.8, 72947.6, 373.6, 58.7, 1129.1, 0.5, 9.3
3, 127561, 04/12/2018 15:19:59, 77.8, 156.2, 12.7, 5400.5, 355.4, 14.2, 13.6, 30.6, 464, 399.9, 79166.3, 444.4, 63.6, 1325.2, 0.7, 8.3
3, 127562, 04/12/2018 15:39:59, 77.1, 157.9, 13.6, 4329.1, 210.1, 9, 12.7, 42.2, 470.4, 404.1, 87454.8, 454.3, 58, 1210.9, 1.8, 9.5
3, 127563, 04/12/2018 15:59:58, 76.1, 152.1, 13.1, 13978.5, 197.1, 6.4, 9, 41.2, 461.8, 389.4, 92298.4, 450.3, 58.8, 1297.5, 1.5, 11.8
3, 127564, 04/12/2018 16:19:58, 79.5, 135.9, 12.8, 3905.8, 411.4, 4.2, 8.2, 25.4, 630.7, 347.9, 76356.4, 350.8, 51.7, 1227.6, 0.7, 7.3
3, 127565, 04/12/2018 16:39:58, 69.1, 113.1, 11.2, 5138.1, 362.3, 17.2, 4.6, 24.9, 374.1, 289.6, 77853.2, 464.6, 47, 1075.2, 1.2, 5.2
3, 127566, 04/12/2018 16:59:58, 68.9, 116, 12, 28044.8, 290, 4.5, 2.5, 11.5, 426.4, 297, 73846.3, 652.9, 50.1, 935.9, 1.6, 9.9
3, 127567, 04/12/2018 17:19:58, 76.9, 107.6, 14.1, 6062.4, 356.5, 7.4, 2.7, 7.9, 417.5, 275.6, 82395.5, 766.6, 46.3, 891.2, 2.2, 8.7
3, 127568, 04/12/2018 17:39:58, 80.2, 135.8, 12.7, 9095.1, 205.5, 17.4, 8.4, 17.8, 505.4, 347.7, 125928.3, 617.4, 56, 1073.1, 2, 12
3, 127569, 04/12/2018 18:00:03, 75.1, 113.4, 11.5, 14155.6, 220.8, 3.3, 2.4, 20.4, 336.1, 290.2, 96844.3, 826.3, 47.5, 992.2, 1.7, 9.2
3, 127570, 04/12/2018 18:20:03, 66.8, 105.9, 11, 1850.7, 197.1, 14, 1.9, 27.5, 312, 271, 108178.2, 1085.7, 46.4, 938.6, 2.8, 7.4
3, 127571, 04/12/2018 18:40:03, 76.1, 103, 12.8, 2574.4, 236.5, 19.2, 2.5, 15.1, 304.3, 263.6, 102966.5, 959.5, 46.3, 963.8, 2.3, 8.9
3, 127572, 04/12/2018 19:00:02, 78.6, 107.7, 13.3, 19900.5, 218.5, 8.2, 4.3, 4.4, 324, 275.6, 104150.8, 514, 45.2, 945.4, 2.1, 11.1
3, 127573, 04/12/2018 19:20:03, 69.8, 89.9, 12.2, 4430, 259.3, 13.8, 4.4, 3.6, 320.9, 230.2, 87682.1, 460.2, 43.2, 741.3, 2.1, 8.1
3, 127574, 04/12/2018 19:40:03, 61.7, 69.5, 11.1, 5815.7, 193.4, 5.1, 0.7, 2.1, 256.4, 177.8, 77892.1, 804.5, 38.9, 637.9, 5.6, 7.6
3, 127575, 04/12/2018 20:00:02, 54.9, 71.8, 9.3, 24208.3, 236.7, 13.3, 0.6, 2.1, 233.5, 183.7, 78701.1, 707.2, 33.5, 533.4, 5.1, 8.2
3, 127576, 04/12/2018 20:20:03, 51.3, 63.6, 8.5, 4492, 277.3, 6.7, 0.5, 0.7, 185.2, 162.8, 73828.5, 586.3, 33.4, 526, 2.3, 6.2
3, 127577, 04/12/2018 20:40:02, 53.6, 87.5, 8.4, 2616.9, 91.3, 9.8, 0.6, 5.9, 570.1, 224.1, 100780.3, 515.8, 36.4, 692.7, 1.7, 5.2
3, 127578, 04/12/2018 21:00:03, 51.1, 164.8, 9.3, 17150.1, 229.2, 30.4, 1.7, 4.3, 640.2, 421.9, 115802.1, 536.4, 46.8, 1307.3, 2.6, 14.5
3, 127579, 04/12/2018 21:20:03, 59.6, 117.5, 9, 2240.5, 352.2, 64.1, 3.7, 11.3, 497, 300.9, 71483, 634.3, 43.5, 1273.8, 2.6, 7.1
3, 127580, 04/12/2018 21:40:03, 56.7, 118.4, 9.1, 847.8, 380.5, 65.5, 4.6, 15.2, 545.2, 303.2, 75455.2, 298.1, 39.6, 1066.6, 2.8, 8.6
3, 127581, 04/12/2018 21:59:02, 42, 57.3, 7.6, 12241.1, 195.7, 9.3, 0.5, 0, 357.3, 146.8, 77377.9, 173.7, 38.8, 1138.5, 2.2, 6
3, 127582, 04/12/2018 22:20:02, 48.7, 53.7, 6.7, 1227.7, 162, 2.8, 0.4, 0, 159.7, 137.5, 66930.6, 681, 29.1, 503.1, 2.8, 3.4
3, 127583, 04/12/2018 22:40:02, 44.9, 49.9, 6.5, 1280.2, 184.9, 4.5, 0.4, 0, 363.2, 127.8, 63974.5, 826.7, 27, 494.3, 2.8, 3.1
3, 127584, 04/12/2018 23:00:02, 60.5, 75.1, 11.5, 21554.5, 144.4, 7.6, 0.6, 0.5, 400.5, 192.2, 63632.3, 732.4, 31.9, 608.4, 16.6, 7.5
3, 127585, 04/12/2018 23:19:02, 48.7, 47.4, 9, 1740.7, 110.1, 5.1, 0.5, 0.1, 139.3, 121.4, 64826.6, 840.4, 25.2, 471.1, 19, 3.5
3, 127586, 04/12/2018 23:40:02, 46, 46.1, 8.2, 857.1, 99.3, 5.6, 0.5, 0.2, 150.7, 118, 57066, 227, 25.1, 481.9, 14.3, 2.9
4, 127515, 03/12/2018 23:59:56, 52.6, 58.2, 7.6, 20068.2, 237.8, 7.3, 0.4, 0.1, 329.1, 149, 56012.9, 254.4, 21.9, 519.1, 1.6, 5.2
4, 127516, 04/12/2018 00:19:56, 59.7, 125, 9.2, 18328.6, 167, 4, 0.8, 0.9, 525.3, 320.1, 95784.5, 487.8, 63.5, 795.3, 5.8, 10.2
4, 127517, 04/12/2018 00:39:56, 67, 136.9, 10.8, 12913.2, 210.5, 3.4, 0.9, 1.5, 475.4, 350.3, 84812.1, 556.5, 65.5, 816.8, 1.8, 8.6
4, 127518, 04/12/2018 00:59:56, 69.6, 150.1, 13.8, 25524.9, 250.5, 2.7, 1, 1.4, 442.7, 384.2, 74593.8, 271.5, 64.9, 784.4, 2.9, 10.5
4, 127519, 04/12/2018 01:19:55, 67.8, 145.9, 12, 9878.7, 486.4, 2.1, 2.9, 0.4, 424.9, 373.4, 58392, 250.8, 58.8, 771.3, 2.6, 9.8
4, 127520, 04/12/2018 01:40:11, 60.9, 120.2, 10.4, 6409.2, 694, 0.3, 0.7, 2.1, 389.4, 307.6, 50629.1, 241.1, 56.1, 641, 4.4, 7.2
4, 127521, 04/12/2018 02:01:10, 86.7, 120.7, 15.8, 38650.7, 517, 3.6, 2.9, 3.7, 344.5, 308.9, 82167.6, 247.7, 51.3, 769.1, 7.4, 12.6
4, 127522, 04/12/2018 02:20:10, 84.7, 103, 14, 8983, 555.1, 1.4, 7.4, 9.9, 311.6, 263.6, 68813.4, 182.3, 36.7, 681.5, 7.2, 8.4
4, 127523, 04/12/2018 02:40:10, 72.1, 95.4, 13.5, 15842.1, 398.3, 0.6, 1.1, 9.2, 319.2, 244.3, 58245.4, 165.4, 32.1, 580.1, 5.4, 14.6
4, 127524, 04/12/2018 03:00:10, 59.1, 95, 11, 17197.7, 373.6, 1.3, 0.9, 1.2, 341.3, 243.3, 55800.3, 181.1, 32.5, 666.6, 4.1, 16.2
4, 127525, 04/12/2018 03:19:10, 75.2, 125.1, 13.4, 81581.7, 334, 3.8, 4.2, 2.3, 516, 320.3, 102648.3, 251.7, 37.8, 836.4, 4.8, 47.3
4, 127526, 04/12/2018 03:40:10, 72.1, 109.2, 14.2, 58321.5, 475.1, 10.6, 1.7, 0.6, 510, 279.7, 50980.9, 129.5, 36.9, 955.9, 2.5, 36.9
4, 127527, 04/12/2018 03:59:30, 77.3, 99, 15, 21424.7, 366.2, 10.8, 1.5, 10.7, 346.2, 253.3, 108640.6, 284, 37.9, 893.4, 1.7, 20.1
4, 127528, 04/12/2018 04:19:30, 78.7, 85.5, 14.8, 6930.2, 294.7, 6.3, 1.5, 2.9, 382.8, 218.9, 75652.5, 287.6, 33.7, 704.8, 1.9, 18
4, 127529, 04/12/2018 04:39:30, 84.5, 81.7, 13.8, 7187.8, 322.9, 4, 1.3, 0.2, 253, 209.2, 92363, 2693.3, 33.8, 536.4, 4.4, 13.1
4, 127530, 04/12/2018 05:00:30, 75.6, 101.6, 13.1, 30304.6, 362.8, 4.2, 3.1, 0.7, 377.6, 260, 110678.5, 2117.6, 39.2, 866, 9.9, 10.6
4, 127531, 04/12/2018 05:19:29, 61.6, 65.7, 10, 9568.1, 501.2, 5.8, 0.7, 0.4, 245.1, 168.2, 74031.8, 150.9, 26.8, 671.6, 4.1, 7
4, 127532, 04/12/2018 05:39:55, 53.1, 50.4, 8.6, 17312.5, 319.3, 8, 0.5, 0.2, 145.9, 129.1, 61921.4, 107.9, 23.6, 373.4, 7.2, 5.2
4, 127533, 04/12/2018 05:59:55, 64.2, 106, 13.4, 25511.5, 279.6, 6.6, 1.3, 27.1, 382.6, 271.3, 75742.8, 148.6, 27.4, 559.3, 9, 8.8
4, 127534, 04/12/2018 06:19:54, 56.7, 93, 12.9, 15662.4, 122.4, 6.1, 0.7, 9.2, 282.3, 238, 74956.6, 149, 25.7, 557.9, 6.4, 12.5
4, 127535, 04/12/2018 06:39:54, 54.5, 79.9, 14.4, 14404.4, 196.2, 6.5, 0.9, 4, 239.5, 204.6, 79337.6, 129.8, 23.7, 545.6, 7.6, 19.6
4, 127536, 04/12/2018 06:59:54, 68.3, 96.9, 13, 21785.2, 379, 5.1, 1.7, 4.5, 340.4, 248.1, 77769.5, 246.1, 27.5, 658.6, 3.2, 17
4, 127537, 04/12/2018 07:19:53, 70.7, 94.7, 13.5, 7087.6, 330.3, 8.5, 3.7, 0.3, 355.9, 242.4, 77697.7, 277.2, 27.5, 705, 1.7, 18.5
4, 127538, 04/12/2018 07:39:54, 71.9, 102.4, 13.4, 4103.1, 358.7, 18.2, 2.1, 0.2, 367, 262.1, 105221.6, 217, 27.7, 786.5, 5.2, 12
4, 127539, 04/12/2018 07:59:59, 82.4, 120.3, 17, 48383.7, 410.1, 11.4, 4.4, 1.2, 389.5, 308.1, 96369.6, 123.8, 33.8, 889.6, 5.2, 21.9
4, 127540, 04/12/2018 08:19:59, 56.7, 79.1, 11.9, 3398.9, 417.8, 15.8, 1.4, 0.2, 330.8, 202.4, 61338.8, 100.1, 26.3, 696.3, 2.1, 15.9
4, 127541, 04/12/2018 08:39:59, 46.8, 61.9, 9.3, 38382.1, 139, 11.3, 0.6, 0.2, 200.5, 158.5, 64065.2, 121.1, 22.3, 525.4, 1.8, 15
4, 127542, 04/12/2018 08:59:59, 60.3, 82.1, 12, 23074.5, 213.7, 24.2, 0.7, 6.9, 299.4, 210.2, 78683.1, 166, 26.5, 646.2, 1.7, 12.9
4, 127543, 04/12/2018 09:19:59, 65.5, 82.8, 15.2, 5823.7, 253.1, 14.4, 1.1, 2.6, 278.3, 211.8, 119257, 253.9, 28.2, 643.2, 2.6, 13.9
4, 127544, 04/12/2018 09:39:58, 57.5, 64.6, 12.2, 8431.4, 124.9, 12.5, 0.7, 0.3, 216.1, 165.3, 73712.7, 394.1, 27, 553.2, 2.8, 14.6
4, 127545, 04/12/2018 09:59:58, 75, 91.4, 13.7, 20617, 230.7, 9.3, 1.3, 3, 280.4, 233.9, 94455.9, 177.9, 31.1, 689.5, 3.3, 14.4
4, 127546, 04/12/2018 10:19:59, 69.5, 107.4, 13, 3219.1, 416.5, 7.4, 2.7, 4.2, 1262.9, 274.9, 118624.6, 184.8, 32.3, 778.1, 3.6, 11
4, 127547, 04/12/2018 10:39:59, 52.9, 72.2, 9.9, 4417.3, 455.8, 18.2, 0.6, 12.6, 235.7, 184.7, 136457.3, 160.9, 28, 644.5, 3, 9.5
4, 127548, 04/12/2018 10:59:58, 55.3, 76.1, 8.8, 19926.5, 333.2, 13.9, 0.6, 10.6, 244.7, 194.9, 103910.2, 203.9, 28.6, 714.5, 2.4, 13.6
4, 127549, 04/12/2018 11:19:58, 42.3, 55.9, 8.2, 5674.8, 285.6, 13.5, 0.6, 1, 219.5, 143.2, 87229.8, 131.2, 28.2, 703.5, 2.1, 11.6
4, 127550, 04/12/2018 11:39:58, 57.6, 79.1, 10.5, 5150.6, 197.8, 6.9, 0.6, 0.1, 303.2, 202.4, 99359.1, 147.6, 29.9, 789.7, 3.8, 10.1
4, 127551, 04/12/2018 11:59:58, 64.6, 91.9, 10.5, 42125.2, 295, 6.5, 0.7, 4.7, 287.1, 235.2, 105936, 162.8, 34.5, 861.8, 1.8, 11.5
4, 127552, 04/12/2018 12:19:58, 83.5, 101.2, 12.3, 12768.8, 344, 3.6, 6.1, 9.7, 343.3, 259, 118688.7, 138.8, 36.2, 942.9, 1.8, 9.9
4, 127553, 04/12/2018 12:39:58, 62.1, 81, 10.1, 8486.2, 184.5, 4.3, 0.7, 0.1, 249.8, 207.5, 100603.4, 129, 33.7, 892.7, 1.6, 8.7
4, 127554, 04/12/2018 12:59:57, 72.9, 87.7, 13.4, 30949.7, 362.2, 8.3, 1.4, 1.9, 270.7, 224.5, 119326.3, 134.8, 33.8, 965.3, 1.4, 12.5
4, 127555, 04/12/2018 13:19:57, 64.9, 69.8, 10, 3686.6, 269, 4.9, 0.6, 0.2, 221.1, 178.8, 107724.7, 125.9, 33.5, 918.1, 1.9, 9.2
4, 127556, 04/12/2018 13:39:57, 76.3, 87.1, 12, 6883.8, 409.6, 5.2, 1.6, 5.4, 256.9, 223.1, 92813.7, 228.6, 32.7, 882.8, 2.4, 10.1
4, 127557, 04/12/2018 13:59:57, 74.1, 103.9, 13, 20081.9, 199.1, 12.2, 3.9, 2.7, 440.9, 265.9, 94383, 236.8, 36.5, 1035.8, 3.8, 15.1
4, 127558, 04/12/2018 14:19:58, 64.4, 105, 11.2, 3947, 339.3, 12.8, 3.4, 0.4, 420.8, 268.9, 65858.1, 171.6, 39.7, 1254.4, 1.8, 11
4, 127559, 04/12/2018 14:39:57, 46.3, 67.8, 7.3, 3049.9, 224.4, 20.9, 0.5, 0, 295.1, 173.6, 63992.5, 278.9, 38.3, 1063.4, 1.3, 6.8
4, 127560, 04/12/2018 14:59:57, 86.3, 106.4, 12.6, 18690.4, 229.6, 25.6, 6.2, 1.8, 332, 272.5, 119794.2, 134, 43.9, 1268.3, 2.9, 13.2
4, 127561, 04/12/2018 15:19:57, 86.9, 114.4, 15.6, 4220.4, 383.6, 5.7, 9.4, 1.4, 343, 292.8, 95520.7, 173.3, 42.2, 1221, 4.1, 11.9
4, 127562, 04/12/2018 15:40:57, 78.9, 93.3, 16.7, 4830.1, 189.5, 6.5, 3.4, 5.7, 323.7, 238.8, 118829.6, 179.9, 41.9, 1197.6, 5.5, 12.2
4, 127563, 04/12/2018 15:59:57, 82, 101.4, 14.2, 23403.7, 391.7, 6.5, 3.1, 1.5, 334.7, 259.7, 87322.3, 236.1, 40, 1242.3, 3.9, 9.7
4, 127564, 04/12/2018 16:19:57, 68.4, 85.5, 11, 6835.8, 358.4, 7.5, 1, 1, 285.9, 218.9, 86010.7, 176.2, 37.5, 1210.6, 3, 8.2
4, 127565, 04/12/2018 16:39:57, 54.3, 64.7, 8.7, 4983.7, 319.8, 6.5, 0.6, 0.1, 215.1, 165.7, 90775.5, 111.3, 37.7, 1220.9, 4.5, 7.1
4, 127566, 04/12/2018 17:00:02, 58.6, 80.8, 9.5, 12211.7, 256.8, 16.1, 1.3, 0.9, 269.1, 206.8, 92362.1, 141.3, 34, 1105.1, 2.5, 9.6
4, 127567, 04/12/2018 17:20:02, 59.5, 68.6, 10.8, 3922.2, 389.5, 18.5, 0.8, 0.4, 364.7, 175.7, 68829.7, 191.6, 29.7, 833, 2.7, 8.3
4, 127568, 04/12/2018 17:40:02, 56.2, 68.2, 9.1, 8904.4, 377.5, 10.1, 0.6, 0.6, 229.2, 174.6, 103642.6, 142, 29.8, 858, 2, 8.2
4, 127569, 04/12/2018 18:00:02, 59.6, 77, 10.3, 22636.3, 442.8, 9, 0.9, 4.8, 261.2, 197.2, 149205.2, 256.7, 33.9, 847.2, 1.9, 9.8
4, 127570, 04/12/2018 18:20:02, 63.3, 86.8, 12.7, 6766.2, 394.5, 11.6, 1.5, 18.9, 284.3, 222.3, 96326.7, 199.5, 31.7, 739.4, 4.7, 8.2
4, 127571, 04/12/2018 18:40:02, 55.3, 55.9, 9.7, 6828.4, 678.1, 11.2, 0.7, 0.3, 215.4, 143, 68854.4, 179, 30.7, 688.6, 3.3, 6.3
4, 127572, 04/12/2018 19:00:02, 48.4, 64, 8.7, 17724.4, 380.7, 4.1, 0.6, 0.3, 262.1, 163.8, 71709.1, 213.5, 31.9, 785.6, 4.8, 7.1
4, 127573, 04/12/2018 19:20:01, 43.1, 50.3, 8.8, 2131.6, 312.6, 3.3, 0.5, 0.2, 167.8, 128.7, 65797.2, 136.2, 28.9, 669, 9.4, 7.2
4, 127574, 04/12/2018 19:40:01, 32.6, 36.9, 6.8, 2721, 273, 5.5, 0.5, 0, 144.7, 94.5, 60493.9, 168.5, 26.3, 579.2, 4.3, 6.3
4, 127575, 04/12/2018 20:00:01, 53.5, 61, 8.6, 34139.9, 378.6, 7.1, 0.8, 1, 240.3, 156.3, 92071.2, 131.3, 26, 677.4, 4.2, 8.1
4, 127576, 04/12/2018 20:20:01, 27.6, 32.4, 5.6, 3262.9, 266.1, 10.3, 0.4, 0, 131.4, 83, 77015.2, 116.7, 24.1, 605.5, 5.5, 4.8
4, 127577, 04/12/2018 20:40:01, 31.7, 40.6, 6.7, 3562.7, 245.3, 5.4, 0.5, 0.2, 243.6, 103.9, 99653.1, 149, 23, 550.3, 4.7, 5.1
4, 127578, 04/12/2018 21:00:00, 70.7, 103.2, 13.8, 28063.5, 270.9, 3.2, 2.6, 9.9, 576.5, 264.1, 151092.1, 248.9, 35.9, 897.3, 3.6, 13.2
4, 127579, 04/12/2018 21:20:01, 64.4, 94.2, 12, 6213, 205.1, 0.7, 3.1, 6.6, 354.7, 241.1, 110809.2, 187.6, 29.3, 778.4, 3.3, 7.1
4, 127580, 04/12/2018 21:41:05, 57.4, 75, 13.2, 12785.6, 194.2, 0.6, 0.8, 1.1, 248, 192, 97005.6, 209.5, 26.6, 618.9, 2.9, 9.6
4, 127581, 04/12/2018 21:59:05, 57.9, 68.3, 11.4, 27580.5, 291.1, 3.5, 1.6, 1.3, 272.7, 174.9, 41191.2, 203, 21.2, 509.8, 1.1, 9.6
4, 127582, 04/12/2018 22:19:06, 28.9, 41.2, 6.2, 5714.4, 38.2, 0.7, 0.5, 0, 133.4, 105.5, 49705.2, 177.6, 18.5, 348.4, 1.5, 6.6
4, 127583, 04/12/2018 22:40:05, 29.9, 36.6, 6.2, 6114.3, 50.9, 7.7, 0.4, 0, 154.1, 93.6, 46692.1, 177.4, 17.4, 338.5, 1.7, 4.9
4, 127584, 04/12/2018 23:00:05, 31.1, 41.6, 6.3, 15385.7, 192.1, 8.4, 0.4, 0.2, 175.1, 106.6, 76968.1, 207.2, 18.8, 459.2, 1.3, 5.7
4, 127585, 04/12/2018 23:19:06, 22.9, 31.9, 5.2, 5628.6, 94.2, 10.6, 0.4, 0, 154.4, 81.8, 51500.4, 174.2, 17.1, 415.3, 1.6, 6
4, 127586, 04/12/2018 23:40:05, 23.8, 27.6, 5.2, 7365.4, 101.4, 9.7, 0.4, 0, 95.9, 70.6, 50566.3, 163, 16.1, 344.2, 1.3, 6.6
