HOST, TIME, SNAP_ID, SYS_CPU, SYS_DBTIME, SYS_SYSPCT, SYS_READ, SYS_WRITE, SYS_REDO, SYS_OSWAIT, SYS_RMWAIT, SYS_ACTSESS_MAX, SYS_ACTSESS_AVG, SYS_PGA, SYS_PXRUNS, SYS_PXQCT, SYS_PXSRVT, SYS_UCALLS, SYS_IOWAIT
1, 15/01/2019 23:59:20, 130355, 45.2, 60.9, 11.2, 583.4, 481.7, 48.2, 0.9, 0, 213.5, 156, 40107.9, 72.3, 5.8, 126.4, 146.2, 12.7
1, 16/01/2019 00:19:19, 130356, 50.5, 86.8, 12, 16542, 303.7, 47.4, 2.9, 9, 293.5, 222.1, 46646.8, 170.8, 13, 221, 142.1, 31.5
1, 16/01/2019 00:40:19, 130357, 63.3, 98.1, 14.7, 5389.5, 393.5, 46.6, 1.2, 21.7, 305.3, 251.2, 45421.6, 332.6, 21.2, 267.2, 155.5, 10.9
1, 16/01/2019 00:59:20, 130358, 79.8, 108.2, 18.7, 5233.5, 428.2, 41.7, 5.2, 9, 333.4, 277, 67452.1, 877, 28.1, 388.1, 143.5, 17.1
1, 16/01/2019 01:19:20, 130359, 66.8, 97.8, 15.2, 2839.9, 398.4, 42.6, 2.3, 11.9, 334.2, 250.3, 74122.6, 401, 25.4, 316.4, 144.4, 13.7
1, 16/01/2019 01:39:20, 130360, 55.7, 71.4, 13.4, 1056.8, 342, 39.6, 1, 5, 236.7, 182.8, 44542.3, 374.1, 22.5, 270.6, 160.4, 8
1, 16/01/2019 01:59:19, 130361, 62.9, 89.2, 15.2, 1791.2, 396, 59, 1.3, 3.8, 350, 228.3, 41414.4, 476.7, 20.3, 266.1, 200, 6.7
1, 16/01/2019 02:19:19, 130362, 64.9, 81.9, 15.1, 5055.5, 300.4, 48.1, 1.6, 0.6, 277.1, 209.6, 52214.1, 608.3, 17.8, 260.7, 159.9, 6.1
1, 16/01/2019 02:39:18, 130363, 84.6, 99.9, 17.5, 4958.9, 213.6, 43.2, 4.9, 10.1, 276.7, 255.7, 44687.7, 665.3, 22.8, 388.4, 164, 10.4
1, 16/01/2019 02:59:19, 130364, 84.1, 103, 17.4, 4631.7, 244.3, 43, 10.8, 15.6, 323.3, 263.8, 41015.1, 336, 22.4, 378.9, 137.7, 7.1
1, 16/01/2019 03:20:19, 130365, 65.5, 96.1, 15.4, 1999.4, 244, 35.8, 3.4, 7.4, 310.8, 246, 51494.1, 77.9, 17.2, 278.9, 110.1, 28.6
1, 16/01/2019 03:39:19, 130366, 39.9, 87, 10.6, 1838.8, 201.3, 31, 0.8, 2.3, 292, 222.7, 49216.8, 56.7, 16, 227.2, 80.8, 51.5
1, 16/01/2019 03:59:19, 130367, 46.6, 83.6, 13.4, 1872.8, 316.3, 36.7, 1, 0.3, 299.9, 214, 56579.2, 134.9, 14.1, 172.4, 125.6, 15.2
1, 16/01/2019 04:19:18, 130368, 62.2, 79, 16.7, 1439.7, 545.2, 49.3, 1.2, 0, 264.5, 202.2, 55114.2, 106.9, 11.4, 150.4, 162.5, 13.7
1, 16/01/2019 04:39:19, 130369, 42.5, 57.2, 11.5, 588.5, 530.3, 34.5, 0.9, 0, 216.2, 146.4, 42596.1, 51.4, 6.2, 88.7, 133.6, 12.3
1, 16/01/2019 05:00:18, 130370, 38.9, 52.2, 9.3, 740.5, 529.2, 28.5, 0.7, 0, 214.2, 133.7, 69573.2, 48.2, 4.8, 85.1, 119.5, 9.8
1, 16/01/2019 05:19:18, 130371, 44.4, 64.6, 11.2, 1989.2, 409, 35.8, 0.8, 0.4, 299.1, 165.4, 67051.3, 123.8, 4.7, 81, 113.1, 9.3
1, 16/01/2019 05:40:18, 130372, 38.6, 54, 10.5, 2440.4, 310, 37.3, 0.9, 0.1, 288.8, 138.3, 68481, 82, 3.8, 72.2, 150.1, 11
1, 16/01/2019 05:59:18, 130373, 51.4, 74, 13.1, 629, 300.9, 50.4, 1, 0, 258, 189.5, 64216.4, 58.9, 3, 95.2, 158.1, 9.1
1, 16/01/2019 06:20:18, 130374, 43.5, 55.7, 12.2, 286.4, 342.3, 53.2, 1, 0, 198.5, 142.6, 41301, 75.9, 2.3, 29.5, 160.5, 9.4
1, 16/01/2019 06:40:19, 130375, 42.8, 66, 12.7, 2044.8, 267.3, 48.1, 1, 0.2, 285.6, 169.1, 11983, 194.6, 4.5, 82.6, 138.8, 7.7
1, 16/01/2019 06:59:18, 130376, 39.5, 44.5, 11.8, 269.3, 287.8, 51.5, 1, 0, 164.3, 114, 12417.7, 54, 2.1, 19.1, 170.2, 9.5
1, 16/01/2019 07:19:18, 130377, 42.5, 50.3, 12.8, 202.9, 318.9, 52.6, 1, 0, 195.9, 128.8, 10431.1, 43, 1.7, 13.4, 140.9, 12.6
1, 16/01/2019 07:39:18, 130378, 43.1, 78.4, 12.8, 1632.9, 299.4, 50.3, 1, 0.2, 357.5, 200.8, 15716.6, 166.7, 3.9, 84.6, 114.4, 17.8
1, 16/01/2019 08:00:18, 130379, 49.3, 89.5, 13.8, 400.2, 354, 53.5, 1.1, 0.4, 349.1, 229.2, 16304.1, 29.6, 6.3, 84.4, 129.2, 14.2
1, 16/01/2019 08:19:18, 130380, 46.2, 70.3, 13.9, 215.5, 368.4, 70.4, 1.1, 0, 271, 179.9, 10561.4, 22.9, 3, 27.4, 130.7, 15.7
1, 16/01/2019 08:40:18, 130381, 42.5, 69.7, 13.3, 110.7, 355.8, 68.9, 1.1, 0, 262.4, 178.3, 10685.9, 67.9, 1.5, 10.4, 131.7, 16.1
1, 16/01/2019 09:00:18, 130382, 56.9, 84, 17, 2440.1, 354.5, 62.5, 1.3, 0.3, 281.8, 214.9, 13947, 191.4, 6.6, 131.8, 127.2, 22.4
1, 16/01/2019 09:19:18, 130383, 56.7, 106.8, 17.9, 507.5, 336.3, 64, 1.3, 0, 336.3, 273.5, 19730.2, 81.1, 9.2, 254.7, 126.9, 17.2
1, 16/01/2019 09:40:18, 130384, 74.1, 102.1, 23.9, 761.9, 306.9, 62.2, 1.9, 0.5, 341.4, 261.4, 19563.3, 66.9, 7.2, 197.6, 131.2, 29.9
1, 16/01/2019 10:00:18, 130385, 68.4, 108.5, 22.4, 1212.9, 377.4, 54.2, 2, 0, 395.2, 277.9, 22945.2, 50.5, 8.7, 217.4, 120.1, 34.1
1, 16/01/2019 10:19:18, 130386, 73.8, 98, 23.8, 1281.9, 330.8, 53.9, 1.8, 0.1, 322.6, 250.8, 17977.1, 50, 7.9, 208.2, 126.9, 35.3
1, 16/01/2019 10:39:18, 130387, 70.6, 97, 22.4, 1821.2, 284.8, 59.2, 1.6, 0.4, 286.7, 248.3, 21015.4, 70.5, 7.6, 206, 128.4, 39.8
1, 16/01/2019 11:00:17, 130388, 70.1, 107.4, 20.8, 1017.2, 425.5, 55.7, 1.9, 0.9, 354.2, 275, 28861.3, 62.2, 8.8, 229.6, 128.7, 41.9
1, 16/01/2019 11:19:17, 130389, 78.9, 103.2, 22.7, 1671.7, 325.1, 60, 2.8, 0, 380.8, 264.3, 21943.3, 72.5, 8.7, 225, 152, 23.7
1, 16/01/2019 11:40:18, 130390, 70.5, 94.5, 21.6, 2456, 293.6, 62.1, 2, 0.1, 326.9, 242, 17637.6, 53.9, 6.8, 182.5, 152.2, 23.6
1, 16/01/2019 12:00:17, 130391, 63.8, 93.4, 20, 1149.9, 331.8, 56.8, 1.5, 1.9, 387.4, 239.2, 42168.6, 19, 6, 162.2, 153, 23.9
1, 16/01/2019 12:19:17, 130392, 71.1, 95, 22.3, 2219.5, 310.7, 57.7, 1.8, 1.7, 316.2, 243.1, 35722.9, 44.9, 8, 203.1, 153.1, 24.8
1, 16/01/2019 12:39:17, 130393, 65, 87.6, 22.2, 944.7, 289.6, 55.8, 1.6, 0.2, 362.7, 224.2, 13816.8, 25.7, 6.2, 161.8, 164, 23.6
1, 16/01/2019 13:00:17, 130394, 61.5, 88.5, 21, 715.5, 292.2, 56.7, 1.7, 0, 368.1, 226.5, 13682.5, 63.1, 5.1, 130.2, 159.6, 22.7
1, 16/01/2019 13:20:17, 130395, 70.4, 94.7, 23.4, 1539, 328.7, 61.1, 1.7, 0.3, 308, 242.5, 16287.5, 62.1, 6.8, 170.2, 166.7, 23.2
1, 16/01/2019 13:40:16, 130396, 76, 98.8, 24.2, 947.2, 367.2, 66.4, 2, 0.4, 341.5, 253, 18007.8, 55.9, 7.3, 182.3, 164.2, 21.9
1, 16/01/2019 14:00:17, 130397, 64.7, 91.9, 18.7, 903, 350.1, 71.1, 1.7, 0, 301.5, 235.1, 11682, 48, 6.2, 156, 166.5, 15.1
1, 16/01/2019 14:20:17, 130398, 38.2, 67, 11.9, 167.3, 296.9, 64.7, 1, 0, 316.7, 171.5, 11288.9, 64.1, 3.6, 79.2, 172.7, 6.4
1, 16/01/2019 14:40:16, 130399, 48.1, 60.6, 14.3, 275.4, 323.3, 69.5, 1.1, 0, 251.1, 155.2, 12521.8, 65.3, 3, 61.2, 196.2, 8.1
1, 16/01/2019 14:59:16, 130400, 46.5, 97, 13.7, 1456.9, 298.5, 57.7, 1.1, 0.3, 329.8, 248.2, 13020.1, 117.8, 4.5, 90.7, 137.4, 8.6
1, 16/01/2019 15:19:16, 130401, 53.2, 67.5, 15.3, 1224, 349, 64.3, 1.2, 0.1, 234.6, 172.9, 13637.9, 108.1, 4.2, 80.4, 180.9, 9.6
1, 16/01/2019 15:39:16, 130402, 46.6, 66.8, 13.7, 411.1, 299.9, 63.7, 1.1, 0, 213, 171.1, 18016.9, 209.6, 3.6, 70.6, 176.4, 10.4
1, 16/01/2019 16:00:16, 130403, 59.9, 80.3, 15.8, 732.6, 415.3, 61.3, 1.2, 0.1, 311.3, 205.6, 45273.5, 287.2, 5.6, 122, 161.2, 10.2
1, 16/01/2019 16:19:16, 130404, 64.1, 86.3, 16.6, 872.5, 533.1, 64, 1.4, 0.1, 313.3, 220.8, 73886.4, 154.2, 5, 101.3, 155.6, 9.1
1, 16/01/2019 16:40:16, 130405, 72.2, 107.6, 17.7, 2066.7, 482.5, 63.2, 2.8, 6.6, 378.6, 275.4, 74430, 218.4, 8.9, 203.9, 156.7, 10.8
1, 16/01/2019 17:00:16, 130406, 88.8, 134.8, 18.6, 6385.8, 426, 54.4, 11.9, 4.5, 444.2, 345.2, 72734, 205.3, 17.8, 321, 126.6, 11.8
1, 16/01/2019 17:20:16, 130407, 87.8, 150.6, 18.4, 3871.4, 446.7, 47.1, 20.6, 5.3, 474.6, 385.6, 59989.9, 183.3, 16.9, 349.6, 118.5, 9.4
1, 16/01/2019 17:39:16, 130408, 93.3, 122.7, 20.9, 3176.8, 504.6, 64.1, 14.9, 3.2, 358.6, 314.1, 65769.7, 227, 18.6, 370.8, 155.3, 10.6
1, 16/01/2019 18:00:16, 130409, 90.6, 184.7, 21.1, 4425.9, 371.1, 56.5, 37.8, 33.5, 592.3, 472.7, 71905.5, 208.5, 29.1, 564.7, 139.2, 28.9
1, 16/01/2019 18:20:16, 130410, 90.6, 125, 21.6, 2909.1, 543.6, 59.7, 11.5, 1.1, 416.3, 320, 79290.2, 191.3, 19.7, 374.5, 140.4, 17.2
1, 16/01/2019 18:40:15, 130411, 77.5, 104.6, 18.1, 1970.9, 622.1, 59.7, 3, 2.3, 383.7, 267.7, 62079.4, 248.1, 16.1, 272.7, 147.9, 9.9
1, 16/01/2019 18:59:16, 130412, 88.3, 113, 20.8, 1806.2, 582.2, 65.9, 10.5, 1.9, 390.2, 289.3, 69680.2, 182.2, 12.1, 220.5, 151.5, 15.1
1, 16/01/2019 19:20:15, 130413, 73, 144.6, 19.9, 2054.8, 684.6, 48.9, 2.7, 0.5, 477.9, 370.2, 62423.8, 212.2, 14.8, 279.9, 145.3, 45.6
1, 16/01/2019 19:40:15, 130414, 62.6, 145.9, 17.8, 1275.2, 430.4, 33.7, 1.3, 1.4, 460.8, 373.6, 62119.7, 282.7, 13.8, 276.3, 118.8, 34.5
1, 16/01/2019 19:59:16, 130415, 76.8, 163.5, 18.9, 2446.8, 428.1, 35.8, 6.6, 3, 556.8, 418.7, 68897.1, 247.6, 18, 434.9, 114.8, 17.5
1, 16/01/2019 20:21:15, 130416, 75.1, 167.6, 19.2, 3624.8, 487.5, 27.1, 5.7, 10.3, 532.7, 429, 74046.7, 219.1, 18.5, 523.5, 88.9, 19
1, 16/01/2019 20:40:16, 130417, 75.9, 142.4, 21.7, 966.1, 396.2, 44.7, 5.6, 20.6, 460.3, 364.5, 74234.1, 231.7, 14.9, 439, 115.8, 19.6
1, 16/01/2019 21:00:15, 130418, 87.5, 137, 22.1, 1518.2, 423.2, 43.8, 15.1, 19.9, 396.6, 350.6, 72633.9, 158.2, 16.4, 469, 107.5, 25.9
1, 16/01/2019 21:20:15, 130419, 89.1, 121.8, 22.2, 1135, 469.7, 47.3, 15.8, 18.5, 334.1, 311.9, 71779.2, 186.3, 15.3, 441.5, 123.6, 15.9
1, 16/01/2019 21:40:15, 130420, 96.8, 113.4, 25.6, 1312, 362.5, 46.2, 13.8, 0.9, 319.1, 290.4, 71092.4, 230.9, 14.7, 412.1, 122.4, 23.7
1, 16/01/2019 22:00:14, 130421, 82.4, 117.9, 23.3, 1495.7, 336.1, 35.5, 2.4, 0.1, 384.1, 301.9, 75796.2, 162.3, 14, 384.2, 105.9, 21
1, 16/01/2019 22:19:15, 130422, 78.6, 94.8, 23.1, 1099.4, 333.4, 30.8, 1.9, 0.1, 342.2, 242.8, 30311.2, 182.4, 11.6, 322.5, 121, 18.7
1, 16/01/2019 22:39:15, 130423, 85.9, 109.2, 23.8, 1312.1, 391.9, 30.1, 4.4, 1.8, 346.6, 279.7, 31617.1, 229.3, 13.4, 380, 110.7, 19.9
1, 16/01/2019 22:59:14, 130424, 81, 103.5, 22.6, 888.6, 294.5, 37.3, 2.1, 0.1, 343.9, 264.9, 47138.9, 191.9, 11.4, 337.1, 118.1, 21
1, 16/01/2019 23:20:15, 130425, 89.3, 105, 25.5, 1133.4, 301.6, 42.8, 4.8, 0, 325.5, 268.7, 55555.4, 190, 11.8, 362.1, 152.3, 19
1, 16/01/2019 23:39:14, 130426, 84.5, 98.2, 24.9, 906.2, 273.7, 47.6, 3.6, 0, 290.7, 251.5, 64601.8, 228, 10.1, 323.1, 171.5, 18.4
2, 15/01/2019 23:59:42, 130355, 52.6, 59.8, 15, 2540.3, 358.3, 32.6, 4, 3.4, 194.8, 153.2, 65501.6, 349.1, 12.7, 243.5, 111.9, 10.6
2, 16/01/2019 00:19:42, 130356, 61.1, 102, 17, 6526, 291.5, 47, 5.4, 15.3, 357.8, 261, 56807.7, 326.1, 21.3, 359.2, 132.7, 33.8
2, 16/01/2019 00:39:42, 130357, 72.2, 135.6, 18.7, 1955.9, 395.1, 49.4, 10.1, 42.1, 395.7, 347, 75913.7, 326.3, 32.3, 455.1, 135.5, 10.3
2, 16/01/2019 00:59:41, 130358, 71.6, 125.5, 19.2, 1279.3, 442, 42.4, 9.2, 38.5, 379.5, 321.2, 60673.5, 304.1, 30.2, 434.5, 112.2, 8.4
2, 16/01/2019 01:19:41, 130359, 76.3, 116.2, 19.6, 32096.9, 363.7, 27.1, 15.6, 29.1, 404.5, 297.6, 73678.1, 346.5, 30.5, 467.5, 105.8, 9.2
2, 16/01/2019 01:39:40, 130360, 92.6, 137.5, 19.9, 43140.1, 314.9, 21.9, 20.2, 26.8, 445.6, 351.9, 60964, 387.9, 38.5, 688.6, 85.5, 9.1
2, 16/01/2019 01:59:41, 130361, 90.3, 129.3, 20.8, 62580, 242.3, 24.1, 12.2, 4.4, 452, 331.1, 50308.3, 415.5, 30.6, 569.4, 115.6, 16.6
2, 16/01/2019 02:19:41, 130362, 71.5, 88.3, 17.4, 15562.9, 190.4, 21.8, 5.3, 0.2, 356.6, 226.1, 41055.8, 315.3, 20.5, 343.8, 106.3, 11
2, 16/01/2019 02:39:41, 130363, 56.1, 69.6, 14.9, 1401.9, 178.6, 23, 4.1, 0, 223.6, 178.1, 69602.1, 342, 15.6, 264.7, 108.9, 20.5
2, 16/01/2019 02:59:41, 130364, 67.2, 74.6, 16.9, 2456.6, 258.1, 26.3, 3.5, 7.8, 234.4, 190.9, 74292.4, 270.9, 15.2, 280, 133.4, 10.3
2, 16/01/2019 03:19:40, 130365, 60.2, 68, 16.6, 1510.9, 197.9, 27.7, 4.7, 7.9, 196.5, 174.1, 54966.3, 276.9, 13.9, 252.9, 145.3, 12.7
2, 16/01/2019 03:39:41, 130366, 42.2, 61.2, 12.3, 887.3, 116.4, 21.4, 2.8, 4.9, 290.7, 156.7, 54714.3, 300.9, 12.5, 221.7, 88.8, 25.9
2, 16/01/2019 03:59:41, 130367, 55.4, 69, 15.1, 1845, 228, 23.8, 3.7, 3.4, 254.6, 176.7, 91588.6, 330.6, 11.7, 237.4, 96.2, 6.9
2, 16/01/2019 04:19:40, 130368, 67.9, 70.3, 22.2, 1766.8, 383.8, 25.1, 10.5, 5.2, 237.9, 180.1, 78580.6, 278.7, 12.1, 238.1, 102.7, 10.7
2, 16/01/2019 04:39:40, 130369, 66.7, 61.5, 18.5, 1773, 374.4, 29.7, 7.5, 2, 220.2, 157.5, 61364.4, 308.1, 10.1, 194.9, 130, 4.7
2, 16/01/2019 04:59:40, 130370, 57.3, 55.1, 15.7, 663, 409.2, 27.8, 3.1, 0.4, 222.1, 141.2, 62232.9, 303.3, 9.1, 151.3, 103.1, 7.5
2, 16/01/2019 05:19:40, 130371, 57.9, 55.3, 15.9, 2075.8, 425.4, 21.6, 3.1, 0, 284.5, 141.5, 64304.2, 298.4, 11.4, 206.5, 78.3, 8.3
2, 16/01/2019 05:39:40, 130372, 61, 62.5, 17.4, 749, 270, 26.5, 3.3, 0, 316.7, 160.1, 64786.9, 300.8, 10.4, 192.7, 115, 7.9
2, 16/01/2019 05:59:40, 130373, 44.6, 56.1, 13, 307.4, 182.3, 25.7, 3.4, 0, 257.9, 143.5, 58703.3, 258.3, 7.6, 147.6, 92.5, 4.9
2, 16/01/2019 06:19:40, 130374, 42.3, 37.5, 13, 284.7, 193.8, 28.3, 3.1, 0, 152.5, 95.9, 52946.8, 256.2, 6.2, 121.8, 117.3, 3.1
2, 16/01/2019 06:39:40, 130375, 47, 53.8, 13, 1468, 234.7, 28, 2.7, 0, 264.7, 137.8, 31454.2, 294.4, 8.4, 179.2, 84.4, 3.9
2, 16/01/2019 06:59:40, 130376, 43.9, 39.2, 14.5, 545.7, 440.3, 46.1, 4.1, 0, 193.3, 100.4, 19595, 271.7, 5.9, 139.7, 100.1, 6.5
2, 16/01/2019 07:19:40, 130377, 31.5, 25.6, 12.5, 321, 303.8, 38.3, 3, 0, 120, 65.6, 19031.4, 270.4, 4.8, 105.4, 90, 5.3
2, 16/01/2019 07:39:40, 130378, 38.8, 59, 14.3, 1892.1, 272.2, 39.2, 2.9, 0, 351, 151, 19342.3, 295.6, 8.2, 163.7, 120, 5.7
2, 16/01/2019 07:59:40, 130379, 38.7, 61.9, 14.5, 17248.3, 328.6, 55.7, 3, 0, 327.1, 158.5, 30069.3, 316.3, 6.4, 130.9, 135.6, 7.5
2, 16/01/2019 08:19:39, 130380, 56.2, 62, 16.3, 6902.8, 486.5, 56.9, 5.5, 3.6, 305.9, 158.8, 92338.5, 287.5, 9.8, 199.4, 108.6, 5.3
2, 16/01/2019 08:39:39, 130381, 89, 106.6, 20.5, 1353.4, 533.9, 51.6, 10, 6.1, 388.7, 272.9, 103140.6, 283.3, 13.4, 355.8, 119.2, 7.6
2, 16/01/2019 08:59:40, 130382, 94.9, 122.5, 22.1, 7622.8, 424.5, 56.8, 20.4, 3.8, 377.8, 313.5, 94276, 326.2, 17.1, 440.6, 120.1, 12.5
2, 16/01/2019 09:19:40, 130383, 94.5, 139.6, 23.2, 1004.3, 370.5, 58.4, 24.5, 2, 424.9, 357.5, 93791.8, 289.1, 18.4, 470.9, 126.5, 12.3
2, 16/01/2019 09:39:40, 130384, 94.8, 106.6, 22.4, 866.8, 414.9, 62.2, 13.4, 2.2, 355.7, 273, 91639.7, 299.4, 14.4, 385.2, 130.6, 10.9
2, 16/01/2019 09:59:39, 130385, 91.6, 117.6, 21.7, 810.5, 411, 62, 11.8, 1, 403.8, 301.1, 90351, 294.8, 13.4, 325, 135.7, 15.4
2, 16/01/2019 10:19:39, 130386, 93.5, 118.6, 22.2, 765.5, 490.6, 62, 10.8, 1.1, 468.9, 303.6, 75868.8, 282.6, 12.2, 294.7, 142.2, 10
2, 16/01/2019 10:39:39, 130387, 78.6, 103, 20.5, 3220.1, 461.8, 63.1, 5.2, 0.5, 400.8, 263.8, 74096.2, 367.2, 14.4, 329.7, 140.9, 15.3
2, 16/01/2019 10:59:39, 130388, 68.2, 96.4, 19.4, 1764.6, 420.9, 65.2, 5.1, 0.2, 357, 246.8, 58436.9, 345.2, 17.7, 394.6, 138.5, 16.6
2, 16/01/2019 11:19:39, 130389, 57.6, 72.4, 18.2, 510.8, 400.2, 67.2, 6, 0, 259.1, 185.3, 56029, 283.7, 14.6, 328.3, 139.3, 12.3
2, 16/01/2019 11:39:39, 130390, 50.6, 62.8, 16.4, 1056.8, 425.6, 68.5, 3.8, 0, 241.3, 160.8, 19286.4, 313.1, 8.9, 179.2, 132.9, 9.5
2, 16/01/2019 11:59:39, 130391, 51.9, 83.8, 17.7, 1412.6, 357.3, 68.2, 5.1, 0, 387.9, 214.4, 13540.2, 340.3, 7.5, 130.1, 138, 10.6
2, 16/01/2019 12:19:39, 130392, 60, 105.1, 18.7, 1886.4, 276.6, 44.1, 3.8, 4.5, 345.6, 269.1, 24739.4, 428.6, 12, 245.4, 121.1, 9.1
2, 16/01/2019 12:39:38, 130393, 60.3, 92.9, 18.5, 872.8, 335.1, 60, 2.8, 0.3, 345.3, 237.8, 16388, 338.2, 9, 162.8, 133.8, 10.3
2, 16/01/2019 12:59:38, 130394, 47.7, 65.9, 16.1, 288.1, 352.4, 67.5, 2.6, 0, 321.3, 168.8, 23588.9, 287, 7.8, 123.9, 134.7, 9
2, 16/01/2019 13:19:39, 130395, 53.4, 72.6, 17.7, 9063.4, 359.3, 72.4, 5.3, 1.8, 328.3, 185.8, 26278, 361.2, 8.7, 139.7, 142, 8.5
2, 16/01/2019 13:39:39, 130396, 53.2, 71.8, 17.6, 10781.2, 362.9, 66.2, 4.2, 0.2, 308, 183.9, 18940.8, 322.8, 8.4, 143, 146.9, 8.6
2, 16/01/2019 13:59:39, 130397, 44.7, 62.8, 15.4, 289.5, 352.4, 66.7, 3.9, 0, 321.1, 160.7, 18353.7, 233.3, 6.6, 101.7, 148, 5.2
2, 16/01/2019 14:20:38, 130398, 45.4, 67.5, 16.1, 245, 346.7, 62.7, 3.6, 0, 380.9, 172.8, 17570.1, 203.2, 6.1, 117.8, 143.2, 6
2, 16/01/2019 14:40:39, 130399, 55.9, 63.8, 17.1, 508.4, 346.9, 56.4, 2.9, 0.1, 290, 163.3, 38432.7, 235, 7.5, 133.3, 135.2, 8.4
2, 16/01/2019 14:59:39, 130400, 54.6, 100.3, 17.5, 809.2, 398.8, 60.5, 3.7, 0.1, 392.4, 256.8, 19999.4, 265.8, 6.3, 122.2, 138.9, 8.9
2, 16/01/2019 15:19:38, 130401, 54.4, 65.7, 16.6, 615.9, 395.2, 61.4, 3.7, 0, 252.4, 168.3, 40627, 245, 7.2, 136.8, 154.1, 5.7
2, 16/01/2019 15:39:38, 130402, 72.2, 101.3, 17.3, 1502, 546.1, 60.6, 9.3, 4.7, 415.7, 259.4, 116796.5, 185.1, 11.3, 229.1, 140.1, 6.5
2, 16/01/2019 15:59:38, 130403, 90.1, 152.1, 18.3, 1826.1, 577.4, 54.1, 7.9, 6, 483.7, 389.4, 92151.6, 375.7, 15.8, 362.1, 128.3, 9
2, 16/01/2019 16:19:39, 130404, 84.2, 145.2, 15.3, 4202.3, 522.7, 56.7, 8.8, 13, 453, 371.6, 111216.7, 177, 15, 333.4, 127.5, 6.7
2, 16/01/2019 16:39:38, 130405, 89.8, 151.8, 17.4, 4034.4, 539.9, 58.1, 14, 11.8, 459, 388.7, 91572.9, 260.8, 17.9, 408.3, 127.7, 8.1
2, 16/01/2019 16:59:38, 130406, 89.9, 153, 16.8, 12742.9, 517.4, 59.2, 12, 5.1, 470.8, 391.8, 97141.7, 193, 16.3, 393.1, 121.9, 9.2
2, 16/01/2019 17:19:38, 130407, 89.3, 149.9, 16.1, 1052.1, 509.6, 58.2, 12.8, 1.7, 582.4, 383.8, 83536.8, 186, 15.9, 370.3, 140, 6.7
2, 16/01/2019 17:39:38, 130408, 94.9, 137.9, 18.1, 1028.7, 549.3, 68.4, 11.1, 2.4, 596.1, 353.1, 73561.8, 143.9, 15.3, 356.5, 154.5, 7.3
2, 16/01/2019 18:00:38, 130409, 91.7, 128, 17.9, 1164.4, 493.6, 68, 9.1, 0.9, 515.9, 327.7, 74055.2, 124.3, 13.4, 324.3, 156.3, 11.3
2, 16/01/2019 18:19:38, 130410, 53.7, 79.7, 11.7, 1011.6, 402.2, 60.9, 1.1, 0.1, 305.2, 204.1, 55311.3, 76.2, 11.1, 260.6, 125.4, 7.8
2, 16/01/2019 18:40:38, 130411, 44.6, 64.4, 10.9, 530.4, 366, 59.6, 0.8, 0, 273.3, 164.8, 75306.5, 81, 9.5, 221.1, 114.9, 7.8
2, 16/01/2019 18:59:38, 130412, 55.4, 62.7, 12.8, 1764.6, 509.9, 62.4, 0.9, 0, 215.1, 160.4, 58287.3, 164.7, 9.2, 222.9, 129.4, 10.6
2, 16/01/2019 19:19:38, 130413, 53.5, 91.5, 12.6, 1704.2, 413.7, 54.8, 0.9, 3, 322.8, 234.2, 78375.7, 269, 11.1, 245.6, 123.3, 12.8
2, 16/01/2019 19:39:37, 130414, 56, 101.6, 12.6, 983.3, 424.8, 47.7, 1, 1.3, 373.6, 260, 68321.5, 253, 13.7, 291.3, 131.4, 10.8
2, 16/01/2019 19:59:37, 130415, 62.8, 108.7, 14.7, 797.9, 373.5, 46.7, 1, 1.7, 351, 278.3, 60096, 257, 14.5, 289, 135.5, 11.1
2, 16/01/2019 20:19:37, 130416, 62.1, 122.6, 14.8, 1018.8, 391, 43.3, 1.1, 1.6, 412.3, 313.8, 61887, 175.8, 16.5, 333.3, 124.3, 8.4
2, 16/01/2019 20:39:38, 130417, 63.5, 97.7, 15.8, 813.8, 381.9, 55.6, 1.1, 1.7, 317.3, 250.1, 73815.8, 131.1, 15.9, 345.1, 120.4, 11.1
2, 16/01/2019 20:59:37, 130418, 70, 87.2, 16.4, 1130.4, 431.7, 62.8, 1.4, 4.2, 278.7, 223.2, 80248.4, 192, 13.2, 294, 165.2, 13.9
2, 16/01/2019 21:19:37, 130419, 69.7, 72.9, 15.4, 1163.9, 593.2, 62.8, 1, 1.9, 225.1, 186.6, 91579.3, 164, 11.4, 248.8, 164.2, 6.4
2, 16/01/2019 21:39:37, 130420, 52.2, 59.7, 10.9, 457.2, 525.1, 48.5, 0.8, 0.5, 196.3, 152.8, 67008.5, 161, 10.1, 205.3, 140.4, 4.9
2, 16/01/2019 21:59:37, 130421, 45.1, 80.9, 9.9, 1939.8, 385.9, 24.3, 0.7, 0, 269.6, 207.2, 57679.8, 188.9, 10.3, 191.7, 79.2, 9.6
2, 16/01/2019 22:19:36, 130422, 54.6, 70.3, 9.3, 2298.2, 163.2, 15, 0.7, 1.8, 269.1, 180, 68792.8, 268.8, 10.9, 217.1, 57.1, 4.9
2, 16/01/2019 22:39:37, 130423, 49.9, 71.2, 8.6, 2906, 215.4, 12, 0.6, 1, 239.5, 182.3, 70036.6, 248.9, 11.8, 259.8, 41.1, 4.5
2, 16/01/2019 22:59:37, 130424, 65.7, 99.3, 11.6, 1985.5, 365.5, 14.2, 0.9, 7.3, 335.7, 254.3, 60639.9, 201.2, 18.6, 365.6, 63.3, 7.1
2, 16/01/2019 23:19:37, 130425, 70.1, 87.8, 14.1, 2167.2, 636, 23.7, 3, 8.5, 275.8, 224.7, 74212.6, 170.1, 16.2, 309, 106.1, 6.5
2, 16/01/2019 23:39:36, 130426, 68, 81.7, 11.7, 1371.8, 510.3, 20.7, 0.8, 10.4, 248, 209.2, 50123.4, 228.3, 15.8, 315.2, 62.4, 5.1
3, 15/01/2019 23:59:42, 130355, 25.2, 52.6, 7.1, 25884.9, 39.2, 0.6, 0.5, 3.6, 232.5, 134.6, 44490.6, 519.6, 23.4, 295.7, 2.7, 14.6
3, 16/01/2019 00:19:41, 130356, 38.7, 87.5, 10.3, 22794.8, 180.4, 2, 0.7, 3.5, 287.3, 223.9, 54123.7, 803.9, 47.8, 408.1, 4.1, 37
3, 16/01/2019 00:39:41, 130357, 49.1, 76.6, 11.4, 8446.2, 187.2, 0.9, 0.7, 8.5, 260, 196.1, 74332.2, 889.6, 32.8, 360, 1.5, 8.3
3, 16/01/2019 00:59:42, 130358, 38.3, 70.7, 9.6, 18613.1, 169.2, 0.5, 0.6, 15.7, 226.5, 181, 77537.7, 534.5, 31.6, 396.5, 2.5, 9.4
3, 16/01/2019 01:19:42, 130359, 37.2, 66.1, 8.7, 6652, 118.8, 0.3, 0.6, 13.6, 214.6, 169.2, 65379.6, 402.8, 29.5, 328.3, 0.9, 9.2
3, 16/01/2019 01:39:42, 130360, 35.6, 60.2, 8.6, 7851, 172.9, 0.4, 0.6, 9.3, 188.3, 154.1, 56213.7, 374.8, 30.8, 321.6, 4.8, 8.1
3, 16/01/2019 01:59:41, 130361, 40, 76.6, 8.9, 16175.4, 281.3, 2.6, 0.6, 15.8, 334.8, 196, 69534.3, 412.3, 32, 494.3, 2.5, 7.2
3, 16/01/2019 02:19:42, 130362, 50.5, 87.9, 10.8, 3358.3, 330.1, 2.3, 0.8, 12.6, 308.4, 224.9, 58893.7, 315.7, 28.4, 427, 1.3, 7.2
3, 16/01/2019 02:39:41, 130363, 29.3, 64.6, 7.9, 21779.2, 226.1, 0.6, 0.6, 14.5, 260.6, 165.3, 54188.2, 302.9, 24.3, 284.3, 0.4, 10.5
3, 16/01/2019 02:59:41, 130364, 29.5, 69.8, 7.6, 24508.4, 168.6, 1.8, 0.5, 19.5, 313.3, 178.6, 58113.2, 414.4, 27.4, 345.8, 1.5, 10.3
3, 16/01/2019 03:19:41, 130365, 40.8, 98.1, 8.9, 65949.9, 85.1, 4.4, 1.1, 21.6, 449.8, 251, 67000.5, 537.1, 34.6, 557, 3.4, 23.7
3, 16/01/2019 03:39:41, 130366, 31.3, 90.1, 8.2, 72028.6, 148.4, 9.9, 0.6, 21.2, 330, 230.7, 75542, 519, 36.2, 532, 3.6, 37.5
3, 16/01/2019 03:59:41, 130367, 34.3, 66.6, 7.6, 4462.2, 212.5, 2.4, 0.5, 18.4, 261.4, 170.4, 102862.4, 4192.2, 33.7, 553.3, 3, 7.2
3, 16/01/2019 04:19:40, 130368, 38.4, 70.7, 8.4, 2263.8, 516.1, 2.3, 0.6, 21.1, 280.9, 181, 105194.8, 4800.3, 30.3, 556.3, 2.3, 7.5
3, 16/01/2019 04:39:41, 130369, 47.6, 72.6, 9.8, 4504.6, 469.5, 4.3, 0.6, 18.8, 266.7, 185.9, 105664, 4900.6, 33.3, 485.7, 3.2, 6.7
3, 16/01/2019 04:59:41, 130370, 61.8, 101.1, 11.7, 23538.8, 443.9, 7.5, 7.8, 34.1, 375.7, 258.8, 155684.9, 4891.3, 36.6, 631.2, 2.1, 7.2
3, 16/01/2019 05:19:40, 130371, 80, 143.2, 15.3, 14217.4, 402.6, 1.5, 26.8, 45.3, 416.1, 366.6, 120038.6, 2297.8, 36.4, 807.9, 1.9, 8.6
3, 16/01/2019 05:39:40, 130372, 80.4, 137.8, 15.7, 9803.3, 138.2, 1.3, 25.1, 40.1, 431.4, 352.9, 126303, 485.5, 33.6, 747.7, 2, 10.1
3, 16/01/2019 05:59:41, 130373, 75.7, 152, 14.5, 23925.9, 53, 1.6, 25.8, 54.3, 478.9, 389, 123766.8, 734.3, 40.9, 921.5, 2.3, 8
3, 16/01/2019 06:19:41, 130374, 72.5, 150.9, 13.8, 4458.8, 82, 4.4, 29.1, 56.9, 435.4, 386.4, 120846.7, 5756.7, 38.4, 877.8, 2.6, 7.6
3, 16/01/2019 06:39:40, 130375, 68, 153.1, 13.8, 4278, 196, 4, 27.8, 67.3, 467, 392, 83881.4, 1339.5, 38.7, 976.1, 2, 6.2
3, 16/01/2019 06:59:40, 130376, 68.3, 157, 12.8, 18134.6, 53.8, 2.6, 21.2, 73.9, 526.9, 401.9, 95864.6, 328.8, 39.2, 931.1, 3.7, 5.8
3, 16/01/2019 07:19:40, 130377, 75.2, 156.1, 13.1, 5971.1, 104.4, 12.3, 25.2, 67.4, 491.6, 399.7, 89187.1, 338.4, 38.6, 840.1, 2.2, 5.5
3, 16/01/2019 07:39:40, 130378, 74, 159, 12.3, 6421.2, 80.2, 4.7, 24.1, 63.8, 534.1, 407, 82310.3, 254.3, 38.3, 808.4, 2.2, 4.9
3, 16/01/2019 07:59:40, 130379, 69.4, 163.2, 12.4, 23626.1, 153.2, 0.6, 30.7, 76.1, 474.6, 417.7, 81046.5, 387.7, 38.3, 886.5, 2.8, 5.6
3, 16/01/2019 08:19:40, 130380, 74.9, 169.4, 12.5, 6137.1, 133.3, 5.2, 27.5, 80.9, 489.6, 433.5, 76599.5, 407.7, 48.8, 895.3, 1.9, 5.1
3, 16/01/2019 08:39:40, 130381, 76.7, 160.7, 12.6, 15253.8, 119.7, 2.8, 17, 75.4, 478.7, 411.4, 84694.3, 293.2, 48.7, 856.3, 2.2, 4.2
3, 16/01/2019 08:59:39, 130382, 70.8, 189.2, 13.3, 40263.3, 214.7, 1.2, 29.8, 106.8, 591.1, 484.3, 126583.8, 355.3, 50.9, 1026.6, 2.9, 3.8
3, 16/01/2019 09:19:39, 130383, 69.1, 185.5, 11.6, 4839.4, 110.6, 1.3, 25.1, 100.8, 583.9, 474.9, 69918.6, 293.3, 51.6, 959.7, 2.7, 2.9
3, 16/01/2019 09:39:39, 130384, 28.2, 90.1, 7.8, 21397.1, 172.3, 7.3, 0.5, 43.7, 340.7, 230.7, 95749.3, 305.2, 42, 571.4, 7.4, 5.6
3, 16/01/2019 09:59:39, 130385, 42, 99, 11, 27398.5, 243.9, 7.2, 1.3, 29.9, 393.7, 253.4, 79559.1, 400.1, 42.1, 700.3, 6.2, 8.1
3, 16/01/2019 10:19:45, 130386, 61.7, 128.5, 13.5, 15048.5, 428.8, 5.3, 6.3, 35.3, 481.2, 328.8, 168875.2, 375.2, 42.2, 832.6, 3.7, 10.4
3, 16/01/2019 10:39:45, 130387, 57.9, 120.5, 12.7, 6799.7, 704.2, 13.9, 4.2, 35.6, 691.7, 308.4, 114169.9, 370.4, 41.2, 768, 2.9, 11
3, 16/01/2019 10:59:49, 130388, 45.5, 96.5, 9.8, 35103.8, 398.9, 23.6, 1, 31, 323.4, 247.2, 75325.7, 443.9, 43.5, 731.3, 3.3, 10.8
3, 16/01/2019 11:19:49, 130389, 36.2, 93.7, 8.2, 5335.8, 290.1, 39.2, 0.7, 32.7, 452.8, 239.8, 86257.2, 551.2, 40.7, 614.1, 2.8, 7.3
3, 16/01/2019 11:39:49, 130390, 35.7, 93.1, 9, 5541, 300.9, 28, 0.6, 31.2, 338.7, 238.2, 77243.1, 464, 44.2, 648.4, 4.3, 8
3, 16/01/2019 11:59:49, 130391, 47.4, 104.7, 10.1, 21933, 380.9, 46.2, 0.6, 31.8, 339.2, 268, 86133.1, 560.9, 49.3, 812.2, 3.5, 9.6
3, 16/01/2019 12:19:49, 130392, 52.3, 97.9, 9.9, 4729.2, 225.4, 26.7, 1, 24.9, 344.9, 250.7, 90335.2, 512.6, 40.9, 689.6, 3, 6.2
3, 16/01/2019 12:39:49, 130393, 37.8, 86, 8.3, 3132.3, 269.4, 2.9, 0.5, 30.6, 309.2, 220.1, 83993.3, 312.6, 39.8, 579.2, 3.6, 6.5
3, 16/01/2019 12:59:59, 130394, 47.6, 109.6, 9.1, 20179.5, 295.4, 15.3, 3.7, 30.5, 458.8, 280.5, 66320.9, 368.5, 38.4, 694.8, 4.2, 8.8
3, 16/01/2019 13:19:59, 130395, 52.9, 105.3, 10.4, 2772.5, 366.8, 19.1, 2.8, 17.5, 418.7, 269.5, 97621.1, 492.5, 36.8, 716, 4.8, 8.1
3, 16/01/2019 13:39:58, 130396, 38.2, 74.9, 8.2, 18253.7, 262.6, 24.4, 0.5, 14, 230.4, 191.8, 59607.3, 366.5, 36.6, 678, 5.4, 7.6
3, 16/01/2019 13:59:58, 130397, 46.8, 114.7, 11.4, 18416.6, 271.8, 36.5, 0.8, 14.9, 480.1, 293.7, 67948.6, 537, 43.2, 1014.5, 6.3, 9.4
3, 16/01/2019 14:19:59, 130398, 42.8, 119.8, 9.9, 4707.7, 316.8, 28.7, 0.6, 17, 707.8, 306.7, 70351.4, 532.7, 45.3, 1124, 5.1, 7.4
3, 16/01/2019 14:39:58, 130399, 68.3, 157.9, 12.9, 6086.5, 422.8, 22, 5.2, 50.2, 698.1, 404.3, 127918.1, 369.8, 52.2, 1310.1, 3.8, 6.7
3, 16/01/2019 14:59:58, 130400, 69.4, 168.2, 12.2, 17106.3, 365.4, 20.6, 8, 39.3, 652.2, 430.5, 89418.8, 490.9, 55.5, 1420.8, 4.6, 8
3, 16/01/2019 15:19:58, 130401, 64.1, 129.4, 11.8, 9611.8, 381.2, 32.6, 1.8, 33.3, 653.7, 331.3, 109917, 584.5, 50.6, 1172.7, 1.2, 8.2
3, 16/01/2019 15:39:59, 130402, 68.1, 195.5, 11.6, 31323, 424, 10.2, 8.9, 58.8, 1895.9, 500.4, 96892.5, 553.6, 50.6, 1161.8, 1.3, 7.7
3, 16/01/2019 16:00:03, 130403, 59.2, 146.7, 10.2, 17547.8, 345.7, 18.2, 4.4, 42.6, 677.4, 375.5, 70077.5, 546.5, 51.2, 1001.4, 1.8, 7.1
3, 16/01/2019 16:19:03, 130404, 42.5, 114, 8.2, 10508.9, 221.5, 9, 0.5, 29.3, 518.9, 291.8, 68275.2, 599.3, 43.2, 801.2, 2.1, 7.8
3, 16/01/2019 16:40:03, 130405, 40, 114.4, 8, 6260.3, 322.3, 11.4, 0.6, 40.2, 440.6, 292.8, 86055.2, 442.2, 49.6, 866.6, 4.3, 6
3, 16/01/2019 17:00:08, 130406, 45.8, 154.8, 9.7, 38128.7, 247.5, 11.9, 1, 33.2, 596.2, 396.4, 83628.4, 326, 61.7, 1268.6, 2.2, 8.6
3, 16/01/2019 17:20:08, 130407, 42.9, 137.6, 9.5, 4920.6, 257.7, 8.6, 0.7, 16.1, 474.5, 352.3, 108765.5, 589.3, 49.9, 1167.4, 2.3, 8.7
3, 16/01/2019 17:40:08, 130408, 41.3, 107.5, 9.5, 8962.1, 232.1, 6.2, 0.7, 35.7, 397, 275.1, 105632.3, 441.4, 50.5, 1141.5, 2.6, 10.1
3, 16/01/2019 18:00:07, 130409, 34.7, 97.1, 8.1, 33566.9, 246.8, 22.4, 0.5, 22.2, 375.4, 248.7, 81233.9, 576.3, 46.6, 983.2, 2.1, 12
3, 16/01/2019 18:20:08, 130410, 43.4, 133.5, 9.7, 2970.7, 166.8, 14.2, 1.3, 22, 588.2, 341.8, 80503.7, 517.2, 50, 1236.5, 2.1, 12.5
3, 16/01/2019 18:40:07, 130411, 49.3, 97.2, 10.3, 4261.4, 153.3, 17.9, 0.6, 14.6, 352.4, 248.9, 63001.9, 428.4, 41.3, 893, 2.2, 10
3, 16/01/2019 19:00:08, 130412, 54.5, 99.3, 11.6, 15803, 171.7, 11.3, 0.8, 3, 448.9, 254.3, 78313.8, 471.9, 43.8, 1028.9, 4.1, 13.4
3, 16/01/2019 19:20:07, 130413, 48.4, 89.7, 10.3, 5006.2, 247.4, 2.1, 0.6, 4.3, 294.6, 229.6, 65482, 470.6, 41.5, 696.7, 3.4, 12.1
3, 16/01/2019 19:40:07, 130414, 46, 93.7, 10.3, 4543.8, 330.3, 16.6, 0.6, 5.1, 410.9, 239.9, 58188, 381.8, 42.7, 635.1, 3.7, 12.1
3, 16/01/2019 20:00:07, 130415, 42.2, 78.8, 9.2, 16233.4, 282.4, 7.3, 0.6, 2.4, 278.7, 201.7, 71596.9, 359.6, 39.4, 596.6, 4.3, 11.3
3, 16/01/2019 20:20:08, 130416, 38, 89, 8.1, 3528.2, 219.8, 7.6, 0.5, 0.6, 392.5, 227.9, 81899, 340.4, 43.9, 816.3, 4.9, 6.2
3, 16/01/2019 20:40:02, 130417, 37.6, 115.4, 8.9, 1807.9, 274.9, 10.7, 0.6, 0.2, 427.3, 295.4, 37580.7, 341.9, 43.1, 1030.5, 5.9, 10.3
3, 16/01/2019 21:00:02, 130418, 47.8, 96.2, 10.7, 28368.4, 111.1, 1.8, 0.7, 2.1, 305.1, 246.3, 68943.1, 403.3, 33.6, 748.8, 3.8, 14.1
3, 16/01/2019 21:20:02, 130419, 55.9, 97.7, 11.2, 2327.1, 200.4, 12.5, 1, 2.7, 312.5, 250.1, 61057.1, 551.4, 29.4, 685.5, 2.3, 9.6
3, 16/01/2019 21:40:02, 130420, 50.2, 79.7, 9.5, 2812.5, 145, 9.1, 0.7, 1.3, 284.5, 204.1, 34632.5, 333.9, 27.8, 592.5, 2.7, 7.9
3, 16/01/2019 22:00:02, 130421, 47.3, 89.2, 9.1, 24083.5, 191.8, 4.6, 0.6, 0.3, 272.2, 228.2, 79805.6, 454.3, 34.7, 677.8, 1.5, 7.4
3, 16/01/2019 22:20:02, 130422, 37.1, 75.1, 8.1, 4479, 175.4, 19.5, 0.6, 2, 351.9, 192.1, 28204.8, 433.3, 30.8, 629.9, 2, 6
3, 16/01/2019 22:39:02, 130423, 23.8, 54.6, 5.8, 6861.6, 114.3, 6.6, 0.4, 0.1, 176.4, 139.7, 26011.9, 481.9, 24.7, 478.5, 2.3, 4.8
3, 16/01/2019 23:00:02, 130424, 41.9, 81.1, 7.5, 17247.5, 196.9, 20.6, 0.5, 13.5, 278.6, 207.5, 47380.6, 537.4, 32.8, 603.2, 10.9, 4.5
3, 16/01/2019 23:20:01, 130425, 34.2, 82.4, 6.3, 7311, 211.7, 5, 0.4, 22.3, 273.2, 210.9, 25445, 460.9, 29.9, 421.5, 9.6, 4.4
3, 16/01/2019 23:40:02, 130426, 35.4, 77.5, 6.6, 3014.7, 158.2, 1.4, 0.5, 20.3, 257.2, 198.4, 44129.6, 366.9, 31.1, 452, 9.6, 3.9
4, 15/01/2019 23:59:18, 130355, 40.6, 50.4, 8.6, 19985.6, 199.6, 3.9, 0.6, 0, 216.2, 129.1, 67261.9, 959.9, 20.3, 372.1, 1.3, 12.9
4, 16/01/2019 00:19:19, 130356, 47.9, 73.9, 9.7, 17852.7, 13.7, 1, 0.6, 0.2, 254.1, 189.1, 76064.1, 1267.1, 39.1, 437.4, 3.1, 28.2
4, 16/01/2019 00:40:18, 130357, 55.5, 62.7, 9.8, 2498.1, 65.3, 1.6, 0.6, 0, 256.1, 160.5, 62258.4, 944.9, 30.5, 419.2, 2.7, 6
4, 16/01/2019 00:59:19, 130358, 59.8, 63.9, 10.7, 18487.1, 170.6, 4.2, 0.6, 0.2, 203.4, 163.6, 131481.1, 412.9, 29.6, 460, 3.4, 7.9
4, 16/01/2019 01:19:18, 130359, 50.2, 57.5, 9.3, 2057.1, 174.3, 1.5, 0.6, 0, 215.8, 147.3, 68362.4, 250.9, 30.8, 459.2, 4.2, 5.8
4, 16/01/2019 01:39:18, 130360, 27.2, 34.4, 6.1, 1398.7, 52.4, 1.6, 0.4, 0, 140.7, 88.1, 48104.9, 491.8, 23.8, 393.6, 5.4, 4.8
4, 16/01/2019 01:59:18, 130361, 37.4, 72.8, 8, 22493.7, 188.2, 1.7, 0.5, 10.9, 287.9, 186.3, 60738.5, 797, 31.8, 539.2, 3.5, 6.9
4, 16/01/2019 02:19:19, 130362, 29, 47.6, 6.3, 4702, 52.1, 1.8, 0.5, 3.7, 195.3, 121.9, 60423.8, 547.7, 22.4, 375.7, 4.1, 4.3
4, 16/01/2019 02:39:18, 130363, 26.3, 42.7, 6.9, 1884.2, 27, 2.3, 0.5, 0.1, 211.6, 109.4, 44463.8, 114.9, 19.8, 320.6, 6.3, 8
4, 16/01/2019 02:59:18, 130364, 40, 49.2, 9.8, 15984.2, 238.1, 7.9, 0.6, 0.6, 226.5, 126, 117984.8, 176.4, 20.7, 389.2, 2.8, 9
4, 16/01/2019 03:20:23, 130365, 42.7, 69.8, 9.3, 58027.7, 73.8, 10.3, 0.6, 0.9, 368.9, 178.7, 51425.4, 301.3, 25.2, 443.2, 11, 26.4
4, 16/01/2019 03:39:23, 130366, 37.8, 79.9, 9.7, 84934.4, 147.3, 21.6, 0.6, 0.1, 374.3, 204.6, 77448.7, 178.1, 28.4, 598.1, 7.4, 44.7
4, 16/01/2019 03:59:23, 130367, 43.5, 61.2, 9.5, 36951, 160.9, 8.7, 0.6, 1.3, 223.4, 156.8, 113541.8, 273.9, 27.8, 457.5, 2.9, 8.2
4, 16/01/2019 04:20:28, 130368, 63.6, 62.9, 11.6, 13758.3, 456.7, 4.5, 0.7, 3.4, 253.6, 161, 81683.4, 284.8, 30.7, 423.2, 2.6, 6.8
4, 16/01/2019 04:40:03, 130369, 75.3, 85.7, 13.5, 8534.2, 336.9, 5.4, 2, 3.8, 293.4, 219.3, 85071.8, 250.4, 38.8, 701.6, 5.2, 8.7
4, 16/01/2019 05:00:02, 130370, 76.1, 107.1, 15.4, 24791, 277, 6.9, 11.6, 12.3, 510.9, 274.1, 87677.7, 195.6, 40.2, 925, 6.5, 13.1
4, 16/01/2019 05:20:02, 130371, 84.4, 109.3, 15.4, 4774.9, 211.2, 3.4, 27.6, 22.7, 403.2, 279.7, 82143.5, 125.8, 38.1, 1026.3, 5.5, 6.6
4, 16/01/2019 05:41:02, 130372, 83.8, 104, 14.8, 3350.7, 186.8, 3.1, 25.6, 21.7, 321.5, 266.1, 109743.7, 80.9, 36.6, 973.2, 5.5, 6.7
4, 16/01/2019 06:00:02, 130373, 87.1, 115.1, 16.8, 17790.2, 187.5, 4.4, 28, 20.1, 345.6, 294.6, 128714.4, 114, 41.9, 1037.7, 4.8, 9.5
4, 16/01/2019 06:20:03, 130374, 81.5, 113.8, 15.1, 6766.4, 149.5, 3.4, 21.8, 26.3, 384.2, 291.4, 95628.7, 129.9, 35.7, 934, 5.2, 7.2
4, 16/01/2019 06:40:02, 130375, 71, 137.3, 12.7, 3451.3, 66.5, 1.7, 28.5, 49.5, 408, 351.4, 95842, 132, 35.7, 986.7, 5.8, 7.4
4, 16/01/2019 07:00:02, 130376, 70.9, 143.8, 13.6, 26078.7, 55.1, 1.7, 34.6, 60.2, 422.4, 368.1, 97337, 79.9, 37, 998.9, 6.1, 7.4
4, 16/01/2019 07:20:02, 130377, 70.9, 148, 13, 2700.1, 70.5, 6.5, 34.5, 65.1, 417.4, 379, 95551.9, 94, 35, 983.6, 5.7, 6.3
4, 16/01/2019 07:40:02, 130378, 69.4, 144.7, 12.4, 1705.4, 155.8, 3.5, 28.4, 58.7, 510.6, 370.5, 87737.5, 83.1, 31.3, 874.4, 5.7, 5.7
4, 16/01/2019 08:00:01, 130379, 72, 165.1, 14, 19412.7, 179.7, 4.4, 31.8, 67.3, 477.1, 422.7, 87373.2, 74.9, 38.1, 1028.3, 2.9, 8.4
4, 16/01/2019 08:20:02, 130380, 71.5, 162.6, 13.3, 17530.2, 155.9, 4.1, 31.9, 69.3, 495.1, 416.2, 90017.2, 90.9, 34.3, 960.1, 2.7, 7.6
4, 16/01/2019 08:40:01, 130381, 69.1, 143, 12.3, 1701.7, 143, 1.2, 31.8, 58.2, 453.6, 366.1, 91971.4, 81.2, 31.1, 896.1, 2.6, 6.4
4, 16/01/2019 09:00:01, 130382, 73.7, 151.4, 13.8, 7266.7, 107.1, 2, 37, 59.3, 456.6, 387.5, 101147.1, 138.8, 35.5, 973.3, 2.8, 6.7
4, 16/01/2019 09:20:02, 130383, 71.4, 146.5, 12.7, 2413, 154.9, 5.3, 26.2, 58.6, 443.6, 374.9, 69689.5, 84.9, 36.9, 990.9, 3.2, 4.7
4, 16/01/2019 09:40:02, 130384, 38, 60.6, 7.5, 3147.2, 260.5, 6.4, 0.5, 19.2, 257.3, 155, 70054.8, 172.9, 31.8, 597.1, 5.5, 5.1
4, 16/01/2019 10:00:02, 130385, 48.3, 83.9, 9.4, 30679, 389.2, 8.4, 0.7, 28, 364.1, 214.8, 82737.4, 164.9, 39.7, 787.6, 4.5, 5.4
4, 16/01/2019 10:20:02, 130386, 46.8, 98.8, 9.9, 8299.3, 279.7, 8.7, 0.8, 29.6, 470.4, 253, 84333.4, 152, 39.8, 826.4, 3.8, 7.4
4, 16/01/2019 10:40:01, 130387, 53.5, 102, 11.1, 6564.3, 660.1, 10.9, 1, 43.3, 314.5, 261.1, 80138.4, 176.9, 42.7, 797.2, 3.8, 8.1
4, 16/01/2019 11:00:01, 130388, 40.3, 86.8, 8.8, 32983, 278.3, 18.4, 0.5, 32, 316.4, 222.1, 57576.2, 231, 39.5, 622.5, 5, 9.7
4, 16/01/2019 11:20:01, 130389, 49.5, 108, 9.8, 5250, 383.5, 17.2, 1.1, 34.5, 510.2, 276.4, 53157.8, 142.2, 40.6, 664.2, 4.4, 6.8
4, 16/01/2019 11:40:01, 130390, 43.2, 92.9, 7.8, 6427, 274.9, 13.8, 0.5, 32.8, 336.8, 237.9, 74651.7, 191.2, 37.2, 663.6, 4.1, 6.3
4, 16/01/2019 12:00:01, 130391, 43.7, 102.3, 7.8, 23463.5, 210.3, 8.9, 0.5, 32.4, 407.9, 262, 87500.2, 165.1, 34.7, 609.3, 4.4, 7.5
4, 16/01/2019 12:20:01, 130392, 43.8, 110.3, 8.2, 6167.6, 294.8, 4.4, 0.5, 40.8, 393, 282.5, 55712.7, 144.4, 34, 552.9, 4.1, 6
4, 16/01/2019 12:40:01, 130393, 38.6, 100.7, 8.9, 5530.5, 173.1, 6.9, 0.6, 43.1, 365.5, 257.7, 77315, 108.9, 35.7, 552.5, 1.3, 7.1
4, 16/01/2019 13:00:01, 130394, 36.8, 99.9, 8, 18291.1, 149.1, 1.8, 0.5, 38.2, 351, 255.7, 76308.5, 168, 33.6, 549.7, 1.2, 6.6
4, 16/01/2019 13:20:01, 130395, 42.3, 109.5, 8.6, 7433, 176.9, 4.3, 0.7, 42.6, 439.4, 280.4, 89581.5, 211.7, 39.3, 693.7, 1.1, 6.1
4, 16/01/2019 13:40:01, 130396, 39.9, 111.4, 8.9, 5037.6, 194.4, 3.8, 0.6, 38.2, 425.8, 285.2, 84338.7, 121.2, 38.7, 663.1, 1.3, 6.7
4, 16/01/2019 14:00:00, 130397, 60.4, 160.7, 12.9, 22655.7, 235.1, 5.6, 8.9, 47.9, 619.9, 411.5, 180730.6, 181, 49.9, 1204.4, 0.7, 10.7
4, 16/01/2019 14:20:00, 130398, 62.4, 161, 13.7, 4090.6, 551.4, 16.3, 2.3, 37.6, 569.7, 412, 97172.5, 120.9, 50.2, 1497.8, 0.5, 9
4, 16/01/2019 14:40:00, 130399, 58.8, 142, 13.3, 3223.4, 322, 13.6, 1, 46, 532.7, 363.5, 96115.7, 146.9, 49.2, 1399.8, 0.8, 9.9
4, 16/01/2019 15:00:01, 130400, 59.8, 176.1, 11.6, 21231.7, 338.1, 3, 2.6, 30.9, 1801.2, 450.8, 90810.8, 172.2, 55.1, 1460, 1.3, 9.5
4, 16/01/2019 15:20:00, 130401, 66.3, 146.9, 13.1, 1493.6, 362.3, 6.4, 2, 37.5, 576.8, 376.1, 72367.5, 313.4, 53.9, 1388.6, 1.2, 12.2
4, 16/01/2019 15:40:01, 130402, 60.7, 125.4, 12.4, 2842.6, 255, 8.2, 1, 29.5, 657, 321, 108070.5, 147.4, 49.5, 1352.9, 0.9, 11.3
4, 16/01/2019 15:59:59, 130403, 66.8, 166.3, 13.9, 19101.9, 220.6, 5.7, 12.9, 44.7, 691.1, 425.7, 72235.6, 100.9, 48.9, 1437.8, 0.4, 12.3
4, 16/01/2019 16:20:00, 130404, 66.7, 138.2, 13.9, 2839.6, 230.5, 6.1, 2.6, 21.3, 527.4, 353.8, 81288.3, 144.4, 43.5, 1241.4, 0.8, 11.9
4, 16/01/2019 16:39:59, 130405, 63.8, 132.1, 14, 3118.1, 228, 9.4, 1.1, 22.8, 656.9, 338.2, 98815.9, 179.4, 45.2, 1189.8, 0.9, 12.1
4, 16/01/2019 17:00:59, 130406, 61, 124.7, 11.1, 3588.2, 401.1, 3.8, 1.1, 25.1, 414.4, 319.3, 85807.1, 308.5, 43.7, 1037.6, 1, 9.1
4, 16/01/2019 17:20:00, 130407, 53.5, 137.7, 10.5, 5254.1, 244.3, 4.8, 0.7, 20.7, 597.1, 352.6, 75011.2, 185.2, 48.3, 1314.5, 1.8, 7
4, 16/01/2019 17:39:59, 130408, 40.7, 82.5, 9.1, 1481.1, 147.4, 3.6, 0.6, 7.3, 302.4, 211.3, 63042.6, 233.8, 41.5, 1203.7, 2.9, 7
4, 16/01/2019 17:59:59, 130409, 55.4, 125.8, 11, 16951.9, 291.8, 7.2, 7.1, 24.6, 631.5, 322.1, 73475.6, 273.7, 49.1, 1199.6, 3.1, 8.4
4, 16/01/2019 18:20:00, 130410, 73.9, 133.9, 13.1, 4917.1, 439.3, 8.6, 2.6, 22.4, 437.8, 342.7, 63605.2, 184.3, 42.9, 1235.6, 1.9, 7.7
4, 16/01/2019 18:40:00, 130411, 39.9, 88.4, 8.6, 1214.4, 131.5, 5.3, 0.7, 17.8, 481.6, 226.4, 65372.4, 149.3, 36.5, 993.9, 3.7, 7.7
4, 16/01/2019 18:59:59, 130412, 60.6, 130.2, 13.3, 37176.7, 383.8, 7.3, 0.9, 29.2, 476.5, 333.3, 68243.9, 190.3, 40.1, 1113.9, 2, 14.1
4, 16/01/2019 19:19:59, 130413, 50.9, 129.1, 10.7, 3315.2, 200.2, 9.2, 0.8, 20.2, 540.4, 330.4, 87103.2, 129.8, 36.7, 925.6, 1.2, 12.8
4, 16/01/2019 19:40:00, 130414, 45, 117.5, 9.1, 3541.1, 231.1, 9.1, 0.6, 16, 501, 300.9, 78596.5, 148.1, 32.2, 751.1, 1.9, 10.6
4, 16/01/2019 19:59:59, 130415, 52.4, 106.9, 10.4, 39486.9, 366.9, 6.5, 0.7, 14.7, 316.5, 273.7, 96415, 149.2, 30, 677.4, 2.8, 11.5
4, 16/01/2019 20:21:09, 130416, 42.3, 105.8, 8.5, 4244.5, 153.1, 4.5, 0.6, 17.5, 366.7, 271, 69357.6, 151.7, 31, 602.6, 2.1, 10.2
4, 16/01/2019 20:40:09, 130417, 39.4, 100.4, 8.7, 18455.8, 111.2, 4.5, 0.6, 11.5, 405.3, 257, 68768, 162.1, 30.3, 680.3, 1.3, 9.9
4, 16/01/2019 21:00:09, 130418, 40, 91.8, 9.1, 18570.1, 140.3, 6.4, 0.6, 16.4, 502.9, 235.1, 98570.7, 158.1, 27.5, 594.4, 0.7, 12.5
4, 16/01/2019 21:20:09, 130419, 37.2, 83.2, 9.3, 6198.3, 182.1, 4.3, 0.6, 14.3, 314.1, 213.1, 55167.2, 146, 25.9, 492.7, 0.8, 10.1
4, 16/01/2019 21:39:28, 130420, 29.2, 74.2, 7.4, 6026.5, 83.7, 2.5, 0.5, 6.4, 379.5, 190.1, 59235.8, 137.7, 25.2, 502, 0.7, 9.7
4, 16/01/2019 21:59:28, 130421, 39.7, 83.3, 7.5, 16498.9, 72.7, 0.8, 0.6, 5.9, 254.4, 213.3, 66735.2, 151.8, 27.6, 654.2, 0.3, 9.3
4, 16/01/2019 22:19:29, 130422, 31.5, 70.7, 7.8, 4051.2, 66.9, 1.3, 0.6, 3.7, 212, 181, 54806.1, 128, 27.1, 603.9, 0.3, 9.1
4, 16/01/2019 22:39:28, 130423, 28.9, 66.5, 7.2, 1788.4, 63.5, 1.3, 0.5, 3.3, 250.2, 170.4, 53128.3, 83.9, 26.5, 586.9, 0.3, 8.8
4, 16/01/2019 22:59:28, 130424, 32.9, 76.6, 7.6, 20624.2, 71.4, 3.3, 0.6, 3.2, 269.9, 196.1, 74174.5, 182.6, 30.6, 669.7, 0.4, 9.5
4, 16/01/2019 23:19:29, 130425, 34.5, 71.3, 8.3, 1659.2, 148.6, 1.5, 0.6, 5.1, 259.1, 182.6, 48773.7, 131.2, 26.1, 576.4, 0.2, 10.5
4, 16/01/2019 23:39:28, 130426, 33.2, 70.2, 8.2, 4456.5, 77.4, 1.4, 0.6, 5.9, 264.4, 179.8, 48789.1, 129.3, 26.4, 546.7, 0.2, 9.8
