HOST, TIME, SNAP_ID, SYS_CPU, SYS_DBTIME, SYS_SYSPCT, SYS_READ, SYS_WRITE, SYS_REDO, SYS_OSWAIT, SYS_RMWAIT, SYS_ACTSESS_MAX, SYS_ACTSESS_AVG, SYS_PGA, SYS_PXRUNS, SYS_PXQCT, SYS_PXSRVT, SYS_UCALLS, SYS_IOWAIT
1, 11/02/2019 23:59:58, 132122, 21.7, 31.6, 6.3, 1328, 157.7, 29.7, 0.6, 0, 146.2, 80.9, 27392.2, 192.6, 10.9, 189.2, 77.3, 12.2
1, 12/02/2019 00:19:57, 132123, 24.3, 49.2, 6.8, 1790.1, 119.8, 27.9, 0.6, 4, 267.8, 125.8, 29715.2, 265.1, 14.4, 228.7, 97.7, 21.8
1, 12/02/2019 00:39:58, 132124, 38.1, 84.5, 9.5, 3976, 112.7, 18.3, 0.8, 28.8, 321.4, 216.4, 22604.2, 313.4, 29.7, 399.7, 82.3, 8
1, 12/02/2019 00:59:57, 132125, 43.4, 87.7, 10.8, 2240.4, 200.3, 28.2, 1, 27.5, 301.2, 224.5, 24867.8, 810.7, 30.9, 426.4, 106.2, 13.4
1, 12/02/2019 01:19:57, 132126, 56.3, 100.5, 13.7, 5510.7, 189.2, 26.2, 2, 8.6, 364.3, 257.3, 30852.9, 1090.3, 29.4, 428.8, 84.1, 29.3
1, 12/02/2019 01:39:57, 132127, 42.5, 60.3, 11.1, 2076, 151.6, 18.2, 0.9, 1.6, 234.3, 154.3, 26860.5, 618.9, 22.7, 338.8, 86, 11.8
1, 12/02/2019 01:59:57, 132128, 46, 64.3, 11.9, 4050.5, 177.4, 33.1, 0.9, 0.2, 290.5, 164.6, 31885.6, 309.9, 22.5, 338.9, 90.8, 13.7
1, 12/02/2019 02:19:57, 132129, 38.4, 53, 9.5, 6537.2, 105.1, 18.6, 0.8, 0.9, 216.8, 135.7, 35581.9, 327.1, 22.5, 341.5, 52.6, 8.8
1, 12/02/2019 02:39:57, 132130, 61.6, 108.8, 11.8, 6776, 114.3, 9.2, 1.7, 6.2, 417.3, 278.5, 38292.7, 380.5, 30.8, 567, 29.1, 12.6
1, 12/02/2019 02:59:57, 132131, 64.9, 101.6, 11.7, 7726.8, 108.9, 14.3, 4.9, 12, 360.5, 260.1, 43860, 198.4, 29.1, 544.3, 31.5, 21.8
1, 12/02/2019 03:19:57, 132132, 20.5, 97.1, 6.7, 1390.2, 140.5, 23.5, 0.6, 0, 416, 248.6, 51820.3, 233, 26.2, 503.9, 49.1, 75.2
1, 12/02/2019 03:39:57, 132133, 40.1, 76.9, 10.5, 4586.1, 261.2, 31.1, 0.9, 0.1, 304.3, 196.8, 30017, 257.8, 20.4, 354.1, 45, 17.9
1, 12/02/2019 03:59:57, 132134, 29.9, 46.5, 8.6, 1135.7, 209.8, 24, 0.8, 0, 195.7, 119.2, 47053.2, 193.1, 15.6, 269.8, 37.7, 12.6
1, 12/02/2019 04:19:57, 132135, 37.8, 56.8, 11, 1349.8, 333.7, 34.8, 0.9, 0, 283.7, 145.3, 48074.6, 231.5, 15.8, 298.3, 61, 13.5
1, 12/02/2019 04:39:56, 132136, 35.6, 63.6, 9.7, 1803.4, 340.6, 34.8, 0.8, 0.1, 246.5, 162.7, 48119.4, 285.3, 14.8, 283.1, 50, 24.9
1, 12/02/2019 04:59:56, 132137, 29.5, 68.5, 8.4, 1147.5, 268.2, 26, 0.7, 0, 296.3, 175.4, 48217.1, 206.6, 14.5, 290.7, 37.3, 22.4
1, 12/02/2019 05:19:57, 132138, 37.3, 52.9, 9.6, 1467.3, 342.1, 30, 0.8, 0.4, 247.8, 135.4, 49846.5, 219, 15.4, 313.2, 44.5, 11.4
1, 12/02/2019 05:39:57, 132139, 24.9, 32.4, 6.9, 1316, 223.2, 21.1, 0.6, 0, 154.8, 83, 45353, 233.2, 14.2, 274.7, 34.7, 7.9
1, 12/02/2019 05:59:57, 132140, 43.3, 75.8, 10.5, 2353.7, 330, 37.6, 0.9, 0.1, 370.7, 194, 47755.1, 186.5, 15.6, 364.1, 57.6, 34.8
1, 12/02/2019 06:19:56, 132141, 34.7, 60.3, 9.6, 2195, 373.3, 43.7, 0.8, 0, 327, 154.3, 49021.9, 255.2, 14.4, 284.4, 62.9, 17.5
1, 12/02/2019 06:39:56, 132142, 18.2, 23.4, 5.8, 586.6, 256.7, 28.7, 0.6, 0, 108, 59.8, 44376.1, 256.7, 12.3, 235.2, 52.7, 6.7
1, 12/02/2019 06:59:57, 132143, 41.6, 74.6, 11, 7606.5, 330.5, 46.1, 0.9, 0, 292.1, 191.1, 48866.1, 172.6, 16.1, 330.7, 88.4, 24.7
1, 12/02/2019 07:19:56, 132144, 39.5, 69.2, 12.4, 727.8, 330.1, 52.2, 1, 0, 317.9, 177.2, 14072.2, 208.8, 13.2, 261.8, 100.1, 23.5
1, 12/02/2019 07:39:57, 132145, 40.1, 50.2, 12.1, 2133.7, 335, 60.7, 1, 0.1, 209.5, 128.4, 13533.4, 275.5, 13, 255.6, 110.7, 15
1, 12/02/2019 07:59:56, 132146, 41, 65.9, 12.4, 7888.1, 357.7, 60.7, 1, 0, 294.8, 168.8, 18654.2, 208.2, 13.7, 277.8, 98.8, 15.1
1, 12/02/2019 08:19:56, 132147, 31.5, 47.3, 10.5, 335.9, 353.4, 70.5, 0.9, 0, 256.2, 121, 13092.3, 235.8, 10.2, 177.4, 110.3, 13.6
1, 12/02/2019 08:39:56, 132148, 32.6, 52.9, 9.4, 2448.4, 340, 61.9, 0.8, 0, 246.9, 135.4, 15458.5, 320.7, 11.7, 192.7, 100.7, 11.2
1, 12/02/2019 08:59:56, 132149, 22.4, 37.5, 7.5, 5957.9, 264.9, 64, 0.7, 0, 191.5, 96, 15331.8, 183.6, 10.1, 152.9, 107.1, 13.1
1, 12/02/2019 09:19:55, 132150, 31.1, 64.6, 8.9, 1194.5, 324, 61.1, 0.8, 0.9, 302.5, 165.4, 16482.5, 249, 9.7, 181.6, 107.3, 7.2
1, 12/02/2019 09:39:55, 132151, 33.1, 52.8, 9.5, 7696.8, 341.5, 67.3, 1.4, 0.7, 252.4, 135.3, 24809.9, 312.3, 9.9, 163.7, 107.1, 20.2
1, 12/02/2019 09:59:55, 132152, 36.5, 103.6, 10.3, 3298.1, 355.5, 58.6, 1, 0.4, 390.7, 265.1, 22300.6, 263.1, 12.6, 233.7, 86, 14.8
1, 12/02/2019 10:19:56, 132153, 41.3, 73.7, 11.5, 3563.1, 615.3, 67.4, 1.3, 0, 400.9, 188.6, 17907.7, 327, 8, 151.8, 119.6, 12.4
1, 12/02/2019 10:39:55, 132154, 42.6, 68.9, 10.2, 2696.5, 444.6, 84.9, 0.8, 0.1, 348, 176.4, 19183.4, 331.9, 7.1, 142.5, 115, 5.4
1, 12/02/2019 10:59:55, 132155, 42.1, 53.5, 10, 2179.7, 584.2, 86.5, 0.8, 0, 233.4, 137, 11642, 219, 5.2, 109.8, 111.2, 8.4
1, 12/02/2019 11:19:55, 132156, 35.3, 55.7, 9.1, 2629, 367.7, 70.4, 0.8, 0, 261, 142.7, 15644.4, 278.8, 7.1, 137, 114.6, 5.2
1, 12/02/2019 11:39:55, 132157, 26.4, 31.7, 7.7, 996, 757.3, 67.6, 0.7, 0, 144.3, 81.2, 11748.2, 269.3, 3.9, 58.1, 112.4, 5.1
1, 12/02/2019 11:59:55, 132158, 56.5, 69.6, 13.9, 8074.2, 359.3, 68.2, 2.8, 1.7, 393.3, 178.1, 35498.9, 430.7, 14.7, 249.2, 107.5, 12
1, 12/02/2019 12:19:56, 132159, 69.8, 107.2, 14.6, 8233.5, 293.8, 60.2, 4.8, 11.7, 408.9, 274.4, 31416.9, 270.8, 17.3, 317.7, 97.9, 5.8
1, 12/02/2019 12:39:55, 132160, 65.2, 87.5, 14, 5353.4, 344.5, 63, 2.3, 8.4, 433.7, 224.1, 38347.8, 361.3, 18, 340.2, 98.3, 5.7
1, 12/02/2019 12:59:55, 132161, 38.5, 91.3, 11.3, 1444.6, 285.7, 60.4, 0.9, 0, 344.2, 233.8, 28805.3, 215.5, 12, 252.4, 95.8, 8.1
1, 12/02/2019 13:19:55, 132162, 39.7, 56.7, 11.9, 1631.3, 359.3, 72.6, 1, 0.1, 248, 145.1, 31866.2, 290.2, 6.7, 145.3, 111.6, 8.6
1, 12/02/2019 13:39:55, 132163, 30.5, 40.9, 9.6, 731, 338.1, 69, 0.9, 0.1, 241, 104.8, 14502.4, 329.8, 4.7, 115.3, 113.9, 5.2
1, 12/02/2019 13:59:54, 132164, 28.5, 55.1, 8.6, 1818.4, 335.1, 68.7, 0.8, 0, 271.1, 141.1, 12277.2, 277.3, 3.6, 67.5, 108.7, 5.4
1, 12/02/2019 14:19:55, 132165, 30.6, 41.4, 9.2, 1845.5, 349.2, 78.7, 0.8, 0, 227.7, 105.9, 13865.1, 261.2, 3.8, 76.9, 116.6, 5.6
1, 12/02/2019 14:39:54, 132166, 29.1, 36.2, 8.8, 2163, 293.4, 60.1, 0.8, 0.2, 234.9, 92.7, 14952.4, 366.2, 3.2, 71.2, 97.7, 6.8
2, 11/02/2019 23:59:19, 132122, 45, 58.9, 11.5, 1514.1, 676.9, 38.9, 0.8, 1.1, 198.1, 150.8, 71518.3, 415.1, 11.5, 190.5, 139.4, 18.8
2, 12/02/2019 00:19:20, 132123, 39.4, 68.3, 10.9, 2453, 514.7, 43, 1, 5.5, 307.1, 174.9, 74023.9, 336.9, 12, 186.1, 150.1, 29.8
2, 12/02/2019 00:39:20, 132124, 58.9, 137.5, 14.9, 22934.9, 445.8, 39, 4.9, 39.1, 428.4, 352.1, 60502.3, 401, 31.1, 398.6, 114.7, 18.9
2, 12/02/2019 00:59:20, 132125, 63.5, 107.4, 17.1, 2817.1, 317.4, 41.6, 1.3, 8.5, 370.4, 275, 61090.5, 456.2, 22.5, 349.7, 133.9, 23.1
2, 12/02/2019 01:19:20, 132126, 68, 88.4, 16.2, 54385.3, 452.8, 36.5, 2, 6.1, 290.6, 226.4, 68968.4, 471.3, 21.6, 431.3, 103.7, 17.4
2, 12/02/2019 01:39:20, 132127, 57.5, 74.4, 13.7, 87961.2, 257.5, 29.3, 1.4, 4.5, 308.2, 190.4, 35263.3, 512.4, 20.7, 415.1, 111.6, 11.5
2, 12/02/2019 02:00:19, 132128, 39.5, 56.9, 11, 9660.1, 222.6, 29.1, 0.8, 7.9, 211.5, 145.6, 31017.1, 491, 14.7, 256.5, 107, 10.5
2, 12/02/2019 02:20:19, 132129, 38.5, 51.5, 11, 1315.4, 218.9, 32.9, 0.8, 6.3, 227, 131.9, 24148.8, 365.1, 10.3, 168.8, 129.2, 8.1
2, 12/02/2019 02:39:19, 132130, 50.3, 96.2, 13.4, 8020.1, 240.6, 37.5, 1, 6, 395.6, 246.3, 28845.7, 460.1, 13, 254.9, 157.6, 19.5
2, 12/02/2019 02:59:20, 132131, 43, 60.9, 11.8, 2315.6, 268.7, 34.3, 0.9, 0, 225.4, 155.9, 27931.1, 374.3, 8.3, 148, 187.4, 15.4
2, 12/02/2019 03:19:19, 132132, 19.5, 71.7, 7, 1357.5, 186.5, 25.7, 0.6, 0.1, 248.5, 183.6, 31123.6, 440.6, 11.9, 257.2, 133.6, 52.6
2, 12/02/2019 03:39:19, 132133, 31.7, 63.2, 10.8, 1128.8, 196.1, 32.4, 0.8, 0, 258.4, 161.7, 21315.4, 401.3, 7, 117.4, 187.4, 15.7
2, 12/02/2019 03:59:19, 132134, 31.4, 45.9, 10.8, 583.5, 233.3, 31.7, 0.8, 0, 174.3, 117.5, 61747.6, 367, 7.7, 97.5, 198.8, 13.7
2, 12/02/2019 04:19:19, 132135, 31, 50.5, 9.7, 4195.8, 325.2, 24.2, 0.7, 0, 274, 129.2, 55028.5, 447.1, 8.4, 138.2, 122.7, 20.2
2, 12/02/2019 04:39:19, 132136, 25.8, 45.7, 8.1, 2909.7, 313, 20.8, 0.6, 0.1, 240, 116.9, 55358.8, 418.2, 4.4, 86.4, 105.1, 19.6
2, 12/02/2019 05:00:19, 132137, 22.2, 50.3, 7.9, 986, 278.1, 19.4, 0.6, 0, 204.5, 128.8, 45479, 356.5, 4.6, 125.1, 84.5, 17.1
2, 12/02/2019 05:19:19, 132138, 25.2, 37.2, 8.9, 2384, 291.7, 20.4, 0.7, 0.1, 155.1, 95.2, 48156.9, 444.1, 4.2, 77.2, 93.3, 11.6
2, 12/02/2019 05:40:19, 132139, 23.5, 31.9, 8.9, 499.2, 249.2, 26, 0.7, 0, 136.4, 81.8, 45425.2, 373.3, 2.3, 44.8, 137.9, 10.9
2, 12/02/2019 05:59:19, 132140, 23.2, 53.7, 8.3, 2366.1, 226.5, 22, 0.7, 0, 239.6, 137.5, 45826, 484.1, 4.7, 99.9, 94.2, 28.7
2, 12/02/2019 06:19:19, 132141, 23.1, 49.9, 8.7, 1341.8, 216.6, 23.5, 0.7, 0, 273.9, 127.7, 50003.1, 424.2, 3.7, 89.1, 108.5, 16.1
2, 12/02/2019 06:39:19, 132142, 27.1, 36.2, 9.6, 582, 255.2, 25.7, 0.7, 0, 143.3, 92.6, 45485.8, 363.1, 3, 75.7, 108.3, 12.5
2, 12/02/2019 07:00:18, 132143, 27.8, 57.4, 9.3, 3253.9, 315.3, 30.2, 0.7, 0, 277.2, 146.8, 47228.3, 484.5, 3.8, 114.4, 96.9, 20.9
2, 12/02/2019 07:20:18, 132144, 23, 35.4, 8.7, 246.6, 209.7, 31.4, 0.7, 0, 193.3, 90.7, 10963.1, 342.1, 1.6, 49, 112.5, 9.5
2, 12/02/2019 07:39:18, 132145, 33.1, 39.6, 11.8, 1985, 205.7, 33.5, 0.9, 0.4, 153.5, 101.3, 14883.9, 462.8, 3.6, 109.6, 129.8, 10.9
2, 12/02/2019 07:59:18, 132146, 32, 54.7, 11.2, 1899.5, 254.6, 41.5, 0.9, 0, 272.9, 140, 14588.8, 451, 3.1, 90.5, 147.5, 10
2, 12/02/2019 08:19:18, 132147, 31.2, 46, 11.1, 6103.7, 249.7, 43.1, 0.8, 0, 277.2, 117.7, 14912.8, 346.5, 2.3, 71.7, 147.6, 10.3
2, 12/02/2019 08:40:18, 132148, 32.9, 56.8, 11.4, 18474.2, 230.5, 41, 0.9, 0, 276.5, 145.5, 15430.1, 441.2, 3.8, 109.9, 144.6, 11.2
2, 12/02/2019 09:00:18, 132149, 38.4, 54.7, 12.6, 884.2, 308.8, 50.8, 1, 0, 246.8, 140.1, 20029.4, 359.9, 2.3, 67.4, 176.7, 14.6
2, 12/02/2019 09:20:18, 132150, 39.6, 73.1, 12, 2905.1, 289.5, 47.2, 0.9, 0, 343.2, 187.1, 31570.1, 458.6, 2.8, 78, 165.8, 8.7
2, 12/02/2019 09:39:18, 132151, 45.5, 59.4, 12.9, 1755.9, 331.1, 51, 1.1, 0.5, 349.9, 152, 68702.3, 435.5, 3, 99.9, 180.4, 10.9
2, 12/02/2019 10:00:18, 132152, 45.2, 103.5, 12.5, 1897.7, 433.9, 48, 1, 0, 421.3, 265, 59396.7, 362.1, 4.4, 164.3, 148.1, 10.7
2, 12/02/2019 10:20:18, 132153, 39.2, 65.8, 12.7, 95.9, 281.9, 57.4, 1, 0, 323, 168.6, 63175.5, 322.2, 2.3, 102.9, 202.2, 10.8
2, 12/02/2019 10:39:17, 132154, 48.1, 83.5, 14.3, 2169.8, 319.6, 53.9, 1.2, 0.7, 392.5, 213.9, 50181.9, 417.9, 6, 200.4, 178.7, 10.5
2, 12/02/2019 11:00:17, 132155, 42.7, 67, 13, 2066.1, 375.4, 53, 1.1, 0, 353.7, 171.6, 19358.8, 334.9, 2.1, 81.6, 179.3, 14.2
2, 12/02/2019 11:20:17, 132156, 43.5, 76.7, 13.5, 1859.3, 248.8, 52.7, 1.1, 0.3, 355.1, 196.4, 32494.1, 352.3, 5.4, 143.4, 186.6, 11.8
2, 12/02/2019 11:39:17, 132157, 35, 54.6, 12.1, 805.7, 376.8, 61.3, 1.1, 0, 197.8, 139.8, 19096.8, 84.9, 2.6, 82.5, 182.4, 11.7
2, 12/02/2019 11:59:18, 132158, 38, 56.8, 13.1, 7868.7, 289.7, 53.4, 1.1, 0, 235.9, 145.4, 20142, 2358.5, 5.6, 126.4, 167.5, 13
2, 12/02/2019 12:19:17, 132159, 25.2, 65.2, 9.5, 389.5, 260.5, 47.4, 0.8, 0, 327.5, 166.8, 19152.3, 123.9, 6.1, 83, 144.2, 13.4
2, 12/02/2019 12:39:17, 132160, 33.5, 61.2, 11.2, 1914.5, 299.5, 48.4, 0.9, 0.3, 309.7, 156.8, 24233.5, 153.7, 7.4, 123.3, 147.5, 15.1
2, 12/02/2019 13:00:17, 132161, 28.2, 98.7, 9.6, 572.5, 242.9, 43.4, 0.8, 0, 440.7, 252.8, 24207.9, 107.4, 7.2, 115.7, 127.2, 14.5
2, 12/02/2019 13:19:18, 132162, 36.8, 70.7, 12.5, 1564.4, 365.9, 57.5, 1, 0, 295.6, 180.9, 23644.5, 142.2, 7.8, 130.1, 152.9, 15.2
2, 12/02/2019 13:40:17, 132163, 32.2, 58, 11.3, 1490.1, 302.2, 48.3, 0.9, 0, 255.2, 148.5, 19875.5, 106, 8, 129.1, 133.8, 15.2
2, 12/02/2019 14:00:17, 132164, 31, 71.9, 10.3, 849.5, 317.8, 49.2, 0.8, 0.1, 310.2, 184.2, 46876.4, 148.1, 8.2, 126.3, 132, 14
2, 12/02/2019 14:20:16, 132165, 30.3, 56.6, 10.8, 846.7, 300.3, 51.8, 0.9, 0, 271.8, 145, 19608.2, 107, 6.7, 96, 140.6, 15.4
2, 12/02/2019 14:40:16, 132166, 41.9, 64.7, 12.3, 2526.1, 396.9, 48.2, 1, 0.1, 261.7, 165.7, 56703.4, 119.8, 7.6, 142.5, 131.1, 18.5
3, 11/02/2019 23:59:31, 132122, 58.8, 69, 9.7, 15440.9, 224.6, 27.2, 0.8, 3.2, 229.6, 176.7, 58893.3, 520.6, 22.6, 659.6, 4.3, 8.9
3, 12/02/2019 00:19:31, 132123, 50.1, 62.1, 8.9, 5970, 227.9, 14.6, 1, 2.1, 331.5, 159, 75699.3, 1794.1, 26.1, 633.9, 5.4, 12.2
3, 12/02/2019 00:39:31, 132124, 62.9, 102.9, 11.7, 6081.4, 416.1, 5.1, 1.7, 23.3, 334.7, 263.5, 88377.8, 1776.5, 44.6, 699.5, 3.5, 8.4
3, 12/02/2019 00:59:31, 132125, 64.2, 110.5, 12.6, 23979.6, 455.6, 5.2, 2.4, 23.7, 462.7, 282.8, 72476.6, 579.9, 38.6, 632.5, 4.1, 11.7
3, 12/02/2019 01:19:30, 132126, 51.9, 73.6, 11.8, 5124.4, 597.5, 1.1, 0.9, 6.5, 232.2, 188.3, 52259.2, 443, 28.4, 572.9, 5.6, 12.2
3, 12/02/2019 01:39:30, 132127, 58.5, 70.4, 12.9, 7683.7, 637.8, 2.2, 1, 6.5, 210, 180.3, 56954, 294.5, 27.9, 479, 4.1, 9
3, 12/02/2019 01:59:30, 132128, 70.5, 86.1, 14.2, 15783.3, 750.7, 5.2, 2, 3.5, 269.7, 220.3, 84313.9, 257.8, 29.1, 598.1, 3.5, 11.5
3, 12/02/2019 02:20:31, 132129, 71, 86.3, 14.5, 2592, 777, 1, 2, 5.6, 297.1, 220.9, 32264.9, 268.8, 27.1, 602.2, 3.1, 12.3
3, 12/02/2019 02:39:30, 132130, 32.9, 57.6, 7.9, 2867.8, 403.5, 2.1, 0.7, 0.1, 200, 147.4, 29782.2, 248.2, 22.2, 403.2, 3.5, 16.9
3, 12/02/2019 02:59:30, 132131, 55, 87.2, 10.9, 48002.8, 417.3, 13.1, 1.5, 2.4, 353.7, 223.3, 37817.1, 339.2, 27.7, 573, 4.9, 20.9
3, 12/02/2019 03:19:30, 132132, 41.5, 119.1, 9.6, 117147.6, 335.6, 15.7, 0.8, 0.8, 351.6, 304.8, 61696.6, 425.1, 30.2, 749.3, 2.6, 74.7
3, 12/02/2019 03:39:30, 132133, 45, 63.7, 10.6, 10817.4, 710.8, 7.7, 0.9, 0.7, 204.8, 163, 42052.5, 320.8, 24, 582.3, 3.1, 15.6
3, 12/02/2019 03:59:30, 132134, 65.6, 76.3, 14.2, 46537.7, 671.8, 15.1, 1.2, 0.6, 261.1, 195.3, 100813.4, 4577.3, 26, 626.7, 8.6, 13.9
3, 12/02/2019 04:19:30, 132135, 56.1, 65.4, 11.2, 7308.7, 416.2, 4.4, 1, 0.1, 248.9, 167.5, 83252.6, 5352.8, 25.5, 453.9, 5.4, 12.4
3, 12/02/2019 04:39:29, 132136, 68.1, 82.6, 13.2, 5753.1, 288.7, 2.8, 1.2, 0.1, 276.3, 211.3, 77447.8, 5066.6, 27.8, 496.6, 2.7, 16.9
3, 12/02/2019 04:59:30, 132137, 53, 73.4, 12, 30055.4, 355.2, 9, 1.1, 0.3, 258, 188, 82971.1, 5009.6, 31.6, 712.1, 5.3, 18
3, 12/02/2019 05:19:30, 132138, 47.2, 57.7, 11.4, 2866.3, 413.5, 10.4, 0.9, 0, 227.2, 147.8, 91013.7, 4871.3, 24, 521.1, 1.8, 15.7
3, 12/02/2019 05:39:30, 132139, 37.7, 43.7, 7.6, 1852.2, 453, 19.4, 0.6, 0, 208.2, 111.8, 84636.2, 5094.9, 20.3, 490.2, 2, 11.4
3, 12/02/2019 05:59:30, 132140, 31.7, 45.5, 8.2, 21736.4, 511.3, 14.9, 0.7, 0, 170.3, 116.4, 77537.9, 4379.1, 21, 543, 1.5, 19.1
3, 12/02/2019 06:19:29, 132141, 39.8, 62.4, 9.4, 3713.1, 515.5, 21.1, 0.8, 1.1, 267.8, 159.9, 94690.8, 2691, 20.9, 636.9, 1.6, 18.5
3, 12/02/2019 06:39:29, 132142, 43.9, 53.9, 10.6, 3251.4, 1055.8, 16.3, 0.8, 0.1, 187.6, 137.9, 88780.9, 2416.5, 18.3, 535.1, 1.7, 11.9
3, 12/02/2019 06:59:29, 132143, 38.7, 49.5, 9.3, 16422.3, 365.1, 14.5, 0.8, 0, 151, 126.8, 87077.2, 351.7, 18.8, 487.4, 1.1, 12.2
3, 12/02/2019 07:19:29, 132144, 31.7, 35.6, 7.1, 5074, 330.4, 23.3, 0.6, 0, 122.9, 91.2, 36170.2, 6888.3, 15.9, 383.5, 0.8, 6.7
3, 12/02/2019 07:39:29, 132145, 36.4, 42, 9.4, 3133.2, 312, 13.3, 0.8, 0.2, 204, 107.6, 20619.4, 298.8, 17.5, 393, 3.2, 9.6
3, 12/02/2019 08:00:29, 132146, 66, 127.1, 14.5, 39919.5, 658.5, 12.6, 4.9, 31, 715.1, 325.4, 74841.8, 365.6, 30.4, 1039.2, 1.3, 13
3, 12/02/2019 08:19:29, 132147, 66, 93.6, 13.6, 21167.3, 687.4, 19.9, 2.7, 7.1, 330.6, 239.6, 71132.7, 364.6, 30.6, 1008.5, 0.9, 16.2
3, 12/02/2019 08:39:29, 132148, 61.6, 119.4, 12.8, 4307.4, 546.8, 26.8, 2.9, 6.1, 418.4, 305.8, 96612.3, 373.8, 32.9, 953.6, 0.9, 13
3, 12/02/2019 08:59:28, 132149, 64.6, 88.7, 12.5, 22032.3, 493.2, 14.7, 3.5, 11.3, 344.9, 227, 79225.3, 521.5, 31.3, 1007.1, 5.7, 13.5
3, 12/02/2019 09:19:29, 132150, 47.5, 77.5, 9.7, 4539, 492.3, 35.1, 0.8, 0.8, 332.8, 198.3, 48576.5, 442.2, 29.2, 883.4, 1.9, 7.9
3, 12/02/2019 09:39:29, 132151, 52, 58.8, 10.4, 8145.5, 437.4, 25.9, 0.7, 0.6, 209.9, 150.6, 53489.9, 469.7, 25.5, 623.7, 2.1, 8.7
3, 12/02/2019 09:59:29, 132152, 55.1, 102.4, 9.6, 51661.9, 248, 26.9, 4, 7.5, 386.5, 262.3, 40786.3, 613.5, 35.8, 901.8, 4.3, 9.8
3, 12/02/2019 10:20:28, 132153, 42.1, 61, 9.7, 5416.3, 290.3, 31.3, 0.7, 0.3, 226.6, 156.1, 70673.4, 1220.7, 30.7, 714.4, 7.3, 9.9
3, 12/02/2019 10:39:28, 132154, 48.4, 68.4, 10.9, 8161.5, 283.1, 34.3, 0.8, 3.9, 214.8, 175.2, 73441, 1074, 33.2, 713, 5.6, 11
3, 12/02/2019 11:00:29, 132155, 53.4, 73.9, 11.2, 25017.9, 358.8, 30.4, 1.1, 4, 227.1, 189.1, 72734.1, 927.1, 26.9, 613.5, 3.2, 13.6
3, 12/02/2019 11:20:28, 132156, 62.2, 78.2, 11.3, 7338.3, 298.7, 33.5, 0.9, 4.3, 299.3, 200.2, 64145.6, 862.4, 24.9, 699.8, 2.1, 9.3
3, 12/02/2019 11:39:28, 132157, 55.4, 73, 11.4, 25098.5, 320.3, 30.6, 0.8, 6.1, 242.6, 186.9, 89491, 1079.6, 26.4, 696.8, 2.4, 12.8
3, 12/02/2019 11:59:29, 132158, 43.2, 61.3, 10.2, 33489.1, 374.9, 31.4, 0.8, 3.6, 233.6, 156.8, 61050, 1087.7, 27.4, 656.3, 2.4, 12.1
3, 12/02/2019 12:19:28, 132159, 34.7, 74.3, 7.1, 7454.1, 190.6, 17.2, 0.7, 11, 400.2, 190.1, 67234.5, 700.3, 34.8, 775.5, 1.9, 6.7
3, 12/02/2019 12:39:28, 132160, 41.3, 63.8, 8, 5245, 228.8, 17.2, 0.6, 5, 269.5, 163.3, 72278.4, 1210.4, 26.3, 626.7, 1.8, 9.1
3, 12/02/2019 12:59:28, 132161, 38.5, 71.3, 6.6, 7785.4, 198.8, 22.6, 0.5, 2, 237, 182.6, 64963.7, 708.4, 25.6, 632.4, 2.1, 6.4
3, 12/02/2019 13:19:28, 132162, 43.9, 68.1, 7.7, 22393.4, 142.2, 13.6, 2.2, 5, 367.5, 174.4, 69972.8, 678.2, 27.5, 780.5, 3.3, 6
3, 12/02/2019 13:40:28, 132163, 46.4, 67.3, 8.7, 5305.8, 263, 23.2, 0.7, 0.7, 393.8, 172.4, 52087.2, 967.3, 23.7, 738.7, 3.6, 7.7
3, 12/02/2019 14:00:27, 132164, 55.1, 82.9, 9.8, 26409.2, 237.4, 3.9, 1.3, 5.7, 321.4, 212.2, 81014, 595.4, 24.5, 644.9, 2.7, 8.9
3, 12/02/2019 14:19:28, 132165, 57.1, 83.2, 10.3, 4383.4, 396.3, 15.8, 2.6, 8.9, 319.9, 212.9, 36742.7, 1036.1, 23.2, 612.5, 3.2, 10.3
3, 12/02/2019 14:39:27, 132166, 47.1, 54, 8.5, 7943.8, 256.2, 8.7, 0.7, 0.5, 171.3, 138.2, 49290.7, 1220.5, 22.2, 471.5, 7, 7.9
4, 11/02/2019 23:59:10, 132122, 38.6, 54, 8, 34330.9, 457.2, 3.9, 0.6, 0.5, 350.2, 138.4, 35217.1, 354.9, 20.3, 405.2, 1.3, 24.9
4, 12/02/2019 00:19:10, 132123, 31.4, 77.1, 6.7, 36361.7, 104.2, 5, 0.6, 0.3, 364.3, 197.4, 72119.4, 491.6, 40.7, 447.5, 4.6, 40.3
4, 12/02/2019 00:39:10, 132124, 64.5, 82.3, 12.5, 10649.8, 318.2, 3.3, 1, 5.2, 279.5, 210.6, 78082.8, 601.4, 37.4, 668.4, 3.1, 10
4, 12/02/2019 01:00:10, 132125, 63.7, 87, 11.2, 27367.6, 384.3, 4, 1, 9.4, 282, 222.6, 103624, 391.1, 36.6, 672.9, 2.7, 10.8
4, 12/02/2019 01:20:10, 132126, 61.3, 78.4, 11.7, 7120, 553.5, 2, 0.8, 4.3, 236.4, 200.7, 74031.6, 195.1, 33.2, 668.2, 3, 12.3
4, 12/02/2019 01:40:10, 132127, 48.9, 59.4, 10.1, 2349, 428.7, 1.3, 0.8, 1.6, 186.2, 152, 69880.4, 180.4, 24, 505, 2.9, 7.9
4, 12/02/2019 02:00:09, 132128, 50.5, 74.5, 10.1, 25850.9, 306.3, 2.5, 0.7, 2.8, 232.5, 190.7, 60131.8, 275.9, 25.4, 557.8, 4, 11.7
4, 12/02/2019 02:20:09, 132129, 45.6, 59.5, 9.1, 8316.6, 254.6, 2.5, 0.7, 3, 218.7, 152.4, 51339.4, 203.8, 21.9, 471.1, 4.2, 9.8
4, 12/02/2019 02:39:10, 132130, 30.8, 46.6, 6.9, 5572.4, 154.8, 3.2, 0.6, 0.6, 140.2, 119.3, 54040.5, 108, 22.2, 400.2, 5, 14
4, 12/02/2019 02:59:09, 132131, 48.8, 75.5, 9.2, 31554.2, 254.1, 12.6, 0.8, 4.7, 419, 193.3, 53807.4, 316, 27, 516.4, 8.6, 16.6
4, 12/02/2019 03:19:09, 132132, 45.1, 120.5, 10.4, 97095.9, 350.9, 13.8, 0.8, 0.9, 377.7, 308.4, 61666.4, 275.1, 27.2, 643.8, 2.3, 77.2
4, 12/02/2019 03:40:10, 132133, 36, 49.5, 9.2, 12400.5, 439.4, 7.7, 0.7, 1.1, 167, 126.8, 38873.1, 348.4, 18.5, 355.9, 1.1, 12.7
4, 12/02/2019 04:00:10, 132134, 28.8, 41.5, 6.6, 7518.5, 185.9, 3.5, 0.6, 2.5, 166.7, 106.2, 72988.1, 335.6, 21.9, 478.4, 8.3, 11.9
4, 12/02/2019 04:19:09, 132135, 28.3, 37.9, 7.4, 5178.1, 198, 3.3, 0.6, 0, 212.2, 97.1, 62990.2, 240.5, 18.6, 374.8, 4.2, 10.6
4, 12/02/2019 04:40:09, 132136, 37.7, 46.8, 8.9, 18219.7, 333.7, 6.3, 0.8, 0.1, 209.7, 119.9, 58446.2, 255.6, 20.9, 469, 4.7, 10.3
4, 12/02/2019 05:00:09, 132137, 56.3, 74.4, 11.3, 37037.7, 763.8, 7.6, 0.8, 0.4, 233.2, 190.6, 78055.3, 204.1, 27.6, 672.4, 5.7, 13.4
4, 12/02/2019 05:19:09, 132138, 33.1, 43.2, 7.5, 7586, 303.7, 13.5, 0.6, 0, 167.4, 110.6, 68254.2, 198.2, 23.3, 478, 12.3, 10.2
4, 12/02/2019 05:40:09, 132139, 30.3, 39, 6.4, 6292, 249.6, 8.7, 0.5, 0.4, 164.5, 99.7, 56860.4, 177.9, 21.6, 413.2, 12.5, 11.1
4, 12/02/2019 05:59:09, 132140, 30.9, 39.5, 6.6, 37230.5, 284.2, 9, 0.5, 1.8, 156.9, 101, 62925.9, 203.4, 23.1, 485.6, 12.5, 13.6
4, 12/02/2019 06:19:08, 132141, 32.1, 49.6, 7.1, 20912.1, 206.8, 8, 0.6, 1.8, 178.2, 127, 81545.8, 228.8, 24.5, 604.3, 11.3, 15.6
4, 12/02/2019 06:40:08, 132142, 34.8, 42.4, 7.7, 6858.1, 440.9, 6, 0.6, 0.3, 169.8, 108.4, 44658.8, 172.8, 21.3, 453.8, 11.6, 9.7
4, 12/02/2019 07:00:09, 132143, 33.8, 41.4, 7.6, 44411.2, 291.4, 7.9, 0.6, 1.5, 174.6, 106, 66804.9, 230.6, 21, 371.9, 8.2, 10.7
4, 12/02/2019 07:20:09, 132144, 28, 33.6, 6.4, 5929.4, 332.3, 29.4, 1.1, 4.7, 187.1, 86, 33612.3, 291.7, 20.3, 343.9, 9.1, 5.5
4, 12/02/2019 07:39:09, 132145, 35.2, 62.5, 6, 4420.3, 401.2, 45.6, 0.6, 23.3, 287.6, 160.1, 29002.4, 288.1, 21.8, 508, 6.4, 4.3
4, 12/02/2019 08:00:08, 132146, 44.3, 84.5, 7.6, 18520.7, 383.3, 47.5, 1, 24, 365.2, 216.3, 36004.6, 369.4, 29.3, 923.6, 5.5, 7
4, 12/02/2019 08:20:08, 132147, 34.7, 66, 5.6, 5126.6, 319, 27.7, 1.1, 25.5, 310.6, 168.9, 32865, 336.7, 30.4, 799.5, 5.4, 4.8
4, 12/02/2019 08:40:08, 132148, 39.8, 81.1, 7.9, 9010.6, 273.4, 8.7, 0.7, 31.5, 283.5, 207.5, 21461.9, 345.3, 30.7, 767.2, 4.6, 7.2
4, 12/02/2019 09:00:08, 132149, 44.3, 85.7, 7.8, 38442.2, 258.3, 4.8, 0.7, 34.5, 278.6, 219.4, 78562.4, 331.2, 32.6, 830.9, 4.9, 7.8
4, 12/02/2019 09:20:08, 132150, 69, 114.7, 8.4, 6236.4, 426.2, 2.1, 3.3, 35.5, 451, 293.7, 65228.2, 194.1, 35.5, 998.3, 4.8, 3
4, 12/02/2019 09:40:07, 132151, 50.4, 85.9, 6.3, 3938.2, 225.1, 9.7, 0.6, 33, 268.3, 219.8, 68368, 262.8, 28.3, 779.8, 4.7, 3.4
4, 12/02/2019 10:00:08, 132152, 31.7, 78.4, 5.1, 2730.4, 369.7, 7.7, 0.5, 30.9, 280, 200.8, 61605.2, 187.2, 27.4, 740.8, 5.8, 3
4, 12/02/2019 10:21:08, 132153, 59, 94.7, 9.3, 2781.1, 472.2, 7.1, 2.2, 29.7, 387.3, 242.3, 54602.2, 126.3, 29, 793.9, 5, 5.4
4, 12/02/2019 10:40:08, 132154, 38.7, 78, 6.6, 2557.7, 302.5, 9.9, 0.5, 27, 269, 199.7, 60016.6, 144.6, 29.1, 743.7, 4.7, 3.6
4, 12/02/2019 11:00:08, 132155, 41.2, 92.8, 6.8, 44406.6, 234.6, 8.2, 0.6, 36.8, 331.6, 237.5, 56031.2, 246.2, 27.3, 586, 2.2, 7.4
4, 12/02/2019 11:20:07, 132156, 48.5, 108.1, 7.4, 9483.3, 372.7, 5, 0.9, 47.3, 438.9, 276.8, 70731.8, 200.9, 28.2, 612.3, 1.2, 5.1
4, 12/02/2019 11:40:07, 132157, 49.4, 108.9, 7, 5093.4, 420.5, 4.1, 1.5, 54.3, 333.9, 278.9, 60213.9, 148.4, 31.2, 640, 1.6, 6.3
4, 12/02/2019 11:59:07, 132158, 55.1, 106.6, 6.9, 15517.5, 323.8, 6.8, 2.2, 50.8, 313.1, 272.8, 77185.9, 134.4, 31, 645, 1.5, 4.2
4, 12/02/2019 12:20:08, 132159, 42, 107.9, 7.6, 2554.2, 234.5, 4.1, 0.8, 41.6, 378.3, 276.1, 54172.8, 173.6, 30.2, 670.8, 1.8, 5.3
4, 12/02/2019 12:39:07, 132160, 44.5, 100.3, 7.2, 4850.8, 379, 0.5, 0.8, 42.3, 307.2, 256.9, 79667.2, 154.9, 25.8, 507, 1.7, 6.2
4, 12/02/2019 13:00:07, 132161, 51.3, 122.9, 8.4, 33030.8, 220.3, 4.7, 1.6, 33.8, 352.6, 314.7, 63901.4, 119.7, 28.4, 747.2, 1.8, 9.2
4, 12/02/2019 13:19:07, 132162, 46.6, 95.3, 8, 3685, 354.1, 5.2, 0.8, 35.1, 299.3, 244, 35376.4, 204.9, 27, 717.4, 2.1, 7.7
4, 12/02/2019 13:40:07, 132163, 42.6, 89.1, 6.3, 3991.1, 156.4, 1.6, 0.5, 40.1, 280.4, 228.1, 32817.7, 164.8, 25.2, 516.1, 2, 6.2
4, 12/02/2019 14:00:07, 132164, 38.7, 88.3, 5.5, 13813.7, 109.9, 5.2, 0.5, 32.1, 287.4, 226, 31982.6, 164.1, 27.7, 597.6, 3, 5.9
4, 12/02/2019 14:20:07, 132165, 38.9, 81.3, 7.1, 36978, 173.9, 7.3, 0.8, 34.7, 252.5, 208.1, 29141.5, 185.8, 27.3, 577.4, 2.5, 8
4, 12/02/2019 14:40:07, 132166, 31.4, 72.1, 5.5, 9182.5, 133.9, 4.6, 0.5, 32.3, 201.5, 184.7, 39503.9, 205.7, 25.6, 528.7, 4.3, 7.1
