HOST, TIME, SNAP_ID, SYS_CPU, SYS_DBTIME, SYS_SYSPCT, SYS_READ, SYS_WRITE, SYS_REDO, SYS_OSWAIT, SYS_RMWAIT, SYS_ACTSESS_MAX, SYS_ACTSESS_AVG, SYS_PGA, SYS_PXRUNS, SYS_PXQCT, SYS_PXSRVT, SYS_UCALLS, SYS_IOWAIT
1, 30/12/2018 23:59:41, 129203, 51.4, 56.3, 12.3, 2057, 769.7, 30.3, 1, 9.7, 226.4, 144.2, 48466.1, 314.7, 7.7, 175.2, 113.9, 9.6
1, 31/12/2018 00:19:41, 129204, 45.1, 69.3, 10.4, 7846.1, 632.4, 37.4, 1.5, 12.6, 377.7, 177.4, 50585.3, 266.7, 10, 151.3, 109.5, 14.1
1, 31/12/2018 00:40:42, 129205, 58.5, 101.9, 12.5, 16420.3, 671.9, 43.1, 2.7, 33.1, 377.9, 260.8, 35677.3, 238.6, 19.9, 258.6, 127, 12.3
1, 31/12/2018 01:00:41, 129206, 61.4, 102.3, 14.9, 5739.3, 546.7, 29.1, 1.1, 17, 370.2, 262, 37447.9, 930.6, 25.8, 377.5, 100.9, 21
1, 31/12/2018 01:19:41, 129207, 56.2, 99, 13.3, 2482.7, 619.6, 36.4, 1.5, 16.2, 313.1, 253.5, 29470.8, 595.2, 22.4, 277.6, 97.1, 24.6
1, 31/12/2018 01:39:41, 129208, 56.8, 78.7, 12.8, 1477.3, 657.2, 39.1, 0.9, 18.7, 227.7, 201.5, 24950.9, 722.3, 20.2, 241.6, 107.3, 10.7
1, 31/12/2018 01:59:41, 129209, 53.9, 72.2, 12.4, 6479.8, 639.4, 51.2, 0.9, 16.7, 214.1, 184.8, 24040.2, 660, 16.9, 191.2, 117.6, 10.3
1, 31/12/2018 02:19:40, 129210, 65.1, 78.5, 14.2, 6340.6, 558.6, 40.3, 2.7, 11.5, 286.2, 201, 36448.5, 942.4, 20.1, 258.5, 97.5, 8.9
1, 31/12/2018 02:39:41, 129211, 97.2, 122.5, 20.9, 4095.9, 439.1, 37.7, 19.3, 11.7, 341.8, 313.6, 60727.3, 355.7, 25.2, 381.8, 109.1, 16.8
1, 31/12/2018 02:59:40, 129212, 88.3, 109, 19.2, 3117.1, 561.9, 38.6, 7.5, 5.7, 299.6, 279, 57717.3, 168.1, 20.3, 323.6, 109.3, 17.9
1, 31/12/2018 03:19:40, 129213, 76.2, 95.3, 17.2, 3799.5, 644.7, 41.8, 4.5, 2.9, 333.1, 243.9, 47573.2, 271.9, 20.8, 331.6, 100.6, 21.5
1, 31/12/2018 03:39:41, 129214, 55.4, 103.8, 12.5, 2961.3, 625.5, 35.8, 3.6, 1.7, 381.5, 265.7, 59116.2, 373.1, 26.9, 461, 78.5, 40.8
1, 31/12/2018 03:59:40, 129215, 66.7, 83.9, 16.2, 1531.3, 620.7, 35.8, 1.2, 0, 290.2, 214.9, 82233.1, 4673.5, 16, 238.4, 104.9, 19.9
1, 31/12/2018 04:19:40, 129216, 63, 67.6, 15.3, 916.5, 780.7, 39, 1.2, 0, 197.4, 173, 80385.4, 5151.7, 9.1, 135.8, 113, 19
1, 31/12/2018 04:39:41, 129217, 55, 65.5, 14.2, 357.9, 748, 42.3, 1.1, 0, 272.6, 167.6, 67931.4, 5022.7, 6.7, 102.7, 138.7, 9.8
1, 31/12/2018 04:59:41, 129218, 50.6, 62.7, 12.4, 2510.2, 737, 37.3, 1, 2, 295, 160.4, 63099.9, 1667.2, 9.3, 189.7, 107.5, 7.1
1, 31/12/2018 05:19:40, 129219, 52.7, 54.1, 14.2, 445.4, 646, 45.1, 1.1, 0, 235.5, 138.6, 23935.6, 6685.4, 7.3, 108.9, 132.6, 6.9
1, 31/12/2018 05:39:40, 129220, 54.5, 51.7, 15.1, 1293.8, 656.5, 45.6, 1.2, 0.6, 215.8, 132.4, 25875.5, 305.1, 8.5, 132.5, 141.4, 7.5
1, 31/12/2018 05:59:40, 129221, 63.8, 76, 15.9, 1810.7, 649.8, 40.3, 1.2, 0, 287.2, 194.5, 34902.5, 163.9, 6, 162.2, 116.9, 9.2
1, 31/12/2018 06:19:40, 129222, 47.1, 57, 12.5, 348.5, 718.8, 47.1, 1, 0, 240.1, 145.9, 21789.2, 200.5, 3.2, 65.7, 140, 4.3
1, 31/12/2018 06:39:39, 129223, 49.2, 51.5, 13.1, 99.4, 688.9, 48.9, 1, 0, 201.4, 131.8, 21596.8, 258.1, 2.2, 37.5, 147.2, 5.1
1, 31/12/2018 06:59:40, 129224, 59.7, 68.3, 15.6, 1843.4, 651.1, 48.2, 1.2, 1.6, 257.6, 174.8, 23151.7, 301.4, 5.3, 111.8, 137.3, 7.3
1, 31/12/2018 07:19:39, 129225, 57, 69.8, 14, 659.4, 695.9, 50.7, 1, 0, 230.4, 178.7, 22699.4, 224.2, 4.7, 83.6, 114.3, 5.9
1, 31/12/2018 07:39:40, 129226, 56.9, 63.7, 14, 195.7, 700.9, 54.5, 1.1, 0, 290.1, 163, 21863.4, 265.5, 3.4, 58.7, 120.7, 5.3
1, 31/12/2018 07:59:39, 129227, 65.7, 83.6, 15.8, 17219.8, 489.5, 51.7, 2.2, 2.5, 292.4, 213.9, 31841.9, 263.2, 8.9, 169.2, 116.6, 7.7
1, 31/12/2018 08:20:40, 129228, 44.3, 69.3, 12.8, 312.5, 281.9, 47, 1.1, 0, 321.8, 177.3, 12891.7, 210.3, 4.4, 97.6, 118.7, 6
1, 31/12/2018 08:39:40, 129229, 40.6, 59.9, 10.7, 18564.8, 171, 26.5, 0.8, 0.2, 238.6, 153.2, 13667.9, 345, 6.6, 143.5, 113, 3.9
1, 31/12/2018 08:59:40, 129230, 28.9, 40.8, 9.3, 17024.3, 205.7, 32.7, 0.8, 0, 166.9, 104.4, 10809.2, 195.9, 4.3, 74.2, 154.3, 6
1, 31/12/2018 09:19:39, 129231, 27, 45.7, 8.9, 1186.7, 174, 31.3, 0.8, 0, 255, 117.1, 21817, 273.7, 4.1, 68.8, 138.6, 3.7
1, 31/12/2018 09:39:39, 129232, 24.7, 35, 8.2, 302.1, 191.2, 30.2, 0.7, 0, 170.7, 89.7, 13849.8, 257.3, 2.8, 58.7, 146.8, 3.5
1, 31/12/2018 09:59:39, 129233, 47.8, 51.6, 12.4, 1971.4, 383.4, 40.9, 0.9, 2, 198.8, 132.1, 14347.5, 223.4, 5.8, 142.9, 153.8, 6.1
1, 31/12/2018 10:19:39, 129234, 32.6, 36.7, 8.2, 1050, 270.8, 29.4, 0.7, 0, 162.9, 94.1, 17853.6, 217.7, 4.5, 105.1, 162.6, 2.4
1, 31/12/2018 10:39:39, 129235, 32.7, 34, 8.8, 848.9, 231.3, 27.3, 0.7, 0, 148.5, 87, 35541, 260.2, 5.2, 101.9, 153.6, 2.8
1, 31/12/2018 10:59:39, 129236, 31, 43.4, 8.3, 277.4, 165.7, 26, 0.7, 0, 238.7, 111.1, 36386.3, 174.8, 4, 83.5, 152.6, 5.9
1, 31/12/2018 11:19:39, 129237, 30, 36.5, 8.2, 601.6, 154.2, 26.8, 0.7, 0.8, 155.9, 93.5, 25159.5, 214.7, 4.6, 98.4, 132.9, 4.5
1, 31/12/2018 11:39:39, 129238, 20.9, 35.7, 6.7, 1634.9, 110.6, 20.4, 0.6, 0.7, 222.3, 91.4, 12509.4, 353.8, 4, 79.7, 83.3, 4
1, 31/12/2018 11:59:39, 129239, 24.3, 32.3, 7.4, 1064.6, 162.2, 19.1, 0.7, 0, 175.9, 82.6, 15405.8, 195.4, 3.9, 76.6, 87.7, 6.6
1, 31/12/2018 12:19:38, 129240, 22.7, 24, 7.5, 1547.8, 142.4, 19.1, 0.7, 0, 100.5, 61.5, 10605, 276.2, 3.5, 69.9, 88.5, 5.6
1, 31/12/2018 12:39:39, 129241, 21.2, 25.5, 6.7, 971.1, 101.4, 14, 0.6, 0.5, 130.7, 65.2, 15472.4, 282.4, 3.8, 79.1, 62.3, 5.9
1, 31/12/2018 12:59:39, 129242, 20.6, 22.7, 6.4, 753.6, 131.2, 16.3, 0.6, 0, 77, 58, 11113.5, 174, 3.5, 65.1, 56.8, 6.5
1, 31/12/2018 13:19:38, 129243, 15, 16.1, 4.5, 1340.5, 109.5, 10.9, 0.4, 0.9, 114.7, 41.3, 11976.8, 297.7, 3.7, 65.6, 24.2, 3.4
1, 31/12/2018 13:40:38, 129244, 9, 7.2, 2.6, 1230.8, 80.1, 8.6, 0.3, 0.1, 70.9, 18.4, 9910.3, 268.6, 2.1, 31.2, 19.8, 0.9
1, 31/12/2018 13:59:39, 129245, 9.7, 7.8, 3.1, 1297, 78.7, 9.3, 0.3, 0.1, 65.5, 19.9, 10980.7, 254.6, 2.2, 28, 21.5, 1.6
1, 31/12/2018 14:19:38, 129246, 9.7, 12.7, 2.8, 1519.8, 101.7, 7.7, 0.2, 0.1, 85.3, 32.4, 20460, 265.1, 2.4, 32.6, 19.2, 1
1, 31/12/2018 14:39:38, 129247, 7.9, 6.9, 2.6, 456.6, 74.7, 7.8, 0.3, 0, 44.8, 17.6, 9946.9, 242.9, 1.8, 24.3, 19.1, 1.1
1, 31/12/2018 14:59:38, 129248, 15.6, 15.5, 4.3, 1604.6, 155.3, 10.6, 0.4, 0, 78.6, 39.7, 11253, 210.1, 4.4, 69.3, 20.4, 3.7
1, 31/12/2018 15:19:38, 129249, 13.1, 10, 3.6, 1853.5, 137.7, 12.1, 0.3, 0, 61.5, 25.7, 11107.2, 259.3, 3.5, 42.7, 18.7, 1.7
1, 31/12/2018 15:39:38, 129250, 10.9, 9, 3, 2109.5, 116.1, 7.8, 0.3, 0, 53.2, 23.1, 13007.7, 300.4, 3.9, 40.7, 15.5, 1.4
1, 31/12/2018 15:59:37, 129251, 19.3, 17.4, 4.4, 1874.2, 315.4, 13.6, 0.4, 0, 66.1, 44.5, 57872.7, 184.8, 4.7, 66.2, 17, 2.9
1, 31/12/2018 16:19:37, 129252, 27.3, 31.6, 5.6, 2811.6, 238.5, 8.9, 0.5, 3.5, 112.7, 80.9, 62912.4, 333.4, 5.9, 115, 19.4, 3.4
1, 31/12/2018 16:39:38, 129253, 20.2, 16.4, 4, 526.2, 146.5, 10, 0.4, 0, 63.4, 42, 58605, 246.3, 3.9, 63, 21.1, 1.3
1, 31/12/2018 16:59:38, 129254, 20.2, 22, 4.3, 2095.2, 99, 8.8, 0.4, 0.9, 128.9, 56.2, 59708.5, 293.6, 5, 83.6, 24.9, 3.2
1, 31/12/2018 17:19:38, 129255, 21, 22.9, 4.3, 3140, 261.8, 7, 0.3, 2.8, 134.6, 58.7, 50357.8, 500.4, 5.7, 94.3, 17.6, 1.6
1, 31/12/2018 17:39:37, 129256, 22.2, 19.8, 3.9, 677.7, 226.7, 5.8, 0.3, 0, 73.1, 50.6, 50853.5, 540.5, 5, 67.8, 15.1, 1.7
1, 31/12/2018 17:59:37, 129257, 54.4, 70.8, 7.7, 7180.4, 218.1, 6.8, 0.8, 5.6, 258.6, 181.2, 54118.9, 410.2, 13.5, 231, 16.6, 14.1
1, 31/12/2018 18:19:38, 129258, 31.6, 47.1, 6.7, 3136.8, 378.1, 6.4, 0.5, 0, 183.5, 120.6, 54931.5, 513.3, 9.2, 148.4, 17.1, 12
1, 31/12/2018 18:39:37, 129259, 28.3, 25.6, 5.4, 3927.2, 571.6, 7, 0.4, 1.5, 97.7, 65.6, 68531.2, 501, 6.6, 119, 20.6, 2
1, 31/12/2018 18:59:37, 129260, 25.8, 23.5, 4.9, 957, 549.3, 7.5, 0.4, 0, 69, 60.2, 74647.2, 174.6, 6.2, 101.4, 21.1, 3.4
1, 31/12/2018 19:19:37, 129261, 31.4, 30.6, 5.2, 1932.2, 137.5, 7, 0.4, 3.4, 98.8, 78.4, 70538.9, 472.4, 7.1, 125.9, 18.6, 2.1
1, 31/12/2018 19:39:37, 129262, 27.7, 25.6, 4.7, 1226, 207.3, 6.4, 0.4, 0.4, 79.5, 65.6, 70041.4, 251.2, 5.4, 95.7, 17.2, 2.5
1, 31/12/2018 19:59:37, 129263, 38.3, 101.4, 8.3, 2625.9, 412.7, 9.8, 0.6, 1.2, 431.2, 259.6, 64365.6, 258.7, 14.3, 394.5, 17, 6
1, 31/12/2018 20:19:37, 129264, 51.8, 71.6, 15.5, 2715.5, 254.6, 7.7, 1.1, 5.4, 230.1, 183.4, 73602.2, 193, 14.2, 403.7, 15.1, 16.9
1, 31/12/2018 20:39:37, 129265, 45.9, 56.5, 14.5, 2045.6, 275.7, 5.3, 1.1, 1.3, 201.8, 144.5, 35085.3, 259.8, 11.9, 324.3, 12.9, 18.7
1, 31/12/2018 20:59:37, 129266, 59, 69.1, 15.1, 2947.3, 287.7, 5, 1, 0.9, 209.3, 176.8, 23921.3, 176.5, 14.2, 368.4, 19.7, 23.8
1, 31/12/2018 21:19:37, 129267, 60.7, 64, 14.4, 1890.4, 269.8, 5.3, 0.9, 1.8, 199.2, 163.8, 44713.3, 216.4, 12.6, 312, 26.2, 15.1
1, 31/12/2018 21:39:37, 129268, 55.8, 60.2, 14.5, 1834.7, 215.3, 5, 1, 1.5, 192.8, 154, 23446.4, 242.1, 12, 314.2, 26, 15.7
1, 31/12/2018 21:59:37, 129269, 54.6, 60.9, 15.1, 1401.4, 208.6, 15.1, 1, 0.3, 192.5, 156, 40714.5, 184.8, 9.2, 253.8, 99.7, 17
1, 31/12/2018 22:19:37, 129270, 56.4, 60.9, 15.8, 1554.2, 197.6, 13.4, 1.1, 0.5, 185.1, 155.9, 26022.5, 196, 9.7, 272.3, 83.3, 16.5
1, 31/12/2018 22:39:37, 129271, 49.1, 51.5, 14.4, 1475.1, 141.3, 17.2, 1, 0.4, 161.5, 131.8, 20946.2, 256.6, 7.9, 220.2, 111.5, 15.8
1, 31/12/2018 22:59:36, 129272, 47.4, 53.9, 15.1, 1405.2, 106.4, 19.5, 1.1, 0, 206.4, 138, 22685.4, 202, 7.1, 202.4, 98.2, 18.5
1, 31/12/2018 23:19:37, 129273, 47.8, 53.4, 16.6, 1689.8, 98.9, 19, 1.2, 0, 158.2, 136.6, 12759.9, 200.3, 7.2, 228.2, 98.9, 19.1
1, 31/12/2018 23:39:36, 129274, 39.4, 42.5, 13.9, 1332.3, 133.7, 18.5, 1.1, 0.4, 142, 108.9, 15835.2, 248.4, 6.8, 173.8, 118.1, 15.2
2, 30/12/2018 23:59:58, 129203, 57.3, 60, 15.5, 1639.2, 368.8, 28.2, 1.3, 0.1, 201.4, 153.6, 31798.4, 92.3, 8.4, 207.9, 140.7, 12
2, 31/12/2018 00:19:59, 129204, 66.6, 97.6, 17, 1289.7, 425, 52.1, 2, 1.8, 357.2, 249.8, 30095.8, 57.1, 14.2, 278.3, 170.9, 13
2, 31/12/2018 00:40:59, 129205, 69.7, 121.8, 17.1, 1296.9, 449.6, 57.3, 1.7, 13.8, 375.2, 311.7, 26184.9, 97.9, 20.5, 281, 172.2, 8.2
2, 31/12/2018 00:59:58, 129206, 78.7, 132.2, 19.4, 1680.7, 450.3, 40.6, 3, 9.5, 374.7, 338.5, 49615.1, 59, 21.5, 318.4, 163.4, 10.3
2, 31/12/2018 01:19:59, 129207, 81.2, 123.4, 18.7, 39842.4, 353.2, 33.9, 7.1, 10.9, 389.4, 315.8, 56259.5, 122.2, 22, 385.3, 149.3, 9.8
2, 31/12/2018 01:39:58, 129208, 97.6, 128.8, 19.5, 56396.3, 326.8, 27.7, 22.9, 8.5, 387, 329.7, 66747.4, 129.9, 23.9, 530.6, 129.8, 7.9
2, 31/12/2018 01:59:59, 129209, 90.5, 94.3, 18.6, 38919.1, 310.6, 29.3, 4.9, 4, 278.2, 241.3, 60912.5, 110.9, 18.7, 358.3, 149.8, 8
2, 31/12/2018 02:19:59, 129210, 69.3, 71.7, 14.4, 9431.4, 314, 24.2, 1.4, 0.7, 235.5, 183.6, 29212.3, 115.2, 15, 281, 107.2, 5.9
2, 31/12/2018 02:39:59, 129211, 54, 58.1, 13.2, 7211.8, 315.9, 22.4, 1.2, 0, 170.7, 148.7, 29373.7, 88, 13.3, 208.8, 107.8, 7.5
2, 31/12/2018 02:59:59, 129212, 57.5, 63.5, 13.2, 1112.2, 376.2, 25.9, 1.6, 3.9, 189.3, 162.6, 21516.1, 97.1, 12, 205.8, 138.1, 6.7
2, 31/12/2018 03:19:58, 129213, 53.9, 59.3, 12.8, 744.2, 356.5, 29, 1.4, 4.5, 175.9, 151.8, 20105.2, 26.9, 8.6, 165, 179.2, 7.5
2, 31/12/2018 03:39:58, 129214, 43.9, 65.1, 11, 578.1, 400.5, 26.1, 1, 0.1, 242.3, 166.6, 25632.4, 55, 10.5, 206.6, 178.4, 19.4
2, 31/12/2018 03:59:58, 129215, 56, 66.9, 14.2, 1723.1, 425.6, 27.3, 1.4, 3.1, 214.7, 171.2, 65163.9, 45.1, 11, 192.4, 190.1, 10.9
2, 31/12/2018 04:19:58, 129216, 56.9, 47, 15.2, 435.4, 622.3, 21, 2.3, 0, 166.2, 120.3, 61016.3, 19, 8.7, 152.2, 143.2, 4.5
2, 31/12/2018 04:39:57, 129217, 44.8, 49.3, 9.9, 1626, 591.6, 24.2, 1.1, 3.6, 207, 126.3, 62544.7, 23.9, 9, 157.7, 77.9, 9.7
2, 31/12/2018 04:59:58, 129218, 42.1, 45.6, 9.8, 1269.4, 501.2, 25.5, 0.8, 0, 153.8, 116.7, 64297.5, 83.1, 8, 161.9, 84.2, 5.9
2, 31/12/2018 05:19:58, 129219, 44.8, 43.3, 10.7, 2183.5, 385.9, 24.9, 1, 0.1, 143.8, 110.9, 19946.1, 52.9, 6.9, 151.7, 84.8, 5.2
2, 31/12/2018 05:39:58, 129220, 39.4, 36.4, 9.5, 409.6, 377.2, 25.3, 0.8, 0.3, 132.5, 93.1, 25624.6, 64, 6.2, 133.1, 66.4, 4.6
2, 31/12/2018 05:59:58, 129221, 81, 88, 15.6, 2191.6, 641.5, 20.9, 5, 2.2, 289.5, 225.2, 91548.6, 60.2, 14.3, 337.7, 87.3, 7.4
2, 31/12/2018 06:19:57, 129222, 78.3, 84.1, 12.8, 836.8, 410.7, 16.4, 1.4, 2.3, 330.7, 215.3, 79592.8, 25.9, 14, 342.2, 43.7, 5.7
2, 31/12/2018 06:39:57, 129223, 77.7, 75.3, 12.7, 761.2, 374.1, 19.1, 1.1, 0.2, 222.6, 192.9, 85241.3, 21, 13.1, 321.2, 52.9, 5.5
2, 31/12/2018 06:59:58, 129224, 79.8, 78.5, 12.8, 1132.7, 464.2, 17.9, 1.5, 1.4, 349.9, 200.9, 74560.4, 21, 14.6, 365.7, 43.7, 4.7
2, 31/12/2018 07:19:57, 129225, 79.9, 87.4, 12.4, 816.7, 567.2, 15.9, 2, 1.4, 555.2, 223.8, 65352.6, 13.9, 14.2, 369.7, 30.7, 4.6
2, 31/12/2018 07:39:57, 129226, 56.8, 60.1, 10.8, 1213.4, 441.7, 16.1, 0.9, 0.2, 224.4, 153.8, 62224.8, 31.1, 12.6, 321.7, 16.7, 5.9
2, 31/12/2018 07:59:57, 129227, 52.1, 63, 11.3, 7391.6, 321.2, 21, 1.2, 0, 201.4, 161.2, 42872, 66, 13, 292.8, 45.7, 7.9
2, 31/12/2018 08:19:56, 129228, 48.4, 62.5, 10.3, 976.4, 185.5, 12.7, 0.9, 0.1, 279.7, 160, 45664.4, 25, 11.5, 253.4, 30.2, 6.4
2, 31/12/2018 08:39:57, 129229, 37.5, 53.2, 10.2, 1044.7, 189.6, 15.9, 0.8, 0, 170.6, 136.3, 33223.6, 34, 9.5, 212.8, 25.6, 10.3
2, 31/12/2018 08:59:57, 129230, 39.7, 53.1, 10.5, 17566.8, 180.2, 19, 1.1, 0, 207.9, 136, 27777.3, 32, 8.7, 211.7, 35.2, 10.7
2, 31/12/2018 09:19:57, 129231, 40.7, 56.4, 10.9, 1399.8, 170.2, 19.3, 1.1, 0.3, 265.4, 144.4, 31903.8, 62.8, 9.3, 229.2, 38.6, 7.6
2, 31/12/2018 09:39:57, 129232, 32.9, 38.6, 9.1, 916.1, 176.7, 19.2, 0.8, 0, 143.8, 98.8, 22688.4, 18, 7.4, 170, 39.4, 6.5
2, 31/12/2018 09:59:57, 129233, 26.3, 25, 8.2, 1592.3, 187.8, 19.7, 0.7, 0, 91.4, 64, 22931.3, 100.4, 7.3, 154.8, 42.7, 6
2, 31/12/2018 10:19:57, 129234, 23.6, 25.1, 7.3, 1039.6, 256.3, 13.3, 0.6, 0.4, 115.4, 64.4, 21537.5, 62.8, 6.3, 127.6, 23.4, 5.5
2, 31/12/2018 10:39:57, 129235, 21, 19.8, 6.1, 2870.4, 198.6, 10.2, 0.5, 0.2, 118.2, 50.7, 11635.2, 84.1, 5.1, 107.1, 17.9, 3.1
2, 31/12/2018 10:59:57, 129236, 6.8, 7.9, 3.5, 15.5, 55.2, 12.1, 0.3, 0, 73.3, 20.3, 11243.8, 18, 2, 13.2, 41, 1.2
2, 31/12/2018 11:19:57, 129237, 14.4, 15.8, 4.9, 2224.7, 136.8, 11.2, 0.4, 0.1, 84.3, 40.3, 12584.1, 129.1, 4.5, 73.2, 25, 2.4
2, 31/12/2018 11:39:56, 129238, 12.7, 15.7, 4.4, 958.9, 130.2, 14.8, 0.4, 0, 101.3, 40.1, 24126, 42, 5.1, 95.6, 33.6, 1.4
2, 31/12/2018 11:59:57, 129239, 10.7, 11.4, 4.2, 437.5, 123.4, 19.6, 0.3, 0, 72.9, 29.3, 18268.3, 21.1, 4.3, 86, 32.9, 1.9
2, 31/12/2018 12:19:56, 129240, 16.1, 12.4, 5.1, 1431.4, 181.9, 20.3, 0.5, 0.3, 66.8, 31.7, 19528.2, 68.1, 4.8, 87.7, 34, 2.2
2, 31/12/2018 12:39:56, 129241, 11.7, 9, 4, 1742.2, 165.4, 17.2, 0.4, 0, 60.1, 22.9, 20955, 92, 4.3, 61.9, 18.5, 1.3
2, 31/12/2018 12:59:56, 129242, 7.3, 3.5, 3.4, 66.9, 92.6, 15.1, 0.3, 0, 27.3, 8.8, 12131.2, 28.1, 3, 18.3, 28.8, 1.1
2, 31/12/2018 13:19:56, 129243, 12.3, 9.9, 4.6, 1587.3, 128.3, 11, 0.4, 0, 44.2, 25.3, 11433.5, 84.1, 4.6, 53.7, 23.1, 1.6
2, 31/12/2018 13:39:56, 129244, 12.2, 9.1, 4.3, 1396.5, 133.3, 9.8, 0.4, 0, 52.7, 23.3, 12895.6, 73.1, 4.7, 53.5, 20.7, 2.2
2, 31/12/2018 13:59:56, 129245, 13.1, 10.3, 4.8, 1363.4, 126.2, 10.9, 0.5, 0, 44.5, 26.3, 15391.7, 54, 4.9, 55.1, 36.5, 2.3
2, 31/12/2018 14:19:56, 129246, 9.8, 9, 3.7, 608.8, 91.9, 10.1, 0.3, 0.1, 52.7, 22.9, 13012.8, 65, 3.8, 36.4, 32.5, 0.9
2, 31/12/2018 14:39:56, 129247, 8, 4.7, 3.3, 327.4, 74.6, 8.9, 0.2, 0, 16.4, 12, 11349.3, 33.2, 4, 30.3, 19.2, 1.1
2, 31/12/2018 14:59:56, 129248, 7.7, 4.7, 3.2, 1441.2, 68, 6.5, 0.3, 0, 56.3, 12.1, 11250.7, 109.9, 2.9, 37.9, 10.1, 1.6
2, 31/12/2018 15:19:56, 129249, 9.1, 6, 3.6, 1246.1, 62.1, 6.5, 0.3, 0.1, 61.1, 15.4, 15268.6, 95.1, 2.9, 37.9, 9.8, 1.3
2, 31/12/2018 15:39:55, 129250, 9.8, 6.8, 3.2, 907, 92.3, 6.8, 0.3, 0.3, 62.4, 17.5, 16145.7, 95, 3.2, 45.2, 13.9, 0.8
2, 31/12/2018 15:59:56, 129251, 19.9, 16.6, 5.5, 1441.1, 275.4, 9.1, 0.5, 0.2, 74.6, 42.6, 49240.2, 39, 4.3, 80.3, 34.4, 2.2
2, 31/12/2018 16:19:56, 129252, 27, 34.7, 5.9, 1353.4, 376.6, 9.7, 0.4, 11.7, 150.3, 88.7, 80957.9, 40.1, 7.6, 172, 16.5, 1.7
2, 31/12/2018 16:39:56, 129253, 23.8, 20, 5.5, 502.6, 492.1, 12.2, 0.4, 0.9, 78.8, 51.2, 69800.2, 28.1, 5.2, 113.1, 10.2, 1.4
2, 31/12/2018 16:59:56, 129254, 28.3, 27.6, 6.5, 1206.4, 557.6, 13.3, 0.5, 2.5, 86.9, 70.6, 71377.2, 30, 7.1, 161.9, 17.3, 2.7
2, 31/12/2018 17:19:56, 129255, 27.7, 27.7, 5.9, 953.9, 619.9, 12.3, 0.5, 4.2, 86.5, 71, 72335.8, 45.9, 6.6, 145.1, 15.8, 1.6
2, 31/12/2018 17:39:55, 129256, 28.7, 28.2, 6.2, 858, 483.6, 11, 0.5, 3.3, 86.6, 72.2, 74664.5, 42.9, 6, 137.1, 16.7, 2.5
2, 31/12/2018 17:59:55, 129257, 28.2, 36.2, 5.8, 1207.6, 116.2, 6, 0.4, 8.5, 120.5, 92.6, 72538.4, 51, 7.6, 158.4, 13.2, 4.6
2, 31/12/2018 18:19:55, 129258, 27.7, 31.4, 5.2, 880.1, 100.6, 7.3, 0.4, 5.8, 93.9, 80.5, 71146.8, 36.9, 6.9, 149.9, 13.3, 3
2, 31/12/2018 18:39:55, 129259, 15.5, 14, 4.4, 1528.5, 134.7, 8.7, 0.3, 0.4, 67.7, 35.9, 22907.9, 134.1, 5.1, 101.5, 24.3, 2.6
2, 31/12/2018 18:59:55, 129260, 7.1, 4.3, 3.2, 806.6, 54.5, 7.4, 0.2, 0, 27.3, 11.1, 38575.3, 73.1, 3.1, 46.8, 32.6, 1.3
2, 31/12/2018 19:19:55, 129261, 17.2, 15.3, 4.9, 1991, 316.6, 6.7, 0.4, 1, 80.7, 39.1, 53112.6, 144.3, 4.1, 71.2, 24, 1.7
2, 31/12/2018 19:39:55, 129262, 15.6, 12.9, 4.1, 606.9, 222.1, 6.1, 0.3, 0, 55.2, 33, 31329.7, 27, 3.4, 57.9, 24.3, 1.2
2, 31/12/2018 19:59:55, 129263, 18.4, 58.3, 5.5, 1851.6, 93.7, 13, 0.4, 0.3, 324.2, 149.2, 16898.4, 171.1, 8.5, 158.7, 44.9, 2.8
2, 31/12/2018 20:19:54, 129264, 25.2, 31.6, 7.7, 1012.5, 350.8, 16.5, 0.7, 0.4, 131.3, 80.9, 53875.6, 101.1, 6.8, 110.3, 64.8, 3.7
2, 31/12/2018 20:39:54, 129265, 23.9, 26.9, 5.9, 2032.7, 385, 8.3, 0.5, 1.8, 129.8, 68.8, 44964.1, 140.7, 6, 116.7, 22.5, 2.3
2, 31/12/2018 20:59:54, 129266, 16.5, 19.9, 5.3, 931.6, 266.7, 12.9, 0.5, 0, 66.9, 50.8, 40635.5, 76.8, 4.8, 82.2, 55.2, 6.7
2, 31/12/2018 21:19:54, 129267, 26.6, 28.6, 7.5, 2010.7, 308.3, 14.5, 0.6, 1.7, 149.5, 73.3, 41578.2, 127.9, 5.9, 118, 89.6, 2.5
2, 31/12/2018 21:39:55, 129268, 20.8, 22.9, 5.7, 813.4, 118.5, 7, 0.5, 0.1, 72.8, 58.6, 24102.5, 52.1, 5, 93.1, 27, 3.8
2, 31/12/2018 21:59:54, 129269, 31.2, 35.9, 9.2, 1699.9, 137.8, 30.1, 0.9, 2.3, 176.2, 92, 22089.6, 116.9, 5.8, 114.9, 153.5, 4.7
2, 31/12/2018 22:19:55, 129270, 35.7, 33, 9.9, 879.2, 151.5, 27.5, 0.7, 0.1, 122.8, 84.5, 22336.6, 45.2, 4.9, 85.5, 129.1, 4.9
2, 31/12/2018 22:39:54, 129271, 34.8, 33.9, 9, 1887.4, 231.9, 34, 0.6, 0.7, 165.1, 86.8, 20438.7, 116.6, 6.9, 152.1, 124.3, 4.3
2, 31/12/2018 22:59:54, 129272, 42.8, 51.1, 11.5, 2391, 449.4, 28.8, 0.8, 7, 196.7, 130.9, 22822, 88.1, 13.4, 258.7, 115.5, 6.9
2, 31/12/2018 23:19:55, 129273, 42.4, 43.7, 10.2, 882.1, 438.7, 36.1, 0.8, 6.6, 147.4, 111.9, 24306.5, 24.1, 10, 155.1, 166.7, 2.5
2, 31/12/2018 23:39:54, 129274, 49.2, 52.4, 12.6, 3362.7, 520.9, 37.5, 1.1, 9.4, 187.5, 134, 30857.5, 134.8, 11.8, 202, 180.3, 3.7
3, 31/12/2018 00:00:18, 129203, 34.3, 37.4, 6.5, 19496, 646.6, 3.2, 0.5, 0, 222.1, 95.8, 35529.1, 437.5, 16.7, 256.9, 2.9, 4.9
3, 31/12/2018 00:19:18, 129204, 42.8, 71.6, 7.8, 21954.4, 388.3, 0.8, 0.5, 1.4, 260.2, 183.2, 60895.7, 979.2, 45.2, 335.3, 4.6, 10.4
3, 31/12/2018 00:40:18, 129205, 69.2, 90.6, 12.5, 11193.3, 423, 0.7, 0.8, 2.3, 303.8, 232, 74343.8, 898.1, 54, 516.5, 3.2, 6.4
3, 31/12/2018 01:00:16, 129206, 76, 107.5, 12.3, 20241.6, 480.4, 1.8, 1.5, 5.1, 512.1, 275.1, 138861, 533.5, 50.2, 583.5, 3.1, 5.8
3, 31/12/2018 01:19:17, 129207, 59.1, 77.4, 10, 5481.7, 615.8, 0.4, 0.6, 5.5, 278.7, 198.2, 87879.7, 524.3, 38.6, 447.3, 4.2, 5.8
3, 31/12/2018 01:40:17, 129208, 56.7, 68.6, 10.2, 6967.3, 788.7, 0.3, 0.7, 14.8, 233.2, 175.6, 77339.1, 304.9, 31.4, 400.8, 6.5, 5.2
3, 31/12/2018 01:59:17, 129209, 72.4, 85.6, 12, 5015.4, 947.5, 1.9, 3.7, 19.4, 287.3, 219.1, 82889.1, 411.2, 38.2, 546.6, 5.9, 5.2
3, 31/12/2018 02:19:17, 129210, 52.5, 76.8, 8.8, 6839.9, 803.7, 0.5, 0.7, 26.7, 233.7, 196.7, 73813.6, 348.7, 31.3, 457.5, 3.3, 3.8
3, 31/12/2018 02:40:17, 129211, 51.1, 52.3, 9.5, 6313.8, 904.3, 0.5, 0.7, 8.4, 161.6, 134, 47915, 394.8, 22.1, 320.6, 3.5, 6.3
3, 31/12/2018 03:00:17, 129212, 67, 96.1, 11.6, 32112.4, 648.1, 4.2, 2.9, 12.6, 515.5, 245.9, 100164.2, 393.3, 30.5, 545.7, 4.4, 10.8
3, 31/12/2018 03:19:17, 129213, 56.5, 71.2, 11, 52774.6, 788, 8.6, 0.8, 1.8, 355.4, 182.2, 91813.1, 343.8, 26.7, 565.5, 3.3, 24.1
3, 31/12/2018 03:39:17, 129214, 50.9, 107.1, 9.6, 88096.7, 669, 5.8, 0.7, 1.9, 356.2, 274.1, 69839.9, 356.2, 29.9, 586.3, 1.3, 61.4
3, 31/12/2018 04:00:16, 129215, 75.4, 81, 15.5, 22551.3, 817.6, 6.5, 1.8, 1.6, 273.1, 207.4, 68950.5, 518.7, 29.2, 511.9, 3.6, 13.5
3, 31/12/2018 04:19:22, 129216, 53.7, 60.7, 10.5, 15509.5, 749.3, 7.2, 0.7, 1.8, 248.2, 155.3, 61653, 594.6, 28.2, 464.7, 4.1, 13
3, 31/12/2018 04:40:21, 129217, 48.3, 58.1, 9.4, 7750.7, 555.4, 6.6, 0.6, 0.6, 227.1, 148.8, 75639.1, 417.6, 28.3, 538.8, 5, 16.6
3, 31/12/2018 04:59:22, 129218, 45, 46, 8.2, 28934, 571.9, 10.3, 0.5, 0.7, 160, 117.8, 73925.7, 412.8, 25.5, 527.4, 5.9, 14.9
3, 31/12/2018 05:19:22, 129219, 33.5, 30.7, 7.4, 1882, 493.8, 8.8, 0.5, 0.7, 116, 78.6, 73917.5, 365.8, 23.7, 562.1, 7.2, 9.7
3, 31/12/2018 05:39:21, 129220, 33.4, 28.4, 6.3, 1566.1, 548.7, 19.3, 0.5, 0.4, 111.6, 72.8, 47822.1, 376.5, 22.8, 551.7, 6.7, 5.9
3, 31/12/2018 05:59:21, 129221, 46.7, 39.4, 9.1, 17387.8, 961.3, 17.8, 0.6, 0.1, 170.9, 100.9, 59912.7, 455, 22.8, 509.9, 5, 5.5
3, 31/12/2018 06:19:21, 129222, 44.4, 68.9, 8.9, 4656.4, 528.5, 12.8, 0.8, 2.3, 343, 176.4, 65676.6, 399.2, 28.2, 812.4, 5.4, 7.6
3, 31/12/2018 06:40:21, 129223, 62.7, 81.8, 13, 5117, 837.2, 18.8, 1, 1.5, 451.9, 209.3, 81993.6, 426.9, 29.8, 1009, 5, 7.6
3, 31/12/2018 06:59:21, 129224, 57, 61.7, 11.5, 28322.5, 636.6, 12.7, 0.8, 0.2, 215, 157.9, 62061.2, 529.3, 31.9, 894.2, 10.6, 7.9
3, 31/12/2018 07:19:21, 129225, 43.2, 47.5, 7.1, 7163.2, 550.4, 21.9, 0.5, 0.1, 177.5, 121.6, 48268.3, 423.3, 33.2, 743.4, 7.7, 3.3
3, 31/12/2018 07:39:20, 129226, 40.7, 50.9, 8.3, 4371.5, 618.6, 24.9, 2.1, 2.7, 311.8, 130.4, 43583.9, 476, 32.7, 786.1, 7.2, 4
3, 31/12/2018 07:59:20, 129227, 44.8, 58, 8.5, 16936.6, 570.9, 28.9, 0.5, 0.1, 225.6, 148.6, 42650.3, 538.6, 27.3, 706.1, 5.7, 6
3, 31/12/2018 08:20:21, 129228, 43.7, 57.9, 9.1, 11803.8, 362.7, 26.6, 1.1, 1.7, 242.6, 148.2, 52658.7, 447.6, 27.3, 797.6, 4.9, 6.7
3, 31/12/2018 08:39:20, 129229, 36.4, 45.8, 8.4, 4868.7, 371.9, 16.8, 0.5, 0.1, 230, 117.3, 25944.6, 386.9, 21.6, 526.1, 4.7, 4
3, 31/12/2018 08:59:21, 129230, 36.9, 50.8, 7.4, 18803, 320, 20.7, 0.7, 2.1, 232.7, 129.9, 71945.4, 521.1, 25.9, 647.7, 7.6, 5
3, 31/12/2018 09:19:20, 129231, 36.7, 53.3, 7.5, 5649.5, 376.9, 21.5, 0.5, 0.3, 268.8, 136.5, 34504.5, 519, 25.2, 544.6, 7.7, 3.5
3, 31/12/2018 09:39:21, 129232, 31.1, 30.5, 6.9, 6352, 405.6, 6.8, 0.5, 0, 96.4, 78.1, 30920, 498.7, 21, 436.3, 7.9, 4.1
3, 31/12/2018 09:59:20, 129233, 39.9, 40, 8.1, 17444.6, 336.4, 16.5, 0.5, 0.6, 187.9, 102.4, 26697.9, 451.1, 19.9, 458.7, 5.9, 4.5
3, 31/12/2018 10:19:25, 129234, 38.5, 42.8, 7.5, 3012.1, 141.9, 17.7, 0.9, 1.6, 259.3, 109.5, 37059.5, 401.8, 18.7, 403.8, 4.4, 3.6
3, 31/12/2018 10:39:24, 129235, 28, 27, 5.6, 6043.2, 99.1, 1.8, 0.4, 0, 90.3, 69.2, 25777.4, 415.7, 14.6, 284.7, 4, 3.3
3, 31/12/2018 10:59:25, 129236, 43.4, 49.2, 7, 50295, 289.5, 17.5, 0.5, 1.3, 212.3, 126, 37962.6, 407.7, 17.1, 529.4, 3.9, 5.9
3, 31/12/2018 11:19:25, 129237, 42.2, 48.6, 6.5, 2012.1, 484.9, 20.2, 0.5, 1.7, 249.7, 124.3, 29458.8, 271, 18.1, 529.2, 2.5, 3.7
3, 31/12/2018 11:39:25, 129238, 33.8, 36.7, 6.1, 3322.5, 210.3, 3.8, 0.4, 0, 129.9, 94, 27416.1, 365.7, 13.8, 341, 3, 2.6
3, 31/12/2018 12:00:25, 129239, 49.2, 48.8, 6.9, 25149.9, 406.4, 17.1, 0.4, 0.5, 168.5, 124.9, 63915.6, 316, 14.4, 394.4, 2.4, 3.2
3, 31/12/2018 12:20:25, 129240, 50.1, 45.5, 6.1, 4673.6, 319, 2, 0.4, 0.2, 156.2, 116.4, 71827.4, 251, 13.5, 374.3, 2.8, 2
3, 31/12/2018 12:39:25, 129241, 33.1, 33.8, 5.3, 1484.6, 248.2, 18.7, 1, 2.4, 233, 86.5, 22995.5, 333.2, 14, 331, 3.7, 2.3
3, 31/12/2018 12:59:24, 129242, 33.1, 29.2, 5.1, 16800.2, 317.8, 16, 0.4, 0.1, 144.6, 74.7, 25212.5, 357.5, 11.9, 326.6, 4, 2.6
3, 31/12/2018 13:20:25, 129243, 45.7, 42.8, 6.4, 2490, 353.9, 16.2, 0.4, 0.6, 190.8, 109.6, 21131.3, 255.9, 14, 422.8, 4.1, 1.8
3, 31/12/2018 13:40:24, 129244, 33.6, 32.6, 5, 1311.4, 426, 12.4, 0.4, 0.1, 233.9, 83.5, 33009.9, 357.6, 11.3, 331.5, 2.7, 1.6
3, 31/12/2018 13:59:29, 129245, 28.2, 25.3, 4.4, 14149.9, 299.8, 7.5, 0.3, 0, 113.2, 64.8, 12156.6, 369.5, 11.3, 307.3, 4.2, 1.8
3, 31/12/2018 14:19:34, 129246, 33.6, 38.3, 6.3, 1823, 357.2, 16.2, 0.7, 3.5, 251.9, 98.1, 42793.4, 244.5, 13.3, 342.4, 3.1, 3.6
3, 31/12/2018 14:39:34, 129247, 14.1, 11, 2.5, 3173.4, 124.4, 15.8, 0.2, 0, 59.5, 28.3, 8731.3, 358.4, 9.1, 143, 4, 0.9
3, 31/12/2018 14:59:34, 129248, 21, 25.9, 3.8, 20224, 189.1, 2.2, 0.3, 0, 246.8, 66.3, 9902.7, 406.6, 17.5, 305.4, 2.8, 1.7
3, 31/12/2018 15:19:34, 129249, 11.8, 11.6, 1.9, 3638.7, 48.9, 3.8, 0.2, 0, 175.8, 29.6, 8251.1, 285.3, 10.4, 179.1, 2.9, 0.8
3, 31/12/2018 15:39:34, 129250, 24.8, 30.1, 6.2, 9419.2, 118.4, 2, 0.4, 0, 121.8, 77, 11780.5, 537, 13.3, 268.7, 2.8, 9.1
3, 31/12/2018 15:59:34, 129251, 15.9, 25.5, 3.9, 14836, 44.7, 6.5, 0.3, 0, 90.7, 65.2, 12501.9, 514.2, 11.3, 231, 2.6, 15.3
3, 31/12/2018 16:19:34, 129252, 18.9, 21.3, 3.6, 4895.1, 173.3, 5.3, 0.3, 0, 90.5, 54.6, 12350.7, 312.8, 11.3, 251.7, 0.3, 6.8
3, 31/12/2018 16:39:34, 129253, 20, 19.5, 2.9, 12222, 162.9, 5.1, 0.2, 0, 74.4, 49.9, 17700.9, 327, 10.5, 222.5, 0.1, 5.7
3, 31/12/2018 16:59:34, 129254, 41.5, 38.2, 4.8, 13777.5, 202.1, 3.9, 0.3, 1.5, 191.8, 97.8, 16193.1, 375.3, 12, 330.8, 0.1, 1
3, 31/12/2018 17:19:33, 129255, 22.7, 19.9, 2.9, 5304.2, 86.2, 4, 0.2, 0, 90.6, 50.8, 17890.6, 261.5, 10.8, 233.5, 0.1, 1.3
3, 31/12/2018 17:39:33, 129256, 16, 12.8, 2.3, 1966.9, 35.2, 5.4, 0.2, 0, 75.8, 32.8, 14761.7, 360, 9.1, 194, 0.9, 0.7
3, 31/12/2018 17:59:34, 129257, 24.3, 21.1, 3.9, 16208.6, 247.9, 5.7, 0.3, 0, 137.4, 54.1, 10002.6, 398.1, 9.3, 222.1, 1.4, 2
3, 31/12/2018 18:19:34, 129258, 13.9, 12.2, 2.5, 13492.1, 34.1, 5.8, 0.2, 0, 63.2, 31.3, 9870.3, 254.3, 8.7, 151.5, 0.1, 3.6
3, 31/12/2018 18:39:33, 129259, 11.2, 8.9, 2, 3281.2, 49.2, 6.9, 0.2, 0.1, 50.3, 22.8, 9472.5, 324.5, 9.2, 165, 0.2, 0.7
3, 31/12/2018 18:59:33, 129260, 16.9, 13, 2.8, 15903.8, 250.7, 7, 0.2, 0.1, 57.8, 33.2, 15426, 282.1, 10.8, 189.1, 1.2, 1.5
3, 31/12/2018 19:19:33, 129261, 14.8, 12.6, 3.3, 3207.3, 103.5, 6, 0.3, 0.1, 68, 32.2, 9911.5, 284.7, 14, 188.4, 0.5, 1.5
3, 31/12/2018 19:39:33, 129262, 8.1, 5, 1.5, 3537.1, 53.3, 10, 0.2, 0, 57.4, 12.7, 10710.5, 282.3, 11.9, 143.7, 0.7, 0.5
3, 31/12/2018 19:59:33, 129263, 7.3, 7.4, 1.5, 16876.2, 21.5, 5.6, 0.1, 0, 67.5, 19, 8060.2, 373.9, 8.4, 134.5, 0.1, 1.1
3, 31/12/2018 20:19:32, 129264, 6.5, 2.8, 1.2, 1289.2, 9.7, 0, 0.1, 0, 9.3, 7.2, 7568.9, 239.2, 7.9, 78.8, 1.2, 0.3
3, 31/12/2018 20:39:33, 129265, 7.7, 4.5, 1.3, 1177.6, 3.7, 0, 0.1, 0, 41.3, 11.6, 17667.7, 351.3, 8, 116.8, 1.3, 0.3
3, 31/12/2018 20:59:33, 129266, 20.8, 27.5, 4, 19515, 8.5, 1.3, 0.3, 0.2, 95.2, 70.5, 28185.7, 425.7, 10, 250.4, 1.6, 2.2
3, 31/12/2018 21:19:33, 129267, 10.7, 9.9, 2, 1745.7, 1.5, 0, 0.2, 0, 74.5, 25.4, 8438, 268, 8.8, 155.4, 1.6, 0.5
3, 31/12/2018 21:39:33, 129268, 6.9, 3.6, 1.3, 1103.8, 0.1, 0, 0.1, 0, 11.3, 9.3, 8446.6, 348.9, 7.8, 84.1, 1.6, 0.3
3, 31/12/2018 21:59:33, 129269, 18, 14.9, 2.9, 18040.7, 163.8, 1.2, 0.2, 0, 111.8, 38, 8469.2, 339.8, 9.3, 136.1, 1.5, 1.3
3, 31/12/2018 22:19:32, 129270, 7.4, 4.1, 1.3, 3324.7, 0.1, 0, 0.1, 0, 14.1, 10.6, 8771.8, 255.5, 8.2, 99.3, 0.5, 0.5
3, 31/12/2018 22:39:32, 129271, 7.7, 4.3, 1.5, 5178.5, 0.2, 0, 0.1, 0, 14.3, 10.9, 9222.7, 374, 9.7, 114.5, 1.7, 0.5
3, 31/12/2018 22:59:33, 129272, 8.1, 5.7, 1.5, 18183.4, 2.4, 0.6, 0.1, 0, 47, 14.6, 8613.2, 345.5, 9, 106, 1.8, 1.3
3, 31/12/2018 23:19:32, 129273, 11.1, 8.8, 2.6, 4268.6, 5.4, 0.1, 0.2, 0, 67.2, 22.5, 20715.2, 279.4, 10.6, 134.8, 1.7, 1.1
3, 31/12/2018 23:39:32, 129274, 9.7, 6.3, 2.3, 2120.1, 5.4, 0.1, 0.2, 0, 35.8, 16.2, 7999.9, 383.2, 9.6, 120.4, 1.9, 0.6
4, 31/12/2018 00:00:09, 129203, 32.1, 26.4, 4.6, 21240.6, 425.8, 0.7, 0.4, 0, 192.4, 67.7, 37190.2, 15252.1, 16.2, 299, 1.6, 2.1
4, 31/12/2018 00:19:10, 129204, 41.6, 88.4, 6.2, 11889.7, 417.9, 0.6, 0.4, 1.4, 343.2, 226.2, 61326.7, 14919.9, 53.4, 457.5, 2.4, 3.3
4, 31/12/2018 00:40:10, 129205, 63.4, 122.5, 9.9, 5070.1, 547.1, 1.4, 0.9, 8.6, 396.1, 313.5, 72575.3, 12686.2, 64, 708.8, 1.6, 4.2
4, 31/12/2018 01:00:10, 129206, 57.9, 98.6, 10.6, 20786.7, 620.7, 2.2, 0.7, 0.9, 325.3, 252.4, 54012.2, 13523.6, 56.1, 672.9, 1.7, 6.1
4, 31/12/2018 01:20:10, 129207, 54.2, 82.6, 9.7, 7133.5, 658, 0.6, 0.6, 2.2, 340.7, 211.4, 51562.3, 13065.6, 47.6, 514.1, 2.4, 6.3
4, 31/12/2018 01:40:10, 129208, 43.6, 50.8, 8.9, 3058.3, 652.9, 0.7, 0.6, 0.5, 196.3, 130, 61517.8, 13131.9, 31.4, 447.3, 2.5, 7.7
4, 31/12/2018 01:59:09, 129209, 57, 60.2, 12.5, 33656.6, 574.4, 1.1, 0.7, 0.3, 195, 154, 73560.9, 13639.2, 29.8, 598.2, 2.4, 12.3
4, 31/12/2018 02:19:09, 129210, 55.2, 50.4, 10.6, 2978.8, 390.7, 0.6, 0.6, 0.4, 195.4, 128.9, 61334.7, 12590.6, 24.3, 471.3, 1.8, 8.8
4, 31/12/2018 02:40:10, 129211, 38.2, 28.9, 7.9, 3718.2, 363.5, 0.8, 0.6, 0, 127.6, 73.9, 46450.9, 14515.6, 19.2, 358.6, 2.2, 6.9
4, 31/12/2018 03:00:09, 129212, 37.7, 32.6, 7.7, 21449.8, 446.5, 4.2, 0.5, 0.6, 117.2, 83.5, 56425.9, 10371.5, 20.6, 381.7, 6.9, 6.4
4, 31/12/2018 03:19:09, 129213, 62.2, 57.6, 10.1, 20114.1, 639.3, 2.1, 1, 1.8, 311.1, 147.6, 71445.6, 10311.8, 24.2, 522.5, 2.2, 13.7
4, 31/12/2018 03:40:09, 129214, 44.3, 88.3, 7.8, 90798, 425.5, 4.8, 0.5, 0.5, 314.5, 226, 74053.4, 14866.2, 30.7, 631.5, 3, 50.4
4, 31/12/2018 04:00:09, 129215, 47.1, 47.8, 9.1, 23125, 504.7, 2, 0.6, 0.7, 206.7, 122.4, 100439.8, 14341.8, 26.9, 571.3, 6.3, 9.9
4, 31/12/2018 04:19:08, 129216, 58.4, 49.9, 11.2, 2312, 639.4, 3.5, 0.9, 0.1, 247.4, 127.9, 83977.9, 10650.7, 25.2, 619.8, 6.4, 6.6
4, 31/12/2018 04:40:09, 129217, 41.2, 31.8, 7.8, 2566.4, 792, 7.8, 0.5, 0, 130.2, 81.3, 82869.8, 14204.8, 22.9, 569.6, 7.3, 4.5
4, 31/12/2018 04:59:09, 129218, 34.9, 25.1, 6.6, 21799.6, 663.4, 5.5, 0.5, 0, 109, 64.2, 80602.3, 14260.1, 18, 495.9, 8.3, 4.3
4, 31/12/2018 05:20:09, 129219, 35.2, 26.5, 7, 7569.5, 456.2, 3.4, 0.5, 0.2, 113.2, 67.8, 59770.3, 18127, 19.9, 442.5, 9.3, 4.9
4, 31/12/2018 05:40:09, 129220, 43.3, 60.8, 7.6, 5480.7, 633.6, 5.6, 0.7, 0.6, 1387.1, 155.8, 64049.2, 13997.3, 20.1, 438.3, 7.2, 5.2
4, 31/12/2018 05:59:09, 129221, 45.1, 45.3, 8.3, 19645.7, 479.7, 5.1, 0.5, 6.5, 195.2, 116, 88203.5, 14365.2, 22.9, 469, 3.3, 8.1
4, 31/12/2018 06:20:08, 129222, 62.1, 97.5, 10.9, 2182.6, 653.7, 6.9, 11.5, 29.1, 433.1, 249.6, 102711.3, 13171.1, 26.7, 895.7, 3.3, 6.3
4, 31/12/2018 06:40:09, 129223, 79.7, 112.6, 14.2, 2842.8, 1073.9, 13.1, 7.5, 17.9, 910.1, 288.2, 80894.8, 13029.1, 32.2, 1288.1, 3.2, 9.1
4, 31/12/2018 06:59:14, 129224, 81.4, 95.5, 13.9, 19119, 743.2, 15.1, 7.3, 15.3, 352.6, 244.5, 75548.2, 12285.5, 38.4, 1199.4, 3.2, 7.3
4, 31/12/2018 07:20:13, 129225, 61.3, 71.6, 10.9, 5240.2, 555.7, 13.7, 0.7, 8.2, 239.6, 183.3, 69945.9, 14382.6, 34.9, 886.6, 3.4, 5.1
4, 31/12/2018 07:40:14, 129226, 64.9, 57, 11.8, 2959.6, 541.8, 8.4, 0.7, 0.5, 182.3, 145.8, 55695.8, 13611.7, 28.2, 838.8, 3.5, 6.8
4, 31/12/2018 08:00:13, 129227, 56, 60.3, 10.6, 19227.3, 432.5, 9.3, 0.8, 0.4, 285.7, 154.5, 48920.7, 5419.1, 25.5, 778.1, 5.1, 7.2
4, 31/12/2018 08:20:13, 129228, 41.8, 40.9, 7.5, 18490.3, 231.4, 10.2, 0.5, 0, 144.8, 104.8, 61659.4, 21260.6, 25.4, 731.6, 4, 4.6
4, 31/12/2018 08:39:13, 129229, 64.2, 74.6, 10.6, 1406.9, 239, 11.3, 0.6, 0.4, 296.4, 190.9, 81230.8, 154.2, 21.3, 651.6, 2.5, 5.7
4, 31/12/2018 09:00:13, 129230, 71.1, 77.4, 11.9, 21456.4, 304.3, 11.4, 1.2, 2.3, 282.8, 198, 91110.2, 361.8, 22.8, 678.4, 3, 8.4
4, 31/12/2018 09:19:13, 129231, 63.7, 66.2, 9.7, 2842.5, 367.1, 7.4, 0.5, 2.6, 186.8, 169.4, 62851.4, 804.3, 21.7, 625.2, 2.7, 3.6
4, 31/12/2018 09:39:13, 129232, 56.6, 54.8, 8.5, 1351, 370.3, 7.6, 0.5, 0.3, 187.6, 140.3, 62714.9, 929.2, 18.8, 554.3, 1.5, 3.4
4, 31/12/2018 09:59:13, 129233, 52.9, 51.4, 8.7, 17699.1, 322.7, 8.9, 0.5, 0.1, 166.4, 131.5, 53387.1, 1207.7, 18, 489.6, 2.1, 5.8
4, 31/12/2018 10:20:12, 129234, 42.2, 43.1, 8.3, 5748.5, 246.8, 20.3, 0.5, 0.6, 166.1, 110.4, 57749.4, 1134.9, 17.1, 354.6, 1.8, 5.7
4, 31/12/2018 10:39:13, 129235, 33.4, 33.4, 7, 1370.8, 212.3, 10.8, 0.5, 0, 137.3, 85.5, 63576.9, 1258.5, 15.7, 294.4, 2.6, 5
4, 31/12/2018 11:00:12, 129236, 67.3, 75.6, 11.3, 18861.6, 444.9, 3.8, 1, 4.8, 291.7, 193.6, 86287.3, 561.7, 23.3, 544.2, 1.4, 7.5
4, 31/12/2018 11:19:12, 129237, 55.1, 54, 8.4, 6897.7, 224.4, 15.9, 0.6, 0.7, 206.8, 138.2, 71510.7, 683.5, 21.3, 512, 2.2, 3.5
4, 31/12/2018 11:40:13, 129238, 47.5, 44.8, 6.7, 5385.5, 244.8, 9.9, 0.4, 0.1, 170.4, 114.6, 57904.2, 694.9, 19.9, 448.5, 2.3, 2.1
4, 31/12/2018 12:00:12, 129239, 42, 38, 5.5, 19611, 108.3, 6.6, 0.4, 0, 140.8, 97.2, 57851.7, 1206.4, 14.5, 392.8, 2.6, 2.8
4, 31/12/2018 12:20:13, 129240, 33, 27.8, 5.5, 4505.6, 270.8, 5, 0.4, 0, 97, 71.2, 63666.4, 1190.5, 13.3, 369.7, 2.8, 1.8
4, 31/12/2018 12:39:12, 129241, 33.6, 30.6, 5.6, 6059.1, 115.2, 7.7, 0.4, 0, 169.7, 78.3, 46907.4, 1107.9, 13.8, 350.8, 4.4, 1.7
4, 31/12/2018 13:00:12, 129242, 27, 22.3, 4.6, 17439.8, 94.1, 4.6, 0.3, 0, 90.8, 57, 29991.2, 1470.2, 11.3, 268, 3.9, 1.5
4, 31/12/2018 13:20:12, 129243, 21.3, 17.4, 4.3, 5361.1, 92.2, 6.4, 0.3, 0, 65.2, 44.6, 23123.9, 399.8, 11.2, 261.4, 3.2, 2.3
4, 31/12/2018 13:40:12, 129244, 17.3, 12, 2.9, 4912.4, 36.1, 2.4, 0.2, 0, 103.1, 30.7, 14117.4, 1043.6, 9.1, 190.9, 4.5, 1.2
4, 31/12/2018 13:59:12, 129245, 24.1, 17.6, 4.5, 21785.1, 126.6, 3.2, 0.3, 0, 93.1, 45.1, 12532, 1798.2, 9.9, 196.8, 5.9, 2.6
4, 31/12/2018 14:19:11, 129246, 15.6, 11.2, 3.3, 5296.8, 30.6, 3.7, 0.3, 0, 131, 28.6, 11625.5, 123.9, 9.3, 178.9, 2.7, 1.5
4, 31/12/2018 14:39:12, 129247, 15.3, 9.9, 3.4, 3300.5, 24.9, 0.1, 0.3, 0, 52.7, 25.3, 11665.7, 106.1, 8.1, 123.2, 1.9, 1.9
4, 31/12/2018 14:59:11, 129248, 20.4, 12.7, 3.7, 14922.5, 141.2, 0.5, 0.3, 0, 69.3, 32.6, 31612, 111.8, 8.7, 142.2, 1, 1.2
4, 31/12/2018 15:19:11, 129249, 21.1, 15, 3.2, 5557.7, 13.4, 0.1, 0.2, 0, 63.8, 38.3, 20258.9, 91, 8.6, 157.6, 1.9, 1.8
4, 31/12/2018 15:39:11, 129250, 19.5, 14.6, 4.3, 2239.5, 99.9, 0.2, 0.4, 0, 90.1, 37.5, 19376.9, 108.8, 7.6, 174.1, 0.9, 2.7
4, 31/12/2018 15:59:11, 129251, 21.1, 14.6, 3.7, 21257, 164.5, 0.5, 0.3, 0.1, 122.6, 37.3, 19733.2, 117.2, 7.4, 170, 1, 2.3
4, 31/12/2018 16:20:12, 129252, 11.9, 5.1, 2, 3587.2, 14.7, 0.2, 0.2, 0, 28.3, 13.1, 17243.6, 94.1, 5.6, 112.1, 0.9, 0.7
4, 31/12/2018 16:40:12, 129253, 11.6, 5.8, 1.9, 4928.7, 10.5, 0.8, 0.2, 0, 27.9, 14.7, 18312.1, 108.3, 6.2, 139, 0.9, 1.4
4, 31/12/2018 17:00:11, 129254, 19, 13.3, 4, 21162.1, 21.8, 1.3, 0.3, 0, 67.2, 34, 40923, 99, 9.5, 242.1, 0.8, 2.7
4, 31/12/2018 17:20:11, 129255, 17.6, 10, 3.7, 4787.5, 21.1, 0.7, 0.3, 0, 53.2, 25.5, 17489.8, 97.9, 7.8, 179.2, 0.9, 1.5
4, 31/12/2018 17:39:11, 129256, 14, 7.8, 2.6, 4674.7, 30.6, 1.4, 0.2, 0, 51.2, 20, 14685.6, 116.1, 7, 129.5, 9.1, 1
4, 31/12/2018 17:59:11, 129257, 16.9, 12.1, 3.1, 23184.9, 43.7, 3.1, 0.2, 0, 75.2, 30.9, 21971.6, 132.9, 7.7, 107.6, 13.2, 2.3
4, 31/12/2018 18:19:11, 129258, 19.3, 12.6, 3.1, 1861.9, 34, 2.6, 0.2, 0, 62.2, 32.1, 12187.4, 99.1, 7.6, 128.8, 14.7, 1.2
4, 31/12/2018 18:40:11, 129259, 12.9, 5.1, 2.3, 1493.3, 27.5, 2.6, 0.2, 0, 39.6, 13.1, 11764.8, 83.9, 6, 98.9, 14.3, 0.9
4, 31/12/2018 18:59:10, 129260, 26.5, 21.3, 4.8, 37623, 215.3, 4.5, 0.3, 0.1, 113.5, 54.4, 13880.6, 145, 9.2, 245.2, 8, 3
4, 31/12/2018 19:19:11, 129261, 15.8, 9.3, 3.4, 2950.2, 39.9, 3.4, 0.2, 0, 63.4, 23.9, 24454.9, 113.2, 7.9, 146.7, 7.3, 2
4, 31/12/2018 19:40:10, 129262, 13.5, 8.2, 2.7, 1616.9, 51.5, 3.5, 0.2, 0, 63.4, 21.1, 21950.3, 85.2, 6.4, 109.3, 5, 2
4, 31/12/2018 19:59:10, 129263, 19.9, 17.7, 3.6, 22240.4, 179.6, 0.2, 0.2, 0.2, 106.3, 45.4, 19564.1, 111.8, 7.1, 149.7, 3.9, 0.9
4, 31/12/2018 20:19:16, 129264, 9.9, 3.4, 1.9, 4086.7, 14.2, 0.2, 0.2, 0, 12.5, 8.8, 18021.2, 104.2, 6.4, 89.6, 5, 0.8
4, 31/12/2018 20:39:15, 129265, 9.6, 3.1, 1.5, 4070.2, 0.3, 0, 0.1, 0, 12.7, 7.8, 18530.9, 104.9, 6.3, 92.5, 2.2, 0.8
4, 31/12/2018 20:59:15, 129266, 22.6, 16.3, 3.9, 26628.2, 171.6, 0.1, 0.2, 0, 125.1, 41.6, 27661.4, 125, 9.4, 171.3, 1.2, 2.4
4, 31/12/2018 21:19:15, 129267, 12.4, 6.6, 2.1, 4548.9, 5, 0, 0.2, 0, 49, 16.9, 15952.5, 106.1, 8.1, 129.8, 2.4, 0.9
4, 31/12/2018 21:39:15, 129268, 8.9, 2.2, 1.4, 4333, 0.1, 0, 0.1, 0, 8, 5.5, 15089.7, 119.9, 5.8, 95.1, 1.8, 0.6
4, 31/12/2018 22:00:15, 129269, 15, 10.2, 2.5, 16908.2, 6.6, 0.5, 0.2, 0, 40.5, 26.2, 14030.6, 109.5, 7.7, 131.2, 1, 1.5
4, 31/12/2018 22:19:15, 129270, 16.1, 10.1, 2.1, 2270, 6.3, 0.1, 0.2, 0, 28.5, 25.9, 36775.4, 103, 5.6, 112.5, 0.6, 1.1
4, 31/12/2018 22:39:15, 129271, 19.6, 12.5, 1.9, 246.2, 35.5, 0.3, 0.2, 0, 45.6, 32.1, 13282.8, 95, 5.2, 122.5, 0.9, 0.6
4, 31/12/2018 23:00:15, 129272, 18, 11, 3.2, 15812, 165, 0.2, 0.2, 0, 99, 28.2, 10622.9, 106.9, 4.9, 109.3, 0.1, 1.1
4, 31/12/2018 23:20:15, 129273, 12.9, 7.8, 3.1, 1415.1, 11.8, 0.1, 0.2, 0, 55.3, 20.1, 30571.9, 90.7, 5.4, 87.1, 1.1, 1.4
4, 31/12/2018 23:39:15, 129274, 12.7, 8.5, 2.8, 3065.3, 31.4, 0.1, 0.2, 0, 31.5, 21.7, 23364.4, 93, 6.5, 100.5, 0.7, 1.1
