HOST, TIME, SNAP_ID, SYS_CPU, SYS_DBTIME, SYS_SYSPCT, SYS_READ, SYS_WRITE, SYS_REDO, SYS_OSWAIT, SYS_RMWAIT, SYS_ACTSESS_MAX, SYS_ACTSESS_AVG, SYS_PGA, SYS_PXRUNS, SYS_PXQCT, SYS_PXSRVT, SYS_UCALLS, SYS_IOWAIT
1, 31/01/2019 00:00:03, 131435, 67.6, 67.6, 20.3, 901.2, 264.4, 42.5, 1.6, 0.1, 203.6, 172.9, 57886.7, 173.3, 7.9, 207.3, 157.6, 20.7
1, 31/01/2019 00:20:03, 131436, 58.7, 75.1, 18.2, 9076.8, 251.6, 44.7, 2.4, 4.9, 300.2, 192.2, 56423.4, 160, 10.7, 212.1, 150.6, 26.7
1, 31/01/2019 00:40:03, 131437, 68.4, 91.9, 21.7, 6159.7, 222.7, 27.8, 1.8, 18.3, 287, 235.2, 56880.3, 266.9, 22.1, 319.7, 148.6, 23.1
1, 31/01/2019 01:00:03, 131438, 69.8, 106.5, 21.1, 3660.8, 201, 24.8, 2, 8, 376.9, 272.8, 57644.7, 906.2, 26.5, 426.5, 125.9, 23.6
1, 31/01/2019 01:20:02, 131439, 67.3, 88.3, 20.2, 3020.5, 230.4, 32.6, 1.7, 4.9, 308.5, 225.9, 57557.2, 524.2, 21.5, 323, 131.7, 23.2
1, 31/01/2019 01:40:03, 131440, 63.5, 73.3, 19.5, 2619.6, 228.1, 29.3, 1.5, 1.5, 217.1, 187.7, 57596.1, 686, 20.2, 301.6, 133.8, 21.2
1, 31/01/2019 02:00:02, 131441, 55.8, 68.7, 16.5, 1411.9, 301.5, 46.4, 1.3, 0, 249.4, 175.8, 55829.8, 690, 15.1, 229, 150.3, 17.2
1, 31/01/2019 02:20:02, 131442, 69.3, 77.4, 18.7, 8067.4, 230.5, 39.3, 4.1, 0.9, 316, 198, 75438.4, 837.9, 17.8, 287.1, 145.7, 14.6
1, 31/01/2019 02:40:02, 131443, 86.8, 105.9, 19.8, 5299.9, 230.6, 38.6, 9.7, 4.8, 353.9, 271.1, 78842, 679.9, 20.7, 380.5, 107.3, 13.5
1, 31/01/2019 03:00:02, 131444, 78.2, 103.9, 17.6, 5644.6, 194.2, 30.8, 6.5, 18.9, 326.3, 265.9, 69177.9, 202, 17.1, 354.2, 101.8, 22
1, 31/01/2019 03:20:02, 131445, 57.3, 80.1, 14.7, 3985.5, 270.5, 34.1, 1.2, 13, 306.2, 205, 63679.4, 173.9, 12.4, 218.3, 101.1, 18.2
1, 31/01/2019 03:40:02, 131446, 59.9, 95.2, 15.7, 4117.1, 254.6, 36.4, 1.5, 6, 341.9, 243.6, 64304, 321, 11.3, 197.1, 119.5, 10
1, 31/01/2019 03:59:02, 131447, 42.7, 62.4, 13, 885.2, 261.1, 37.6, 1.1, 0.1, 255.2, 159.6, 71035.3, 3657.6, 6.3, 101.4, 115.9, 11.4
1, 31/01/2019 04:20:02, 131448, 44.9, 50.1, 12.4, 969.9, 483.4, 41.8, 1.1, 0, 215.7, 128.3, 68421.2, 179, 4.9, 61.1, 97.2, 11.4
1, 31/01/2019 04:40:02, 131449, 28.7, 67.5, 8.8, 566.6, 256.3, 38.6, 0.8, 0.1, 353.1, 172.9, 68592.5, 2126.9, 5.1, 89.6, 80.9, 40.3
1, 31/01/2019 05:00:02, 131450, 46.5, 92.7, 13.2, 3985.7, 416.3, 43.4, 1.2, 7.4, 367.8, 237.4, 70144.3, 5555.5, 9.2, 195.9, 96.5, 42
1, 31/01/2019 05:20:02, 131451, 44.4, 63.3, 13.3, 926.6, 402.1, 46.8, 1.2, 0.5, 275.9, 162.1, 66490.4, 3849.6, 3.1, 46.4, 115, 11.3
1, 31/01/2019 05:40:02, 131452, 43.4, 64.6, 12.9, 2975.8, 281.8, 51.4, 1.1, 4.1, 255.6, 165.3, 71056.9, 4391.6, 5.5, 80, 138.8, 16.5
1, 31/01/2019 06:00:02, 131453, 37.2, 83.9, 10.7, 1069.4, 228.9, 37.4, 1, 0, 306.3, 214.7, 48458.5, 3579.2, 5, 93.2, 91.2, 12.7
1, 31/01/2019 06:20:02, 131454, 39.5, 71.3, 11.6, 581.7, 298.2, 41.9, 1, 0, 319.2, 182.6, 49744.3, 192, 4.2, 59.1, 108.9, 14
1, 31/01/2019 06:40:02, 131455, 35.7, 52, 11.7, 289.8, 297.1, 47.7, 1.1, 0, 181.5, 133.1, 44120.8, 223, 1.7, 15.1, 128, 14.3
1, 31/01/2019 07:00:02, 131456, 46.3, 73.2, 13.9, 1933.7, 319.9, 50.2, 1.3, 0.3, 282.8, 187.4, 46022.4, 315.1, 4.6, 87.4, 125.2, 17.2
1, 31/01/2019 07:20:01, 131457, 42.1, 68.5, 13.4, 477.9, 327.4, 50.9, 1.2, 0, 287.6, 175.3, 45525, 166.8, 2.7, 33.7, 128.8, 15.5
1, 31/01/2019 07:40:01, 131458, 46.3, 58, 14.4, 166.5, 342.4, 60, 1.3, 0, 240.9, 148.5, 44142.6, 193.9, 1.7, 14.5, 145.5, 16.6
1, 31/01/2019 08:00:01, 131459, 66.5, 103.4, 17.1, 18414.1, 422, 67.5, 1.6, 0.2, 341.7, 264.8, 51262.7, 251.9, 8.3, 149.4, 130.5, 32.2
1, 31/01/2019 08:20:01, 131460, 62, 84.2, 17.4, 17251.1, 392.8, 72.4, 1.4, 0, 250.4, 215.5, 57140.3, 139, 5.4, 103.4, 148, 31.2
1, 31/01/2019 08:40:01, 131461, 63.6, 91.5, 17.2, 17077.1, 421.5, 77.3, 1.4, 0, 329.8, 234.3, 45869.1, 215.4, 3.5, 65.2, 153.4, 18.8
1, 31/01/2019 09:00:01, 131462, 69.9, 77.8, 18.4, 5191.5, 365, 67.9, 1.5, 0.1, 289.8, 199.1, 51207.2, 216.7, 4.6, 114.6, 174, 12.7
1, 31/01/2019 09:20:01, 131463, 64.4, 101, 16.7, 3003.6, 358.2, 67.1, 1.7, 0, 333.4, 258.6, 49776.2, 228.9, 5.1, 139.6, 146.9, 7
1, 31/01/2019 09:40:01, 131464, 64.2, 73.1, 18.2, 448.9, 394.7, 80.3, 1.5, 0, 298.1, 187.2, 45881.3, 201.1, 4.5, 93.9, 199.5, 9.6
1, 31/01/2019 10:00:01, 131465, 56.3, 77.2, 16.5, 470.1, 364.5, 73.1, 1.4, 0, 298, 197.5, 46204.1, 201.2, 5.5, 62.5, 182.8, 19.8
1, 31/01/2019 10:20:00, 131466, 64.3, 72.8, 17.9, 330.7, 401.6, 74.8, 1.5, 0, 247.1, 186.4, 45380.1, 144.9, 4, 43.4, 188.4, 9.9
1, 31/01/2019 10:40:01, 131467, 56.3, 71.7, 16.2, 1336.3, 358.9, 70.5, 1.4, 0, 312, 183.6, 48877.6, 281.7, 3.7, 43.4, 162.2, 9.9
1, 31/01/2019 11:00:01, 131468, 46.3, 55.8, 13.8, 1448.6, 464.5, 64, 1.2, 0, 192.6, 142.8, 45495.9, 257.1, 3.4, 64.1, 171.1, 11.5
1, 31/01/2019 11:20:00, 131469, 46.5, 51.8, 13.3, 234.9, 345.8, 68.4, 1.2, 0, 177.9, 132.5, 45388.3, 185.1, 2.4, 25.3, 179.6, 7.7
1, 31/01/2019 11:40:00, 131470, 40, 74.2, 11.6, 122.8, 300.9, 61.2, 1.1, 0, 301.3, 189.9, 44676.3, 222.2, 2, 17, 161.2, 5.9
1, 31/01/2019 12:00:01, 131471, 51.5, 63.2, 14.6, 2053.6, 347.9, 69.1, 1.3, 0, 253, 161.8, 45839, 266.8, 4.6, 88.1, 177.9, 9
1, 31/01/2019 12:20:00, 131472, 47.3, 55.4, 13.7, 363.1, 321.4, 66.4, 1.2, 0, 216.7, 141.7, 44396.1, 183.9, 2.1, 36.9, 192.7, 8.2
1, 31/01/2019 12:40:00, 131473, 47.3, 51.1, 13.7, 101.7, 828.8, 66, 1.3, 0, 185.8, 130.8, 44656.8, 219.2, 1.2, 6.1, 197, 9.5
1, 31/01/2019 13:00:00, 131474, 45.2, 69.5, 12.3, 1773.4, 327.8, 62.2, 1.1, 0, 347.8, 177.8, 50240.2, 257, 3.4, 64.5, 161.6, 8.2
1, 31/01/2019 13:20:00, 131475, 53, 68.8, 14.7, 648.5, 360.6, 71.3, 1.2, 0, 302.3, 176.2, 48231.5, 198.9, 3.6, 59.6, 184.1, 9.3
1, 31/01/2019 13:40:00, 131476, 39.7, 75.9, 11, 219.3, 300.7, 61.4, 1, 0, 339.7, 194.2, 44377.6, 245.8, 1.9, 29.8, 163.7, 5.9
1, 31/01/2019 14:00:00, 131477, 40.3, 73.8, 11.9, 43.5, 299.1, 65.3, 1.1, 0, 352.9, 188.9, 44312.1, 232, 1.2, 6.3, 190.6, 11
1, 31/01/2019 14:20:00, 131478, 55.3, 74.6, 15.7, 9836.4, 337.2, 63, 1.4, 1.3, 311.5, 190.9, 48138.6, 231.1, 4, 87.3, 182.8, 25.7
1, 31/01/2019 14:40:00, 131479, 44.9, 57.6, 13, 887.2, 300.3, 64.2, 1.2, 0.2, 227.8, 147.6, 44466.7, 231.1, 2.1, 39.3, 196.5, 8.5
1, 31/01/2019 15:00:00, 131480, 45, 58.3, 12.6, 592.8, 314.3, 66.3, 1.2, 0, 232.9, 149.3, 45214.7, 217.9, 2.4, 17.4, 192.6, 14.6
1, 31/01/2019 15:20:00, 131481, 54.7, 94.7, 13.5, 10219.6, 287, 55.4, 1.3, 0, 343.8, 242.5, 47690.1, 208.2, 6.3, 103.4, 145.1, 15.7
1, 31/01/2019 15:40:00, 131482, 53.5, 63, 14.1, 299.3, 305.4, 65, 1.3, 0, 268.5, 161.4, 45608.9, 190, 3.9, 44.6, 180.7, 10.4
1, 31/01/2019 16:00:00, 131483, 61.1, 80, 13.6, 825, 324.3, 60.3, 1.1, 0.1, 346.8, 204.8, 49266.5, 213.7, 5.9, 107.7, 150.1, 10.3
1, 31/01/2019 16:19:59, 131484, 56.5, 64.9, 14.7, 390.2, 367.9, 78.6, 1.2, 0, 228.2, 166.2, 47702.3, 206.5, 6.9, 132.6, 189.3, 14.3
1, 31/01/2019 16:40:00, 131485, 59.8, 92.2, 15.1, 2131.4, 355, 66.6, 1.7, 1.6, 407.6, 235.9, 59775.1, 355.7, 11.9, 270, 147.1, 10.3
1, 31/01/2019 16:59:59, 131486, 83.9, 94.5, 19.4, 7129.9, 336.3, 67.5, 6.3, 0.6, 367.3, 241.9, 73573.4, 264.6, 19, 377.1, 152.5, 12.3
1, 31/01/2019 17:20:00, 131487, 84.7, 112.8, 17.9, 3809, 343.4, 64.3, 5.9, 1.1, 395, 288.8, 74593.4, 294.3, 18.4, 407.8, 136.6, 8.7
1, 31/01/2019 17:39:59, 131488, 67.3, 85, 16.1, 2403.7, 342.8, 69.3, 3.5, 1.5, 312.3, 217.6, 73350.5, 238.9, 18.6, 368.3, 146.4, 17.6
1, 31/01/2019 17:59:59, 131489, 81.2, 177.3, 19.4, 6141.7, 347.8, 59.6, 14.6, 5.7, 613.2, 453.8, 68157.6, 320.2, 29.7, 618.6, 115, 53.1
1, 31/01/2019 18:19:59, 131490, 51.9, 84.6, 13.6, 1236.8, 365, 73.9, 1.2, 0, 320.5, 216.6, 63555.6, 202.4, 24.3, 442.4, 114.6, 17.7
1, 31/01/2019 18:39:59, 131491, 53.9, 76.3, 14.5, 2639, 349.2, 66.5, 1.2, 0, 346.6, 195.2, 49062, 249, 20.1, 342.1, 176.6, 8.3
1, 31/01/2019 18:59:59, 131492, 60.8, 70, 16.5, 479.3, 385.9, 66.5, 1.4, 0, 269.3, 179.3, 72582.5, 206, 18.6, 297.3, 193.8, 11.2
1, 31/01/2019 19:19:58, 131493, 61.3, 68, 14.4, 1218.7, 449.8, 57.9, 1.2, 0, 248.3, 174, 77214.6, 150.6, 15.5, 233.8, 164.2, 6.4
1, 31/01/2019 19:39:59, 131494, 79, 98.5, 18.2, 4092.2, 342, 47, 9.4, 9.6, 352.8, 252.2, 88299.4, 346, 17.8, 340.9, 137.4, 13.4
1, 31/01/2019 19:59:59, 131495, 81.4, 139.2, 19, 2429.8, 364.4, 35.6, 7.1, 1, 494.8, 356.4, 79374.5, 280.3, 21.1, 394.2, 88.2, 33.3
1, 31/01/2019 20:19:59, 131496, 77.7, 143.1, 19.1, 2899.9, 723.8, 28.5, 4.6, 1.9, 472, 366.3, 98575.9, 262.7, 20.6, 531.8, 81.8, 20.7
1, 31/01/2019 20:39:59, 131497, 79.3, 120.9, 21.7, 1707.3, 391.7, 26.4, 7.8, 17.5, 354.3, 309.6, 81919.7, 197.8, 17.1, 470.2, 96.4, 26.9
1, 31/01/2019 20:59:59, 131498, 85.2, 113.6, 22.1, 1599.5, 427, 23.1, 4.4, 8.7, 314.8, 290.9, 77729.4, 308.6, 17, 435.7, 98.6, 34.5
1, 31/01/2019 21:19:58, 131499, 86, 98.8, 21.4, 1374.6, 427.1, 22.5, 2.7, 2.9, 344.1, 253.1, 101037.2, 166, 15.6, 394.9, 99.3, 20.2
1, 31/01/2019 21:39:58, 131500, 80.3, 113.4, 19.2, 2780.5, 392.4, 19.8, 3.4, 6.7, 365, 290.2, 96913, 199.8, 16, 397.8, 85.8, 17.9
1, 31/01/2019 21:59:58, 131501, 80.8, 108.1, 18.9, 1652.8, 430.2, 20.7, 2.2, 5.6, 321.8, 276.7, 91909.5, 179.1, 16.5, 399.3, 90.7, 17.8
1, 31/01/2019 22:19:58, 131502, 71.1, 79.8, 17.7, 1757.2, 457.6, 15.1, 1.2, 0.9, 242.3, 204.3, 76016.6, 137.2, 13.2, 335.7, 36.9, 17.9
1, 31/01/2019 22:39:58, 131503, 73.3, 81.2, 17.3, 1395.1, 411, 16.5, 1.1, 4.7, 250.7, 208, 75813.3, 193.3, 13.2, 344.5, 46.3, 17.7
1, 31/01/2019 22:59:58, 131504, 70.2, 90, 17.3, 1565, 204.8, 23.1, 1.5, 1.6, 338.1, 230.4, 88928.1, 205.4, 12, 309.7, 57.5, 19.1
1, 31/01/2019 23:19:58, 131505, 71.8, 114.1, 19.1, 1980.5, 167, 17.3, 2, 11.1, 432.6, 292.2, 81918.3, 155.1, 16.2, 411.7, 55.1, 20.3
1, 31/01/2019 23:39:57, 131506, 70.9, 86.7, 18.3, 1835.9, 167.6, 19.6, 2.1, 12.2, 268.9, 222.1, 85597.5, 188.2, 13.5, 350.5, 59.5, 19.4
2, 30/01/2019 23:59:29, 131435, 57.1, 70.2, 13.4, 1551.4, 406.1, 40.7, 1, 0.4, 215.4, 179.8, 79246.3, 279, 8.3, 185.9, 123.7, 15.9
2, 31/01/2019 00:19:29, 131436, 50.3, 85.3, 11, 2302.2, 287.4, 48.8, 2.7, 7, 369.5, 218.3, 75739, 203, 11.8, 215.1, 137.1, 26.5
2, 31/01/2019 00:39:29, 131437, 62.2, 113.7, 11.7, 11651.6, 340.1, 33.1, 2.4, 28.1, 338.5, 291, 79345.9, 256, 23.3, 315.3, 100.1, 9.7
2, 31/01/2019 00:59:29, 131438, 63.1, 123.5, 12.2, 2333.7, 302.8, 24.2, 1.1, 18.3, 381.6, 316.1, 71639.2, 241.9, 24.1, 355.9, 67.5, 10.3
2, 31/01/2019 01:19:28, 131439, 72.8, 114.1, 15.1, 20088.6, 275.4, 29.5, 1.5, 6.7, 341, 292.2, 76932.3, 227.2, 21.9, 334.2, 95.9, 15.2
2, 31/01/2019 01:39:28, 131440, 93.4, 138.6, 17.1, 81101.8, 232.4, 23.8, 20.4, 13.9, 443.3, 354.9, 76654, 356.1, 26.2, 521.9, 96.3, 11.8
2, 31/01/2019 01:59:28, 131441, 63.8, 93.7, 12.3, 45547.7, 266.8, 23.5, 1.4, 0.8, 299.4, 239.8, 70098.3, 242.7, 17.3, 282.2, 104.4, 6.5
2, 31/01/2019 02:19:28, 131442, 55.5, 73.3, 11.3, 1273.2, 192.8, 31.5, 0.8, 0.5, 270, 187.5, 71936.3, 258.4, 13.4, 190.2, 153.8, 3.2
2, 31/01/2019 02:39:28, 131443, 54.4, 86.1, 12.7, 7193, 190.5, 32.5, 1, 0.1, 295.2, 220.4, 50254.5, 222.6, 12.7, 185, 185.7, 9.6
2, 31/01/2019 02:59:28, 131444, 49.9, 57.4, 11.4, 1306.2, 221.2, 33.2, 0.9, 0.1, 194.8, 147, 39900.6, 174.6, 9, 106.5, 188.4, 5.5
2, 31/01/2019 03:20:28, 131445, 50.4, 49.8, 10.5, 834.9, 291, 35.9, 0.8, 0.2, 163.7, 127.4, 71899.8, 200.6, 6.9, 78.7, 204.6, 4.1
2, 31/01/2019 03:39:28, 131446, 68, 88.3, 14.1, 3291.8, 304.3, 26.9, 1.1, 2.7, 338.5, 225.9, 68146.8, 226.1, 12.6, 186.6, 150.8, 4.1
2, 31/01/2019 03:59:28, 131447, 61.1, 71.7, 12.2, 1224.9, 297, 20.4, 0.8, 2.4, 255.8, 183.5, 84121.5, 174.9, 10.3, 127.1, 110.5, 4.3
2, 31/01/2019 04:19:27, 131448, 62.7, 61.8, 11.8, 1070, 401.4, 19.6, 0.8, 2, 205.5, 158.1, 73392.5, 137.9, 9, 117.1, 108.6, 5
2, 31/01/2019 04:39:27, 131449, 29.2, 41.4, 5.7, 336.2, 137.6, 14.6, 0.5, 0, 153.8, 106, 78232.3, 212.8, 8.1, 111.5, 55.2, 21.1
2, 31/01/2019 04:59:28, 131450, 50.3, 66.2, 9.9, 1243.8, 343.4, 18.3, 0.7, 0.4, 438.6, 169.5, 77299.2, 203.4, 10.4, 173, 97.8, 15
2, 31/01/2019 05:19:28, 131451, 48.4, 50.8, 8.7, 653.5, 389.7, 19.1, 0.6, 0, 174.5, 130.2, 72908.9, 159.1, 6.9, 103.7, 75.9, 5
2, 31/01/2019 05:39:27, 131452, 40.1, 42.1, 8.8, 567.5, 218.5, 24.9, 0.7, 0, 188.2, 107.7, 72162.4, 284.3, 5.7, 69.2, 110.4, 5.1
2, 31/01/2019 05:59:27, 131453, 65.8, 107.1, 11.8, 2842.4, 489.6, 18.1, 1.1, 2.4, 379, 274.1, 108433, 209.4, 13.2, 285.5, 57.2, 6.4
2, 31/01/2019 06:20:27, 131454, 73.5, 89.1, 11.9, 1111.2, 391.5, 18.3, 0.8, 6, 342.5, 228.2, 87597.5, 143.9, 11.4, 243, 67.1, 6.4
2, 31/01/2019 06:40:28, 131455, 75.6, 78.8, 12.6, 520.5, 186.3, 21.9, 0.9, 2.5, 259.7, 201.8, 78806.9, 213.8, 10.6, 227.2, 70.9, 7
2, 31/01/2019 06:59:27, 131456, 78.3, 120.3, 11.9, 1881.4, 335.5, 24.3, 1.5, 5.6, 423.4, 307.9, 73860.2, 172.2, 14.3, 321.9, 65, 6.8
2, 31/01/2019 07:19:27, 131457, 76, 109.9, 11.7, 832.4, 469.2, 24.4, 1, 2.5, 497.5, 281.3, 73741.2, 131.7, 12.4, 286.4, 62.8, 5.1
2, 31/01/2019 07:39:27, 131458, 62.9, 89.1, 9.3, 765.8, 371.3, 29.6, 0.7, 1.6, 434.1, 228.1, 66724.1, 220.2, 10.8, 239.5, 68.6, 3.6
2, 31/01/2019 08:00:27, 131459, 61, 93.5, 11.8, 8842.3, 324.7, 40.1, 1.1, 0, 376.3, 239.4, 55722.8, 230.6, 11.8, 272.4, 87.4, 15
2, 31/01/2019 08:19:27, 131460, 42.2, 51, 8, 382.7, 231.4, 43, 0.6, 0, 295.7, 130.6, 54604.5, 153.2, 7.3, 137.5, 84.1, 8.4
2, 31/01/2019 08:40:27, 131461, 43.8, 81.7, 9.2, 276.7, 238.1, 44.6, 0.7, 0, 274.5, 209.2, 67388.9, 257.4, 7.4, 135.2, 98.3, 7.5
2, 31/01/2019 08:59:27, 131462, 49.4, 84.1, 11.5, 18006.9, 311.6, 51, 0.8, 0.4, 291.8, 215.2, 53615.7, 147, 7.9, 186, 118.5, 10.1
2, 31/01/2019 09:19:27, 131463, 54.7, 111.4, 11.6, 2972.1, 296.2, 46.4, 0.9, 8.2, 355.8, 285.3, 92971.2, 275.4, 9.3, 229.8, 119.1, 5.5
2, 31/01/2019 09:39:27, 131464, 53.6, 93.9, 11.6, 436.7, 246.1, 46.8, 0.8, 9.4, 299.3, 240.5, 62370.8, 231, 9.1, 212.4, 128.7, 5.8
2, 31/01/2019 09:59:26, 131465, 47.9, 84, 10.5, 734.8, 260.8, 49.2, 0.8, 0.6, 295.9, 215, 48025.7, 171, 7.7, 179.4, 109.8, 11.5
2, 31/01/2019 10:19:27, 131466, 40.1, 57.1, 7.8, 590.5, 155.7, 29.9, 0.7, 0.1, 199.4, 146.2, 47972.6, 197.4, 5.3, 85.8, 85, 4.6
2, 31/01/2019 10:39:27, 131467, 50.6, 87.5, 11.6, 1374.4, 211, 48.4, 0.9, 0, 293, 224, 54475.7, 265.6, 5.8, 102.7, 124.4, 8.5
2, 31/01/2019 10:59:27, 131468, 55, 91.3, 12.2, 6816.8, 232.6, 41.8, 0.9, 0, 280.6, 233.8, 54960.5, 194, 8.6, 176.6, 117.7, 10.3
2, 31/01/2019 11:19:26, 131469, 49.6, 83.1, 11, 442.9, 226.7, 44.2, 0.8, 0, 302.9, 212.8, 39353.2, 155.4, 7.4, 173.6, 113.6, 6.5
2, 31/01/2019 11:40:26, 131470, 34, 79.2, 7.9, 198.7, 199.7, 46.4, 0.7, 0, 309, 202.8, 38794.3, 260, 4.1, 42.9, 126.2, 3.7
2, 31/01/2019 11:59:26, 131471, 51.1, 83.2, 11.8, 1828.2, 290.4, 55.3, 0.9, 0.3, 289.3, 213, 43465.8, 243, 7.8, 130.7, 126.6, 6.3
2, 31/01/2019 12:19:27, 131472, 42.3, 77.3, 10.5, 529.1, 276, 56.2, 0.8, 0, 274.7, 197.8, 45659.4, 173.4, 4.2, 54, 129.2, 4.8
2, 31/01/2019 12:39:26, 131473, 42.1, 71, 10.2, 592.1, 339.3, 61.3, 0.8, 0.1, 257.7, 181.8, 45733.1, 240.3, 3.7, 40.7, 135.4, 4.8
2, 31/01/2019 12:59:27, 131474, 45, 91.4, 10.9, 1888.8, 336.9, 56.3, 0.8, 0, 327.7, 234, 51617.1, 217.6, 7, 132, 122.6, 6.6
2, 31/01/2019 13:19:26, 131475, 42.2, 75.3, 11, 478.7, 317.5, 66.2, 0.9, 0, 248.9, 192.9, 45758.3, 165.4, 5.9, 105.8, 137.1, 6
2, 31/01/2019 13:40:26, 131476, 34.9, 83.9, 9.3, 286.2, 349.5, 63.6, 0.8, 0, 302.6, 214.8, 74072, 254.5, 5.5, 90.2, 127.2, 4.7
2, 31/01/2019 13:59:25, 131477, 36.6, 83.2, 9.7, 523, 334.6, 60.8, 0.8, 0, 316.1, 212.9, 41695.2, 203.6, 5.6, 79.8, 124.9, 8.9
2, 31/01/2019 14:19:25, 131478, 47.6, 87.1, 12.8, 2503.1, 375.1, 67.2, 1, 0.3, 287.3, 222.9, 49313.3, 263.3, 6.8, 125.8, 130, 14.7
2, 31/01/2019 14:39:26, 131479, 45.9, 77.8, 11.5, 557.2, 401.5, 66.4, 0.9, 0, 281.9, 199.1, 64705.8, 217.9, 6.2, 101.2, 130.7, 6.2
2, 31/01/2019 14:59:25, 131480, 58.6, 89.8, 12.3, 615.4, 416.2, 62.9, 0.9, 0.1, 292.3, 229.8, 45969.7, 198.8, 7.6, 143.9, 127.3, 9.8
2, 31/01/2019 15:19:25, 131481, 45.6, 100, 11.7, 2462.9, 327.7, 56.8, 0.9, 0, 314.4, 255.9, 61359.9, 304.7, 9.2, 197.6, 117.8, 10.5
2, 31/01/2019 15:39:26, 131482, 41.1, 75.4, 10.9, 1235.1, 318.4, 61.7, 0.9, 0, 304.2, 193, 43925.3, 508.8, 5.8, 87.6, 133.1, 7.2
2, 31/01/2019 15:59:26, 131483, 49.7, 88.9, 11.9, 1130.4, 450.2, 60.9, 0.9, 0.2, 319.6, 227.6, 74331, 180.9, 6.5, 133.6, 130.5, 8.9
2, 31/01/2019 16:19:26, 131484, 51.6, 81.2, 12.1, 1297.7, 652.1, 74.2, 0.9, 0.1, 246.6, 208, 99761.8, 192.3, 8.9, 214.2, 124.6, 11.4
2, 31/01/2019 16:39:25, 131485, 68.2, 123.5, 14.3, 2722.7, 608.8, 58, 1.9, 10.6, 421.5, 316.3, 116018.5, 275.6, 17.1, 380.9, 107.1, 9.7
2, 31/01/2019 16:59:25, 131486, 72.4, 123.5, 15, 1531, 613.3, 56, 2.6, 16.8, 439, 316.2, 96553.4, 160, 18.6, 405.8, 118.3, 9.5
2, 31/01/2019 17:20:25, 131487, 69.4, 122.7, 14, 744.9, 615.5, 53.9, 1.3, 11.7, 358.2, 314.1, 107451.1, 272.1, 18.1, 396.7, 105.2, 7.7
2, 31/01/2019 17:39:25, 131488, 65.9, 117.2, 13.2, 1055.2, 600.6, 53.5, 2, 12, 338.1, 300.1, 86780.1, 397.4, 17.6, 386.2, 104.2, 15.7
2, 31/01/2019 18:00:25, 131489, 62.2, 122, 13.3, 2810.5, 587.8, 55.6, 1, 7.7, 352.1, 312.3, 85622.6, 298, 19.3, 419.6, 103.2, 19.7
2, 31/01/2019 18:20:26, 131490, 64.7, 102.7, 13.6, 976.9, 738.5, 57.7, 1, 2.1, 357.4, 262.9, 88784.1, 419.6, 16.2, 349.5, 106, 9.6
2, 31/01/2019 18:39:25, 131491, 60.6, 94.2, 12.5, 756.8, 676.6, 43.8, 0.9, 1.9, 299.6, 241.1, 82297.1, 350.4, 13.4, 258.5, 96.1, 5.1
2, 31/01/2019 18:59:25, 131492, 56.5, 90, 12.4, 1828.6, 672, 42, 0.9, 0.1, 268.1, 230.3, 73370.5, 301.3, 12.7, 239.4, 100.9, 7.1
2, 31/01/2019 19:19:24, 131493, 52.8, 79.8, 12.6, 616.2, 554, 38, 0.9, 0.1, 254.3, 204.2, 73506.8, 355.9, 9.5, 165.9, 99.5, 6.5
2, 31/01/2019 19:39:25, 131494, 55.1, 84.2, 13.2, 1879.5, 482.3, 34.8, 0.9, 3.6, 246.5, 215.7, 79132.6, 395.5, 12.3, 219.6, 99, 7.4
2, 31/01/2019 19:59:24, 131495, 47.3, 89.6, 11.8, 698.9, 256, 34.2, 0.8, 0.2, 284.2, 229.3, 77394.3, 235.1, 10.8, 214.3, 97.1, 10.2
2, 31/01/2019 20:19:25, 131496, 49.5, 94.3, 12.4, 542.3, 173.3, 36.1, 0.9, 2.2, 302, 241.5, 79278.1, 335.1, 12.9, 269.6, 102, 5.9
2, 31/01/2019 20:40:25, 131497, 62.6, 93.2, 15.3, 634, 270.2, 46.4, 1.1, 11, 309.3, 238.5, 84674.2, 338, 13.4, 268.2, 133.8, 6.5
2, 31/01/2019 21:00:25, 131498, 51.3, 69.1, 13.6, 410.2, 254.9, 51.6, 1, 0, 216.7, 177, 93399.5, 281.2, 9.9, 193.7, 181.9, 9.6
2, 31/01/2019 21:20:24, 131499, 48.3, 68, 13.1, 453.8, 292.7, 49.3, 0.9, 0, 238, 174.1, 96496.8, 186.1, 9.4, 172.8, 152, 5
2, 31/01/2019 21:40:24, 131500, 39.9, 79.5, 12, 1474.2, 257.8, 43.2, 0.8, 0.1, 273.4, 203.5, 74533.2, 319.7, 13.4, 257.4, 137, 4.8
2, 31/01/2019 21:59:24, 131501, 39.8, 67.7, 11.6, 1618, 222.1, 42.7, 0.8, 0, 236.9, 173.4, 75290.5, 541.5, 10.2, 227.2, 118.4, 5.2
2, 31/01/2019 22:20:24, 131502, 51.8, 68.9, 12.2, 1764.9, 259.2, 24.2, 0.8, 0, 207.6, 176.3, 68016, 233, 8.5, 186.7, 95.5, 4
2, 31/01/2019 22:39:24, 131503, 53.9, 61, 13, 652.2, 216.3, 27.2, 0.8, 0, 216.8, 156.1, 76008.7, 221.5, 7.9, 173.8, 104.7, 7.3
2, 31/01/2019 22:59:24, 131504, 68, 88, 15.1, 1780, 388.7, 25.3, 1.2, 7.2, 340.7, 225.2, 73417.6, 343.2, 14.9, 292.1, 93.7, 7.2
2, 31/01/2019 23:20:25, 131505, 65.5, 87.7, 15.2, 2058.4, 369.9, 25.6, 1.7, 8.8, 280.1, 224.5, 89162.4, 221.7, 15.1, 314.7, 103.5, 6.7
2, 31/01/2019 23:40:24, 131506, 56.3, 62.3, 12.5, 2156.3, 453.6, 23.5, 0.8, 7.4, 210.7, 159.6, 69811.3, 216.7, 12.7, 240.4, 70.2, 6.6
3, 30/01/2019 23:59:41, 131435, 14.4, 24, 4.5, 21920.1, 5.1, 0.6, 0.3, 0, 166.7, 61.5, 70365.6, 225.6, 20.9, 378.1, 1.6, 12.6
3, 31/01/2019 00:19:41, 131436, 26.7, 52.7, 6.1, 25767, 116.9, 1.2, 0.5, 1.9, 197.6, 135, 87418.5, 368, 35.3, 437.1, 1.5, 27.7
3, 31/01/2019 00:39:41, 131437, 53.7, 75.6, 8.8, 8294.1, 156.5, 1.3, 0.6, 18.6, 219.4, 193.6, 99279.2, 703.1, 35.4, 458.4, 1.1, 6
3, 31/01/2019 00:59:41, 131438, 52.4, 72.9, 9.2, 19638.1, 361.5, 1.1, 0.6, 7.8, 282.5, 186.7, 85192.7, 474.6, 35.5, 421.6, 1.9, 8.2
3, 31/01/2019 01:19:41, 131439, 48.4, 54.4, 8.7, 8002.6, 485.1, 0.5, 0.6, 5.3, 166.6, 139.4, 88976.7, 165.2, 28.7, 341.1, 1.8, 5.5
3, 31/01/2019 01:39:41, 131440, 41.2, 47.8, 7.9, 12650.7, 507.7, 0.4, 0.5, 5.1, 147.3, 122.4, 86101.5, 177.8, 24, 275.7, 3.3, 5.5
3, 31/01/2019 01:59:41, 131441, 57.8, 75.4, 11.1, 16376.5, 548.8, 3.4, 0.7, 8.8, 258.4, 192.9, 84675.2, 145.2, 33.1, 466.5, 6.4, 8.9
3, 31/01/2019 02:19:41, 131442, 45.3, 54.7, 9.5, 5281.3, 435.4, 0.9, 0.6, 2, 196.5, 140, 73966, 91.3, 23.9, 329.8, 4.5, 9
3, 31/01/2019 02:39:41, 131443, 22.7, 34.5, 5.7, 4772.2, 212, 1.2, 0.5, 0, 111.6, 88.2, 66052.1, 157.3, 20.8, 266.6, 5.7, 15.2
3, 31/01/2019 02:59:41, 131444, 41.1, 48.2, 8.6, 6050.7, 395, 5.1, 0.6, 0.3, 169, 123.4, 68381.8, 236.3, 21.6, 342.8, 3.2, 12.7
3, 31/01/2019 03:19:40, 131445, 29.6, 38.2, 7.1, 6265.8, 250.9, 5.8, 0.6, 2.8, 151.3, 97.9, 66142.2, 286.8, 18.4, 239.9, 3.6, 10.2
3, 31/01/2019 03:39:40, 131446, 26.4, 34.7, 5.8, 5332.3, 339.3, 4.9, 0.4, 2, 113.9, 88.8, 63855.3, 248.9, 15.2, 170.6, 4.4, 7.4
3, 31/01/2019 03:59:41, 131447, 41, 57.6, 8.2, 37619.7, 309.1, 6, 0.6, 5.2, 215.6, 147.3, 101351.2, 207.1, 24.5, 350.8, 11.6, 8.4
3, 31/01/2019 04:19:40, 131448, 51.2, 61.1, 8.3, 45303.5, 356.6, 6.2, 0.6, 6.3, 201.5, 156.5, 92358.9, 330.8, 25.2, 394.2, 4.6, 9.9
3, 31/01/2019 04:39:40, 131449, 42.4, 110.1, 7.6, 106728.3, 150.6, 12.9, 0.5, 6.3, 346.2, 281.9, 92662.1, 181, 30.6, 556.6, 2, 65.8
3, 31/01/2019 04:59:40, 131450, 52.1, 85.1, 8.6, 43876, 324.9, 8.6, 0.6, 15.8, 359, 217.9, 98500.4, 285.4, 32.6, 478.6, 5.5, 20.4
3, 31/01/2019 05:19:40, 131451, 44.1, 61.8, 7.9, 14002.2, 382.4, 4.8, 0.5, 11.6, 224.4, 158.2, 95835.9, 230.6, 25.3, 335, 4.5, 10
3, 31/01/2019 05:39:40, 131452, 43, 65.2, 8.5, 4663.1, 95.9, 6.1, 0.8, 9.3, 345.1, 167, 92425.5, 261.3, 26.7, 445.3, 7, 9.7
3, 31/01/2019 05:59:40, 131453, 50.8, 103.5, 10.7, 21370.9, 205.6, 8.2, 1, 9.5, 404.1, 265, 131131.9, 137.8, 32.7, 716.5, 5.1, 10.6
3, 31/01/2019 06:19:39, 131454, 51.1, 77.4, 10.2, 3028.8, 710.7, 11.8, 1.2, 11.5, 288.2, 198.3, 69771.4, 123.3, 26.4, 600, 5.5, 8
3, 31/01/2019 06:40:50, 131455, 29.7, 47.7, 6.1, 7065.4, 245.2, 2.7, 0.4, 12.7, 192.2, 122, 72972.1, 193, 22.3, 387.3, 5.9, 6.6
3, 31/01/2019 06:59:50, 131456, 32.9, 60, 6.8, 58695.8, 431.7, 10.3, 0.5, 17.9, 223.5, 153.7, 90546.9, 276.6, 28.6, 457.5, 6.1, 8.6
3, 31/01/2019 07:19:50, 131457, 25, 46.1, 5.3, 12222.6, 165.5, 15.7, 0.4, 12.5, 161.8, 117.9, 67893.2, 142.2, 29, 397, 9.4, 6.6
3, 31/01/2019 07:39:50, 131458, 28, 42.9, 6.3, 4767.1, 324.9, 13.4, 0.5, 13.6, 134.9, 109.8, 83969.5, 87.1, 25.7, 349.9, 8.2, 6.4
3, 31/01/2019 07:59:49, 131459, 39, 64, 8.4, 21403.8, 252, 21.4, 0.5, 9.9, 251.2, 163.8, 103943.1, 318.2, 25.8, 458.7, 4.8, 10
3, 31/01/2019 08:19:49, 131460, 50.9, 72.5, 8.6, 6580.5, 416, 19.9, 1.2, 9.8, 308.9, 185.5, 94517.3, 332, 28.1, 489.2, 5.6, 8.2
3, 31/01/2019 08:39:59, 131461, 38.1, 56.6, 6.4, 2349.5, 242.5, 26.7, 0.4, 4.2, 191.3, 144.8, 78143.2, 155.2, 24.3, 475.8, 4.4, 7.1
3, 31/01/2019 09:00:00, 131462, 51, 82.4, 8.2, 22526.3, 202, 20.2, 2.4, 15.5, 378.5, 210.9, 114959.4, 171, 26.4, 643.7, 4.7, 6
3, 31/01/2019 09:20:00, 131463, 55, 97.3, 9.4, 4877.7, 501.7, 30.6, 2.1, 14.4, 391.2, 249, 96435, 360.3, 35.1, 1042.7, 4.9, 4.2
3, 31/01/2019 09:39:09, 131464, 39.1, 79.6, 7.1, 6813.2, 334, 32, 1.4, 29.1, 318.5, 203.8, 95701.6, 449.5, 37.4, 779.1, 6.2, 3
3, 31/01/2019 10:00:09, 131465, 39, 77.7, 7, 32467.7, 207.8, 4.7, 0.5, 27.6, 313.5, 198.9, 102066.4, 209.8, 37.3, 570.9, 6.2, 6
3, 31/01/2019 10:19:09, 131466, 58.9, 103.5, 9.6, 7078.4, 563.5, 8.6, 0.9, 37.7, 344.5, 265, 136541.2, 365.2, 37.4, 740.6, 5.8, 5.4
3, 31/01/2019 10:40:09, 131467, 43.2, 93.5, 7.8, 8719.9, 467.1, 15.7, 0.7, 37.2, 338, 239.4, 97076.1, 267.2, 40.5, 808.4, 6.3, 5.1
3, 31/01/2019 10:59:09, 131468, 43.3, 100.2, 7.8, 46784.7, 399.3, 17.2, 0.9, 49.3, 320, 256.6, 105587.1, 212.7, 47.7, 827.1, 5.8, 6.6
3, 31/01/2019 11:19:09, 131469, 40, 99.1, 7.6, 2829, 284.3, 25.8, 0.6, 52.2, 322, 253.8, 86986.9, 140.4, 46.3, 743, 3.2, 5.2
3, 31/01/2019 11:39:09, 131470, 41.8, 108.8, 7.4, 5610.3, 359.9, 28.7, 1.7, 48.4, 341.6, 278.4, 100559.9, 522.9, 45.8, 791.5, 2, 5.1
3, 31/01/2019 12:00:09, 131471, 54.7, 119.8, 10.2, 17620.3, 452.9, 17.7, 1, 48.8, 401.3, 306.7, 93767.9, 618.1, 43.4, 854.8, 2.1, 8.2
3, 31/01/2019 12:20:09, 131472, 39.6, 94.2, 7.6, 6173, 229.5, 21.3, 0.5, 43.1, 265, 241.1, 101397.4, 902.7, 38.4, 684.6, 2, 4.4
3, 31/01/2019 12:39:09, 131473, 47.9, 101.2, 7.7, 5425.4, 207.8, 6.6, 0.6, 42.3, 322.2, 259, 94253.2, 1014.4, 33, 674.5, 1.7, 4.7
3, 31/01/2019 13:00:08, 131474, 49.7, 110.2, 8, 25010.6, 307.1, 7.2, 2.9, 45.7, 380.6, 282, 135204.3, 549.5, 36, 890.3, 1.3, 5.1
3, 31/01/2019 13:20:08, 131475, 39.7, 90.6, 7.6, 11900.4, 446.6, 18.2, 0.5, 37.2, 290.9, 231.9, 103791.3, 639.9, 34.6, 866.4, 1.6, 6.4
3, 31/01/2019 13:40:08, 131476, 27.7, 78.1, 5, 3429, 167.2, 3.4, 0.3, 34.8, 239.7, 199.9, 109606.6, 616.4, 32, 648.6, 1.4, 4.6
3, 31/01/2019 14:00:09, 131477, 41.4, 94.9, 8.3, 25118.3, 318, 5.7, 0.6, 31.6, 291.9, 242.9, 101467.4, 658.6, 36.3, 787.9, 2.1, 8
3, 31/01/2019 14:19:18, 131478, 25.9, 71.7, 6, 5225.4, 78.9, 3.6, 0.5, 36.7, 209.8, 183.5, 94825.7, 1090.7, 30.8, 604.8, 2.7, 7.5
3, 31/01/2019 14:39:18, 131479, 26.8, 63.6, 5, 4001.9, 138.5, 3.6, 0.4, 29, 185.4, 162.8, 87852.2, 782.2, 27.5, 551.6, 1.6, 4.6
3, 31/01/2019 14:59:18, 131480, 39.2, 78.8, 7.3, 35999.6, 169.9, 5.8, 0.5, 30, 231.5, 201.8, 86169.2, 769.5, 27.4, 540.9, 1.4, 7.9
3, 31/01/2019 15:19:18, 131481, 26.5, 67.1, 4.8, 13436.7, 95.6, 2.1, 0.4, 24.1, 318.4, 171.7, 94026.2, 808.7, 25.4, 434.4, 3.4, 5.2
3, 31/01/2019 15:40:18, 131482, 26.9, 50.9, 4.8, 5061.1, 81.3, 0.9, 0.4, 19.5, 157.2, 130.3, 78725.4, 1251.3, 23.4, 429.5, 2.4, 3.6
3, 31/01/2019 15:59:18, 131483, 32.2, 65.5, 5.6, 21222.9, 120.6, 6.2, 0.4, 20.1, 303.7, 167.7, 89956.6, 961.1, 24.2, 496.5, 2.6, 4.3
3, 31/01/2019 16:20:18, 131484, 29.7, 72.2, 6, 15126.5, 86.5, 1.2, 0.5, 28, 339.3, 184.8, 88121, 898.3, 26.4, 461.5, 2.5, 6.6
3, 31/01/2019 16:40:18, 131485, 29.1, 68, 5.5, 2735.3, 94.1, 0.6, 0.4, 23.1, 203.2, 174.2, 94259, 1075.5, 25.1, 438.3, 2.6, 4.7
3, 31/01/2019 16:59:17, 131486, 34.1, 73.7, 6.4, 17675.7, 146.2, 7, 0.4, 30.1, 241.8, 188.7, 110025.6, 1030.8, 28, 495.7, 1.8, 5.8
3, 31/01/2019 17:20:17, 131487, 33.1, 70.6, 5.7, 12649.2, 110.9, 1.8, 0.4, 23.4, 214.1, 180.7, 115515.7, 502.4, 29.5, 502.4, 1.9, 5.8
3, 31/01/2019 17:40:18, 131488, 29.5, 56.6, 5.5, 10462.6, 163.7, 5.6, 0.4, 14.4, 160.2, 144.9, 110079.3, 382.1, 28, 487, 1.5, 8.4
3, 31/01/2019 18:00:18, 131489, 28.5, 73.3, 6.1, 25735, 92.6, 5, 0.4, 18.3, 226.6, 187.6, 81881.3, 186.2, 37.7, 692.7, 2.1, 12.1
3, 31/01/2019 18:20:18, 131490, 26.2, 53.5, 5.8, 3669.5, 145.5, 3.7, 0.4, 11.2, 162.6, 137, 77573.9, 845.8, 27.8, 513.6, 3.2, 6.8
3, 31/01/2019 18:39:17, 131491, 32.3, 52.8, 6.3, 1610.6, 132.4, 6.9, 0.4, 8.9, 172.6, 135.1, 57737, 1024.6, 25.9, 465.7, 2.3, 6.8
3, 31/01/2019 18:59:18, 131492, 33.5, 48, 6.6, 13829.6, 225.4, 6.4, 0.5, 5.2, 176.1, 122.9, 74032.9, 288, 24.1, 430.8, 0.9, 8.7
3, 31/01/2019 19:19:17, 131493, 33.2, 47.2, 6.2, 5005.1, 338.8, 7.2, 0.4, 7.6, 149.6, 120.9, 67996.8, 393.3, 25.2, 469.9, 0.7, 6.8
3, 31/01/2019 19:40:17, 131494, 27.1, 33.9, 5.3, 2219.1, 156.5, 7.9, 0.4, 1.4, 124.6, 86.7, 66892.2, 169, 22.5, 394.9, 1.1, 6.8
3, 31/01/2019 19:59:17, 131495, 27.7, 45.6, 5.8, 37470.1, 165.9, 11.4, 0.4, 1.9, 176.7, 116.8, 70918.2, 166.7, 28.1, 494.1, 4, 7.4
3, 31/01/2019 20:20:17, 131496, 22.9, 38.5, 4.7, 3532.2, 181.2, 11.8, 0.4, 2.9, 145.2, 98.7, 67529.3, 117.1, 23.5, 403.4, 2.2, 5.6
3, 31/01/2019 20:40:17, 131497, 32, 42.5, 5.9, 2576.5, 167.3, 5.1, 0.4, 1.9, 154.7, 108.7, 70336.8, 141, 22.3, 398.2, 0.9, 5.6
3, 31/01/2019 21:00:17, 131498, 55.5, 83.6, 9.5, 19708, 128.1, 3.3, 0.9, 4.8, 264.9, 214, 74961.1, 189.9, 23.6, 532.6, 1.2, 7
3, 31/01/2019 21:20:17, 131499, 41.9, 63.9, 7.9, 3443.5, 120.3, 0.6, 0.6, 1.1, 227.4, 163.6, 69011.7, 174, 21.3, 454.9, 2.2, 4.6
3, 31/01/2019 21:40:17, 131500, 22.9, 30.7, 4.2, 1304.9, 169.7, 0.9, 0.3, 1.8, 119.7, 78.5, 70015.9, 117.8, 18.4, 302.5, 0.8, 3.3
3, 31/01/2019 21:59:17, 131501, 31.8, 47, 5.2, 16641.1, 196.5, 3.5, 0.4, 4.8, 250.9, 120.3, 78431.6, 137.1, 19.2, 373.3, 0.5, 4.1
3, 31/01/2019 22:20:16, 131502, 28.8, 36.4, 4.3, 3577.1, 118.4, 0.7, 0.4, 5, 121.5, 93.3, 70499.4, 129.8, 17.8, 328.8, 0.9, 3.5
3, 31/01/2019 22:39:16, 131503, 33, 37.1, 5, 702.9, 191.8, 0.4, 0.4, 2.9, 123.2, 94.9, 67224.1, 163.8, 17.6, 404, 0.4, 3.9
3, 31/01/2019 22:59:17, 131504, 39.8, 44, 5.3, 14820.9, 264.2, 3.5, 0.3, 1.7, 149.6, 112.7, 62844.9, 163.9, 17.2, 415.1, 0.4, 2.9
3, 31/01/2019 23:20:16, 131505, 37.7, 47.7, 5.1, 2418.8, 281.7, 0.3, 0.3, 0.2, 183, 122.1, 77399, 139.8, 18.3, 436.4, 1.1, 3.6
3, 31/01/2019 23:40:16, 131506, 47.6, 54.5, 6.2, 921.2, 181.8, 0.1, 0.4, 0.3, 194.2, 139.6, 81542.8, 165.3, 18.6, 470.1, 0.9, 4.3
4, 30/01/2019 23:59:52, 131435, 45.7, 61.2, 7.3, 24120.3, 263.1, 2.9, 0.5, 14.4, 251.8, 156.7, 78384.4, 322.5, 19, 327.8, 1.8, 11
4, 31/01/2019 00:19:52, 131436, 42.8, 74, 6.6, 16156, 123.9, 0.6, 0.5, 14.8, 241.5, 189.3, 86860, 423.8, 35.3, 353.5, 5.2, 23.5
4, 31/01/2019 00:39:53, 131437, 52.9, 77.6, 9, 5812.8, 276.4, 0.8, 0.7, 21.5, 251.3, 198.6, 87735.2, 722.4, 34.8, 443.1, 4.1, 7.9
4, 31/01/2019 00:59:53, 131438, 58.5, 91.1, 9.1, 20512.1, 420.7, 2.1, 1.1, 20.2, 309.3, 233.2, 86896.4, 329.1, 31.6, 488.7, 3.1, 6.6
4, 31/01/2019 01:19:53, 131439, 45.2, 63.8, 8.2, 2072.4, 673.8, 1.4, 0.6, 14.1, 244.5, 163.4, 76996.6, 149.9, 23.1, 333.3, 3.3, 4.3
4, 31/01/2019 01:39:52, 131440, 40.2, 49.9, 7.3, 1796.3, 597.1, 0.9, 0.6, 9.7, 142.4, 127.9, 57370.9, 144, 20.2, 292.9, 4.8, 5.6
4, 31/01/2019 01:59:52, 131441, 48.9, 69.4, 8.6, 28419.2, 414.1, 4.3, 1, 14.2, 274.1, 177.7, 87840.9, 211.2, 26.6, 489.6, 5.4, 9.7
4, 31/01/2019 02:19:52, 131442, 44.7, 58.7, 7.3, 2196.4, 484.3, 1.2, 0.5, 12.5, 279.5, 150.4, 66457.3, 119.1, 20.6, 307.7, 6.7, 7.2
4, 31/01/2019 02:39:52, 131443, 28.5, 45.6, 4.7, 1596.7, 278.8, 1.1, 0.4, 7.8, 177.3, 116.7, 63181.1, 94.9, 20.5, 259.9, 7.3, 13.1
4, 31/01/2019 02:59:52, 131444, 40.6, 53.5, 7.3, 30452.5, 402.8, 6.7, 0.5, 9.2, 232.9, 137, 59432.2, 172, 21.6, 323, 9.4, 10.8
4, 31/01/2019 03:19:52, 131445, 38.1, 45, 7, 3626.1, 460.8, 1.2, 0.5, 9.9, 135.3, 115.3, 83071.7, 201.7, 21.2, 276.9, 9.2, 7.3
4, 31/01/2019 03:39:52, 131446, 41.5, 50.6, 6.6, 2045.6, 397.3, 1.3, 0.5, 9, 167.1, 129.6, 78622.8, 70.2, 18.8, 293.8, 7.2, 7.6
4, 31/01/2019 03:59:52, 131447, 41.8, 48.9, 7.7, 2891.8, 327.5, 4.1, 0.5, 2, 199.6, 125.2, 110674.5, 169.7, 23.8, 383.7, 13.2, 7.9
4, 31/01/2019 04:19:52, 131448, 60.4, 58.8, 9.7, 4741.4, 712.8, 4.1, 0.9, 3.7, 204.7, 150.6, 113011.6, 1282.1, 25.6, 445.2, 8.5, 6.9
4, 31/01/2019 04:39:52, 131449, 51.9, 117.8, 10.4, 82343.2, 383.6, 8, 0.9, 2.1, 393.8, 301.7, 113340.8, 961.1, 29.7, 628.2, 7, 65.4
4, 31/01/2019 04:59:52, 131450, 56.1, 71.3, 9.9, 39380.4, 769.8, 12.7, 1, 0.2, 347.3, 182.5, 110468.1, 231.2, 26.8, 626.7, 7.9, 22.4
4, 31/01/2019 05:19:52, 131451, 60.1, 52.9, 10.5, 3709.8, 826.7, 5.3, 0.7, 0.6, 181.6, 135.3, 106316.1, 106.9, 20.6, 473.2, 9.2, 7.3
4, 31/01/2019 05:39:51, 131452, 49.4, 51.5, 9.7, 2144.2, 422.6, 5.8, 0.6, 0.5, 213.5, 131.9, 106047.6, 219, 22.2, 450.3, 10.7, 7.9
4, 31/01/2019 05:59:51, 131453, 57.8, 82.2, 11.1, 17731.2, 352.9, 8.7, 0.8, 1.8, 277.4, 210.5, 96538.2, 217.9, 28.7, 694.1, 8.1, 8.2
4, 31/01/2019 06:19:51, 131454, 53.2, 63.6, 10.2, 5127.5, 532.2, 14.4, 0.8, 2.2, 249.6, 162.9, 74245.1, 188.6, 23.2, 628.4, 9.4, 7.6
4, 31/01/2019 06:40:51, 131455, 34.2, 33.8, 7.1, 3120.5, 267.7, 19.3, 0.5, 0.8, 134.5, 86.4, 75530, 170, 17.3, 433.7, 10.8, 5.9
4, 31/01/2019 06:59:51, 131456, 47.7, 51.9, 7.8, 11745.1, 470.4, 23.3, 0.5, 6, 202.6, 132.9, 74204.4, 233.6, 21.4, 500.6, 8.9, 5
4, 31/01/2019 07:19:51, 131457, 30.6, 26.8, 5.5, 5055.1, 362.4, 14.9, 0.5, 1, 94.6, 68.7, 72976.5, 154.7, 18.5, 387.6, 9.5, 3.3
4, 31/01/2019 07:39:51, 131458, 31.9, 27, 5.8, 6419.7, 296.9, 14, 0.5, 1, 102.7, 69.1, 88734.5, 130, 13.7, 344.6, 3.6, 3.9
4, 31/01/2019 07:59:51, 131459, 47.9, 58.5, 9.9, 30489.7, 319.7, 11.5, 0.7, 2.8, 179.3, 149.7, 101476.1, 316, 19, 476.1, 2.2, 15.2
4, 31/01/2019 08:19:50, 131460, 52.6, 57.5, 9.3, 20615, 283.7, 3.8, 0.6, 5.6, 219.5, 147.1, 124431.2, 228.3, 22, 443.2, 2.7, 6.4
4, 31/01/2019 08:39:51, 131461, 54.6, 57.7, 8.8, 21153.4, 318.9, 5.1, 0.5, 1.3, 199.4, 147.7, 105616.7, 173.1, 20.5, 379.3, 2.6, 6.8
4, 31/01/2019 08:59:51, 131462, 63.4, 86.9, 11, 18868.3, 330.5, 5.9, 5.3, 22, 536.6, 222.3, 120090.9, 227.2, 28.6, 611, 3.1, 4.7
4, 31/01/2019 09:19:51, 131463, 69.8, 118.5, 11.6, 3119.5, 389.3, 11.9, 2.1, 10.6, 512.3, 303.4, 95552.2, 156.1, 43.3, 1383.8, 3.5, 5.1
4, 31/01/2019 09:39:51, 131464, 72.4, 83.9, 11.7, 2133.7, 433.5, 18.7, 1.1, 7.5, 257.5, 214.7, 101032.1, 155, 43.2, 1359.4, 2.2, 6
4, 31/01/2019 09:59:50, 131465, 74.9, 117.8, 13, 14674.5, 451.5, 27.4, 8.6, 14.4, 396.6, 301.7, 94930.3, 166.1, 52, 1432.9, 1.7, 9.1
4, 31/01/2019 10:19:50, 131466, 70.4, 82.6, 12.3, 3918.6, 505.9, 15.3, 1.5, 10.1, 244.4, 211.4, 104239.5, 155, 39.3, 1088.3, 2.2, 7
4, 31/01/2019 10:39:51, 131467, 61.3, 69.3, 10.3, 2248.4, 402.4, 23.8, 0.8, 1.7, 249.6, 177.4, 87392.7, 224, 35.9, 1103.2, 3.7, 6.9
4, 31/01/2019 10:59:50, 131468, 53.3, 54.2, 9.6, 21247.7, 331.3, 31.6, 0.6, 0.5, 181.7, 138.7, 100156.6, 196.8, 30.7, 932.1, 2.7, 7.9
4, 31/01/2019 11:19:50, 131469, 54.9, 54.7, 9.3, 5569.1, 233.6, 13.4, 0.6, 0.5, 173.4, 139.9, 95176.7, 253.9, 28.4, 768, 2.8, 4.9
4, 31/01/2019 11:39:50, 131470, 55.4, 71.7, 9.5, 1973.3, 246, 23, 1.7, 4, 374.1, 183.6, 113420.6, 239.2, 33.3, 883.8, 2.6, 6.1
4, 31/01/2019 11:59:50, 131471, 51.6, 58.6, 8.8, 25547, 274.8, 6.9, 0.6, 4, 283.8, 150, 101096.8, 149, 32.3, 838.9, 2, 6.7
4, 31/01/2019 12:19:50, 131472, 63.1, 90.7, 10.1, 1577.7, 368.5, 24.3, 1.1, 4, 1444.1, 232.3, 96748.3, 148.2, 29.3, 780.8, 2.9, 5.2
4, 31/01/2019 12:39:50, 131473, 57.7, 68.1, 8.5, 2850.7, 359.3, 6.3, 0.6, 4.6, 252.1, 174.4, 82607.6, 206.2, 27.8, 728.2, 3, 5.8
4, 31/01/2019 12:59:50, 131474, 68.6, 93, 10.5, 23880.9, 331, 18, 5, 10.8, 394.7, 238.2, 91189.7, 201.2, 30.6, 746.1, 3.1, 5.9
4, 31/01/2019 13:19:49, 131475, 74.6, 112.7, 11, 10835.7, 403.6, 13.5, 5.7, 30.5, 365.2, 288.6, 102019.1, 231.6, 36.3, 785.4, 3, 7.1
4, 31/01/2019 13:39:54, 131476, 76, 94.3, 10.4, 14295, 162.9, 1.7, 3.1, 10, 287.3, 241.3, 132104.7, 157.3, 32.8, 730.1, 5, 5.7
4, 31/01/2019 13:59:54, 131477, 62, 82.1, 10.9, 29202.8, 265.9, 16.5, 0.7, 8.5, 287.9, 210.1, 131972.5, 146, 33, 749.1, 5.1, 6.9
4, 31/01/2019 14:19:54, 131478, 46.9, 55.5, 7.6, 3575.5, 264.9, 8.4, 0.5, 9, 183.7, 142.1, 111220.1, 214, 27.6, 576.2, 3.2, 7
4, 31/01/2019 14:40:00, 131479, 54.4, 58.9, 9.2, 3638.8, 317.4, 2.5, 0.6, 4.7, 198, 150.9, 100857.5, 209.5, 26.8, 535.5, 4.9, 6.7
4, 31/01/2019 14:59:59, 131480, 67.8, 96.1, 12.9, 20700.5, 359.6, 19.1, 2.1, 7, 567.2, 246, 72534.5, 213.5, 31.8, 653.4, 3.9, 12
4, 31/01/2019 15:19:19, 131481, 40.5, 54.6, 7.8, 2252.1, 273.1, 6, 0.5, 0.2, 174.8, 139.8, 70564.6, 184.6, 25.9, 442.2, 9.2, 11.6
4, 31/01/2019 15:39:19, 131482, 44.1, 43.1, 7.7, 9662.9, 270.1, 17.5, 0.5, 1.3, 154.1, 110.2, 90978.1, 423.7, 23.2, 364.2, 3.7, 6.2
4, 31/01/2019 15:59:19, 131483, 54.2, 60.7, 9.4, 30082.4, 336.6, 4.7, 0.5, 1.2, 198.8, 155.3, 74343.1, 237, 25.8, 511.5, 2.6, 8.7
4, 31/01/2019 16:20:19, 131484, 69.9, 81.2, 10.2, 10896.5, 246.7, 16.6, 2.5, 8.2, 302.2, 207.9, 65436.7, 302.2, 25.9, 613.4, 1.8, 8.9
4, 31/01/2019 16:40:19, 131485, 43.4, 54.3, 8.4, 10223.1, 416, 3.9, 0.5, 0.8, 202, 139, 65458.9, 223.9, 23.1, 473.3, 1.9, 9.2
4, 31/01/2019 16:59:24, 131486, 48.5, 59.6, 9.4, 23490.6, 494.1, 17.7, 0.6, 2.3, 243.5, 152.5, 84539.9, 220.1, 23.4, 494.6, 1.9, 8.7
4, 31/01/2019 17:19:24, 131487, 47, 59, 9.1, 7904.3, 360.6, 2.4, 0.6, 3.1, 185.6, 150.9, 97840.2, 196, 24.4, 500.8, 2.1, 8.9
4, 31/01/2019 17:39:24, 131488, 51.7, 72, 9.2, 15757.1, 257.3, 17.8, 0.8, 7.5, 343.1, 184.2, 110000.1, 179.7, 31.4, 634.8, 1.8, 9.9
4, 31/01/2019 17:59:38, 131489, 37.3, 56.5, 7.6, 22902, 351.3, 0.5, 0.5, 1.4, 341.4, 144.6, 78293.7, 231.5, 25.6, 494.5, 2.8, 11.6
4, 31/01/2019 18:20:38, 131490, 47.2, 64.2, 8.4, 10999.7, 372.1, 7.6, 0.6, 11.8, 227.9, 164.3, 75150.9, 266, 28.3, 477.3, 3.2, 7.1
4, 31/01/2019 18:39:38, 131491, 33.6, 44.8, 5.7, 8075.8, 212.8, 10.7, 0.4, 9.1, 149.2, 114.6, 59578, 243.3, 22.9, 323, 2.3, 3.7
4, 31/01/2019 18:59:38, 131492, 34.6, 64.2, 5.4, 25038.8, 105.5, 0.5, 0.3, 29.8, 202.2, 164.2, 97896.7, 212.1, 27.5, 421.1, 4.4, 3.7
4, 31/01/2019 19:19:38, 131493, 33, 67.2, 5.4, 2990.1, 92.3, 0.4, 0.4, 28.6, 231.2, 172, 69265.8, 166.2, 34.3, 541.1, 3.4, 2.1
4, 31/01/2019 19:39:39, 131494, 33.4, 61.4, 5.2, 5314.6, 105, 0.4, 0.4, 29.7, 211.6, 157.1, 75239.7, 200.6, 29.3, 406.1, 3, 2.3
4, 31/01/2019 19:59:38, 131495, 36.8, 64, 5.7, 18125.6, 219.9, 0.3, 0.4, 26.4, 197.2, 163.9, 73922.1, 163.7, 25.9, 369.4, 1.9, 3.8
4, 31/01/2019 20:20:38, 131496, 30, 52.5, 4.5, 5063.8, 92.6, 0.4, 0.3, 18.3, 195.4, 134.3, 72122.8, 197.8, 22.8, 299.2, 2.5, 2.1
4, 31/01/2019 20:40:38, 131497, 27.5, 49.5, 4.5, 9034.7, 63.7, 0.2, 0.3, 23.2, 213.2, 126.7, 86731.8, 228.2, 21.3, 284.1, 3.7, 2.3
4, 31/01/2019 21:00:38, 131498, 31.3, 53.9, 5.5, 22123.7, 211.2, 0.2, 0.4, 22.5, 198.6, 137.9, 74580.3, 156.2, 20, 335.2, 1.9, 4.3
4, 31/01/2019 21:20:38, 131499, 26.1, 56.8, 4.7, 5000.9, 76.6, 0.5, 0.3, 18.6, 204.9, 145.5, 73032.4, 166.6, 18.9, 316.8, 5, 2.8
4, 31/01/2019 21:39:38, 131500, 25.2, 45.1, 4.3, 5251.8, 114.7, 1.5, 0.3, 14.1, 149.6, 115.3, 74348.6, 131.7, 16.6, 295.8, 2.4, 2.7
4, 31/01/2019 21:59:38, 131501, 32.7, 55.1, 5.1, 18071.3, 136.5, 3.5, 0.3, 12, 264.5, 141.2, 60919.4, 132.9, 16.6, 363.9, 1.5, 4.1
4, 31/01/2019 22:19:38, 131502, 27.1, 42.1, 4, 2879.9, 65, 4.5, 0.3, 12, 261.3, 107.8, 60845, 165.9, 14, 272.6, 1.6, 2.6
4, 31/01/2019 22:39:38, 131503, 38.1, 53.9, 5.9, 5554, 165.5, 4.7, 0.4, 14.9, 343.6, 138.1, 61680.4, 146.1, 16.7, 391.6, 1.6, 3
4, 31/01/2019 22:59:38, 131504, 38.5, 56.7, 7.1, 20337.7, 205, 3.5, 0.5, 10.9, 245.6, 145.2, 61926.2, 160.1, 19.1, 448.1, 2.4, 6.6
4, 31/01/2019 23:19:37, 131505, 26.4, 40.8, 4.4, 2919.4, 82.2, 3.7, 0.3, 6.8, 158.6, 104.4, 67616.1, 191.2, 15.7, 315.3, 2.9, 2.6
4, 31/01/2019 23:39:38, 131506, 28.4, 42.3, 5.5, 5185.8, 68.6, 5.5, 0.4, 10.6, 164.7, 108.2, 68947.5, 186.8, 16.7, 310.1, 3.2, 3.9
