INSTANCE_NUMBER, SNAP_ID, T_BEG, USR_GROUP, CPU, DBTIME, PGA, OTH_WAIT, PXENQ, PXQTIME, PXQRY, PXREL, REQS, YIELDS, IOWAIT, READ, WRITE
1, 130643, 20/01/2019 00:00:07, ADW_UNLOAD_GROUP, 0, 0, 0, 0, 0, 0, 0, 0, 750, 0, 0, 0, 0
1, 130644, 20/01/2019 00:20:26, ADW_UNLOAD_GROUP, 0, 0, 0.1, 0, 0, 0, 0, 0, 639, 0, 0, 0, 0
1, 130645, 20/01/2019 00:40:44, ADW_UNLOAD_GROUP, 0, 0, 0.1, 0, 0, 0, 0, 0, 534, 1, 0, 0, 0
1, 130646, 20/01/2019 01:00:02, ADW_UNLOAD_GROUP, 6.8, 23.7, 1880.3, 11.3, 0, 0, 9, 120, 1273, 2495, 5.6, 2763.1, 3557.2
1, 130647, 20/01/2019 01:20:14, ADW_UNLOAD_GROUP, 4.3, 15.3, 1266.6, 4.5, 0, 0, 9, 72, 565, 1612, 6.5, 1567.4, 4703.9
1, 130648, 20/01/2019 01:40:05, ADW_UNLOAD_GROUP, 1.3, 8.6, 1263.7, 2.7, 0, 0, 11, 90, 641, 373, 4.6, 148.7, 2878.8
1, 130649, 20/01/2019 02:00:14, ADW_UNLOAD_GROUP, 1.4, 4.2, 504.3, 2.3, 0, 0, 4, 26, 716, 391, 0.5, 194.5, 990.5
1, 130650, 20/01/2019 02:20:21, ADW_UNLOAD_GROUP, 11, 17.5, 5411.3, 4.6, 0, 0, 34, 320, 1708, 8052, 1.9, 3195.4, 3417.4
1, 130651, 20/01/2019 02:40:08, ADW_UNLOAD_GROUP, 31.8, 41, 33607.1, 7.6, 0, 0, 38, 400, 1507, 49574, 1.6, 4489.8, 2465.7
1, 130652, 20/01/2019 03:00:16, ADW_UNLOAD_GROUP, 31, 50.3, 16864.5, 15.3, 0, 0, 12, 160, 451, 35960, 4, 3649.7, 3195
1, 130653, 20/01/2019 03:20:29, ADW_UNLOAD_GROUP, 6.4, 16, 16831.1, 4.8, 0, 0, 10, 217, 234, 3911, 4.8, 1103, 3410.2
1, 130654, 20/01/2019 03:40:02, ADW_UNLOAD_GROUP, 7.5, 15.1, 13948.7, 4.2, 0, 0, 26, 240, 566, 1985, 3.4, 1268.7, 6717.9
1, 130655, 20/01/2019 04:00:29, ADW_UNLOAD_GROUP, 4.4, 5.2, 8689, 0.6, 0, 0, 22, 228, 1006, 895, 0.2, 431.8, 243
1, 130656, 20/01/2019 04:20:05, ADW_UNLOAD_GROUP, 0.4, 0.4, 1857.8, 0, 0, 0, 1, 16, 738, 23, 0, 8.2, 0
1, 130657, 20/01/2019 04:40:01, ADW_UNLOAD_GROUP, 0, 0, 0, 0, 0, 0, 0, 0, 227, 0, 0, 0, 0
1, 130658, 20/01/2019 05:00:13, ADW_UNLOAD_GROUP, 0, 0, 0, 0, 0, 0, 0, 0, 492, 1, 0, 0, 0
1, 130659, 20/01/2019 05:20:23, ADW_UNLOAD_GROUP, 0, 0, 0, 0, 0, 0, 0, 0, 711, 1, 0, 0, 0
1, 130660, 20/01/2019 05:40:02, ADW_UNLOAD_GROUP, 0, 0, 0, 0, 0, 0, 0, 0, 732, 0, 0, 0, 0
1, 130661, 20/01/2019 06:00:06, ADW_UNLOAD_GROUP, 0, 0, 0, 0, 0, 0, 0, 0, 734, 0, 0, 0, 0
1, 130662, 20/01/2019 06:20:23, ADW_UNLOAD_GROUP, 0, 0, 0, 0, 0, 0, 0, 0, 728, 0, 0, 0, 0
1, 130663, 20/01/2019 06:40:05, ADW_UNLOAD_GROUP, 0, 0, 0.1, 0, 0, 0, 0, 0, 724, 0, 0, 0, 0
1, 130694, 20/01/2019 17:00:42, ADW_UNLOAD_GROUP, 26.4, 33.5, 18788.5, 5, 0, 0, 41, 404, 1756, 35649, 2.1, 5261.2, 2475.6
1, 130695, 20/01/2019 17:20:03, ADW_UNLOAD_GROUP, 33.7, 43, 17809.1, 8.5, 0, 0, 46, 512, 1558, 52269, 0.8, 5018.5, 779.5
1, 130696, 20/01/2019 17:40:08, ADW_UNLOAD_GROUP, 28, 42.1, 13930.6, 11.5, 0, 0, 14, 253, 670, 38830, 2.6, 2252, 3276.9
1, 130697, 20/01/2019 18:00:15, ADW_UNLOAD_GROUP, 7.4, 10.6, 12654.8, 2, 0, 0, 22, 252, 694, 2428, 1.2, 973.9, 1512.7
1, 130698, 20/01/2019 18:20:17, ADW_UNLOAD_GROUP, 2.1, 2.1, 3749.7, 0, 0, 0, 9, 64, 397, 462, 0, 343.3, 29
1, 130699, 20/01/2019 18:40:22, ADW_UNLOAD_GROUP, 0.2, 0.2, 669.3, 0, 0, 0, 1, 16, 402, 19, 0, 5.9, 0
1, 130700, 20/01/2019 19:00:27, ADW_UNLOAD_GROUP, 0, 0, 0, 0, 0, 0, 0, 0, 431, 0, 0, 0, 0
1, 130701, 20/01/2019 19:20:02, ADW_UNLOAD_GROUP, 0, 0, 0, 0, 0, 0, 0, 0, 374, 0, 0, 0, 0
1, 130702, 20/01/2019 19:40:11, ADW_UNLOAD_GROUP, 0, 0.1, 10.8, 0.1, 0, 0, 0, 0, 476, 0, 0, 0, 0
1, 130703, 20/01/2019 20:00:21, ADW_UNLOAD_GROUP, 12.3, 16.9, 2610.6, 2.6, 0, 0, 9, 99, 1682, 7427, 2, 1356.3, 3447.7
1, 130704, 20/01/2019 20:20:24, ADW_UNLOAD_GROUP, 10.1, 12.3, 10187.2, 1.2, 0, 0, 1, 32, 335, 4747, 1, 650.7, 2367
1, 130705, 20/01/2019 20:40:13, ADW_UNLOAD_GROUP, 7.7, 10.9, 5507, 1.7, 0, 0, 0, 0, 302, 3443, 1.5, 925.5, 4509.1
1, 130706, 20/01/2019 21:00:04, ADW_UNLOAD_GROUP, 23.9, 28.8, 13754.1, 4.4, 0, 0, 2, 48, 697, 12618, 0.5, 699.2, 786.2
1, 130707, 20/01/2019 21:20:09, ADW_UNLOAD_GROUP, 25, 25.6, 11440.8, 0, 0, 0, 3, 80, 1102, 13446, 0.6, 1191, 1201.6
1, 130708, 20/01/2019 21:40:10, ADW_UNLOAD_GROUP, 24.2, 26.7, 6590.6, 0.7, 0, 0, 1, 16, 576, 12494, 1.8, 565.7, 4030.8
1, 130709, 20/01/2019 22:00:23, ADW_UNLOAD_GROUP, 20.5, 24.3, 6966, 1.1, 0, 0, 3, 96, 810, 10501, 2.7, 412.2, 5783.8
1, 130710, 20/01/2019 22:20:30, ADW_UNLOAD_GROUP, 17.9, 18.3, 8237.9, 0, 0, 0, 2, 64, 1062, 6462, 0.4, 502.6, 625.7
1, 130711, 20/01/2019 22:40:10, ADW_UNLOAD_GROUP, 17.2, 18.1, 11466.4, 0.8, 0, 0, 2, 40, 722, 5867, 0.1, 320.3, 135.2
1, 130712, 20/01/2019 23:00:09, ADW_UNLOAD_GROUP, 12.6, 12.8, 7175.4, 0, 0, 0, 27, 236, 1426, 5307, 0.2, 447.7, 100.2
1, 130713, 20/01/2019 23:20:11, ADW_UNLOAD_GROUP, 8.8, 9.8, 8227.4, 0.8, 0, 0, 0, 0, 896, 2508, 0.2, 381.7, 247.9
1, 130714, 20/01/2019 23:40:01, ADW_UNLOAD_GROUP, 1.8, 2.3, 1193.1, 0.4, 0, 0, 2, 64, 883, 449, 0.1, 93, 142.5
1, 130643, 20/01/2019 00:00:07, FP_DM_PRIOR, 16.2, 29.9, 19052.9, 9.9, 2, 0, 53, 1396, 1513, 23926, 3.8, 1528.9, 6786.9
1, 130644, 20/01/2019 00:20:26, FP_DM_PRIOR, 10.4, 20.4, 9270.2, 7.8, 0, 0, 7, 169, 163, 3825, 2.2, 376.1, 6460.8
1, 130645, 20/01/2019 00:40:44, FP_DM_PRIOR, 7.3, 11.8, 3533.9, 3.1, 0, 0, 0, 0, 11, 1801, 1.4, 169.1, 3411.4
1, 130646, 20/01/2019 01:00:02, FP_DM_PRIOR, 7, 18.3, 3529.3, 9.2, 0, 0, 56, 1312, 1540, 3392, 2.1, 1017.8, 3791.8
1, 130647, 20/01/2019 01:20:14, FP_DM_PRIOR, 4, 10.8, 2473.4, 3.2, 0, 0, 12, 177, 176, 1257, 3.6, 253.7, 9426.9
1, 130648, 20/01/2019 01:40:05, FP_DM_PRIOR, 4, 8.9, 998.2, 1.2, 0, 0, 0, 0, 24, 1343, 3.7, 224.7, 11285.4
1, 130649, 20/01/2019 02:00:14, FP_DM_PRIOR, 3.4, 4.7, 1228, 0.8, 0, 0, 3, 64, 56, 749, 0.5, 90, 1035
1, 130650, 20/01/2019 02:20:21, FP_DM_PRIOR, 6.2, 8.3, 1165, 1.3, 0, 0, 129, 3220, 3213, 6900, 0.8, 1793.1, 820
1, 130651, 20/01/2019 02:40:08, FP_DM_PRIOR, 0.4, 0.5, 85.3, 0.1, 0, 0, 6, 83, 108, 31, 0, 64.1, 44.3
1, 130652, 20/01/2019 03:00:16, FP_DM_PRIOR, 0.2, 0.3, 80.6, 0.1, 0, 0, 3, 37, 65, 9, 0, 1.3, 1.7
1, 130653, 20/01/2019 03:20:29, FP_DM_PRIOR, 0.2, 0.4, 94.2, 0, 0, 0, 0, 0, 20, 5, 0.2, 1.7, 1.8
1, 130654, 20/01/2019 03:40:02, FP_DM_PRIOR, 2.7, 4.2, 695.3, 1.2, 0, 0, 57, 915, 1238, 1122, 0.3, 461.1, 469.1
1, 130655, 20/01/2019 04:00:29, FP_DM_PRIOR, 3.9, 11.6, 1760.4, 6.7, 0, 0, 18, 346, 442, 1225, 1, 520.5, 2229.6
1, 130656, 20/01/2019 04:20:05, FP_DM_PRIOR, 4.5, 8.1, 2530.2, 2.6, 0, 0, 1, 16, 14, 1268, 1, 394.3, 2910.4
1, 130657, 20/01/2019 04:40:01, FP_DM_PRIOR, 2.4, 2.8, 1243.7, 0.4, 0, 0, 5, 45, 48, 264, 0, 83.3, 11.1
1, 130658, 20/01/2019 05:00:13, FP_DM_PRIOR, 4.8, 8.3, 1138.4, 2.2, 0, 0, 98, 2484, 2782, 1878, 1.3, 1620.6, 2277.7
1, 130659, 20/01/2019 05:20:23, FP_DM_PRIOR, 4.7, 8.7, 2378.6, 3.1, 0, 0, 4, 64, 34, 1452, 0.9, 481.5, 3282.1
1, 130660, 20/01/2019 05:40:02, FP_DM_PRIOR, 2.4, 2.6, 689.6, 0.2, 0, 0, 1, 16, 69, 349, 0, 86.7, 9
1, 130661, 20/01/2019 06:00:06, FP_DM_PRIOR, 5.3, 9.5, 1275.5, 3.1, 1, 0, 134, 3276, 3496, 2240, 1.1, 1900.1, 2080.2
1, 130662, 20/01/2019 06:20:23, FP_DM_PRIOR, 2.5, 3.2, 1138.3, 0.4, 0, 0, 0, 0, 24, 716, 0.3, 199.5, 933.8
1, 130663, 20/01/2019 06:40:05, FP_DM_PRIOR, 0, 0, 0, 0, 0, 0, 0, 0, 20, 0, 0, 0, 0
1, 130694, 20/01/2019 17:00:42, FP_DM_PRIOR, 4.5, 21.3, 22491.1, 16, 0, 0, 17, 376, 442, 2452, 0.8, 1305.8, 1369.9
1, 130695, 20/01/2019 17:20:03, FP_DM_PRIOR, 1.5, 18.4, 26962.5, 16.5, 0, 0, 1, 16, 0, 960, 0.4, 123.6, 1001
1, 130696, 20/01/2019 17:40:08, FP_DM_PRIOR, 2.4, 18.8, 36115.8, 16.4, 0, 0, 1, 16, 16, 1047, 0, 54.8, 43.3
1, 130697, 20/01/2019 18:00:15, FP_DM_PRIOR, 2, 26, 39641.6, 24, 0, 0, 0, 0, 30, 800, 0, 42.5, 5.2
1, 130698, 20/01/2019 18:20:17, FP_DM_PRIOR, 4.4, 20.8, 20388, 16.2, 0, 0, 20, 448, 667, 2025, 0.2, 962.7, 117.9
1, 130699, 20/01/2019 18:40:22, FP_DM_PRIOR, 0, 21.6, 20440.8, 21.6, 0, 0, 0, 0, 21, 0, 0, 0, 0
1, 130700, 20/01/2019 19:00:27, FP_DM_PRIOR, 2.3, 16.4, 23748.7, 13.8, 0, 0, 23, 392, 594, 1007, 0.3, 883.2, 525.6
1, 130701, 20/01/2019 19:20:02, FP_DM_PRIOR, 2.9, 11.9, 21830.3, 8.7, 0, 0, 5, 112, 42, 963, 0.3, 404.6, 1084.2
1, 130702, 20/01/2019 19:40:11, FP_DM_PRIOR, 9.5, 12.2, 8323.2, 2.3, 0, 0, 2, 48, 157, 1669, 0.4, 598.9, 1031.5
1, 130703, 20/01/2019 20:00:21, FP_DM_PRIOR, 17.2, 30.2, 18824.5, 10.9, 0, 0, 113, 2800, 3107, 14441, 2.1, 2338.5, 1897
1, 130704, 20/01/2019 20:20:24, FP_DM_PRIOR, 19.8, 46, 45352.9, 20.3, 0, 0, 54, 1420, 1500, 34405, 5.9, 1405.6, 3934.1
1, 130705, 20/01/2019 20:40:13, FP_DM_PRIOR, 19.3, 43.3, 30929.6, 18.6, 0, 0, 4, 80, 154, 23673, 5.4, 643.8, 6580.8
1, 130706, 20/01/2019 21:00:04, FP_DM_PRIOR, 17.3, 32.9, 32502.3, 11.9, 0, 0, 7, 115, 186, 18086, 3.7, 513.4, 4306.5
1, 130707, 20/01/2019 21:20:09, FP_DM_PRIOR, 19.3, 29.8, 23094.3, 7.5, 0, 0, 5, 144, 148, 20027, 3, 786.2, 3981.2
1, 130708, 20/01/2019 21:40:10, FP_DM_PRIOR, 19.5, 29.6, 24766.2, 7.1, 0, 0, 0, 0, 18, 30933, 3, 470.6, 5334.7
1, 130709, 20/01/2019 22:00:23, FP_DM_PRIOR, 17.4, 29.1, 18867.3, 8.3, 0, 0, 42, 636, 1170, 17424, 3.4, 776.1, 6063.2
1, 130710, 20/01/2019 22:20:30, FP_DM_PRIOR, 18, 32.4, 4572.7, 7.4, 0, 0, 102, 2624, 2241, 38485, 7, 1705.7, 8332.6
1, 130711, 20/01/2019 22:40:10, FP_DM_PRIOR, 11.4, 15.9, 6329.8, 0.2, 0, 0, 3, 52, 78, 5237, 4.3, 473.6, 11559.4
1, 130712, 20/01/2019 23:00:09, FP_DM_PRIOR, 8.8, 13.5, 1540.7, 0.7, 0, 0, 90, 2280, 2417, 8188, 4, 1483.6, 10629.1
1, 130713, 20/01/2019 23:20:11, FP_DM_PRIOR, 9.6, 18.1, 2417.5, 4.5, 0, 0, 36, 856, 918, 7217, 4, 1087.9, 14211.4
1, 130714, 20/01/2019 23:40:01, FP_DM_PRIOR, 7, 10.2, 2085.1, 1.7, 0, 0, 10, 204, 234, 3368, 1.5, 829.4, 8867
1, 130644, 20/01/2019 00:20:26, HDP_UNLOAD_GROUP, 4.2, 18.5, 833.7, 10.9, 0, 0, 30, 296, 711, 8813, 3.4, 5872.1, 476.4
1, 130645, 20/01/2019 00:40:44, HDP_UNLOAD_GROUP, 9.8, 32, 2015.5, 16.6, 2, 0, 98, 908, 1462, 17348, 5.6, 8194.3, 624.3
1, 130646, 20/01/2019 01:00:02, HDP_UNLOAD_GROUP, 9.8, 18.1, 1332, 4.9, 0, 0, 118, 1120, 2075, 8569, 3.4, 611.2, 842.8
1, 130647, 20/01/2019 01:20:14, HDP_UNLOAD_GROUP, 9.9, 13.4, 1512.2, 2, 0, 0, 29, 240, 418, 5811, 1.5, 581.7, 690
1, 130648, 20/01/2019 01:40:05, HDP_UNLOAD_GROUP, 7.7, 8.2, 916.4, 0.4, 0, 0, 47, 416, 735, 2942, 0.1, 722.1, 32.4
1, 130649, 20/01/2019 02:00:14, HDP_UNLOAD_GROUP, 6.4, 7.1, 402.1, 0.6, 0, 0, 79, 660, 1227, 2465, 0.1, 769.5, 91.6
1, 130650, 20/01/2019 02:20:21, HDP_UNLOAD_GROUP, 2.9, 3.2, 236.2, 0.3, 0, 0, 63, 520, 976, 567, 0, 211.4, 13.4
1, 130651, 20/01/2019 02:40:08, HDP_UNLOAD_GROUP, 2.1, 2.4, 210.4, 0.3, 0, 0, 0, 0, 0, 606, 0, 104, 0
1, 130652, 20/01/2019 03:00:16, HDP_UNLOAD_GROUP, 0.7, 0.7, 73.2, 0, 0, 0, 1, 8, 0, 144, 0, 40.4, 0
1, 130709, 20/01/2019 22:00:23, HDP_UNLOAD_GROUP, 0.3, 0.4, 40.5, 0.1, 0, 0, 0, 0, 11, 101, 0, 2.1, 2.4
1, 130710, 20/01/2019 22:20:30, HDP_UNLOAD_GROUP, 0.1, 0.1, 18.1, 0, 0, 0, 0, 0, 0, 30, 0, 1.4, 0.6
1, 130644, 20/01/2019 00:20:26, ODS_SUPPORT_GROUP, 0, 0, 0, 0, 0, 0, 0, 0, 8, 0, 0, 0, 0
1, 130645, 20/01/2019 00:40:44, ODS_SUPPORT_GROUP, 0, 0, 0.9, 0, 0, 0, 0, 0, 7, 0, 0, 0, 0
1, 130646, 20/01/2019 01:00:02, ODS_SUPPORT_GROUP, 3.7, 6.9, 8747.8, 2.5, 0, 0, 0, 0, 41, 1630, 0.7, 1032.9, 219.5
1, 130647, 20/01/2019 01:20:14, ODS_SUPPORT_GROUP, 4.5, 6.9, 14125.1, 2.4, 0, 0, 0, 0, 6, 2222, 0, 393.5, 0.9
1, 130648, 20/01/2019 01:40:05, ODS_SUPPORT_GROUP, 1.4, 2.7, 2967.4, 1.1, 0, 0, 1, 32, 90, 967, 0.2, 231.3, 444.3
1, 130649, 20/01/2019 02:00:14, ODS_SUPPORT_GROUP, 0.4, 0.6, 115.7, 0, 0, 0, 3, 84, 23, 59, 0.2, 129.3, 17.5
1, 130650, 20/01/2019 02:20:21, ODS_SUPPORT_GROUP, 0, 0.1, 7, 0.1, 0, 0, 0, 0, 26, 3, 0, 0, 0
1, 130651, 20/01/2019 02:40:08, ODS_SUPPORT_GROUP, 0.8, 2, 365.4, 1, 0, 0, 2, 40, 105, 203, 0.2, 616.1, 417.6
1, 130652, 20/01/2019 03:00:16, ODS_SUPPORT_GROUP, 4.7, 15, 1374, 9.9, 0, 0, 4, 64, 68, 10131, 0.4, 1355, 132.8
1, 130653, 20/01/2019 03:20:29, ODS_SUPPORT_GROUP, 4, 13.1, 1447.5, 8.3, 1, 0, 5, 84, 90, 5330, 0.8, 1023.3, 402.6
1, 130654, 20/01/2019 03:40:02, ODS_SUPPORT_GROUP, 4.1, 11.1, 1292.4, 6.6, 0, 0, 7, 128, 89, 10291, 0.4, 1224.2, 253
1, 130655, 20/01/2019 04:00:29, ODS_SUPPORT_GROUP, 0.5, 1.9, 539.1, 1.1, 0, 0, 3, 68, 81, 48, 0.3, 17.6, 464.9
1, 130656, 20/01/2019 04:20:05, ODS_SUPPORT_GROUP, 1.5, 4.2, 1224.3, 2.4, 0, 0, 4, 55, 110, 1011, 0.3, 1092.6, 614.6
1, 130657, 20/01/2019 04:40:01, ODS_SUPPORT_GROUP, 3.7, 16.3, 496.2, 10.7, 0, 0, 19, 279, 275, 2503, 1.9, 3488.9, 1907.9
1, 130658, 20/01/2019 05:00:13, ODS_SUPPORT_GROUP, 2.6, 9.4, 417.5, 5.2, 0, 0, 11, 128, 120, 2575, 1.6, 1307.8, 2638.1
1, 130659, 20/01/2019 05:20:23, ODS_SUPPORT_GROUP, 1.4, 6, 332.1, 3.5, 0, 0, 0, 0, 10, 337, 1.1, 46.1, 3934.1
1, 130660, 20/01/2019 05:40:02, ODS_SUPPORT_GROUP, 1.9, 5.9, 329.7, 2.6, 0, 0, 0, 0, 8, 419, 1.4, 85.5, 7326.1
1, 130661, 20/01/2019 06:00:06, ODS_SUPPORT_GROUP, 2.4, 6.5, 369.7, 1.2, 0, 0, 1, 32, 44, 720, 2.9, 234.6, 9974.5
1, 130662, 20/01/2019 06:20:23, ODS_SUPPORT_GROUP, 0.4, 1, 33.4, 0, 0, 0, 1, 15, 10, 69, 0.6, 17.7, 1684.3
1, 130663, 20/01/2019 06:40:05, ODS_SUPPORT_GROUP, 0.1, 0.4, 13.3, 0.2, 0, 0, 1, 8, 18, 19, 0.1, 18.1, 25.6
1, 130696, 20/01/2019 17:40:08, ODS_SUPPORT_GROUP, 0, 0, 1.8, 0, 0, 0, 0, 0, 8, 8, 0, 0, 0
1, 130697, 20/01/2019 18:00:15, ODS_SUPPORT_GROUP, 0, 0, 1.8, 0, 0, 0, 0, 0, 10, 5, 0, 0, 0
1, 130706, 20/01/2019 21:00:04, ODS_SUPPORT_GROUP, 0, 0, 5.5, 0, 0, 0, 0, 0, 10, 4, 0, 0, 0
1, 130707, 20/01/2019 21:20:09, ODS_SUPPORT_GROUP, 0, 0, 2.7, 0, 0, 0, 0, 0, 10, 10, 0, 0, 0
1, 130708, 20/01/2019 21:40:10, ODS_SUPPORT_GROUP, 0.3, 0.3, 38.3, 0, 0, 0, 1, 16, 27, 129, 0, 83.3, 0
1, 130709, 20/01/2019 22:00:23, ODS_SUPPORT_GROUP, 0, 0, 2.4, 0, 0, 0, 0, 0, 10, 10, 0, 0, 0
1, 130710, 20/01/2019 22:20:30, ODS_SUPPORT_GROUP, 0, 0, 1.4, 0, 0, 0, 0, 0, 10, 2, 0, 0, 0
1, 130711, 20/01/2019 22:40:10, ODS_SUPPORT_GROUP, 0, 0, 1.8, 0, 0, 0, 0, 0, 9, 2, 0, 0, 0
1, 130712, 20/01/2019 23:00:09, ODS_SUPPORT_GROUP, 0, 0, 0.6, 0, 0, 0, 0, 0, 8, 0, 0, 0, 0
1, 130713, 20/01/2019 23:20:11, ODS_SUPPORT_GROUP, 0, 0, 0.4, 0, 0, 0, 0, 0, 9, 3, 0, 0, 0
1, 130714, 20/01/2019 23:40:01, ODS_SUPPORT_GROUP, 0, 0, 1.1, 0, 0, 0, 0, 0, 10, 3, 0, 0, 0
1, 130643, 20/01/2019 00:00:07, OTHER_GROUPS, 17.1, 34.1, 16563.5, 13.7, 0, 0, 0, 0, 6391, 11695, 3.3, 1133.3, 1548.6
1, 130644, 20/01/2019 00:20:26, OTHER_GROUPS, 23.8, 52.9, 17858.7, 21.7, 0, 0, 0, 0, 7053, 19421, 7.4, 1078.9, 2348.4
1, 130645, 20/01/2019 00:40:44, OTHER_GROUPS, 21.6, 40.2, 15817.8, 16.3, 0, 0, 0, 0, 5226, 12337, 2.3, 933.2, 1523.7
1, 130646, 20/01/2019 01:00:02, OTHER_GROUPS, 26.2, 50.6, 16519.9, 21.3, 0, 0, 0, 0, 6114, 23899, 3.1, 755.6, 2224.5
1, 130647, 20/01/2019 01:20:14, OTHER_GROUPS, 16.6, 37.3, 15937.3, 17.7, 0, 0, 0, 0, 6311, 11245, 3, 892.7, 2097.8
1, 130648, 20/01/2019 01:40:05, OTHER_GROUPS, 17, 26.9, 15464.1, 7.8, 0, 0, 2, 46, 7019, 13175, 2.1, 1194, 1689
1, 130649, 20/01/2019 02:00:14, OTHER_GROUPS, 19, 33.7, 16671.2, 11.5, 0, 0, 2, 32, 6408, 17463, 3.2, 2846.2, 2568.4
1, 130650, 20/01/2019 02:20:21, OTHER_GROUPS, 15.8, 27.9, 16828, 9.8, 0, 0, 0, 0, 6596, 11091, 2.3, 1074.2, 1737.2
1, 130651, 20/01/2019 02:40:08, OTHER_GROUPS, 12.1, 20.8, 15847.7, 6.5, 0, 0, 0, 0, 6429, 7010, 2.2, 907.9, 1745.9
1, 130652, 20/01/2019 03:00:16, OTHER_GROUPS, 8.8, 16.2, 15459.9, 4.4, 0, 0, 0, 0, 5315, 2981, 3, 897.4, 790.6
1, 130653, 20/01/2019 03:20:29, OTHER_GROUPS, 3.8, 22.1, 15661, 9.6, 0, 0, 0, 0, 3731, 1019, 8.7, 257.1, 1453.1
1, 130654, 20/01/2019 03:40:02, OTHER_GROUPS, 15.7, 36.1, 15768.9, 13.8, 0, 0, 0, 0, 6071, 6284, 6.6, 1036.8, 3481.3
1, 130655, 20/01/2019 04:00:29, OTHER_GROUPS, 15.1, 45.7, 26247.9, 25.5, 0, 0, 0, 0, 6307, 7838, 5.1, 1211, 2891.5
1, 130656, 20/01/2019 04:20:05, OTHER_GROUPS, 20.4, 39.7, 45297.1, 13.3, 0, 0, 0, 0, 6702, 10092, 6, 1673.6, 3025.8
1, 130657, 20/01/2019 04:40:01, OTHER_GROUPS, 17.4, 32.9, 34813.8, 9, 0, 0, 0, 0, 6701, 6730, 6.5, 1588.8, 2324.8
1, 130658, 20/01/2019 05:00:13, OTHER_GROUPS, 14.6, 31.9, 17879.8, 11.4, 0, 0, 0, 0, 5335, 6277, 5.9, 1059.5, 2854.1
1, 130659, 20/01/2019 05:20:23, OTHER_GROUPS, 18.4, 40.5, 15859.8, 16.5, 0, 0, 0, 0, 8214, 11884, 5.6, 1086.7, 4762.9
1, 130660, 20/01/2019 05:40:02, OTHER_GROUPS, 16.5, 33.3, 14828.6, 11.3, 0, 0, 0, 0, 5704, 9887, 5.5, 1056.4, 4197.3
1, 130661, 20/01/2019 06:00:06, OTHER_GROUPS, 22.8, 56.9, 16786.2, 27.5, 0, 0, 0, 0, 5176, 19464, 6.6, 907.4, 5453.3
1, 130662, 20/01/2019 06:20:23, OTHER_GROUPS, 21.9, 48.8, 15791.1, 20.2, 0, 0, 0, 0, 5349, 17802, 6.7, 1011.7, 6242.6
1, 130663, 20/01/2019 06:40:05, OTHER_GROUPS, 20, 52.6, 16854.1, 26.1, 0, 0, 0, 0, 6991, 15712, 6.5, 1458.8, 5557.9
1, 130664, 20/01/2019 07:00:14, OTHER_GROUPS, 21.6, 36.1, 2108.4, 7, 0, 0, 2, 32, 6423, 17158, 7.5, 1451.6, 6090.8
1, 130665, 20/01/2019 07:20:06, OTHER_GROUPS, 33.2, 63.1, 4988.8, 22.9, 0, 0, 125, 2996, 9590, 31283, 7, 3180.8, 6345.2
1, 130666, 20/01/2019 07:40:04, OTHER_GROUPS, 30.5, 57.9, 4294.9, 20.5, 0, 0, 8, 160, 7397, 31287, 6.9, 2135.2, 7675.3
1, 130667, 20/01/2019 08:00:26, OTHER_GROUPS, 17.6, 28.7, 2471, 4, 0, 0, 2, 12, 5710, 10916, 7.1, 1311.5, 3990.6
1, 130668, 20/01/2019 08:20:01, OTHER_GROUPS, 22.4, 41.6, 3360.3, 11.8, 2, 0, 93, 2244, 9899, 18200, 7.4, 3593.7, 6044
1, 130669, 20/01/2019 08:40:09, OTHER_GROUPS, 23.8, 52.8, 3302.8, 21.5, 0, 0, 41, 1024, 7039, 23054, 7.5, 2026.6, 6915.4
1, 130670, 20/01/2019 09:00:20, OTHER_GROUPS, 20.3, 43.5, 3364.7, 12.8, 0, 0, 5, 96, 6046, 15397, 10.4, 1683.7, 6893.8
1, 130671, 20/01/2019 09:20:24, OTHER_GROUPS, 23.1, 40.2, 4244, 10.1, 0, 0, 110, 2656, 8665, 17599, 7, 2562.2, 6134.6
1, 130672, 20/01/2019 09:40:01, OTHER_GROUPS, 17.3, 27.4, 2716.1, 4, 0, 0, 0, 0, 6451, 10648, 6.1, 1430.3, 5346.1
1, 130673, 20/01/2019 10:00:03, OTHER_GROUPS, 23.9, 42.8, 4700, 11.6, 0, 0, 2, 32, 5332, 16648, 7.3, 1743.3, 5648.5
1, 130674, 20/01/2019 10:20:08, OTHER_GROUPS, 20.6, 30.6, 6047.8, 3.8, 0, 0, 85, 2164, 8855, 13763, 6.2, 3628.4, 4033.8
1, 130675, 20/01/2019 10:40:13, OTHER_GROUPS, 12.4, 23.9, 3834, 6.4, 0, 0, 0, 0, 6510, 6187, 5.1, 1432.4, 3907.3
1, 130676, 20/01/2019 11:00:20, OTHER_GROUPS, 17.2, 26.8, 4516.5, 3.7, 0, 0, 1, 16, 6345, 9544, 5.9, 1397.9, 2588.6
1, 130677, 20/01/2019 11:20:14, OTHER_GROUPS, 29.6, 36.3, 7413.1, 1, 0, 0, 17, 336, 6828, 22384, 5.7, 3228.9, 2780.8
1, 130678, 20/01/2019 11:40:07, OTHER_GROUPS, 23.9, 33.4, 34953.7, 4.3, 0, 0, 2, 32, 7044, 11031, 5.2, 1185, 2477.3
1, 130679, 20/01/2019 12:00:21, OTHER_GROUPS, 17.1, 36.5, 9038.5, 13.9, 0, 0, 20, 608, 7596, 9215, 5.5, 2878.9, 4792.8
1, 130680, 20/01/2019 12:20:02, OTHER_GROUPS, 15.8, 20.8, 5576.5, 0, 0, 0, 43, 1032, 8628, 8512, 5, 2463.8, 2986.6
1, 130681, 20/01/2019 12:40:16, OTHER_GROUPS, 13.4, 20.5, 7425.6, 1.6, 0, 0, 0, 0, 7484, 6018, 5.5, 1496.4, 2861
1, 130682, 20/01/2019 13:00:08, OTHER_GROUPS, 17.6, 24.2, 7377, 0, 0, 0, 46, 976, 8388, 9959, 6.6, 2518.3, 3675.3
1, 130683, 20/01/2019 13:20:00, OTHER_GROUPS, 13.9, 20.3, 7516.7, 1.1, 0, 0, 1, 16, 7072, 6415, 5.3, 1455.9, 3057.5
1, 130684, 20/01/2019 13:40:07, OTHER_GROUPS, 16.7, 24.7, 6615.4, 3.4, 0, 0, 49, 1336, 8040, 7792, 4.6, 1768.2, 2771.2
1, 130685, 20/01/2019 14:00:11, OTHER_GROUPS, 20.9, 41.5, 8406.1, 13.9, 0, 0, 17, 448, 6727, 15587, 6.7, 2167.8, 8529.8
1, 130686, 20/01/2019 14:20:07, OTHER_GROUPS, 22.6, 37.2, 5059.7, 8.6, 0, 0, 37, 672, 6913, 17704, 6, 2183.1, 6271.7
1, 130687, 20/01/2019 14:40:05, OTHER_GROUPS, 27.6, 39.9, 4816.1, 5.2, 1, 0, 6, 128, 6651, 24827, 7.1, 1738.5, 7730.7
1, 130688, 20/01/2019 15:00:10, OTHER_GROUPS, 22.6, 35.4, 3618.3, 3.1, 0, 0, 9, 112, 7221, 20291, 9.7, 1272.1, 8205.8
1, 130689, 20/01/2019 15:20:19, OTHER_GROUPS, 24.4, 54.2, 5916.7, 14.9, 0, 0, 88, 2208, 10219, 19503, 14.9, 2615.9, 9002.5
1, 130690, 20/01/2019 15:40:25, OTHER_GROUPS, 16.9, 29.5, 2081.5, 0, 0, 0, 0, 0, 6216, 12798, 12.6, 1284.4, 8829.7
1, 130691, 20/01/2019 16:00:07, OTHER_GROUPS, 36.3, 59.5, 17135.3, 4.5, 2, 0, 19, 356, 6870, 25506, 18.7, 3643, 12889.2
1, 130692, 20/01/2019 16:20:10, OTHER_GROUPS, 34.6, 51.5, 33553.3, 0, 0, 0, 2, 32, 7132, 23106, 16.9, 2362.6, 11279.1
1, 130693, 20/01/2019 16:40:24, OTHER_GROUPS, 31.4, 49.3, 28860, 1.4, 0, 0, 0, 0, 8515, 14022, 16.5, 1737.8, 8969.8
1, 130694, 20/01/2019 17:00:42, OTHER_GROUPS, 30.3, 47.1, 16448.8, 4.1, 0, 0, 0, 0, 5630, 18337, 12.7, 907.7, 6594.4
1, 130695, 20/01/2019 17:20:03, OTHER_GROUPS, 29.4, 47.9, 16960.3, 0, 0, 0, 72, 564, 6977, 17716, 18.5, 1038.6, 5642.6
1, 130696, 20/01/2019 17:40:08, OTHER_GROUPS, 30.9, 44.7, 15722.5, 0, 0, 0, 158, 1216, 7884, 21426, 13.8, 1043.8, 4605.2
1, 130697, 20/01/2019 18:00:15, OTHER_GROUPS, 32, 60, 20157.6, 16.9, 0, 0, 210, 1680, 6482, 27751, 11.1, 1488.6, 5585.4
1, 130698, 20/01/2019 18:20:17, OTHER_GROUPS, 31.3, 43.9, 12342.3, 3.5, 0, 0, 76, 580, 6271, 35057, 9.1, 1392.3, 5390.6
1, 130699, 20/01/2019 18:40:22, OTHER_GROUPS, 32.8, 47.9, 17258.7, 0, 0, 0, 97, 720, 7503, 36141, 15.1, 1514.1, 8876.9
1, 130700, 20/01/2019 19:00:27, OTHER_GROUPS, 28.4, 44.8, 15826.1, 0.8, 0, 0, 164, 1248, 6289, 19916, 15.6, 1425.5, 8761.9
1, 130701, 20/01/2019 19:20:02, OTHER_GROUPS, 20.8, 36.1, 14655.2, 0.8, 0, 0, 146, 1148, 7522, 13747, 14.5, 1486.5, 8146.2
1, 130702, 20/01/2019 19:40:11, OTHER_GROUPS, 14.2, 41.1, 16982.2, 12.7, 0, 0, 192, 1484, 7478, 9179, 14.2, 1185, 7443.6
1, 130703, 20/01/2019 20:00:21, OTHER_GROUPS, 15.7, 55.6, 16876, 21, 0, 0, 4, 28, 6630, 10582, 18.9, 1003.9, 5654.1
1, 130704, 20/01/2019 20:20:24, OTHER_GROUPS, 20.1, 38.4, 16089.5, 13.7, 0, 0, 3, 24, 6411, 16421, 4.6, 864, 2420.3
1, 130705, 20/01/2019 20:40:13, OTHER_GROUPS, 18.9, 51.3, 17021.3, 29, 0, 0, 7, 52, 6242, 16247, 3.4, 951.9, 1845.6
1, 130706, 20/01/2019 21:00:04, OTHER_GROUPS, 20.3, 39.5, 16630.1, 12.4, 0, 0, 285, 2244, 7786, 19329, 6.8, 790.2, 2238.2
1, 130707, 20/01/2019 21:20:09, OTHER_GROUPS, 19.3, 31.5, 15584.6, 10.3, 0, 0, 0, 0, 5827, 19348, 1.9, 723.8, 1359.6
1, 130708, 20/01/2019 21:40:10, OTHER_GROUPS, 18.1, 30.2, 16148, 10.5, 0, 0, 0, 0, 5902, 14519, 1.6, 720.3, 1599.3
1, 130709, 20/01/2019 22:00:23, OTHER_GROUPS, 17.3, 37.6, 17942.7, 17.1, 0, 0, 0, 0, 6819, 14628, 3.2, 934.3, 1617.1
1, 130710, 20/01/2019 22:20:30, OTHER_GROUPS, 18.5, 28.3, 15697.6, 6.9, 0, 0, 0, 0, 6632, 12990, 2.9, 910.5, 1857.3
1, 130711, 20/01/2019 22:40:10, OTHER_GROUPS, 14.8, 21.9, 15971.2, 4.7, 0, 0, 0, 0, 5755, 10241, 2.4, 782.4, 1766.6
1, 130712, 20/01/2019 23:00:09, OTHER_GROUPS, 13.3, 20.5, 16458.9, 4.6, 0, 0, 0, 0, 7044, 7009, 2.6, 1002.4, 1728.5
1, 130713, 20/01/2019 23:20:11, OTHER_GROUPS, 13.2, 24.2, 17459.9, 8.5, 0, 0, 0, 0, 5603, 8799, 2.5, 917.4, 1637.8
1, 130714, 20/01/2019 23:40:01, OTHER_GROUPS, 14.9, 20.4, 16028.8, 3.6, 0, 0, 0, 0, 6327, 13155, 1.9, 1210.4, 1411.1
2, 130643, 20/01/2019 00:00:07, ADW_UNLOAD_GROUP, 0.4, 0.4, 114.6, 0, 0, 0, 0, 0, 66, 1, 0, 0.8, 0
2, 130644, 20/01/2019 00:20:26, ADW_UNLOAD_GROUP, 0.4, 0.5, 64.5, 0.1, 0, 0, 0, 0, 192, 0, 0, 1, 0
2, 130645, 20/01/2019 00:40:44, ADW_UNLOAD_GROUP, 0.4, 0.4, 65, 0, 0, 0, 0, 0, 209, 1, 0, 1, 0
2, 130646, 20/01/2019 01:00:03, ADW_UNLOAD_GROUP, 0.4, 0.4, 35, 0, 0, 0, 0, 0, 264, 0, 0, 0.8, 0
2, 130647, 20/01/2019 01:20:14, ADW_UNLOAD_GROUP, 11.5, 17.3, 3954.5, 5.1, 0, 0, 59, 1638, 3314, 22897, 0.7, 6058.3, 265.5
2, 130648, 20/01/2019 01:40:04, ADW_UNLOAD_GROUP, 30.6, 36, 11783.4, 4.6, 0, 0, 92, 2544, 19465, 63484, 0.8, 18169.3, 769.8
2, 130649, 20/01/2019 02:00:14, ADW_UNLOAD_GROUP, 14.2, 14.8, 4839.9, 0, 0, 0, 38, 1018, 1491, 6091, 0.6, 11008.9, 298.6
2, 130650, 20/01/2019 02:20:21, ADW_UNLOAD_GROUP, 0.4, 0.6, 82.4, 0.1, 0, 0, 1, 16, 134, 5, 0.1, 1.1, 30.9
2, 130651, 20/01/2019 02:40:09, ADW_UNLOAD_GROUP, 0.4, 0.4, 58.8, 0, 0, 0, 0, 0, 103, 4, 0, 0.6, 0
2, 130652, 20/01/2019 03:00:16, ADW_UNLOAD_GROUP, 0.4, 0.4, 34.7, 0, 0, 0, 0, 0, 757, 1, 0, 0.8, 0
2, 130653, 20/01/2019 03:20:29, ADW_UNLOAD_GROUP, 0, 0, 3.8, 0, 0, 0, 1, 32, 720, 0, 0, 0.1, 0
2, 130654, 20/01/2019 03:40:02, ADW_UNLOAD_GROUP, 0, 0, 0, 0, 0, 0, 0, 0, 660, 0, 0, 0, 0
2, 130657, 20/01/2019 04:40:01, ADW_UNLOAD_GROUP, 0, 0, 0, 0, 0, 0, 0, 0, 561, 0, 0, 0, 0
2, 130658, 20/01/2019 05:00:15, ADW_UNLOAD_GROUP, 0, 0, 0, 0, 0, 0, 0, 0, 321, 0, 0, 0, 0
2, 130661, 20/01/2019 06:00:06, ADW_UNLOAD_GROUP, 28.7, 41.2, 55801.8, 10.7, 0, 0, 0, 0, 432, 45556, 1.8, 1741.9, 3750.4
2, 130662, 20/01/2019 06:20:23, ADW_UNLOAD_GROUP, 34.6, 41.6, 62465.9, 5.5, 0, 0, 2, 60, 118, 74799, 1.5, 958.7, 2821.4
2, 130663, 20/01/2019 06:40:05, ADW_UNLOAD_GROUP, 30.3, 39.8, 70861.4, 9.2, 0, 0, 0, 0, 39, 54831, 0.3, 435.8, 703.7
2, 130694, 20/01/2019 17:00:41, ADW_UNLOAD_GROUP, 0, 0, 0, 0, 0, 0, 0, 0, 69, 1, 0, 0, 0
2, 130695, 20/01/2019 17:20:03, ADW_UNLOAD_GROUP, 0, 0, 0, 0, 0, 0, 0, 0, 327, 0, 0, 0, 0
2, 130696, 20/01/2019 17:40:07, ADW_UNLOAD_GROUP, 0, 0, 0, 0, 0, 0, 0, 0, 449, 0, 0, 0, 0
2, 130697, 20/01/2019 18:00:14, ADW_UNLOAD_GROUP, 0, 0.4, 0.9, 0.4, 0, 0, 0, 0, 294, 1, 0, 0, 0
2, 130698, 20/01/2019 18:20:17, ADW_UNLOAD_GROUP, 0, 0.2, 0.5, 0.2, 0, 0, 0, 0, 512, 0, 0, 0, 0
2, 130699, 20/01/2019 18:40:22, ADW_UNLOAD_GROUP, 0, 0, 0, 0, 0, 0, 0, 0, 433, 0, 0, 0, 0
2, 130700, 20/01/2019 19:00:26, ADW_UNLOAD_GROUP, 0.4, 0.9, 25.2, 0.5, 0, 0, 31, 496, 1118, 16, 0, 652.3, 5
2, 130701, 20/01/2019 19:20:02, ADW_UNLOAD_GROUP, 0, 0, 0, 0, 0, 0, 0, 0, 398, 0, 0, 0, 0
2, 130702, 20/01/2019 19:40:11, ADW_UNLOAD_GROUP, 0, 0, 0, 0, 0, 0, 0, 0, 345, 0, 0, 0, 0
2, 130703, 20/01/2019 20:00:21, ADW_UNLOAD_GROUP, 0, 0, 0, 0, 0, 0, 0, 0, 667, 0, 0, 0, 0
2, 130704, 20/01/2019 20:20:24, ADW_UNLOAD_GROUP, 0, 0, 0.1, 0, 0, 0, 0, 0, 684, 2, 0, 0, 0
2, 130705, 20/01/2019 20:40:13, ADW_UNLOAD_GROUP, 0, 0.3, 0.8, 0.3, 0, 0, 0, 0, 600, 0, 0, 0, 0
2, 130706, 20/01/2019 21:00:01, ADW_UNLOAD_GROUP, 0, 0, 0, 0, 0, 0, 0, 0, 492, 2, 0, 0, 0
2, 130707, 20/01/2019 21:20:10, ADW_UNLOAD_GROUP, 0, 0, 0, 0, 0, 0, 0, 0, 122, 0, 0, 0, 0
2, 130708, 20/01/2019 21:40:10, ADW_UNLOAD_GROUP, 0, 0.1, 5.1, 0.1, 0, 0, 0, 0, 257, 0, 0, 0, 0
2, 130709, 20/01/2019 22:00:23, ADW_UNLOAD_GROUP, 2.1, 2.1, 363.9, 0, 0, 0, 1, 16, 350, 889, 0, 1215.9, 6.9
2, 130710, 20/01/2019 22:20:30, ADW_UNLOAD_GROUP, 3.4, 4.3, 1262.4, 0, 0, 0, 30, 904, 1007, 1167, 0.9, 787.6, 61.5
2, 130711, 20/01/2019 22:40:10, ADW_UNLOAD_GROUP, 2.2, 3.2, 1166.7, 0, 0, 0, 5, 144, 245, 702, 1, 45.2, 138.1
2, 130712, 20/01/2019 23:00:09, ADW_UNLOAD_GROUP, 2.8, 4.4, 466.8, 0.1, 0, 0, 48, 854, 1591, 875, 1.5, 254.8, 338.4
2, 130713, 20/01/2019 23:20:12, ADW_UNLOAD_GROUP, 0.5, 0.5, 140.3, 0, 0, 0, 12, 368, 419, 231, 0, 0.5, 1.4
2, 130714, 20/01/2019 23:40:01, ADW_UNLOAD_GROUP, 0.3, 0.3, 2, 0, 0, 0, 1, 8, 98, 54, 0, 1.3, 1.8
2, 130643, 20/01/2019 00:00:07, FP_DM_PRIOR, 12.5, 28.8, 6070.1, 5.2, 0, 0, 13, 260, 288, 12165, 11.1, 1076.3, 37391.9
2, 130644, 20/01/2019 00:20:26, FP_DM_PRIOR, 6.3, 14.1, 5257.1, 4.5, 0, 0, 29, 492, 425, 2665, 3.3, 449.2, 12841.2
2, 130645, 20/01/2019 00:40:44, FP_DM_PRIOR, 2.8, 6.5, 3132.8, 0.8, 0, 0, 0, 0, 36, 510, 2.9, 132.5, 9539.7
2, 130646, 20/01/2019 01:00:03, FP_DM_PRIOR, 8, 15.3, 5572.3, 4, 0, 0, 88, 2216, 1958, 3255, 3.3, 1316.3, 8291.6
2, 130647, 20/01/2019 01:20:14, FP_DM_PRIOR, 4.6, 13.3, 5368.9, 4.6, 0, 0, 0, 0, 0, 1712, 4.1, 382.4, 11897.6
2, 130648, 20/01/2019 01:40:04, FP_DM_PRIOR, 7.2, 11.1, 4745.4, 0.1, 0, 0, 0, 0, 0, 3503, 3.8, 290, 7760.7
2, 130649, 20/01/2019 02:00:14, FP_DM_PRIOR, 3, 6.6, 3734.4, 0, 0, 0, 0, 0, 0, 937, 3.6, 210.2, 9376.5
2, 130650, 20/01/2019 02:20:21, FP_DM_PRIOR, 7.4, 15, 3857.9, 3.7, 0, 0, 9, 152, 318, 4272, 3.9, 693.3, 11950.2
2, 130651, 20/01/2019 02:40:09, FP_DM_PRIOR, 11, 16.8, 5747, 0.3, 0, 0, 1, 16, 0, 7706, 5.5, 718.6, 13432.3
2, 130652, 20/01/2019 03:00:16, FP_DM_PRIOR, 4.7, 8.9, 3393.5, 0, 0, 0, 1, 16, 16, 1963, 4.2, 218.5, 7337
2, 130653, 20/01/2019 03:20:29, FP_DM_PRIOR, 1.4, 7.2, 2051.4, 1.4, 0, 0, 2, 11, 4, 354, 4.4, 119.8, 5526.3
2, 130654, 20/01/2019 03:40:02, FP_DM_PRIOR, 5.6, 8.9, 5613.8, 0.9, 0, 0, 63, 1766, 1664, 2337, 2.4, 1068.7, 5853.7
2, 130655, 20/01/2019 04:00:29, FP_DM_PRIOR, 1.8, 3.5, 4393, 1.3, 0, 0, 26, 612, 670, 486, 0.4, 446.3, 440.7
2, 130656, 20/01/2019 04:20:05, FP_DM_PRIOR, 0.4, 0.5, 3350.6, 0.1, 0, 0, 0, 0, 19, 83, 0, 2.1, 0
2, 130657, 20/01/2019 04:40:01, FP_DM_PRIOR, 0.4, 0.4, 2552.7, 0, 0, 0, 0, 0, 6, 35, 0, 2.7, 0
2, 130658, 20/01/2019 05:00:15, FP_DM_PRIOR, 5, 5.4, 1333.9, 0.2, 0, 0, 39, 872, 1058, 2054, 0.2, 734.4, 147.9
2, 130659, 20/01/2019 05:20:25, FP_DM_PRIOR, 0.5, 0.6, 258.9, 0.1, 0, 0, 2, 32, 66, 60, 0, 10.5, 0.3
2, 130660, 20/01/2019 05:40:02, FP_DM_PRIOR, 0.4, 0.4, 230.7, 0, 0, 0, 0, 0, 0, 40, 0, 7.5, 0.4
2, 130661, 20/01/2019 06:00:06, FP_DM_PRIOR, 6.9, 9.7, 1699.5, 2.1, 0, 0, 9, 176, 347, 3638, 0.7, 507, 1214.5
2, 130662, 20/01/2019 06:20:23, FP_DM_PRIOR, 1.5, 3.5, 512.9, 1.6, 0, 0, 0, 0, 0, 257, 0.4, 115.1, 884.3
2, 130663, 20/01/2019 06:40:05, FP_DM_PRIOR, 2.7, 3.6, 825.4, 0.8, 0, 0, 1, 16, 16, 335, 0.1, 80.2, 262.2
2, 130694, 20/01/2019 17:00:41, FP_DM_PRIOR, 7.6, 18.4, 25458.1, 9.9, 0, 0, 124, 3072, 3027, 7543, 0.9, 1514.5, 1544.7
2, 130695, 20/01/2019 17:20:03, FP_DM_PRIOR, 3, 12, 16732.1, 8.5, 0, 0, 1, 2, 32, 741, 0.5, 257.1, 1613.3
2, 130696, 20/01/2019 17:40:07, FP_DM_PRIOR, 4.1, 5.8, 5610.4, 1.7, 0, 0, 1, 32, 66, 391, 0, 408.2, 111.5
2, 130697, 20/01/2019 18:00:14, FP_DM_PRIOR, 7.4, 13.2, 21024.2, 5.8, 0, 0, 0, 0, 137, 1169, 0, 352.9, 27.5
2, 130698, 20/01/2019 18:20:17, FP_DM_PRIOR, 13.9, 18.7, 17035.8, 3.8, 0, 0, 124, 3024, 2901, 6480, 1, 1995.4, 2235.6
2, 130699, 20/01/2019 18:40:22, FP_DM_PRIOR, 13.4, 15.7, 21496.7, 1.5, 0, 0, 2, 32, 23, 3379, 0.8, 547.9, 2329.5
2, 130700, 20/01/2019 19:00:26, FP_DM_PRIOR, 11.9, 14.7, 37133.8, 2.5, 0, 0, 97, 2528, 2628, 7965, 0.3, 1739.3, 301.6
2, 130701, 20/01/2019 19:20:02, FP_DM_PRIOR, 12.1, 16.1, 39189.3, 2.9, 0, 0, 26, 704, 758, 6465, 1.1, 529.8, 2203.3
2, 130702, 20/01/2019 19:40:11, FP_DM_PRIOR, 15.1, 18.1, 46224.1, 2.8, 0, 0, 9, 288, 304, 10013, 0.2, 344.3, 328.8
2, 130703, 20/01/2019 20:00:21, FP_DM_PRIOR, 15.2, 37.3, 28531.8, 15.6, 0, 0, 74, 2221, 2562, 13623, 6.5, 805.6, 13784.3
2, 130704, 20/01/2019 20:20:24, FP_DM_PRIOR, 19.2, 40.1, 27057.8, 6.3, 0, 0, 57, 1392, 1204, 22248, 14.6, 1090.4, 30895.6
2, 130705, 20/01/2019 20:40:13, FP_DM_PRIOR, 20.2, 39.6, 21994.3, 1.3, 0, 0, 4, 112, 96, 23973, 18.1, 968, 50954.7
2, 130706, 20/01/2019 21:00:01, FP_DM_PRIOR, 16.4, 37.4, 14030.1, 4.3, 0, 0, 2, 64, 35, 17908, 16.7, 744.7, 46911.7
2, 130707, 20/01/2019 21:20:10, FP_DM_PRIOR, 12.3, 28, 8996.6, 2.9, 0, 0, 1, 32, 51, 11326, 12.8, 743.1, 46108.2
2, 130708, 20/01/2019 21:40:10, FP_DM_PRIOR, 16.1, 30.4, 13831.4, 0.6, 0, 0, 2, 64, 69, 12229, 13.7, 905.7, 40044.7
2, 130709, 20/01/2019 22:00:23, FP_DM_PRIOR, 17.2, 32.7, 12315.3, 1.9, 0, 0, 8, 152, 220, 12077, 13.6, 856.6, 30283.3
2, 130710, 20/01/2019 22:20:30, FP_DM_PRIOR, 20.2, 48.1, 10833.6, 8.1, 0, 0, 11, 304, 436, 30114, 19.8, 1151.2, 26311.9
2, 130711, 20/01/2019 22:40:10, FP_DM_PRIOR, 19.2, 39.7, 7763.8, 2.7, 0, 0, 1, 16, 0, 22629, 17.8, 1062.1, 42372
2, 130712, 20/01/2019 23:00:09, FP_DM_PRIOR, 19.6, 39, 19610.1, 1.7, 0, 0, 11, 248, 295, 25158, 17.7, 914.9, 32029.6
2, 130713, 20/01/2019 23:20:12, FP_DM_PRIOR, 19.7, 39.1, 24051.4, 2.5, 0, 0, 3, 80, 0, 22270, 16.9, 977.8, 35396
2, 130714, 20/01/2019 23:40:01, FP_DM_PRIOR, 19, 35.1, 16987.4, 0, 0, 0, 0, 0, 0, 19224, 16.1, 880.8, 44102
2, 130644, 20/01/2019 00:20:26, HDP_UNLOAD_GROUP, 4.3, 20.1, 1074.4, 14.9, 0, 0, 14, 152, 533, 8914, 0.9, 1479.2, 194.8
2, 130645, 20/01/2019 00:40:44, HDP_UNLOAD_GROUP, 10.3, 38.3, 2114.3, 24.1, 0, 0, 26, 256, 434, 17566, 3.9, 5357.6, 540
2, 130646, 20/01/2019 01:00:03, HDP_UNLOAD_GROUP, 10.2, 28.7, 1558, 14.7, 0, 0, 33, 292, 509, 11283, 3.8, 763, 545.9
2, 130647, 20/01/2019 01:20:14, HDP_UNLOAD_GROUP, 8.8, 16.9, 983.4, 4.5, 0, 0, 29, 284, 453, 4947, 3.6, 475.1, 1546.8
2, 130648, 20/01/2019 01:40:04, HDP_UNLOAD_GROUP, 7.6, 8.9, 761.5, 0, 0, 0, 37, 344, 594, 3390, 1.3, 265, 604.9
2, 130649, 20/01/2019 02:00:14, HDP_UNLOAD_GROUP, 4.3, 5.3, 600.3, 0.3, 0, 0, 18, 144, 269, 1415, 0.7, 168.2, 260
2, 130650, 20/01/2019 02:20:21, HDP_UNLOAD_GROUP, 1.2, 2, 369.6, 0.3, 0, 0, 1, 8, 0, 246, 0.5, 33.7, 274.8
2, 130651, 20/01/2019 02:40:09, HDP_UNLOAD_GROUP, 1.4, 2.1, 114, 0.2, 0, 0, 6, 56, 48, 498, 0.5, 60.7, 265.8
2, 130652, 20/01/2019 03:00:16, HDP_UNLOAD_GROUP, 2, 2.2, 610.2, 0.2, 0, 0, 13, 112, 216, 257, 0, 51, 2.8
2, 130653, 20/01/2019 03:20:29, HDP_UNLOAD_GROUP, 0, 0.4, 94.7, 0.4, 0, 0, 0, 0, 0, 0, 0, 0, 0
2, 130654, 20/01/2019 03:40:02, HDP_UNLOAD_GROUP, 0.7, 2.7, 980.4, 2, 0, 0, 0, 0, 0, 53, 0, 69.5, 4.4
2, 130655, 20/01/2019 04:00:29, HDP_UNLOAD_GROUP, 9.6, 11, 552.9, 1.4, 0, 0, 2, 32, 84, 7304, 0, 1060.1, 0.2
2, 130656, 20/01/2019 04:20:05, HDP_UNLOAD_GROUP, 10.3, 13.4, 672.6, 3.1, 0, 0, 0, 0, 0, 8505, 0, 942, 0
2, 130657, 20/01/2019 04:40:01, HDP_UNLOAD_GROUP, 3.7, 3.7, 1771.7, 0, 0, 0, 4, 64, 48, 2528, 0, 372.9, 4.7
2, 130658, 20/01/2019 05:00:15, HDP_UNLOAD_GROUP, 0.2, 0.3, 5887, 0.1, 0, 0, 0, 0, 0, 5, 0, 1.9, 0
2, 130659, 20/01/2019 05:20:25, HDP_UNLOAD_GROUP, 0.2, 0.2, 4525.4, 0, 0, 0, 0, 0, 0, 4, 0, 2.2, 0
2, 130660, 20/01/2019 05:40:02, HDP_UNLOAD_GROUP, 0.2, 0.3, 6442.1, 0.1, 0, 0, 0, 0, 0, 9, 0, 2.1, 0
2, 130661, 20/01/2019 06:00:06, HDP_UNLOAD_GROUP, 0.2, 0.3, 6330, 0.1, 0, 0, 0, 0, 0, 17, 0, 1.6, 0
2, 130662, 20/01/2019 06:20:23, HDP_UNLOAD_GROUP, 0.2, 0.3, 5376.1, 0.1, 0, 0, 0, 0, 0, 2, 0, 1.6, 0
2, 130663, 20/01/2019 06:40:05, HDP_UNLOAD_GROUP, 0.2, 0.3, 5505.5, 0.1, 0, 0, 0, 0, 0, 4, 0, 1.5, 0
2, 130643, 20/01/2019 00:00:07, ODS2EXA_GROUP, 0.1, 2.6, 70.4, 2.5, 0, 0, 0, 0, 0, 8, 0, 374.9, 0
2, 130644, 20/01/2019 00:20:26, ODS2EXA_GROUP, 0.1, 3, 83.3, 2.9, 0, 0, 0, 0, 0, 0, 0, 337.4, 0
2, 130645, 20/01/2019 00:40:44, ODS2EXA_GROUP, 0.1, 2.6, 72, 2.5, 0, 0, 0, 0, 0, 4, 0, 508.7, 0
2, 130646, 20/01/2019 01:00:03, ODS2EXA_GROUP, 0.1, 2.7, 75.6, 2.6, 0, 0, 0, 0, 0, 6, 0, 418.4, 0
2, 130647, 20/01/2019 01:20:14, ODS2EXA_GROUP, 0.1, 2.8, 77.7, 2.7, 0, 0, 0, 0, 0, 9, 0, 437.3, 0
2, 130648, 20/01/2019 01:40:04, ODS2EXA_GROUP, 0.1, 2.6, 72.4, 2.5, 0, 0, 0, 0, 0, 5, 0, 265.8, 0
2, 130649, 20/01/2019 02:00:14, ODS2EXA_GROUP, 0.1, 2.6, 71.8, 2.5, 0, 0, 0, 0, 0, 8, 0, 405.1, 0
2, 130650, 20/01/2019 02:20:21, ODS2EXA_GROUP, 0.1, 2.9, 79.7, 2.8, 0, 0, 0, 0, 0, 9, 0, 436, 0
2, 130651, 20/01/2019 02:40:09, ODS2EXA_GROUP, 0.1, 2.7, 75.5, 2.6, 0, 0, 0, 0, 0, 19, 0, 317.1, 0
2, 130652, 20/01/2019 03:00:16, ODS2EXA_GROUP, 0.1, 2.5, 69.8, 2.4, 0, 0, 0, 0, 0, 6, 0, 306.9, 0
2, 130653, 20/01/2019 03:20:29, ODS2EXA_GROUP, 0, 2.6, 72.8, 2.6, 0, 0, 0, 0, 0, 1, 0, 117.8, 0
2, 130654, 20/01/2019 03:40:02, ODS2EXA_GROUP, 0.1, 2.7, 74.5, 2.6, 0, 0, 0, 0, 0, 4, 0, 413.7, 0
2, 130655, 20/01/2019 04:00:29, ODS2EXA_GROUP, 0.1, 2.3, 64.6, 2.2, 0, 0, 0, 0, 0, 9, 0, 409.8, 0
2, 130656, 20/01/2019 04:20:05, ODS2EXA_GROUP, 0.1, 2.6, 71, 2.5, 0, 0, 0, 0, 0, 12, 0, 401, 0
2, 130657, 20/01/2019 04:40:01, ODS2EXA_GROUP, 0.1, 2.1, 58.6, 2, 0, 0, 0, 0, 0, 9, 0, 481.6, 0
2, 130658, 20/01/2019 05:00:15, ODS2EXA_GROUP, 0.1, 2.3, 64.2, 2.2, 0, 0, 0, 0, 0, 10, 0, 466.7, 0
2, 130659, 20/01/2019 05:20:25, ODS2EXA_GROUP, 0.1, 2.4, 65, 2.3, 0, 0, 0, 0, 0, 9, 0, 534.9, 0
2, 130660, 20/01/2019 05:40:02, ODS2EXA_GROUP, 0.1, 2.3, 64.6, 2.2, 0, 0, 0, 0, 0, 8, 0, 513.6, 0
2, 130661, 20/01/2019 06:00:06, ODS2EXA_GROUP, 0.1, 2.5, 68.6, 2.4, 0, 0, 0, 0, 0, 4, 0, 313.7, 0
2, 130662, 20/01/2019 06:20:23, ODS2EXA_GROUP, 0.1, 2.4, 64.9, 2.3, 0, 0, 0, 0, 0, 5, 0, 310.4, 0
2, 130663, 20/01/2019 06:40:05, ODS2EXA_GROUP, 0.1, 2.6, 70.9, 2.5, 0, 0, 0, 0, 0, 4, 0, 278.6, 0
2, 130694, 20/01/2019 17:00:41, ODS2EXA_GROUP, 0.1, 1.9, 53.5, 1.8, 0, 0, 0, 0, 0, 9, 0, 357.8, 0
2, 130695, 20/01/2019 17:20:03, ODS2EXA_GROUP, 0.1, 2, 54.3, 1.9, 0, 0, 0, 0, 1, 8, 0, 410.2, 0
2, 130696, 20/01/2019 17:40:07, ODS2EXA_GROUP, 0.1, 1.9, 53.6, 1.8, 0, 0, 0, 0, 0, 5, 0, 433.9, 0
2, 130697, 20/01/2019 18:00:14, ODS2EXA_GROUP, 0.1, 2.5, 67.6, 2.4, 0, 0, 0, 0, 0, 6, 0, 408.4, 0
2, 130698, 20/01/2019 18:20:17, ODS2EXA_GROUP, 0.1, 1.5, 40.1, 1.4, 0, 0, 0, 0, 0, 7, 0, 397.7, 0
2, 130699, 20/01/2019 18:40:22, ODS2EXA_GROUP, 0.1, 2, 53.9, 1.9, 0, 0, 0, 0, 0, 5, 0, 372.1, 0
2, 130700, 20/01/2019 19:00:26, ODS2EXA_GROUP, 0.1, 2.1, 59, 2, 0, 0, 0, 0, 0, 2, 0, 399.7, 0
2, 130701, 20/01/2019 19:20:02, ODS2EXA_GROUP, 0.1, 1.8, 49.1, 1.7, 0, 0, 0, 0, 0, 3, 0, 373.8, 0
2, 130702, 20/01/2019 19:40:11, ODS2EXA_GROUP, 0.1, 1.9, 53.8, 1.8, 0, 0, 0, 0, 0, 4, 0, 334.4, 0
2, 130703, 20/01/2019 20:00:21, ODS2EXA_GROUP, 0.1, 2.1, 57.4, 2, 0, 0, 0, 0, 0, 5, 0, 322, 0
2, 130704, 20/01/2019 20:20:24, ODS2EXA_GROUP, 0.1, 1.9, 53.5, 1.8, 0, 0, 0, 0, 0, 8, 0, 308.3, 0
2, 130705, 20/01/2019 20:40:13, ODS2EXA_GROUP, 0.1, 2, 54.2, 1.9, 0, 0, 0, 0, 0, 7, 0, 281.3, 0
2, 130706, 20/01/2019 21:00:01, ODS2EXA_GROUP, 0, 2, 55, 2, 0, 0, 0, 0, 0, 5, 0, 207.9, 0
2, 130707, 20/01/2019 21:20:10, ODS2EXA_GROUP, 0.1, 1.9, 53.6, 1.8, 0, 0, 0, 0, 0, 5, 0, 305.9, 0
2, 130708, 20/01/2019 21:40:10, ODS2EXA_GROUP, 0.1, 2, 54.2, 1.9, 0, 0, 0, 0, 0, 3, 0, 271, 0
2, 130709, 20/01/2019 22:00:23, ODS2EXA_GROUP, 0.1, 1.9, 52.8, 1.8, 0, 0, 0, 0, 0, 5, 0, 278.5, 0
2, 130710, 20/01/2019 22:20:30, ODS2EXA_GROUP, 0.1, 1.9, 53.6, 1.8, 0, 0, 0, 0, 0, 3, 0, 279, 0
2, 130711, 20/01/2019 22:40:10, ODS2EXA_GROUP, 0.1, 2, 54.2, 1.9, 0, 0, 0, 0, 0, 11, 0, 243.8, 0
2, 130712, 20/01/2019 23:00:09, ODS2EXA_GROUP, 0.1, 1.9, 53.6, 1.8, 0, 0, 0, 0, 0, 10, 0, 244.9, 0
2, 130713, 20/01/2019 23:20:12, ODS2EXA_GROUP, 0.1, 2, 54.3, 1.9, 0, 0, 0, 0, 0, 15, 0, 235.9, 0
2, 130714, 20/01/2019 23:40:01, ODS2EXA_GROUP, 0.1, 2, 53.9, 1.9, 0, 0, 0, 0, 0, 8, 0, 235, 0
2, 130643, 20/01/2019 00:00:07, ODS_SUPPORT_GROUP, 0, 0, 0, 0, 0, 0, 0, 0, 4, 0, 0, 0, 0
2, 130646, 20/01/2019 01:00:03, ODS_SUPPORT_GROUP, 0, 0, 1.9, 0, 0, 0, 0, 0, 7, 2, 0, 0, 0
2, 130647, 20/01/2019 01:20:14, ODS_SUPPORT_GROUP, 0, 0, 5.1, 0, 0, 0, 0, 0, 10, 5, 0, 0, 0
2, 130648, 20/01/2019 01:40:04, ODS_SUPPORT_GROUP, 0, 0, 0, 0, 0, 0, 0, 0, 6, 2, 0, 0, 0
2, 130649, 20/01/2019 02:00:14, ODS_SUPPORT_GROUP, 0.3, 0.6, 35.5, 0.3, 0, 0, 1, 16, 23, 17, 0, 953, 0
2, 130653, 20/01/2019 03:20:29, ODS_SUPPORT_GROUP, 0, 0, 2.8, 0, 0, 0, 0, 0, 10, 4, 0, 0, 0
2, 130654, 20/01/2019 03:40:02, ODS_SUPPORT_GROUP, 0, 0, 2.4, 0, 0, 0, 0, 0, 8, 1, 0, 0, 0
2, 130658, 20/01/2019 05:00:15, ODS_SUPPORT_GROUP, 0.4, 1.1, 616, 0.6, 0, 0, 1, 32, 24, 36, 0.1, 189.9, 211.8
2, 130659, 20/01/2019 05:20:25, ODS_SUPPORT_GROUP, 0.4, 0.5, 11.3, 0.1, 0, 0, 5, 20, 28, 18, 0, 153.6, 12.3
2, 130660, 20/01/2019 05:40:02, ODS_SUPPORT_GROUP, 0.1, 0.1, 4.5, 0, 0, 0, 2, 8, 9, 6, 0, 27.5, 0
2, 130661, 20/01/2019 06:00:06, ODS_SUPPORT_GROUP, 0, 0, 4, 0, 0, 0, 1, 16, 21, 11, 0, 19.8, 1.6
2, 130663, 20/01/2019 06:40:05, ODS_SUPPORT_GROUP, 0, 0, 0, 0, 0, 0, 0, 0, 6, 0, 0, 0, 0
2, 130696, 20/01/2019 17:40:07, ODS_SUPPORT_GROUP, 0, 0, 0, 0, 0, 0, 0, 0, 25, 4, 0, 0, 0
2, 130697, 20/01/2019 18:00:14, ODS_SUPPORT_GROUP, 0.6, 3.2, 167, 1.6, 0, 0, 1, 16, 6, 86, 1, 284.7, 1470.3
2, 130698, 20/01/2019 18:20:17, ODS_SUPPORT_GROUP, 0.1, 0.1, 1.6, 0, 0, 0, 0, 0, 9, 3, 0, 4.9, 5
2, 130699, 20/01/2019 18:40:22, ODS_SUPPORT_GROUP, 0.3, 0.4, 30, 0.1, 0, 0, 1, 2, 6, 1, 0, 10.3, 2.1
2, 130700, 20/01/2019 19:00:26, ODS_SUPPORT_GROUP, 0.2, 0.3, 11.1, 0.1, 0, 0, 1, 3, 7, 12, 0, 15.4, 9.4
2, 130701, 20/01/2019 19:20:02, ODS_SUPPORT_GROUP, 0.3, 0.4, 23, 0.1, 0, 0, 0, 0, 9, 7, 0, 12.4, 4.7
2, 130702, 20/01/2019 19:40:11, ODS_SUPPORT_GROUP, 0.3, 0.4, 20.9, 0.1, 0, 0, 1, 3, 22, 40, 0, 66.1, 6.6
2, 130703, 20/01/2019 20:00:21, ODS_SUPPORT_GROUP, 0.1, 0.1, 20.7, 0, 0, 0, 1, 16, 9, 4, 0, 27.9, 0
2, 130704, 20/01/2019 20:20:24, ODS_SUPPORT_GROUP, 0, 0, 1.1, 0, 0, 0, 0, 0, 9, 3, 0, 0, 0
2, 130705, 20/01/2019 20:40:13, ODS_SUPPORT_GROUP, 0, 0, 3.5, 0, 0, 0, 0, 0, 10, 2, 0, 0, 0
2, 130710, 20/01/2019 22:20:30, ODS_SUPPORT_GROUP, 0, 0, 0, 0, 0, 0, 0, 0, 6, 1, 0, 0, 0
2, 130712, 20/01/2019 23:00:09, ODS_SUPPORT_GROUP, 0, 0, 1.3, 0, 0, 0, 0, 0, 8, 2, 0, 0, 0
2, 130643, 20/01/2019 00:00:07, OTHER_GROUPS, 19.2, 26.9, 13250, 5.2, 0, 0, 0, 0, 5056, 15506, 2.5, 823.8, 1145.4
2, 130644, 20/01/2019 00:20:26, OTHER_GROUPS, 20.2, 34.4, 16651.3, 10.9, 0, 0, 0, 0, 5564, 14833, 3.3, 851.6, 1218.5
2, 130645, 20/01/2019 00:40:44, OTHER_GROUPS, 20.2, 30.3, 13479.8, 8.6, 0, 0, 0, 0, 4284, 12511, 1.5, 856.1, 976.5
2, 130646, 20/01/2019 01:00:03, OTHER_GROUPS, 21.4, 31.2, 13837.4, 8.2, 0, 0, 0, 0, 4862, 15749, 1.6, 703, 821.3
2, 130647, 20/01/2019 01:20:14, OTHER_GROUPS, 18.8, 31.3, 14236.4, 10.9, 0, 0, 0, 0, 5121, 15395, 1.6, 659, 730.5
2, 130648, 20/01/2019 01:40:04, OTHER_GROUPS, 24.8, 35.2, 14723.7, 8.5, 0, 0, 0, 0, 5793, 25337, 1.9, 445.1, 739.8
2, 130649, 20/01/2019 02:00:14, OTHER_GROUPS, 20.6, 25.8, 13250, 3.5, 0, 0, 0, 0, 5358, 18477, 1.7, 672, 995.6
2, 130650, 20/01/2019 02:20:21, OTHER_GROUPS, 27.4, 47.1, 15976, 16.5, 0, 0, 0, 0, 5545, 27839, 3.2, 783.1, 3165.5
2, 130651, 20/01/2019 02:40:09, OTHER_GROUPS, 35, 60.6, 13864.9, 21.3, 0, 0, 0, 0, 5022, 48725, 4.3, 669.2, 5955.6
2, 130652, 20/01/2019 03:00:16, OTHER_GROUPS, 29.4, 47.6, 14119.9, 12.4, 0, 0, 0, 0, 4153, 41294, 5.8, 690.6, 3586.7
2, 130653, 20/01/2019 03:20:29, OTHER_GROUPS, 18.7, 31.6, 12458.2, 6.2, 0, 0, 0, 0, 2885, 24084, 6.7, 215.6, 1121.6
2, 130654, 20/01/2019 03:40:02, OTHER_GROUPS, 23.6, 31, 14917.3, 5.1, 0, 0, 0, 0, 4849, 27596, 2.3, 810.5, 1096
2, 130655, 20/01/2019 04:00:29, OTHER_GROUPS, 21.1, 35.5, 32054.5, 12.7, 0, 0, 0, 0, 5629, 20195, 1.7, 865.7, 935.5
2, 130656, 20/01/2019 04:20:05, OTHER_GROUPS, 29.9, 38.1, 57025.6, 6, 0, 0, 0, 0, 6395, 27753, 2.2, 1381.9, 882.1
2, 130657, 20/01/2019 04:40:01, OTHER_GROUPS, 25.6, 28, 46495.3, 0, 0, 0, 0, 0, 6203, 19408, 2.4, 1532.8, 1182.7
2, 130658, 20/01/2019 05:00:15, OTHER_GROUPS, 21.9, 25.7, 27201.8, 1.9, 0, 0, 0, 0, 4594, 18334, 1.9, 955.9, 1107.6
2, 130659, 20/01/2019 05:20:25, OTHER_GROUPS, 21.1, 27.3, 14547.8, 4.7, 0, 0, 0, 0, 7591, 21100, 1.5, 807.3, 1062.6
2, 130660, 20/01/2019 05:40:02, OTHER_GROUPS, 20.4, 26, 13139.7, 3.8, 0, 0, 0, 0, 4488, 20174, 1.8, 742.4, 1776.8
2, 130661, 20/01/2019 06:00:06, OTHER_GROUPS, 20.2, 34, 15795.8, 12, 0, 0, 0, 0, 4141, 18030, 1.8, 521.5, 1091.3
2, 130662, 20/01/2019 06:20:23, OTHER_GROUPS, 18.9, 25.6, 14414, 5.3, 0, 0, 0, 0, 4300, 12799, 1.4, 534.2, 935.7
2, 130663, 20/01/2019 06:40:05, OTHER_GROUPS, 22.9, 33.2, 16407.8, 8.4, 0, 0, 0, 0, 6191, 16155, 1.9, 702.3, 1934.9
2, 130664, 20/01/2019 07:00:14, OTHER_GROUPS, 45.1, 53.4, 49921.4, 4.1, 0, 0, 1, 16, 4614, 44672, 4.2, 1639.3, 6252.8
2, 130665, 20/01/2019 07:20:06, OTHER_GROUPS, 54.3, 68.1, 24004.5, 10.1, 0, 0, 24, 566, 6535, 66717, 3.7, 2259.7, 3386.1
2, 130666, 20/01/2019 07:40:04, OTHER_GROUPS, 34.2, 41.4, 18163.3, 4.3, 0, 0, 13, 256, 6661, 35869, 2.9, 2546.7, 5133
2, 130667, 20/01/2019 08:00:26, OTHER_GROUPS, 29.5, 33.6, 12655.2, 0, 0, 0, 5, 98, 4117, 27526, 4.1, 1724.7, 5196.1
2, 130668, 20/01/2019 08:20:01, OTHER_GROUPS, 33.6, 39.5, 16639.7, 2.8, 0, 0, 4, 94, 5775, 32567, 3.1, 1933.9, 5378.7
2, 130669, 20/01/2019 08:40:09, OTHER_GROUPS, 31.3, 40.1, 15273.5, 4.7, 0, 0, 6, 113, 4190, 31509, 4.1, 4535, 7378.6
2, 130670, 20/01/2019 09:00:20, OTHER_GROUPS, 26.1, 32.7, 14252.7, 2.8, 0, 0, 4, 82, 4623, 22293, 3.8, 4526.4, 3835.4
2, 130671, 20/01/2019 09:20:24, OTHER_GROUPS, 28.4, 31.9, 12661.3, 0, 3, 0, 41, 1080, 5405, 33256, 3.5, 2313.6, 5657.9
2, 130672, 20/01/2019 09:40:01, OTHER_GROUPS, 27.1, 33.9, 17918.7, 3.1, 0, 0, 0, 0, 4588, 29506, 3.7, 1741.7, 11298.1
2, 130673, 20/01/2019 10:00:01, OTHER_GROUPS, 26.3, 33.7, 10063.3, 2.4, 0, 0, 1, 32, 4435, 28369, 5, 2029.6, 13780.9
2, 130674, 20/01/2019 10:20:08, OTHER_GROUPS, 35.7, 45.7, 18685.9, 4.8, 0, 0, 62, 1384, 6474, 42832, 5.2, 3016, 12830.2
2, 130675, 20/01/2019 10:40:13, OTHER_GROUPS, 30, 37, 9741.2, 1.4, 0, 0, 1, 32, 4679, 34281, 5.6, 1392.5, 8064.5
2, 130676, 20/01/2019 11:00:19, OTHER_GROUPS, 29.2, 35.6, 9669.4, 1.7, 0, 0, 1, 32, 4843, 30978, 4.7, 1580, 3130.6
2, 130677, 20/01/2019 11:20:14, OTHER_GROUPS, 35, 44.1, 11372.2, 2, 0, 0, 121, 3080, 7714, 40916, 7.1, 3338.5, 5136.7
2, 130678, 20/01/2019 11:40:07, OTHER_GROUPS, 30.7, 34.7, 8027.2, 0, 0, 0, 5, 80, 5185, 30831, 4, 1783.8, 5012.5
2, 130679, 20/01/2019 12:00:21, OTHER_GROUPS, 28, 54.7, 10576.5, 23.8, 0, 0, 85, 2000, 7395, 32234, 2.9, 4046.5, 2182.1
2, 130680, 20/01/2019 12:20:03, OTHER_GROUPS, 36.3, 51.9, 9277.7, 12.5, 0, 0, 14, 400, 5917, 40290, 3.1, 2412, 4389.4
2, 130681, 20/01/2019 12:40:17, OTHER_GROUPS, 29.9, 50.1, 11803.3, 17.5, 0, 0, 3, 80, 5502, 36946, 2.7, 1719.4, 3835.1
2, 130682, 20/01/2019 13:00:08, OTHER_GROUPS, 28.8, 47.9, 6020.2, 16.3, 0, 0, 96, 2488, 7800, 37970, 2.8, 2966.5, 3215.3
2, 130683, 20/01/2019 13:20:00, OTHER_GROUPS, 26.6, 44.3, 6327.6, 15.5, 0, 0, 0, 0, 5201, 33203, 2.2, 1895.1, 4284
2, 130684, 20/01/2019 13:40:07, OTHER_GROUPS, 23.6, 25.3, 4945.4, 0, 0, 0, 72, 1632, 6858, 19329, 1.7, 3251.1, 2487.4
2, 130685, 20/01/2019 14:00:11, OTHER_GROUPS, 23.3, 26.8, 5239.3, 1.1, 0, 0, 12, 240, 4977, 21632, 2.4, 1731.8, 3478.2
2, 130686, 20/01/2019 14:20:07, OTHER_GROUPS, 26.1, 29, 5881.2, 0.9, 0, 0, 77, 2136, 6446, 21852, 2, 2366.2, 2468.1
2, 130687, 20/01/2019 14:40:11, OTHER_GROUPS, 20.5, 22.6, 2642.1, 0, 0, 0, 26, 616, 5433, 16938, 2.1, 1761, 2404.7
2, 130688, 20/01/2019 15:00:10, OTHER_GROUPS, 19.8, 21.8, 3270.9, 0, 0, 0, 0, 0, 5266, 15278, 2, 1434.2, 1792.1
2, 130689, 20/01/2019 15:20:20, OTHER_GROUPS, 25.6, 29.1, 6433, 1, 0, 0, 47, 1176, 7325, 22603, 2.5, 3486, 3654.2
2, 130690, 20/01/2019 15:40:34, OTHER_GROUPS, 20.3, 21.7, 3013.8, 0, 0, 0, 1, 16, 4414, 14338, 1.4, 1309.2, 2084.2
2, 130691, 20/01/2019 16:00:07, OTHER_GROUPS, 31.8, 34, 8605.5, 0, 3, 0, 129, 3213, 8623, 26519, 2.2, 3487.9, 1902.4
2, 130692, 20/01/2019 16:20:10, OTHER_GROUPS, 27.1, 28.6, 22275.7, 0, 0, 0, 0, 0, 5551, 19172, 1.5, 1667.7, 1464.6
2, 130693, 20/01/2019 16:40:24, OTHER_GROUPS, 27, 28.3, 28346.9, 0, 0, 0, 0, 0, 6748, 17780, 1.3, 1449.1, 1405.8
2, 130694, 20/01/2019 17:00:41, OTHER_GROUPS, 27.4, 29.2, 15601.2, 0, 0, 0, 0, 0, 4494, 19383, 1.8, 816.2, 1248.7
2, 130695, 20/01/2019 17:20:03, OTHER_GROUPS, 26.3, 28, 13827.9, 0, 0, 0, 0, 0, 5144, 16783, 1.7, 960.7, 1438.4
2, 130696, 20/01/2019 17:40:07, OTHER_GROUPS, 20.1, 24.4, 13824.5, 2.6, 0, 0, 0, 0, 5516, 14468, 1.7, 1419.3, 1307.5
2, 130697, 20/01/2019 18:00:14, OTHER_GROUPS, 18.9, 39, 19539.9, 18.2, 0, 0, 0, 0, 3977, 14511, 1.9, 1363, 1253.2
2, 130698, 20/01/2019 18:20:17, OTHER_GROUPS, 18, 23.4, 10334.3, 4, 0, 0, 0, 0, 4730, 12802, 1.4, 758.1, 960.9
2, 130699, 20/01/2019 18:40:22, OTHER_GROUPS, 19.9, 23.7, 13202.1, 2.3, 0, 0, 0, 0, 5533, 15058, 1.5, 933.2, 1059.5
2, 130700, 20/01/2019 19:00:26, OTHER_GROUPS, 20.6, 28.3, 16122.1, 6, 0, 0, 0, 0, 4169, 14631, 1.7, 722, 962.6
2, 130701, 20/01/2019 19:20:02, OTHER_GROUPS, 20.4, 24.5, 12662.1, 2.1, 0, 0, 0, 0, 5123, 15694, 2, 879.6, 1268.4
2, 130702, 20/01/2019 19:40:11, OTHER_GROUPS, 22.4, 29, 14404.5, 4.8, 0, 0, 0, 0, 4665, 18272, 1.8, 746.3, 1080.7
2, 130703, 20/01/2019 20:00:21, OTHER_GROUPS, 22.8, 36, 15886.9, 11.3, 0, 0, 0, 0, 5108, 19638, 1.9, 744.7, 1015.7
2, 130704, 20/01/2019 20:20:24, OTHER_GROUPS, 22.1, 29.9, 14569.8, 6.3, 0, 0, 0, 0, 5130, 17329, 1.5, 752.9, 905
2, 130705, 20/01/2019 20:40:13, OTHER_GROUPS, 21, 34.7, 15474.9, 12.5, 0, 0, 0, 0, 4941, 16217, 1.2, 683.3, 682.5
2, 130706, 20/01/2019 21:00:01, OTHER_GROUPS, 22.7, 31.7, 15033.1, 6.2, 0, 0, 0, 0, 4382, 20864, 2.8, 726.1, 1260.3
2, 130707, 20/01/2019 21:20:10, OTHER_GROUPS, 22.7, 30.2, 14242.9, 6.1, 0, 0, 0, 0, 4581, 21116, 1.4, 734.7, 1104.8
2, 130708, 20/01/2019 21:40:10, OTHER_GROUPS, 24.1, 31.8, 15122.5, 6.4, 0, 0, 0, 0, 4694, 23192, 1.3, 724.1, 871.5
2, 130709, 20/01/2019 22:00:23, OTHER_GROUPS, 24.3, 32.5, 14992.7, 6.8, 0, 0, 0, 0, 5547, 24581, 1.4, 803.1, 780.3
2, 130710, 20/01/2019 22:20:30, OTHER_GROUPS, 25.5, 31.3, 14468.1, 4.5, 0, 0, 0, 0, 5393, 22666, 1.3, 725.4, 932.9
2, 130711, 20/01/2019 22:40:10, OTHER_GROUPS, 26.3, 32.6, 15043.1, 4.8, 0, 0, 0, 0, 4566, 27266, 1.5, 610.1, 1120.5
2, 130712, 20/01/2019 23:00:09, OTHER_GROUPS, 27.1, 38.1, 16094, 8.6, 0, 0, 0, 0, 5584, 27622, 2.4, 618.8, 2172.5
2, 130713, 20/01/2019 23:20:12, OTHER_GROUPS, 31.1, 49.4, 15922.3, 14.3, 0, 0, 0, 0, 4419, 37220, 4, 556.9, 4946.3
2, 130714, 20/01/2019 23:40:01, OTHER_GROUPS, 28.6, 37.2, 15701.7, 6.6, 0, 0, 0, 0, 5150, 34818, 2, 636.7, 1520.6
3, 130644, 20/01/2019 00:20:26, ADW_UNLOAD_GROUP, 0, 0, 0, 0, 0, 0, 0, 0, 49, 2, 0, 0, 0
3, 130647, 20/01/2019 01:20:14, ADW_UNLOAD_GROUP, 0, 0, 0, 0, 0, 0, 0, 0, 44, 0, 0, 0, 0
3, 130649, 20/01/2019 02:00:14, ADW_UNLOAD_GROUP, 0, 0, 0, 0, 0, 0, 0, 0, 49, 0, 0, 0, 0
3, 130650, 20/01/2019 02:20:22, ADW_UNLOAD_GROUP, 0, 0, 0, 0, 0, 0, 0, 0, 39, 1, 0, 0, 0
3, 130651, 20/01/2019 02:40:09, ADW_UNLOAD_GROUP, 0, 0, 0, 0, 0, 0, 0, 0, 44, 1, 0, 0, 0
3, 130652, 20/01/2019 03:00:16, ADW_UNLOAD_GROUP, 0, 0, 0, 0, 0, 0, 0, 0, 49, 2, 0, 0, 0
3, 130654, 20/01/2019 03:40:02, ADW_UNLOAD_GROUP, 0, 0, 0, 0, 0, 0, 0, 0, 49, 0, 0, 0, 0
3, 130656, 20/01/2019 04:20:05, ADW_UNLOAD_GROUP, 0, 0, 0, 0, 0, 0, 0, 0, 44, 0, 0, 0, 0
3, 130657, 20/01/2019 04:40:00, ADW_UNLOAD_GROUP, 0, 0, 0, 0, 0, 0, 0, 0, 44, 1, 0, 0, 0
3, 130658, 20/01/2019 05:00:15, ADW_UNLOAD_GROUP, 0, 0, 0, 0, 0, 0, 0, 0, 49, 1, 0, 0, 0
3, 130659, 20/01/2019 05:20:25, ADW_UNLOAD_GROUP, 0, 0, 0, 0, 0, 0, 0, 0, 39, 2, 0, 0, 0
3, 130660, 20/01/2019 05:40:02, ADW_UNLOAD_GROUP, 0, 0, 0, 0, 0, 0, 0, 0, 44, 0, 0, 0, 0
3, 130662, 20/01/2019 06:20:23, ADW_UNLOAD_GROUP, 0, 0, 0, 0, 0, 0, 0, 0, 44, 1, 0, 0, 0
3, 130663, 20/01/2019 06:40:05, ADW_UNLOAD_GROUP, 0, 0, 0, 0, 0, 0, 0, 0, 39, 0, 0, 0, 0
3, 130694, 20/01/2019 17:00:42, ADW_UNLOAD_GROUP, 0, 0, 0, 0, 0, 0, 0, 0, 39, 0, 0, 0, 0
3, 130695, 20/01/2019 17:20:03, ADW_UNLOAD_GROUP, 0, 0, 0, 0, 0, 0, 0, 0, 44, 0, 0, 0, 0
3, 130696, 20/01/2019 17:40:08, ADW_UNLOAD_GROUP, 0, 0, 0, 0, 0, 0, 0, 0, 44, 0, 0, 0, 0
3, 130697, 20/01/2019 18:00:14, ADW_UNLOAD_GROUP, 0, 0, 0, 0, 0, 0, 0, 0, 44, 0, 0, 0, 0
3, 130698, 20/01/2019 18:20:17, ADW_UNLOAD_GROUP, 0, 0, 0, 0, 0, 0, 0, 0, 44, 0, 0, 0, 0
3, 130700, 20/01/2019 19:00:29, ADW_UNLOAD_GROUP, 0.4, 1.3, 243.8, 0.7, 0, 0, 2, 34, 115, 84, 0.2, 157.8, 420.8
3, 130704, 20/01/2019 20:20:24, ADW_UNLOAD_GROUP, 0, 0, 0, 0, 0, 0, 0, 0, 39, 0, 0, 0, 0
3, 130705, 20/01/2019 20:40:13, ADW_UNLOAD_GROUP, 0, 0, 0, 0, 0, 0, 0, 0, 44, 0, 0, 0, 0
3, 130706, 20/01/2019 21:00:00, ADW_UNLOAD_GROUP, 0, 0, 0, 0, 0, 0, 0, 0, 44, 0, 0, 0, 0
3, 130707, 20/01/2019 21:20:10, ADW_UNLOAD_GROUP, 0, 0, 0, 0, 0, 0, 0, 0, 44, 0, 0, 0, 0
3, 130708, 20/01/2019 21:40:08, ADW_UNLOAD_GROUP, 0, 0, 0, 0, 0, 0, 0, 0, 47, 0, 0, 0, 0
3, 130711, 20/01/2019 22:40:10, ADW_UNLOAD_GROUP, 0, 0, 0, 0, 0, 0, 0, 0, 44, 0, 0, 0, 0
3, 130643, 20/01/2019 00:00:07, DM_TECH_GROUP, 5.7, 11.1, 2922.5, 3.7, 0, 0, 201, 2864, 2954, 1897, 1.7, 808.5, 3205.6
3, 130644, 20/01/2019 00:20:26, DM_TECH_GROUP, 9.1, 20.9, 16788.6, 9.1, 0, 0, 6, 88, 371, 5294, 2.7, 423.9, 4785.1
3, 130645, 20/01/2019 00:40:44, DM_TECH_GROUP, 15.1, 30.5, 28742.9, 11.4, 0, 0, 27, 386, 454, 10742, 4, 711.3, 9625.1
3, 130646, 20/01/2019 01:00:03, DM_TECH_GROUP, 13.2, 33.3, 21693.4, 16, 14, 0, 529, 7560, 7655, 7259, 4.1, 939.3, 8559.2
3, 130647, 20/01/2019 01:20:14, DM_TECH_GROUP, 12.3, 30.4, 20703.7, 13.6, 0, 0, 27, 376, 485, 7346, 4.5, 491.4, 10194.7
3, 130648, 20/01/2019 01:40:05, DM_TECH_GROUP, 8.9, 20.2, 19279.7, 8.3, 0, 0, 47, 714, 700, 4487, 3, 449.6, 9281.4
3, 130649, 20/01/2019 02:00:14, DM_TECH_GROUP, 11.2, 21, 11237.6, 5.4, 0, 0, 11, 154, 165, 6445, 4.4, 459.2, 9269.6
3, 130650, 20/01/2019 02:20:22, DM_TECH_GROUP, 12.3, 20.8, 14413.5, 4.5, 0, 0, 49, 676, 668, 5272, 4, 345, 8829.5
3, 130651, 20/01/2019 02:40:09, DM_TECH_GROUP, 8.2, 16.3, 1772.3, 5.3, 0, 0, 45, 656, 809, 3345, 2.8, 186, 8494.9
3, 130652, 20/01/2019 03:00:16, DM_TECH_GROUP, 8.8, 23.8, 1470.2, 7.7, 3, 0, 688, 9744, 9650, 4417, 7.3, 1754.2, 9206
3, 130653, 20/01/2019 03:20:29, DM_TECH_GROUP, 6.4, 20.3, 1675.6, 3.6, 0, 0, 66, 992, 978, 2965, 10.3, 591, 9545.7
3, 130654, 20/01/2019 03:40:02, DM_TECH_GROUP, 4.5, 11.7, 13008.9, 4.1, 0, 0, 90, 1328, 1325, 1371, 3.1, 595.9, 6173.6
3, 130655, 20/01/2019 04:00:29, DM_TECH_GROUP, 5, 18.2, 1018.5, 9.2, 0, 0, 694, 9824, 9800, 1961, 4, 1591.5, 9013.4
3, 130656, 20/01/2019 04:20:05, DM_TECH_GROUP, 4.6, 14.1, 1201.7, 5.9, 0, 0, 67, 1008, 994, 1753, 3.6, 504, 8322
3, 130657, 20/01/2019 04:40:00, DM_TECH_GROUP, 3.5, 8.4, 5034.2, 2.4, 0, 0, 68, 976, 968, 1136, 2.5, 264.3, 5036.7
3, 130658, 20/01/2019 05:00:15, DM_TECH_GROUP, 6.5, 12.4, 3490.1, 1.3, 0, 0, 745, 10576, 10575, 2775, 4.6, 1826.7, 8537
3, 130659, 20/01/2019 05:20:25, DM_TECH_GROUP, 4.8, 9.4, 4209.9, 2.6, 0, 0, 38, 602, 629, 1063, 2, 390.8, 4527.1
3, 130660, 20/01/2019 05:40:02, DM_TECH_GROUP, 2.6, 6.1, 399.7, 1.9, 0, 0, 61, 864, 930, 721, 1.6, 329.7, 4295.8
3, 130661, 20/01/2019 06:00:06, DM_TECH_GROUP, 5.1, 11.1, 603.4, 2.3, 0, 0, 758, 10772, 10839, 1957, 3.7, 2015.1, 8562.7
3, 130662, 20/01/2019 06:20:23, DM_TECH_GROUP, 3.5, 9.1, 609.3, 3.8, 0, 0, 34, 534, 527, 1033, 1.8, 228.8, 4186.4
3, 130663, 20/01/2019 06:40:05, DM_TECH_GROUP, 2.4, 5.1, 394.8, 1.4, 0, 0, 57, 784, 752, 529, 1.3, 104.1, 2670.7
3, 130694, 20/01/2019 17:00:42, DM_TECH_GROUP, 1.7, 9.2, 7555.1, 7, 0, 0, 226, 3196, 3302, 228, 0.5, 854.1, 1015.3
3, 130695, 20/01/2019 17:20:03, DM_TECH_GROUP, 0.3, 7.6, 3915.3, 7.3, 0, 0, 0, 0, 72, 27, 0, 30, 39.1
3, 130696, 20/01/2019 17:40:08, DM_TECH_GROUP, 0.1, 5, 2938.6, 4.9, 0, 0, 0, 0, 1, 1, 0, 0.1, 6.9
3, 130697, 20/01/2019 18:00:14, DM_TECH_GROUP, 0.7, 1.8, 89.4, 0.8, 0, 0, 2, 50, 105, 68, 0.3, 7, 587.5
3, 130698, 20/01/2019 18:20:17, DM_TECH_GROUP, 4.2, 7.1, 5530, 1.7, 0, 0, 6, 88, 217, 1834, 1.2, 610.9, 8967
3, 130699, 20/01/2019 18:40:23, DM_TECH_GROUP, 2.3, 3.8, 11236.3, 1, 0, 0, 23, 336, 356, 405, 0.5, 167.7, 4214.2
3, 130700, 20/01/2019 19:00:29, DM_TECH_GROUP, 4.3, 9.1, 3417.8, 3.3, 0, 0, 744, 10560, 10568, 1558, 1.5, 2066.5, 5503.6
3, 130701, 20/01/2019 19:20:02, DM_TECH_GROUP, 1.4, 3.1, 1021.6, 0.8, 0, 0, 77, 1136, 1132, 299, 0.9, 353.6, 3298.4
3, 130702, 20/01/2019 19:40:11, DM_TECH_GROUP, 0.7, 0.9, 41.8, 0.1, 0, 0, 21, 336, 406, 91, 0.1, 6.9, 371.8
3, 130703, 20/01/2019 20:00:21, DM_TECH_GROUP, 1.6, 3.8, 207.4, 0.9, 0, 0, 438, 6192, 6130, 299, 1.3, 841.7, 2013.8
3, 130704, 20/01/2019 20:20:24, DM_TECH_GROUP, 0.5, 0.8, 84.1, 0.2, 0, 0, 0, 0, 1, 23, 0.1, 6.6, 320.2
3, 130705, 20/01/2019 20:40:13, DM_TECH_GROUP, 0.5, 0.9, 117.8, 0.3, 0, 0, 3, 48, 53, 20, 0.1, 6.3, 283.8
3, 130706, 20/01/2019 21:00:00, DM_TECH_GROUP, 1.8, 3.4, 294.8, 1.1, 0, 0, 466, 6624, 6631, 391, 0.5, 411.5, 685.5
3, 130707, 20/01/2019 21:20:10, DM_TECH_GROUP, 0.6, 1, 51.5, 0.3, 0, 0, 30, 480, 482, 68, 0.1, 6.4, 213
3, 130708, 20/01/2019 21:40:08, DM_TECH_GROUP, 0.9, 1, 205.7, 0, 0, 0, 69, 1000, 1108, 107, 0.1, 18.9, 337.1
3, 130709, 20/01/2019 22:00:23, DM_TECH_GROUP, 3.9, 7.6, 2652.9, 1.6, 0, 0, 784, 11162, 11127, 1072, 2.1, 2368.6, 6818.6
3, 130710, 20/01/2019 22:20:30, DM_TECH_GROUP, 0.5, 0.7, 18.3, 0.1, 0, 0, 12, 153, 207, 24, 0.1, 44.7, 316.2
3, 130711, 20/01/2019 22:40:10, DM_TECH_GROUP, 0.2, 0.3, 6, 0.1, 0, 0, 5, 80, 155, 5, 0, 1.8, 225.9
3, 130712, 20/01/2019 23:00:09, DM_TECH_GROUP, 2.1, 5, 272.4, 1.5, 0, 0, 782, 11168, 11122, 445, 1.4, 1877.7, 4614.9
3, 130713, 20/01/2019 23:20:12, DM_TECH_GROUP, 2.7, 6.7, 4928.4, 3.6, 0, 0, 65, 914, 971, 773, 0.4, 884.3, 5110.4
3, 130714, 20/01/2019 23:40:01, DM_TECH_GROUP, 1.9, 4.6, 12994.6, 2.3, 0, 0, 3, 40, 84, 354, 0.4, 245.7, 3783.3
3, 130643, 20/01/2019 00:00:07, ODS_SUPPORT_GROUP, 0, 0, 0, 0, 0, 0, 0, 0, 4, 0, 0, 0, 0
3, 130649, 20/01/2019 02:00:14, ODS_SUPPORT_GROUP, 0, 0, 0, 0, 0, 0, 0, 0, 6, 0, 0, 0, 0
3, 130709, 20/01/2019 22:00:23, ODS_SUPPORT_GROUP, 0, 0, 0, 0, 0, 0, 0, 0, 6, 0, 0, 0, 0
3, 130713, 20/01/2019 23:20:12, ODS_SUPPORT_GROUP, 0, 0, 0, 0, 0, 0, 0, 0, 6, 0, 0, 0, 0
3, 130643, 20/01/2019 00:00:07, OTHER_GROUPS, 11.8, 22.9, 24269, 9.4, 0, 0, 101, 652, 1812, 2094, 1.7, 8151.9, 1093.2
3, 130644, 20/01/2019 00:20:26, OTHER_GROUPS, 13.8, 28.6, 25702.7, 12.9, 0, 0, 136, 976, 2233, 2890, 1.9, 6150.8, 1219.7
3, 130645, 20/01/2019 00:40:44, OTHER_GROUPS, 17.9, 25.4, 20343.4, 5.6, 0, 0, 526, 4108, 5310, 10584, 1.9, 5197, 2271.9
3, 130646, 20/01/2019 01:00:03, OTHER_GROUPS, 16.9, 33.5, 22379.5, 11.9, 0, 0, 243, 2060, 3205, 9555, 4.7, 5832.8, 6602.6
3, 130647, 20/01/2019 01:20:14, OTHER_GROUPS, 14.1, 27.3, 25196.6, 9.3, 0, 0, 31, 408, 1392, 3336, 3.9, 4910.6, 5556.1
3, 130648, 20/01/2019 01:40:05, OTHER_GROUPS, 13.2, 22.3, 22694.5, 6.1, 0, 0, 26, 400, 1709, 3463, 3, 6142.7, 4496.2
3, 130649, 20/01/2019 02:00:14, OTHER_GROUPS, 13.2, 23, 25024.4, 6.8, 0, 0, 23, 360, 1912, 3672, 3, 5389.4, 3059.8
3, 130650, 20/01/2019 02:20:22, OTHER_GROUPS, 13, 21.3, 24264.6, 5.8, 0, 0, 23, 328, 1795, 2848, 2.5, 4409.8, 2115
3, 130651, 20/01/2019 02:40:09, OTHER_GROUPS, 12.3, 18.8, 23084, 4.2, 0, 0, 12, 152, 635, 2152, 2.3, 2155.9, 2268.9
3, 130652, 20/01/2019 03:00:16, OTHER_GROUPS, 14.2, 23.5, 26740.5, 6.4, 1, 0, 19, 198, 794, 5863, 2.9, 3627.8, 1312.1
3, 130653, 20/01/2019 03:20:29, OTHER_GROUPS, 10.5, 22.5, 32240.4, 7, 0, 0, 35, 480, 1065, 6186, 5, 6327.1, 1813
3, 130654, 20/01/2019 03:40:02, OTHER_GROUPS, 15.7, 30.8, 41189.2, 10.7, 0, 0, 10, 98, 704, 13246, 4.4, 3540.6, 2357.3
3, 130655, 20/01/2019 04:00:29, OTHER_GROUPS, 14.6, 26.4, 51040.1, 9, 0, 0, 153, 752, 2717, 7100, 2.8, 4016.7, 2044.2
3, 130656, 20/01/2019 04:20:05, OTHER_GROUPS, 31.9, 42.3, 69490.3, 6.2, 0, 0, 491, 2440, 4910, 26190, 4.2, 9226.5, 3041.9
3, 130657, 20/01/2019 04:40:00, OTHER_GROUPS, 34.5, 47.5, 58388.2, 9, 0, 0, 201, 1168, 3456, 29641, 4, 8375.7, 3478
3, 130658, 20/01/2019 05:00:15, OTHER_GROUPS, 25.3, 30, 39271.9, 2.8, 0, 0, 230, 1279, 2864, 13424, 1.9, 14710.8, 1517
3, 130659, 20/01/2019 05:20:25, OTHER_GROUPS, 18.9, 24.9, 21111.6, 4.5, 0, 0, 12, 148, 3136, 6226, 1.5, 3392.2, 2144.3
3, 130660, 20/01/2019 05:40:02, OTHER_GROUPS, 12.8, 16.9, 18297.5, 2.9, 0, 0, 7, 50, 453, 3206, 1.2, 1267.6, 2408.4
3, 130661, 20/01/2019 06:00:06, OTHER_GROUPS, 9.8, 14.6, 17097.6, 3.5, 0, 0, 122, 560, 1232, 1692, 1.3, 2222.8, 1520
3, 130662, 20/01/2019 06:20:23, OTHER_GROUPS, 10.9, 17.7, 16911.6, 4.5, 0, 0, 7, 96, 750, 3261, 2.3, 1324.8, 5508.8
3, 130663, 20/01/2019 06:40:05, OTHER_GROUPS, 10.9, 15.8, 16886.3, 3, 0, 0, 84, 756, 1973, 3097, 1.9, 4126.4, 3373.5
3, 130664, 20/01/2019 07:00:14, OTHER_GROUPS, 31.5, 37.1, 26381.3, 1.3, 0, 0, 29, 886, 2252, 26651, 4.3, 6864.8, 5790.8
3, 130665, 20/01/2019 07:20:06, OTHER_GROUPS, 17.7, 26.5, 14459.4, 5.1, 0, 0, 38, 1081, 4798, 8890, 3.7, 4289.1, 9336.2
3, 130666, 20/01/2019 07:40:04, OTHER_GROUPS, 25.4, 37.6, 41338.7, 9.1, 0, 0, 68, 1926, 2426, 17641, 3.1, 7377.5, 9339.6
3, 130667, 20/01/2019 08:00:26, OTHER_GROUPS, 22.3, 24.8, 31685.1, 0, 0, 0, 48, 1251, 2449, 13335, 2.5, 3348.1, 4218.7
3, 130668, 20/01/2019 08:20:01, OTHER_GROUPS, 26.8, 28.9, 11974.3, 0, 0, 0, 36, 985, 1555, 7923, 2.1, 6552.5, 2449.7
3, 130669, 20/01/2019 08:40:07, OTHER_GROUPS, 39.9, 42, 43740.3, 0, 0, 0, 54, 1303, 1894, 16153, 2.1, 6200.7, 2267.2
3, 130670, 20/01/2019 09:00:20, OTHER_GROUPS, 49.5, 57.2, 41215.3, 4.9, 0, 0, 41, 1213, 2598, 46339, 2.8, 6042.1, 2270.6
3, 130671, 20/01/2019 09:20:24, OTHER_GROUPS, 29.7, 32.4, 27805, 0, 0, 0, 35, 901, 3672, 15577, 2.7, 4138.2, 2884.2
3, 130672, 20/01/2019 09:40:01, OTHER_GROUPS, 53.3, 68.2, 32238.5, 10.3, 0, 0, 98, 3371, 9261, 71022, 4.6, 6024.2, 4387.6
3, 130673, 20/01/2019 10:00:03, OTHER_GROUPS, 66.3, 71.5, 53134.8, 0, 1, 0, 822, 13207, 23927, 63013, 5.2, 10754.2, 5548.6
3, 130674, 20/01/2019 10:20:08, OTHER_GROUPS, 46.4, 51.1, 30058.1, 0, 0, 0, 225, 5806, 13089, 29895, 4.7, 7502.4, 7906.5
3, 130675, 20/01/2019 10:40:13, OTHER_GROUPS, 37.7, 43.2, 46650.8, 3, 0, 0, 115, 3752, 108858, 72960, 2.5, 6154.2, 3010.4
3, 130676, 20/01/2019 11:00:20, OTHER_GROUPS, 53.9, 59, 41625.3, 1.9, 2, 0.1, 83, 2869, 7617, 52580, 3.2, 6562.6, 3284.4
3, 130677, 20/01/2019 11:20:14, OTHER_GROUPS, 36, 40.2, 20156.9, 1.6, 0, 0, 101, 2316, 6099, 28484, 2.6, 2791.5, 4484.5
3, 130678, 20/01/2019 11:40:07, OTHER_GROUPS, 25.5, 28, 11336, 0, 0, 0, 119, 2999, 19690, 13978, 2.5, 2641.7, 3524
3, 130679, 20/01/2019 12:00:20, OTHER_GROUPS, 25.5, 30.8, 14377.5, 0, 0, 0, 824, 12334, 14250, 15641, 5.3, 7130.8, 7713.8
3, 130680, 20/01/2019 12:20:03, OTHER_GROUPS, 34.6, 40.1, 35170.8, 2.7, 0, 0, 185, 5103, 8337, 155316, 2.8, 2477.3, 5721
3, 130681, 20/01/2019 12:40:17, OTHER_GROUPS, 16.2, 18.4, 5480.6, 0, 0, 0, 138, 4626, 29622, 6188, 2.2, 2357.4, 3792.8
3, 130682, 20/01/2019 13:00:08, OTHER_GROUPS, 25, 28.2, 11269.3, 0, 0, 0, 1125, 69127, 75454, 9189, 3.2, 6227.9, 3565.9
3, 130683, 20/01/2019 13:20:00, OTHER_GROUPS, 22.1, 25.5, 16753.7, 0, 0, 0, 896, 55783, 57174, 13582, 3.4, 6131.3, 6351.5
3, 130684, 20/01/2019 13:40:07, OTHER_GROUPS, 41.4, 47.1, 40091.3, 0, 0, 0, 664, 40924, 43316, 35742, 5.7, 7433.3, 11742.5
3, 130685, 20/01/2019 14:00:11, OTHER_GROUPS, 30.2, 34.6, 26499.3, 0, 0, 0, 801, 47586, 49496, 14150, 4.4, 7808.8, 8524.4
3, 130686, 20/01/2019 14:20:07, OTHER_GROUPS, 20.5, 22.5, 8038.8, 0, 0, 0, 1074, 65088, 67524, 6885, 2, 6401.9, 2239.6
3, 130687, 20/01/2019 14:40:11, OTHER_GROUPS, 19.6, 21.2, 10759.2, 0, 1, 0, 1163, 69561, 71611, 5963, 1.6, 4996.6, 1388
3, 130688, 20/01/2019 15:00:10, OTHER_GROUPS, 31.7, 35.9, 26439.2, 0, 0, 0, 1393, 53616, 54687, 17571, 4.2, 7674.6, 7320.6
3, 130689, 20/01/2019 15:20:20, OTHER_GROUPS, 19.8, 22.1, 7791.1, 0, 0, 0, 1008, 58877, 60064, 5952, 2.3, 6029.6, 4306.5
3, 130690, 20/01/2019 15:40:32, OTHER_GROUPS, 15.7, 17.6, 1510.8, 0, 0, 0, 1302, 81485, 82781, 6828, 1.9, 7069.9, 5513.2
3, 130691, 20/01/2019 16:00:07, OTHER_GROUPS, 22.8, 26.5, 6497.1, 0, 1, 0, 1853, 78878, 81375, 10607, 3.7, 10816.6, 6221.1
3, 130692, 20/01/2019 16:20:10, OTHER_GROUPS, 19.4, 21.6, 1273.7, 0, 0, 0, 1171, 71188, 83433, 7097, 2.2, 4061, 5611.7
3, 130693, 20/01/2019 16:40:24, OTHER_GROUPS, 22.9, 25, 2822.2, 0, 0, 0, 1478, 93496, 95723, 7573, 2.1, 4224.9, 3081.7
3, 130694, 20/01/2019 17:00:42, OTHER_GROUPS, 13.5, 15, 12364.5, 0, 0, 0, 27, 392, 932, 2722, 1.5, 5620.6, 2062.2
3, 130695, 20/01/2019 17:20:03, OTHER_GROUPS, 14.6, 15.8, 12723.3, 0, 0, 0, 15, 224, 753, 3917, 1.2, 4182.5, 2344.1
3, 130696, 20/01/2019 17:40:08, OTHER_GROUPS, 11.3, 12.6, 12596.4, 0, 0, 0, 3, 32, 502, 2109, 1.3, 2349.2, 2320.3
3, 130697, 20/01/2019 18:00:14, OTHER_GROUPS, 10.8, 20.5, 26238.4, 7, 0, 0, 32, 458, 1046, 2503, 2.7, 6979.1, 2919.7
3, 130698, 20/01/2019 18:20:17, OTHER_GROUPS, 8.1, 9.8, 10023.1, 0, 0, 0, 5, 80, 616, 637, 1.7, 1966, 1971.2
3, 130699, 20/01/2019 18:40:23, OTHER_GROUPS, 8.8, 11.6, 17950.8, 1, 0, 0, 3, 40, 489, 710, 1.8, 1685.5, 2437.9
3, 130700, 20/01/2019 19:00:29, OTHER_GROUPS, 12.7, 16.1, 17580.4, 1.6, 0, 0, 10, 168, 928, 2360, 1.8, 4582.2, 1579.4
3, 130701, 20/01/2019 19:20:02, OTHER_GROUPS, 8.1, 10.9, 13085.7, 1.5, 0, 0, 15, 192, 889, 2516, 1.3, 3436, 763.4
3, 130702, 20/01/2019 19:40:11, OTHER_GROUPS, 10.1, 13.3, 13421.6, 1.7, 0, 0, 29, 424, 1010, 1333, 1.5, 6381.4, 2867.2
3, 130703, 20/01/2019 20:00:21, OTHER_GROUPS, 13, 21.3, 14478.7, 6.4, 0, 0, 27, 392, 967, 6839, 1.9, 6319.2, 2707.4
3, 130704, 20/01/2019 20:20:24, OTHER_GROUPS, 13.1, 20.2, 17356.3, 5.8, 0, 0, 20, 304, 836, 9293, 1.3, 5362.5, 2423.3
3, 130705, 20/01/2019 20:40:13, OTHER_GROUPS, 9.3, 15.5, 13877.5, 5.1, 0, 0, 4, 48, 622, 966, 1.1, 1879.7, 1760.6
3, 130706, 20/01/2019 21:00:00, OTHER_GROUPS, 14.1, 22, 20346.6, 6, 0, 0, 7, 96, 803, 4551, 1.9, 11425.8, 2262.9
3, 130707, 20/01/2019 21:20:10, OTHER_GROUPS, 13.6, 16.8, 22060, 2, 0, 0, 2, 32, 558, 3340, 1.2, 1503.3, 1753.9
3, 130708, 20/01/2019 21:40:08, OTHER_GROUPS, 11.9, 15.9, 18382, 2.9, 0, 0, 7, 104, 566, 2137, 1.1, 2670.4, 3045.6
3, 130709, 20/01/2019 22:00:23, OTHER_GROUPS, 10.8, 15.1, 14664, 2.2, 0, 0, 7, 85, 635, 2574, 2.1, 3143.7, 3395
3, 130710, 20/01/2019 22:20:30, OTHER_GROUPS, 7, 7.9, 12655.7, 0, 0, 0, 6, 72, 593, 312, 0.9, 1528.9, 1031.1
3, 130711, 20/01/2019 22:40:10, OTHER_GROUPS, 7.3, 8.3, 12707.3, 0, 0, 0, 4, 64, 676, 361, 1, 2778.5, 1006.2
3, 130712, 20/01/2019 23:00:09, OTHER_GROUPS, 7.6, 9.1, 12921.6, 0.4, 0, 0, 6, 80, 707, 683, 1.1, 3419.9, 845.4
3, 130713, 20/01/2019 23:20:12, OTHER_GROUPS, 7.8, 10.6, 12487.3, 1.6, 0, 0, 12, 160, 711, 477, 1.2, 2906.8, 1511.9
3, 130714, 20/01/2019 23:40:01, OTHER_GROUPS, 8.1, 9.6, 12579.7, 0.3, 0, 0, 12, 160, 687, 535, 1.2, 2892.1, 1318.2
3, 130697, 20/01/2019 18:00:14, SANDBOX_GROUP, 1.1, 1.9, 4368.7, 0.8, 0, 0, 1, 16, 64, 113, 0, 4922, 7
3, 130698, 20/01/2019 18:20:17, SANDBOX_GROUP, 0.1, 0.4, 2256.8, 0.3, 0, 0, 1, 8, 0, 4, 0, 95.8, 4.6
3, 130699, 20/01/2019 18:40:23, SANDBOX_GROUP, 0.1, 0.2, 5163.8, 0.1, 0, 0, 1, 8, 0, 1, 0, 75.3, 0.7
3, 130700, 20/01/2019 19:00:29, SANDBOX_GROUP, 0.1, 0.2, 3804.8, 0, 0, 0, 0, 0, 0, 5, 0.1, 9.9, 17.8
3, 130701, 20/01/2019 19:20:02, SANDBOX_GROUP, 0.1, 0.3, 2026.4, 0.1, 0, 0, 0, 0, 0, 14, 0.1, 13, 99.2
3, 130702, 20/01/2019 19:40:11, SANDBOX_GROUP, 0.1, 0.2, 345.4, 0, 0, 0, 0, 0, 0, 2, 0.1, 13.5, 60.8
3, 130703, 20/01/2019 20:00:21, SANDBOX_GROUP, 0.1, 0.3, 2180.2, 0.2, 0, 0, 0, 0, 0, 5, 0, 13.1, 46.8
3, 130704, 20/01/2019 20:20:24, SANDBOX_GROUP, 0.1, 0.2, 377.3, 0, 0, 0, 0, 0, 0, 4, 0.1, 14, 62.6
3, 130705, 20/01/2019 20:40:13, SANDBOX_GROUP, 0.1, 0.3, 228.7, 0.1, 0, 0, 0, 0, 0, 1, 0.1, 12.9, 116.2
3, 130706, 20/01/2019 21:00:00, SANDBOX_GROUP, 0.1, 0.2, 79.3, 0, 0, 0, 2, 24, 0, 4, 0.1, 191, 56.7
3, 130643, 20/01/2019 00:00:07, SZB_SANDBOX_GROUP, 2.5, 3, 408, 0.4, 0, 0, 6, 303, 914, 334, 0.1, 1299.3, 63.3
3, 130644, 20/01/2019 00:20:26, SZB_SANDBOX_GROUP, 2.1, 3.5, 719.2, 1.3, 0, 0, 7, 367, 486, 196, 0.1, 46.1, 74.2
3, 130645, 20/01/2019 00:40:44, SZB_SANDBOX_GROUP, 2.3, 3.5, 1445.2, 0.8, 0, 0, 6, 335, 880, 400, 0.4, 96.9, 237.5
3, 130646, 20/01/2019 01:00:03, SZB_SANDBOX_GROUP, 1.9, 3.1, 1084.6, 0.9, 0, 0, 6, 352, 982, 340, 0.3, 1850.2, 216.2
3, 130647, 20/01/2019 01:20:14, SZB_SANDBOX_GROUP, 1.1, 2.6, 1208.4, 1.4, 0, 0, 4, 175, 282, 131, 0.1, 72.7, 72.5
3, 130648, 20/01/2019 01:40:05, SZB_SANDBOX_GROUP, 1.6, 2.3, 1079.1, 0.5, 0, 0, 11, 412, 531, 231, 0.2, 235.7, 190.8
3, 130649, 20/01/2019 02:00:14, SZB_SANDBOX_GROUP, 23.1, 30.5, 12882.5, 5.2, 0, 0, 12, 569, 2995, 12435, 2.2, 1998.2, 3759.9
3, 130650, 20/01/2019 02:20:22, SZB_SANDBOX_GROUP, 20.9, 22.3, 5266.8, 0.4, 0, 0, 4, 111, 889, 7421, 1, 216.6, 2110
3, 130651, 20/01/2019 02:40:09, SZB_SANDBOX_GROUP, 4.2, 4.5, 599.3, 0, 0, 0, 13, 736, 1312, 864, 0.3, 192.1, 396.5
3, 130652, 20/01/2019 03:00:16, SZB_SANDBOX_GROUP, 14, 33.6, 4418.3, 18.5, 0, 0, 18, 1007, 5753, 7959, 1.1, 11112.8, 814.6
3, 130653, 20/01/2019 03:20:29, SZB_SANDBOX_GROUP, 19.1, 66.4, 6987.7, 43.9, 0, 0, 18, 1007, 2814, 6650, 3.4, 17128.3, 1173
3, 130654, 20/01/2019 03:40:02, SZB_SANDBOX_GROUP, 17.3, 19.4, 10684.7, 0.8, 0, 0, 18, 1039, 5445, 4944, 1.3, 383.5, 1591.1
3, 130655, 20/01/2019 04:00:29, SZB_SANDBOX_GROUP, 15.8, 28, 7022.9, 10.7, 0, 0, 21, 1295, 2603, 10044, 1.5, 13588.1, 2556.4
3, 130656, 20/01/2019 04:20:05, SZB_SANDBOX_GROUP, 13.9, 16.3, 5542.9, 0.6, 0, 0, 15, 896, 6324, 4506, 1.8, 5254.4, 2203.6
3, 130657, 20/01/2019 04:40:00, SZB_SANDBOX_GROUP, 8.1, 10.1, 4864.8, 1.2, 0, 0, 35, 1807, 7875, 1791, 0.8, 484.6, 945.9
3, 130658, 20/01/2019 05:00:15, SZB_SANDBOX_GROUP, 10.5, 14.7, 9002.8, 1.9, 0, 0, 35, 1807, 2811, 2688, 2.3, 2751, 2605.8
3, 130659, 20/01/2019 05:20:25, SZB_SANDBOX_GROUP, 8, 14.6, 10794.3, 3.2, 0, 0, 17, 751, 1665, 1633, 3.4, 580.9, 4657.8
3, 130660, 20/01/2019 05:40:02, SZB_SANDBOX_GROUP, 7.7, 10.9, 20271.6, 2.3, 0, 0, 2, 79, 286, 2779, 0.9, 502, 2612.5
3, 130661, 20/01/2019 06:00:06, SZB_SANDBOX_GROUP, 15.8, 17.9, 17636.6, 1.5, 0, 0, 24, 1071, 3437, 6911, 0.6, 2257.8, 1184.1
3, 130662, 20/01/2019 06:20:23, SZB_SANDBOX_GROUP, 29.7, 40.7, 33835.8, 6.1, 0, 0, 13, 768, 2464, 31210, 4.9, 2795.5, 11310.8
3, 130663, 20/01/2019 06:40:05, SZB_SANDBOX_GROUP, 18.9, 23.9, 29621.4, 4.6, 0, 0, 7, 335, 462, 14301, 0.4, 1019.2, 961.7
3, 130694, 20/01/2019 17:00:42, SZB_SANDBOX_GROUP, 11.8, 12.4, 9361.1, 0.3, 0, 0, 221, 14080, 14882, 2898, 0.3, 2105.2, 246.2
3, 130695, 20/01/2019 17:20:03, SZB_SANDBOX_GROUP, 10.1, 12.6, 2187, 1.7, 0, 0, 223, 13888, 15332, 2757, 0.8, 6312.5, 1331.1
3, 130696, 20/01/2019 17:40:08, SZB_SANDBOX_GROUP, 7.5, 9.1, 578.7, 0, 0, 0, 852, 54528, 62369, 1719, 1.6, 1960.8, 1283.5
3, 130697, 20/01/2019 18:00:14, SZB_SANDBOX_GROUP, 5.5, 8, 1362, 0, 0, 0, 623, 39872, 45001, 1327, 2.5, 2643.9, 1104.5
3, 130698, 20/01/2019 18:20:17, SZB_SANDBOX_GROUP, 2.6, 3, 335.2, 0, 0, 0, 0, 0, 9262, 468, 0.4, 1636.9, 347.7
3, 130699, 20/01/2019 18:40:23, SZB_SANDBOX_GROUP, 4.4, 5.2, 1966.1, 0, 0, 0, 21, 1344, 31388, 1676, 0.8, 1106.7, 1092
3, 130700, 20/01/2019 19:00:29, SZB_SANDBOX_GROUP, 11.2, 17.9, 3171.2, 5.7, 0, 0, 5, 264, 1696, 3665, 1, 10886.1, 2422.4
3, 130701, 20/01/2019 19:20:02, SZB_SANDBOX_GROUP, 24, 28.4, 4132.2, 3.5, 0, 0, 6, 349, 871, 11249, 0.9, 2818.8, 2300.5
3, 130702, 20/01/2019 19:40:11, SZB_SANDBOX_GROUP, 16.4, 17.7, 5205.7, 1.1, 0, 0, 6, 384, 599, 3126, 0.2, 3389.5, 642.3
3, 130703, 20/01/2019 20:00:21, SZB_SANDBOX_GROUP, 15.8, 16.6, 3706.3, 0.5, 0, 0, 2, 96, 988, 2452, 0.3, 1679.7, 215.7
3, 130704, 20/01/2019 20:20:24, SZB_SANDBOX_GROUP, 4.8, 5.8, 3153.8, 0.7, 0, 0, 5, 320, 492, 559, 0.3, 135.2, 320.7
3, 130705, 20/01/2019 20:40:13, SZB_SANDBOX_GROUP, 6.5, 8.4, 9829.6, 1.7, 0, 0, 3, 192, 7719, 591, 0.2, 1071.5, 358.9
3, 130706, 20/01/2019 21:00:00, SZB_SANDBOX_GROUP, 20.5, 26.7, 13694.3, 5.6, 0, 0, 83, 2832, 23514, 5253, 0.6, 5110.8, 676.9
3, 130707, 20/01/2019 21:20:10, SZB_SANDBOX_GROUP, 14.7, 15, 6076.4, 0, 0, 0, 55, 2160, 37163, 2497, 0.3, 4683.5, 530.2
3, 130708, 20/01/2019 21:40:08, SZB_SANDBOX_GROUP, 5.7, 8.6, 2862.7, 2.3, 0, 0, 19, 943, 1491, 2091, 0.6, 8482.3, 1333.3
3, 130709, 20/01/2019 22:00:23, SZB_SANDBOX_GROUP, 12.1, 16.7, 12973.3, 3.7, 0, 0, 23, 1216, 1898, 3056, 0.9, 2534.5, 2169.7
3, 130710, 20/01/2019 22:20:30, SZB_SANDBOX_GROUP, 2.1, 2.3, 1590.3, 0, 0, 0, 37, 1775, 2216, 268, 0.2, 264.5, 507
3, 130711, 20/01/2019 22:40:10, SZB_SANDBOX_GROUP, 5.4, 5.5, 1259.3, 0, 0, 0, 6, 303, 860, 544, 0.1, 171.2, 232
3, 130712, 20/01/2019 23:00:09, SZB_SANDBOX_GROUP, 10.4, 11.1, 9182.3, 0.5, 0, 0, 26, 1600, 2585, 1379, 0.2, 4247.3, 192.9
3, 130713, 20/01/2019 23:20:12, SZB_SANDBOX_GROUP, 2.1, 2.2, 1172.6, 0, 0, 0, 14, 815, 1193, 239, 0.1, 69.6, 191.9
3, 130714, 20/01/2019 23:40:01, SZB_SANDBOX_GROUP, 7, 7.3, 879.1, 0, 0, 0, 37, 1903, 2508, 882, 0.3, 261.4, 482.1
4, 130643, 20/01/2019 00:00:07, ADW_UNLOAD_GROUP, 0, 0, 0, 0, 0, 0, 0, 0, 49, 0, 0, 0, 0
4, 130644, 20/01/2019 00:20:26, ADW_UNLOAD_GROUP, 0, 0, 0, 0, 0, 0, 0, 0, 44, 0, 0, 0, 0
4, 130647, 20/01/2019 01:20:14, ADW_UNLOAD_GROUP, 0, 0, 0, 0, 0, 0, 0, 0, 44, 1, 0, 0, 0
4, 130648, 20/01/2019 01:40:05, ADW_UNLOAD_GROUP, 0, 0, 0, 0, 0, 0, 0, 0, 44, 1, 0, 0, 0
4, 130649, 20/01/2019 02:00:14, ADW_UNLOAD_GROUP, 0, 0, 0, 0, 0, 0, 0, 0, 44, 1, 0, 0, 0
4, 130650, 20/01/2019 02:20:22, ADW_UNLOAD_GROUP, 0, 0, 0, 0, 0, 0, 0, 0, 44, 0, 0, 0, 0
4, 130651, 20/01/2019 02:40:10, ADW_UNLOAD_GROUP, 0, 0, 0, 0, 0, 0, 0, 0, 44, 0, 0, 0, 0
4, 130653, 20/01/2019 03:20:30, ADW_UNLOAD_GROUP, 0, 0, 0, 0, 0, 0, 0, 0, 39, 0, 0, 0, 0
4, 130657, 20/01/2019 04:40:01, ADW_UNLOAD_GROUP, 0, 0, 0, 0, 0, 0, 0, 0, 44, 1, 0, 0, 0
4, 130658, 20/01/2019 05:00:13, ADW_UNLOAD_GROUP, 0, 0, 0, 0, 0, 0, 0, 0, 49, 0, 0, 0, 0
4, 130659, 20/01/2019 05:20:25, ADW_UNLOAD_GROUP, 0, 0, 0, 0, 0, 0, 0, 0, 39, 1, 0, 0, 0
4, 130660, 20/01/2019 05:40:02, ADW_UNLOAD_GROUP, 0, 0, 0, 0, 0, 0, 0, 0, 44, 0, 0, 0, 0
4, 130663, 20/01/2019 06:40:01, ADW_UNLOAD_GROUP, 0, 0, 0, 0, 0, 0, 0, 0, 39, 1, 0, 0, 0
4, 130694, 20/01/2019 17:00:40, ADW_UNLOAD_GROUP, 0, 0, 0, 0, 0, 0, 0, 0, 39, 0, 0, 0, 0
4, 130695, 20/01/2019 17:20:03, ADW_UNLOAD_GROUP, 0, 0, 0, 0, 0, 0, 0, 0, 49, 0, 0, 0, 0
4, 130697, 20/01/2019 18:00:17, ADW_UNLOAD_GROUP, 0, 0, 0, 0, 0, 0, 0, 0, 44, 0, 0, 0, 0
4, 130699, 20/01/2019 18:40:22, ADW_UNLOAD_GROUP, 0, 0, 0, 0, 0, 0, 0, 0, 49, 0, 0, 0, 0
4, 130700, 20/01/2019 19:00:32, ADW_UNLOAD_GROUP, 0, 0, 0.3, 0, 0, 0, 0, 0, 90, 5, 0, 3.3, 3.9
4, 130701, 20/01/2019 19:20:02, ADW_UNLOAD_GROUP, 0, 0, 0, 0, 0, 0, 0, 0, 44, 0, 0, 0, 0
4, 130705, 20/01/2019 20:40:13, ADW_UNLOAD_GROUP, 0, 0, 0, 0, 0, 0, 0, 0, 44, 1, 0, 0, 0
4, 130711, 20/01/2019 22:40:10, ADW_UNLOAD_GROUP, 0, 0, 0, 0, 0, 0, 0, 0, 44, 0, 0, 0, 0
4, 130712, 20/01/2019 23:00:09, ADW_UNLOAD_GROUP, 0, 0, 0, 0, 0, 0, 0, 0, 44, 0, 0, 0, 0
4, 130643, 20/01/2019 00:00:07, DM_TECH_GROUP, 2.9, 11.9, 442.6, 7.5, 0, 0, 545, 7728, 7690, 850, 1.5, 1251, 3852.2
4, 130644, 20/01/2019 00:20:26, DM_TECH_GROUP, 5.1, 21.1, 6002.2, 14.2, 0, 0, 47, 720, 975, 2094, 1.8, 776.7, 5416.7
4, 130645, 20/01/2019 00:40:44, DM_TECH_GROUP, 9, 26.1, 15193.9, 12.6, 0, 0, 72, 1024, 992, 4922, 4.5, 705.8, 12082.6
4, 130646, 20/01/2019 01:00:03, DM_TECH_GROUP, 9.3, 28.2, 23659.6, 14.5, 22, 0, 370, 5292, 5485, 4142, 4.4, 1679.4, 8271.6
4, 130647, 20/01/2019 01:20:14, DM_TECH_GROUP, 7, 24.7, 19631.5, 15.4, 0, 0, 20, 292, 347, 2607, 2.3, 432.5, 5735.8
4, 130648, 20/01/2019 01:40:05, DM_TECH_GROUP, 4.4, 22.4, 17817.3, 16.2, 0, 0, 4, 64, 65, 1412, 1.8, 311.7, 8191.9
4, 130649, 20/01/2019 02:00:14, DM_TECH_GROUP, 5.2, 19.6, 8620, 11.5, 0, 0, 15, 190, 212, 1439, 2.9, 256.8, 6743.1
4, 130650, 20/01/2019 02:20:22, DM_TECH_GROUP, 6, 12.4, 27376.1, 5.6, 0, 0, 17, 240, 228, 1047, 0.8, 260.3, 2283.3
4, 130651, 20/01/2019 02:40:10, DM_TECH_GROUP, 4.4, 13.2, 8449.3, 7.9, 0, 0, 8, 120, 112, 1068, 0.9, 272, 3441.2
4, 130652, 20/01/2019 03:00:16, DM_TECH_GROUP, 3.7, 12.5, 13557, 7, 0, 0, 5, 70, 97, 728, 1.8, 238.6, 2204.4
4, 130653, 20/01/2019 03:20:30, DM_TECH_GROUP, 3.1, 11.7, 6391.8, 5, 0, 0, 3, 22, 22, 679, 3.6, 169.7, 2049.6
4, 130654, 20/01/2019 03:40:02, DM_TECH_GROUP, 3.7, 10.6, 9505.2, 6, 0, 0, 4, 48, 52, 958, 0.9, 172.2, 2197.4
4, 130655, 20/01/2019 04:00:29, DM_TECH_GROUP, 4.1, 10.9, 7408.1, 6.3, 0, 0, 8, 128, 120, 674, 0.5, 201.6, 1132.4
4, 130656, 20/01/2019 04:20:05, DM_TECH_GROUP, 4.4, 9.3, 7787.2, 4.5, 0, 0, 5, 72, 64, 969, 0.4, 166.7, 767.3
4, 130657, 20/01/2019 04:40:01, DM_TECH_GROUP, 3.5, 8, 880.1, 4.2, 0, 0, 6, 80, 77, 1135, 0.3, 131.9, 516.2
4, 130658, 20/01/2019 05:00:13, DM_TECH_GROUP, 2.6, 8.2, 591.3, 4.6, 0, 0, 2, 20, 158, 814, 1, 165.4, 1666.8
4, 130659, 20/01/2019 05:20:25, DM_TECH_GROUP, 2.8, 9, 1466.2, 5.6, 0, 0, 2, 32, 90, 795, 0.6, 274.6, 2745.2
4, 130660, 20/01/2019 05:40:02, DM_TECH_GROUP, 4.1, 9.9, 909.8, 5, 0, 0, 4, 64, 64, 950, 0.8, 366.3, 4441.2
4, 130661, 20/01/2019 06:00:06, DM_TECH_GROUP, 4.3, 9.6, 2703, 4.8, 0, 0, 11, 134, 251, 930, 0.5, 160.1, 722.4
4, 130662, 20/01/2019 06:20:23, DM_TECH_GROUP, 3.2, 8, 683.2, 4.6, 0, 0, 17, 256, 284, 647, 0.2, 165.1, 429.4
4, 130663, 20/01/2019 06:40:01, DM_TECH_GROUP, 1.2, 6.5, 3465.1, 5.1, 0, 0, 3, 48, 25, 256, 0.2, 98.1, 683.3
4, 130694, 20/01/2019 17:00:40, DM_TECH_GROUP, 2, 9.1, 315.1, 6.2, 0, 0, 458, 6490, 6567, 282, 0.9, 625, 1847.7
4, 130695, 20/01/2019 17:20:03, DM_TECH_GROUP, 1.1, 7.4, 294.3, 6, 0, 0, 35, 560, 560, 194, 0.3, 413.3, 1792.1
4, 130696, 20/01/2019 17:40:08, DM_TECH_GROUP, 0.9, 6.3, 257.4, 5.1, 0, 0, 61, 864, 885, 139, 0.3, 304, 1330.9
4, 130697, 20/01/2019 18:00:17, DM_TECH_GROUP, 3.2, 13.9, 539.3, 8.3, 0, 0, 756, 10752, 10712, 702, 2.4, 2034.8, 5260.3
4, 130698, 20/01/2019 18:20:17, DM_TECH_GROUP, 1.5, 6.1, 701.9, 4.1, 0, 0, 93, 1368, 1389, 251, 0.5, 482.7, 4162.8
4, 130699, 20/01/2019 18:40:22, DM_TECH_GROUP, 1.8, 7.3, 2693, 5, 0, 0, 2, 24, 35, 297, 0.5, 220.8, 3402.2
4, 130700, 20/01/2019 19:00:32, DM_TECH_GROUP, 1.8, 7.8, 10740.2, 4.8, 0, 0, 2, 32, 17, 214, 1.2, 141, 3378.9
4, 130701, 20/01/2019 19:20:02, DM_TECH_GROUP, 0.8, 4.3, 96.4, 3.4, 0, 0, 10, 144, 120, 94, 0.1, 78.9, 281.5
4, 130702, 20/01/2019 19:40:11, DM_TECH_GROUP, 0.8, 4.6, 102.4, 3.7, 0, 0, 59, 848, 904, 119, 0.1, 87.9, 307.1
4, 130703, 20/01/2019 20:00:21, DM_TECH_GROUP, 1, 7.1, 280.7, 5.5, 0, 0, 237, 3360, 3332, 181, 0.6, 883.1, 1436.7
4, 130704, 20/01/2019 20:20:21, DM_TECH_GROUP, 1.2, 8, 260.6, 6.5, 0, 0, 35, 560, 560, 202, 0.3, 441.3, 1964
4, 130705, 20/01/2019 20:40:13, DM_TECH_GROUP, 0.9, 6.1, 194.2, 5, 0, 0, 57, 800, 777, 157, 0.2, 316.2, 1429.6
4, 130706, 20/01/2019 21:00:01, DM_TECH_GROUP, 1.8, 9.9, 375.8, 7.2, 0, 0, 287, 4080, 4083, 369, 0.9, 1372, 3219.6
4, 130707, 20/01/2019 21:20:10, DM_TECH_GROUP, 1.2, 6.8, 240.8, 5.3, 0, 0, 5, 80, 80, 168, 0.3, 437, 2199.8
4, 130708, 20/01/2019 21:40:07, DM_TECH_GROUP, 0.6, 5, 139.9, 4.3, 0, 0, 47, 656, 641, 79, 0.1, 256.7, 483
4, 130709, 20/01/2019 22:00:23, DM_TECH_GROUP, 0.6, 4.7, 113.2, 4, 0, 0, 5, 76, 260, 90, 0.1, 85.5, 198.7
4, 130710, 20/01/2019 22:20:30, DM_TECH_GROUP, 0.5, 4.3, 95.6, 3.7, 0, 0, 0, 0, 0, 108, 0.1, 90, 90.6
4, 130711, 20/01/2019 22:40:10, DM_TECH_GROUP, 0.5, 4.3, 95.3, 3.7, 0, 0, 0, 0, 0, 100, 0.1, 102.5, 103.2
4, 130712, 20/01/2019 23:00:09, DM_TECH_GROUP, 0.5, 4.3, 97.1, 3.7, 0, 0, 0, 0, 8, 105, 0.1, 86.4, 88.1
4, 130713, 20/01/2019 23:20:12, DM_TECH_GROUP, 1.6, 7.3, 1885.4, 5.4, 0, 0, 8, 112, 206, 337, 0.3, 195.4, 2616.1
4, 130714, 20/01/2019 23:40:01, DM_TECH_GROUP, 1.6, 7.2, 9466, 5.3, 0, 0, 14, 200, 264, 297, 0.3, 193, 2361.6
4, 130651, 20/01/2019 02:40:10, ODS_SUPPORT_GROUP, 0.4, 0.9, 81.3, 0.3, 0, 0, 0, 0, 5, 41, 0.2, 1660.9, 663.6
4, 130652, 20/01/2019 03:00:16, ODS_SUPPORT_GROUP, 0.3, 0.8, 79, 0.1, 0, 0, 0, 0, 4, 30, 0.4, 25.9, 635
4, 130653, 20/01/2019 03:20:30, ODS_SUPPORT_GROUP, 0.2, 0.9, 79.4, 0.2, 0, 0, 0, 0, 6, 32, 0.5, 12.7, 502.2
4, 130654, 20/01/2019 03:40:02, ODS_SUPPORT_GROUP, 0.4, 0.8, 69.2, 0.2, 0, 0, 0, 0, 6, 61, 0.2, 1932.7, 379
4, 130655, 20/01/2019 04:00:29, ODS_SUPPORT_GROUP, 0.4, 0.6, 50.3, 0, 0, 0, 1, 2, 6, 47, 0.2, 2511, 257.1
4, 130656, 20/01/2019 04:20:05, ODS_SUPPORT_GROUP, 0, 0, 0, 0, 0, 0, 0, 0, 5, 0, 0, 0, 0
4, 130663, 20/01/2019 06:40:01, ODS_SUPPORT_GROUP, 0, 0, 0, 0, 0, 0, 0, 0, 6, 0, 0, 0, 0
4, 130643, 20/01/2019 00:00:07, OTHER_GROUPS, 9.5, 25.6, 14908.9, 15, 0, 0, 37, 276, 6462, 1840, 1.1, 10030.9, 1937.8
4, 130644, 20/01/2019 00:20:26, OTHER_GROUPS, 18.3, 43.7, 16217.7, 23.2, 0, 0, 277, 2086, 9817, 8137, 2.2, 19136.7, 4395.8
4, 130645, 20/01/2019 00:40:44, OTHER_GROUPS, 26.5, 31.2, 14734.2, 2.7, 0, 0, 469, 3848, 8911, 17470, 2, 4196.8, 2197.8
4, 130646, 20/01/2019 01:00:03, OTHER_GROUPS, 19.6, 26.8, 14627.8, 4.8, 0, 0, 73, 618, 5725, 9978, 2.4, 2316.5, 2266.1
4, 130647, 20/01/2019 01:20:14, OTHER_GROUPS, 18.3, 24.6, 14420.5, 4.5, 0, 0, 39, 368, 5673, 6482, 1.8, 2572.2, 2251.2
4, 130648, 20/01/2019 01:40:05, OTHER_GROUPS, 10.9, 16.3, 14928.5, 4, 0, 0, 13, 104, 6242, 1730, 1.4, 1300.6, 2553
4, 130649, 20/01/2019 02:00:14, OTHER_GROUPS, 13.2, 20.5, 21626.3, 5.6, 0, 0, 4, 48, 5839, 15501, 1.7, 2588.7, 1726.4
4, 130650, 20/01/2019 02:20:22, OTHER_GROUPS, 15.3, 18.3, 20616, 1.7, 0, 0, 11, 96, 6037, 8720, 1.3, 3129.1, 1221
4, 130651, 20/01/2019 02:40:10, OTHER_GROUPS, 12.4, 18.4, 19636.1, 4.4, 0, 0, 37, 528, 5956, 2741, 1.6, 5534, 1795.8
4, 130652, 20/01/2019 03:00:16, OTHER_GROUPS, 15.4, 28.8, 19241.1, 8.2, 1, 0, 20, 279, 4822, 19915, 5.2, 4653, 3968.5
4, 130653, 20/01/2019 03:20:30, OTHER_GROUPS, 9.7, 22.4, 17037.6, 5.6, 0, 0, 7, 87, 3110, 6113, 7.1, 1287.9, 4411.3
4, 130654, 20/01/2019 03:40:02, OTHER_GROUPS, 14.1, 23.4, 15468.2, 4.5, 0, 0, 166, 936, 6175, 6554, 4.8, 5589.1, 9204.2
4, 130655, 20/01/2019 04:00:29, OTHER_GROUPS, 16, 27.9, 32460.7, 6.7, 0, 0, 19, 262, 4860, 7532, 5.2, 4483.8, 7675.8
4, 130656, 20/01/2019 04:20:05, OTHER_GROUPS, 28.2, 36.3, 46068.5, 3.5, 0, 0, 13, 112, 4780, 14289, 4.6, 3728, 7148.6
4, 130657, 20/01/2019 04:40:01, OTHER_GROUPS, 31.6, 41.2, 44186, 4.4, 0, 0, 3, 32, 4679, 22132, 5.2, 1748.1, 8018.4
4, 130658, 20/01/2019 05:00:13, OTHER_GROUPS, 21.1, 27.6, 36018.9, 1.2, 0, 0, 240, 988, 5057, 8687, 5.3, 1484.3, 7393.9
4, 130659, 20/01/2019 05:20:25, OTHER_GROUPS, 15.4, 21.6, 19277.2, 3.5, 0, 0, 162, 904, 6206, 3355, 2.7, 5463.9, 6261.8
4, 130660, 20/01/2019 05:40:02, OTHER_GROUPS, 10.1, 13.7, 13492.8, 2.3, 0, 0, 323, 1720, 6444, 2343, 1.3, 6407.4, 1467.7
4, 130661, 20/01/2019 06:00:06, OTHER_GROUPS, 14.7, 22.4, 17998.7, 5.2, 0, 0, 76, 854, 5255, 6512, 2.5, 5905, 1406.9
4, 130662, 20/01/2019 06:20:23, OTHER_GROUPS, 15.1, 25, 32797, 8.2, 0, 0, 42, 632, 5162, 5035, 1.7, 5464.9, 1935.9
4, 130663, 20/01/2019 06:40:01, OTHER_GROUPS, 15.8, 25.9, 26894.3, 7.2, 0, 0, 43, 528, 6587, 5508, 2.9, 4357.8, 6031.8
4, 130664, 20/01/2019 07:00:14, OTHER_GROUPS, 25.7, 35.2, 23577.2, 2.4, 8, 0, 863, 12280, 17412, 16444, 7.1, 11350.8, 17030.8
4, 130665, 20/01/2019 07:20:06, OTHER_GROUPS, 45.4, 63.3, 45314.9, 8, 1, 0, 97, 2368, 9174, 59741, 9.9, 10115, 20124.6
4, 130666, 20/01/2019 07:40:03, OTHER_GROUPS, 33.1, 48.9, 55010.5, 7.6, 2, 0, 185, 3710, 10313, 28361, 8.2, 6848, 19719
4, 130667, 20/01/2019 08:00:26, OTHER_GROUPS, 46.6, 62.1, 47232.2, 6.2, 0, 0, 125, 2896, 7675, 41172, 9.3, 6930.2, 14977
4, 130668, 20/01/2019 08:20:01, OTHER_GROUPS, 42, 48.7, 33202.3, 0, 0, 0, 135, 2999, 8995, 32099, 6.7, 4154.4, 14571.7
4, 130669, 20/01/2019 08:40:09, OTHER_GROUPS, 39.8, 52.1, 20148, 7.7, 0, 0, 118, 2760, 7644, 45114, 4.6, 2069.5, 7465.5
4, 130670, 20/01/2019 09:00:20, OTHER_GROUPS, 56.5, 78.1, 31131.9, 12.8, 1, 0, 821, 12377, 17737, 53433, 8.8, 9323.8, 8695.9
4, 130671, 20/01/2019 09:20:23, OTHER_GROUPS, 40.9, 46.4, 16323.6, 0, 1, 0, 83, 2152, 7495, 50886, 5.5, 7503.9, 8615.1
4, 130672, 20/01/2019 09:40:05, OTHER_GROUPS, 56.4, 72.9, 55691.8, 10.8, 0, 0, 142, 3894, 10552, 66954, 5.7, 4436.7, 6825.3
4, 130673, 20/01/2019 10:00:09, OTHER_GROUPS, 39.8, 52.3, 26202.9, 6.8, 2, 0, 43, 1340, 7459, 28287, 5.7, 4242.5, 8339.9
4, 130674, 20/01/2019 10:20:08, OTHER_GROUPS, 44.2, 53.7, 19671.4, 6.1, 0, 0, 54, 1919, 8146, 37819, 3.4, 3000.8, 4843.9
4, 130675, 20/01/2019 10:40:12, OTHER_GROUPS, 39.7, 53.1, 24294, 7.8, 0, 0, 30, 1394, 8838, 63588, 5.6, 3086.9, 4648.8
4, 130676, 20/01/2019 11:00:20, OTHER_GROUPS, 60.7, 73.9, 66327.6, 7.4, 1, 0, 25, 890, 7651, 137872, 5.8, 11313.1, 3196.7
4, 130677, 20/01/2019 11:20:13, OTHER_GROUPS, 47.8, 54.3, 32859.4, 2.1, 0, 0, 54, 1512, 6844, 39406, 4.4, 7937.9, 6962
4, 130678, 20/01/2019 11:40:07, OTHER_GROUPS, 41.5, 43.7, 22047.3, 0, 0, 0, 39, 1314, 7319, 19905, 2.2, 7047.2, 2384.7
4, 130679, 20/01/2019 12:00:21, OTHER_GROUPS, 53.6, 61.6, 49423.8, 5.8, 0, 0, 61, 2212, 8918, 32835, 2.2, 11949.3, 1511.6
4, 130680, 20/01/2019 12:20:03, OTHER_GROUPS, 44.8, 47, 33125, 0, 0, 0, 60, 2070, 9002, 33590, 2.2, 7654, 2089.3
4, 130681, 20/01/2019 12:40:20, OTHER_GROUPS, 28.3, 33.6, 30837.6, 3.1, 0, 0, 160, 3241, 10249, 12941, 2.2, 6993, 2059.2
4, 130682, 20/01/2019 13:00:08, OTHER_GROUPS, 34.7, 41.5, 10946.5, 0, 0, 0, 744, 11518, 21132, 27350, 6.8, 9019, 10305.4
4, 130683, 20/01/2019 13:20:00, OTHER_GROUPS, 26.8, 31.3, 11131.5, 0, 1, 0, 112, 2444, 8686, 14938, 4.5, 4312.3, 9600.9
4, 130684, 20/01/2019 13:40:08, OTHER_GROUPS, 22.4, 31.4, 15886.8, 6.3, 0, 0, 44, 1104, 6740, 10908, 2.7, 1893.7, 3501.7
4, 130685, 20/01/2019 14:00:11, OTHER_GROUPS, 25.7, 30.7, 13418.4, 2.1, 0, 0, 727, 10720, 16557, 11283, 2.9, 4579.6, 5011.1
4, 130686, 20/01/2019 14:20:07, OTHER_GROUPS, 20.8, 23.1, 8885.9, 0, 0, 0, 96, 1884, 7157, 8588, 2.3, 2733.5, 5231.4
4, 130687, 20/01/2019 14:40:11, OTHER_GROUPS, 20.7, 23.6, 8214.3, 0.1, 0, 0, 34, 1364, 6554, 8408, 2.8, 2974.4, 2836.4
4, 130688, 20/01/2019 15:00:10, OTHER_GROUPS, 18.2, 21, 6997, 0, 0, 0, 25, 878, 7275, 6156, 2.8, 5444.6, 3017.1
4, 130689, 20/01/2019 15:20:19, OTHER_GROUPS, 25.8, 28.6, 9490.2, 0, 0, 0, 20, 678, 7563, 13519, 2.8, 4217.3, 3091.7
4, 130690, 20/01/2019 15:40:32, OTHER_GROUPS, 25.3, 27.1, 5998.2, 0, 0, 0, 5, 224, 5601, 7719, 1.8, 1537.5, 2013.9
4, 130691, 20/01/2019 16:00:07, OTHER_GROUPS, 29.4, 33, 12636.8, 0, 0, 0, 21, 896, 7957, 11372, 3.6, 3867.5, 4325.4
4, 130692, 20/01/2019 16:20:10, OTHER_GROUPS, 17.3, 20.1, 4429.2, 0, 0, 0, 73, 2985, 9362, 6380, 2.8, 5010.3, 3933.2
4, 130693, 20/01/2019 16:40:23, OTHER_GROUPS, 11.9, 13.5, 2204.6, 0, 0, 0, 43, 1060, 7663, 2030, 1.6, 5489.5, 1399.2
4, 130694, 20/01/2019 17:00:40, OTHER_GROUPS, 10.7, 15.6, 18951.2, 2, 0, 0, 6, 144, 5004, 762, 2.9, 1626.7, 3453.8
4, 130695, 20/01/2019 17:20:03, OTHER_GROUPS, 11.1, 15.6, 18357.5, 0.7, 0, 0, 11, 160, 5554, 733, 3.8, 2781.1, 3698.9
4, 130696, 20/01/2019 17:40:08, OTHER_GROUPS, 8.5, 14.4, 15146.8, 3, 0, 0, 31, 416, 6235, 483, 2.9, 6999.7, 2546.3
4, 130697, 20/01/2019 18:00:17, OTHER_GROUPS, 12.1, 27.1, 29810.1, 12, 0, 0, 11, 140, 4222, 3783, 3, 5304.6, 2741.4
4, 130698, 20/01/2019 18:20:17, OTHER_GROUPS, 11.1, 12.4, 15243.1, 0, 1, 0, 25, 360, 5250, 1270, 1.3, 5213.8, 2211.4
4, 130699, 20/01/2019 18:40:22, OTHER_GROUPS, 10.3, 14.9, 14961.3, 3.1, 0, 0, 28, 416, 6295, 5224, 1.5, 5611.3, 3537.3
4, 130700, 20/01/2019 19:00:32, OTHER_GROUPS, 19, 38.3, 21737.7, 15.5, 0, 0, 27, 400, 4813, 30800, 3.8, 5866.2, 1977
4, 130701, 20/01/2019 19:20:02, OTHER_GROUPS, 19.3, 35.6, 19316.6, 12, 0, 0, 30, 368, 5920, 23124, 4.3, 5151.7, 4135.6
4, 130702, 20/01/2019 19:40:11, OTHER_GROUPS, 15.2, 29, 20160.2, 9.8, 0, 0, 15, 139, 4998, 12827, 4, 1632.8, 6727.9
4, 130703, 20/01/2019 20:00:21, OTHER_GROUPS, 9.3, 16.2, 15837.8, 4.8, 0, 0, 32, 296, 5671, 3188, 2.1, 2361.6, 2351.6
4, 130704, 20/01/2019 20:20:21, OTHER_GROUPS, 9.7, 13.1, 14894.6, 2.2, 0, 0, 12, 160, 5821, 1001, 1.2, 4119.3, 1859.8
4, 130705, 20/01/2019 20:40:13, OTHER_GROUPS, 11.3, 20.7, 15001.4, 8.1, 0, 0, 33, 432, 5848, 3204, 1.3, 6497.1, 3212.3
4, 130706, 20/01/2019 21:00:01, OTHER_GROUPS, 13.3, 24.1, 20134.3, 8, 0, 0, 31, 412, 5111, 4945, 2.8, 6866.7, 5397.3
4, 130707, 20/01/2019 21:20:10, OTHER_GROUPS, 13.2, 17.3, 13617.8, 2.8, 0, 0, 28, 416, 5275, 4523, 1.3, 6222.7, 3131.6
4, 130708, 20/01/2019 21:40:07, OTHER_GROUPS, 10, 13.5, 15178, 2.4, 0, 0, 29, 432, 5535, 6378, 1.1, 5148.9, 1094.3
4, 130709, 20/01/2019 22:00:23, OTHER_GROUPS, 8, 11, 13462, 1.9, 0, 0, 29, 427, 6118, 579, 1.1, 5988.8, 978.8
4, 130710, 20/01/2019 22:20:30, OTHER_GROUPS, 7.4, 9.7, 13110, 1.2, 0, 0, 25, 382, 6008, 446, 1.1, 6400.2, 1286.2
4, 130711, 20/01/2019 22:40:10, OTHER_GROUPS, 7, 8.7, 13087, 0.6, 0, 0, 25, 368, 5316, 394, 1.1, 4635.8, 1209.1
4, 130712, 20/01/2019 23:00:09, OTHER_GROUPS, 7.4, 9.6, 12878.8, 1.1, 0, 0, 23, 344, 6472, 543, 1.1, 4467.9, 1195.4
4, 130713, 20/01/2019 23:20:12, OTHER_GROUPS, 7, 9.4, 13258.3, 1.4, 0, 0, 17, 272, 4921, 477, 1, 4233.6, 828.3
4, 130714, 20/01/2019 23:40:01, OTHER_GROUPS, 7.3, 8.9, 13110.1, 0.5, 0, 0, 21, 320, 5694, 465, 1.1, 4859.6, 659.5
4, 130697, 20/01/2019 18:00:17, SANDBOX_GROUP, 0, 0, 0.5, 0, 0, 0, 0, 0, 7, 0, 0, 0.1, 0.4
4, 130643, 20/01/2019 00:00:07, SZB_SANDBOX_GROUP, 10.3, 13.4, 9538.2, 2.8, 0, 0, 11, 672, 1191, 1610, 0.3, 4139.2, 316.5
4, 130644, 20/01/2019 00:20:26, SZB_SANDBOX_GROUP, 1.7, 4, 707.9, 1.9, 0, 0, 8, 480, 540, 296, 0.4, 75.8, 261.8
4, 130645, 20/01/2019 00:40:44, SZB_SANDBOX_GROUP, 0.9, 1.6, 748.2, 0.4, 0, 0, 2, 128, 230, 154, 0.3, 76.3, 324.1
4, 130646, 20/01/2019 01:00:03, SZB_SANDBOX_GROUP, 14.1, 16, 12481.9, 1.6, 0, 0, 9, 512, 998, 3097, 0.3, 4216, 388.3
4, 130647, 20/01/2019 01:20:14, SZB_SANDBOX_GROUP, 2, 4.8, 876.5, 2.4, 0, 0, 8, 480, 846, 266, 0.4, 151.6, 278.1
4, 130648, 20/01/2019 01:40:05, SZB_SANDBOX_GROUP, 5.7, 6.7, 783.5, 0.6, 0, 0, 14, 736, 1130, 820, 0.4, 123.1, 875.5
4, 130649, 20/01/2019 02:00:14, SZB_SANDBOX_GROUP, 23.3, 28, 13325.9, 3.7, 0, 0, 18, 992, 3388, 7810, 1, 760.7, 1662.5
4, 130650, 20/01/2019 02:20:22, SZB_SANDBOX_GROUP, 4.7, 5.3, 1255.2, 0, 0, 0, 27, 1314, 1902, 881, 0.6, 335.9, 1263.9
4, 130651, 20/01/2019 02:40:10, SZB_SANDBOX_GROUP, 2.5, 4, 1471.9, 1.2, 0, 0, 17, 853, 975, 285, 0.3, 232.6, 544
4, 130652, 20/01/2019 03:00:16, SZB_SANDBOX_GROUP, 13.6, 41.7, 12041.5, 25.8, 1, 0, 21, 928, 5536, 14098, 2.3, 6889.2, 647.5
4, 130653, 20/01/2019 03:20:30, SZB_SANDBOX_GROUP, 30.8, 100.8, 26225.3, 66, 0, 0, 15, 896, 2226, 19081, 4, 19839.5, 955.8
4, 130654, 20/01/2019 03:40:02, SZB_SANDBOX_GROUP, 8.3, 9.3, 2830.9, 0, 0, 0, 21, 1088, 5212, 2290, 1, 2799.7, 1236.9
4, 130655, 20/01/2019 04:00:29, SZB_SANDBOX_GROUP, 14.1, 24.1, 11538.9, 7.6, 0, 0, 31, 1536, 2918, 3190, 2.4, 542.2, 3586.8
4, 130656, 20/01/2019 04:20:05, SZB_SANDBOX_GROUP, 11.8, 16.5, 5030.2, 3, 0, 0, 17, 864, 6644, 4907, 1.7, 966.9, 2068.1
4, 130657, 20/01/2019 04:40:01, SZB_SANDBOX_GROUP, 17.9, 27.9, 19361.4, 5.6, 0, 0, 16, 784, 3291, 8894, 4.4, 1085.7, 7214
4, 130658, 20/01/2019 05:00:13, SZB_SANDBOX_GROUP, 17.6, 18.6, 19909.3, 0.1, 0, 0, 16, 744, 3179, 6506, 0.9, 2740.6, 957.9
4, 130659, 20/01/2019 05:20:25, SZB_SANDBOX_GROUP, 5.3, 7.1, 15219.6, 1.3, 0, 0, 7, 448, 1107, 888, 0.5, 322.7, 1037.3
4, 130660, 20/01/2019 05:40:02, SZB_SANDBOX_GROUP, 9.5, 10.1, 28909.6, 0, 0, 0, 28, 1344, 3120, 2281, 0.6, 592.3, 1177.8
4, 130661, 20/01/2019 06:00:06, SZB_SANDBOX_GROUP, 15.1, 17.5, 15527.8, 1.6, 0, 0, 12, 646, 2924, 3732, 0.8, 2722.5, 900.9
4, 130662, 20/01/2019 06:20:23, SZB_SANDBOX_GROUP, 16.2, 32.5, 17642.7, 14.4, 0, 0, 8, 416, 1160, 8963, 1.9, 1609, 5000.6
4, 130663, 20/01/2019 06:40:01, SZB_SANDBOX_GROUP, 13.1, 21.3, 24991.3, 6.2, 0, 0, 3, 192, 445, 6112, 2, 1075.8, 5563
4, 130694, 20/01/2019 17:00:40, SZB_SANDBOX_GROUP, 3.3, 3.9, 277, 0, 0, 0, 29, 1520, 3320, 821, 0.6, 2401.8, 458.9
4, 130695, 20/01/2019 17:20:03, SZB_SANDBOX_GROUP, 2.9, 4.5, 1513.1, 1, 0, 0, 40, 2208, 2889, 297, 0.6, 459.7, 784
4, 130696, 20/01/2019 17:40:08, SZB_SANDBOX_GROUP, 3.6, 4.3, 465.6, 0, 0, 0, 32, 2048, 3003, 761, 0.7, 844.3, 825.8
4, 130697, 20/01/2019 18:00:17, SZB_SANDBOX_GROUP, 11.5, 15.3, 10071.3, 3.1, 0, 0, 12, 736, 1456, 1919, 0.7, 2506.4, 619.8
4, 130698, 20/01/2019 18:20:17, SZB_SANDBOX_GROUP, 0.7, 3.9, 287.9, 3.1, 1, 0, 4, 256, 324, 110, 0.1, 39.3, 67.3
4, 130699, 20/01/2019 18:40:22, SZB_SANDBOX_GROUP, 3.3, 3.8, 1390.2, 0, 0, 0, 22, 1408, 1546, 1099, 0.5, 116.1, 878
4, 130700, 20/01/2019 19:00:32, SZB_SANDBOX_GROUP, 11.5, 13, 11665.3, 1.2, 0, 0, 10, 608, 993, 1474, 0.3, 2488.9, 230.6
4, 130701, 20/01/2019 19:20:02, SZB_SANDBOX_GROUP, 2.2, 2.5, 1755.1, 0, 0, 0, 9, 576, 625, 276, 0.3, 67.9, 443.6
4, 130702, 20/01/2019 19:40:11, SZB_SANDBOX_GROUP, 0.8, 1.3, 488.1, 0.4, 0, 0, 3, 128, 325, 27, 0.1, 30.5, 292.1
4, 130703, 20/01/2019 20:00:21, SZB_SANDBOX_GROUP, 11.8, 13.7, 9248.3, 1.8, 0, 0, 9, 544, 1117, 2053, 0.1, 6463.9, 132.9
4, 130704, 20/01/2019 20:20:21, SZB_SANDBOX_GROUP, 1.3, 1.5, 573.6, 0.1, 0, 0, 3, 192, 216, 57, 0.1, 32.1, 74.6
4, 130705, 20/01/2019 20:40:13, SZB_SANDBOX_GROUP, 2.8, 3.1, 1377.8, 0.2, 0, 0, 3, 192, 520, 190, 0.1, 92.6, 166.5
4, 130706, 20/01/2019 21:00:01, SZB_SANDBOX_GROUP, 12.7, 14.7, 11347.8, 1.6, 0, 0, 32, 1632, 2304, 2514, 0.4, 1346.4, 542.6
4, 130707, 20/01/2019 21:20:10, SZB_SANDBOX_GROUP, 3.6, 3.8, 1901.3, 0, 0, 0, 33, 1664, 2083, 369, 0.2, 232.9, 231.2
4, 130708, 20/01/2019 21:40:07, SZB_SANDBOX_GROUP, 1.8, 2.2, 5208.2, 0.2, 0, 0, 4, 96, 257, 130, 0.2, 49.5, 221.8
4, 130709, 20/01/2019 22:00:23, SZB_SANDBOX_GROUP, 3.8, 4.9, 427.4, 0.9, 0, 0, 3, 136, 484, 532, 0.2, 921.5, 245.5
4, 130710, 20/01/2019 22:20:30, SZB_SANDBOX_GROUP, 1.4, 1.4, 1813, 0, 0, 0, 1, 64, 113, 42, 0, 12.7, 20.9
4, 130711, 20/01/2019 22:40:10, SZB_SANDBOX_GROUP, 1.8, 1.8, 2167.9, 0, 0, 0, 2, 128, 285, 90, 0, 7.9, 23.7
4, 130712, 20/01/2019 23:00:09, SZB_SANDBOX_GROUP, 10.9, 11.3, 1919, 0, 0, 0, 8, 416, 1711, 1740, 0.4, 1285.3, 498.9
4, 130713, 20/01/2019 23:20:12, SZB_SANDBOX_GROUP, 6, 6.2, 247.5, 0, 0, 0, 23, 1120, 1389, 735, 0.2, 85.6, 452.6
4, 130714, 20/01/2019 23:40:01, SZB_SANDBOX_GROUP, 3, 3.1, 319.4, 0, 0, 0, 27, 1344, 1532, 368, 0.1, 96.8, 104.2
