HOST, TIME, SNAP_ID, SYS_CPU, SYS_DBTIME, SYS_SYSPCT, SYS_READ, SYS_WRITE, SYS_REDO, SYS_OSWAIT, SYS_RMWAIT, SYS_ACTSESS_MAX, SYS_ACTSESS_AVG, SYS_PGA, SYS_PXRUNS, SYS_PXQCT, SYS_PXSRVT, SYS_UCALLS, SYS_IOWAIT
1, 25/01/2019 23:59:28, 131075, 6.1, 1.3, 2, 7.5, 0.9, 0.3, 0.4, 0, 13.3, 3.4, 39831.8, 71.7, 1.2, 10.9, 3.6, 0.6
1, 26/01/2019 00:19:28, 131076, 36.1, 45.8, 7.3, 2417.1, 128.9, 27.7, 5.6, 12.5, 337, 117.2, 91928.4, 135.3, 7.4, 101.9, 91.2, 5.9
1, 26/01/2019 00:39:28, 131077, 47.9, 107.7, 8.8, 12204.5, 265.9, 24.6, 1.6, 26.9, 359.7, 275.7, 64837.8, 100.9, 24.4, 352.4, 51.5, 3.5
1, 26/01/2019 00:59:29, 131078, 52.3, 116.4, 14, 2709.6, 232.7, 27.8, 1.2, 18.2, 341.8, 298, 95568.3, 651.5, 28.4, 579.9, 48.2, 15.1
1, 26/01/2019 01:20:29, 131079, 69.2, 113.7, 18.7, 1900.2, 159.2, 23.7, 2.7, 15.8, 331.5, 291, 96534.1, 377.9, 25.3, 509.7, 64.2, 27.8
1, 26/01/2019 01:39:28, 131080, 59.6, 89.2, 16.6, 2086.3, 245.7, 18.4, 1.2, 14.1, 288.1, 228.3, 97079.9, 426.8, 18.6, 409.8, 39.9, 24.2
1, 26/01/2019 02:00:28, 131081, 53, 82.1, 14.2, 1464.6, 202.9, 22.4, 1, 15.9, 267.1, 210.1, 85135.9, 566.8, 19.3, 456.3, 48.5, 16.5
1, 26/01/2019 02:20:28, 131082, 52.7, 68.5, 15.1, 1548.6, 199.4, 29.3, 1.2, 15.8, 191.9, 175.4, 90177.5, 652, 18.4, 450.9, 59.6, 15.5
1, 26/01/2019 02:39:28, 131083, 55.3, 65.9, 14.8, 1616.6, 135.6, 20.1, 1.1, 12.5, 220, 168.6, 85503.8, 347.2, 18.1, 456.9, 44.7, 15.5
1, 26/01/2019 02:59:28, 131084, 50.3, 56.5, 13.8, 1670.9, 104.8, 20.1, 1.1, 4.9, 166.3, 144.5, 73578, 70.5, 15.9, 391.2, 36.5, 16.7
1, 26/01/2019 03:20:28, 131085, 33.3, 62.7, 9.1, 1306.6, 150.6, 24.4, 0.8, 3.2, 217.1, 160.5, 64885.9, 53.6, 18.5, 440.6, 38, 33.3
1, 26/01/2019 03:39:28, 131086, 37.1, 71.6, 11, 2567.6, 168.3, 23.2, 0.9, 7.4, 321.5, 183.4, 73031.6, 97, 15.8, 406.1, 58.6, 37.7
1, 26/01/2019 03:59:28, 131087, 46.1, 53.8, 13.5, 1469.4, 343.6, 23.2, 1.1, 4.4, 168, 137.7, 114273.5, 52, 11.9, 306, 50.7, 18
1, 26/01/2019 04:19:28, 131088, 53.8, 66.5, 14.3, 2305, 457.9, 15.1, 1.1, 4.6, 227.4, 170.1, 106534.8, 74.1, 11, 261.3, 36.9, 24.1
1, 26/01/2019 04:39:27, 131089, 52.9, 71, 13.3, 1355, 501.4, 9.3, 1.1, 9, 227.7, 181.8, 106112.8, 51, 10.9, 266.2, 33, 15.6
1, 26/01/2019 04:59:28, 131090, 48.5, 53.7, 13, 977.8, 497.8, 7.5, 1.1, 0.3, 177.9, 137.5, 96251.6, 68.1, 7.3, 185.8, 35, 21.2
1, 26/01/2019 05:19:27, 131091, 43.4, 52.3, 13.4, 2138.2, 228.5, 9.4, 1.1, 5.8, 167.5, 133.9, 71294.8, 73, 8.2, 208, 43.4, 17.7
1, 26/01/2019 05:39:27, 131092, 41.4, 51, 12.2, 1350.3, 304.5, 9.7, 1, 3.3, 169.6, 130.7, 63931.2, 57, 8.3, 212.8, 39.8, 15.6
1, 26/01/2019 05:59:27, 131093, 29.4, 35.8, 7.8, 430.8, 460.5, 12.1, 0.8, 0, 114, 91.7, 61861.5, 36, 5.2, 125.7, 52.9, 9.3
1, 26/01/2019 06:19:28, 131094, 34.8, 44.7, 7.9, 2442.9, 271.1, 11.1, 0.7, 1.5, 156.6, 114.5, 74643.3, 169.8, 6.6, 151.4, 44.2, 6.1
1, 26/01/2019 06:39:27, 131095, 38.1, 42, 8.6, 913.9, 170.2, 15.6, 0.8, 0.1, 141.1, 107.6, 71644.3, 31, 4.2, 103.5, 60.3, 7.3
1, 26/01/2019 06:59:27, 131096, 44, 65.4, 10.2, 478.7, 228, 31.3, 0.9, 0.1, 212.7, 167.5, 71448.4, 40, 4.1, 100, 72.7, 15
1, 26/01/2019 07:19:27, 131097, 45.2, 58.3, 11.3, 2069.9, 251.7, 39.6, 1, 0.8, 204, 149.2, 71830.1, 98.7, 5, 109.7, 94.3, 13.7
1, 26/01/2019 07:39:27, 131098, 42.2, 57.3, 11.3, 1066.1, 259.3, 33.5, 1, 0, 173.5, 146.8, 69613.6, 59.9, 4.4, 91.4, 69.2, 17.3
1, 26/01/2019 07:59:27, 131099, 37.3, 57.8, 11.1, 6558.8, 302.8, 20.7, 1, 0, 196.6, 147.9, 64008.5, 49.9, 4.5, 103.8, 61.8, 21
1, 26/01/2019 08:19:26, 131100, 42, 56.2, 12, 1582.5, 165.2, 21.7, 1, 2.2, 222.8, 143.8, 48651.4, 126.9, 5, 111.2, 87.7, 19.4
1, 26/01/2019 08:40:26, 131101, 30, 57.1, 9.7, 1171.1, 142.6, 21, 0.9, 0, 222, 146.2, 43967.7, 75.7, 4.2, 77.5, 73.8, 17.1
1, 26/01/2019 08:59:26, 131102, 33.2, 49.9, 10.6, 17480.7, 191.2, 26.2, 1, 0, 171.9, 127.8, 46471.6, 24, 3.9, 67, 86, 21.7
1, 26/01/2019 09:19:27, 131103, 41.7, 54.7, 13, 2204.3, 191.3, 29.4, 1.2, 2.8, 220.6, 140, 43918.2, 155.8, 4.9, 104.1, 96.8, 20.8
1, 26/01/2019 09:39:26, 131104, 29.6, 43.1, 9.7, 1307.5, 196.6, 30.9, 1, 0, 128.6, 110.3, 45762.1, 44.9, 3.1, 48.9, 95.1, 21
1, 26/01/2019 09:59:26, 131105, 38, 54.4, 10.6, 2060.6, 240, 42.4, 0.9, 1.8, 214.7, 139.2, 43852, 173.6, 5.1, 98.2, 99.7, 21.8
1, 26/01/2019 10:19:26, 131106, 30, 32.6, 9, 257.6, 208.7, 39.1, 0.9, 0, 126.9, 83.5, 43205.5, 9397.1, 2.2, 20.2, 141.3, 9.1
1, 26/01/2019 10:39:26, 131107, 32.5, 30.5, 9.1, 1303, 209.9, 38.2, 0.9, 1.8, 139, 78.2, 50560.8, 158.7, 3, 50.6, 122.3, 6.5
1, 26/01/2019 11:00:26, 131108, 29.5, 29.4, 8.1, 847.3, 220.3, 33.4, 0.8, 0, 97, 75.3, 43416.8, 46.4, 3.2, 56.3, 94.4, 8.7
1, 26/01/2019 11:19:26, 131109, 28.5, 27.3, 7.9, 1559.9, 177.5, 33, 0.8, 1.2, 136.9, 69.8, 43616.8, 101.8, 3.1, 48.4, 96.2, 6.7
1, 26/01/2019 11:39:26, 131110, 27.4, 24.4, 7.4, 441.3, 220.9, 33.5, 0.8, 0, 80.7, 62.6, 76088.4, 23.1, 2.5, 33.2, 93.9, 6
1, 26/01/2019 11:59:26, 131111, 41.4, 39.1, 10, 1661.1, 375.9, 32.4, 0.9, 0.6, 126.1, 100.1, 72908.8, 99.3, 4.4, 87.8, 90.1, 8.1
1, 26/01/2019 12:19:26, 131112, 35.5, 36, 8.4, 503.8, 1047.5, 31.1, 0.8, 0, 135.6, 92.2, 51313.7, 46.9, 3.3, 61.7, 87, 7.2
1, 26/01/2019 12:39:26, 131113, 35.6, 34.2, 8.9, 1868.9, 1247.1, 31.4, 0.8, 0.3, 115.1, 87.5, 52792.5, 108.7, 3.8, 75.8, 90.3, 8.4
1, 26/01/2019 12:59:26, 131114, 25, 23, 6.8, 232.9, 626.3, 31.6, 0.7, 0, 89.3, 58.9, 42395.3, 33.2, 2, 34.6, 93.9, 6.3
1, 26/01/2019 13:20:26, 131115, 27.1, 28.8, 7.6, 2036.4, 179, 30.5, 0.8, 0.6, 136.4, 73.7, 46993.5, 220.5, 2.6, 48.7, 87.8, 5.5
1, 26/01/2019 13:39:26, 131116, 36, 34, 9.7, 353.9, 555.6, 43.5, 0.9, 0, 125.8, 87, 43650, 46.1, 1.7, 26.4, 88.5, 7.2
1, 26/01/2019 13:59:26, 131117, 73.7, 69.1, 17.8, 1828.6, 403.2, 81.7, 1.4, 0.1, 207.1, 176.8, 44850.2, 122, 2.9, 48.1, 118.4, 10.5
1, 26/01/2019 14:19:26, 131118, 62.6, 61.1, 17.5, 594.5, 409.2, 89.5, 1.4, 0, 229.7, 156.3, 43803.6, 73.9, 1.8, 23.3, 158.8, 8.2
1, 26/01/2019 14:39:25, 131119, 66, 56.5, 18.4, 1555, 415.9, 88.6, 1.5, 0.1, 206.6, 144.6, 46385.7, 120.2, 1.8, 21, 169.2, 9.2
1, 26/01/2019 14:59:25, 131120, 69.9, 61.5, 18.9, 871.2, 424.4, 80.9, 1.5, 0, 186.9, 157.3, 47567, 65.9, 3.1, 60, 147.4, 11.6
1, 26/01/2019 15:19:25, 131121, 68.7, 58.7, 18, 2036, 422.7, 86.9, 1.5, 0.3, 195.4, 150.3, 48589.4, 109.5, 2.4, 44.9, 116.6, 10.1
1, 26/01/2019 15:40:25, 131122, 63.9, 54.4, 17, 601.1, 424.3, 85.8, 1.4, 0, 180.1, 139.4, 44622.8, 55.9, 2.2, 34.7, 110.6, 10.2
1, 26/01/2019 16:00:25, 131123, 78.8, 70.1, 18.3, 977.8, 496.6, 84, 1.7, 1.6, 219.1, 179.4, 73940.3, 31.6, 3.8, 84.5, 95.9, 10.6
1, 26/01/2019 16:19:25, 131124, 66.4, 85.5, 16.9, 1507.8, 590.6, 61.3, 1.4, 2.4, 285.6, 219, 90291.3, 36.1, 5.4, 127.3, 80.4, 7.1
1, 26/01/2019 16:39:25, 131125, 78.9, 69.5, 17.6, 404.4, 538.9, 85.9, 1.2, 2, 203, 177.8, 102466, 147.4, 4.1, 84.1, 90.3, 9.6
1, 26/01/2019 16:59:24, 131126, 73.8, 66.4, 16.7, 289.6, 559.7, 83.3, 1.3, 1.3, 193.1, 169.9, 100077.6, 106.9, 4.1, 83.3, 85.5, 8.4
1, 26/01/2019 17:19:25, 131127, 72.9, 72.1, 16.5, 1091.7, 490.2, 68.9, 1.2, 0.9, 231.8, 184.6, 84308.7, 50.4, 4.4, 97.4, 79.5, 6.2
1, 26/01/2019 17:40:25, 131128, 75.9, 67.1, 17.3, 638.4, 463.4, 69.8, 1.2, 0.4, 202.5, 171.7, 84965.3, 42, 5, 104, 83.9, 7.3
1, 26/01/2019 18:00:25, 131129, 71.9, 66, 15.7, 715.7, 493.7, 75.5, 1.2, 0.3, 208.2, 168.9, 84486.6, 39.9, 4.3, 87.4, 87.2, 7.2
1, 26/01/2019 18:19:24, 131130, 61.6, 52.3, 13.3, 230.2, 620.4, 78.4, 1.1, 0, 159, 133.9, 62332.7, 43.1, 3.8, 80.8, 84.3, 4.4
1, 26/01/2019 18:39:24, 131131, 48.9, 42.1, 12, 1472.1, 484.8, 62.2, 1.1, 1.7, 169.5, 107.9, 65205.2, 77, 5.3, 101.5, 102.4, 3.8
1, 26/01/2019 18:59:25, 131132, 33.1, 27.5, 8.9, 343.5, 524.7, 55.8, 0.9, 0, 99.1, 70.4, 65710.3, 28, 2.4, 38.1, 84.9, 3.8
1, 26/01/2019 19:19:24, 131133, 50.4, 45.8, 11.9, 2397.9, 356.2, 49.8, 1, 1.7, 173.8, 117.4, 72144.4, 132.4, 6.3, 115.7, 80, 5.3
1, 26/01/2019 19:39:24, 131134, 46.5, 37, 10.2, 609.3, 331.2, 58.1, 0.9, 0.2, 126.7, 94.6, 91934.1, 28.1, 3.9, 68.2, 102.9, 2.7
1, 26/01/2019 19:59:24, 131135, 60, 67, 14.5, 8535.5, 460.4, 62.7, 1.7, 12.4, 259.5, 171.6, 96335.7, 167.7, 7.5, 172.7, 175.6, 5.1
1, 26/01/2019 20:19:24, 131136, 61.2, 77.9, 14.7, 1345.5, 424.1, 60.2, 1.5, 17.4, 236.9, 199.4, 102223.5, 68.7, 12, 259.3, 155.8, 4.9
1, 26/01/2019 20:40:24, 131137, 58.7, 67.1, 14.7, 1121, 460.5, 50.5, 1.2, 9.3, 246.8, 171.9, 77269.4, 50, 6.8, 160.1, 135.4, 8.5
1, 26/01/2019 21:00:25, 131138, 54.6, 83.7, 11.9, 1012.3, 432.1, 39.5, 1, 1.8, 334.6, 214.2, 61576, 68, 6.7, 132.2, 112, 16.7
1, 26/01/2019 21:20:23, 131139, 58.7, 70.4, 14.8, 1573, 419.8, 44.5, 1.2, 4.8, 301.3, 180.1, 80875.7, 111.6, 5.8, 140.5, 168, 7.1
1, 26/01/2019 21:39:24, 131140, 61.7, 76.5, 15.4, 1282.7, 329.6, 52.8, 1.4, 15.4, 238.2, 195.8, 70897.6, 68.1, 8.6, 228.1, 172.6, 7.5
1, 26/01/2019 21:59:24, 131141, 64.6, 68.4, 17.1, 785.3, 318.7, 47, 1.3, 4, 200.9, 175.1, 73996.1, 36.1, 6, 146.6, 173, 12.6
1, 26/01/2019 22:20:24, 131142, 47.9, 46.5, 12.3, 926.6, 382.1, 44.5, 1.1, 1.3, 177.6, 119, 68311.9, 42, 4.9, 109.6, 134, 6.8
1, 26/01/2019 22:40:24, 131143, 43.1, 44.9, 11.1, 1900.9, 264.7, 42.2, 0.9, 4.6, 172.3, 114.9, 72738.4, 131.2, 5.6, 128.2, 98.2, 6.9
1, 26/01/2019 22:59:24, 131144, 41.8, 38.7, 11.4, 802.8, 314.4, 46.1, 1, 0, 133.6, 99.1, 69511, 52, 4.7, 96.1, 113, 7.6
1, 26/01/2019 23:19:23, 131145, 40.1, 33.6, 10.9, 691.8, 280.1, 49.8, 1, 0, 100.8, 86.1, 46890.8, 35.1, 4.7, 76.4, 157.8, 4.2
1, 26/01/2019 23:39:23, 131146, 40.5, 34.8, 11.1, 1689.7, 280.6, 47.5, 1, 2.2, 151.9, 89, 49087.2, 137.2, 5, 84.9, 175, 3.3
2, 25/01/2019 23:59:52, 131075, 3, 3, 1.7, 15.1, 0.6, 0.2, 0.1, 0, 41.4, 7.8, 31902.3, 217.5, 2, 6, 1, 2.4
2, 26/01/2019 00:19:53, 131076, 50.8, 88.8, 10.6, 5731.2, 178.1, 34.9, 1.4, 8.1, 383.2, 227.4, 72053.4, 213.5, 8.4, 102, 145, 12.7
2, 26/01/2019 00:39:53, 131077, 65.7, 154.8, 13.4, 9311.3, 342.9, 26.2, 2.9, 15.5, 483.4, 396.3, 71304.8, 321.3, 29.7, 422.9, 107.9, 5.7
2, 26/01/2019 00:59:53, 131078, 67.5, 147.5, 13.7, 2040.1, 238.9, 21.8, 2.1, 15.4, 444, 377.6, 73904.8, 321.1, 34.4, 475.9, 80.6, 8.3
2, 26/01/2019 01:19:53, 131079, 73.3, 135.6, 15.3, 8376.5, 255.9, 27.1, 1.8, 12, 409, 347.1, 80588.6, 225.8, 32.7, 429.1, 94.6, 17
2, 26/01/2019 01:39:52, 131080, 74.4, 101.5, 14.7, 2253.4, 358.5, 50, 1.4, 4.5, 311.4, 259.8, 82696.7, 294, 26.3, 386.8, 98.8, 11.4
2, 26/01/2019 01:59:53, 131081, 79.8, 122.8, 15.9, 3897.6, 464.5, 50.3, 6.1, 15.5, 398.1, 314.5, 89793.3, 328.5, 28.5, 503.8, 102.2, 15.1
2, 26/01/2019 02:19:53, 131082, 74.8, 74, 15.4, 1182.6, 394.3, 37.5, 1.1, 0.5, 219.2, 189.4, 82417.8, 223.8, 19.9, 322.7, 153.9, 8.4
2, 26/01/2019 02:39:52, 131083, 73.9, 78.2, 15, 7637.9, 414.5, 31.2, 1.1, 2, 240.4, 200.1, 93065.6, 319.3, 20.1, 336.4, 155.6, 13.5
2, 26/01/2019 02:59:53, 131084, 71.8, 96.1, 14, 2895.6, 341.4, 29.3, 1.7, 23.4, 343.5, 246.1, 88246.7, 246.7, 23.9, 458.8, 153.1, 5.6
2, 26/01/2019 03:21:52, 131085, 49.6, 92.6, 9.9, 1650.8, 173.7, 19.8, 3.8, 12.7, 311.5, 236.9, 94957.1, 184.5, 23.9, 502.5, 130.8, 34.2
2, 26/01/2019 03:39:52, 131086, 52.4, 80.9, 10.1, 2002.4, 282.2, 15.4, 0.8, 9.6, 426.1, 207, 73579.9, 252.8, 22.1, 438, 88.3, 29.1
2, 26/01/2019 03:59:53, 131087, 54.2, 59.5, 9.7, 1150.8, 445.7, 12.9, 0.7, 7.9, 206.8, 152.4, 92356.8, 3543.7, 17.8, 333.6, 64.3, 6.3
2, 26/01/2019 04:19:52, 131088, 58.8, 64.4, 10.4, 2069.5, 613.6, 10.3, 0.6, 9.3, 213.5, 164.9, 95742.2, 212.5, 16.6, 322.9, 49.4, 6.7
2, 26/01/2019 04:39:52, 131089, 56.9, 69.5, 10.1, 1352.5, 507.1, 8.3, 0.7, 9.4, 231.2, 178, 85899.6, 3013.5, 14.3, 306.3, 25.9, 8.9
2, 26/01/2019 04:59:52, 131090, 56.8, 62.3, 10, 879, 396.9, 10.3, 0.7, 7.9, 195.2, 159.6, 90875, 3279.4, 13.7, 291, 30.3, 9.6
2, 26/01/2019 05:19:52, 131091, 52.8, 57.3, 11.5, 2494.9, 273.4, 19.1, 0.8, 9.8, 213.8, 146.6, 69061, 7684.9, 15, 297.8, 97.8, 6.1
2, 26/01/2019 05:39:51, 131092, 33.6, 35.9, 7.1, 964.9, 125.6, 14.1, 0.6, 2.6, 147.5, 91.8, 76284.9, 248.5, 11.8, 235.6, 42.1, 5.7
2, 26/01/2019 05:59:52, 131093, 79.2, 86.1, 13.5, 2123.4, 410.6, 11.4, 2.6, 6.9, 290, 220.3, 112187.4, 196.5, 17.8, 415.9, 29.3, 8.8
2, 26/01/2019 06:19:52, 131094, 82.2, 122.1, 12.6, 1589.9, 303.4, 10.4, 7.4, 19.6, 1067.2, 312.5, 100790.9, 154.4, 20.8, 502.8, 37.6, 7.7
2, 26/01/2019 06:39:51, 131095, 82, 84, 12.3, 1111.6, 226.1, 11.7, 2.5, 6.6, 261.3, 214.9, 96984.1, 234.8, 17.4, 420.9, 46.1, 7.2
2, 26/01/2019 06:59:52, 131096, 70.2, 73.3, 9.7, 549.9, 187, 13.3, 0.6, 2.6, 289.8, 187.8, 92937.6, 195.6, 16.1, 384.1, 34.7, 5.6
2, 26/01/2019 07:19:51, 131097, 60, 60.9, 8.4, 1743.2, 230.3, 14.3, 0.5, 0.4, 333.1, 155.8, 80825.5, 187.1, 16.8, 401.8, 34.6, 3.8
2, 26/01/2019 07:39:52, 131098, 67.6, 59.8, 9.4, 903.2, 462.3, 13.8, 0.6, 0.5, 262.2, 153.2, 99735.4, 223.5, 16, 396.8, 38.8, 3.7
2, 26/01/2019 07:59:52, 131099, 62.2, 71.3, 9.4, 1470.8, 375.8, 18.9, 0.6, 0.1, 421.5, 182.6, 82723.9, 163.8, 15.4, 382.9, 53.6, 5.5
2, 26/01/2019 08:19:51, 131100, 52.3, 48.2, 8.5, 1296.6, 352, 18.7, 0.6, 0, 176.9, 123.4, 73106.6, 145.3, 12.6, 306, 49.7, 4.1
2, 26/01/2019 08:39:51, 131101, 49.5, 62.9, 8, 971.9, 359.2, 18.2, 0.6, 0, 243.6, 161.1, 69029.7, 194.6, 12.3, 309.4, 53, 6.3
2, 26/01/2019 08:59:51, 131102, 53.4, 55.6, 9.6, 6582.7, 378.9, 22.4, 0.6, 0, 171, 142.3, 75313.8, 191.8, 11.2, 291.7, 64.9, 8.4
2, 26/01/2019 09:19:51, 131103, 53.6, 50.9, 9.9, 1530.5, 298.9, 26.4, 0.6, 0.1, 145.6, 130.2, 73758.7, 150, 10.8, 270, 70.2, 7.8
2, 26/01/2019 09:39:51, 131104, 52.5, 48.7, 9.3, 533, 156.4, 26.1, 0.6, 0, 140.1, 124.8, 69926.6, 452.1, 10, 256.9, 71.4, 5.8
2, 26/01/2019 09:59:51, 131105, 47.1, 41.8, 8.3, 1396.3, 276.5, 28.4, 0.6, 0, 160, 107, 73874.1, 463.1, 10.4, 260.1, 69.5, 4.3
2, 26/01/2019 10:19:51, 131106, 53.2, 51.6, 10.1, 1175.7, 271, 30, 0.7, 0, 236.9, 132.1, 69049.7, 584.2, 11.2, 292.9, 69.6, 7.4
2, 26/01/2019 10:39:50, 131107, 47.2, 40.5, 10.1, 1827.9, 269.2, 26.9, 0.7, 0, 119.5, 103.7, 71070.7, 306.1, 10.5, 270.4, 58.9, 6.3
2, 26/01/2019 10:59:51, 131108, 44.8, 40.7, 9.5, 952.7, 146.8, 29.6, 0.7, 0, 132.9, 104.1, 65919.3, 419.9, 10.3, 276.9, 66.1, 7.6
2, 26/01/2019 11:19:50, 131109, 42.4, 36.4, 8.3, 1252.9, 170.2, 27, 0.6, 0, 118, 93.2, 71028.7, 423.1, 8.5, 234, 52.3, 5.5
2, 26/01/2019 11:39:51, 131110, 43.6, 38.6, 9.1, 1314.5, 992.7, 26.2, 0.6, 0, 121.8, 98.8, 52403.6, 471.5, 7.5, 187.3, 49.5, 7.1
2, 26/01/2019 11:59:51, 131111, 37.5, 33.4, 6.9, 2003.3, 768.9, 27.5, 0.5, 0, 114.8, 85.6, 48703, 236.5, 6.5, 138.6, 48.7, 4.4
2, 26/01/2019 12:19:51, 131112, 26.1, 24.8, 5, 46.2, 113.7, 25.8, 0.4, 0, 134, 63.4, 48789, 166.8, 5, 100, 45.8, 3
2, 26/01/2019 12:39:50, 131113, 34.8, 30.7, 7.7, 1298.2, 139.9, 26.5, 0.6, 0, 152.5, 78.6, 50004, 265.1, 7.1, 145.7, 61.4, 4.5
2, 26/01/2019 12:59:50, 131114, 32.8, 29.3, 6.7, 382.1, 217.6, 32.2, 0.5, 0, 103.9, 74.9, 50059, 171.2, 5.9, 112.8, 68.2, 3.8
2, 26/01/2019 13:19:50, 131115, 36, 33.5, 7.7, 1474.4, 201.8, 33.2, 0.6, 0, 146.1, 85.7, 39786.8, 156.5, 6.3, 114.4, 79, 3.5
2, 26/01/2019 13:39:50, 131116, 31.3, 25.5, 7, 227.2, 197.2, 34.5, 0.6, 0, 81.2, 65.4, 39135.9, 194.8, 5.1, 85.6, 85.1, 3.1
2, 26/01/2019 13:59:50, 131117, 35.1, 29.2, 8.1, 1176.9, 230.2, 38.6, 0.6, 0, 98.1, 74.8, 43205.1, 201.6, 6, 109.7, 92.2, 3.6
2, 26/01/2019 14:19:50, 131118, 36.7, 33.2, 8.4, 570.3, 290.2, 50.5, 0.7, 0, 160.9, 85, 38408.3, 126.4, 5.9, 108.8, 99.1, 3.5
2, 26/01/2019 14:39:50, 131119, 33.5, 25.7, 7.3, 288.2, 245.4, 49.4, 0.6, 0, 104.7, 65.9, 44857.4, 243.2, 5.4, 97.7, 103.3, 2.1
2, 26/01/2019 14:59:50, 131120, 33.1, 27.1, 7.6, 1019.2, 237.8, 45.3, 0.6, 0, 93.7, 69.4, 38336.5, 203.5, 5.8, 99.2, 90.3, 3.8
2, 26/01/2019 15:19:50, 131121, 31.5, 24.9, 7, 317.9, 238.3, 45.5, 0.5, 0, 85, 63.7, 43142, 143.8, 5.3, 92.9, 89.3, 2.3
2, 26/01/2019 15:39:50, 131122, 32.6, 28.4, 7.1, 877.4, 243.9, 36.1, 0.5, 0, 87.8, 72.8, 38205.3, 236.3, 6.5, 122.4, 61.3, 3.4
2, 26/01/2019 15:59:50, 131123, 29.4, 24.5, 5.9, 2007.9, 206, 32.5, 0.5, 0, 90.9, 62.7, 42890.2, 282.1, 6, 108.4, 53.7, 2.6
2, 26/01/2019 16:19:50, 131124, 31.1, 29.7, 6.5, 1135.9, 250.1, 30.2, 0.5, 0, 149.3, 75.9, 55566.1, 166.7, 5.9, 116, 49.7, 2.8
2, 26/01/2019 16:39:49, 131125, 31.3, 26.4, 5.7, 743, 276.8, 18.6, 0.5, 0, 84.1, 67.6, 65702, 228.5, 5.1, 85.7, 46.2, 2.7
2, 26/01/2019 16:59:50, 131126, 29, 25.3, 5.2, 345.2, 357.9, 16.7, 0.4, 0, 72, 64.7, 65615.8, 171.3, 5, 72, 41.4, 2.6
2, 26/01/2019 17:19:49, 131127, 31.6, 31.1, 5.3, 1322.6, 357.2, 17.7, 0.4, 1.5, 138.4, 79.7, 73757.2, 202.3, 6.1, 102.8, 29.3, 2.2
2, 26/01/2019 17:39:50, 131128, 37.2, 38.3, 6.2, 1163.8, 372.6, 15.5, 0.5, 0.9, 194, 98, 68938.4, 230.1, 6.4, 131.6, 27.9, 2.9
2, 26/01/2019 17:59:49, 131129, 34.2, 32.3, 4.9, 475.4, 145.3, 11, 0.4, 0.1, 105.4, 82.6, 65203.8, 154.6, 5.3, 109.6, 28.2, 3.4
2, 26/01/2019 18:19:49, 131130, 33.9, 31.4, 4.7, 360.8, 150.3, 11.1, 0.3, 0, 87.9, 80.4, 50567.6, 129.8, 5, 100, 27.4, 3.2
2, 26/01/2019 18:39:49, 131131, 40.3, 37.3, 6.5, 2697.2, 344.8, 11.5, 0.5, 1.6, 106.1, 95.5, 74750.1, 299.1, 7.6, 157.6, 33.6, 3.1
2, 26/01/2019 18:59:49, 131132, 36.9, 33.2, 5.1, 371.3, 250.4, 10.6, 0.4, 0.1, 96.1, 84.9, 78048.7, 161.3, 5.8, 112.8, 32.6, 2.5
2, 26/01/2019 19:19:49, 131133, 36.1, 34.3, 5, 1396.7, 244.1, 9.4, 0.4, 1.7, 112, 87.8, 81396.7, 174.5, 6.1, 125.6, 27.1, 2
2, 26/01/2019 19:39:48, 131134, 28.5, 24.5, 4.7, 318.6, 223.2, 13.6, 0.4, 0, 73, 62.8, 87929.6, 231.2, 4.8, 92, 46.5, 1.7
2, 26/01/2019 19:59:49, 131135, 45.4, 58.3, 10.9, 1010.9, 328.7, 19.2, 0.7, 7.2, 191.2, 149.3, 103979.8, 271.7, 11.3, 282, 52.2, 8.2
2, 26/01/2019 20:19:49, 131136, 50.6, 63.7, 14, 1226.5, 270.8, 11.6, 0.9, 11.3, 189.9, 163.1, 84239.5, 163.2, 11.2, 302.4, 28.6, 15.5
2, 26/01/2019 20:39:49, 131137, 49.2, 59.4, 13, 1005.2, 327.8, 11.4, 0.8, 9.4, 177.9, 152, 73109.8, 218.5, 10, 274.4, 21.9, 15.3
2, 26/01/2019 20:59:49, 131138, 45.6, 61.3, 12.7, 857.7, 130.2, 15.1, 0.9, 0.4, 197.4, 156.9, 72757.9, 168.9, 8.7, 221.9, 36.8, 21.2
2, 26/01/2019 21:20:49, 131139, 47.1, 57.5, 11.8, 1760.1, 84.4, 16.7, 0.8, 1.3, 183.1, 147.2, 74438.3, 150.4, 8.4, 205.3, 52.7, 11.2
2, 26/01/2019 21:39:48, 131140, 52.6, 55.8, 13.7, 1069, 119.1, 19.6, 0.9, 1.7, 157.5, 142.8, 71010.5, 233, 9.7, 222.4, 71.7, 13.8
2, 26/01/2019 21:59:48, 131141, 47.4, 50.4, 13.5, 831.1, 107.3, 18.7, 1, 0.1, 165.5, 129.1, 62507.7, 167.3, 7.6, 181.6, 67.9, 16.7
2, 26/01/2019 22:19:49, 131142, 53.5, 55.7, 14.6, 1996.7, 332.6, 12.6, 1, 0.8, 180.7, 142.7, 73929.1, 160.3, 8.8, 212.4, 39.3, 15.9
2, 26/01/2019 22:40:48, 131143, 51.3, 58.1, 13.5, 1686.7, 316.5, 11.1, 0.9, 5.1, 167.1, 148.8, 71422.7, 232.9, 9.7, 214.2, 33, 15
2, 26/01/2019 22:59:48, 131144, 55.8, 62.7, 15.3, 1227.5, 302.8, 21.7, 1, 3.1, 196.5, 160.5, 66505.2, 193, 10.1, 232, 66.3, 17.6
2, 26/01/2019 23:19:48, 131145, 59, 62.8, 16.1, 998.7, 318.9, 27, 1.1, 3.2, 216.5, 160.8, 63532.7, 148.1, 7.7, 182.8, 93.1, 16.1
2, 26/01/2019 23:39:48, 131146, 53.7, 56.7, 14.6, 1446.8, 273.5, 15.1, 1, 1.5, 173.3, 145.2, 64849.5, 226.3, 7.8, 176.1, 80.4, 16.1
3, 25/01/2019 23:59:23, 131075, 19.8, 27.8, 4.6, 24242.7, 89.6, 4.8, 0.3, 0, 180.4, 71.1, 75640.6, 291.6, 20.6, 196.3, 13.5, 11.1
3, 26/01/2019 00:19:23, 131076, 29.1, 44.4, 5.6, 26447.2, 125.8, 2.2, 0.4, 0.1, 187.1, 113.6, 72268.5, 596.8, 31, 255, 11.6, 16.8
3, 26/01/2019 00:39:23, 131077, 28.1, 37.2, 5.3, 4302.5, 187.1, 1.5, 0.4, 0, 133.1, 95.2, 66546.4, 764.5, 26.4, 283.9, 4.6, 3.1
3, 26/01/2019 00:59:23, 131078, 32.8, 41.7, 6, 33819, 164.3, 1, 0.5, 0.4, 144.5, 106.8, 71967.2, 389.3, 24.6, 312.7, 5.8, 5.6
3, 26/01/2019 01:20:22, 131079, 17.6, 24.2, 4.1, 8044.6, 156.9, 1.7, 0.3, 0.1, 100.3, 61.9, 48201, 175.6, 17.1, 206.7, 10.6, 4.3
3, 26/01/2019 01:39:23, 131080, 13.6, 18.4, 3.4, 4755.7, 121.3, 2.4, 0.3, 0, 125.7, 47, 45037.4, 226.6, 15.3, 190.3, 15.9, 3.1
3, 26/01/2019 02:00:22, 131081, 18.6, 26.6, 4.3, 17637.6, 189.7, 3.5, 0.3, 0, 126.4, 68, 54676.7, 381.7, 14.1, 223.3, 11.5, 4.3
3, 26/01/2019 02:20:23, 131082, 15.5, 18.1, 3.4, 2715.8, 125.7, 3.8, 0.3, 0, 84.2, 46.2, 52026.3, 231, 11.1, 107.6, 11.7, 3.1
3, 26/01/2019 02:39:22, 131083, 10, 15.8, 2.5, 728.7, 69.2, 5.3, 0.2, 0, 92.7, 40.4, 42111, 210.2, 9, 98.3, 8.6, 4.8
3, 26/01/2019 02:59:22, 131084, 21.4, 44.6, 3.3, 18438.7, 40.6, 7.7, 0.3, 20.1, 151.6, 114.2, 42642.4, 251.2, 11.1, 102.6, 6.1, 2.8
3, 26/01/2019 03:21:22, 131085, 26, 93.7, 4.4, 57704.9, 91.8, 14.7, 0.5, 27.6, 336.5, 239.9, 53067.7, 286.2, 19.7, 308.1, 4.2, 37.9
3, 26/01/2019 03:39:22, 131086, 20.3, 62.8, 3.4, 36110.7, 88.6, 6, 0.3, 29.7, 244.8, 160.7, 51334, 218.5, 18.9, 284.1, 5, 12.5
3, 26/01/2019 03:59:23, 131087, 33.6, 63.3, 5.6, 10216.9, 207.1, 9, 0.4, 30.1, 197.2, 162, 76609.6, 334.9, 20.7, 366, 2, 3.9
3, 26/01/2019 04:20:22, 131088, 41.6, 87.2, 7.8, 6439.4, 427.9, 13.2, 0.5, 31, 297.1, 223.2, 102412, 342.4, 26.3, 614.1, 1.7, 5.3
3, 26/01/2019 04:39:22, 131089, 47.4, 85.4, 8.4, 4574.5, 524.8, 11.5, 0.6, 23.1, 268.2, 218.5, 99832.4, 170.2, 23.9, 541, 1.9, 4.4
3, 26/01/2019 04:59:22, 131090, 32.8, 56.2, 5.2, 12730.2, 480.1, 9.3, 0.4, 21.6, 204.3, 143.9, 96128.8, 218.7, 19.5, 498.4, 2.1, 3.9
3, 26/01/2019 05:19:22, 131091, 36.1, 54.7, 6.2, 1250.7, 256.1, 13.7, 0.4, 17.5, 243.6, 140.1, 46883.6, 229.1, 16.9, 357.9, 2.5, 3.8
3, 26/01/2019 05:40:22, 131092, 22.6, 39.6, 3.5, 2072.8, 215, 5.6, 0.3, 15.3, 127.5, 101.3, 71432.5, 205.3, 11.6, 151.3, 3.1, 2.7
3, 26/01/2019 05:59:22, 131093, 26.3, 51.1, 4.9, 16784.1, 136.4, 2, 0.4, 25, 176.6, 130.8, 45923.3, 284.1, 14.7, 163.1, 2.1, 3.1
3, 26/01/2019 06:19:22, 131094, 27.5, 52.8, 3.9, 3049.8, 129.5, 0.6, 0.3, 25.1, 158.8, 135.3, 106578.2, 302, 16.2, 199.9, 2.1, 1.7
3, 26/01/2019 06:39:22, 131095, 50.7, 82.8, 7.2, 2328.5, 386.4, 35.4, 1.2, 30.1, 305.5, 212, 106867.5, 340.1, 23.2, 510.4, 1.9, 3.3
3, 26/01/2019 06:59:21, 131096, 48.8, 96.1, 8.8, 13589.4, 515.9, 27.4, 2.6, 24.5, 409.7, 246, 70110.7, 399.1, 28.8, 981.2, 2.5, 5.5
3, 26/01/2019 07:19:22, 131097, 45.7, 75.1, 7.7, 1519.9, 406.3, 38.5, 0.7, 19.4, 320.3, 192.3, 65280.4, 439.2, 26.6, 754.3, 2.8, 5
3, 26/01/2019 07:39:21, 131098, 35.6, 55.9, 5.9, 1147.6, 282.6, 44.7, 0.4, 15.1, 209, 143.2, 72205, 386.7, 20, 522.7, 2.9, 3.2
3, 26/01/2019 07:59:21, 131099, 47.8, 79.4, 8, 13207.6, 347.7, 22.6, 0.8, 17.9, 325.7, 203.1, 62098, 333.6, 23.2, 671.9, 3.3, 5.7
3, 26/01/2019 08:20:21, 131100, 47.5, 70.5, 7.9, 23821, 486.5, 53.1, 0.5, 19.4, 201.3, 180.5, 73697.2, 281.2, 19.7, 460.2, 1.2, 4.9
3, 26/01/2019 08:40:21, 131101, 42.8, 66.7, 7.7, 1867.6, 558.7, 66.3, 0.5, 13.4, 294.2, 170.7, 75844.9, 251.6, 19.7, 521.7, 1.4, 3.6
3, 26/01/2019 08:59:21, 131102, 48.6, 73.5, 7.8, 21998.7, 429.9, 60, 1.9, 18.9, 328.8, 188.2, 63402.4, 362.5, 19.5, 471.4, 1.4, 4.6
3, 26/01/2019 09:19:21, 131103, 32.8, 50.8, 5.5, 15495.3, 302.3, 25.5, 0.4, 17.1, 164.4, 130.2, 61938.1, 222.6, 14.6, 329.2, 1.6, 3.3
3, 26/01/2019 09:39:21, 131104, 27.7, 48.5, 4.4, 2495.7, 178.7, 14.8, 0.4, 16.2, 223.8, 124.1, 44826.9, 209, 12.4, 231.1, 1.4, 3
3, 26/01/2019 09:59:21, 131105, 33.4, 77.1, 5.1, 16493.4, 182.8, 23.5, 0.4, 19.2, 331, 197.5, 56063.2, 282, 16.9, 346.1, 1.1, 2.8
3, 26/01/2019 10:19:21, 131106, 22.7, 38.9, 3, 3839.4, 185.4, 21.4, 0.2, 15.5, 124.4, 99.5, 49708.4, 173.6, 9.8, 178.2, 1.1, 2.1
3, 26/01/2019 10:40:20, 131107, 29.6, 45.7, 4, 5320.7, 189.9, 21, 0.7, 16.2, 267.9, 117.1, 52274.5, 200.8, 11.1, 216.5, 1.1, 1.9
3, 26/01/2019 11:00:21, 131108, 57.1, 78.4, 7.4, 46602.4, 374.9, 21.6, 1.3, 19.2, 291.1, 200.7, 74546.2, 192.1, 13.8, 424.2, 1, 4.9
3, 26/01/2019 11:19:21, 131109, 38.4, 56.7, 5.1, 3313.3, 308.3, 25.7, 0.4, 18.5, 198.5, 145.1, 69346, 169.4, 12.7, 280.8, 0.9, 2.3
3, 26/01/2019 11:39:21, 131110, 48.7, 70.6, 6.7, 3177.6, 177, 16.3, 0.9, 21.1, 333.1, 180.6, 55707.3, 170.4, 13.5, 297.1, 1, 2.5
3, 26/01/2019 11:59:20, 131111, 37.7, 53.7, 4.7, 25074.5, 292.2, 15.3, 0.3, 14.4, 205.7, 137.5, 78886.6, 198.9, 9.1, 171.3, 1.1, 3.1
3, 26/01/2019 12:19:20, 131112, 34.6, 49.8, 4.4, 1710, 291.9, 8.1, 0.3, 13.8, 166.4, 127.5, 46356.7, 158.3, 9.1, 167.7, 1, 3.2
3, 26/01/2019 12:39:25, 131113, 37.1, 57.4, 4.9, 1856.5, 161.7, 18.9, 1.6, 18.2, 332.7, 146.8, 48007.6, 191.9, 11, 203.9, 1, 2.7
3, 26/01/2019 12:59:25, 131114, 22.9, 39.5, 3.1, 17654.4, 164.9, 17.9, 0.2, 16.5, 138.6, 101.1, 42675.8, 264.5, 8.1, 95.5, 1, 2.5
3, 26/01/2019 13:20:25, 131115, 20.6, 40.6, 2.7, 5082, 87.3, 0, 0.2, 16.5, 139.8, 103.9, 43167.7, 208.3, 15.1, 200.3, 1, 1
3, 26/01/2019 13:39:26, 131116, 20, 37.7, 2.4, 2237.2, 46.7, 0.1, 0.2, 15.4, 175.4, 96.6, 42248, 164, 8.6, 101.8, 1.2, 1.9
3, 26/01/2019 13:59:25, 131117, 18.6, 36, 2.4, 12818.8, 18.8, 2, 0.2, 14.7, 127.4, 92.1, 42301, 206.1, 7.6, 87.2, 1.1, 2.5
3, 26/01/2019 14:19:25, 131118, 15.2, 29.1, 1.9, 104.3, 4, 0.1, 0.2, 12.9, 84.6, 74.6, 41149.5, 154.4, 6.4, 51.7, 1.1, 1.4
3, 26/01/2019 14:39:25, 131119, 15.2, 28, 1.8, 67.9, 0.1, 0, 0.2, 12.8, 86.6, 71.7, 41021.5, 156, 5.8, 42.1, 0.8, 1.1
3, 26/01/2019 14:59:24, 131120, 19.9, 32.1, 2.2, 11751.4, 7.8, 0, 0.2, 12.7, 106.5, 82.1, 41402.5, 175, 5.8, 68.6, 0.1, 1.2
3, 26/01/2019 15:19:24, 131121, 15.8, 28.8, 1.9, 90.5, 5.5, 0, 0.2, 12.6, 82.6, 73.7, 41511.2, 145.6, 5.7, 69.7, 0.1, 1.1
3, 26/01/2019 15:40:25, 131122, 15, 25.1, 2, 410.6, 7.1, 0, 0.2, 9.6, 77.3, 64.2, 41871.8, 167.2, 6.8, 75.2, 4.1, 1.3
3, 26/01/2019 16:00:24, 131123, 5.7, 8.1, 1.7, 13501.9, 4.5, 0.1, 0.2, 0, 30.4, 20.7, 41098, 231.5, 6.4, 50, 4.1, 2.2
3, 26/01/2019 16:19:25, 131124, 5.3, 7.5, 1.5, 3637.8, 6.3, 0.1, 0.2, 0, 28.4, 19.2, 41211.8, 183.8, 7.2, 71.8, 4.1, 2.2
3, 26/01/2019 16:39:25, 131125, 11.2, 17.8, 2.1, 6427.5, 16, 1.2, 0.2, 0, 209.6, 45.7, 40714.9, 224.5, 6.6, 74, 0.3, 2.9
3, 26/01/2019 16:59:24, 131126, 14.8, 19.2, 3.3, 17366, 58, 6.9, 0.3, 0, 93.2, 49.2, 40914.2, 241.9, 8.9, 167.2, 0.2, 3
3, 26/01/2019 17:19:24, 131127, 13.9, 18.6, 2.5, 5652.9, 39.9, 5, 0.2, 0, 69.2, 47.6, 41806.3, 211.4, 7.1, 110.1, 0.3, 3.2
3, 26/01/2019 17:40:25, 131128, 14.5, 15.5, 2.1, 4427, 32.4, 5.9, 0.2, 0, 73.1, 39.6, 42807.3, 224, 6.9, 90.1, 0.3, 1.3
3, 26/01/2019 18:00:24, 131129, 10.3, 16.8, 2.3, 18682.2, 43.5, 7.4, 0.2, 0, 75.3, 43, 42430.9, 209.5, 7.1, 159.7, 0.7, 5.1
3, 26/01/2019 18:19:24, 131130, 6.3, 9.3, 1.6, 6360.7, 7.1, 0.3, 0.2, 0, 48, 23.7, 42288.2, 177.2, 5.5, 76.1, 0.1, 3.8
3, 26/01/2019 18:39:24, 131131, 22, 21.4, 2.8, 7195.3, 15.6, 0.3, 0.3, 0, 95.7, 54.9, 43931.4, 179.9, 5.7, 100.9, 0.1, 1.3
3, 26/01/2019 18:59:24, 131132, 18.5, 20.7, 2.8, 18839.2, 55.4, 2.2, 0.2, 0, 96, 53, 46102.7, 251.2, 6.4, 150.1, 0.2, 1
3, 26/01/2019 19:19:24, 131133, 11.1, 14.2, 2.3, 5708.4, 229.9, 0.4, 0.2, 0, 87.3, 36.3, 45457.5, 241.5, 11.4, 174.4, 0.1, 0.7
3, 26/01/2019 19:39:24, 131134, 11.1, 10.4, 1.6, 1888.3, 0.8, 0.1, 0.1, 0, 32.9, 26.6, 45105.5, 175.9, 8.1, 127, 0.4, 0.2
3, 26/01/2019 19:59:24, 131135, 15.8, 15.7, 2.1, 29223.9, 35.9, 2.7, 0.2, 1.2, 77.6, 40.3, 54028, 233.1, 7.8, 142.8, 0.1, 1
3, 26/01/2019 20:19:24, 131136, 20.7, 27, 2.8, 5564.4, 74.4, 0, 0.2, 3.8, 80.6, 69.2, 55063.8, 177.9, 11.1, 191.2, 0.1, 1
3, 26/01/2019 20:40:23, 131137, 14.7, 17.4, 2.9, 3676.9, 105.8, 0.1, 0.3, 0.8, 62.9, 44.7, 48636.8, 197.9, 9.8, 163.5, 1.5, 2.1
3, 26/01/2019 20:59:23, 131138, 29.2, 46.9, 5.6, 45096.9, 98.6, 0.2, 0.6, 0.4, 164.5, 120, 52230.9, 252.4, 12.4, 262.5, 1.8, 7.7
3, 26/01/2019 21:20:23, 131139, 19.8, 25.8, 4, 5752.7, 18.4, 0.2, 0.3, 0.1, 100.6, 66, 50618.9, 225.5, 7.9, 152.9, 1.4, 1.5
3, 26/01/2019 21:39:23, 131140, 13.5, 15.3, 2.8, 4853.5, 27.5, 0, 0.2, 0, 50.7, 39.2, 43363.3, 249, 6.7, 92.9, 1.1, 0.6
3, 26/01/2019 21:59:23, 131141, 10.4, 11.1, 2, 16127.9, 22.1, 0.2, 0.2, 0, 44.2, 28.3, 42974.7, 231.7, 6.6, 59.4, 0.6, 0.9
3, 26/01/2019 22:20:23, 131142, 12.1, 13.5, 2.1, 3990.4, 18.4, 0.1, 0.2, 0, 46.1, 34.7, 41697.9, 206, 6.9, 67.7, 1.4, 0.5
3, 26/01/2019 22:40:23, 131143, 11.6, 12.8, 2, 3924.2, 18.4, 0, 0.2, 0, 85, 32.9, 41924.9, 219.3, 5.9, 52.3, 1.5, 0.3
3, 26/01/2019 22:59:23, 131144, 17.9, 18.4, 3.3, 16328.1, 74.6, 2.2, 0.3, 0, 76.4, 47, 43614.2, 236.6, 6.9, 113.3, 1.5, 1.1
3, 26/01/2019 23:19:23, 131145, 12.4, 12.4, 2.1, 477.8, 18.6, 0.3, 0.2, 0, 54.2, 31.6, 46410.4, 191.2, 6.3, 75, 1.5, 0.6
3, 26/01/2019 23:39:23, 131146, 14.6, 14.5, 2.4, 3935, 42.5, 0.5, 0.2, 0, 66.1, 37, 44394.6, 218.1, 6.6, 75.2, 1.3, 0.8
4, 25/01/2019 23:59:39, 131075, 27.1, 31.7, 6.4, 21047.3, 173.9, 0.2, 0.4, 0, 222.9, 81.1, 67698.3, 435.1, 21.2, 233.5, 12.7, 13.8
4, 26/01/2019 00:19:40, 131076, 33.5, 51.7, 6.8, 11874.5, 64.1, 0.4, 0.5, 0, 220.3, 132.3, 64425.6, 461.6, 29.8, 303.1, 12, 23.7
4, 26/01/2019 00:39:40, 131077, 33.3, 1086.8, 5.7, 4154.8, 59.9, 1, 0.4, 0, 53642, 2782.1, 65476.2, 481.2, 21.1, 329.7, 10.7, 3
4, 26/01/2019 00:59:40, 131078, 25.7, 34.9, 4.5, 1004.8, 64.3, 2.1, 0.4, 0, 130.8, 89.3, 64046.9, 416.8, 17.6, 323.3, 11.8, 2.7
4, 26/01/2019 01:21:39, 131079, 17.8, 22.2, 3.4, 479.3, 128.5, 0.2, 0.3, 0, 97.8, 56.7, 59990.3, 276.7, 12.8, 205.5, 7.7, 2.7
4, 26/01/2019 01:39:39, 131080, 19.4, 23.7, 3.3, 1500.3, 121.5, 0.8, 0.3, 0.7, 127.4, 60.6, 61095.9, 246.1, 12.1, 184.1, 4.5, 2.1
4, 26/01/2019 01:59:39, 131081, 23.3, 33.4, 4.1, 17351.4, 85.5, 3.7, 0.3, 0.2, 129.3, 85.4, 59978.7, 229.6, 14.8, 268.2, 5.3, 3.4
4, 26/01/2019 02:20:39, 131082, 17.8, 17.4, 3.4, 3410.7, 83.8, 2, 0.3, 0.2, 61.4, 44.6, 59702.7, 200.2, 11.3, 151.1, 6.1, 3
4, 26/01/2019 02:39:39, 131083, 19, 18.7, 3.5, 4762.8, 120.9, 0.2, 0.3, 0.4, 82.7, 47.7, 71883.6, 197.1, 11.4, 152.7, 5.1, 2.8
4, 26/01/2019 02:59:39, 131084, 25, 27.8, 4.7, 14361.3, 124.1, 3.6, 0.3, 0.1, 143.5, 71.2, 56530.5, 169.4, 12.8, 257.7, 4.8, 4.2
4, 26/01/2019 03:20:39, 131085, 24.3, 93.2, 5.2, 116174.7, 52.3, 1.6, 0.4, 0.3, 379.8, 238.7, 65823.8, 305, 17.7, 426.8, 3.4, 74.2
4, 26/01/2019 03:39:39, 131086, 25, 53.1, 5.2, 68258.7, 187.3, 15.4, 0.4, 0, 343.4, 135.9, 52810.4, 252.5, 15.1, 391, 4.7, 28.2
4, 26/01/2019 03:59:49, 131087, 26.2, 23.6, 5.1, 32921.7, 174.1, 10.9, 0.4, 0.1, 106.4, 60.4, 87639.1, 292.9, 12.8, 253.3, 4.8, 4
4, 26/01/2019 04:19:49, 131088, 70.1, 70.2, 12.3, 8530.5, 479.7, 6.3, 9.5, 0.9, 320.8, 179.7, 109842.6, 359.4, 28, 546.5, 3.3, 8.1
4, 26/01/2019 04:39:49, 131089, 77.2, 71.1, 12.2, 6448, 801.8, 12.8, 2.2, 0.2, 265.5, 182.1, 102671.5, 243.7, 26.2, 544.8, 3.5, 4.3
4, 26/01/2019 04:59:49, 131090, 54.9, 48.1, 8.3, 35084, 479.2, 15.1, 0.6, 0.1, 197, 123.2, 95300.6, 248.4, 20.8, 416.2, 4.1, 4.5
4, 26/01/2019 05:19:49, 131091, 35.3, 57.8, 5.8, 4888.1, 224.6, 19.2, 0.4, 0, 1425.4, 148, 55753.8, 239.1, 18.7, 328.2, 4.3, 2.4
4, 26/01/2019 05:39:48, 131092, 29.1, 25, 5.4, 3338.9, 380, 18.6, 0.4, 0, 85.1, 64.1, 73421.9, 140.7, 15.1, 280.3, 4.3, 2.3
4, 26/01/2019 05:59:48, 131093, 28.5, 25.6, 5.6, 18228.7, 337.7, 15.9, 0.4, 0, 104.8, 65.6, 114043.4, 150.2, 13.7, 383.1, 4.4, 3.8
4, 26/01/2019 06:19:48, 131094, 36.7, 34.5, 7.7, 4962.2, 305.4, 8.1, 0.6, 0, 130, 88.2, 75338.1, 168.7, 12.1, 296.9, 4.1, 5
4, 26/01/2019 06:39:49, 131095, 32.8, 32.7, 5.9, 4035.4, 162.1, 8.9, 0.9, 1.6, 125.1, 83.7, 71646.4, 295.4, 13.2, 263.8, 4.1, 4
4, 26/01/2019 06:59:49, 131096, 54.5, 84.4, 12.2, 29423.2, 514.7, 20, 1.2, 6.9, 366.6, 216, 77951, 254.4, 22.5, 767.2, 5.1, 7.1
4, 26/01/2019 07:19:58, 131097, 32.5, 35.1, 6.9, 6369.6, 269, 12.6, 0.5, 3.8, 137.7, 90, 63899.1, 201, 21.8, 635, 5, 3.7
4, 26/01/2019 07:39:58, 131098, 41.1, 44, 7, 5550.2, 251.9, 4.5, 0.5, 3.5, 193.3, 112.6, 58993.3, 200.1, 19.9, 522.8, 3.2, 3.4
4, 26/01/2019 07:59:58, 131099, 44.5, 51.2, 8.1, 38926.8, 410.8, 4.1, 0.8, 3.2, 224.9, 131.2, 54424.3, 183.9, 18.6, 502, 0.2, 5.8
4, 26/01/2019 08:19:58, 131100, 32.6, 33.1, 6, 4863.8, 212.8, 3.1, 0.4, 0.2, 173.7, 84.8, 55174.6, 186.5, 12.3, 340.4, 0.2, 4.8
4, 26/01/2019 08:39:58, 131101, 31.7, 37.6, 6.1, 22457.9, 322.4, 16.3, 0.5, 1, 137.6, 96.2, 56066.8, 211.9, 14.3, 383, 0.2, 4.5
4, 26/01/2019 08:59:58, 131102, 32.7, 38, 6, 16163.7, 196.6, 31.9, 0.4, 1, 147.8, 97.3, 52445.4, 1044.3, 13.6, 348.1, 1.1, 5.1
4, 26/01/2019 09:19:57, 131103, 40.4, 39.4, 7.3, 4866.4, 232.8, 51.6, 0.5, 0.2, 135.1, 100.8, 57184.8, 1176.8, 13.1, 409.8, 1.9, 5.2
4, 26/01/2019 09:39:57, 131104, 40.2, 39.9, 7.4, 3938.2, 300, 42.9, 0.5, 0, 142.1, 102.2, 72426.4, 1183.4, 12.3, 356.5, 3.1, 6.7
4, 26/01/2019 09:59:57, 131105, 30, 29.8, 5.6, 17760.5, 233.8, 50.8, 0.4, 0, 131.1, 76.2, 48025.4, 1206.5, 11.7, 267.6, 3.5, 6.1
4, 26/01/2019 10:19:58, 131106, 25.1, 22.9, 4.7, 768.7, 209.8, 52, 0.3, 0, 77.4, 58.6, 49013.9, 1347.6, 10.1, 233.3, 3.8, 4.9
4, 26/01/2019 10:39:57, 131107, 26.2, 21.8, 4.6, 1258.6, 252.2, 62.4, 0.4, 0, 69.4, 55.9, 49300.2, 1145, 9.8, 222.9, 3.4, 4.7
4, 26/01/2019 10:59:57, 131108, 41.1, 39.1, 6.5, 22323.9, 337.1, 48.2, 0.5, 0, 141.6, 100.1, 55823.7, 1452.1, 11.1, 293.4, 2.9, 6.6
4, 26/01/2019 11:19:57, 131109, 39.6, 35.4, 6.6, 4079, 486.8, 52, 0.5, 0, 107, 90.7, 52856.1, 2095.1, 9.6, 247.6, 3.4, 6.7
4, 26/01/2019 11:39:57, 131110, 28.1, 23.8, 5, 3923.2, 291.2, 55, 0.4, 0, 77.1, 60.9, 51410.9, 1755.1, 9.7, 215, 3.3, 4.8
4, 26/01/2019 11:59:57, 131111, 25.3, 21.6, 4.5, 15766.7, 220.8, 53.1, 0.4, 0, 63.4, 55.4, 51891.1, 1308.8, 9, 204.4, 3.5, 5.1
4, 26/01/2019 12:19:57, 131112, 23.1, 19, 4.2, 3973, 204.2, 39.6, 0.3, 0, 62.3, 48.8, 49780.4, 1445.2, 8.5, 194.7, 3.6, 4.1
4, 26/01/2019 12:39:57, 131113, 19.1, 14.6, 3, 3903.1, 73.3, 14.8, 0.2, 0, 62.1, 37.4, 44651.1, 431.9, 7, 167.2, 2.5, 3.1
4, 26/01/2019 12:59:57, 131114, 21.5, 17.7, 3.5, 15354.1, 75.7, 12.2, 0.3, 0, 74.1, 45.3, 45199.2, 944.4, 7.2, 189.8, 3.6, 3.6
4, 26/01/2019 13:19:57, 131115, 22.2, 19.6, 4.1, 657, 106.6, 10.8, 0.3, 0, 82.2, 50, 44067.5, 885, 7.7, 153.1, 3.4, 3.8
4, 26/01/2019 13:39:57, 131116, 15.7, 11.4, 2.6, 2284.3, 50.6, 10.3, 0.2, 0, 35.8, 29.1, 43817.8, 162.1, 5.4, 72, 2.4, 3.1
4, 26/01/2019 13:59:57, 131117, 16.3, 15.2, 2.9, 21012.6, 76.1, 12.2, 0.2, 0, 138.2, 38.9, 42101.8, 158.1, 5.7, 97.7, 2.4, 4.2
4, 26/01/2019 14:19:57, 131118, 13.4, 10.1, 2.6, 3791.7, 52, 11.2, 0.2, 0, 34.6, 25.9, 42210.8, 146, 5, 62.1, 2.3, 3.7
4, 26/01/2019 14:39:57, 131119, 12.7, 8.9, 2.5, 3789.7, 55.2, 11.2, 0.2, 0, 33.2, 22.7, 40112.5, 153, 4.6, 59.2, 2.5, 3.1
4, 26/01/2019 14:59:56, 131120, 14.4, 10.4, 2.8, 20877.1, 54.6, 11.1, 0.2, 0, 50.6, 26.5, 40601.7, 157.3, 4.4, 68.3, 2.2, 3.7
4, 26/01/2019 15:19:56, 131121, 12.5, 8, 2.4, 3840, 41.4, 8.2, 0.2, 0, 25.7, 20.5, 38912.6, 152, 4, 53.3, 2.4, 2.9
4, 26/01/2019 15:39:56, 131122, 13.4, 7.4, 2.6, 4070.6, 55.3, 0.2, 0.2, 1.1, 53, 19.1, 39925.8, 162.7, 9.6, 92, 32.9, 0.8
4, 26/01/2019 15:59:56, 131123, 22.2, 33.3, 2.8, 19444.6, 10.7, 2.5, 0.2, 16.8, 110.2, 85.2, 39655.3, 101.9, 9.3, 92.5, 29, 1.3
4, 26/01/2019 16:19:56, 131124, 20.5, 30.1, 2.4, 130.2, 1.4, 0.2, 0.2, 15.1, 83.3, 76.9, 39381.4, 98.2, 8.5, 81.7, 26.4, 0.4
4, 26/01/2019 16:39:56, 131125, 20.2, 29.7, 2.2, 399.3, 0.6, 0.1, 0.2, 16.2, 87.3, 76, 40156, 92, 7.4, 83.2, 19.9, 0.4
4, 26/01/2019 16:59:56, 131126, 24.4, 37.7, 3.6, 17006.5, 45.1, 0.2, 0.3, 15.4, 152.3, 96.6, 39829.5, 129.9, 8, 129.2, 18.7, 1.7
4, 26/01/2019 17:19:55, 131127, 23, 35, 3.1, 541.4, 41.7, 0.1, 0.2, 14.8, 129.5, 89.5, 41363.1, 98.1, 7.3, 87.6, 19, 0.7
4, 26/01/2019 17:39:55, 131128, 20.7, 32.4, 2.3, 530.9, 10.4, 0.1, 0.2, 16.1, 112, 82.9, 41820.9, 72.9, 6.2, 72, 15.1, 0.7
4, 26/01/2019 17:59:56, 131129, 23.8, 37.2, 3, 18494.7, 20.8, 0.5, 0.2, 16.7, 115, 95.1, 42572, 137.4, 7.6, 140.4, 14.4, 2
4, 26/01/2019 18:19:55, 131130, 20.2, 33, 2.2, 3577.9, 1, 0.1, 0.2, 17.3, 87.1, 84.5, 41899, 95, 7, 78, 14.5, 1.1
4, 26/01/2019 18:39:55, 131131, 20, 32, 2.2, 476.8, 0.5, 0.1, 0.2, 16.8, 88.5, 81.9, 42101.2, 84.8, 6.4, 65.7, 14.9, 0.7
4, 26/01/2019 18:59:55, 131132, 28.6, 41.3, 3.5, 19011.5, 74.1, 0.2, 0.3, 17, 130.6, 105.8, 55937.5, 107.9, 10.5, 151.6, 15.9, 1.9
4, 26/01/2019 19:19:55, 131133, 25.9, 38.3, 3.2, 627.7, 58.5, 0.2, 0.3, 16.2, 121.5, 98.1, 44093, 150.9, 9.5, 172.4, 14.7, 1.1
4, 26/01/2019 19:39:55, 131134, 21.3, 37.4, 2.4, 3879.7, 20.6, 0.3, 0.2, 17.4, 171.6, 95.8, 41265, 126.9, 7.8, 100.8, 15, 0.6
4, 26/01/2019 19:59:55, 131135, 21.9, 35.6, 2.7, 20421.5, 11.7, 1.5, 0.2, 16.8, 116.5, 91.1, 41219.2, 127.8, 7.9, 113.2, 15.8, 1.4
4, 26/01/2019 20:19:55, 131136, 25, 38, 2.3, 799.5, 1.6, 0, 0.2, 17, 118.2, 97.3, 41306.1, 106.9, 7.9, 141.2, 11.1, 0.6
4, 26/01/2019 20:39:55, 131137, 20.7, 39, 2.3, 3263.3, 24.4, 0, 0.2, 22.1, 107.2, 99.8, 44613, 103.8, 9.7, 167.1, 11, 0.5
4, 26/01/2019 21:00:55, 131138, 23.4, 44.7, 2.9, 2392.9, 33.3, 2.1, 0.2, 22.5, 151.7, 114.3, 46674.3, 148.9, 12, 196.4, 10.8, 1.2
4, 26/01/2019 21:20:55, 131139, 21, 45.3, 2.8, 385.1, 27.8, 0, 0.2, 27.1, 121.5, 115.9, 49094.9, 79, 12.9, 185.3, 10.8, 0.8
4, 26/01/2019 21:39:55, 131140, 20.2, 45.2, 2.5, 353, 28.7, 0, 0.2, 26.5, 149.9, 115.6, 49196.1, 77, 11.5, 165.3, 8.9, 0.8
4, 26/01/2019 21:59:55, 131141, 22.4, 49.1, 3, 17170.8, 34.2, 2.8, 0.2, 23.4, 154.1, 125.7, 49640.3, 99.9, 10.7, 179.7, 1.5, 2
4, 26/01/2019 22:19:55, 131142, 20.6, 42.5, 2.7, 485.3, 39.3, 0.8, 0.2, 20.8, 198.9, 108.7, 47937.6, 94.3, 10.1, 154.2, 0.8, 0.9
4, 26/01/2019 22:40:55, 131143, 22.7, 43.8, 3, 533.3, 56.7, 1, 0.2, 22.7, 175.9, 112.2, 44608.8, 77.9, 10.2, 169.8, 0.8, 1
4, 26/01/2019 22:59:54, 131144, 26.1, 41.5, 3.8, 18159.7, 84.5, 0.3, 0.3, 17.1, 132.9, 106.3, 46453.7, 126.1, 8.9, 164.4, 1, 2.1
4, 26/01/2019 23:19:55, 131145, 22.8, 35, 3, 3739.8, 46.6, 0.4, 0.2, 15.7, 107.7, 89.7, 44773.2, 117.9, 8.2, 153.2, 1, 1.3
4, 26/01/2019 23:39:55, 131146, 20.6, 31.3, 2.2, 388.4, 12.2, 0.1, 0.2, 14.6, 99.7, 80.2, 43746.4, 86.1, 6.8, 94.5, 1, 0.9
