HOST, TIME, SNAP_ID, SYS_CPU, SYS_DBTIME, SYS_SYSPCT, SYS_READ, SYS_WRITE, SYS_REDO, SYS_OSWAIT, SYS_RMWAIT, SYS_ACTSESS_MAX, SYS_ACTSESS_AVG, SYS_PGA, SYS_PXRUNS, SYS_PXQCT, SYS_PXSRVT, SYS_UCALLS, SYS_IOWAIT
1, 28/12/2018 23:59:51, 129059, 80.6, 80.6, 21.6, 856.5, 350.4, 58, 2, 0.1, 230, 206.2, 58741.6, 186.4, 7.9, 235.1, 190.7, 13.3
1, 29/12/2018 00:19:51, 129060, 53.2, 91.3, 13.7, 11167.8, 525.8, 48.7, 2.4, 17.7, 403.3, 233.8, 75044.5, 275.4, 14.6, 273.5, 167, 16.4
1, 29/12/2018 00:39:52, 129061, 60.8, 128.3, 14, 9564.3, 384.9, 44, 3.5, 30.3, 408, 328.3, 71499.5, 257.1, 25.5, 385.4, 134.2, 8.5
1, 29/12/2018 00:59:51, 129062, 78.1, 135.1, 18.7, 5184.5, 400, 42.8, 6.7, 17.2, 467.6, 345.9, 81515.3, 800.9, 29.9, 486.4, 136.1, 14.3
1, 29/12/2018 01:19:51, 129063, 70.1, 110.3, 17.2, 3035.5, 474.8, 38.8, 2.2, 10, 367.7, 282.4, 73970.5, 504.8, 25, 411, 136.4, 20.4
1, 29/12/2018 01:39:51, 129064, 70.9, 109, 17.5, 991.6, 375, 47.7, 1.8, 3.6, 389.5, 279, 72474.3, 473, 21.2, 317.3, 150.6, 20.1
1, 29/12/2018 01:59:51, 129065, 74.3, 97.6, 18.9, 1231.7, 404.8, 59.1, 1.7, 0.4, 270.9, 249.8, 56835.4, 638.5, 18, 247.2, 146.1, 25.5
1, 29/12/2018 02:19:51, 129066, 79.9, 93.1, 18.2, 4880.3, 300.6, 50.2, 2.1, 0.5, 273.6, 238.4, 72095.2, 719.6, 18, 271.1, 109.4, 17.5
1, 29/12/2018 02:39:50, 129067, 86.7, 100.4, 16.2, 5016.9, 175.3, 29.8, 3.2, 6.4, 319.9, 257, 61722, 902.6, 23.5, 423.5, 78, 11.8
1, 29/12/2018 02:59:51, 129068, 83, 100.3, 15.4, 5319, 179.4, 33.5, 9.7, 15.9, 288.6, 256.7, 54054.6, 213.2, 21.7, 406.8, 78.2, 8.1
1, 29/12/2018 03:19:51, 129069, 60.4, 71.5, 13.4, 2474.3, 234.5, 36.9, 1.9, 3.7, 286, 183, 44756.6, 168.2, 16.3, 272.1, 87.2, 4.9
1, 29/12/2018 03:39:50, 129070, 60.6, 77.4, 14.6, 3508.5, 321.3, 37.3, 1.6, 3.2, 299.5, 198.1, 69092.2, 329.7, 14.9, 252.9, 93.4, 5.6
1, 29/12/2018 03:59:51, 129071, 38.8, 62.5, 10.3, 925.5, 366.1, 36, 0.8, 0, 242.2, 159.9, 53250, 161, 8.7, 152.6, 94.7, 11.5
1, 29/12/2018 04:19:51, 129072, 37.1, 63.1, 8.7, 544.7, 458.2, 32.8, 0.7, 0.1, 219.9, 161.4, 73844.4, 181.1, 6.3, 103.9, 79.5, 20.4
1, 29/12/2018 04:39:51, 129073, 43.2, 65.6, 8.8, 1429.2, 521.4, 36.8, 0.7, 1, 229.4, 167.9, 68097.2, 261.7, 5.8, 101.9, 67.3, 5.1
1, 29/12/2018 04:59:50, 129074, 54.6, 72.9, 12, 3032.6, 532.7, 35.9, 0.9, 2.8, 273.1, 186.6, 63199.4, 159.7, 8.4, 145.3, 97.6, 9.1
1, 29/12/2018 05:19:50, 129075, 51, 62.7, 12.8, 1737.9, 430.4, 39.9, 1, 6.2, 225.4, 160.6, 31894.1, 155.2, 7.4, 120.3, 108.6, 9.8
1, 29/12/2018 05:39:50, 129076, 45.7, 56.5, 13.4, 2680.4, 317.2, 44.4, 1, 3, 234.5, 144.7, 33845.5, 272.3, 6, 79.4, 112.9, 8.5
1, 29/12/2018 05:59:50, 129077, 65.7, 83.7, 18.4, 1627.3, 360.4, 48.5, 1.7, 0.7, 260.5, 214.2, 39808.4, 156.4, 5.8, 129, 122.2, 17.2
1, 29/12/2018 06:19:50, 129078, 39.8, 63.8, 12.7, 201.7, 325.4, 44.5, 1, 0, 251, 163.3, 30324.8, 138.7, 1.9, 19.8, 125.3, 14.6
1, 29/12/2018 06:39:50, 129079, 50.1, 67.3, 14.9, 2156.2, 331.8, 49.2, 1.1, 0.4, 247.8, 172.2, 31567.4, 324.4, 4.3, 77.5, 125.4, 15.3
1, 29/12/2018 06:59:50, 129080, 36.3, 73.2, 11.1, 189.6, 328.9, 52.9, 0.9, 0, 294.9, 187.3, 31456.3, 144.6, 2, 20.7, 110.8, 12.6
1, 29/12/2018 07:19:50, 129081, 43.7, 73.1, 12.4, 169.2, 351.8, 64.8, 1, 0, 336.6, 187.2, 31065.2, 193.3, 2.3, 23.9, 113.1, 12.7
1, 29/12/2018 07:39:50, 129082, 64, 88.3, 17.6, 1646.9, 411, 68.6, 1.3, 0, 355.2, 226.1, 15350.8, 244.5, 4.1, 85.1, 130.7, 15.7
1, 29/12/2018 07:59:50, 129083, 62.8, 77.8, 18.5, 6454.9, 408.3, 71.8, 1.4, 0, 263.4, 199.2, 11176.2, 129.9, 3, 60.3, 139.4, 19.2
1, 29/12/2018 08:19:49, 129084, 47.5, 60.6, 15.4, 6240.5, 356.1, 59, 1.2, 0.2, 233.3, 155.2, 14734.4, 205.2, 2.5, 29.8, 145.7, 16
1, 29/12/2018 08:39:50, 129085, 54.2, 73.4, 16.6, 1688.1, 776.2, 62.9, 1.3, 0, 264.8, 187.9, 11352.3, 284.8, 3.5, 63.6, 139.1, 18.2
1, 29/12/2018 08:59:49, 129086, 41.7, 59.9, 12.7, 282, 1532.9, 64.5, 1, 0, 209.3, 153.4, 11992.1, 151.7, 2.4, 27.3, 142, 22.4
1, 29/12/2018 09:19:50, 129087, 49.8, 64.1, 14.9, 1501.4, 777.1, 65.9, 1.1, 0.5, 256.9, 164.2, 11290.6, 251.5, 3.9, 68, 163.8, 18.1
1, 29/12/2018 09:39:49, 129088, 39.7, 41, 12.5, 637.5, 835, 66.2, 1, 0, 175.1, 104.9, 10188.5, 218.9, 3.5, 37.9, 198.2, 6.4
1, 29/12/2018 09:59:49, 129089, 34.4, 41.1, 10.7, 89.5, 1301.8, 63.8, 0.9, 0, 156.7, 105.3, 10321.7, 142.6, 2.4, 25, 183.5, 5.8
1, 29/12/2018 10:19:49, 129090, 49.8, 59.4, 14.2, 1128.1, 817, 84, 1.2, 0.4, 296.6, 152.1, 16362.9, 247.5, 3.5, 46.3, 193.4, 5.8
1, 29/12/2018 10:39:49, 129091, 50.7, 55.5, 14.6, 885.8, 937.6, 70.1, 1.1, 0.1, 202.5, 142, 15000.1, 228, 5.3, 106, 206.1, 5.5
1, 29/12/2018 10:59:50, 129092, 32.7, 77.7, 9.5, 220.3, 562.6, 56.4, 0.8, 0, 322.7, 198.9, 10651.5, 114.5, 3.8, 51.2, 142.3, 5.2
1, 29/12/2018 11:20:49, 129093, 37.2, 64.2, 11.3, 175.1, 738.5, 66.9, 0.9, 0, 311.3, 164.3, 13519.4, 166.5, 2.4, 30.9, 185.4, 5.8
1, 29/12/2018 11:39:49, 129094, 50.4, 94.2, 13.9, 1789.7, 1108, 55.3, 1.1, 0.5, 321.8, 241.1, 19542.9, 321.4, 6.1, 146.9, 156.6, 7.5
1, 29/12/2018 11:59:49, 129095, 51.1, 92.9, 15.6, 1301.8, 736.5, 51.4, 1.2, 0, 386.6, 237.8, 30604.6, 170.2, 8.6, 212.6, 145.1, 11.6
1, 29/12/2018 12:19:49, 129096, 54.4, 83.6, 16.7, 1427.2, 322.2, 56.7, 1.6, 0.2, 338, 214, 23763.4, 280, 8, 190.8, 165.6, 10.6
1, 29/12/2018 12:39:49, 129097, 59.8, 73.2, 18.8, 1015.2, 338.3, 70.3, 1.4, 0, 328, 187.5, 22170.3, 234.2, 5.1, 117.9, 192, 11.6
1, 29/12/2018 12:59:49, 129098, 50.2, 57.6, 15.6, 231.3, 331.9, 71.4, 1.2, 0, 235.7, 147.5, 38566.3, 129, 4.4, 85.9, 197.9, 9.8
1, 29/12/2018 13:19:48, 129099, 45.7, 83.6, 13.4, 1547.2, 289.9, 52.8, 1, 0.1, 416.5, 213.9, 45424.1, 208.4, 8.3, 163.2, 125.9, 8.9
1, 29/12/2018 13:40:48, 129100, 67.9, 98.2, 19.7, 782.5, 306.4, 58.5, 1.9, 0, 407.7, 251.4, 43683.5, 142.7, 7.7, 144.3, 175, 12.5
1, 29/12/2018 13:59:48, 129101, 59.9, 60.7, 17.7, 360, 381, 75.3, 1.3, 0, 203.7, 155.3, 40495.9, 129.9, 6.2, 107.9, 202.1, 11.1
1, 29/12/2018 14:19:48, 129102, 62, 62.8, 17.8, 1944.6, 334.8, 67.8, 1.4, 0.1, 251, 160.7, 42787.1, 178, 6.2, 123.1, 191.8, 10.9
1, 29/12/2018 14:39:48, 129103, 49.4, 46.9, 14, 404.4, 459.6, 65.3, 1.1, 0, 178.1, 120.1, 43954.9, 221.3, 5, 94.3, 192.6, 7.7
1, 29/12/2018 14:59:48, 129104, 51.3, 41.4, 12.9, 238.7, 720.7, 65.2, 1.1, 0.1, 168.8, 105.9, 25495.2, 177.5, 3.7, 46, 178.1, 6.5
1, 29/12/2018 15:19:49, 129105, 53.2, 57.2, 12.8, 684.4, 656.5, 54.8, 1, 0.5, 301.1, 146.5, 23955.6, 271.8, 5, 87.5, 131.2, 5.1
1, 29/12/2018 15:39:48, 129106, 44.6, 33.1, 10.8, 223.9, 689.8, 54.3, 0.8, 0, 124.3, 84.7, 23677.8, 291, 3.3, 26.3, 132.7, 4.6
1, 29/12/2018 15:59:48, 129107, 65.7, 64.2, 14.9, 1553.3, 682.8, 57.9, 2.3, 4.2, 237, 164.3, 55226.6, 510.3, 6.7, 114.8, 131.4, 7.9
1, 29/12/2018 16:19:48, 129108, 55.6, 66.1, 12.6, 865.1, 747.6, 50.4, 0.9, 0.7, 322.4, 169.1, 67728.2, 329.9, 5.1, 87, 118.5, 4.1
1, 29/12/2018 16:39:47, 129109, 52.6, 43.7, 11.1, 254.7, 693.8, 48.5, 0.9, 0, 217.2, 112, 67865.5, 378.2, 3.1, 53.2, 110.7, 4.3
1, 29/12/2018 16:59:48, 129110, 55.9, 56.6, 12.4, 843.1, 689.4, 54.4, 1.1, 1.6, 249.7, 144.9, 73057.7, 423.9, 4.3, 79.4, 111.6, 4.8
1, 29/12/2018 17:19:48, 129111, 55, 57.7, 11.9, 1459.5, 637.7, 47.1, 0.9, 0.8, 263.3, 147.8, 68430.7, 389.7, 5.7, 113.4, 107, 3.7
1, 29/12/2018 17:39:48, 129112, 47, 37.1, 10, 193.9, 624.7, 43.4, 0.8, 0, 247.9, 95.1, 65822, 402.1, 3.3, 57.1, 108.9, 2.8
1, 29/12/2018 17:59:48, 129113, 42.8, 76.7, 9.4, 2192.1, 629.1, 39.2, 0.7, 1.1, 323.2, 196.4, 48808.9, 512.3, 4.8, 107.3, 87.5, 5.1
1, 29/12/2018 18:20:48, 129114, 40.8, 31.1, 9.2, 715.3, 783.3, 40.3, 0.8, 0.5, 173.1, 79.6, 86219.2, 324.4, 2.6, 50.5, 99.4, 2.6
1, 29/12/2018 18:39:47, 129115, 47.4, 54.1, 9.2, 394.8, 740.8, 36.7, 0.7, 2.5, 277, 138.6, 53777.1, 404.7, 4.4, 112.3, 67.4, 2.5
1, 29/12/2018 18:59:48, 129116, 68.8, 66, 14, 1787.6, 846.3, 43.1, 1.1, 2.6, 277.8, 169, 85262.5, 460.3, 9, 201.5, 88.4, 8.3
1, 29/12/2018 19:19:47, 129117, 55.1, 51.2, 11, 798.3, 902.5, 35.6, 0.8, 0.1, 273.3, 131, 68903.1, 311.3, 6.9, 149.3, 66, 4
1, 29/12/2018 19:39:47, 129118, 37.3, 24, 8, 400.8, 838.2, 37, 0.6, 0, 131, 61.3, 67303.2, 413.9, 4, 85.9, 65.9, 1.9
1, 29/12/2018 19:59:48, 129119, 54, 56.8, 12.9, 7764.1, 764.3, 32.4, 0.9, 6.8, 242.5, 145.5, 68482.7, 501.1, 10.7, 255.9, 59.9, 7.9
1, 29/12/2018 20:19:47, 129120, 51.7, 63, 12.7, 796.6, 836.4, 28.5, 0.9, 5, 310.3, 161.3, 70219.3, 321.9, 7.9, 211.6, 48.6, 6.6
1, 29/12/2018 20:39:47, 129121, 42.8, 39.2, 10.1, 552.8, 741.2, 16.7, 0.7, 0.8, 141.1, 100.5, 54471.3, 404.4, 5.7, 153.8, 34.1, 6
1, 29/12/2018 20:59:47, 129122, 35.8, 42.1, 8.7, 456.1, 512.6, 16.6, 0.7, 0, 138.6, 107.7, 54880, 406.6, 6.1, 162.7, 41.7, 10.8
1, 29/12/2018 21:19:46, 129123, 43.3, 55.8, 9.7, 1035, 585.2, 16.1, 0.8, 4.9, 180.9, 142.9, 56143.9, 370.8, 9.4, 234.4, 44.1, 4.9
1, 29/12/2018 21:40:47, 129124, 41.5, 42.5, 11, 622.9, 674.6, 17, 0.8, 0.3, 178.9, 108.8, 53183.7, 352.7, 6.1, 150.7, 47.8, 7.7
1, 29/12/2018 21:59:47, 129125, 40.7, 46.6, 10.3, 842.5, 690.1, 14.3, 0.8, 0.1, 214.8, 119.2, 52236.9, 391.5, 5.7, 144.2, 39.7, 9.9
1, 29/12/2018 22:19:47, 129126, 44.9, 47.3, 11.5, 2009.6, 678.6, 13.9, 0.8, 3.3, 197.9, 121.2, 59038.5, 398.7, 7.2, 191.1, 33.8, 9.3
1, 29/12/2018 22:39:47, 129127, 39.4, 43.2, 9.6, 889.2, 567.5, 17.1, 0.7, 0.2, 196.4, 110.5, 24082.4, 401.6, 5.5, 146.5, 45.3, 7.3
1, 29/12/2018 22:59:47, 129128, 35.2, 42.2, 10.4, 460.8, 548.7, 19.9, 0.8, 0, 185.4, 107.9, 28365.2, 405.8, 4.5, 129.9, 54.7, 8.9
1, 29/12/2018 23:19:47, 129129, 42.6, 62.4, 11.7, 1399.3, 508.8, 21.5, 0.9, 2.2, 265.5, 159.6, 37428.2, 405.5, 7.5, 200.8, 78.6, 6.9
1, 29/12/2018 23:39:46, 129130, 52.9, 55.2, 14, 1341.4, 539.2, 23.4, 1, 0.3, 198.4, 141.2, 30283, 432, 6.9, 199.5, 95.8, 8.4
2, 29/12/2018 00:00:08, 129059, 58.2, 70.5, 18, 1403.7, 157, 38.2, 1.9, 0, 230.9, 180.4, 19301.4, 137.5, 6.3, 170.2, 133.5, 19.6
2, 29/12/2018 00:20:08, 129060, 61.6, 105.8, 17.6, 6388.2, 225.3, 48.8, 2.1, 10.5, 471.9, 270.7, 26529.7, 124.1, 13.2, 243.3, 140, 22.8
2, 29/12/2018 00:40:08, 129061, 68.1, 150.2, 17.3, 2554.5, 229.7, 40.6, 3.1, 19.3, 532.7, 384.5, 28629, 143.3, 26.1, 390.4, 88.2, 15
2, 29/12/2018 00:59:08, 129062, 57.6, 104.9, 14.6, 1738.2, 138.5, 22.7, 1.2, 15.7, 308.2, 268.5, 27047.8, 103.7, 23, 316, 89.8, 13.1
2, 29/12/2018 01:20:08, 129063, 61.6, 87.8, 13.9, 39629.7, 166.6, 24.1, 2, 5.4, 308.1, 224.8, 48016.9, 283, 19.9, 294.8, 76.5, 11.7
2, 29/12/2018 01:40:08, 129064, 82, 105.3, 15.9, 68654.8, 176.3, 18.5, 3.3, 3.4, 342.3, 269.5, 28830.6, 257.1, 23.6, 431.9, 68.9, 8.9
2, 29/12/2018 02:00:08, 129065, 65.9, 77.4, 14.6, 27497.2, 149.2, 24.8, 1.3, 0.5, 259.2, 198.2, 25976.4, 124.4, 16.7, 261.7, 100.9, 10.7
2, 29/12/2018 02:20:08, 129066, 52.5, 55.4, 12.8, 12905, 115, 25, 1.1, 0.1, 160.1, 141.7, 18012, 142.7, 9.6, 137.4, 116.3, 6.2
2, 29/12/2018 02:40:08, 129067, 52.6, 53.4, 13.6, 1202.7, 157.7, 33.4, 1.3, 0, 216.9, 136.8, 13793.3, 166.8, 7.8, 106.8, 178.7, 6.2
2, 29/12/2018 03:00:08, 129068, 58.3, 58.5, 14.3, 1066.6, 186.4, 34.4, 1.1, 3.3, 177.5, 149.7, 43699.8, 159.2, 7.9, 138.7, 212.1, 7.7
2, 29/12/2018 03:19:07, 129069, 57.7, 62.5, 13.6, 1289, 238.7, 28.7, 1.2, 3.8, 225.3, 159.9, 44491.6, 109.4, 8.6, 187.4, 183.9, 5.9
2, 29/12/2018 03:40:08, 129070, 55.8, 63.1, 12.9, 1219.3, 239.6, 23.7, 1.1, 2.7, 236.7, 161.6, 47381, 121.1, 11.6, 238.3, 145.2, 6.2
2, 29/12/2018 04:00:08, 129071, 46.6, 56.9, 10.5, 489.8, 130.2, 23.8, 0.8, 0.1, 210.9, 145.6, 14820.2, 83, 10.3, 171.8, 146.2, 6.8
2, 29/12/2018 04:20:07, 129072, 40.3, 36.5, 10.2, 272.8, 350.7, 25.8, 0.9, 0, 132.4, 93.4, 52163.7, 92.3, 9.7, 126.4, 90.9, 6.9
2, 29/12/2018 04:40:08, 129073, 44.7, 38.8, 9.1, 1612.8, 469.1, 32.7, 0.8, 0.2, 156, 99.4, 53115.2, 136.5, 7.7, 136.4, 117.1, 2.3
2, 29/12/2018 05:00:07, 129074, 45.1, 45.3, 9.1, 1625.8, 495.5, 29, 0.7, 0, 205.7, 115.9, 50594.9, 141.8, 6.3, 147.5, 82.6, 4.4
2, 29/12/2018 05:19:07, 129075, 35.5, 28.3, 7.3, 101.5, 447.9, 33.4, 0.6, 0, 107.8, 72.5, 46824.7, 99.1, 3.6, 59.2, 88.8, 2.2
2, 29/12/2018 05:40:07, 129076, 40.7, 35.2, 8.8, 1206.7, 289.5, 33.8, 0.7, 0.3, 149.3, 90.2, 55911.2, 119.1, 4.8, 84.1, 126.6, 2.1
2, 29/12/2018 05:59:07, 129077, 40.3, 46.1, 8.8, 922.6, 258.5, 33, 0.8, 0, 197.4, 117.9, 51546.6, 116.2, 5.7, 110.6, 103, 4
2, 29/12/2018 06:19:07, 129078, 28.1, 30.2, 5.8, 208.5, 236.5, 30.4, 0.5, 0, 145.2, 77.2, 46459.3, 105.6, 3.7, 65.3, 67.6, 2
2, 29/12/2018 06:40:07, 129079, 36.2, 34.3, 7.7, 904.7, 230, 23.9, 0.7, 0, 122.2, 87.7, 53736.5, 110.3, 4.2, 86, 66.2, 3.9
2, 29/12/2018 07:00:07, 129080, 31.9, 49.7, 7.2, 78.4, 152.2, 25.5, 0.6, 0, 217.8, 127.3, 46146, 71.8, 2.1, 22, 99.4, 2.6
2, 29/12/2018 07:20:07, 129081, 29.1, 37.5, 6.6, 346.1, 147.9, 23.7, 0.5, 0.1, 310.6, 95.9, 52260.5, 90.9, 3.1, 31.8, 83.4, 1.9
2, 29/12/2018 07:40:07, 129082, 35, 44.3, 8.2, 1384.2, 173.5, 30.2, 0.6, 0.1, 299.7, 113.5, 15101, 166.7, 4.7, 70.8, 90.7, 3
2, 29/12/2018 08:00:07, 129083, 37.6, 35.5, 9.5, 170.3, 220.9, 39, 0.8, 0, 119.7, 90.9, 15758.6, 86.6, 2.4, 24, 145.5, 3.8
2, 29/12/2018 08:20:07, 129084, 37.9, 36, 8.9, 856.7, 218, 36.4, 0.8, 0, 124.3, 92.1, 17035.8, 82, 2.8, 52.4, 131.7, 3
2, 29/12/2018 08:39:06, 129085, 48.7, 52, 11.4, 755.8, 347.3, 41.4, 1, 0, 207.6, 133.2, 18823.4, 79.3, 4.1, 88.3, 138, 5.3
2, 29/12/2018 09:00:07, 129086, 49.2, 51.6, 11.8, 16799.6, 333, 53.9, 0.9, 0, 201.8, 132, 14743.2, 70.8, 2.8, 56.1, 178.4, 6.5
2, 29/12/2018 09:20:07, 129087, 52.7, 57.4, 12.4, 2029, 306.7, 47.1, 1, 0.1, 230.6, 147, 41173, 138.1, 4.5, 88.5, 161.4, 5
2, 29/12/2018 09:40:06, 129088, 65.3, 66.3, 15.1, 683.4, 337.4, 55.7, 1.2, 0.1, 251.7, 169.7, 42677.6, 152.5, 4.7, 94.9, 182.6, 5.6
2, 29/12/2018 09:59:07, 129089, 66.9, 69.5, 15.2, 640.4, 382.9, 53, 1.5, 0.1, 216.7, 177.8, 41613.5, 70.4, 5.3, 108.2, 179.5, 6.3
2, 29/12/2018 10:20:06, 129090, 61, 68.2, 13.9, 1558.7, 281, 52.9, 1.2, 0.1, 283.2, 174.6, 32682.9, 61.9, 5.8, 119.5, 162.1, 4.2
2, 29/12/2018 10:40:06, 129091, 48.7, 53.8, 11.8, 1002.4, 263.7, 55.2, 0.9, 0.1, 194.5, 137.7, 13822.9, 104.9, 4.5, 86.1, 162.7, 3.9
2, 29/12/2018 11:00:06, 129092, 37.6, 75.1, 9.3, 255.6, 346, 51, 0.8, 0, 271.8, 192.3, 13680.1, 105.1, 3.1, 58.1, 149.4, 4.3
2, 29/12/2018 11:20:06, 129093, 45.3, 71.3, 10.8, 382.4, 270.8, 55.2, 0.9, 0, 301.5, 182.6, 18588.5, 110.2, 3.9, 81.4, 168.4, 3.8
2, 29/12/2018 11:40:06, 129094, 48.3, 78, 11.7, 1530.4, 296.4, 55.5, 1, 0, 286.6, 199.7, 22812, 142.9, 6.6, 130.7, 156.2, 4.1
2, 29/12/2018 12:00:06, 129095, 41.5, 66.1, 10.2, 202.2, 286.7, 55, 0.8, 0, 299.7, 169.3, 20440.7, 83.1, 4.1, 71.5, 153, 2.9
2, 29/12/2018 12:20:06, 129096, 40.3, 66.1, 10.3, 1073.3, 277.9, 49.3, 0.8, 0, 249.2, 169.2, 25940.5, 80.8, 5.5, 108.5, 146.6, 2.8
2, 29/12/2018 12:40:06, 129097, 47.8, 63.1, 12.1, 693.6, 288.7, 54.1, 1, 0, 238.6, 161.6, 27835.2, 49.9, 5, 86.6, 161.4, 4.5
2, 29/12/2018 13:00:06, 129098, 34.6, 33.6, 9.6, 251.7, 306.9, 55.9, 1, 0, 136.7, 86.1, 11430.2, 284.5, 3, 34, 165.2, 3.6
2, 29/12/2018 13:20:06, 129099, 23.4, 46.5, 7.4, 1389.2, 225.9, 43.5, 0.6, 0.3, 310, 119, 11282.7, 137.3, 2.8, 48.8, 125, 2.3
2, 29/12/2018 13:41:06, 129100, 25.4, 45, 8.4, 174.2, 231.9, 52.3, 0.8, 0, 283.2, 115.3, 12033.7, 72.6, 1.9, 30.6, 164.2, 3.4
2, 29/12/2018 14:00:06, 129101, 24.6, 24, 8.6, 362.5, 237.3, 51.2, 0.8, 0, 105.6, 61.4, 10919, 52.5, 1.9, 25.2, 165.5, 4
2, 29/12/2018 14:19:06, 129102, 28, 27.7, 9.1, 784.6, 236.9, 48.6, 0.8, 0, 174.3, 70.9, 14470.5, 117.2, 2.5, 40.4, 160.2, 3.3
2, 29/12/2018 14:40:05, 129103, 33.2, 31.2, 9.6, 1009.5, 342.9, 46.1, 0.8, 0, 111.3, 79.8, 17952.5, 56.8, 3.2, 58.3, 135.8, 4.5
2, 29/12/2018 14:59:06, 129104, 44.4, 37.8, 11.2, 1344.3, 460.4, 48.7, 0.9, 0, 169, 96.7, 20747.7, 82.8, 2.5, 33.4, 151.1, 4.8
2, 29/12/2018 15:20:06, 129105, 52.5, 56.9, 12.3, 1143.5, 454.9, 46.4, 1, 0, 281.7, 145.8, 21656.9, 59.1, 5, 93.4, 134.8, 4.4
2, 29/12/2018 15:40:05, 129106, 46.8, 39.4, 10.9, 265.8, 436.2, 45, 1, 0, 127, 100.9, 17486.2, 28.1, 3.6, 48.6, 133.8, 4
2, 29/12/2018 16:00:06, 129107, 59.1, 61.6, 13.1, 1857.4, 510.7, 41.8, 1.2, 0, 207.9, 157.8, 49313.2, 82.1, 5.6, 100.8, 131.5, 6.4
2, 29/12/2018 16:20:05, 129108, 57.8, 76, 13.1, 961.9, 487.3, 40.2, 1, 0, 320.8, 194.6, 59753.5, 71, 5.8, 100.8, 124.8, 5.4
2, 29/12/2018 16:40:05, 129109, 59.1, 60.2, 13, 473.3, 532.5, 43.7, 1.2, 0, 195.3, 154, 60697.5, 45, 3.6, 64.5, 129.4, 5.4
2, 29/12/2018 17:00:05, 129110, 74.2, 84.7, 15, 1416.6, 574.5, 45.1, 1.3, 0.6, 341.3, 217, 75470.2, 57.1, 8.5, 125, 142.8, 6.9
2, 29/12/2018 17:20:05, 129111, 71.9, 83.5, 15, 712.6, 588.1, 43.6, 1.7, 3.6, 357.2, 213.8, 73592, 30.9, 10.2, 198.1, 144.7, 5.2
2, 29/12/2018 17:40:05, 129112, 74.6, 66.1, 15, 714.4, 630, 48.5, 1.5, 1.1, 252.7, 169.3, 70462.7, 18.9, 8, 149.7, 159, 4
2, 29/12/2018 18:00:04, 129113, 65, 101.6, 12.9, 1444.4, 724.5, 36.5, 1.7, 3.3, 425.6, 260.2, 71130.4, 42.9, 11.8, 218.1, 132.7, 4.3
2, 29/12/2018 18:20:04, 129114, 62.9, 59.6, 12, 675.6, 654.3, 30.1, 1, 4.6, 242.6, 152.5, 69016.9, 29.4, 9.7, 173.1, 108.2, 3.7
2, 29/12/2018 18:40:04, 129115, 59.3, 69.7, 11.6, 600.9, 679.4, 32.3, 0.9, 2.7, 336.9, 178.5, 63739.2, 27.6, 7.4, 124.9, 115.1, 2.3
2, 29/12/2018 19:01:04, 129116, 61.2, 63.6, 12.8, 10486, 635.2, 34.3, 1, 2.4, 229.6, 162.8, 68488, 81.2, 8.5, 170.4, 108.4, 9.6
2, 29/12/2018 19:20:04, 129117, 59, 59.6, 11.1, 635.9, 411.1, 28.4, 0.9, 2.1, 231.4, 152.6, 70065.9, 32, 8.1, 164.6, 91.1, 3.2
2, 29/12/2018 19:40:04, 129118, 53.5, 46.5, 8.6, 487.8, 323.7, 20.1, 0.7, 2.6, 168, 119.1, 68534.8, 16, 7.6, 147, 66.7, 2.5
2, 29/12/2018 20:00:04, 129119, 61.6, 69.9, 12.2, 1178.7, 376.7, 28.7, 1, 12.9, 225.3, 178.9, 72901.9, 156.2, 13.2, 293.8, 97.9, 4.8
2, 29/12/2018 20:20:04, 129120, 60.9, 77.1, 14, 838.1, 286.5, 21.7, 1.2, 7.9, 319.7, 197.4, 57204.7, 33, 11.4, 265.1, 72.5, 9.4
2, 29/12/2018 20:40:05, 129121, 54.6, 52.4, 12.8, 1014.4, 411.7, 15.9, 0.9, 0.3, 172.8, 134.1, 57158.7, 21, 9.8, 225.1, 54.8, 9.6
2, 29/12/2018 21:00:04, 129122, 53.1, 58.3, 11.5, 526.7, 389.4, 17, 0.8, 0, 169.3, 149.3, 73079.5, 16, 9.8, 227.3, 69.1, 15.3
2, 29/12/2018 21:20:04, 129123, 61.4, 69.9, 13.6, 2202.9, 478.1, 20.6, 0.9, 3.2, 217.9, 179, 71044.2, 130.2, 11.7, 290.6, 90.4, 7.4
2, 29/12/2018 21:40:04, 129124, 51.2, 49.7, 11.6, 544.9, 395.2, 21.6, 0.9, 0.1, 187, 127.4, 29349.4, 16.1, 9.3, 225.2, 105, 6
2, 29/12/2018 22:00:04, 129125, 57.2, 64.3, 13.5, 653.3, 581.1, 29.5, 1.2, 0.1, 273, 164.7, 56950.5, 26.9, 9, 213.9, 120.2, 8.6
2, 29/12/2018 22:20:04, 129126, 66.9, 68.2, 15.2, 1817.3, 491.2, 20.8, 1.4, 3.9, 272.9, 174.6, 66006.8, 62, 12.8, 309.7, 85.1, 9.6
2, 29/12/2018 22:40:04, 129127, 60.9, 63.3, 13.3, 886.7, 542.1, 18.6, 1, 0.1, 224.2, 162, 69996, 26, 11.7, 284.8, 60.2, 8.6
2, 29/12/2018 23:00:04, 129128, 69.1, 77.2, 14.1, 1536.5, 612.3, 19.6, 1.2, 7.6, 238.3, 197.7, 65934.5, 36.1, 17.1, 364.3, 63.8, 8.9
2, 29/12/2018 23:20:03, 129129, 75.6, 84.8, 17.2, 1562, 609.5, 27.1, 2.7, 7.4, 292.3, 217, 63049.4, 37.9, 16.5, 348.6, 108.8, 9.3
2, 29/12/2018 23:40:04, 129130, 72.4, 76, 14.8, 1522, 591.1, 24.8, 1.4, 9.1, 223.5, 194.5, 74187, 27.9, 15.5, 316.2, 81.7, 7.5
3, 28/12/2018 23:59:48, 129059, 45.8, 57.8, 7.3, 27018.8, 59, 5.9, 0.5, 0.5, 292.4, 147.9, 39126.3, 480.8, 21.2, 346.5, 3.5, 5
3, 29/12/2018 00:19:48, 129060, 46.9, 103.7, 7.4, 27787, 86.7, 2.5, 0.5, 0.5, 322, 265.5, 36371.5, 730, 55.5, 519.1, 6.4, 8.3
3, 29/12/2018 00:39:48, 129061, 71.2, 106.4, 13.3, 9336.1, 59.2, 2.1, 0.8, 0.1, 319.7, 272.4, 40780.7, 770, 62.8, 554.1, 4.1, 7.3
3, 29/12/2018 00:59:47, 129062, 70.5, 101.2, 12.1, 19127.9, 223.3, 1.2, 3.8, 2.6, 358, 259.1, 22843, 397.9, 48.8, 602, 4, 6.5
3, 29/12/2018 01:19:47, 129063, 46, 62.2, 7.3, 9998, 89.8, 0.5, 0.5, 5.7, 286.4, 159.3, 26021.8, 340.7, 35.4, 425.3, 3.4, 4.6
3, 29/12/2018 01:39:48, 129064, 34.4, 44.6, 6.8, 3550.9, 71.4, 0.6, 0.5, 0.6, 191.3, 114.1, 30309, 303.6, 26, 375.2, 4, 4.5
3, 29/12/2018 01:59:48, 129065, 42.9, 53, 9.5, 23245, 206.9, 4.4, 0.6, 6.6, 169, 135.8, 46389.9, 426.9, 27.8, 496.3, 2.8, 8.1
3, 29/12/2018 02:19:48, 129066, 40.1, 45.2, 9.6, 1998.8, 100.2, 1.6, 0.6, 3.5, 149, 115.8, 62289.8, 318.4, 24.1, 414.6, 3.9, 6.8
3, 29/12/2018 02:39:48, 129067, 30.4, 36.2, 7.4, 5063.2, 190.2, 3, 0.5, 1.9, 196.4, 92.8, 36363.3, 342, 22.2, 330.3, 5.6, 6.6
3, 29/12/2018 02:59:47, 129068, 32, 32, 6.6, 15181.8, 174.4, 10.5, 0.5, 1.7, 109.1, 81.8, 31208.5, 543.5, 24.2, 374.5, 7.2, 5.3
3, 29/12/2018 03:19:47, 129069, 24.8, 27.5, 4.6, 5817.2, 62.6, 5.4, 0.3, 3.9, 183.6, 70.5, 26704.8, 427.8, 16.7, 205.5, 3, 2.7
3, 29/12/2018 03:39:47, 129070, 25.9, 25.5, 5, 6617.8, 83.7, 4.6, 0.4, 3.9, 103.4, 65.4, 55545.6, 450.7, 18.3, 238.3, 4.9, 2.5
3, 29/12/2018 03:59:47, 129071, 35.3, 54.4, 6.1, 22063.8, 173.3, 4.2, 0.4, 10.3, 217.7, 139.4, 28970.1, 3889.5, 31.2, 455.4, 3.1, 5
3, 29/12/2018 04:19:47, 129072, 51.4, 92.7, 8.6, 112378.7, 292.3, 16.4, 1.3, 14.7, 552, 237.3, 65512.3, 2885.1, 36.3, 701.4, 2.2, 17.2
3, 29/12/2018 04:39:47, 129073, 52.7, 62, 9.3, 21326.2, 465.1, 11.7, 0.7, 7.2, 273.4, 158.7, 60292.9, 5620.7, 36.3, 935.4, 2.2, 5.2
3, 29/12/2018 04:59:47, 129074, 53.3, 54.2, 8.7, 12587.4, 411.5, 6, 0.6, 0.4, 198.1, 138.8, 95181.2, 5591.6, 28.3, 679.6, 2, 6.3
3, 29/12/2018 05:19:47, 129075, 33.6, 24.5, 5.6, 1642.7, 311.7, 4.5, 0.4, 0, 112.6, 62.6, 44742, 4817.2, 20.9, 479.8, 1.9, 3.4
3, 29/12/2018 05:40:47, 129076, 43.6, 42.9, 8.8, 3606, 343.6, 16.3, 0.5, 0.1, 157.8, 109.7, 77466.3, 2219.2, 23.2, 670.6, 1.6, 5.3
3, 29/12/2018 05:59:47, 129077, 32.5, 28.1, 6.1, 21009.6, 310.5, 16.5, 0.4, 0, 128.8, 72.1, 73393.3, 2864.1, 20.3, 591.9, 3.7, 4.3
3, 29/12/2018 06:19:46, 129078, 51.7, 56.4, 9, 3328, 500.5, 7.3, 0.6, 1.2, 196.7, 144.4, 74159.6, 1839.3, 24.2, 809.8, 1.1, 4.8
3, 29/12/2018 06:39:46, 129079, 31.6, 27.2, 5.5, 5513.8, 346.2, 20.1, 0.4, 0, 122.9, 69.6, 50589.1, 921, 19.8, 511.3, 0.3, 3.1
3, 29/12/2018 06:59:46, 129080, 37.1, 41.2, 8, 20516, 185.2, 22.2, 0.5, 0.3, 179.3, 105.4, 84837, 855.4, 19.2, 413.9, 3, 5.8
3, 29/12/2018 07:19:46, 129081, 41.8, 45.1, 7.5, 7915.6, 283.4, 17.1, 0.5, 0.2, 215.7, 115.5, 72083, 664.7, 19.8, 464, 1.7, 5.1
3, 29/12/2018 07:40:46, 129082, 46.8, 52.9, 8.5, 6290.2, 373.6, 25.6, 1.1, 1.2, 235.7, 135.3, 62521, 622.7, 22.7, 517.2, 3, 4.9
3, 29/12/2018 07:59:47, 129083, 64.2, 63.9, 10.5, 14785.2, 477.1, 17.1, 3.2, 3.5, 353.1, 163.6, 69646.1, 394.7, 22.8, 546, 0.8, 5.1
3, 29/12/2018 08:19:46, 129084, 61.5, 61.6, 7.6, 21516.1, 427.9, 16.9, 0.6, 0.5, 291.7, 157.6, 73062.3, 388.1, 22, 520.4, 0.3, 1.9
3, 29/12/2018 08:39:46, 129085, 50.2, 48.2, 6.7, 20234.5, 494.5, 10.9, 0.4, 1.5, 235.8, 123.5, 70329.2, 443.1, 18.7, 423.2, 1.2, 1.8
3, 29/12/2018 08:59:46, 129086, 53.5, 56.3, 8, 16160.6, 505.3, 17.9, 1.9, 4.7, 328, 144, 68805.4, 428.7, 22, 512.8, 1.3, 3.6
3, 29/12/2018 09:19:46, 129087, 48.8, 52.3, 8, 4027.7, 441, 12.3, 1.6, 5.1, 237.6, 133.8, 39428.5, 433.7, 24, 432.1, 1.2, 4.6
3, 29/12/2018 09:39:46, 129088, 52, 63.3, 8.8, 4498.4, 461.4, 25.1, 3.2, 10.7, 320.8, 162.2, 26255.8, 382.2, 27.3, 481.2, 1, 4.6
3, 29/12/2018 09:59:46, 129089, 50.4, 50.6, 8.2, 22787.3, 370.7, 14.3, 0.5, 2.5, 174.1, 129.4, 32480.6, 376.5, 25, 384.2, 1.8, 6.2
3, 29/12/2018 10:19:46, 129090, 46.5, 52, 8, 2908.3, 455.3, 18.5, 0.5, 6.9, 159.7, 133.2, 41018.9, 391.9, 26.1, 402.8, 1.9, 5.8
3, 29/12/2018 10:39:46, 129091, 58, 62.9, 8.9, 3733.2, 320.6, 20, 1.7, 4, 305.2, 160.9, 40108.2, 351.2, 28.8, 553.9, 1.5, 4.8
3, 29/12/2018 10:59:45, 129092, 72.9, 110.2, 12.3, 44271, 660.3, 23.5, 6, 13.5, 361.3, 282.1, 105059.3, 392.9, 36.7, 1326.2, 0.7, 5.1
3, 29/12/2018 11:19:45, 129093, 71.8, 85.8, 11.2, 6874, 477.6, 15.7, 2.7, 4.5, 322.4, 219.8, 71217.9, 494.4, 35.4, 1251.9, 0.8, 5.3
3, 29/12/2018 11:39:55, 129094, 67, 93.3, 10, 2302.2, 327.8, 24.8, 1.4, 2.9, 318.7, 238.8, 36901.9, 401.3, 38.9, 1190.2, 0.4, 4.9
3, 29/12/2018 11:59:55, 129095, 51.1, 62.9, 8.2, 20800.2, 251.8, 11, 0.6, 0.6, 217.6, 161, 48123.2, 444.8, 29.2, 830.9, 1.5, 4.9
3, 29/12/2018 12:19:55, 129096, 68, 101.9, 10.7, 7640.5, 291.5, 5.5, 6.3, 11.8, 339.5, 260.8, 40994.1, 450.9, 30.7, 909.9, 1.7, 6
3, 29/12/2018 12:39:55, 129097, 45.1, 49.7, 8.3, 6052.7, 148.8, 15.3, 0.5, 0.3, 195.1, 127.1, 26746.3, 457.2, 26.2, 698.5, 2.5, 6
3, 29/12/2018 12:59:55, 129098, 49.5, 47.6, 7.7, 18339.8, 300.7, 12.2, 0.6, 0.5, 228.2, 121.9, 80411.4, 436.5, 23, 582.6, 3, 3.6
3, 29/12/2018 13:19:55, 129099, 46.4, 62.7, 7.7, 3704.1, 266.9, 32.6, 0.6, 6.7, 374.2, 160.5, 58657.7, 666.1, 28.2, 802.3, 4.4, 2.9
3, 29/12/2018 13:42:56, 129100, 42.5, 47.5, 7.5, 3787.9, 172.2, 22.7, 0.5, 0, 146.5, 121.5, 40781.1, 1126.4, 23.8, 563.8, 4.2, 4.1
3, 29/12/2018 13:59:55, 129101, 68.1, 72.1, 11.8, 28409.8, 207.2, 20.4, 1, 2.4, 245, 184.6, 40606.9, 1109.8, 24.8, 710.6, 3.5, 6.9
3, 29/12/2018 14:19:55, 129102, 60.2, 59.5, 10.6, 5945.6, 292, 7, 0.7, 1.1, 237, 152.3, 20809.5, 1236.7, 21.4, 590.9, 3, 4.9
3, 29/12/2018 14:39:55, 129103, 59.9, 62, 9.9, 2546.5, 329, 20, 2.2, 4.2, 281.3, 158.6, 44527.4, 888.4, 24.5, 653.9, 3.8, 4.8
3, 29/12/2018 14:59:55, 129104, 60.7, 48.1, 9.2, 13110.6, 664.7, 8.5, 0.6, 0.2, 158.1, 123, 53101.2, 1085.8, 19.9, 541.9, 5.2, 4.7
3, 29/12/2018 15:19:55, 129105, 41.6, 30.8, 6.4, 741.3, 563.6, 19.4, 0.4, 0, 147, 78.8, 41288.6, 1180.8, 17.8, 506.9, 3.1, 2.9
3, 29/12/2018 15:39:55, 129106, 40.7, 30.8, 6.7, 1791.7, 596.6, 11.1, 0.5, 0.7, 157.7, 78.8, 50481.9, 807.6, 15.9, 437.6, 1.8, 3
3, 29/12/2018 15:59:54, 129107, 38.8, 32.4, 6.1, 12560.4, 608, 18.9, 0.4, 0.2, 134.4, 82.9, 36539, 984.5, 14.9, 387.7, 3.2, 2.9
3, 29/12/2018 16:19:59, 129108, 26.8, 50.3, 4, 1398.7, 529.1, 19.3, 0.3, 0, 484.1, 128.8, 24599.3, 939, 13.2, 469.4, 2.2, 1.9
3, 29/12/2018 16:39:59, 129109, 32.5, 69.5, 4.9, 5548.9, 449.1, 10, 0.4, 0.6, 422, 177.9, 55583.1, 1277.6, 13.6, 403.7, 3.5, 2.2
3, 29/12/2018 16:59:59, 129110, 42.5, 40.5, 6.3, 14162.1, 625.4, 23.3, 0.4, 1.1, 189.7, 103.8, 26341.3, 852.9, 14, 319.4, 0.9, 3.9
3, 29/12/2018 17:20:00, 129111, 28.9, 22.9, 4.8, 1933.6, 485.5, 15.1, 0.4, 0, 82.8, 58.6, 21490.9, 1057.4, 10.9, 186.1, 1.5, 2.3
3, 29/12/2018 17:39:59, 129112, 26.9, 21.2, 5.2, 2660.5, 420.5, 2.6, 0.4, 0, 70.8, 54.3, 31444.3, 1632.2, 9.2, 158.2, 2.4, 3.2
3, 29/12/2018 17:59:59, 129113, 35.1, 30.4, 4.5, 16618.5, 510.2, 2.8, 0.3, 0.2, 124.9, 77.9, 74379.7, 410.6, 9.9, 263.7, 0.4, 2.1
3, 29/12/2018 18:19:59, 129114, 19, 12, 2.6, 3857.4, 481.6, 0.5, 0.2, 0, 128.7, 30.7, 21072.1, 429.8, 10.1, 226.3, 0.5, 1.1
3, 29/12/2018 18:39:59, 129115, 24.8, 19, 3.7, 4768.6, 544.1, 0.3, 0.3, 0, 68.3, 48.7, 21939.2, 1453.2, 11.1, 229.5, 1.7, 1.8
3, 29/12/2018 18:59:59, 129116, 33, 29.4, 5.3, 16786.4, 507.6, 2.8, 0.4, 0, 109.8, 75.1, 38127.1, 1239.8, 12.2, 219.8, 2, 5.5
3, 29/12/2018 19:19:59, 129117, 31.7, 24.8, 4.9, 3946.9, 473.2, 0.2, 0.4, 0, 99.1, 63.4, 22652.5, 382.4, 15.6, 207.1, 0.8, 3.4
3, 29/12/2018 19:39:59, 129118, 24.2, 14.7, 3.7, 4880.1, 439.9, 0.2, 0.3, 0, 45.9, 37.7, 23167.9, 246.5, 14.3, 164.3, 1.7, 2.7
3, 29/12/2018 19:59:59, 129119, 29.4, 20.5, 5.2, 17511.1, 541.1, 0.2, 0.4, 0, 93, 52.4, 18526, 276.9, 11.5, 168, 6.1, 3.6
3, 29/12/2018 20:19:59, 129120, 20.2, 15.1, 3.8, 4975.7, 423.1, 4, 0.3, 0, 156, 38.6, 21019.6, 181.3, 12.5, 179.4, 10.3, 4.3
3, 29/12/2018 20:39:59, 129121, 33.2, 31.1, 6.6, 5194.5, 427, 1, 0.5, 0, 132.5, 79.6, 21970.4, 322.1, 13.8, 215.2, 5.5, 8
3, 29/12/2018 20:59:58, 129122, 40.4, 45.4, 8.1, 27724.6, 533.9, 2.5, 1, 1.3, 229.3, 116.3, 22269.3, 348.6, 17.7, 327.3, 6.1, 13.9
3, 29/12/2018 21:19:59, 129123, 23.5, 27.6, 5.1, 4088.4, 526.2, 5, 0.4, 0, 88.6, 70.6, 20633.6, 279.8, 13.4, 200.2, 4.1, 15.4
3, 29/12/2018 21:39:58, 129124, 26.8, 31.2, 5.8, 6795.3, 588.2, 5, 0.4, 0, 124.4, 80, 21691.5, 332.1, 14, 265.6, 2.5, 15.9
3, 29/12/2018 21:59:58, 129125, 33.4, 28.6, 5.6, 15396.3, 637.8, 3.7, 0.4, 0.1, 130.1, 73.3, 21814.9, 253.8, 13.1, 222, 3.4, 6.5
3, 29/12/2018 22:19:58, 129126, 23.1, 19.8, 4.7, 11311.8, 530.3, 5.5, 0.4, 0.1, 96.6, 50.8, 21972.2, 204, 12.4, 181.6, 3.7, 8.5
3, 29/12/2018 22:39:58, 129127, 26.4, 28.9, 5, 11433.8, 463.1, 4.8, 0.4, 0, 433.8, 73.9, 37897.7, 234.1, 12.1, 187.9, 3.8, 7.8
3, 29/12/2018 22:59:58, 129128, 41, 30.6, 5.2, 16965.4, 356.6, 3.7, 0.4, 0, 117.6, 78.3, 25651.9, 264.1, 11.2, 210.7, 3, 2.4
3, 29/12/2018 23:19:58, 129129, 25.1, 17, 3.6, 7476.5, 375.5, 4.1, 0.3, 0, 70.5, 43.4, 22753.3, 187, 10, 176.9, 2.7, 2.5
3, 29/12/2018 23:39:58, 129130, 24.3, 16, 3.9, 1474.4, 417.8, 5.1, 0.3, 0, 107.2, 40.9, 26782.6, 255.1, 8.5, 175.2, 4.1, 1.7
4, 28/12/2018 23:59:36, 129059, 23.4, 32.7, 5.4, 12748.9, 54.8, 7.1, 0.4, 0, 243.8, 83.6, 50835.5, 229.1, 23.1, 459, 10.1, 7.5
4, 29/12/2018 00:19:36, 129060, 38.6, 92.7, 7.8, 7859.7, 109.9, 3.5, 0.5, 0, 281.1, 237.3, 74724.6, 288.8, 53, 537, 5, 8.2
4, 29/12/2018 00:40:36, 129061, 40.2, 98.9, 7.9, 7987.5, 128.1, 2.2, 0.5, 0, 351.9, 253.2, 75690.1, 390.5, 55.3, 605.9, 3.5, 6
4, 29/12/2018 00:59:35, 129062, 38.2, 73.8, 8.4, 22184, 126.8, 1.9, 0.6, 0.7, 272.8, 188.9, 56268.5, 358.1, 39.2, 465.1, 3.4, 8.3
4, 29/12/2018 01:19:35, 129063, 33.4, 44, 7.7, 3213.1, 172, 2.7, 0.5, 0.2, 206.7, 112.7, 31280.5, 142.9, 24, 339.7, 5.5, 8.4
4, 29/12/2018 01:40:35, 129064, 33, 43, 6.7, 5235.1, 161.8, 0.7, 0.5, 0.7, 252.5, 110, 32121.4, 118.9, 25.1, 283.8, 5.7, 5.4
4, 29/12/2018 01:59:36, 129065, 53.5, 61.5, 9.6, 22433.7, 104.9, 1.5, 0.6, 4.2, 190.7, 157.4, 34858.6, 185.9, 30.3, 488, 7.3, 8.1
4, 29/12/2018 02:19:36, 129066, 34.1, 41.1, 9.1, 5625.9, 154.4, 2.9, 0.6, 1.3, 153.1, 105.3, 25506.4, 197.9, 21.3, 332.1, 8.3, 9.1
4, 29/12/2018 02:39:35, 129067, 31.7, 37, 8.6, 5854.6, 81.5, 2.8, 0.6, 2.8, 165.8, 94.7, 38380.5, 158.2, 19.9, 284.7, 9.6, 8.2
4, 29/12/2018 02:59:35, 129068, 39.4, 70.1, 9.2, 24269.5, 116.6, 10.3, 1, 34.9, 239.7, 179.5, 31893.1, 185.7, 28, 371.1, 15.6, 5.1
4, 29/12/2018 03:19:35, 129069, 39.4, 64.3, 8.1, 2942.3, 77.5, 3.9, 0.4, 26.1, 213.6, 164.5, 33995.8, 125, 25.5, 370.2, 10.8, 3.5
4, 29/12/2018 03:39:35, 129070, 36.6, 62.3, 9.3, 2107.9, 137.9, 4, 0.5, 19.9, 310.8, 159.4, 72565.2, 112.4, 25.8, 424.9, 12.1, 4.4
4, 29/12/2018 04:00:34, 129071, 58.6, 85.7, 12.9, 71824.1, 184.8, 2.2, 0.7, 19.5, 364.1, 219.4, 45157.5, 222, 27.8, 511.3, 11.4, 11.9
4, 29/12/2018 04:19:35, 129072, 60.5, 87.8, 12, 90926.8, 278.6, 13.9, 1.4, 23.5, 307.1, 224.7, 92889.6, 713.1, 34.8, 593.4, 14.8, 14.7
4, 29/12/2018 04:39:34, 129073, 74.1, 83.3, 13.8, 6487.4, 365.5, 6.4, 1.4, 18.7, 290.2, 213.3, 96549.2, 1614.5, 36, 604.8, 15, 4.2
4, 29/12/2018 04:59:35, 129074, 52.6, 68.2, 10.2, 31014, 461.8, 5.7, 0.6, 25.2, 261.2, 174.5, 89670, 195.9, 29.6, 436.2, 13.4, 4.1
4, 29/12/2018 05:19:35, 129075, 47.5, 63.7, 9.6, 13994.1, 488.3, 2.2, 0.6, 30.2, 221.3, 163, 110261.4, 172.9, 26.6, 351.1, 13.5, 4.3
4, 29/12/2018 05:39:35, 129076, 46.8, 67.5, 10, 3832.4, 457.1, 6.2, 0.5, 28.5, 257.9, 172.8, 113342.1, 232, 28.5, 452.8, 8.1, 4.4
4, 29/12/2018 05:59:35, 129077, 45.2, 78.5, 9.5, 15019.3, 508.9, 9, 0.6, 40.6, 290.8, 201, 145663.9, 159.5, 30.5, 497.4, 7.6, 4.4
4, 29/12/2018 06:19:35, 129078, 62.2, 145.2, 13.8, 7219.6, 646.1, 6.6, 4.1, 47.4, 1630.2, 371.7, 115193.3, 192.1, 36.4, 705.2, 5.1, 6.8
4, 29/12/2018 06:39:34, 129079, 43.1, 75.9, 9.9, 1429.8, 609, 17.3, 0.7, 29.8, 295.6, 194.3, 106900.8, 80.8, 33.9, 614.5, 5.8, 8.3
4, 29/12/2018 06:59:34, 129080, 40, 54.4, 9.1, 24030, 478.3, 11.4, 0.6, 12.2, 179.6, 139.4, 106223.6, 76.7, 29.5, 603.9, 6.1, 9.6
4, 29/12/2018 07:19:34, 129081, 40.7, 62.9, 10.8, 1950.2, 193.5, 5.5, 0.7, 11.1, 302.5, 160.9, 94752.4, 128.6, 26.3, 491.6, 5.7, 11.7
4, 29/12/2018 07:40:34, 129082, 32.8, 47.7, 6.9, 3898.3, 170.6, 3.4, 0.5, 12.3, 168.5, 122.2, 69548.3, 133.6, 24.8, 422.5, 6.4, 8.6
4, 29/12/2018 07:59:34, 129083, 43.5, 65.5, 8.7, 36408.6, 310.4, 7.3, 0.6, 18.1, 204.8, 167.7, 43425.4, 133.8, 28.3, 537.1, 5.9, 9.8
4, 29/12/2018 08:19:33, 129084, 26.2, 43.1, 6.8, 2190.3, 68, 4, 0.5, 10.6, 139.1, 110.3, 45375.9, 125.8, 24.2, 399.5, 7.6, 10.4
4, 29/12/2018 08:39:33, 129085, 34.2, 52, 6.8, 18419.1, 45.2, 3, 0.5, 12.7, 156, 133, 46388.5, 121.5, 25.4, 462.1, 6.4, 8.5
4, 29/12/2018 08:59:34, 129086, 35.9, 58.2, 7.3, 20192.4, 88.6, 3.5, 0.8, 22.2, 250.3, 148.9, 88655.9, 189, 28.4, 512.1, 6.8, 7.7
4, 29/12/2018 09:19:34, 129087, 33.3, 54.2, 8.2, 4775.4, 206.7, 4.9, 0.6, 14, 218.8, 138.7, 46913.5, 164.2, 28, 493.6, 6.1, 8.5
4, 29/12/2018 09:39:34, 129088, 31.6, 46.9, 6.7, 3803.5, 91.8, 10.5, 0.4, 14.6, 146.1, 120.1, 52378.8, 200.8, 26.5, 465.8, 2.1, 7.2
4, 29/12/2018 09:59:33, 129089, 37.3, 48.1, 8, 14287.7, 198, 8.4, 0.7, 7.5, 188, 123.1, 97130.4, 182.1, 22.4, 447.4, 2.2, 8.3
4, 29/12/2018 10:19:33, 129090, 32.2, 41.6, 7, 6258.9, 136.8, 6.4, 0.5, 2.6, 170.8, 106.6, 39852.8, 8568.5, 21, 383.4, 2.4, 8.4
4, 29/12/2018 10:39:33, 129091, 24.1, 31.8, 6, 5265.1, 82.5, 3.7, 0.4, 1.6, 113.5, 81.3, 38308, 1851, 20.3, 294.3, 1.3, 8.8
4, 29/12/2018 10:59:33, 129092, 60.5, 138, 13.5, 20566.7, 279, 7.3, 3.5, 12.2, 630.4, 353.2, 111759.8, 220.8, 36.5, 1180.6, 1.9, 13.9
4, 29/12/2018 11:20:33, 129093, 71.5, 110.1, 13, 9661.4, 417.6, 24.2, 2.1, 20.1, 382.6, 281.9, 88865.5, 222.5, 40.2, 1151.6, 2.2, 9.2
4, 29/12/2018 11:39:33, 129094, 48.5, 73.9, 9.4, 8236.6, 167.5, 6.6, 0.7, 4.5, 306.5, 189.3, 51662.4, 271, 35.8, 913.4, 3.3, 8.6
4, 29/12/2018 11:59:33, 129095, 54.5, 69.6, 11, 20586.5, 223.8, 5.2, 0.6, 0.5, 232.6, 178.2, 68250.1, 152.8, 34.5, 872, 3.3, 9.4
4, 29/12/2018 12:19:33, 129096, 47.5, 65, 10.2, 3464.7, 231.9, 7.6, 0.6, 0.6, 216.5, 166.4, 56505.1, 144.2, 32.9, 884.7, 3.2, 8
4, 29/12/2018 12:39:32, 129097, 58.9, 69.8, 12.9, 2853.2, 415.8, 7.4, 0.8, 0.2, 258.5, 178.6, 95272.9, 142.2, 33.8, 857, 4, 11.6
4, 29/12/2018 12:59:33, 129098, 71.6, 73, 12.9, 17928.9, 316.9, 14.2, 0.8, 0.8, 219.5, 186.8, 62131.3, 127.9, 30, 799.8, 3.5, 10.4
4, 29/12/2018 13:19:33, 129099, 38.8, 49.9, 7.5, 4213.7, 324.3, 9.6, 0.5, 1.1, 239.6, 127.8, 34636, 156, 26.5, 694.4, 2, 6.5
4, 29/12/2018 13:43:33, 129100, 33.1, 41.6, 6, 5195.7, 360.3, 13.8, 0.4, 0.8, 186.2, 106.6, 50282.3, 171.5, 23.9, 584.8, 0.8, 4.5
4, 29/12/2018 13:59:32, 129101, 44.2, 48.5, 8.5, 15038.6, 294.1, 8.3, 0.7, 1.2, 224.6, 124.1, 71476.4, 168.8, 25.3, 690.4, 2, 5.6
4, 29/12/2018 14:19:32, 129102, 37.4, 41.3, 7.9, 2338, 242.7, 5.1, 0.5, 0.1, 179.6, 105.8, 34408.9, 133.5, 23.5, 590, 3.3, 5.5
4, 29/12/2018 14:39:32, 129103, 34.4, 57.5, 6.6, 3992.8, 184.9, 2.5, 0.5, 0.1, 1335.2, 147.3, 35296.3, 1908.4, 20.9, 462.9, 2.2, 4.5
4, 29/12/2018 14:59:32, 129104, 35.7, 29, 6.5, 22995.8, 371.8, 4.3, 0.5, 0, 111.1, 74.3, 48341.6, 12284.9, 19, 443.7, 1.2, 5.9
4, 29/12/2018 15:19:33, 129105, 31.7, 29.3, 5.6, 4866, 340.8, 3.1, 0.4, 0.4, 103, 74.9, 32222.3, 7475.5, 20.2, 408.7, 2.1, 4.5
4, 29/12/2018 15:39:32, 129106, 31.3, 26.8, 6.7, 6273, 352.7, 4.5, 0.5, 0.6, 95.4, 68.6, 32348.1, 10423.1, 19.3, 299.4, 2, 6.7
4, 29/12/2018 15:59:32, 129107, 30.7, 30.9, 6.8, 22579.8, 373, 5, 0.5, 0, 138.2, 79.1, 29755.1, 9027.2, 17.9, 275.7, 4.4, 7.1
4, 29/12/2018 16:19:32, 129108, 24.4, 20.4, 5.3, 4684.2, 356.8, 1.3, 0.4, 0, 72, 52.3, 30122.2, 10591.5, 15.4, 201.6, 3.9, 4.5
4, 29/12/2018 16:39:32, 129109, 24.7, 16.1, 5.3, 746.8, 376.4, 2.2, 0.4, 0, 58.2, 41.2, 29198.7, 11777.6, 13.6, 185.3, 4.1, 5
4, 29/12/2018 16:59:32, 129110, 35.3, 29.6, 6.7, 20206.6, 338.9, 1.7, 0.5, 0.1, 119.2, 75.7, 35488.1, 8694.7, 15.8, 258.7, 3.4, 6.2
4, 29/12/2018 17:20:31, 129111, 34.1, 30.9, 8.6, 4324.5, 343.7, 2.2, 0.6, 0.4, 134.7, 79.2, 68361.4, 11643.4, 17.3, 291.4, 3.4, 7
4, 29/12/2018 17:40:32, 129112, 26.8, 16.9, 5.9, 3619.6, 360.7, 1.8, 0.4, 0, 73.4, 43.3, 38621.8, 11850.3, 14.8, 235.6, 4, 3.1
4, 29/12/2018 17:59:31, 129113, 23, 19.2, 4.1, 17042.8, 385.8, 0.8, 0.3, 0, 86.6, 49.3, 39582.4, 10616.9, 17.2, 242.2, 4.3, 3.1
4, 29/12/2018 18:20:32, 129114, 22, 13.7, 4.5, 1775.7, 384.8, 1.7, 0.4, 0, 59.9, 35.1, 37933.8, 10589.8, 13.7, 204.5, 5.1, 4.1
4, 29/12/2018 18:39:31, 129115, 25, 25, 5.5, 2057.8, 393.9, 6.5, 0.4, 0, 222.3, 64.1, 34829.5, 9060.6, 15.9, 258.9, 3, 4.4
4, 29/12/2018 19:00:31, 129116, 25.1, 21.4, 5.1, 35711.3, 382, 8.5, 0.4, 0, 85.6, 54.7, 35574.2, 9563.1, 14.2, 250.4, 2.5, 7.1
4, 29/12/2018 19:20:31, 129117, 20.3, 12, 4.1, 2980.5, 607.4, 10.6, 0.3, 0, 43.8, 30.6, 35576.9, 10779.1, 13.6, 237.6, 2.7, 2.3
4, 29/12/2018 19:39:31, 129118, 20.6, 10.8, 4, 565.9, 412.1, 3, 0.3, 0, 50.4, 27.5, 63829.8, 12726.4, 12.3, 253.2, 2.9, 2.2
4, 29/12/2018 19:59:31, 129119, 26.7, 17, 4.9, 16795.8, 396.5, 4.8, 0.4, 0, 91.1, 43.5, 53341.3, 12556.6, 12.4, 274.4, 3.1, 3.2
4, 29/12/2018 20:19:31, 129120, 19.3, 10.4, 3.9, 3041.3, 390.2, 7.2, 0.3, 0, 38.3, 26.5, 48621.1, 12061.4, 12.8, 248, 5.5, 2.8
4, 29/12/2018 20:39:31, 129121, 25.9, 17.5, 6.1, 3455.6, 435.6, 9.2, 0.4, 0, 90, 44.9, 48276.3, 14627.4, 13.4, 311.2, 7.6, 4
4, 29/12/2018 20:59:31, 129122, 46.6, 41.7, 8.3, 18331.8, 373.5, 9.1, 0.5, 0.2, 158, 106.8, 62314.1, 13883, 15.2, 408.1, 8.1, 6.4
4, 29/12/2018 21:20:31, 129123, 34.3, 26.2, 6.1, 4849.9, 423.8, 8.1, 0.5, 0, 112.6, 67.1, 39250, 14057, 12.9, 318.1, 5.2, 2.9
4, 29/12/2018 21:40:31, 129124, 33.1, 23.4, 6, 1981.1, 431.4, 6.6, 0.5, 0, 77.9, 60, 45072.3, 13086.7, 12.8, 311.3, 5.3, 3.3
4, 29/12/2018 21:59:31, 129125, 31.1, 23.9, 5.6, 20457.3, 431, 9.2, 0.4, 0.2, 124.9, 61.2, 33843.1, 10889.9, 14.3, 385.5, 5.2, 3.5
4, 29/12/2018 22:19:31, 129126, 25.4, 20.2, 5.6, 1275.7, 436.7, 7.2, 0.4, 0, 112.4, 51.6, 62103.3, 11214.3, 13.2, 262.7, 6.8, 5
4, 29/12/2018 22:40:30, 129127, 22.5, 13.2, 4.6, 328.9, 432.6, 2.7, 0.4, 0, 74.3, 33.9, 37230.8, 14710.3, 12.1, 186.6, 5.2, 4.4
4, 29/12/2018 22:59:31, 129128, 34.3, 24.9, 6.1, 18200.9, 523, 4.8, 0.4, 0, 128.9, 63.8, 32177.3, 15602.6, 13.1, 261.6, 3.7, 3.4
4, 29/12/2018 23:19:31, 129129, 21.8, 14.3, 4.5, 2381.6, 355.1, 2.6, 0.3, 0, 102.9, 36.5, 32321.8, 19080.2, 12.4, 199.1, 3, 3
4, 29/12/2018 23:39:30, 129130, 25.8, 15, 4.4, 4503.1, 331.6, 1.8, 0.3, 0, 61.4, 38.4, 32508.6, 18631.7, 13.2, 229.8, 2.8, 2.3
