INSTANCE_NUMBER, SNAP_ID, T_BEG, USR_GROUP, CPU, DBTIME, PGA, OTH_WAIT, PXENQ, PXQTIME, PXQRY, PXREL, REQS, YIELDS, IOWAIT, READ, WRITE
1, 129635, 06/01/2019 00:00:01, ADW_UNLOAD_GROUP, 0, 0, 0, 0, 0, 0, 0, 0, 732, 0, 0, 0, 0
1, 129636, 06/01/2019 00:20:07, ADW_UNLOAD_GROUP, 0, 0, 0.1, 0, 0, 0, 0, 0, 656, 0, 0, 0, 0
1, 129637, 06/01/2019 00:40:20, ADW_UNLOAD_GROUP, 0, 0, 0.1, 0, 0, 0, 0, 0, 544, 0, 0, 0, 0
1, 129638, 06/01/2019 01:00:07, ADW_UNLOAD_GROUP, 0, 0, 0, 0, 0, 0, 0, 0, 406, 1, 0, 0, 0
1, 129639, 06/01/2019 01:20:10, ADW_UNLOAD_GROUP, 0, 0, 0, 0, 0, 0, 0, 0, 422, 1, 0, 0, 0
1, 129640, 06/01/2019 01:40:15, ADW_UNLOAD_GROUP, 0, 0, 0, 0, 0, 0, 0, 0, 739, 1, 0, 0, 0
1, 129641, 06/01/2019 02:00:02, ADW_UNLOAD_GROUP, 0, 0, 0, 0, 0, 0, 0, 0, 574, 1, 0, 0, 0
1, 129642, 06/01/2019 02:20:03, ADW_UNLOAD_GROUP, 8.2, 10.1, 2193.1, 0.8, 0, 0, 27, 264, 1580, 5756, 1.1, 2160.3, 1300.6
1, 129643, 06/01/2019 02:40:12, ADW_UNLOAD_GROUP, 33.2, 38.6, 24960.9, 4, 0, 0, 37, 400, 1304, 40255, 1.4, 3784.7, 1677.2
1, 129644, 06/01/2019 03:00:22, ADW_UNLOAD_GROUP, 31.5, 36.2, 21018.7, 2.8, 0, 0, 15, 180, 828, 28053, 1.9, 3819.7, 2542.9
1, 129645, 06/01/2019 03:20:05, ADW_UNLOAD_GROUP, 31.9, 43.6, 15144.4, 8, 0, 0, 27, 405, 672, 45415, 3.7, 3073.4, 5234.7
1, 129646, 06/01/2019 03:40:00, ADW_UNLOAD_GROUP, 7.4, 8.5, 15056.9, 0.6, 0, 0, 22, 220, 374, 2176, 0.5, 738.2, 1405.7
1, 129647, 06/01/2019 04:00:05, ADW_UNLOAD_GROUP, 1.3, 1.5, 4284.5, 0.1, 0, 0, 5, 32, 704, 316, 0.1, 102.6, 26.3
1, 129648, 06/01/2019 04:20:10, ADW_UNLOAD_GROUP, 0, 0, 0, 0, 0, 0, 0, 0, 643, 0, 0, 0, 0
1, 129649, 06/01/2019 04:40:17, ADW_UNLOAD_GROUP, 0, 0, 0, 0, 0, 0, 0, 0, 262, 0, 0, 0, 0
1, 129650, 06/01/2019 05:00:22, ADW_UNLOAD_GROUP, 0, 0, 0, 0, 0, 0, 0, 0, 493, 1, 0, 0, 0
1, 129651, 06/01/2019 05:20:18, ADW_UNLOAD_GROUP, 0, 0, 0, 0, 0, 0, 0, 0, 728, 0, 0, 0, 0
1, 129652, 06/01/2019 05:40:00, ADW_UNLOAD_GROUP, 0, 0, 0, 0, 0, 0, 0, 0, 745, 0, 0, 0, 0
1, 129653, 06/01/2019 06:00:10, ADW_UNLOAD_GROUP, 0, 0, 0, 0, 0, 0, 0, 0, 763, 0, 0, 0, 0
1, 129654, 06/01/2019 06:20:00, ADW_UNLOAD_GROUP, 0, 0, 0.1, 0, 0, 0, 0, 0, 749, 0, 0, 0, 0
1, 129655, 06/01/2019 06:40:04, ADW_UNLOAD_GROUP, 0, 0, 0, 0, 0, 0, 0, 0, 680, 0, 0, 0, 0
1, 129686, 06/01/2019 17:00:17, ADW_UNLOAD_GROUP, 0, 0, 0, 0, 0, 0, 0, 0, 690, 0, 0, 0, 0
1, 129687, 06/01/2019 17:20:08, ADW_UNLOAD_GROUP, 0, 0, 0, 0, 0, 0, 0, 0, 672, 0, 0, 0, 0
1, 129688, 06/01/2019 17:40:01, ADW_UNLOAD_GROUP, 0, 0, 0, 0, 0, 0, 0, 0, 594, 1, 0, 0, 0
1, 129689, 06/01/2019 18:00:06, ADW_UNLOAD_GROUP, 17.5, 40.6, 2108.5, 0.6, 0, 0, 8, 128, 865, 6162, 22.5, 2015, 5025.3
1, 129690, 06/01/2019 18:20:11, ADW_UNLOAD_GROUP, 17.7, 37.1, 1799.5, 5, 0, 0, 70, 1216, 2121, 16058, 14.4, 2293.9, 11583
1, 129691, 06/01/2019 18:40:17, ADW_UNLOAD_GROUP, 10.3, 19.4, 1661, 2.4, 0, 0, 83, 1392, 2562, 4435, 6.7, 1328.2, 5790.3
1, 129692, 06/01/2019 19:00:17, ADW_UNLOAD_GROUP, 0.9, 1.5, 58.8, 0.3, 0, 0, 13, 224, 637, 175, 0.3, 1734.6, 659.2
1, 129693, 06/01/2019 19:20:06, ADW_UNLOAD_GROUP, 0, 0, 0, 0, 0, 0, 0, 0, 593, 1, 0, 0, 0
1, 129694, 06/01/2019 19:40:11, ADW_UNLOAD_GROUP, 0, 0, 0, 0, 0, 0, 0, 0, 489, 0, 0, 0, 0
1, 129695, 06/01/2019 20:00:09, ADW_UNLOAD_GROUP, 12.6, 15.8, 2997.1, 1.3, 0, 0, 10, 131, 2501, 8881, 1.9, 1845.4, 5520.5
1, 129696, 06/01/2019 20:20:18, ADW_UNLOAD_GROUP, 8.7, 10.8, 9512.4, 1.3, 0, 0, 0, 0, 923, 5500, 0.8, 1005.1, 4668.5
1, 129697, 06/01/2019 20:40:25, ADW_UNLOAD_GROUP, 9.3, 10.4, 6845.1, 0.8, 0, 0, 5, 144, 1485, 4133, 0.3, 962.5, 1514.8
1, 129698, 06/01/2019 21:00:02, ADW_UNLOAD_GROUP, 21.5, 22.4, 5080.1, 0.6, 0, 0, 3, 80, 1200, 8884, 0.3, 1315.3, 209.2
1, 129699, 06/01/2019 21:20:05, ADW_UNLOAD_GROUP, 22.5, 26, 12425.3, 1.9, 0, 0, 2, 48, 678, 12257, 1.6, 603.3, 4938.3
1, 129700, 06/01/2019 21:40:18, ADW_UNLOAD_GROUP, 16, 16.2, 8511.2, 0, 0, 0, 4, 104, 1152, 4987, 0.2, 598.3, 436.3
1, 129701, 06/01/2019 22:00:01, ADW_UNLOAD_GROUP, 14.8, 17, 8153.4, 1.9, 0, 0, 0, 0, 812, 4570, 0.3, 395.1, 356.6
1, 129702, 06/01/2019 22:20:01, ADW_UNLOAD_GROUP, 11.7, 11.8, 5586.8, 0, 0, 0, 1, 32, 891, 4022, 0.1, 201.5, 102
1, 129703, 06/01/2019 22:40:08, ADW_UNLOAD_GROUP, 6.5, 6.7, 4197.1, 0.2, 0, 0, 1, 32, 736, 1507, 0, 234.8, 0
1, 129704, 06/01/2019 23:00:14, ADW_UNLOAD_GROUP, 4.2, 4.3, 2750.9, 0.1, 0, 0, 26, 204, 1153, 961, 0, 173.7, 3.8
1, 129705, 06/01/2019 23:20:04, ADW_UNLOAD_GROUP, 0, 0, 0, 0, 0, 0, 0, 0, 740, 0, 0, 0, 0
1, 129706, 06/01/2019 23:40:04, ADW_UNLOAD_GROUP, 0, 0, 0, 0, 0, 0, 0, 0, 748, 1, 0, 0, 0
1, 129635, 06/01/2019 00:00:01, FP_DM_PRIOR, 12.4, 24.3, 8173.6, 7.8, 0, 0, 3, 96, 235, 5991, 4.1, 1279.4, 17285.6
1, 129636, 06/01/2019 00:20:07, FP_DM_PRIOR, 15.3, 34.5, 46865.8, 15.8, 0, 0, 34, 816, 990, 10805, 3.4, 930.3, 8876.5
1, 129637, 06/01/2019 00:40:20, FP_DM_PRIOR, 18.4, 36.3, 22496.4, 14.7, 0, 0, 3, 64, 45, 14459, 3.2, 830.5, 5271.3
1, 129638, 06/01/2019 01:00:07, FP_DM_PRIOR, 19.8, 38.3, 26650.5, 13.8, 0, 0, 1, 16, 16, 20498, 4.7, 554.5, 6337.8
1, 129639, 06/01/2019 01:20:10, FP_DM_PRIOR, 17.5, 28.9, 22289.3, 8.7, 0, 0, 0, 0, 5, 12750, 2.7, 552.4, 6466.1
1, 129640, 06/01/2019 01:40:15, FP_DM_PRIOR, 20, 36.9, 36375.2, 11.8, 0, 0, 72, 1632, 1649, 21040, 5.1, 1242.9, 8085.6
1, 129641, 06/01/2019 02:00:02, FP_DM_PRIOR, 19.6, 37.4, 38594.3, 13.6, 0, 0, 0, 0, 0, 15853, 4.2, 555.1, 7255.1
1, 129642, 06/01/2019 02:20:03, FP_DM_PRIOR, 18.4, 29.3, 22030.8, 7.2, 0, 0, 0, 0, 9, 12553, 3.7, 437.5, 8065
1, 129643, 06/01/2019 02:40:12, FP_DM_PRIOR, 18.2, 40.7, 27635.1, 17.2, 1, 0, 59, 1464, 1757, 28422, 5.3, 688.1, 5860.8
1, 129644, 06/01/2019 03:00:22, FP_DM_PRIOR, 18.8, 36.6, 25106.3, 12.5, 0, 0, 9, 152, 117, 19393, 5.3, 502.1, 6205.5
1, 129645, 06/01/2019 03:20:05, FP_DM_PRIOR, 19, 35.7, 17796.8, 10.9, 0, 0, 0, 0, 0, 20515, 5.8, 431.1, 7831.1
1, 129646, 06/01/2019 03:40:00, FP_DM_PRIOR, 19.8, 40.5, 24268.3, 14.8, 0, 0, 69, 1552, 1717, 22092, 5.9, 1031.4, 6812.8
1, 129647, 06/01/2019 04:00:05, FP_DM_PRIOR, 17.2, 40.9, 33546.7, 14.9, 0, 0, 2, 48, 0, 15549, 8.8, 816.9, 7887.5
1, 129648, 06/01/2019 04:20:10, FP_DM_PRIOR, 10.4, 26.3, 29629.3, 9, 0, 0, 1, 16, 16, 4568, 6.9, 418.6, 5099
1, 129649, 06/01/2019 04:40:17, FP_DM_PRIOR, 11.2, 26.6, 13295.9, 11.4, 0, 0, 87, 2188, 2182, 14574, 4, 1213.4, 10915.7
1, 129650, 06/01/2019 05:00:22, FP_DM_PRIOR, 10.3, 21.6, 4422.1, 8.2, 0, 0, 46, 1128, 1249, 4728, 3.1, 1477.5, 7530
1, 129651, 06/01/2019 05:20:18, FP_DM_PRIOR, 10, 19.9, 12676, 7, 0, 0, 0, 0, 24, 3649, 2.9, 473.9, 11424.7
1, 129652, 06/01/2019 05:40:00, FP_DM_PRIOR, 11.5, 23.3, 6439, 8.2, 0, 0, 105, 2564, 2499, 7271, 3.6, 1874.2, 12435.3
1, 129653, 06/01/2019 06:00:10, FP_DM_PRIOR, 12.4, 23.6, 7273.6, 6.9, 0, 0, 33, 776, 869, 6612, 4.3, 1099.5, 9784.1
1, 129654, 06/01/2019 06:20:00, FP_DM_PRIOR, 12.1, 23.5, 10549.7, 8.5, 0, 0, 2, 32, 59, 4534, 2.9, 355.9, 11531
1, 129655, 06/01/2019 06:40:04, FP_DM_PRIOR, 4.4, 8.8, 3316.9, 2.5, 0, 0, 5, 160, 284, 1538, 1.9, 189.7, 11075.4
1, 129686, 06/01/2019 17:00:17, FP_DM_PRIOR, 7.1, 23.4, 63889.6, 15.5, 0, 0, 29, 568, 688, 2222, 0.8, 1005, 4421.2
1, 129687, 06/01/2019 17:20:08, FP_DM_PRIOR, 3.7, 14.8, 24313.8, 10.8, 0, 0, 132, 3280, 3303, 1489, 0.3, 1758.1, 2520.3
1, 129688, 06/01/2019 17:40:01, FP_DM_PRIOR, 4.5, 14.3, 15405, 9.7, 0, 0, 12, 368, 523, 1329, 0.1, 212.2, 378.2
1, 129689, 06/01/2019 18:00:06, FP_DM_PRIOR, 9.4, 21.1, 34962.2, 11.4, 0, 0, 33, 792, 807, 10032, 0.3, 1503.4, 281.6
1, 129690, 06/01/2019 18:20:11, FP_DM_PRIOR, 5.7, 7.5, 11859.5, 1.6, 0, 0, 1, 32, 74, 676, 0.2, 450.3, 610.8
1, 129691, 06/01/2019 18:40:17, FP_DM_PRIOR, 12.6, 16.8, 11895, 3.7, 0, 0, 34, 544, 728, 11927, 0.5, 1813.9, 1615.1
1, 129692, 06/01/2019 19:00:17, FP_DM_PRIOR, 10.5, 13, 14327.2, 1.9, 0, 0, 5, 160, 178, 2246, 0.6, 434.3, 1556.4
1, 129693, 06/01/2019 19:20:06, FP_DM_PRIOR, 11.3, 12.1, 10341, 0.6, 0, 0, 123, 2920, 2948, 3638, 0.2, 2489.4, 455.2
1, 129694, 06/01/2019 19:40:11, FP_DM_PRIOR, 14.4, 15.4, 20525.1, 1, 0, 0, 0, 0, 4, 2450, 0, 599, 174
1, 129695, 06/01/2019 20:00:09, FP_DM_PRIOR, 16.5, 45.3, 19146.2, 19.8, 0, 0, 73, 2192, 2685, 24336, 9, 1093, 16611.1
1, 129696, 06/01/2019 20:20:18, FP_DM_PRIOR, 15.7, 30.9, 10725.4, 6.4, 0, 0, 25, 752, 528, 21587, 8.8, 1039, 30749.4
1, 129697, 06/01/2019 20:40:25, FP_DM_PRIOR, 9.5, 18.8, 2712.1, 6.6, 0, 0, 12, 248, 312, 6369, 2.7, 1081.4, 33670.1
1, 129698, 06/01/2019 21:00:02, FP_DM_PRIOR, 11.1, 25.8, 3143.3, 4.2, 0, 0, 0, 0, 0, 8336, 10.5, 769.4, 40365.6
1, 129699, 06/01/2019 21:20:05, FP_DM_PRIOR, 11.8, 28, 2060.2, 3.5, 0, 0, 34, 960, 1284, 12823, 12.7, 1213, 45213.8
1, 129700, 06/01/2019 21:40:18, FP_DM_PRIOR, 11.6, 27.4, 2235.8, 6.6, 0, 0, 17, 336, 291, 9624, 9.2, 1000.2, 50756
1, 129701, 06/01/2019 22:00:01, FP_DM_PRIOR, 10.9, 29.1, 2382.5, 6.5, 0, 0, 10, 240, 445, 13332, 11.7, 724.9, 44244.3
1, 129702, 06/01/2019 22:20:01, FP_DM_PRIOR, 10.7, 22.9, 2064.4, 1.8, 0, 0, 6, 144, 114, 8256, 10.4, 811.2, 40996.8
1, 129703, 06/01/2019 22:40:08, FP_DM_PRIOR, 7.5, 20.4, 1836.1, 6.9, 0, 0, 0, 0, 0, 4770, 6, 572.9, 41560.1
1, 129704, 06/01/2019 23:00:14, FP_DM_PRIOR, 12.8, 33.2, 3045.9, 9.6, 0, 0, 5, 112, 276, 12531, 10.8, 1422.8, 48251.3
1, 129705, 06/01/2019 23:20:04, FP_DM_PRIOR, 12.8, 29.3, 2716.7, 7.6, 0, 0, 0, 0, 0, 13091, 8.9, 981, 51967.3
1, 129706, 06/01/2019 23:40:04, FP_DM_PRIOR, 11.4, 25.1, 2242.1, 4.9, 0, 0, 14, 312, 480, 11397, 8.8, 1254.7, 50355.5
1, 129636, 06/01/2019 00:20:07, HDP_UNLOAD_GROUP, 3.8, 24.8, 1130.5, 17.9, 0, 0, 26, 272, 776, 14653, 3.1, 2106.1, 649.6
1, 129637, 06/01/2019 00:40:20, HDP_UNLOAD_GROUP, 10.1, 32.8, 1558.7, 19.9, 0, 0, 83, 756, 1256, 16650, 2.8, 4748.2, 1007.6
1, 129638, 06/01/2019 01:00:07, HDP_UNLOAD_GROUP, 10.1, 20.3, 1465, 9.4, 0, 0, 46, 404, 721, 12835, 0.8, 1034.8, 121.1
1, 129639, 06/01/2019 01:20:10, HDP_UNLOAD_GROUP, 10, 18.1, 1203.3, 5.9, 0, 0, 80, 840, 1455, 8420, 2.2, 816.4, 486.5
1, 129640, 06/01/2019 01:40:15, HDP_UNLOAD_GROUP, 10.2, 20.3, 1053.9, 7.8, 0, 0, 45, 392, 736, 13137, 2.3, 709.4, 244
1, 129641, 06/01/2019 02:00:02, HDP_UNLOAD_GROUP, 10.2, 21.5, 1057.4, 10.2, 0, 0, 46, 400, 724, 12944, 1.1, 731.1, 491.6
1, 129642, 06/01/2019 02:20:03, HDP_UNLOAD_GROUP, 10.1, 18.4, 1044.9, 8.3, 0, 0, 12, 104, 212, 11880, 0, 775.1, 0.8
1, 129643, 06/01/2019 02:40:12, HDP_UNLOAD_GROUP, 8.6, 13.8, 770.4, 5.1, 0, 0, 36, 336, 547, 7889, 0.1, 500.9, 23.8
1, 129644, 06/01/2019 03:00:22, HDP_UNLOAD_GROUP, 3.7, 3.8, 724.4, 0, 0, 0, 13, 120, 209, 717, 0.1, 317.7, 14
1, 129645, 06/01/2019 03:20:05, HDP_UNLOAD_GROUP, 2.7, 3.3, 211, 0.6, 0, 0, 13, 128, 192, 865, 0, 187.9, 3.8
1, 129646, 06/01/2019 03:40:00, HDP_UNLOAD_GROUP, 0.8, 0.8, 48, 0, 0, 0, 2, 32, 44, 139, 0, 78.3, 0.3
1, 129648, 06/01/2019 04:20:10, HDP_UNLOAD_GROUP, 0, 0, 0.2, 0, 0, 0, 5, 40, 95, 10, 0, 2.2, 2.6
1, 129701, 06/01/2019 22:00:01, HDP_UNLOAD_GROUP, 0.3, 0.3, 41.5, 0, 0, 0, 0, 0, 13, 115, 0, 3.2, 2.7
1, 129635, 06/01/2019 00:00:01, ODS_SUPPORT_GROUP, 0, 0, 2.3, 0, 0, 0, 0, 0, 20, 2, 0, 0, 0
1, 129636, 06/01/2019 00:20:07, ODS_SUPPORT_GROUP, 0, 0, 7.8, 0, 0, 0, 0, 0, 19, 1, 0, 0, 0
1, 129637, 06/01/2019 00:40:20, ODS_SUPPORT_GROUP, 0, 0, 11.1, 0, 0, 0, 0, 0, 21, 15, 0, 0, 0
1, 129638, 06/01/2019 01:00:07, ODS_SUPPORT_GROUP, 3.8, 5.6, 9977.7, 1.7, 0, 0, 0, 0, 52, 1732, 0.1, 1271.1, 170.6
1, 129639, 06/01/2019 01:20:10, ODS_SUPPORT_GROUP, 1.3, 2.5, 15770.2, 0.8, 0, 0, 0, 0, 19, 468, 0.4, 30, 915.1
1, 129640, 06/01/2019 01:40:15, ODS_SUPPORT_GROUP, 2.9, 4.3, 2512.8, 1.4, 0, 0, 2, 64, 53, 1662, 0, 267.5, 34.3
1, 129641, 06/01/2019 02:00:02, ODS_SUPPORT_GROUP, 0, 0, 3.8, 0, 0, 0, 0, 0, 20, 6, 0, 0, 0.1
1, 129642, 06/01/2019 02:20:03, ODS_SUPPORT_GROUP, 0, 0, 1.9, 0, 0, 0, 0, 0, 36, 9, 0, 0, 0
1, 129643, 06/01/2019 02:40:12, ODS_SUPPORT_GROUP, 0.6, 1.3, 364.1, 0.5, 0, 0, 1, 8, 59, 126, 0.2, 604.7, 240.4
1, 129644, 06/01/2019 03:00:22, ODS_SUPPORT_GROUP, 4.5, 8.8, 534.2, 4.2, 0, 0, 0, 0, 19, 7559, 0.1, 509, 27.7
1, 129645, 06/01/2019 03:20:05, ODS_SUPPORT_GROUP, 4.8, 11.9, 857.5, 7, 0, 0, 1, 26, 106, 13873, 0.1, 1058.9, 47.2
1, 129646, 06/01/2019 03:40:00, ODS_SUPPORT_GROUP, 4.8, 13.2, 1080.4, 8.4, 1, 0, 3, 96, 48, 13745, 0, 1539.2, 7.9
1, 129647, 06/01/2019 04:00:05, ODS_SUPPORT_GROUP, 1.4, 6, 325, 1.4, 0, 0, 2, 64, 68, 308, 3.2, 68.3, 5614.9
1, 129648, 06/01/2019 04:20:10, ODS_SUPPORT_GROUP, 1.3, 5.7, 313.6, 0.4, 0, 0, 0, 0, 19, 341, 4, 67.6, 5906
1, 129649, 06/01/2019 04:40:17, ODS_SUPPORT_GROUP, 2.4, 6.3, 347.2, 2, 0, 0, 0, 0, 19, 699, 1.9, 137.5, 11675.3
1, 129650, 06/01/2019 05:00:22, ODS_SUPPORT_GROUP, 1, 3, 167.8, 0.4, 0, 0, 1, 15, 19, 240, 1.6, 55.1, 5164
1, 129651, 06/01/2019 05:20:18, ODS_SUPPORT_GROUP, 0, 0, 6.6, 0, 0, 0, 1, 8, 29, 3, 0, 17.6, 0
1, 129652, 06/01/2019 05:40:00, ODS_SUPPORT_GROUP, 0, 0, 1.6, 0, 0, 0, 0, 0, 20, 1, 0, 0, 0
1, 129653, 06/01/2019 06:00:10, ODS_SUPPORT_GROUP, 0, 0, 4.2, 0, 0, 0, 0, 0, 20, 2, 0, 0, 0
1, 129654, 06/01/2019 06:20:00, ODS_SUPPORT_GROUP, 0, 0, 6.7, 0, 0, 0, 0, 0, 20, 4, 0, 0, 0
1, 129655, 06/01/2019 06:40:04, ODS_SUPPORT_GROUP, 0.2, 0.6, 13.2, 0.4, 0, 0, 0, 0, 30, 64, 0, 1.6, 167.2
1, 129686, 06/01/2019 17:00:17, ODS_SUPPORT_GROUP, 0, 0, 0, 0, 0, 0, 0, 0, 19, 0, 0, 0, 0
1, 129687, 06/01/2019 17:20:08, ODS_SUPPORT_GROUP, 0, 0, 0.1, 0, 0, 0, 0, 0, 18, 0, 0, 0, 0
1, 129689, 06/01/2019 18:00:06, ODS_SUPPORT_GROUP, 0.4, 1.3, 72.5, 0.1, 0, 0, 1, 16, 16, 112, 0.8, 267.2, 1370.9
1, 129690, 06/01/2019 18:20:11, ODS_SUPPORT_GROUP, 0, 0, 0, 0, 0, 0, 0, 0, 18, 0, 0, 0, 0
1, 129693, 06/01/2019 19:20:06, ODS_SUPPORT_GROUP, 0, 0, 2.2, 0, 0, 0, 0, 0, 18, 0, 0, 0, 0
1, 129694, 06/01/2019 19:40:11, ODS_SUPPORT_GROUP, 0, 0, 0, 0, 0, 0, 0, 0, 16, 0, 0, 0, 0
1, 129695, 06/01/2019 20:00:09, ODS_SUPPORT_GROUP, 0, 0, 2.2, 0, 0, 0, 0, 0, 19, 0, 0, 0, 0
1, 129698, 06/01/2019 21:00:02, ODS_SUPPORT_GROUP, 0, 0, 0.8, 0, 0, 0, 0, 0, 20, 3, 0, 0, 0
1, 129699, 06/01/2019 21:20:05, ODS_SUPPORT_GROUP, 0, 0, 2.8, 0, 0, 0, 0, 0, 16, 0, 0, 0, 0
1, 129702, 06/01/2019 22:20:01, ODS_SUPPORT_GROUP, 0, 0, 0, 0, 0, 0, 0, 0, 18, 0, 0, 0, 0
1, 129635, 06/01/2019 00:00:01, OTHER_GROUPS, 8.5, 16.5, 21579.6, 6, 0, 0, 0, 0, 716, 6032, 2, 142.1, 1354.8
1, 129636, 06/01/2019 00:20:07, OTHER_GROUPS, 18.1, 45, 26065, 21.5, 0, 0, 0, 0, 811, 14845, 5.4, 150, 2113
1, 129637, 06/01/2019 00:40:20, OTHER_GROUPS, 15.5, 42.8, 20637.1, 25.5, 0, 0, 0, 0, 876, 10343, 1.8, 153.7, 1361.7
1, 129638, 06/01/2019 01:00:07, OTHER_GROUPS, 18, 33, 22535.1, 12.8, 0, 0, 0, 0, 1235, 12601, 2.2, 153.8, 2111.3
1, 129639, 06/01/2019 01:20:10, OTHER_GROUPS, 9.6, 25.2, 20970.2, 14.3, 0, 0, 0, 0, 1322, 5661, 1.3, 146.2, 1784.7
1, 129640, 06/01/2019 01:40:15, OTHER_GROUPS, 10.5, 16.4, 17888, 4.8, 0, 0, 2, 46, 1509, 5515, 1.1, 288.2, 1559
1, 129641, 06/01/2019 02:00:02, OTHER_GROUPS, 13.2, 25.1, 22141.8, 10, 0, 0, 0, 0, 1719, 8391, 1.9, 136.7, 1968.8
1, 129642, 06/01/2019 02:20:03, OTHER_GROUPS, 15, 23.9, 7051.1, 7.6, 0, 0, 0, 0, 668, 9922, 1.3, 167.5, 1641.9
1, 129643, 06/01/2019 02:40:12, OTHER_GROUPS, 16.1, 37.8, 7160.8, 13.7, 0, 0, 0, 0, 656, 16030, 8, 133.7, 3892.6
1, 129644, 06/01/2019 03:00:22, OTHER_GROUPS, 15, 36.2, 6704.4, 10.6, 0, 0, 0, 0, 593, 11889, 10.6, 118.6, 4425
1, 129645, 06/01/2019 03:20:05, OTHER_GROUPS, 8.6, 30.5, 7019.7, 10.3, 0, 0, 1, 32, 737, 4700, 11.6, 60.8, 5856.4
1, 129646, 06/01/2019 03:40:00, OTHER_GROUPS, 10.6, 40.9, 6684.9, 17.5, 0, 0, 0, 0, 830, 5233, 12.8, 66.3, 6829.8
1, 129647, 06/01/2019 04:00:05, OTHER_GROUPS, 7.7, 48.9, 6728.8, 23.5, 0, 0, 0, 0, 1852, 4198, 17.7, 52.2, 3850.1
1, 129648, 06/01/2019 04:20:10, OTHER_GROUPS, 8.1, 43.1, 6065.2, 16.2, 0, 0, 0, 0, 699, 5775, 18.8, 36.3, 3075.7
1, 129649, 06/01/2019 04:40:17, OTHER_GROUPS, 8.9, 25.1, 26803.2, 13.8, 0, 0, 0, 0, 1076, 5373, 2.4, 53.9, 2720.2
1, 129650, 06/01/2019 05:00:22, OTHER_GROUPS, 12.8, 30.3, 49387.2, 11.2, 0, 0, 0, 0, 2583, 5443, 6.3, 356.5, 2439.9
1, 129651, 06/01/2019 05:20:18, OTHER_GROUPS, 15.8, 29.1, 38361.5, 6.9, 0, 0, 0, 0, 2709, 9009, 6.4, 389.2, 3837
1, 129652, 06/01/2019 05:40:00, OTHER_GROUPS, 13.6, 25.9, 39554.3, 6.8, 0, 0, 0, 0, 2162, 6252, 5.5, 369.1, 3276.8
1, 129653, 06/01/2019 06:00:10, OTHER_GROUPS, 26.8, 57.4, 23212.9, 23.2, 0, 0, 1, 64, 852, 28393, 7.4, 781.4, 8812.1
1, 129654, 06/01/2019 06:20:00, OTHER_GROUPS, 13.8, 48.9, 9694.9, 30.9, 0, 0, 0, 0, 816, 12274, 4.2, 78.5, 4444.8
1, 129655, 06/01/2019 06:40:04, OTHER_GROUPS, 10.2, 35.8, 5934.2, 22.2, 0, 0, 3, 48, 2051, 8545, 3.4, 69.1, 4056.6
1, 129656, 06/01/2019 07:00:14, OTHER_GROUPS, 31.8, 120.4, 17479.7, 79.1, 0, 0, 146, 3306, 7373, 35208, 9.5, 3147.1, 15934.1
1, 129657, 06/01/2019 07:20:07, OTHER_GROUPS, 14.3, 31.9, 6917.1, 14.4, 0, 0, 0, 0, 1010, 11173, 3.2, 329.5, 5259.2
1, 129658, 06/01/2019 07:40:18, OTHER_GROUPS, 23, 76.1, 8158.3, 48, 1, 0, 8, 118, 1890, 19125, 5.1, 947.1, 9666.5
1, 129659, 06/01/2019 08:00:36, OTHER_GROUPS, 27.8, 71.6, 9718.4, 32.8, 0, 0, 6, 116, 1246, 30628, 11, 1380.1, 20044.3
1, 129660, 06/01/2019 08:20:12, OTHER_GROUPS, 27.4, 56.2, 22152.6, 22.8, 0, 0, 5, 105, 1694, 23866, 6, 4630.4, 9528
1, 129661, 06/01/2019 08:40:07, OTHER_GROUPS, 26.6, 62.4, 15718.4, 29.2, 0, 0, 19, 448, 2146, 28546, 6.6, 1867.8, 15287.1
1, 129662, 06/01/2019 09:00:04, OTHER_GROUPS, 17, 41.5, 5326, 16.6, 0, 0, 3, 57, 1283, 16003, 7.9, 2767.8, 17425
1, 129663, 06/01/2019 09:20:08, OTHER_GROUPS, 15.9, 38, 4571.7, 18.3, 0, 0, 0, 0, 1494, 14549, 3.8, 459.4, 15657.7
1, 129664, 06/01/2019 09:40:13, OTHER_GROUPS, 10.8, 25.3, 3578.5, 12.1, 0, 0, 45, 800, 2291, 8054, 2.4, 1506.7, 17102.5
1, 129665, 06/01/2019 10:00:02, OTHER_GROUPS, 14, 30.4, 4912.3, 11.4, 0, 0, 41, 984, 2125, 11278, 5, 1570.3, 17875.4
1, 129666, 06/01/2019 10:20:04, OTHER_GROUPS, 11.1, 26.4, 4071.4, 11.9, 0, 0, 19, 203, 1895, 10260, 3.4, 857.5, 10341
1, 129667, 06/01/2019 10:40:13, OTHER_GROUPS, 11.4, 26, 4211.7, 12.2, 0, 0, 130, 3148, 4654, 8579, 2.4, 1861.7, 4933.1
1, 129668, 06/01/2019 11:00:19, OTHER_GROUPS, 10.5, 24.6, 4747.4, 11.3, 0, 0, 133, 3280, 4872, 7071, 2.8, 2765.4, 3229.4
1, 129669, 06/01/2019 11:20:33, OTHER_GROUPS, 8.2, 18.5, 4037, 9, 0, 0, 0, 0, 1320, 5391, 1.3, 299.6, 2762.1
1, 129670, 06/01/2019 11:40:03, OTHER_GROUPS, 6.6, 12.7, 3254.6, 5.1, 0, 0, 1, 4, 1460, 4170, 1, 66.5, 1562.9
1, 129671, 06/01/2019 12:00:05, OTHER_GROUPS, 21.7, 37.6, 5158.6, 12.7, 0, 0, 93, 2240, 3357, 21853, 3.2, 1549.5, 4840.8
1, 129672, 06/01/2019 12:20:30, OTHER_GROUPS, 21.2, 31.9, 26219.6, 7.8, 0, 0, 0, 0, 1405, 16819, 2.9, 191.8, 3916
1, 129673, 06/01/2019 12:40:08, OTHER_GROUPS, 18.6, 27.1, 18692.4, 5.8, 0, 0, 28, 720, 2338, 11410, 2.7, 913.6, 4367.4
1, 129674, 06/01/2019 13:00:01, OTHER_GROUPS, 8.6, 18.5, 5105.6, 7.4, 0, 0, 6, 192, 1569, 4836, 2.5, 277, 3887
1, 129675, 06/01/2019 13:20:03, OTHER_GROUPS, 14.3, 26.1, 9044.6, 9.4, 0, 0, 8, 160, 1763, 10566, 2.4, 1357, 5950.4
1, 129676, 06/01/2019 13:40:07, OTHER_GROUPS, 10.5, 15.4, 7734.5, 3.4, 0, 0, 20, 512, 2020, 5242, 1.5, 1335.9, 3290.6
1, 129677, 06/01/2019 14:00:12, OTHER_GROUPS, 7.4, 11.6, 5896.7, 2.6, 0, 0, 9, 216, 1472, 2943, 1.6, 665.9, 4537.9
1, 129678, 06/01/2019 14:20:09, OTHER_GROUPS, 9.3, 12.7, 3600.9, 2.5, 0, 0, 70, 1568, 3181, 5317, 0.9, 1963.1, 4578.6
1, 129679, 06/01/2019 14:40:19, OTHER_GROUPS, 1.3, 4.7, 2488.7, 3.1, 0, 0, 0, 0, 1424, 293, 0.3, 38.8, 1796.5
1, 129680, 06/01/2019 15:00:23, OTHER_GROUPS, 7.7, 12.1, 4208.7, 3.1, 0, 0, 52, 1224, 2746, 3717, 1.3, 1488.2, 6405.6
1, 129681, 06/01/2019 15:20:10, OTHER_GROUPS, 7.8, 12.7, 4996.8, 4, 0, 0, 43, 1128, 2747, 3816, 0.9, 1217.1, 4215.7
1, 129682, 06/01/2019 15:40:18, OTHER_GROUPS, 2.3, 5.3, 2244.1, 2.7, 0, 0, 1, 16, 1511, 842, 0.3, 148.2, 1783.6
1, 129683, 06/01/2019 16:00:29, OTHER_GROUPS, 19.9, 26.1, 15308.2, 4.3, 0, 0, 9, 180, 1656, 7343, 1.9, 2987.9, 3381.7
1, 129684, 06/01/2019 16:20:04, OTHER_GROUPS, 23.5, 32.7, 57611.1, 7.6, 0, 0, 0, 0, 1446, 9713, 1.6, 660.1, 4020.5
1, 129685, 06/01/2019 16:40:11, OTHER_GROUPS, 16.3, 19.1, 56173.1, 2.2, 0, 0, 0, 0, 2416, 2896, 0.6, 286.5, 1709.8
1, 129686, 06/01/2019 17:00:17, OTHER_GROUPS, 16, 16.7, 6231, 0, 0, 0, 0, 0, 700, 5272, 0.7, 245.1, 1479.6
1, 129687, 06/01/2019 17:20:08, OTHER_GROUPS, 12.3, 12.7, 5883.1, 0, 0, 0, 247, 1916, 2570, 5869, 0.4, 375.7, 1576
1, 129688, 06/01/2019 17:40:01, OTHER_GROUPS, 11.9, 12.5, 6253.4, 0, 0, 0, 302, 2376, 3017, 2978, 0.6, 415.2, 1576.3
1, 129689, 06/01/2019 18:00:06, OTHER_GROUPS, 11.4, 12.6, 6951.3, 0, 0, 0, 139, 1020, 1568, 3006, 1.2, 292.7, 1513.6
1, 129690, 06/01/2019 18:20:11, OTHER_GROUPS, 4.3, 9.7, 6341.6, 4.8, 0, 0, 200, 1564, 2213, 1723, 0.6, 154.5, 1539.4
1, 129691, 06/01/2019 18:40:17, OTHER_GROUPS, 3.4, 9.6, 6575.3, 5.5, 0, 0, 223, 1744, 2376, 1020, 0.7, 166.1, 1572.7
1, 129692, 06/01/2019 19:00:17, OTHER_GROUPS, 3.2, 9.7, 6071.2, 4.9, 0, 0, 9, 68, 654, 881, 1.6, 85.8, 2211
1, 129693, 06/01/2019 19:20:06, OTHER_GROUPS, 2.4, 7.2, 6566.9, 4.3, 0, 0, 290, 2280, 2935, 641, 0.5, 59.1, 1887
1, 129694, 06/01/2019 19:40:11, OTHER_GROUPS, 1.7, 5.2, 5659.3, 3.2, 0, 0, 0, 0, 733, 427, 0.3, 22.9, 1361.1
1, 129695, 06/01/2019 20:00:09, OTHER_GROUPS, 3.4, 19.8, 8577.4, 15.1, 0, 0, 0, 0, 715, 1314, 1.3, 24.6, 1564.1
1, 129696, 06/01/2019 20:20:18, OTHER_GROUPS, 2.3, 8.7, 5427.9, 5.9, 0, 0, 0, 0, 818, 708, 0.5, 20.1, 1009.3
1, 129697, 06/01/2019 20:40:25, OTHER_GROUPS, 1.5, 6.7, 5688, 5, 0, 0, 0, 0, 773, 376, 0.2, 6.2, 791.7
1, 129698, 06/01/2019 21:00:02, OTHER_GROUPS, 2.3, 8.9, 6802.7, 5.8, 0, 0, 0, 0, 601, 712, 0.8, 19.2, 917.7
1, 129699, 06/01/2019 21:20:05, OTHER_GROUPS, 3, 7.8, 5855, 4.1, 0, 0, 0, 0, 647, 1195, 0.7, 14.9, 820.8
1, 129700, 06/01/2019 21:40:18, OTHER_GROUPS, 3.2, 9.2, 6437.6, 5.3, 0, 0, 0, 0, 615, 1108, 0.7, 7, 930.9
1, 129701, 06/01/2019 22:00:01, OTHER_GROUPS, 6.6, 16.9, 18556.8, 7.7, 0, 0, 0, 0, 1428, 2844, 2.6, 326.6, 1165.1
1, 129702, 06/01/2019 22:20:01, OTHER_GROUPS, 12, 18.2, 13896.9, 3.6, 0, 0, 0, 0, 5089, 6773, 2.6, 856.3, 1450.8
1, 129703, 06/01/2019 22:40:08, OTHER_GROUPS, 12, 18.2, 14899.9, 3.5, 0, 0, 0, 0, 3611, 6885, 2.7, 884.1, 1596.9
1, 129704, 06/01/2019 23:00:14, OTHER_GROUPS, 12.6, 27.3, 19771.3, 11.2, 0, 0, 0, 0, 4532, 9105, 3.5, 974.1, 4948.4
1, 129705, 06/01/2019 23:20:04, OTHER_GROUPS, 16, 37.1, 20343, 16.6, 0, 0, 0, 0, 3846, 16323, 4.5, 1133.5, 15704.6
1, 129706, 06/01/2019 23:40:04, OTHER_GROUPS, 16.2, 29.5, 16032, 10, 0, 0, 1, 64, 4723, 16396, 3.3, 1200.6, 8227.6
2, 129635, 06/01/2019 00:00:01, ADW_UNLOAD_GROUP, 1.4, 1.4, 298.2, 0, 0, 0, 0, 0, 111, 516, 0, 10.3, 1.5
2, 129636, 06/01/2019 00:20:07, ADW_UNLOAD_GROUP, 0.6, 0.7, 267.8, 0.1, 0, 0, 1, 32, 153, 217, 0, 4.9, 0.7
2, 129637, 06/01/2019 00:40:20, ADW_UNLOAD_GROUP, 0.4, 0.5, 3.7, 0.1, 0, 0, 0, 0, 238, 150, 0, 0.9, 1.2
2, 129638, 06/01/2019 01:00:11, ADW_UNLOAD_GROUP, 0.4, 0.4, 3.4, 0, 0, 0, 0, 0, 391, 161, 0, 1, 1.1
2, 129639, 06/01/2019 01:20:10, ADW_UNLOAD_GROUP, 0.4, 0.5, 3.6, 0.1, 0, 0, 0, 0, 354, 176, 0, 1.3, 1.5
2, 129640, 06/01/2019 01:40:15, ADW_UNLOAD_GROUP, 0.4, 0.4, 3.8, 0, 0, 0, 0, 0, 52, 140, 0, 1.5, 1.9
2, 129641, 06/01/2019 02:00:02, ADW_UNLOAD_GROUP, 0.4, 0.4, 13.6, 0, 0, 0, 0, 0, 237, 15, 0, 1.7, 1.9
2, 129642, 06/01/2019 02:20:03, ADW_UNLOAD_GROUP, 0.4, 0.4, 25.1, 0, 0, 0, 0, 0, 57, 14, 0, 1.3, 1.4
2, 129643, 06/01/2019 02:40:12, ADW_UNLOAD_GROUP, 0.2, 0.2, 14.9, 0, 0, 0, 1, 8, 297, 11, 0, 0.9, 0.9
2, 129644, 06/01/2019 03:00:22, ADW_UNLOAD_GROUP, 0, 0, 0, 0, 0, 0, 0, 0, 455, 1, 0, 0, 0
2, 129645, 06/01/2019 03:20:05, ADW_UNLOAD_GROUP, 0, 0, 0, 0, 0, 0, 0, 0, 560, 0, 0, 0, 0
2, 129646, 06/01/2019 03:40:01, ADW_UNLOAD_GROUP, 0, 0, 0, 0, 0, 0, 0, 0, 730, 2, 0, 0, 0
2, 129647, 06/01/2019 04:00:04, ADW_UNLOAD_GROUP, 0, 0, 0, 0, 0, 0, 0, 0, 106, 0, 0, 0, 0
2, 129648, 06/01/2019 04:20:10, ADW_UNLOAD_GROUP, 0, 0, 0, 0, 0, 0, 0, 0, 134, 1, 0, 0, 0
2, 129649, 06/01/2019 04:40:16, ADW_UNLOAD_GROUP, 0, 0, 0, 0, 0, 0, 0, 0, 533, 1, 0, 0, 0
2, 129650, 06/01/2019 05:00:22, ADW_UNLOAD_GROUP, 0, 0, 0, 0, 0, 0, 0, 0, 296, 1, 0, 0, 0
2, 129652, 06/01/2019 05:40:00, ADW_UNLOAD_GROUP, 0, 0, 4.6, 0, 0, 0, 0, 0, 56, 0, 0, 0, 0
2, 129653, 06/01/2019 06:00:10, ADW_UNLOAD_GROUP, 36.2, 43.1, 27248.4, 4.6, 0, 0, 0, 0, 389, 62052, 2.3, 1797.9, 4620.7
2, 129654, 06/01/2019 06:20:01, ADW_UNLOAD_GROUP, 38.2, 44, 24135.7, 4.5, 0, 0, 0, 0, 45, 74774, 1.3, 781.7, 2536.1
2, 129655, 06/01/2019 06:40:02, ADW_UNLOAD_GROUP, 33.2, 36.4, 25428, 0.8, 0, 0, 2, 56, 162, 28596, 2.4, 607.2, 5554
2, 129686, 06/01/2019 17:00:17, ADW_UNLOAD_GROUP, 3.4, 3.5, 939.5, 0, 0, 0, 7, 206, 257231, 573, 0.1, 6243.6, 172
2, 129687, 06/01/2019 17:20:08, ADW_UNLOAD_GROUP, 1.6, 1.6, 300.5, 0, 0, 0, 0, 0, 254304, 3, 0, 0, 0
2, 129688, 06/01/2019 17:40:01, ADW_UNLOAD_GROUP, 1.5, 1.5, 378.5, 0, 0, 0, 0, 0, 244828, 2, 0, 0, 0
2, 129689, 06/01/2019 18:00:06, ADW_UNLOAD_GROUP, 1.6, 1.6, 454.4, 0, 0, 0, 0, 0, 239872, 1, 0, 0, 0
2, 129690, 06/01/2019 18:20:11, ADW_UNLOAD_GROUP, 1.5, 1.5, 525.2, 0, 0, 0, 0, 0, 232020, 1, 0, 0, 0
2, 129691, 06/01/2019 18:40:16, ADW_UNLOAD_GROUP, 1.5, 1.5, 625.8, 0, 0, 0, 0, 0, 256599, 2, 0, 0, 0
2, 129692, 06/01/2019 19:00:17, ADW_UNLOAD_GROUP, 1.5, 1.5, 717.1, 0, 0, 0, 31, 496, 261621, 9, 0, 643.5, 5
2, 129693, 06/01/2019 19:20:07, ADW_UNLOAD_GROUP, 1.5, 1.5, 769.1, 0, 0, 0, 0, 0, 263536, 1, 0, 0, 0.4
2, 129694, 06/01/2019 19:40:12, ADW_UNLOAD_GROUP, 1.5, 1.5, 900.8, 0, 0, 0, 0, 0, 265087, 0, 0, 0.1, 7.3
2, 129695, 06/01/2019 20:00:09, ADW_UNLOAD_GROUP, 1.4, 1.4, 969.1, 0, 0, 0, 0, 0, 231478, 4, 0, 0.5, 48.7
2, 129696, 06/01/2019 20:20:19, ADW_UNLOAD_GROUP, 1.4, 1.4, 1031.6, 0, 0, 0, 0, 0, 249771, 2, 0, 0.3, 35
2, 129697, 06/01/2019 20:40:25, ADW_UNLOAD_GROUP, 1.5, 1.5, 1151.7, 0, 0, 0, 0, 0, 259892, 2, 0, 0.3, 34.1
2, 129698, 06/01/2019 21:00:02, ADW_UNLOAD_GROUP, 1.3, 1.4, 1257.3, 0, 0, 0, 0, 0, 242064, 5, 0.1, 0.2, 19.5
2, 129699, 06/01/2019 21:20:05, ADW_UNLOAD_GROUP, 1.4, 1.4, 1298.3, 0, 0, 0, 0, 0, 239998, 8, 0, 0.2, 21.7
2, 129700, 06/01/2019 21:40:15, ADW_UNLOAD_GROUP, 1.5, 1.6, 1324.2, 0, 0, 0, 0, 0, 235106, 3, 0.1, 0.2, 20.7
2, 129701, 06/01/2019 22:00:01, ADW_UNLOAD_GROUP, 1.6, 2.1, 1956.2, 0, 0, 0, 0, 0, 157665, 67, 0.5, 1.6, 31.9
2, 129702, 06/01/2019 22:20:01, ADW_UNLOAD_GROUP, 5.3, 6.6, 2574.7, 0, 0, 0, 7, 208, 133810, 1233, 1.3, 227.3, 106.1
2, 129703, 06/01/2019 22:40:08, ADW_UNLOAD_GROUP, 9.1, 10.3, 10708, 0, 0, 0, 7, 208, 207515, 1359, 1.2, 151.7, 149.6
2, 129704, 06/01/2019 23:00:13, ADW_UNLOAD_GROUP, 5.1, 5.6, 3214.4, 0, 0, 0, 18, 560, 133318, 995, 0.5, 132.3, 35.2
2, 129705, 06/01/2019 23:20:04, ADW_UNLOAD_GROUP, 0.7, 0.8, 1042.4, 0, 0, 0, 9, 176, 7612, 81, 0.1, 3.5, 36.8
2, 129706, 06/01/2019 23:40:04, ADW_UNLOAD_GROUP, 0.3, 0.4, 449.7, 0.1, 0, 0, 0, 0, 53, 19, 0, 1.8, 0
2, 129635, 06/01/2019 00:00:01, FP_DM_PRIOR, 13.9, 19.3, 12403.4, 2.7, 0, 0, 6, 82, 387, 5534, 2.7, 625.5, 5734.4
2, 129636, 06/01/2019 00:20:07, FP_DM_PRIOR, 11.2, 23.5, 22507.8, 9.9, 0, 0, 57, 1376, 1268, 8379, 2.4, 1174.9, 4547.3
2, 129637, 06/01/2019 00:40:20, FP_DM_PRIOR, 14.3, 23.6, 34615.1, 7.8, 0, 0, 48, 1192, 1159, 8520, 1.5, 605.7, 2305.7
2, 129638, 06/01/2019 01:00:11, FP_DM_PRIOR, 9, 14.8, 33592.8, 4.2, 0, 0, 1, 32, 71, 2928, 1.6, 182.4, 2868.2
2, 129639, 06/01/2019 01:20:10, FP_DM_PRIOR, 9.3, 15.1, 35256.2, 4.4, 0, 0, 10, 129, 240, 1932, 1.4, 81.9, 3215.6
2, 129640, 06/01/2019 01:40:15, FP_DM_PRIOR, 16, 23, 37540.6, 4.4, 0, 0, 71, 1820, 1641, 11596, 2.6, 1389.4, 5331.3
2, 129641, 06/01/2019 02:00:02, FP_DM_PRIOR, 10.7, 17.5, 32986.1, 4.5, 0, 0, 2, 32, 36, 3180, 2.3, 204.5, 4492.4
2, 129642, 06/01/2019 02:20:03, FP_DM_PRIOR, 11, 16.2, 16004.5, 3.4, 0, 0, 3, 51, 92, 4816, 1.8, 202.7, 4139.6
2, 129643, 06/01/2019 02:40:12, FP_DM_PRIOR, 14.9, 24.1, 10712.8, 6.2, 0, 0, 76, 1825, 1869, 14046, 3, 2128, 5369.8
2, 129644, 06/01/2019 03:00:22, FP_DM_PRIOR, 12.6, 19.6, 19451.4, 4.3, 0, 0, 2, 48, 67, 5390, 2.7, 582.1, 4829.4
2, 129645, 06/01/2019 03:20:05, FP_DM_PRIOR, 14.6, 18.4, 24061.8, 1.4, 0, 0, 2, 32, 52, 5751, 2.4, 247.5, 4419.7
2, 129646, 06/01/2019 03:40:01, FP_DM_PRIOR, 15.8, 24.6, 30413.5, 5.5, 0, 0, 68, 1733, 1654, 13805, 3.3, 1111.8, 4760.2
2, 129647, 06/01/2019 04:00:04, FP_DM_PRIOR, 8, 14.1, 21570.1, 3.4, 0, 0, 11, 177, 324, 2128, 2.7, 314.7, 2798.2
2, 129648, 06/01/2019 04:20:10, FP_DM_PRIOR, 6, 13.5, 25830.7, 4.3, 0, 0, 0, 0, 24, 1482, 3.2, 252.5, 2479.7
2, 129649, 06/01/2019 04:40:16, FP_DM_PRIOR, 15.4, 22.6, 50129.4, 5, 0, 0, 8, 120, 383, 7463, 2.2, 518.2, 4715.9
2, 129650, 06/01/2019 05:00:22, FP_DM_PRIOR, 19.8, 32.6, 60341.2, 8.3, 0, 0, 5, 82, 55, 18906, 4.5, 1131.1, 6373.4
2, 129651, 06/01/2019 05:20:18, FP_DM_PRIOR, 19.2, 27.4, 31755.5, 5.8, 0, 0, 3, 20, 18, 18246, 2.4, 412.9, 4361.4
2, 129652, 06/01/2019 05:40:00, FP_DM_PRIOR, 18, 24.5, 25627.1, 4.8, 0, 0, 4, 96, 308, 24930, 1.7, 451.6, 3260.8
2, 129653, 06/01/2019 06:00:10, FP_DM_PRIOR, 19.9, 27.5, 25819.2, 6.5, 0, 0, 2, 48, 7, 38190, 1.1, 692.5, 1366.5
2, 129654, 06/01/2019 06:20:01, FP_DM_PRIOR, 19.1, 25.3, 21669.7, 4.6, 0, 0, 6, 192, 195, 23182, 1.6, 584.1, 3128.6
2, 129655, 06/01/2019 06:40:02, FP_DM_PRIOR, 16.8, 22.6, 17438.4, 2, 0, 0, 1, 32, 2, 26355, 3.8, 397.3, 7270.2
2, 129686, 06/01/2019 17:00:17, FP_DM_PRIOR, 4.7, 11.6, 4477.3, 6.5, 0, 0, 115, 2928, 2752, 3927, 0.4, 1551.5, 421.9
2, 129687, 06/01/2019 17:20:08, FP_DM_PRIOR, 10.3, 23.6, 9890.4, 12.5, 0, 0, 11, 216, 388, 15394, 0.8, 642.5, 571.3
2, 129688, 06/01/2019 17:40:01, FP_DM_PRIOR, 11.8, 23.8, 15801.4, 11.1, 0, 0, 1, 16, 37, 3529, 0.9, 912.6, 2339.2
2, 129689, 06/01/2019 18:00:06, FP_DM_PRIOR, 16.5, 32.5, 31389.6, 12.9, 0, 0, 115, 2848, 2721, 15412, 3.1, 1796.6, 4733
2, 129690, 06/01/2019 18:20:11, FP_DM_PRIOR, 13.8, 24.4, 33454.7, 10.6, 0, 0, 1, 16, 16, 3276, 0, 245.3, 48.7
2, 129691, 06/01/2019 18:40:16, FP_DM_PRIOR, 10.4, 17.3, 28454.5, 6, 0, 0, 109, 2936, 2731, 8248, 0.9, 1707.2, 2220.8
2, 129692, 06/01/2019 19:00:17, FP_DM_PRIOR, 9.8, 10.5, 39236.4, 0.5, 0, 0, 1, 16, 16, 3158, 0.2, 187.3, 373.2
2, 129693, 06/01/2019 19:20:07, FP_DM_PRIOR, 13.6, 17.4, 31656.9, 2.8, 0, 0, 22, 624, 542, 13822, 1, 832.2, 3408.6
2, 129694, 06/01/2019 19:40:12, FP_DM_PRIOR, 12.8, 13.3, 18415, 0.3, 0, 0, 1, 16, 55, 6866, 0.2, 558.3, 987
2, 129695, 06/01/2019 20:00:09, FP_DM_PRIOR, 17.5, 31, 19278.1, 8.9, 0, 0, 198, 4853, 4934, 27011, 4.6, 2278.8, 7728.1
2, 129696, 06/01/2019 20:20:19, FP_DM_PRIOR, 14.1, 21.1, 17978.3, 5.1, 0, 0, 16, 356, 416, 10139, 1.9, 692.2, 7782.3
2, 129697, 06/01/2019 20:40:25, FP_DM_PRIOR, 13.1, 18, 17343.7, 3.2, 0, 0, 152, 3438, 3338, 14265, 1.7, 2235.2, 4431.4
2, 129698, 06/01/2019 21:00:02, FP_DM_PRIOR, 9.9, 15.9, 4893.2, 4.4, 0, 0, 6, 160, 220, 3007, 1.6, 777.4, 4783.6
2, 129699, 06/01/2019 21:20:05, FP_DM_PRIOR, 12.1, 19.3, 4326.9, 5.1, 0, 0, 72, 1712, 1643, 9959, 2.1, 1306.7, 5154.6
2, 129700, 06/01/2019 21:40:15, FP_DM_PRIOR, 16.8, 25, 15704.9, 5.6, 0, 0, 23, 552, 436, 11341, 2.6, 1080.7, 8652.2
2, 129701, 06/01/2019 22:00:01, FP_DM_PRIOR, 13.5, 24.1, 21520.4, 7.7, 0, 0, 103, 2564, 2751, 10192, 2.9, 1855.9, 4940.6
2, 129702, 06/01/2019 22:20:01, FP_DM_PRIOR, 17.7, 25.5, 8839.8, 3.4, 0, 0, 27, 600, 503, 15734, 4.4, 1134.4, 9549.8
2, 129703, 06/01/2019 22:40:08, FP_DM_PRIOR, 8.4, 12.9, 2919.4, 0.7, 0, 0, 3, 52, 56, 4317, 3.8, 332.8, 9782.8
2, 129704, 06/01/2019 23:00:13, FP_DM_PRIOR, 9.6, 16.6, 2648.8, 1.7, 0, 0, 138, 3368, 3309, 13635, 5.3, 1741, 11796.7
2, 129705, 06/01/2019 23:20:04, FP_DM_PRIOR, 4.7, 7.9, 1208.8, 1.1, 0, 0, 5, 124, 154, 1378, 2.1, 651.6, 6677.4
2, 129706, 06/01/2019 23:40:04, FP_DM_PRIOR, 9.1, 14.6, 2514.1, 2.1, 0, 0, 127, 3120, 3185, 13618, 3.4, 1620.1, 7976.8
2, 129635, 06/01/2019 00:00:01, HDP_UNLOAD_GROUP, 10, 18, 7799.9, 7.9, 0, 0, 1, 16, 0, 34830, 0.1, 1639.2, 31.4
2, 129636, 06/01/2019 00:20:07, HDP_UNLOAD_GROUP, 8.4, 41, 13061.5, 31.8, 0, 0, 8, 88, 412, 32685, 0.8, 8269.9, 38.6
2, 129637, 06/01/2019 00:40:20, HDP_UNLOAD_GROUP, 10, 45.3, 9454.7, 33.8, 0, 0, 21, 216, 193, 49378, 1.5, 10765.8, 62.3
2, 129638, 06/01/2019 01:00:11, HDP_UNLOAD_GROUP, 10.1, 40.5, 8822.9, 27.7, 0, 0, 64, 528, 994, 28688, 2.7, 886.7, 216.8
2, 129639, 06/01/2019 01:20:10, HDP_UNLOAD_GROUP, 10, 33.7, 8618.9, 20.7, 0, 0, 28, 304, 569, 20509, 3, 597.6, 319.1
2, 129640, 06/01/2019 01:40:15, HDP_UNLOAD_GROUP, 10.1, 42.5, 9033.1, 27, 0, 0, 1, 16, 0, 22069, 5.4, 483.1, 449.1
2, 129641, 06/01/2019 02:00:02, HDP_UNLOAD_GROUP, 10, 33.4, 8987.7, 16, 0, 0, 3, 40, 12, 15732, 7.4, 549.7, 986.6
2, 129642, 06/01/2019 02:20:03, HDP_UNLOAD_GROUP, 9.8, 31.5, 10207.1, 13.1, 0, 0, 2, 16, 16, 14101, 8.6, 551, 1419.8
2, 129643, 06/01/2019 02:40:12, HDP_UNLOAD_GROUP, 9.4, 23.5, 8601.3, 8.6, 0, 0, 17, 148, 245, 10859, 5.5, 590.5, 1008.2
2, 129644, 06/01/2019 03:00:22, HDP_UNLOAD_GROUP, 6.6, 11.2, 11619.8, 3.5, 0, 0, 39, 312, 543, 4354, 1.1, 404.3, 252.1
2, 129645, 06/01/2019 03:20:05, HDP_UNLOAD_GROUP, 4.9, 5.1, 7456.6, 0, 0, 0, 48, 476, 804, 2334, 0.2, 231.9, 309.6
2, 129646, 06/01/2019 03:40:01, HDP_UNLOAD_GROUP, 5.6, 6.4, 7929.5, 0.8, 0, 0, 26, 264, 444, 2715, 0, 254.9, 12.6
2, 129647, 06/01/2019 04:00:04, HDP_UNLOAD_GROUP, 4.9, 5.7, 7080.8, 0.8, 0, 0, 0, 0, 0, 1486, 0, 165.3, 0
2, 129648, 06/01/2019 04:20:10, HDP_UNLOAD_GROUP, 3.9, 5.5, 7689.7, 1.6, 0, 0, 8, 64, 99, 1047, 0, 121.1, 0.2
2, 129649, 06/01/2019 04:40:16, HDP_UNLOAD_GROUP, 3.2, 3.7, 8028.6, 0.5, 0, 0, 0, 0, 0, 870, 0, 29.3, 0
2, 129650, 06/01/2019 05:00:22, HDP_UNLOAD_GROUP, 3.1, 3.5, 7717.8, 0.4, 0, 0, 0, 0, 0, 1012, 0, 27, 0
2, 129651, 06/01/2019 05:20:18, HDP_UNLOAD_GROUP, 3.1, 3.3, 5102.9, 0.2, 0, 0, 0, 0, 16, 941, 0, 36.6, 10.5
2, 129652, 06/01/2019 05:40:00, HDP_UNLOAD_GROUP, 0.4, 0.4, 270.8, 0, 0, 0, 1, 16, 2, 75, 0, 7.9, 0
2, 129701, 06/01/2019 22:00:01, HDP_UNLOAD_GROUP, 0, 0, 0, 0, 0, 0, 0, 0, 1, 0, 0, 0, 0
2, 129635, 06/01/2019 00:00:01, ODS2EXA_GROUP, 0, 0.8, 21.6, 0.8, 0, 0, 0, 0, 0, 2, 0, 78.9, 0
2, 129636, 06/01/2019 00:20:07, ODS2EXA_GROUP, 0, 0.9, 24.8, 0.9, 0, 0, 0, 0, 0, 5, 0, 82.5, 0
2, 129637, 06/01/2019 00:40:20, ODS2EXA_GROUP, 0, 0.7, 20.1, 0.7, 0, 0, 0, 0, 0, 1, 0, 67, 0
2, 129638, 06/01/2019 01:00:11, ODS2EXA_GROUP, 0, 0.8, 21.2, 0.8, 0, 0, 0, 0, 0, 3, 0, 56.4, 0
2, 129639, 06/01/2019 01:20:10, ODS2EXA_GROUP, 0, 0.8, 21.2, 0.8, 0, 0, 0, 0, 0, 3, 0, 75.9, 0
2, 129640, 06/01/2019 01:40:15, ODS2EXA_GROUP, 0, 0.8, 21.1, 0.8, 0, 0, 0, 0, 0, 1, 0, 65.1, 0
2, 129641, 06/01/2019 02:00:02, ODS2EXA_GROUP, 0, 0.8, 21.7, 0.8, 0, 0, 0, 0, 0, 2, 0, 74.2, 0
2, 129642, 06/01/2019 02:20:03, ODS2EXA_GROUP, 0, 0.8, 21.7, 0.8, 0, 0, 0, 0, 0, 1, 0, 69, 0
2, 129643, 06/01/2019 02:40:12, ODS2EXA_GROUP, 0, 0.8, 21.7, 0.8, 0, 0, 0, 0, 0, 3, 0, 69, 0
2, 129644, 06/01/2019 03:00:22, ODS2EXA_GROUP, 0, 0.8, 22.2, 0.8, 0, 0, 0, 0, 0, 6, 0, 69.2, 0
2, 129645, 06/01/2019 03:20:05, ODS2EXA_GROUP, 0, 0.7, 19.8, 0.7, 0, 0, 0, 0, 0, 3, 0, 78.4, 0
2, 129646, 06/01/2019 03:40:01, ODS2EXA_GROUP, 0, 0.8, 22.5, 0.8, 0, 0, 0, 0, 0, 5, 0, 80.5, 0
2, 129647, 06/01/2019 04:00:04, ODS2EXA_GROUP, 0, 0.7, 20.5, 0.7, 0, 0, 0, 0, 0, 2, 0, 108.1, 0
2, 129648, 06/01/2019 04:20:10, ODS2EXA_GROUP, 0, 0.8, 21.6, 0.8, 0, 0, 0, 0, 0, 6, 0, 87.8, 0
2, 129649, 06/01/2019 04:40:16, ODS2EXA_GROUP, 0, 0.8, 22.6, 0.8, 0, 0, 0, 0, 0, 1, 0, 89.5, 0
2, 129650, 06/01/2019 05:00:22, ODS2EXA_GROUP, 0, 0.8, 21.3, 0.8, 0, 0, 0, 0, 0, 3, 0, 76.2, 0
2, 129651, 06/01/2019 05:20:18, ODS2EXA_GROUP, 0, 0.8, 22.2, 0.8, 0, 0, 0, 0, 0, 2, 0, 68.4, 0
2, 129652, 06/01/2019 05:40:00, ODS2EXA_GROUP, 0, 0.8, 21.4, 0.8, 0, 0, 0, 0, 0, 1, 0, 79, 0
2, 129653, 06/01/2019 06:00:10, ODS2EXA_GROUP, 0, 0.8, 22.1, 0.8, 0, 0, 0, 0, 0, 4, 0, 48.2, 0
2, 129654, 06/01/2019 06:20:01, ODS2EXA_GROUP, 0, 0.8, 21.5, 0.8, 0, 0, 0, 0, 0, 1, 0, 49.3, 0
2, 129655, 06/01/2019 06:40:02, ODS2EXA_GROUP, 0, 0.8, 20.9, 0.8, 0, 0, 0, 0, 0, 0, 0, 45.7, 0
2, 129686, 06/01/2019 17:00:17, ODS2EXA_GROUP, 0, 0.8, 21.6, 0.8, 0, 0, 0, 0, 0, 3, 0, 106.4, 0
2, 129687, 06/01/2019 17:20:08, ODS2EXA_GROUP, 0, 0.8, 21.6, 0.8, 0, 0, 0, 0, 0, 0, 0, 107.2, 0
2, 129688, 06/01/2019 17:40:01, ODS2EXA_GROUP, 0, 0.8, 21.6, 0.8, 0, 0, 0, 0, 0, 3, 0, 91.9, 0
2, 129689, 06/01/2019 18:00:06, ODS2EXA_GROUP, 0, 0.8, 21.5, 0.8, 0, 0, 0, 0, 0, 1, 0, 92, 0
2, 129690, 06/01/2019 18:20:11, ODS2EXA_GROUP, 0, 0.8, 21.6, 0.8, 0, 0, 0, 0, 0, 1, 0, 86.5, 0
2, 129691, 06/01/2019 18:40:16, ODS2EXA_GROUP, 0, 0.8, 21.6, 0.8, 0, 0, 0, 0, 0, 2, 0, 118.2, 0
2, 129692, 06/01/2019 19:00:17, ODS2EXA_GROUP, 0, 0.8, 21.6, 0.8, 0, 0, 0, 0, 0, 2, 0, 127.6, 0
2, 129693, 06/01/2019 19:20:07, ODS2EXA_GROUP, 0, 0.8, 21.5, 0.8, 0, 0, 0, 0, 0, 1, 0, 113.8, 0
2, 129694, 06/01/2019 19:40:12, ODS2EXA_GROUP, 0, 0.8, 21.6, 0.8, 0, 0, 0, 0, 0, 3, 0, 139.8, 0
2, 129695, 06/01/2019 20:00:09, ODS2EXA_GROUP, 0, 0.8, 21.6, 0.8, 0, 0, 0, 0, 0, 4, 0, 134.6, 0
2, 129696, 06/01/2019 20:20:19, ODS2EXA_GROUP, 0, 0.8, 21.4, 0.8, 0, 0, 0, 0, 0, 1, 0, 126.6, 0
2, 129697, 06/01/2019 20:40:25, ODS2EXA_GROUP, 0, 0.8, 21.6, 0.8, 0, 0, 0, 0, 0, 2, 0, 152.6, 0
2, 129698, 06/01/2019 21:00:02, ODS2EXA_GROUP, 0, 0.8, 21.7, 0.8, 0, 0, 0, 0, 0, 2, 0, 120.1, 0
2, 129699, 06/01/2019 21:20:05, ODS2EXA_GROUP, 0, 0.8, 21.6, 0.8, 0, 0, 0, 0, 0, 1, 0, 124.6, 0
2, 129700, 06/01/2019 21:40:15, ODS2EXA_GROUP, 0, 0.8, 21.5, 0.8, 0, 0, 0, 0, 0, 0, 0, 100.4, 0
2, 129701, 06/01/2019 22:00:01, ODS2EXA_GROUP, 0, 0.8, 22.9, 0.8, 0, 0, 0, 0, 0, 2, 0, 114.8, 0
2, 129702, 06/01/2019 22:20:01, ODS2EXA_GROUP, 0, 0.7, 20.3, 0.7, 0, 0, 0, 0, 0, 2, 0, 77.1, 0
2, 129703, 06/01/2019 22:40:08, ODS2EXA_GROUP, 0, 0.8, 21.4, 0.8, 0, 0, 0, 0, 0, 1, 0, 99.6, 0
2, 129704, 06/01/2019 23:00:13, ODS2EXA_GROUP, 0, 0.8, 23.3, 0.8, 0, 0, 0, 0, 0, 1, 0, 92.4, 0
2, 129705, 06/01/2019 23:20:04, ODS2EXA_GROUP, 0, 0.8, 21.8, 0.8, 0, 0, 0, 0, 0, 2, 0, 102.1, 0
2, 129706, 06/01/2019 23:40:04, ODS2EXA_GROUP, 0, 0.7, 19.6, 0.7, 0, 0, 0, 0, 0, 3, 0, 106.7, 0
2, 129635, 06/01/2019 00:00:01, ODS_SUPPORT_GROUP, 0, 0, 0.4, 0, 0, 0, 0, 0, 36, 0, 0, 0, 0
2, 129636, 06/01/2019 00:20:07, ODS_SUPPORT_GROUP, 0, 0, 1.9, 0, 0, 0, 0, 0, 37, 8, 0, 0, 0
2, 129637, 06/01/2019 00:40:20, ODS_SUPPORT_GROUP, 0, 0, 0, 0, 0, 0, 0, 0, 36, 2, 0, 0, 0
2, 129639, 06/01/2019 01:20:10, ODS_SUPPORT_GROUP, 0, 0, 1.7, 0, 0, 0, 0, 0, 38, 14, 0, 0, 0
2, 129641, 06/01/2019 02:00:02, ODS_SUPPORT_GROUP, 0, 0, 0, 0, 0, 0, 0, 0, 36, 0, 0, 0, 0
2, 129643, 06/01/2019 02:40:12, ODS_SUPPORT_GROUP, 0.3, 0.3, 10.8, 0, 0, 0, 6, 108, 147, 136, 0, 6.8, 13.5
2, 129644, 06/01/2019 03:00:22, ODS_SUPPORT_GROUP, 1.4, 5.9, 124.6, 4.4, 0, 0, 7, 69, 185, 2614, 0.1, 1235.4, 4.4
2, 129645, 06/01/2019 03:20:05, ODS_SUPPORT_GROUP, 1.9, 5.6, 101.3, 3.7, 0, 0, 9, 145, 114, 2950, 0, 1447.1, 17.7
2, 129646, 06/01/2019 03:40:01, ODS_SUPPORT_GROUP, 1.8, 3.8, 96.1, 2, 5, 0.1, 10, 112, 152, 4538, 0, 1205.1, 6.2
2, 129647, 06/01/2019 04:00:04, ODS_SUPPORT_GROUP, 0.1, 0.1, 8.6, 0, 0, 0, 0, 0, 39, 24, 0, 4, 4.6
2, 129648, 06/01/2019 04:20:10, ODS_SUPPORT_GROUP, 0.1, 0.1, 8.7, 0, 0, 0, 0, 0, 37, 11, 0, 2.8, 3.3
2, 129649, 06/01/2019 04:40:16, ODS_SUPPORT_GROUP, 0.3, 0.5, 12.7, 0.2, 0, 0, 3, 10, 79, 131, 0, 43.4, 12.7
2, 129650, 06/01/2019 05:00:22, ODS_SUPPORT_GROUP, 0.5, 1, 65.7, 0.4, 0, 0, 2, 36, 46, 142, 0.1, 187.9, 38.9
2, 129651, 06/01/2019 05:20:18, ODS_SUPPORT_GROUP, 0.5, 0.5, 14.7, 0, 0, 0, 4, 16, 48, 56, 0, 149.8, 1.3
2, 129652, 06/01/2019 05:40:00, ODS_SUPPORT_GROUP, 0.1, 0.1, 1.4, 0, 0, 0, 1, 4, 40, 26, 0, 19, 0
2, 129653, 06/01/2019 06:00:10, ODS_SUPPORT_GROUP, 0, 0, 0.1, 0, 0, 0, 1, 16, 52, 23, 0, 20.1, 2.3
2, 129654, 06/01/2019 06:20:01, ODS_SUPPORT_GROUP, 0, 0, 0, 0, 0, 0, 0, 0, 36, 2, 0, 0, 0
2, 129655, 06/01/2019 06:40:02, ODS_SUPPORT_GROUP, 0, 0, 0.4, 0, 0, 0, 0, 0, 30, 0, 0, 0, 0
2, 129690, 06/01/2019 18:20:11, ODS_SUPPORT_GROUP, 0, 0, 0, 0, 0, 0, 0, 0, 34, 0, 0, 0, 0
2, 129635, 06/01/2019 00:00:01, OTHER_GROUPS, 16.8, 35.3, 6218.9, 15.1, 0, 0, 0, 0, 581, 15557, 3.4, 29.5, 1276
2, 129636, 06/01/2019 00:20:07, OTHER_GROUPS, 22.6, 73.9, 9378.8, 43.6, 0, 0, 0, 0, 669, 26032, 7.7, 50.7, 1798.2
2, 129637, 06/01/2019 00:40:20, OTHER_GROUPS, 29.3, 80.3, 7097.5, 44, 0, 0, 0, 0, 724, 24480, 7, 81.6, 3595.2
2, 129638, 06/01/2019 01:00:11, OTHER_GROUPS, 33.1, 74.4, 7257, 36.8, 0, 0, 0, 0, 1192, 28554, 4.5, 94.6, 3621.1
2, 129639, 06/01/2019 01:20:10, OTHER_GROUPS, 24.8, 64.5, 6852.7, 36.8, 0, 0, 0, 0, 1378, 22318, 2.9, 73.3, 4096.4
2, 129640, 06/01/2019 01:40:15, OTHER_GROUPS, 23, 47.5, 6098.4, 22.1, 0, 0, 0, 0, 1510, 19442, 2.4, 49.6, 3154.1
2, 129641, 06/01/2019 02:00:02, OTHER_GROUPS, 23.8, 59.4, 7436.4, 34.1, 0, 0, 2, 32, 1637, 23396, 1.5, 214.7, 1254.5
2, 129642, 06/01/2019 02:20:03, OTHER_GROUPS, 25.7, 49.4, 6251, 22.9, 0, 0, 0, 0, 629, 28487, 0.8, 38.6, 822.2
2, 129643, 06/01/2019 02:40:12, OTHER_GROUPS, 25.4, 47.3, 6415.8, 21, 0, 0, 0, 0, 605, 30546, 0.9, 30.7, 836.8
2, 129644, 06/01/2019 03:00:22, OTHER_GROUPS, 25, 57.3, 7309.8, 31.1, 0, 0, 0, 0, 552, 28889, 1.2, 31.2, 830.3
2, 129645, 06/01/2019 03:20:05, OTHER_GROUPS, 20.6, 40.7, 6414.8, 19.2, 0, 0, 0, 0, 679, 20300, 0.9, 18.2, 754.5
2, 129646, 06/01/2019 03:40:01, OTHER_GROUPS, 22.4, 47.5, 6873.9, 24.4, 0, 0, 0, 0, 699, 23440, 0.7, 30.4, 743.3
2, 129647, 06/01/2019 04:00:04, OTHER_GROUPS, 18, 46.5, 5602.3, 26.1, 0, 0, 0, 0, 2250, 18113, 2.4, 28.4, 1003.3
2, 129648, 06/01/2019 04:20:10, OTHER_GROUPS, 19.3, 45.8, 6449.8, 23.5, 0, 0, 0, 0, 766, 20170, 3, 18.6, 846.7
2, 129649, 06/01/2019 04:40:16, OTHER_GROUPS, 20.3, 44.7, 49426.4, 23, 0, 0, 0, 0, 1192, 19202, 1.4, 74.3, 1011.9
2, 129650, 06/01/2019 05:00:22, OTHER_GROUPS, 26.9, 53.5, 47548, 21.5, 0, 0, 0, 0, 3073, 20298, 5.1, 355.2, 947.1
2, 129651, 06/01/2019 05:20:18, OTHER_GROUPS, 27.2, 52.7, 49154.6, 21.2, 0, 0, 0, 0, 3069, 22397, 4.3, 346.9, 900.9
2, 129652, 06/01/2019 05:40:00, OTHER_GROUPS, 26.7, 46.7, 47538.6, 15.8, 0, 0, 0, 0, 2482, 21208, 4.2, 380.3, 835.6
2, 129653, 06/01/2019 06:00:10, OTHER_GROUPS, 25.4, 53.7, 41390.8, 23.9, 0, 0, 0, 0, 826, 25823, 4.4, 274.9, 720.5
2, 129654, 06/01/2019 06:20:01, OTHER_GROUPS, 17.9, 53.1, 13396.6, 33, 0, 0, 0, 0, 677, 17662, 2.2, 52.6, 721.4
2, 129655, 06/01/2019 06:40:02, OTHER_GROUPS, 20.8, 48.6, 8384.6, 26.2, 0, 0, 0, 0, 2273, 23362, 1.6, 24.4, 900.1
2, 129656, 06/01/2019 07:00:14, OTHER_GROUPS, 80.5, 157.8, 55858.6, 68.2, 1, 0, 27, 632, 5277, 105993, 9.1, 2140.2, 14080.8
2, 129657, 06/01/2019 07:20:07, OTHER_GROUPS, 27.2, 46.6, 10564.7, 16.1, 0, 0, 1, 32, 596, 31546, 3.3, 389.7, 6045.3
2, 129658, 06/01/2019 07:40:18, OTHER_GROUPS, 36.8, 77.4, 18316.5, 37.5, 2, 0, 67, 1606, 2584, 41549, 3.1, 1459.8, 6640.4
2, 129659, 06/01/2019 08:00:36, OTHER_GROUPS, 31.8, 62.9, 13379.9, 26.1, 1, 0, 70, 1802, 2631, 39937, 5, 1515.3, 6350.2
2, 129660, 06/01/2019 08:20:12, OTHER_GROUPS, 32.9, 64.8, 11644.9, 28.7, 0, 0, 1, 4, 776, 41794, 3.2, 465.5, 6503.5
2, 129661, 06/01/2019 08:40:05, OTHER_GROUPS, 38.3, 81.2, 16148.3, 37.3, 0, 0, 125, 3027, 3615, 62526, 5.6, 4240, 12349.2
2, 129662, 06/01/2019 09:00:04, OTHER_GROUPS, 32, 62.3, 9314.3, 22.5, 0, 0, 5, 72, 942, 50890, 7.8, 4684.4, 14463.7
2, 129663, 06/01/2019 09:20:08, OTHER_GROUPS, 29.8, 60.4, 13776.8, 26, 0, 0, 1, 16, 1010, 44261, 4.6, 627.5, 12607.2
2, 129664, 06/01/2019 09:40:13, OTHER_GROUPS, 27.2, 55.8, 9877.6, 26.1, 0, 0, 43, 1204, 2203, 36064, 2.5, 734.6, 7759.4
2, 129665, 06/01/2019 10:00:02, OTHER_GROUPS, 35, 58, 9603.4, 18.3, 0, 0, 22, 672, 1577, 47584, 4.7, 1650.3, 8547.2
2, 129666, 06/01/2019 10:20:04, OTHER_GROUPS, 24, 46, 6033.8, 20.6, 0, 0, 3, 80, 841, 23171, 1.4, 374, 2196.8
2, 129667, 06/01/2019 10:40:13, OTHER_GROUPS, 26, 51.4, 5466.6, 23.1, 0, 0, 14, 336, 1241, 28235, 2.3, 1594.1, 5415.8
2, 129668, 06/01/2019 11:00:20, OTHER_GROUPS, 27.8, 55.4, 6479.8, 25.2, 0, 0, 21, 504, 1302, 32991, 2.4, 1057.3, 3379.4
2, 129669, 06/01/2019 11:20:33, OTHER_GROUPS, 19.8, 39.8, 4051.2, 18.5, 0, 0, 0, 0, 859, 21050, 1.5, 329, 3413.6
2, 129670, 06/01/2019 11:40:03, OTHER_GROUPS, 25.1, 40.4, 3480.8, 13.9, 0, 0, 6, 72, 900, 26745, 1.4, 291.4, 2229.1
2, 129671, 06/01/2019 12:00:05, OTHER_GROUPS, 35.3, 63.3, 7673.1, 24.4, 0, 0, 49, 1236, 2289, 44219, 3.6, 1484.1, 6742.3
2, 129672, 06/01/2019 12:20:30, OTHER_GROUPS, 24.6, 40, 3427.2, 14, 0, 0, 1, 16, 792, 25365, 1.4, 353.8, 1814.6
2, 129673, 06/01/2019 12:40:08, OTHER_GROUPS, 32.4, 52.7, 5071.7, 17.2, 0, 0, 119, 2904, 3491, 38706, 3.1, 2016.9, 7064.8
2, 129674, 06/01/2019 13:00:01, OTHER_GROUPS, 30.9, 51.4, 6247.3, 18.4, 0, 0, 6, 160, 974, 34527, 2.1, 511.7, 2913.3
2, 129675, 06/01/2019 13:20:03, OTHER_GROUPS, 28.2, 49.1, 5116.6, 18.5, 0, 0, 135, 3320, 4130, 32456, 2.4, 1991.9, 5372.6
2, 129676, 06/01/2019 13:40:07, OTHER_GROUPS, 25.8, 44.1, 3980.6, 16.3, 0, 0, 123, 2968, 3931, 29084, 2, 1744.8, 2989.9
2, 129677, 06/01/2019 14:00:11, OTHER_GROUPS, 25.4, 39.9, 4418.8, 12.2, 0, 0, 1, 32, 891, 27922, 2.3, 525, 4293.5
2, 129678, 06/01/2019 14:20:09, OTHER_GROUPS, 25.5, 34.8, 3824.2, 7.5, 0, 0, 73, 1912, 2617, 27545, 1.8, 1377.5, 3831.3
2, 129679, 06/01/2019 14:40:19, OTHER_GROUPS, 20.9, 29.9, 4317.6, 8, 0, 0, 1, 16, 823, 18755, 1, 363, 2454.2
2, 129680, 06/01/2019 15:00:23, OTHER_GROUPS, 20.6, 28.5, 3979.9, 6.8, 0, 0, 92, 2272, 2890, 18607, 1.1, 1957.3, 1689.6
2, 129681, 06/01/2019 15:20:10, OTHER_GROUPS, 18.7, 24.3, 3575.6, 4.1, 0, 0, 100, 2352, 2933, 17507, 1.5, 1988.8, 3084.5
2, 129682, 06/01/2019 15:40:18, OTHER_GROUPS, 18.7, 21.7, 3290, 1.7, 0, 0, 45, 712, 2267, 14944, 1.3, 630.9, 2762.3
2, 129683, 06/01/2019 16:00:29, OTHER_GROUPS, 55.4, 58.9, 30171.5, 0, 0, 0, 236, 6051, 17530, 77960, 3.5, 13614.7, 3485.1
2, 129684, 06/01/2019 16:20:04, OTHER_GROUPS, 46.6, 52.4, 34903.1, 3.3, 0, 0, 75, 2140, 215956, 56352, 2.5, 13084.6, 3733.8
2, 129685, 06/01/2019 16:40:11, OTHER_GROUPS, 29.8, 31.3, 14581, 0.8, 0, 0, 6, 120, 283902, 21458, 0.7, 3978.1, 1087.3
2, 129686, 06/01/2019 17:00:17, OTHER_GROUPS, 22, 23.3, 6514.9, 0, 0, 0, 0, 0, 577, 16889, 1.3, 1426.8, 1333.3
2, 129687, 06/01/2019 17:20:08, OTHER_GROUPS, 25.3, 26.6, 6379.8, 0, 0, 0, 0, 0, 659, 17439, 1.3, 314.3, 1817.6
2, 129688, 06/01/2019 17:40:01, OTHER_GROUPS, 23.8, 24.9, 6079, 0, 0, 0, 1, 14, 716, 17324, 1.1, 290.8, 1195.5
2, 129689, 06/01/2019 18:00:06, OTHER_GROUPS, 22.2, 23.5, 6492.2, 0, 0, 0, 0, 0, 647, 17488, 1.3, 203.1, 1406.6
2, 129690, 06/01/2019 18:20:11, OTHER_GROUPS, 23.4, 24.4, 6640.1, 0, 0, 0, 0, 0, 695, 21263, 1, 200.6, 1231.7
2, 129691, 06/01/2019 18:40:16, OTHER_GROUPS, 17.4, 18.4, 6133.9, 0, 0, 0, 0, 0, 684, 14902, 1, 111.7, 1143.5
2, 129692, 06/01/2019 19:00:17, OTHER_GROUPS, 12, 16.7, 6058.6, 3.4, 0, 0, 0, 0, 569, 10471, 1.3, 21.1, 1174.5
2, 129693, 06/01/2019 19:20:07, OTHER_GROUPS, 10.9, 16.2, 6578.4, 4.1, 0, 0, 0, 0, 616, 7863, 1.2, 36.6, 1587.7
2, 129694, 06/01/2019 19:40:12, OTHER_GROUPS, 6.8, 11.4, 5909.1, 3.7, 0, 0, 0, 0, 596, 4196, 0.9, 35.5, 1457.7
2, 129695, 06/01/2019 20:00:09, OTHER_GROUPS, 7.7, 16.2, 7802.6, 7.7, 0, 0, 0, 0, 570, 4053, 0.8, 31.5, 918.2
2, 129696, 06/01/2019 20:20:19, OTHER_GROUPS, 5.4, 12, 6685.9, 6, 0, 0, 0, 0, 602, 3049, 0.6, 32.5, 1038.1
2, 129697, 06/01/2019 20:40:25, OTHER_GROUPS, 4.2, 8.5, 5784.9, 3.7, 0, 0, 0, 0, 587, 2108, 0.6, 17.4, 690.4
2, 129698, 06/01/2019 21:00:02, OTHER_GROUPS, 4.9, 11.4, 6870.2, 5.2, 0, 0, 0, 0, 551, 3418, 1.3, 18.9, 905.6
2, 129699, 06/01/2019 21:20:05, OTHER_GROUPS, 7.8, 15.1, 6626.1, 6.1, 0, 0, 0, 0, 615, 6036, 1.2, 31.3, 931.9
2, 129700, 06/01/2019 21:40:15, OTHER_GROUPS, 6.6, 12.6, 5942.2, 5.1, 0, 0, 0, 0, 574, 4208, 0.9, 16.7, 537.4
2, 129701, 06/01/2019 22:00:01, OTHER_GROUPS, 10.3, 22.6, 22008.2, 9, 0, 0, 0, 0, 561, 6675, 3.3, 485.8, 1757.8
2, 129702, 06/01/2019 22:20:01, OTHER_GROUPS, 16.9, 23.2, 16614.8, 3.4, 0, 0, 0, 0, 696, 13427, 2.9, 1057.5, 1310.4
2, 129703, 06/01/2019 22:40:08, OTHER_GROUPS, 17.8, 24.3, 17307.9, 3.1, 0, 0, 0, 0, 675, 16725, 3.4, 1046.7, 1327.3
2, 129704, 06/01/2019 23:00:13, OTHER_GROUPS, 18.9, 32.3, 21124, 9.4, 0, 0, 0, 0, 643, 18925, 4, 1014.5, 2803.9
2, 129705, 06/01/2019 23:20:04, OTHER_GROUPS, 21.2, 32.7, 18891.9, 8.6, 0, 0, 0, 0, 584, 25929, 2.9, 1105.9, 4015.1
2, 129706, 06/01/2019 23:40:04, OTHER_GROUPS, 17.6, 26.3, 16970, 6.7, 0, 0, 0, 0, 601, 17310, 2, 1063.2, 893.5
3, 129636, 06/01/2019 00:20:07, ADW_UNLOAD_GROUP, 0, 0, 0, 0, 0, 0, 0, 0, 44, 0, 0, 0, 0
3, 129640, 06/01/2019 01:40:15, ADW_UNLOAD_GROUP, 0, 0, 0, 0, 0, 0, 0, 0, 44, 0, 0, 0, 0
3, 129641, 06/01/2019 02:00:02, ADW_UNLOAD_GROUP, 0, 0, None, 0, 0, 0, 0, 0, 44, 0, 0, 0, 0
3, 129642, 06/01/2019 02:20:03, ADW_UNLOAD_GROUP, 0, 0, 0, 0, 0, 0, 0, 0, 44, 0, 0, 0, 0
3, 129645, 06/01/2019 03:20:05, ADW_UNLOAD_GROUP, 0, 0, 0, 0, 0, 0, 0, 0, 44, 0, 0, 0, 0
3, 129647, 06/01/2019 04:00:05, ADW_UNLOAD_GROUP, 0, 0, 0, 0, 0, 0, 0, 0, 44, 1, 0, 0, 0
3, 129648, 06/01/2019 04:20:10, ADW_UNLOAD_GROUP, 0, 0, 0, 0, 0, 0, 0, 0, 44, 0, 0, 0, 0
3, 129649, 06/01/2019 04:40:17, ADW_UNLOAD_GROUP, 0, 0, 0, 0, 0, 0, 0, 0, 44, 1, 0, 0, 0
3, 129650, 06/01/2019 05:00:23, ADW_UNLOAD_GROUP, 0, 0, 0, 0, 0, 0, 0, 0, 44, 0, 0, 0, 0
3, 129651, 06/01/2019 05:20:18, ADW_UNLOAD_GROUP, 0, 0, 0, 0, 0, 0, 0, 0, 44, 0, 0, 0, 0
3, 129652, 06/01/2019 05:40:00, ADW_UNLOAD_GROUP, 0, 0, 0, 0, 0, 0, 0, 0, 44, 0, 0, 0, 0
3, 129653, 06/01/2019 06:00:10, ADW_UNLOAD_GROUP, 0, 0, 0, 0, 0, 0, 0, 0, 44, 0, 0, 0, 0
3, 129655, 06/01/2019 06:40:02, ADW_UNLOAD_GROUP, 0, 0, 0, 0, 0, 0, 0, 0, 44, 1, 0, 0, 0
3, 129689, 06/01/2019 18:00:06, ADW_UNLOAD_GROUP, 0, 0, 0, 0, 0, 0, 0, 0, 44, 0, 0, 0, 0
3, 129692, 06/01/2019 19:00:18, ADW_UNLOAD_GROUP, 0.3, 1, 204.5, 0.3, 0, 0, 2, 34, 118, 33, 0.4, 155.7, 413.1
3, 129696, 06/01/2019 20:20:19, ADW_UNLOAD_GROUP, 0, 0, 0, 0, 0, 0, 0, 0, 39, 0, 0, 0, 0
3, 129698, 06/01/2019 21:00:02, ADW_UNLOAD_GROUP, 0, 0, 0, 0, 0, 0, 0, 0, 44, 0, 0, 0, 0
3, 129699, 06/01/2019 21:20:05, ADW_UNLOAD_GROUP, 0, 0, 0, 0, 0, 0, 0, 0, 44, 0, 0, 0, 0
3, 129701, 06/01/2019 22:00:01, ADW_UNLOAD_GROUP, 0, 1.3, 69.3, 1.3, 0, 0, 0, 0, 44, 0, 0, 0, 0
3, 129702, 06/01/2019 22:20:01, ADW_UNLOAD_GROUP, 0, 0, 9, 0, 0, 0, 0, 0, 44, 0, 0, 0, 0
3, 129635, 06/01/2019 00:00:01, DM_TECH_GROUP, 0.4, 0.7, 43.3, 0.2, 0, 0, 1, 16, 17, 25, 0.1, 100.9, 270
3, 129636, 06/01/2019 00:20:07, DM_TECH_GROUP, 3.6, 15.4, 8883.6, 10.7, 6, 0.4, 11, 204, 485, 1588, 1.1, 671.8, 3536.6
3, 129637, 06/01/2019 00:40:20, DM_TECH_GROUP, 4, 20.2, 41925.2, 15.3, 1, 0, 6, 92, 84, 1431, 0.9, 558.5, 3952.2
3, 129638, 06/01/2019 01:00:07, DM_TECH_GROUP, 10.7, 18.1, 32538, 5.3, 0, 0, 102, 1608, 1868, 5291, 2.1, 958.9, 4290.5
3, 129639, 06/01/2019 01:20:10, DM_TECH_GROUP, 4.6, 8.2, 22795.7, 3.2, 0, 0, 19, 254, 255, 1338, 0.4, 284, 2485.2
3, 129640, 06/01/2019 01:40:15, DM_TECH_GROUP, 2, 4.6, 2546.6, 2.3, 0, 0, 9, 126, 115, 419, 0.3, 332, 5846.2
3, 129641, 06/01/2019 02:00:02, DM_TECH_GROUP, 2.8, 5.2, 2565.3, 1.5, 0, 0, 1, 24, 31, 303, 0.9, 197.2, 2836.3
3, 129642, 06/01/2019 02:20:03, DM_TECH_GROUP, 1.3, 3.6, 2053.7, 2.1, 0, 0, 2, 30, 90, 230, 0.2, 227.9, 3095.7
3, 129643, 06/01/2019 02:40:11, DM_TECH_GROUP, 0.5, 0.7, 27.2, 0.1, 0, 0, 2, 24, 9, 23, 0.1, 139.9, 208.8
3, 129644, 06/01/2019 03:00:21, DM_TECH_GROUP, 3.1, 6.2, 4875, 2.5, 0, 0, 5, 73, 174, 1348, 0.6, 355.4, 2510.3
3, 129645, 06/01/2019 03:20:05, DM_TECH_GROUP, 0.7, 1.7, 7301.6, 0.8, 0, 0, 1, 24, 0, 73, 0.2, 160.3, 671.2
3, 129646, 06/01/2019 03:40:01, DM_TECH_GROUP, 0.6, 0.8, 190, 0.1, 0, 0, 0, 0, 0, 37, 0.1, 141.5, 133.2
3, 129647, 06/01/2019 04:00:05, DM_TECH_GROUP, 0.5, 0.8, 72.2, 0.2, 0, 0, 2, 36, 0, 38, 0.1, 74.6, 69.6
3, 129648, 06/01/2019 04:20:10, DM_TECH_GROUP, 0.3, 0.7, 55.1, 0.2, 0, 0, 0, 0, 0, 40, 0.2, 54, 52
3, 129649, 06/01/2019 04:40:17, DM_TECH_GROUP, 0.5, 0.7, 69.2, 0.1, 0, 0, 0, 0, 43, 49, 0.1, 114.7, 111.3
3, 129650, 06/01/2019 05:00:23, DM_TECH_GROUP, 0.4, 0.7, 75.2, 0.2, 0, 0, 0, 0, 0, 18, 0.1, 101.7, 98.2
3, 129651, 06/01/2019 05:20:18, DM_TECH_GROUP, 0.5, 0.6, 1103.9, 0, 0, 0, 0, 0, 0, 34, 0.1, 93.8, 90.6
3, 129652, 06/01/2019 05:40:00, DM_TECH_GROUP, 0.5, 0.7, 820.3, 0.1, 0, 0, 0, 0, 0, 33, 0.1, 103, 99.6
3, 129653, 06/01/2019 06:00:10, DM_TECH_GROUP, 0.5, 0.7, 1718.6, 0.1, 0, 0, 0, 0, 0, 45, 0.1, 74.2, 71.4
3, 129654, 06/01/2019 06:20:01, DM_TECH_GROUP, 2.8, 4.6, 2356, 0.7, 0, 0, 4, 72, 140, 913, 1.1, 335.9, 4180
3, 129655, 06/01/2019 06:40:02, DM_TECH_GROUP, 1, 3.4, 10283.4, 2.2, 0, 0, 3, 48, 2, 133, 0.2, 137.6, 1239.6
3, 129686, 06/01/2019 17:00:17, DM_TECH_GROUP, 0.5, 0.7, 8.2, 0.1, 0, 0, 0, 0, 0, 27, 0.1, 101.5, 315
3, 129687, 06/01/2019 17:20:08, DM_TECH_GROUP, 0.4, 0.5, 7.1, 0, 0, 0, 0, 0, 4, 5, 0.1, 135.1, 309
3, 129688, 06/01/2019 17:40:01, DM_TECH_GROUP, 0.3, 0.4, 5.4, 0, 0, 0, 0, 0, 0, 6, 0.1, 116, 116.5
3, 129689, 06/01/2019 18:00:06, DM_TECH_GROUP, 0.4, 0.7, 172.9, 0, 0, 0, 1, 16, 17, 13, 0.3, 106.2, 302.2
3, 129690, 06/01/2019 18:20:11, DM_TECH_GROUP, 0.3, 0.4, 5.9, 0, 0, 0, 0, 0, 0, 5, 0.1, 114.4, 114.6
3, 129691, 06/01/2019 18:40:16, DM_TECH_GROUP, 0.3, 0.4, 5.4, 0, 0, 0, 0, 0, 55, 4, 0.1, 135.9, 136.3
3, 129692, 06/01/2019 19:00:18, DM_TECH_GROUP, 0.3, 0.4, 5.8, 0, 0, 0, 0, 0, 10, 11, 0.1, 106.2, 109.2
3, 129693, 06/01/2019 19:20:06, DM_TECH_GROUP, 2.9, 6, 3922.2, 2.7, 0, 0, 6, 120, 230, 1397, 0.4, 498.9, 3909.4
3, 129694, 06/01/2019 19:40:12, DM_TECH_GROUP, 0.8, 1.4, 4250.7, 0.4, 0, 0, 6, 96, 33, 92, 0.2, 201.2, 1157
3, 129695, 06/01/2019 20:00:09, DM_TECH_GROUP, 0.3, 0.5, 39.3, 0, 0, 0, 1, 16, 17, 9, 0.2, 131.5, 172.5
3, 129696, 06/01/2019 20:20:19, DM_TECH_GROUP, 0.3, 0.4, 5.7, 0, 0, 0, 0, 0, 0, 1, 0.1, 138.6, 139.1
3, 129697, 06/01/2019 20:40:25, DM_TECH_GROUP, 0.3, 0.4, 5.5, 0, 0, 0, 0, 0, 0, 5, 0.1, 136.9, 137.3
3, 129698, 06/01/2019 21:00:02, DM_TECH_GROUP, 0.4, 0.5, 41.4, 0, 0, 0, 1, 16, 17, 29, 0.1, 95.4, 96.4
3, 129699, 06/01/2019 21:20:05, DM_TECH_GROUP, 0.3, 0.4, 5.6, 0, 0, 0, 0, 0, 0, 19, 0.1, 109.5, 109.9
3, 129700, 06/01/2019 21:40:15, DM_TECH_GROUP, 0.3, 0.4, 5.5, 0, 0, 0, 0, 0, 0, 4, 0.1, 130.2, 130.7
3, 129701, 06/01/2019 22:00:01, DM_TECH_GROUP, 0.3, 0.4, 8.1, 0, 0, 0, 2, 32, 34, 25, 0.1, 94.4, 100
3, 129702, 06/01/2019 22:20:01, DM_TECH_GROUP, 0.3, 0.4, 5.8, 0, 0, 0, 0, 0, 0, 2, 0.1, 113.7, 114.3
3, 129703, 06/01/2019 22:40:08, DM_TECH_GROUP, 0.5, 0.6, 292.6, 0, 0, 0, 2, 22, 86, 4, 0.1, 120.2, 121.5
3, 129704, 06/01/2019 23:00:14, DM_TECH_GROUP, 0.8, 1.1, 1593.1, 0.2, 0, 0, 1, 16, 0, 37, 0.1, 173.5, 112.7
3, 129705, 06/01/2019 23:20:04, DM_TECH_GROUP, 0.7, 1.5, 1279.9, 0.7, 0, 0, 6, 144, 177, 94, 0.1, 172.8, 244.6
3, 129706, 06/01/2019 23:40:04, DM_TECH_GROUP, 0.9, 1, 1230, 0, 0, 0, 1, 12, 66, 75, 0.1, 201.8, 133.5
3, 129635, 06/01/2019 00:00:01, ODS_SUPPORT_GROUP, 0.8, 0.8, 273.5, 0, 0, 0, 0, 0, 16, 84, 0, 0, 0
3, 129636, 06/01/2019 00:20:07, ODS_SUPPORT_GROUP, 0.8, 0.9, 294.4, 0.1, 0, 0, 0, 0, 16, 93, 0, 0, 0
3, 129637, 06/01/2019 00:40:20, ODS_SUPPORT_GROUP, 0.8, 0.8, 239.6, 0, 0, 0, 0, 0, 16, 198, 0, 0, 0
3, 129638, 06/01/2019 01:00:07, ODS_SUPPORT_GROUP, 0.8, 0.8, 250.7, 0, 0, 0, 0, 0, 16, 199, 0, 0, 0
3, 129639, 06/01/2019 01:20:10, ODS_SUPPORT_GROUP, 0.8, 0.8, 263.9, 0, 0, 0, 0, 0, 16, 398, 0, 0, 0
3, 129640, 06/01/2019 01:40:15, ODS_SUPPORT_GROUP, 0.8, 0.8, 265.2, 0, 0, 0, 0, 0, 16, 111, 0, 0, 0
3, 129641, 06/01/2019 02:00:02, ODS_SUPPORT_GROUP, 0.8, 0.8, 263.9, 0, 0, 0, 0, 0, 18, 135, 0, 0, 0.2
3, 129642, 06/01/2019 02:20:03, ODS_SUPPORT_GROUP, 0.8, 0.8, 264.7, 0, 0, 0, 0, 0, 16, 25, 0, 0, 0
3, 129643, 06/01/2019 02:40:11, ODS_SUPPORT_GROUP, 0.8, 0.8, 264.5, 0, 0, 0, 0, 0, 16, 19, 0, 0, 0
3, 129644, 06/01/2019 03:00:21, ODS_SUPPORT_GROUP, 0.8, 0.8, 264.3, 0, 0, 0, 0, 0, 15, 38, 0, 0, 0
3, 129645, 06/01/2019 03:20:05, ODS_SUPPORT_GROUP, 0.8, 0.8, 262.7, 0, 0, 0, 0, 0, 16, 91, 0, 0, 0
3, 129646, 06/01/2019 03:40:01, ODS_SUPPORT_GROUP, 0.8, 0.8, 281.9, 0, 0, 0, 0, 0, 16, 386, 0, 0, 0
3, 129647, 06/01/2019 04:00:05, ODS_SUPPORT_GROUP, 0.8, 0.8, 255.5, 0, 0, 0, 0, 0, 16, 482, 0, 0, 0
3, 129648, 06/01/2019 04:20:10, ODS_SUPPORT_GROUP, 0.8, 0.8, 257.5, 0, 0, 0, 0, 0, 16, 289, 0, 0, 0
3, 129649, 06/01/2019 04:40:17, ODS_SUPPORT_GROUP, 0.8, 0.8, 264.1, 0, 0, 0, 0, 0, 16, 836, 0, 0, 0
3, 129650, 06/01/2019 05:00:23, ODS_SUPPORT_GROUP, 0.8, 0.8, 280.5, 0, 0, 0, 0, 0, 16, 497, 0, 0, 0
3, 129651, 06/01/2019 05:20:18, ODS_SUPPORT_GROUP, 0.8, 0.8, 246.8, 0, 0, 0, 0, 0, 16, 74, 0, 0, 0
3, 129652, 06/01/2019 05:40:00, ODS_SUPPORT_GROUP, 0.8, 0.8, 265.4, 0, 0, 0, 0, 0, 16, 324, 0, 0, 0
3, 129653, 06/01/2019 06:00:10, ODS_SUPPORT_GROUP, 0.8, 0.8, 263.6, 0, 0, 0, 0, 0, 17, 118, 0, 0, 0
3, 129654, 06/01/2019 06:20:01, ODS_SUPPORT_GROUP, 0.8, 0.8, 264.7, 0, 0, 0, 0, 0, 16, 97, 0, 0, 0
3, 129655, 06/01/2019 06:40:02, ODS_SUPPORT_GROUP, 0.8, 0.8, 265.4, 0, 0, 0, 0, 0, 12, 33, 0, 0, 0
3, 129686, 06/01/2019 17:00:17, ODS_SUPPORT_GROUP, 0.8, 0.8, 263.8, 0, 0, 0, 0, 0, 16, 22, 0, 0, 0
3, 129687, 06/01/2019 17:20:08, ODS_SUPPORT_GROUP, 0.8, 0.8, 265.6, 0, 0, 0, 0, 0, 14, 15, 0, 0, 0
3, 129688, 06/01/2019 17:40:01, ODS_SUPPORT_GROUP, 0.8, 0.8, 263.2, 0, 0, 0, 0, 0, 14, 14, 0, 0, 0
3, 129689, 06/01/2019 18:00:06, ODS_SUPPORT_GROUP, 0.8, 0.8, 263.4, 0, 0, 0, 0, 0, 14, 61, 0, 0, 0
3, 129690, 06/01/2019 18:20:11, ODS_SUPPORT_GROUP, 0.8, 0.8, 265.6, 0, 0, 0, 0, 0, 14, 38, 0, 0, 0
3, 129691, 06/01/2019 18:40:16, ODS_SUPPORT_GROUP, 0.8, 0.8, 263.2, 0, 0, 0, 0, 0, 14, 500, 0, 0, 0
3, 129692, 06/01/2019 19:00:18, ODS_SUPPORT_GROUP, 0.8, 0.8, 265.8, 0, 0, 0, 0, 0, 14, 418, 0, 0, 0
3, 129693, 06/01/2019 19:20:06, ODS_SUPPORT_GROUP, 0.8, 0.8, 263.2, 0, 0, 0, 0, 0, 14, 323, 0, 0, 0
3, 129694, 06/01/2019 19:40:12, ODS_SUPPORT_GROUP, 0.8, 0.8, 264.3, 0, 0, 0, 0, 0, 15, 111, 0, 0, 0
3, 129695, 06/01/2019 20:00:09, ODS_SUPPORT_GROUP, 0.8, 0.8, 264.5, 0, 0, 0, 0, 0, 14, 21, 0, 0, 0
3, 129696, 06/01/2019 20:20:19, ODS_SUPPORT_GROUP, 0.7, 0.8, 264.5, 0.1, 0, 0, 0, 0, 14, 83, 0, 0, 0
3, 129697, 06/01/2019 20:40:25, ODS_SUPPORT_GROUP, 0.8, 0.8, 264.5, 0, 0, 0, 0, 0, 15, 52, 0, 0, 0
3, 129698, 06/01/2019 21:00:02, ODS_SUPPORT_GROUP, 0.8, 0.8, 265.2, 0, 0, 0, 0, 0, 16, 124, 0, 0, 0
3, 129699, 06/01/2019 21:20:05, ODS_SUPPORT_GROUP, 0.8, 0.8, 264.7, 0, 0, 0, 0, 0, 14, 496, 0, 0, 0
3, 129700, 06/01/2019 21:40:15, ODS_SUPPORT_GROUP, 0.8, 0.8, 265, 0, 0, 0, 0, 0, 13, 252, 0, 0, 0
3, 129701, 06/01/2019 22:00:01, ODS_SUPPORT_GROUP, 0.8, 0.8, 263.2, 0, 0, 0, 0, 0, 15, 249, 0, 0, 0
3, 129702, 06/01/2019 22:20:01, ODS_SUPPORT_GROUP, 0.8, 0.8, 264.7, 0, 0, 0, 0, 0, 13, 184, 0, 0, 0
3, 129703, 06/01/2019 22:40:08, ODS_SUPPORT_GROUP, 0.8, 0.8, 265.4, 0, 0, 0, 0, 0, 14, 20, 0, 0, 0
3, 129704, 06/01/2019 23:00:14, ODS_SUPPORT_GROUP, 0.8, 0.8, 262.3, 0, 0, 0, 0, 0, 14, 81, 0, 0, 0
3, 129705, 06/01/2019 23:20:04, ODS_SUPPORT_GROUP, 0.8, 0.8, 265, 0, 0, 0, 0, 0, 15, 27, 0, 0, 0
3, 129706, 06/01/2019 23:40:04, ODS_SUPPORT_GROUP, 0.8, 0.8, 264.3, 0, 0, 0, 0, 0, 14, 77, 0, 0, 0
3, 129635, 06/01/2019 00:00:01, OTHER_GROUPS, 1.6, 30.4, 14026.2, 28.8, 0, 0, 16, 64, 1119, 440, 0, 3736.8, 24.8
3, 129636, 06/01/2019 00:20:07, OTHER_GROUPS, 6.9, 84.9, 20514, 77.8, 0, 0, 286, 1852, 3572, 2452, 0.2, 7035.1, 150.9
3, 129637, 06/01/2019 00:40:20, OTHER_GROUPS, 7.8, 51.6, 8802.3, 43.6, 0, 0, 396, 3076, 4164, 3315, 0.2, 4512.8, 262.1
3, 129638, 06/01/2019 01:00:07, OTHER_GROUPS, 7, 39.6, 8018.4, 32.5, 0, 0, 107, 764, 2038, 2991, 0.1, 2414.3, 156.1
3, 129639, 06/01/2019 01:20:10, OTHER_GROUPS, 1.2, 10, 6368.1, 8.7, 0, 0, 45, 240, 1534, 390, 0.1, 1433.4, 37.2
3, 129640, 06/01/2019 01:40:15, OTHER_GROUPS, 0.1, 7.4, 5586.2, 7.3, 0, 0, 0, 0, 1425, 5, 0, 0.7, 19.1
3, 129641, 06/01/2019 02:00:02, OTHER_GROUPS, 0.1, 9.5, 7796.9, 9.4, 0, 0, 0, 0, 1596, 10, 0, 1.4, 21.9
3, 129642, 06/01/2019 02:20:03, OTHER_GROUPS, 0.1, 7.1, 6532.7, 7, 0, 0, 0, 0, 756, 8, 0, 6.3, 28
3, 129643, 06/01/2019 02:40:11, OTHER_GROUPS, 0.2, 7.2, 6479.8, 7, 0, 0, 0, 0, 716, 5, 0, 0.7, 43.4
3, 129644, 06/01/2019 03:00:21, OTHER_GROUPS, 0.1, 8.3, 6483.8, 8.2, 0, 0, 0, 0, 689, 3, 0, 6.5, 34.3
3, 129645, 06/01/2019 03:20:05, OTHER_GROUPS, 0.1, 7.6, 15645.8, 7.5, 0, 0, 0, 0, 705, 6, 0, 0.4, 26
3, 129646, 06/01/2019 03:40:01, OTHER_GROUPS, 0.2, 6.3, 6923.6, 6.1, 0, 0, 0, 0, 741, 24, 0, 8.8, 30.5
3, 129647, 06/01/2019 04:00:05, OTHER_GROUPS, 0.1, 7.3, 6223.1, 7.2, 0, 0, 0, 0, 1001, 66, 0, 22.2, 36.3
3, 129648, 06/01/2019 04:20:10, OTHER_GROUPS, 6, 11.9, 6927.9, 5.8, 0, 0, 24, 188, 1030, 2107, 0.1, 782.7, 47.1
3, 129649, 06/01/2019 04:40:17, OTHER_GROUPS, 10.5, 16.1, 15839.6, 5.5, 0, 0, 15, 116, 883, 3892, 0.1, 679.4, 37.6
3, 129650, 06/01/2019 05:00:23, OTHER_GROUPS, 2.3, 8.1, 22449.9, 4.4, 0, 0, 0, 0, 1300, 168, 1.4, 116.6, 53.2
3, 129651, 06/01/2019 05:20:18, OTHER_GROUPS, 2, 5.8, 17509.1, 2.7, 0, 0, 0, 0, 1402, 118, 1.1, 119.5, 52.8
3, 129652, 06/01/2019 05:40:00, OTHER_GROUPS, 2.1, 6.2, 19502.3, 3, 0, 0, 0, 0, 1293, 128, 1.1, 130, 49.2
3, 129653, 06/01/2019 06:00:10, OTHER_GROUPS, 1.4, 13.1, 20853.7, 10.9, 0, 0, 0, 0, 744, 154, 0.8, 81.8, 45.2
3, 129654, 06/01/2019 06:20:01, OTHER_GROUPS, 0.1, 10.1, 15715.4, 9.9, 0, 0, 0, 0, 662, 16, 0.1, 13.5, 43.5
3, 129655, 06/01/2019 06:40:02, OTHER_GROUPS, 0.6, 7.4, 7650.3, 6.7, 0, 0, 2, 96, 1357, 266, 0.1, 65.3, 82.4
3, 129656, 06/01/2019 07:00:11, OTHER_GROUPS, 45.1, 100.1, 44203, 50, 2, 0, 188, 7400, 11483, 59931, 5, 5789.6, 4849.9
3, 129657, 06/01/2019 07:20:07, OTHER_GROUPS, 9.5, 30.7, 7671, 19.3, 0, 0, 101, 3256, 4551, 5456, 1.9, 1707.4, 5262.7
3, 129658, 06/01/2019 07:40:18, OTHER_GROUPS, 15.4, 31.3, 10279.5, 13.8, 0, 0, 143, 3968, 7621, 10718, 2.1, 3025.6, 5132.7
3, 129659, 06/01/2019 08:00:35, OTHER_GROUPS, 29.6, 40.3, 21966.5, 7.6, 0, 0, 319, 4998, 7648, 18816, 3.1, 6270.1, 3388.6
3, 129660, 06/01/2019 08:20:12, OTHER_GROUPS, 26.2, 38.1, 13629.3, 10, 0, 0, 541, 6990, 8218, 11918, 1.9, 5046.1, 2807.3
3, 129661, 06/01/2019 08:40:05, OTHER_GROUPS, 22.5, 30.7, 14228.6, 6.1, 0, 0, 257, 3417, 42536, 8004, 2.1, 3290.2, 2140.9
3, 129662, 06/01/2019 09:00:04, OTHER_GROUPS, 37.7, 41.1, 33462.3, 1, 0, 0, 629, 35842, 37893, 29968, 2.4, 7142.6, 2031.5
3, 129663, 06/01/2019 09:20:08, OTHER_GROUPS, 27.1, 28.6, 28937.1, 0, 0, 0, 812, 47594, 51423, 15504, 1.5, 5193.5, 2053.9
3, 129664, 06/01/2019 09:40:13, OTHER_GROUPS, 20.8, 22.7, 18216.9, 0.1, 1, 0, 984, 59316, 62889, 12115, 1.8, 4351.3, 2936.8
3, 129665, 06/01/2019 10:00:01, OTHER_GROUPS, 35.5, 40.3, 28518.4, 1.3, -1, 0, 761, 46907, 53672, 22227, 3.5, 8726.1, 4635.9
3, 129666, 06/01/2019 10:20:04, OTHER_GROUPS, 17.7, 21.4, 13868.5, 1.8, 0, 0, 838, 52692, 54114, 6585, 1.9, 2585.1, 3222.4
3, 129667, 06/01/2019 10:40:13, OTHER_GROUPS, 12.8, 14.2, 7561.7, 0, 0, 0, 1124, 70880, 72953, 3640, 1.4, 4118.7, 2610.1
3, 129668, 06/01/2019 11:00:20, OTHER_GROUPS, 36, 43.5, 33706.7, 5.2, 0, 0, 684, 42292, 44113, 18949, 2.3, 6619.2, 2891.4
3, 129669, 06/01/2019 11:20:33, OTHER_GROUPS, 14.1, 15.9, 11403.8, 0.7, 0, 0, 805, 50037, 51299, 5240, 1.1, 5677.2, 2522.6
3, 129670, 06/01/2019 11:40:03, OTHER_GROUPS, 12, 12.8, 12926.3, 0, 0, 0, 958, 59350, 60972, 3851, 0.8, 6063.6, 1170.4
3, 129671, 06/01/2019 12:00:05, OTHER_GROUPS, 33.4, 36.6, 33760.3, 1.8, 0, 0, 813, 50767, 52724, 25079, 1.4, 10488.7, 1112.3
3, 129672, 06/01/2019 12:20:30, OTHER_GROUPS, 24.9, 26.3, 15441.6, 0, 0, 0, 935, 58696, 65478, 16737, 1.4, 9397.5, 1974.8
3, 129673, 06/01/2019 12:40:08, OTHER_GROUPS, 13.9, 15.9, 7428.3, 0, 0, 0, 1103, 69764, 84127, 5318, 2, 7676, 2463.7
3, 129674, 06/01/2019 13:00:02, OTHER_GROUPS, 18.6, 21.9, 13107.4, 0, 0, 0, 1230, 78654, 88215, 8045, 3.3, 5958.2, 2942.8
3, 129675, 06/01/2019 13:20:03, OTHER_GROUPS, 10.3, 15, 6511.7, 3.9, 0, 0, 317, 20137, 22542, 3550, 0.8, 10003, 1235.4
3, 129676, 06/01/2019 13:40:07, OTHER_GROUPS, 27.1, 28.9, 7316.5, 1.2, 0, 0, 210, 12442, 15000, 11089, 0.6, 5963.5, 948.6
3, 129677, 06/01/2019 14:00:14, OTHER_GROUPS, 32.3, 33.3, 9777.3, 0, 0, 0, 1037, 64613, 73388, 16569, 1, 5809, 1476.2
3, 129678, 06/01/2019 14:20:09, OTHER_GROUPS, 17.4, 18.2, 11000.3, 0.5, 0, 0, 3, 160, 2994, 6304, 0.3, 4505.3, 493.1
3, 129679, 06/01/2019 14:40:19, OTHER_GROUPS, 13.3, 13.6, 7900.6, 0, 0, 0, 11, 644, 33741, 4929, 0.3, 5516.9, 515.6
3, 129680, 06/01/2019 15:00:23, OTHER_GROUPS, 15.8, 18.8, 18578.9, 2.1, 0, 0, 21, 992, 25857, 10060, 0.9, 9753.6, 1227.3
3, 129681, 06/01/2019 15:20:10, OTHER_GROUPS, 10.9, 17.1, 15311.6, 5.1, 0, 0, 43, 1650, 3224, 7386, 1.1, 10123.9, 5184
3, 129682, 06/01/2019 15:40:18, OTHER_GROUPS, 7.3, 7.6, 2205.6, 0, 0, 0, 28, 852, 2471, 781, 0.3, 5896.7, 811.2
3, 129683, 06/01/2019 16:00:29, OTHER_GROUPS, 11.7, 13.1, 12237.5, 0.8, 0, 0, 54, 2576, 4696, 2447, 0.6, 5964.3, 1066.4
3, 129684, 06/01/2019 16:20:07, OTHER_GROUPS, 4.5, 5, 2119, 0, 0, 0, 34, 1330, 2595, 1174, 0.5, 4763.2, 960.5
3, 129685, 06/01/2019 16:40:11, OTHER_GROUPS, 7.8, 8.5, 1219.4, 0, 0, 0, 76, 3612, 5530, 1964, 0.7, 4663.5, 1730.4
3, 129686, 06/01/2019 17:00:17, OTHER_GROUPS, 0.1, 6.5, 9250.6, 6.4, 0, 0, 0, 0, 603, 6, 0, 13.6, 26.2
3, 129687, 06/01/2019 17:20:08, OTHER_GROUPS, 0.1, 4.3, 7118, 4.2, 0, 0, 0, 0, 763, 0, 0, 0.4, 19.9
3, 129688, 06/01/2019 17:40:01, OTHER_GROUPS, 0.1, 4, 4093.5, 3.9, 0, 0, 0, 0, 658, 3, 0, 5.7, 24.2
3, 129689, 06/01/2019 18:00:06, OTHER_GROUPS, 0.1, 22, 21306.3, 21.9, 0, 0, 0, 0, 592, 5, 0, 0.6, 31.7
3, 129690, 06/01/2019 18:20:11, OTHER_GROUPS, 0.1, 9.2, 14126.3, 9.1, 0, 0, 0, 0, 615, 2, 0, 3.3, 18.7
3, 129691, 06/01/2019 18:40:16, OTHER_GROUPS, 0.1, 4.2, 6887.5, 4.1, 0, 0, 0, 0, 624, 4, 0, 0.4, 21.3
3, 129692, 06/01/2019 19:00:18, OTHER_GROUPS, 2.5, 6.4, 6794.9, 3.9, 0, 0, 2, 32, 663, 597, 0, 814.8, 56.3
3, 129693, 06/01/2019 19:20:06, OTHER_GROUPS, 0.2, 2.8, 5072, 2.6, 0, 0, 3, 48, 771, 14, 0, 106.8, 65.1
3, 129694, 06/01/2019 19:40:12, OTHER_GROUPS, 0.1, 2.4, 4512.8, 2.3, 0, 0, 1, 8, 631, 4, 0, 8.4, 164.6
3, 129695, 06/01/2019 20:00:09, OTHER_GROUPS, 0.1, 2.9, 4479.7, 2.8, 0, 0, 0, 0, 597, 0, 0, 9.2, 19.1
3, 129696, 06/01/2019 20:20:19, OTHER_GROUPS, 0.1, 2.1, 3275.1, 2, 0, 0, 0, 0, 614, 3, 0, 0.6, 19.5
3, 129697, 06/01/2019 20:40:25, OTHER_GROUPS, 0.1, 1.8, 3427.5, 1.7, 0, 0, 0, 0, 620, 5, 0, 0.8, 24.2
3, 129698, 06/01/2019 21:00:02, OTHER_GROUPS, 0.1, 6.9, 8607.6, 6.8, 0, 0, 0, 0, 597, 13, 0, 0.4, 16.7
3, 129699, 06/01/2019 21:20:05, OTHER_GROUPS, 0.1, 5.2, 11060, 5.1, 0, 0, 0, 0, 710, 5, 0, 4.4, 19.8
3, 129700, 06/01/2019 21:40:15, OTHER_GROUPS, 0.1, 2.5, 3916.7, 2.4, 0, 0, 0, 0, 675, 1, 0, 0.5, 23.9
3, 129701, 06/01/2019 22:00:01, OTHER_GROUPS, 2.4, 7.4, 12857.4, 4.3, 0, 0, 1, 3, 1224, 255, 0.7, 367.4, 111.1
3, 129702, 06/01/2019 22:20:01, OTHER_GROUPS, 4.8, 7.5, 10737.9, 1.8, 0, 0, 0, 0, 3922, 242, 0.9, 968.5, 158.8
3, 129703, 06/01/2019 22:40:08, OTHER_GROUPS, 4.7, 6.7, 10830.4, 1.4, 0, 0, 0, 0, 2878, 212, 0.6, 938.3, 106.6
3, 129704, 06/01/2019 23:00:14, OTHER_GROUPS, 4.7, 8.2, 11108.5, 2.9, 0, 0, 0, 0, 3487, 219, 0.6, 784.4, 99.9
3, 129705, 06/01/2019 23:20:04, OTHER_GROUPS, 4.8, 7, 10550.8, 1.6, 0, 0, 0, 0, 3087, 221, 0.6, 856.5, 102.6
3, 129706, 06/01/2019 23:40:04, OTHER_GROUPS, 4.6, 6.2, 10940.7, 1, 0, 0, 0, 0, 3689, 122, 0.6, 906.7, 111.2
3, 129689, 06/01/2019 18:00:06, SANDBOX_GROUP, 8.4, 10.5, 2708.1, 0, 0, 0, 32, 466, 607, 9728, 2.1, 14017.7, 1851.5
3, 129690, 06/01/2019 18:20:11, SANDBOX_GROUP, 4.9, 5.4, 4777.6, 0, 0, 0, 15, 216, 157, 1671, 0.5, 2090.1, 4481.4
3, 129691, 06/01/2019 18:40:16, SANDBOX_GROUP, 1.5, 1.9, 3773.2, 0, 0, 0, 4, 56, 107, 186, 0.4, 1153.7, 3324.1
3, 129692, 06/01/2019 19:00:18, SANDBOX_GROUP, 1.3, 1.7, 1166.7, 0, 0, 0, 31, 460, 555, 128, 0.4, 5463.6, 831.3
3, 129693, 06/01/2019 19:20:06, SANDBOX_GROUP, 0.6, 0.7, 41.1, 0, 0, 0, 13, 188, 183, 49, 0.1, 1843.9, 256.8
3, 129635, 06/01/2019 00:00:01, SZB_SANDBOX_GROUP, 8.8, 8.9, 8099.7, 0, 0, 0, 8, 480, 1172, 1487, 0.1, 1954, 202.5
3, 129636, 06/01/2019 00:20:07, SZB_SANDBOX_GROUP, 6.2, 6.7, 692.9, 0.2, 0, 0, 28, 1344, 1889, 898, 0.3, 176.4, 391.6
3, 129637, 06/01/2019 00:40:20, SZB_SANDBOX_GROUP, 1.7, 1.9, 144, 0, 0, 0, 14, 800, 1229, 540, 0.2, 129.4, 272.5
3, 129638, 06/01/2019 01:00:07, SZB_SANDBOX_GROUP, 9.5, 9.6, 10562.3, 0, 0, 0, 14, 864, 1616, 1743, 0.1, 1925.4, 110.2
3, 129639, 06/01/2019 01:20:10, SZB_SANDBOX_GROUP, 0.6, 0.6, 60.7, 0, 0, 0, 11, 525, 612, 48, 0, 25.2, 55.9
3, 129640, 06/01/2019 01:40:15, SZB_SANDBOX_GROUP, 0.6, 0.7, 22.8, 0.1, 0, 0, 3, 138, 163, 28, 0, 262.3, 36.3
3, 129641, 06/01/2019 02:00:02, SZB_SANDBOX_GROUP, 18.4, 22.7, 15688.5, 2.9, 0, 0, 29, 1429, 3943, 6215, 1.4, 3580, 3491
3, 129642, 06/01/2019 02:20:03, SZB_SANDBOX_GROUP, 1.6, 2.4, 1533.3, 0.7, 0, 0, 7, 320, 499, 160, 0.1, 162.9, 529.5
3, 129643, 06/01/2019 02:40:11, SZB_SANDBOX_GROUP, 2.8, 3.2, 938.8, 0.2, 0, 0, 0, 0, 362, 531, 0.2, 174, 1313.4
3, 129644, 06/01/2019 03:00:21, SZB_SANDBOX_GROUP, 7.8, 13.9, 7528.9, 5.1, 0, 0, 1, 64, 2012, 2124, 1, 4035.9, 1770.7
3, 129645, 06/01/2019 03:20:05, SZB_SANDBOX_GROUP, 1, 1.1, 1679.4, 0, 0, 0, 0, 0, 93, 81, 0.1, 18.4, 94.6
3, 129646, 06/01/2019 03:40:01, SZB_SANDBOX_GROUP, 9.6, 18.3, 4354.7, 8.1, 0, 0, 0, 0, 488, 10087, 0.6, 1219.9, 2041.2
3, 129647, 06/01/2019 04:00:05, SZB_SANDBOX_GROUP, 23.1, 51.9, 31487.3, 25, 0, 0, 3, 160, 4622, 30724, 3.8, 10456.6, 3098.7
3, 129648, 06/01/2019 04:20:10, SZB_SANDBOX_GROUP, 17, 57.5, 33385.6, 39, 0, 0, 0, 0, 3887, 12586, 1.5, 5997.2, 1104.1
3, 129649, 06/01/2019 04:40:17, SZB_SANDBOX_GROUP, 2.6, 2.8, 2325.9, 0, 0, 0, 0, 0, 2825, 520, 0.2, 376.2, 363.3
3, 129650, 06/01/2019 05:00:23, SZB_SANDBOX_GROUP, 12.3, 16.6, 8666.1, 3.5, 0, 0, 9, 480, 6129, 7150, 0.8, 1413.5, 1589.6
3, 129651, 06/01/2019 05:20:18, SZB_SANDBOX_GROUP, 14.6, 15.2, 12244.9, 0, 0, 0, 49, 1736, 2374, 7686, 0.6, 856.3, 1906.7
3, 129652, 06/01/2019 05:40:00, SZB_SANDBOX_GROUP, 11, 11.8, 31399.6, 0.2, 0, 0, 9, 384, 2726, 6747, 0.6, 1257.2, 2281.5
3, 129653, 06/01/2019 06:00:10, SZB_SANDBOX_GROUP, 25.8, 31.6, 37373, 5, 0, 0, 8, 373, 1281, 19634, 0.8, 2566.7, 1477.2
3, 129654, 06/01/2019 06:20:01, SZB_SANDBOX_GROUP, 17.5, 27.8, 13375.5, 9.2, 0, 0, 2, 96, 1219, 12939, 1.1, 1122.3, 2347.1
3, 129655, 06/01/2019 06:40:02, SZB_SANDBOX_GROUP, 4.5, 9.6, 4590.8, 4.6, 0, 0, 6, 192, 2970, 1988, 0.5, 710.2, 1819.7
3, 129686, 06/01/2019 17:00:17, SZB_SANDBOX_GROUP, 8.6, 9, 8493.3, 0.2, 0, 0, 8, 480, 1786, 1116, 0.2, 2126, 111.5
3, 129687, 06/01/2019 17:20:08, SZB_SANDBOX_GROUP, 1.5, 1.6, 322, 0, 0, 0, 32, 1568, 2018, 548, 0.1, 300.6, 186.6
3, 129688, 06/01/2019 17:40:01, SZB_SANDBOX_GROUP, 4.7, 5.2, 1617.9, 0, 0, 0, 68, 3776, 5178, 1054, 0.5, 1007.7, 786.1
3, 129689, 06/01/2019 18:00:06, SZB_SANDBOX_GROUP, 1.8, 2.7, 459, 0.7, 0, 0, 8, 416, 1263, 481, 0.2, 2076.5, 446.9
3, 129690, 06/01/2019 18:20:11, SZB_SANDBOX_GROUP, 1.8, 1.9, 340.9, 0, 0, 0, 14, 768, 707, 296, 0.1, 47.8, 195.5
3, 129691, 06/01/2019 18:40:16, SZB_SANDBOX_GROUP, 1.1, 1.3, 550.6, 0, 0, 0, 3, 192, 287, 222, 0.2, 54.3, 217.8
3, 129692, 06/01/2019 19:00:18, SZB_SANDBOX_GROUP, 11.5, 13.1, 9740.7, 1.2, 0, 0, 12, 640, 1755, 2114, 0.4, 6240.8, 356
3, 129693, 06/01/2019 19:20:06, SZB_SANDBOX_GROUP, 6.1, 6.4, 6484.1, 0, 0, 0, 27, 1629, 2308, 979, 0.3, 312.3, 322.3
3, 129694, 06/01/2019 19:40:12, SZB_SANDBOX_GROUP, 2.3, 2.6, 2566, 0, 0, 0, 36, 1824, 2132, 209, 0.3, 266.6, 492.1
3, 129695, 06/01/2019 20:00:09, SZB_SANDBOX_GROUP, 8.1, 8.6, 8433.1, 0.2, 0, 0, 8, 448, 1107, 1122, 0.3, 2341.5, 552.8
3, 129696, 06/01/2019 20:20:19, SZB_SANDBOX_GROUP, 5.6, 5.8, 758.5, 0, 0, 0, 17, 992, 1574, 447, 0.2, 151.4, 635.7
3, 129697, 06/01/2019 20:40:25, SZB_SANDBOX_GROUP, 3.9, 4.1, 504.7, 0, 0, 0, 18, 1088, 1774, 355, 0.2, 157.7, 704.8
3, 129698, 06/01/2019 21:00:02, SZB_SANDBOX_GROUP, 18, 19.5, 10536.3, 0.9, 0, 0, 119, 4912, 9030, 3171, 0.6, 3399.7, 369.3
3, 129699, 06/01/2019 21:20:05, SZB_SANDBOX_GROUP, 8.7, 8.9, 3549.3, 0, 0, 0, 98, 4080, 6491, 720, 0.2, 2039.3, 488.6
3, 129700, 06/01/2019 21:40:15, SZB_SANDBOX_GROUP, 3.5, 3.8, 957.2, 0, 0, 0, 74, 3727, 4920, 454, 0.3, 435.9, 553.9
3, 129701, 06/01/2019 22:00:01, SZB_SANDBOX_GROUP, 10.3, 18, 7637.4, 6.8, 0, 0, 30, 1807, 3205, 1957, 0.9, 16814.2, 962.7
3, 129702, 06/01/2019 22:20:01, SZB_SANDBOX_GROUP, 4.7, 5.3, 3343.4, 0.3, 0, 0, 23, 1440, 1399, 973, 0.3, 283.1, 446.7
3, 129703, 06/01/2019 22:40:08, SZB_SANDBOX_GROUP, 2, 2.2, 550.2, 0.1, 0, 0, 4, 175, 197, 96, 0.1, 65, 242.1
3, 129704, 06/01/2019 23:00:14, SZB_SANDBOX_GROUP, 7.7, 14, 7089.1, 5.9, 0, 0, 14, 783, 1685, 753, 0.4, 14994.6, 484.8
3, 129705, 06/01/2019 23:20:04, SZB_SANDBOX_GROUP, 7.6, 7.9, 5146.9, 0, 0, 0, 79, 3839, 4996, 1254, 0.3, 765.7, 651.2
3, 129706, 06/01/2019 23:40:04, SZB_SANDBOX_GROUP, 1.1, 1.4, 373.6, 0.2, 0, 0, 11, 544, 576, 46, 0.1, 124.9, 126.8
4, 129637, 06/01/2019 00:40:20, ADW_UNLOAD_GROUP, 0, 0, 0, 0, 0, 0, 0, 0, 39, 1, 0, 0, 0
4, 129639, 06/01/2019 01:20:10, ADW_UNLOAD_GROUP, 0, 0, 0, 0, 0, 0, 0, 0, 44, 0, 0, 0, 0
4, 129640, 06/01/2019 01:40:15, ADW_UNLOAD_GROUP, 0, 0, 0, 0, 0, 0, 0, 0, 44, 0, 0, 0, 0
4, 129641, 06/01/2019 02:00:02, ADW_UNLOAD_GROUP, 0, 0, 0, 0, 0, 0, 0, 0, 44, 0, 0, 0, 0
4, 129642, 06/01/2019 02:20:03, ADW_UNLOAD_GROUP, 0, 0, 0, 0, 0, 0, 0, 0, 44, 0, 0, 0, 0
4, 129643, 06/01/2019 02:40:12, ADW_UNLOAD_GROUP, 0, 0, 0, 0, 0, 0, 0, 0, 44, 0, 0, 0, 0
4, 129645, 06/01/2019 03:20:05, ADW_UNLOAD_GROUP, 0, 0, 0, 0, 0, 0, 0, 0, 44, 0, 0, 0, 0
4, 129646, 06/01/2019 03:40:01, ADW_UNLOAD_GROUP, 0, 0, 0, 0, 0, 0, 0, 0, 44, 0, 0, 0, 0
4, 129648, 06/01/2019 04:20:12, ADW_UNLOAD_GROUP, 0, 0, 0, 0, 0, 0, 0, 0, 39, 0, 0, 0, 0
4, 129650, 06/01/2019 05:00:22, ADW_UNLOAD_GROUP, 0, 0, 0, 0, 0, 0, 0, 0, 44, 0, 0, 0, 0
4, 129653, 06/01/2019 06:00:10, ADW_UNLOAD_GROUP, 0, 0, 0, 0, 0, 0, 0, 0, 44, 0, 0, 0, 0
4, 129654, 06/01/2019 06:20:01, ADW_UNLOAD_GROUP, 0, 0, 0, 0, 0, 0, 0, 0, 49, 0, 0, 0, 0
4, 129655, 06/01/2019 06:40:04, ADW_UNLOAD_GROUP, 0, 0, 0, 0, 0, 0, 0, 0, 39, 1, 0, 0, 0
4, 129687, 06/01/2019 17:20:08, ADW_UNLOAD_GROUP, 0, 0, 0, 0, 0, 0, 0, 0, 44, 0, 0, 0, 0
4, 129690, 06/01/2019 18:20:11, ADW_UNLOAD_GROUP, 0, 0, 0, 0, 0, 0, 0, 0, 44, 0, 0, 0, 0
4, 129692, 06/01/2019 19:00:17, ADW_UNLOAD_GROUP, 0, 0, 1, 0, 0, 0, 0, 0, 98, 2, 0, 3.4, 3.9
4, 129696, 06/01/2019 20:20:19, ADW_UNLOAD_GROUP, 0, 0, 0, 0, 0, 0, 0, 0, 39, 0, 0, 0, 0
4, 129698, 06/01/2019 21:00:02, ADW_UNLOAD_GROUP, 0, 0, 0, 0, 0, 0, 0, 0, 44, 0, 0, 0, 0
4, 129703, 06/01/2019 22:40:08, ADW_UNLOAD_GROUP, 0, 0, 0, 0, 0, 0, 0, 0, 44, 0, 0, 0, 0
4, 129705, 06/01/2019 23:20:04, ADW_UNLOAD_GROUP, 0, 0, 0, 0, 0, 0, 0, 0, 49, 0, 0, 0, 0
4, 129635, 06/01/2019 00:00:01, DM_TECH_GROUP, 1.2, 1.6, 823.8, 0.2, 0, 0, 2, 32, 147, 126, 0.2, 355.2, 785.2
4, 129636, 06/01/2019 00:20:07, DM_TECH_GROUP, 7.3, 19.7, 21498.9, 10.9, 1, 0, 3, 60, 402, 3654, 1.5, 368.5, 2878.6
4, 129637, 06/01/2019 00:40:20, DM_TECH_GROUP, 8.6, 23.4, 23351, 12, 0, 0, 8, 136, 98, 4620, 2.8, 413.6, 7721.7
4, 129638, 06/01/2019 01:00:07, DM_TECH_GROUP, 10.9, 25.2, 22210.2, 9.1, 4, 0, 38, 548, 596, 6227, 5.2, 651.6, 14202.3
4, 129639, 06/01/2019 01:20:10, DM_TECH_GROUP, 9.2, 14, 27267.7, 3.4, 0, 0, 18, 316, 331, 2428, 1.4, 325.6, 5749.2
4, 129640, 06/01/2019 01:40:15, DM_TECH_GROUP, 1.7, 3.1, 4900.7, 1.1, 0, 0, 24, 344, 358, 175, 0.3, 180.3, 2414.4
4, 129641, 06/01/2019 02:00:02, DM_TECH_GROUP, 1.2, 4.2, 1440.1, 2.2, 0, 0, 7, 78, 71, 203, 0.8, 178.8, 4687.6
4, 129642, 06/01/2019 02:20:03, DM_TECH_GROUP, 0.6, 0.8, 28.8, 0.1, 0, 0, 9, 86, 226, 61, 0.1, 4.3, 356.4
4, 129643, 06/01/2019 02:40:12, DM_TECH_GROUP, 0.5, 0.7, 164.2, 0.2, 0, 0, 5, 76, 21, 7, 0, 1.5, 192.7
4, 129644, 06/01/2019 03:00:24, DM_TECH_GROUP, 3.3, 5.5, 2347.3, 1.1, 0, 0, 26, 301, 554, 815, 1.1, 677.1, 4568.3
4, 129645, 06/01/2019 03:20:05, DM_TECH_GROUP, 0.7, 1.2, 448.2, 0.4, 0, 0, 11, 142, 174, 93, 0.1, 94.6, 493.3
4, 129646, 06/01/2019 03:40:01, DM_TECH_GROUP, 0.2, 0.3, 1076.2, 0.1, 0, 0, 0, 0, 2, 7, 0, 2.2, 0
4, 129647, 06/01/2019 04:00:05, DM_TECH_GROUP, 0.3, 0.6, 118.7, 0.2, 0, 0, 2, 32, 53, 97, 0.1, 9.3, 72.1
4, 129648, 06/01/2019 04:20:12, DM_TECH_GROUP, 0.3, 1.2, 516.9, 0.4, 0, 0, 1, 12, 19, 65, 0.5, 8.5, 67.8
4, 129649, 06/01/2019 04:40:17, DM_TECH_GROUP, 1.3, 1.4, 1396.5, 0, 0, 0, 7, 114, 277, 93, 0.1, 61.4, 159.4
4, 129650, 06/01/2019 05:00:22, DM_TECH_GROUP, 0.8, 1.3, 1243.8, 0.3, 0, 0, 2, 32, 63, 117, 0.2, 51.5, 210.3
4, 129651, 06/01/2019 05:20:17, DM_TECH_GROUP, 0.3, 0.3, 33, 0, 0, 0, 0, 0, 63, 40, 0, 21.4, 36.1
4, 129652, 06/01/2019 05:40:00, DM_TECH_GROUP, 0, 0, 12.1, 0, 0, 0, 0, 0, 0, 1, 0, 0.1, 0
4, 129653, 06/01/2019 06:00:10, DM_TECH_GROUP, 0.1, 0.2, 5.2, 0, 0, 0, 1, 16, 17, 4, 0.1, 2.5, 41
4, 129654, 06/01/2019 06:20:01, DM_TECH_GROUP, 2.8, 11.1, 5905.8, 7.5, 0, 0, 7, 168, 358, 1128, 0.8, 364.6, 1686.1
4, 129655, 06/01/2019 06:40:04, DM_TECH_GROUP, 2.8, 8.2, 18851.1, 4.2, 0, 0, 5, 108, 85, 621, 1.2, 256.9, 6236
4, 129686, 06/01/2019 17:00:17, DM_TECH_GROUP, 0.1, 0.1, 33.2, 0, 0, 0, 0, 0, 0, 0, 0, 0, 0
4, 129687, 06/01/2019 17:20:08, DM_TECH_GROUP, 0.1, 0.1, 30.6, 0, 0, 0, 1, 2, 0, 0, 0, 0, 0
4, 129688, 06/01/2019 17:40:01, DM_TECH_GROUP, 0.1, 0.2, 571.8, 0.1, 0, 0, 0, 0, 0, 0, 0, 0, 0
4, 129689, 06/01/2019 18:00:06, DM_TECH_GROUP, 0.1, 0.2, 25.4, 0.1, 0, 0, 0, 0, 0, 0, 0, 0, 0
4, 129690, 06/01/2019 18:20:11, DM_TECH_GROUP, 0.1, 0.2, 645.3, 0.1, 0, 0, 2, 56, 19, 1, 0, 5.1, 6.3
4, 129691, 06/01/2019 18:40:16, DM_TECH_GROUP, 0.1, 0.1, 52.6, 0, 0, 0, 4, 60, 143, 4, 0, 7.8, 8.1
4, 129692, 06/01/2019 19:00:17, DM_TECH_GROUP, 1, 1.2, 1858.8, 0.1, 0, 0, 3, 50, 224, 46, 0.1, 95.9, 55
4, 129693, 06/01/2019 19:20:06, DM_TECH_GROUP, 1.7, 3, 1960.8, 1, 0, 0, 7, 168, 268, 325, 0.3, 330.9, 4288
4, 129694, 06/01/2019 19:40:12, DM_TECH_GROUP, 1.6, 3.1, 11957.9, 1.4, 0, 0, 3, 60, 96, 243, 0.1, 246.6, 4593.7
4, 129695, 06/01/2019 20:00:09, DM_TECH_GROUP, 0.5, 0.6, 1384.2, 0.1, 0, 0, 0, 0, 0, 35, 0, 36.9, 0
4, 129696, 06/01/2019 20:20:19, DM_TECH_GROUP, 0.1, 0.1, 30.1, 0, 0, 0, 0, 0, 0, 0, 0, 3.6, 0
4, 129697, 06/01/2019 20:40:25, DM_TECH_GROUP, 0.1, 0.1, 40.8, 0, 0, 0, 0, 0, 0, 0, 0, 3.9, 0
4, 129698, 06/01/2019 21:00:02, DM_TECH_GROUP, 0.1, 0.2, 32.6, 0.1, 0, 0, 0, 0, 0, 2, 0, 3.3, 0
4, 129699, 06/01/2019 21:20:05, DM_TECH_GROUP, 0.1, 0.1, 32.9, 0, 0, 0, 0, 0, 0, 0, 0, 3.8, 0
4, 129700, 06/01/2019 21:40:15, DM_TECH_GROUP, 0.1, 0.1, 620.6, 0, 0, 0, 0, 0, 0, 2, 0, 3.6, 0
4, 129701, 06/01/2019 22:00:01, DM_TECH_GROUP, 0.1, 0.2, 23.9, 0.1, 0, 0, 0, 0, 0, 1, 0, 4, 0
4, 129702, 06/01/2019 22:20:01, DM_TECH_GROUP, 0.2, 0.2, 641.4, 0, 0, 0, 2, 36, 19, 1, 0, 8.1, 5.6
4, 129703, 06/01/2019 22:40:08, DM_TECH_GROUP, 0.2, 0.2, 53.3, 0, 0, 0, 4, 72, 254, 3, 0, 4.5, 7.3
4, 129704, 06/01/2019 23:00:14, DM_TECH_GROUP, 0.2, 0.3, 3.7, 0, 0, 0, 0, 0, 92, 2, 0.1, 21.9, 24.6
4, 129705, 06/01/2019 23:20:04, DM_TECH_GROUP, 4, 7.9, 4973.6, 3.1, 0, 0, 7, 144, 321, 1547, 0.8, 590.6, 4497.6
4, 129706, 06/01/2019 23:40:04, DM_TECH_GROUP, 1.8, 5.1, 17663.9, 2.9, 0, 0, 7, 120, 80, 217, 0.4, 225.3, 5592.1
4, 129635, 06/01/2019 00:00:01, ODS_SUPPORT_GROUP, 0, 0, None, 0, 0, 0, 0, 0, 16, 0, 0, 0, 0
4, 129636, 06/01/2019 00:20:07, ODS_SUPPORT_GROUP, 0, 0, None, 0, 0, 0, 0, 0, 16, 0, 0, 0, 0
4, 129637, 06/01/2019 00:40:20, ODS_SUPPORT_GROUP, 0, 0, None, 0, 0, 0, 0, 0, 16, 0, 0, 0, 0
4, 129638, 06/01/2019 01:00:07, ODS_SUPPORT_GROUP, 0, 0, None, 0, 0, 0, 0, 0, 16, 0, 0, 0, 0
4, 129639, 06/01/2019 01:20:10, ODS_SUPPORT_GROUP, 0, 0, None, 0, 0, 0, 0, 0, 16, 0, 0, 0, 0
4, 129640, 06/01/2019 01:40:15, ODS_SUPPORT_GROUP, 0, 0, None, 0, 0, 0, 0, 0, 30, 0, 0, 0, 0
4, 129641, 06/01/2019 02:00:02, ODS_SUPPORT_GROUP, 0.3, 0.6, 32.5, 0.2, 0, 0, 3, 10, 25, 48, 0.1, 1076.3, 17.1
4, 129642, 06/01/2019 02:20:03, ODS_SUPPORT_GROUP, 0, 0.1, 2.4, 0.1, 0, 0, 0, 0, 22, 0, 0, 1.7, 2
4, 129643, 06/01/2019 02:40:12, ODS_SUPPORT_GROUP, 0.5, 0.8, 72.5, 0.3, 0, 0, 0, 0, 19, 36, 0, 5173.1, 306.2
4, 129644, 06/01/2019 03:00:24, ODS_SUPPORT_GROUP, 0.8, 1.2, 72.6, 0.3, 0, 0, 3, 6, 19, 252, 0.1, 1564.6, 216.1
4, 129645, 06/01/2019 03:20:05, ODS_SUPPORT_GROUP, 0.7, 0.8, 17.2, 0.1, 0, 0, 5, 10, 26, 58, 0, 917.1, 0.1
4, 129646, 06/01/2019 03:40:01, ODS_SUPPORT_GROUP, 0.7, 0.8, 22.3, 0.1, 0, 0, 5, 10, 26, 75, 0, 902.5, 0.2
4, 129647, 06/01/2019 04:00:05, ODS_SUPPORT_GROUP, 0.4, 0.4, 8.8, 0, 0, 0, 1, 2, 16, 70, 0, 33.5, 0.5
4, 129648, 06/01/2019 04:20:12, ODS_SUPPORT_GROUP, 0, 0, 0.3, 0, 0, 0, 0, 0, 17, 10, 0, 0.6, 0.7
4, 129649, 06/01/2019 04:40:17, ODS_SUPPORT_GROUP, 0, 0, None, 0, 0, 0, 0, 0, 16, 0, 0, 0, 0
4, 129650, 06/01/2019 05:00:22, ODS_SUPPORT_GROUP, 0, 0, None, 0, 0, 0, 0, 0, 16, 0, 0, 0, 0
4, 129651, 06/01/2019 05:20:17, ODS_SUPPORT_GROUP, 0, 0, None, 0, 0, 0, 0, 0, 16, 0, 0, 0, 0
4, 129652, 06/01/2019 05:40:00, ODS_SUPPORT_GROUP, 0, 0, None, 0, 0, 0, 0, 0, 16, 0, 0, 0, 0
4, 129653, 06/01/2019 06:00:10, ODS_SUPPORT_GROUP, 0, 0, 1.7, 0, 0, 0, 1, 4, 21, 0, 0, 26.9, 0
4, 129654, 06/01/2019 06:20:01, ODS_SUPPORT_GROUP, 0, 0.1, 1, 0.1, 0, 0, 1, 2, 18, 2, 0, 86.3, 20.3
4, 129655, 06/01/2019 06:40:04, ODS_SUPPORT_GROUP, 0, 0, None, 0, 0, 0, 0, 0, 12, 0, 0, 0, 0
4, 129686, 06/01/2019 17:00:17, ODS_SUPPORT_GROUP, 0, 0, None, 0, 0, 0, 0, 0, 16, 0, 0, 0, 0
4, 129687, 06/01/2019 17:20:08, ODS_SUPPORT_GROUP, 0, 0, None, 0, 0, 0, 0, 0, 14, 0, 0, 0, 0
4, 129688, 06/01/2019 17:40:01, ODS_SUPPORT_GROUP, 0, 0, None, 0, 0, 0, 0, 0, 14, 0, 0, 0, 0
4, 129689, 06/01/2019 18:00:06, ODS_SUPPORT_GROUP, 0, 0, None, 0, 0, 0, 0, 0, 14, 0, 0, 0, 0
4, 129690, 06/01/2019 18:20:11, ODS_SUPPORT_GROUP, 0.1, 0.1, 1.8, 0, 0, 0, 0, 0, 15, 3, 0, 6.3, 6.6
4, 129691, 06/01/2019 18:40:16, ODS_SUPPORT_GROUP, 0.2, 0.2, 22.6, 0, 0, 0, 1, 2, 16, 0, 0, 11.7, 3.5
4, 129692, 06/01/2019 19:00:17, ODS_SUPPORT_GROUP, 0.3, 0.3, 21.6, 0, 0, 0, 1, 2, 18, 10, 0, 24.7, 7.9
4, 129693, 06/01/2019 19:20:06, ODS_SUPPORT_GROUP, 0.1, 0.2, 7.7, 0.1, 0, 0, 1, 2, 14, 2, 0, 10.8, 6.4
4, 129694, 06/01/2019 19:40:12, ODS_SUPPORT_GROUP, 0, 0, None, 0, 0, 0, 0, 0, 19, 0, 0, 0, 0
4, 129695, 06/01/2019 20:00:09, ODS_SUPPORT_GROUP, 0, 0, 0, 0, 0, 0, 0, 0, 14, 0, 0, 0, 0.1
4, 129696, 06/01/2019 20:20:19, ODS_SUPPORT_GROUP, 0, 0, None, 0, 0, 0, 0, 0, 14, 0, 0, 0, 0
4, 129697, 06/01/2019 20:40:25, ODS_SUPPORT_GROUP, 0, 0, None, 0, 0, 0, 0, 0, 15, 0, 0, 0, 0
4, 129698, 06/01/2019 21:00:02, ODS_SUPPORT_GROUP, 0, 0, None, 0, 0, 0, 0, 0, 16, 0, 0, 0, 0
4, 129699, 06/01/2019 21:20:05, ODS_SUPPORT_GROUP, 0, 0, None, 0, 0, 0, 0, 0, 14, 0, 0, 0, 0
4, 129700, 06/01/2019 21:40:15, ODS_SUPPORT_GROUP, 0, 0, None, 0, 0, 0, 0, 0, 14, 0, 0, 0, 0
4, 129701, 06/01/2019 22:00:01, ODS_SUPPORT_GROUP, 0, 0, None, 0, 0, 0, 0, 0, 13, 0, 0, 0, 0
4, 129702, 06/01/2019 22:20:01, ODS_SUPPORT_GROUP, 0, 0, None, 0, 0, 0, 0, 0, 14, 0, 0, 0, 0
4, 129703, 06/01/2019 22:40:08, ODS_SUPPORT_GROUP, 0, 0, None, 0, 0, 0, 0, 0, 14, 0, 0, 0, 0
4, 129704, 06/01/2019 23:00:14, ODS_SUPPORT_GROUP, 0, 0, None, 0, 0, 0, 0, 0, 14, 0, 0, 0, 0
4, 129705, 06/01/2019 23:20:04, ODS_SUPPORT_GROUP, 0, 0, None, 0, 0, 0, 0, 0, 15, 0, 0, 0, 0
4, 129706, 06/01/2019 23:40:04, ODS_SUPPORT_GROUP, 0, 0, None, 0, 0, 0, 0, 0, 14, 0, 0, 0, 0
4, 129635, 06/01/2019 00:00:01, OTHER_GROUPS, 1, 6, 5473.3, 4.9, 0, 0, 61, 244, 1219, 207, 0.1, 340.4, 357.4
4, 129636, 06/01/2019 00:20:07, OTHER_GROUPS, 23.5, 63.4, 8544, 38.4, 0, 0, 755, 4072, 9221, 25532, 1.5, 9850.9, 2335.8
4, 129637, 06/01/2019 00:40:20, OTHER_GROUPS, 27.2, 56.7, 7687.4, 28.3, 0, 0, 393, 2928, 4640, 29780, 1.2, 3070.7, 2658.7
4, 129638, 06/01/2019 01:00:07, OTHER_GROUPS, 15.6, 44.2, 12155.1, 27.6, 0, 0, 254, 1904, 3101, 11171, 1, 1764.9, 2376.5
4, 129639, 06/01/2019 01:20:10, OTHER_GROUPS, 14.1, 24.9, 11519.6, 10, 0, 0, 6, 24, 1304, 7698, 0.8, 1185.5, 3662.5
4, 129640, 06/01/2019 01:40:15, OTHER_GROUPS, 3.6, 13.1, 10487.8, 9.2, 0, 0, 13, 92, 1492, 1461, 0.3, 506.6, 3024.1
4, 129641, 06/01/2019 02:00:02, OTHER_GROUPS, 0.3, 12.9, 10720.5, 12.5, 0, 0, 0, 0, 1594, 16, 0.1, 4.3, 239.3
4, 129642, 06/01/2019 02:20:03, OTHER_GROUPS, 0.3, 7.1, 7542.8, 6.7, 0, 0, 0, 0, 709, 9, 0.1, 4.7, 317.7
4, 129643, 06/01/2019 02:40:12, OTHER_GROUPS, 0.2, 4.4, 5185.3, 4.1, 0, 0, 0, 0, 642, 2, 0.1, 2.7, 70.6
4, 129644, 06/01/2019 03:00:24, OTHER_GROUPS, 0.3, 14.1, 11443.4, 13.7, 0, 0, 0, 0, 627, 21, 0.1, 6.7, 305.6
4, 129645, 06/01/2019 03:20:05, OTHER_GROUPS, 0.4, 10, 12920.8, 9.5, 0, 0, 0, 0, 790, 8, 0.1, 3.6, 349.9
4, 129646, 06/01/2019 03:40:01, OTHER_GROUPS, 0.2, 7.2, 6708.5, 6.9, 0, 0, 0, 0, 747, 14, 0.1, 7.2, 82.6
4, 129647, 06/01/2019 04:00:05, OTHER_GROUPS, 0.3, 8.9, 5546.9, 8.4, 0, 0, 0, 0, 605, 66, 0.2, 4.9, 129.5
4, 129648, 06/01/2019 04:20:12, OTHER_GROUPS, 11.4, 20.3, 7282.2, 8.6, 0, 0, 30, 216, 1079, 4450, 0.3, 845.5, 168.3
4, 129649, 06/01/2019 04:40:17, OTHER_GROUPS, 12.2, 18.1, 14831.7, 5.7, 0, 0, 1, 8, 717, 2744, 0.2, 887.6, 357.2
4, 129650, 06/01/2019 05:00:22, OTHER_GROUPS, 16.6, 20.8, 50745.6, 1.3, 0, 0, 0, 0, 584, 4319, 2.9, 1012.6, 168.2
4, 129651, 06/01/2019 05:20:17, OTHER_GROUPS, 15.9, 22.5, 34313.8, 4.2, 0, 0, 2, 16, 826, 3723, 2.4, 1069.9, 69.1
4, 129652, 06/01/2019 05:40:00, OTHER_GROUPS, 5.6, 9, 29557.1, 0.9, 0, 0, 3, 24, 645, 513, 2.5, 320.9, 60.2
4, 129653, 06/01/2019 06:00:10, OTHER_GROUPS, 1.9, 8.9, 17680.6, 6, 0, 0, 0, 0, 564, 67, 1, 98.2, 218.6
4, 129654, 06/01/2019 06:20:01, OTHER_GROUPS, 0.5, 10, 9759.1, 9.4, 0, 0, 0, 0, 707, 35, 0.1, 17.3, 241.5
4, 129655, 06/01/2019 06:40:04, OTHER_GROUPS, 0.9, 9.2, 6003.7, 8, 0, 0, 1, 15, 1370, 378, 0.3, 21.8, 445.9
4, 129656, 06/01/2019 07:00:08, OTHER_GROUPS, 35.8, 77, 47938.5, 34.7, 5, 0, 299, 9094, 28984, 35758, 6.5, 9369.2, 21497
4, 129657, 06/01/2019 07:20:07, OTHER_GROUPS, 30.9, 39.8, 13027.1, 4.6, 29, 1, 67, 2607, 4639, 45673, 4.3, 2969.3, 7160.2
4, 129658, 06/01/2019 07:40:18, OTHER_GROUPS, 14.7, 45, 6489.7, 28.2, 13, 1.3, 162, 5940, 8283, 7113, 2.1, 4914.5, 6944.2
4, 129659, 06/01/2019 08:00:36, OTHER_GROUPS, 25.4, 40, 29105.9, 10.4, 0, 0, 160, 3463, 7495, 81638, 4.2, 9271.8, 5910.8
4, 129660, 06/01/2019 08:20:12, OTHER_GROUPS, 45.7, 58.4, 36808, 8.9, 0, 0, 129, 3912, 19944, 56563, 3.8, 2138.1, 6232.7
4, 129661, 06/01/2019 08:40:07, OTHER_GROUPS, 44.7, 61.8, 27506.3, 14.8, 0, 0, 135, 1546, 11834, 61527, 2.3, 2607.5, 3807.5
4, 129662, 06/01/2019 09:00:04, OTHER_GROUPS, 47.7, 53.5, 23227.9, 1.1, 0, 0, 112, 2029, 7952, 87859, 4.7, 6092.4, 4888.1
4, 129663, 06/01/2019 09:20:08, OTHER_GROUPS, 34.8, 39.8, 18059.6, 2.6, 0, 0, 179, 3499, 6667, 20542, 2.4, 3753.2, 5558.5
4, 129664, 06/01/2019 09:40:13, OTHER_GROUPS, 27, 33.2, 16531.1, 4.2, 0, 0, 129, 3103, 7137, 12609, 2, 2709.7, 4650.8
4, 129665, 06/01/2019 10:00:02, OTHER_GROUPS, 33.9, 41.1, 15439, 3.7, 0, 0, 75, 2246, 10648, 26853, 3.5, 7603.4, 5630.6
4, 129666, 06/01/2019 10:20:04, OTHER_GROUPS, 40.5, 51.4, 23225, 8.9, 0, 0, 54, 2095, 3905, 27329, 2, 4967.2, 4033.6
4, 129667, 06/01/2019 10:40:13, OTHER_GROUPS, 32.6, 36.7, 16015.6, 1.1, 0, 0, 86, 4435, 6817, 24411, 3, 3712.6, 6551.2
4, 129668, 06/01/2019 11:00:20, OTHER_GROUPS, 56.9, 71.5, 39068.6, 9.9, 0, 0, 45, 2022, 5367, 65463, 4.7, 9026.9, 4505.7
4, 129669, 06/01/2019 11:20:29, OTHER_GROUPS, 40.8, 48, 30705.5, 2.4, 0, 0, 40, 1171, 3255, 28298, 4.8, 3072.1, 9885.7
4, 129670, 06/01/2019 11:40:03, OTHER_GROUPS, 31.1, 33.3, 19852.7, 0.1, 0, 0, 98, 4529, 6691, 17164, 2.1, 2131.5, 6586.2
4, 129671, 06/01/2019 12:00:05, OTHER_GROUPS, 38.1, 52.4, 19817.9, 9.5, 0, 0, 39, 1760, 5413, 24879, 4.8, 7414.9, 3833.7
4, 129672, 06/01/2019 12:20:30, OTHER_GROUPS, 26, 29.8, 22301.8, 1.1, 0, 0, 47, 2309, 4085, 12046, 2.7, 3088.5, 3356.6
4, 129673, 06/01/2019 12:40:08, OTHER_GROUPS, 20.9, 22.7, 14155.6, 0.6, 0, 0, 22, 1359, 3241, 11129, 1.2, 2146.3, 1466.9
4, 129674, 06/01/2019 13:00:01, OTHER_GROUPS, 34.7, 36.7, 23698.6, 0.3, 0, 0, 59, 2422, 5094, 29758, 1.7, 8448.6, 1783.3
4, 129675, 06/01/2019 13:20:03, OTHER_GROUPS, 15.6, 16.9, 15341.3, 0.7, 0, 0, 29, 839, 2052, 4395, 0.6, 3981.7, 748.9
4, 129676, 06/01/2019 13:40:07, OTHER_GROUPS, 16.1, 17.3, 16496, 0, 0, 0, 16, 777, 5156, 4609, 1.2, 3402.1, 1600.4
4, 129677, 06/01/2019 14:00:16, OTHER_GROUPS, 13.4, 16.9, 13767.2, 2.9, 0, 0, 35, 1213, 3295, 3014, 0.6, 5221.3, 1069.9
4, 129678, 06/01/2019 14:20:07, OTHER_GROUPS, 3.4, 3.9, 2012.5, 0.1, 0, 0, 39, 1335, 2269, 1095, 0.4, 4560.9, 869.1
4, 129679, 06/01/2019 14:40:19, OTHER_GROUPS, 2.8, 4, 2765.8, 0.9, 0, 0, 34, 1105, 2099, 907, 0.3, 3923, 1336.5
4, 129680, 06/01/2019 15:00:23, OTHER_GROUPS, 11.2, 13.7, 11485.8, 1.6, 0, 0, 43, 1472, 2754, 2228, 0.9, 5602.9, 2063.8
4, 129681, 06/01/2019 15:20:10, OTHER_GROUPS, 22.2, 24.8, 4766.2, 1.1, 0, 0, 24, 1023, 3091, 6570, 1.5, 676.2, 5032.8
4, 129682, 06/01/2019 15:40:18, OTHER_GROUPS, 8.3, 10, 14079.2, 0.7, 0, 0, 77, 4528, 6764, 2933, 1, 549, 5822
4, 129683, 06/01/2019 16:00:29, OTHER_GROUPS, 4.8, 6.6, 3241.5, 0.9, 0, 0, 42, 2033, 3463, 1028, 0.9, 4309.9, 1894.1
4, 129684, 06/01/2019 16:20:04, OTHER_GROUPS, 3.7, 4.4, 1293.3, 0, 0, 0, 67, 3154, 4635, 759, 0.7, 481.1, 1910.7
4, 129685, 06/01/2019 16:40:11, OTHER_GROUPS, 1.6, 2.2, 1187.2, 0.4, 0, 0, 7, 264, 1557, 382, 0.2, 384.6, 517.6
4, 129686, 06/01/2019 17:00:17, OTHER_GROUPS, 0.9, 2.5, 3589.9, 1.5, 0, 0, 0, 0, 625, 26, 0.1, 12.9, 508.9
4, 129687, 06/01/2019 17:20:08, OTHER_GROUPS, 1, 2.5, 4512.8, 1.4, 0, 0, 0, 0, 709, 10, 0.1, 10.1, 218.5
4, 129688, 06/01/2019 17:40:01, OTHER_GROUPS, 0.6, 2.9, 4461.9, 2.2, 0, 0, 0, 0, 683, 30, 0.1, 50.2, 125.5
4, 129689, 06/01/2019 18:00:06, OTHER_GROUPS, 0.7, 3.2, 4501, 2.3, 0, 0, 0, 0, 632, 41, 0.2, 36.3, 383.4
4, 129690, 06/01/2019 18:20:11, OTHER_GROUPS, 0.8, 3.5, 4472.4, 2.5, 0, 0, 0, 0, 659, 21, 0.2, 28.4, 491.7
4, 129691, 06/01/2019 18:40:16, OTHER_GROUPS, 0.5, 2.6, 4309.5, 2, 0, 0, 0, 0, 662, 7, 0.1, 38.3, 310.8
4, 129692, 06/01/2019 19:00:17, OTHER_GROUPS, 3.9, 6.5, 8814.8, 2.3, 0, 0, 3, 64, 860, 828, 0.3, 842.7, 1067.4
4, 129693, 06/01/2019 19:20:06, OTHER_GROUPS, 3.5, 7.4, 6184, 3.6, 0, 0, 6, 64, 835, 583, 0.3, 1857.8, 489.7
4, 129694, 06/01/2019 19:40:12, OTHER_GROUPS, 0.5, 2.9, 4035.1, 2.3, 0, 0, 1, 16, 652, 8, 0.1, 30.4, 551.7
4, 129695, 06/01/2019 20:00:09, OTHER_GROUPS, 0.7, 4.1, 4777.6, 3.3, 0, 0, 0, 0, 621, 31, 0.1, 27.7, 599.2
4, 129696, 06/01/2019 20:20:19, OTHER_GROUPS, 0.6, 3.1, 4237.5, 2.3, 0, 0, 0, 0, 677, 24, 0.2, 50.5, 479.5
4, 129697, 06/01/2019 20:40:25, OTHER_GROUPS, 0.7, 2.3, 4128.8, 1.5, 0, 0, 0, 0, 658, 8, 0.1, 22.6, 278.6
4, 129698, 06/01/2019 21:00:02, OTHER_GROUPS, 0.7, 3.5, 4559.3, 2.6, 0, 0, 0, 0, 717, 28, 0.2, 33.2, 362.9
4, 129699, 06/01/2019 21:20:05, OTHER_GROUPS, 0.9, 2.9, 4167.2, 1.9, 0, 0, 0, 0, 672, 22, 0.1, 21.1, 412.9
4, 129700, 06/01/2019 21:40:15, OTHER_GROUPS, 0.8, 2.6, 4597.5, 1.7, 0, 0, 0, 0, 643, 18, 0.1, 17.3, 73.3
4, 129701, 06/01/2019 22:00:01, OTHER_GROUPS, 2.7, 5.7, 13900.8, 2.2, 0, 0, 1, 5, 1315, 283, 0.8, 489.2, 297.8
4, 129702, 06/01/2019 22:20:01, OTHER_GROUPS, 6.4, 8.7, 12414.3, 1.4, 0, 0, 0, 0, 4809, 419, 0.9, 1032.4, 592.7
4, 129703, 06/01/2019 22:40:08, OTHER_GROUPS, 6.4, 8, 11858.3, 0.8, 0, 0, 0, 0, 3441, 389, 0.8, 939, 443.9
4, 129704, 06/01/2019 23:00:14, OTHER_GROUPS, 6.3, 8.1, 12439.8, 0.8, 0, 0, 0, 0, 4223, 433, 1, 1031.3, 498.3
4, 129705, 06/01/2019 23:20:04, OTHER_GROUPS, 6.7, 8.7, 12240.5, 1.1, 0, 0, 0, 0, 3643, 448, 0.9, 1007.2, 545.9
4, 129706, 06/01/2019 23:40:04, OTHER_GROUPS, 6.2, 8.9, 12230.9, 1.9, 0, 0, 0, 0, 4583, 310, 0.8, 1003.3, 294.2
4, 129689, 06/01/2019 18:00:06, SANDBOX_GROUP, 0.1, 0.2, 0, 0, 0, 0, 2, 32, 60, 4, 0.1, 1049.8, 245.7
4, 129635, 06/01/2019 00:00:01, SZB_SANDBOX_GROUP, 4.5, 4.8, 340.5, 0, 0, 0, 45, 2784, 4184, 1035, 0.3, 2276.5, 561.1
4, 129636, 06/01/2019 00:20:07, SZB_SANDBOX_GROUP, 1.6, 1.7, 185.8, 0.1, 0, 0, 14, 815, 949, 312, 0, 57.3, 47
4, 129637, 06/01/2019 00:40:20, SZB_SANDBOX_GROUP, 1.8, 2.3, 169.7, 0.5, 0, 0, 4, 175, 196, 544, 0, 38.8, 14.6
4, 129638, 06/01/2019 01:00:07, SZB_SANDBOX_GROUP, 4.3, 4.4, 628.6, 0, 0, 0, 23, 1071, 1672, 1521, 0.1, 2287.9, 159.7
4, 129639, 06/01/2019 01:20:10, SZB_SANDBOX_GROUP, 2.1, 2.3, 147.2, 0, 0, 0, 32, 1600, 1938, 586, 0.2, 164.5, 222.8
4, 129640, 06/01/2019 01:40:15, SZB_SANDBOX_GROUP, 1, 1, 102.3, 0, 0, 0, 14, 529, 706, 96, 0, 359.7, 51.8
4, 129641, 06/01/2019 02:00:02, SZB_SANDBOX_GROUP, 8, 11.4, 2006.9, 2.8, 0, 0, 4, 175, 3286, 2195, 0.6, 2297.5, 1575
4, 129642, 06/01/2019 02:20:03, SZB_SANDBOX_GROUP, 0.6, 0.8, 252.3, 0.2, 0, 0, 3, 111, 115, 29, 0, 42.8, 302
4, 129643, 06/01/2019 02:40:12, SZB_SANDBOX_GROUP, 0.7, 0.8, 157.7, 0, 0, 0, 1, 15, 194, 44, 0.1, 63.1, 333
4, 129644, 06/01/2019 03:00:24, SZB_SANDBOX_GROUP, 9.1, 10.8, 11064.6, 1.3, 0, 0, 8, 448, 1396, 1373, 0.4, 1550, 438.9
4, 129645, 06/01/2019 03:20:05, SZB_SANDBOX_GROUP, 0.7, 0.7, 454.1, 0, 0, 0, 2, 47, 164, 76, 0, 41.7, 6.3
4, 129646, 06/01/2019 03:40:01, SZB_SANDBOX_GROUP, 5.5, 14.1, 2022.4, 8.2, 0, 0, 3, 111, 1925, 3429, 0.4, 780.4, 1962.3
4, 129647, 06/01/2019 04:00:05, SZB_SANDBOX_GROUP, 31.9, 60.3, 26720.7, 25, 0, 0, 3, 111, 6307, 50000, 3.4, 13826, 3289.5
4, 129648, 06/01/2019 04:20:12, SZB_SANDBOX_GROUP, 24.9, 57.3, 46550.4, 29, 0, 0, 7, 367, 4133, 14889, 3.4, 13243.5, 1893.5
4, 129649, 06/01/2019 04:40:17, SZB_SANDBOX_GROUP, 6.8, 10.5, 4753, 2.4, 0, 0, 2, 47, 3265, 2194, 1.3, 7097.6, 5475.1
4, 129650, 06/01/2019 05:00:22, SZB_SANDBOX_GROUP, 14.7, 25.9, 4663.9, 8.4, 0, 0, 12, 543, 6560, 10679, 2.8, 5876.2, 4795.4
4, 129651, 06/01/2019 05:20:17, SZB_SANDBOX_GROUP, 10.7, 13.4, 7935.8, 1.8, 0, 0, 53, 1896, 2833, 5154, 0.9, 886.6, 1896.8
4, 129652, 06/01/2019 05:40:00, SZB_SANDBOX_GROUP, 16.3, 17.1, 18543.1, 0, 0, 0, 13, 471, 1293, 8102, 0.8, 1002.2, 1881.3
4, 129653, 06/01/2019 06:00:10, SZB_SANDBOX_GROUP, 11.8, 17.4, 21793.7, 4.6, 2, 0, 54, 1227, 3997, 3968, 1, 3303.2, 1807.8
4, 129654, 06/01/2019 06:20:01, SZB_SANDBOX_GROUP, 21.7, 28.6, 22587, 5.7, 0, 0, 105, 2139, 10449, 11432, 1.2, 1270.7, 2749.3
4, 129655, 06/01/2019 06:40:04, SZB_SANDBOX_GROUP, 12.2, 21.9, 10422.1, 7.7, 0, 0, 166, 3580, 15000, 6227, 2, 1557.8, 6501.4
4, 129686, 06/01/2019 17:00:17, SZB_SANDBOX_GROUP, 0.4, 0.4, 23.4, 0, 0, 0, 2, 128, 654, 176, 0, 2468.4, 69.1
4, 129687, 06/01/2019 17:20:08, SZB_SANDBOX_GROUP, 0, 0, 9.5, 0, 0, 0, 1, 32, 59, 5, 0, 0.1, 2.4
4, 129688, 06/01/2019 17:40:01, SZB_SANDBOX_GROUP, 4.7, 5.1, 883.6, 0, 0, 0, 67, 4000, 5349, 1611, 0.4, 974.7, 498.6
4, 129689, 06/01/2019 18:00:06, SZB_SANDBOX_GROUP, 9.2, 9.9, 9140.1, 0, 0, 0, 24, 1472, 2061, 2795, 0.7, 814.3, 672.5
4, 129690, 06/01/2019 18:20:11, SZB_SANDBOX_GROUP, 1.2, 1.4, 1441, 0, 0, 0, 6, 384, 516, 259, 0.2, 47.9, 462.3
4, 129691, 06/01/2019 18:40:16, SZB_SANDBOX_GROUP, 1.1, 1.3, 547.2, 0.1, 0, 0, 4, 192, 232, 85, 0.1, 64.4, 335.4
4, 129692, 06/01/2019 19:00:17, SZB_SANDBOX_GROUP, 4.2, 4.4, 523.6, 0, 0, 0, 27, 1664, 2990, 616, 0.2, 1424.5, 272.8
4, 129693, 06/01/2019 19:20:06, SZB_SANDBOX_GROUP, 1.3, 1.5, 739.2, 0, 0, 0, 36, 1824, 2187, 226, 0.2, 232.5, 461.9
4, 129694, 06/01/2019 19:40:12, SZB_SANDBOX_GROUP, 0.6, 1, 479.6, 0.3, 0, 0, 3, 64, 203, 60, 0.1, 61.4, 340.3
4, 129695, 06/01/2019 20:00:09, SZB_SANDBOX_GROUP, 11.2, 11.4, 785.4, 0, 0, 0, 10, 512, 1831, 1023, 0.2, 2218.1, 281
4, 129696, 06/01/2019 20:20:19, SZB_SANDBOX_GROUP, 2.5, 2.6, 145.8, 0, 0, 0, 45, 2880, 3553, 326, 0.1, 124.1, 206.3
4, 129697, 06/01/2019 20:40:25, SZB_SANDBOX_GROUP, 1.2, 1.2, 66, 0, 0, 0, 15, 640, 779, 39, 0, 25.6, 37.4
4, 129698, 06/01/2019 21:00:02, SZB_SANDBOX_GROUP, 7.1, 7.7, 4403.7, 0, 0, 0, 48, 2528, 3565, 1159, 0.6, 2517.1, 365.5
4, 129699, 06/01/2019 21:20:05, SZB_SANDBOX_GROUP, 0.6, 0.6, 7003.5, 0, 0, 0, 4, 160, 226, 39, 0, 92.3, 17.8
4, 129700, 06/01/2019 21:40:15, SZB_SANDBOX_GROUP, 3.7, 4, 996, 0, 0, 0, 46, 2504, 3303, 529, 0.3, 264.8, 1415.4
4, 129701, 06/01/2019 22:00:01, SZB_SANDBOX_GROUP, 10.5, 14.2, 1932.1, 2.8, 0, 0, 26, 1608, 2552, 2797, 0.9, 4495, 2636.7
4, 129702, 06/01/2019 22:20:01, SZB_SANDBOX_GROUP, 9.5, 9.8, 2447, 0, 0, 0, 20, 1280, 1452, 1524, 0.3, 202, 428.7
4, 129703, 06/01/2019 22:40:08, SZB_SANDBOX_GROUP, 10.3, 10.6, 2383.9, 0.2, 0, 0, 0, 0, 199, 740, 0.1, 159, 71.3
4, 129704, 06/01/2019 23:00:14, SZB_SANDBOX_GROUP, 2.5, 2.9, 1016.8, 0.2, 0, 0, 5, 320, 907, 464, 0.2, 5458.8, 382
4, 129705, 06/01/2019 23:20:04, SZB_SANDBOX_GROUP, 1.1, 1.2, 182.3, 0, 0, 0, 1, 32, 36, 18, 0.1, 30.4, 43.6
4, 129706, 06/01/2019 23:40:04, SZB_SANDBOX_GROUP, 3.2, 3.5, 612.7, 0, 0, 0, 10, 576, 1065, 475, 0.3, 130, 371
