HOST, SNAP_ID, TIME, SYS_CPU, SYS_DBTIME, SYS_SYSPCT, SYS_READ, SYS_WRITE, SYS_REDO, SYS_OSWAIT, SYS_RMWAIT, SYS_ACTSESS_MAX, SYS_ACTSESS_AVG, SYS_PGA, SYS_PXRUNS, SYS_PXQCT, SYS_PXSRVT, SYS_UCALLS, SYS_IOWAIT
1, 126651, 22/11/2018 00:00:01, 17.1, 56.2, 4.5, 157.8, 274, 57.4, 0.4, 0, 271.8, 143.8, 18755.8, 327.1, 9.6, 262, 73.4, 8.4
1, 126652, 22/11/2018 00:20:01, 15.9, 35, 4.2, 199.7, 196.7, 45.1, 0.4, 0, 134.8, 89.7, 17579.9, 281.2, 7.5, 194.7, 71.6, 17.5
1, 126653, 22/11/2018 00:40:01, 13.1, 31.7, 3.7, 191.4, 113.1, 21.5, 0.4, 0, 169.6, 81.1, 28220.6, 309.3, 4.9, 111.8, 52.5, 6.6
1, 126654, 22/11/2018 01:01:01, 25.1, 60.1, 7.6, 4251.7, 147.6, 29.6, 0.6, 0, 254.4, 153.9, 30964.3, 878.3, 14.8, 290.2, 62.4, 13.3
1, 126655, 22/11/2018 01:20:00, 20.1, 33.9, 6.2, 590.1, 138.6, 26, 0.5, 0, 129.4, 86.7, 29080.2, 627.8, 10.6, 193.2, 83.5, 12.8
1, 126656, 22/11/2018 01:40:00, 9, 23.1, 3.3, 113.7, 63.2, 12.3, 0.3, 0, 156.4, 59.2, 29161.1, 761.8, 9.9, 183.4, 24.9, 6.1
1, 126657, 22/11/2018 01:59:01, 12.4, 21.9, 3.5, 380, 97.4, 24.1, 0.4, 0, 98.4, 56.2, 28870.8, 807.5, 8.8, 162.4, 35.9, 5.9
1, 126658, 22/11/2018 02:20:01, 18.4, 33.6, 4.3, 4501.9, 97, 21.1, 0.4, 0, 260.8, 86, 35893.2, 879.4, 12, 203.6, 33.3, 5.9
1, 126659, 22/11/2018 02:40:00, 58, 67.8, 9.7, 7465.7, 111.9, 12.6, 0.7, 0.5, 211.7, 173.6, 56601.3, 354.2, 16.2, 335.2, 38.8, 7.9
1, 126660, 22/11/2018 03:00:00, 32, 53.1, 5.4, 3006.1, 130.9, 15.6, 0.5, 0.3, 271.1, 136, 40008.4, 261.3, 12.3, 253.2, 34.3, 7.3
1, 126661, 22/11/2018 03:20:00, 14.9, 33.7, 4.2, 364.3, 149, 23.5, 0.4, 0, 216.7, 86.3, 28275.3, 304.5, 6.6, 131.6, 43.2, 8.6
1, 126662, 22/11/2018 03:40:00, 19.4, 28, 5.6, 127.2, 174, 32, 0.5, 0, 107.3, 71.6, 28282.3, 309.5, 6.1, 124.9, 72, 8.1
1, 126663, 22/11/2018 04:00:00, 20, 40.1, 5.4, 114.2, 235.8, 27.5, 0.5, 0, 165.4, 102.6, 72593.1, 245.5, 6.1, 121.8, 76.8, 10.9
1, 126664, 22/11/2018 04:20:00, 28.7, 30, 6.5, 104.4, 626.6, 26.5, 0.6, 0, 127.1, 76.8, 72625.7, 265.6, 6.9, 120.2, 68.4, 8.8
1, 126665, 22/11/2018 04:40:00, 25.2, 34.3, 5.7, 35.6, 629.5, 23.9, 0.5, 0, 152.9, 87.7, 72621.3, 293.2, 5.6, 116.1, 62.4, 7.5
1, 126666, 22/11/2018 05:00:00, 18.3, 45.8, 5.2, 42.4, 303.6, 23.8, 0.5, 0, 197.3, 117.4, 68540.4, 237.8, 4.1, 113.1, 57.7, 24.4
1, 126667, 22/11/2018 05:19:59, 24, 46, 7.6, 265.7, 185, 32.4, 0.7, 0, 215.1, 117.7, 68597.1, 270.2, 4.6, 129.1, 81.7, 10.4
1, 126668, 22/11/2018 05:40:00, 23.6, 34.1, 7.2, 110.1, 221.5, 41.6, 0.7, 0, 155.1, 87.3, 24014.2, 322.2, 4, 113.1, 87.3, 8.4
1, 126669, 22/11/2018 06:00:00, 40.9, 55.5, 10.8, 762.7, 343.3, 56.9, 0.9, 0, 224.5, 142, 26693, 258.5, 5.4, 172.2, 97.8, 12.4
1, 126670, 22/11/2018 06:20:00, 29.3, 44.3, 8.4, 187.1, 291.4, 54.1, 0.7, 0, 191.2, 113.4, 24106.6, 269.4, 4.8, 123.2, 97.6, 9.5
1, 126671, 22/11/2018 06:40:00, 20.4, 36.7, 6.1, 135.2, 235.6, 45.1, 0.6, 0, 245.7, 94, 24170.3, 286.4, 4, 113, 89.3, 7.6
1, 126672, 22/11/2018 07:00:00, 30.9, 52.8, 9.3, 126.8, 297.7, 58.7, 0.8, 0, 240.6, 135.2, 23994.8, 229, 4.1, 113.1, 117.7, 13.2
1, 126673, 22/11/2018 07:19:59, 37.9, 54.2, 11.3, 372.6, 353.8, 65.3, 1, 0, 236.7, 138.8, 24018.7, 269.4, 4.8, 124.4, 132, 12.7
1, 126674, 22/11/2018 07:39:59, 44.1, 74.8, 13.2, 138.7, 385.8, 77.5, 1, 0, 308.9, 191.4, 24070.8, 289.5, 4, 113, 132.3, 15.5
1, 126675, 22/11/2018 07:59:59, 64, 95, 18, 5776.6, 423.4, 86.3, 1.4, 0, 344.7, 243.2, 25476.5, 257.3, 4.6, 139.6, 173.3, 21.1
1, 126676, 22/11/2018 08:19:59, 66.1, 85.2, 18.1, 182.6, 423.3, 90.3, 1.4, 0, 298.5, 218, 24071.9, 290.1, 4.1, 106.5, 205.2, 19.9
1, 126677, 22/11/2018 08:39:59, 54, 88, 15.5, 16198.5, 405.7, 80.8, 1.2, 0, 295.9, 225.4, 23944.4, 312.8, 5.3, 102.5, 161.9, 21.4
1, 126678, 22/11/2018 08:59:58, 39.8, 62.2, 13, 16183.6, 347, 63.1, 1.1, 0, 283.5, 159.3, 23967.2, 246.1, 5.1, 101.9, 158.7, 28.2
1, 126679, 22/11/2018 09:19:59, 28.3, 80.3, 9.5, 96.3, 273.3, 50.4, 0.8, 0, 384.9, 205.5, 24861.3, 267.4, 5, 94.4, 116.3, 20.2
1, 126680, 22/11/2018 09:39:59, 39.6, 71.3, 12.9, 137, 338.9, 65, 1.1, 0, 365.2, 182.5, 26849.4, 290, 4.6, 112, 163.6, 26.7
1, 126681, 22/11/2018 09:59:59, 39.4, 77.8, 11.8, 173.2, 357.3, 55.8, 1, 0, 333.2, 199, 43084.8, 239.8, 5.6, 146.6, 139.8, 24
1, 126682, 22/11/2018 10:19:59, 37.7, 84, 10.6, 376.6, 381.7, 49.5, 0.9, 0, 334.4, 214.9, 43334.3, 272.5, 6.5, 168.2, 122.3, 20.5
1, 126683, 22/11/2018 10:39:59, 36.3, 80.6, 10.4, 161.1, 336.7, 50.2, 0.9, 0, 333, 206.3, 62917.1, 294.3, 6.1, 161.1, 127.3, 20.3
1, 126684, 22/11/2018 10:59:58, 38.3, 77.7, 10.1, 176.1, 319.9, 59.5, 0.8, 0, 346.2, 199, 66363.9, 248.3, 6.1, 161.1, 126.9, 22.3
1, 126685, 22/11/2018 11:19:58, 37.2, 60.8, 10.5, 164.6, 276.5, 56.3, 0.9, 0, 203.4, 155.5, 55676, 255.7, 6, 155, 140.3, 26.9
1, 126686, 22/11/2018 11:39:58, 43.2, 60.8, 12.5, 1163.8, 318.9, 61.7, 1, 0, 192.9, 155.7, 41932.8, 280, 6.5, 155.4, 140.7, 22.9
1, 126687, 22/11/2018 11:59:58, 45.8, 68.8, 12.8, 1154.3, 354.3, 59.7, 1.1, 0, 224, 176.1, 24217.9, 262.2, 5.7, 139.5, 138.3, 24.5
1, 126688, 22/11/2018 12:19:58, 40.8, 65.1, 12.3, 1072.1, 280.7, 59.3, 1, 0, 208.9, 166.6, 24226.5, 282.2, 4.1, 89.2, 145.9, 22
1, 126689, 22/11/2018 12:39:59, 35.3, 66.8, 10.6, 1016.9, 250.4, 54.9, 0.9, 0, 327.2, 171, 24345.2, 319.9, 4, 89, 130.4, 24.6
1, 126690, 22/11/2018 12:59:58, 40.7, 59.4, 12.3, 985.9, 284.7, 59.9, 1, 0, 203.4, 152, 24362.8, 269.5, 4.1, 89.9, 144.2, 23.9
1, 126691, 22/11/2018 13:19:58, 38.7, 63.1, 11.4, 1169.2, 273.4, 60.4, 1, 0, 247, 161.5, 24757.2, 300.7, 4.5, 95.7, 143.1, 24.5
1, 126692, 22/11/2018 13:39:58, 37, 62.5, 10.8, 1696.6, 303.6, 56.1, 0.9, 0, 251.9, 160.1, 24215.8, 295.5, 5.4, 100.7, 138.7, 25.1
1, 126693, 22/11/2018 13:59:58, 37.4, 65.7, 11.2, 978.7, 281.2, 60.3, 0.9, 0, 279.6, 168.1, 25249.2, 247.5, 5, 91, 150.6, 23.7
1, 126694, 22/11/2018 14:19:58, 37.4, 55.9, 11.1, 793.6, 278.9, 60, 1, 0, 211, 143, 23584.8, 271.5, 4.8, 76.7, 175.1, 12.4
1, 126695, 22/11/2018 14:39:58, 35.2, 42, 11.1, 282.9, 280, 61.2, 1, 0, 205.4, 107.5, 23438.3, 331.5, 4.4, 45.8, 193.6, 11.6
1, 126696, 22/11/2018 14:59:57, 36.6, 61.4, 10.8, 231.4, 267.3, 58.6, 0.9, 0, 268.6, 157.3, 23540.1, 278, 5.1, 51.7, 167.5, 11.5
1, 126697, 22/11/2018 15:19:58, 51, 95.5, 13.9, 7224.8, 269.1, 58.6, 1.2, 25.2, 442.4, 244.5, 28527.3, 354.4, 19.9, 200.6, 157.6, 12.2
1, 126698, 22/11/2018 15:39:58, 47.8, 80.4, 13.2, 879.6, 279.3, 58.7, 1.2, 17.6, 286, 205.8, 27445.6, 328.7, 20.4, 200.5, 156.4, 18.3
1, 126699, 22/11/2018 15:59:58, 44.8, 69.8, 12.1, 701.4, 251.4, 54.7, 1, 4.2, 350.8, 178.6, 27666.5, 344.3, 16.2, 154.6, 146.3, 18.4
1, 126700, 22/11/2018 16:19:58, 49.1, 70.1, 13.3, 1288.5, 281.3, 60.7, 1, 6.6, 237.5, 179.6, 28066.3, 317.1, 17.2, 162.5, 149.2, 15.6
1, 126701, 22/11/2018 16:39:57, 41.7, 70.4, 11.8, 585.9, 264.7, 55.9, 1, 0.5, 339.4, 180.3, 25387.9, 323.8, 13.1, 119, 139.7, 18.3
1, 126702, 22/11/2018 16:59:58, 79.7, 107.6, 17.6, 7141.6, 250.5, 50.8, 4.9, 5.2, 476.4, 275.5, 41393.2, 331.4, 23.1, 287.6, 130.1, 19.8
1, 126703, 22/11/2018 17:19:57, 89.1, 102.1, 19.2, 5164, 290.6, 56.5, 6.4, 0.7, 331.3, 261.3, 41678.3, 348.1, 20.9, 298.5, 139.1, 21
1, 126704, 22/11/2018 17:39:58, 75.7, 92.6, 16.2, 2957.3, 282.1, 54.7, 6.8, 0.6, 345.9, 237, 51459.6, 318.1, 19.7, 348.5, 142.3, 21.9
1, 126705, 22/11/2018 17:59:57, 53.4, 95.8, 13.7, 2255.3, 328, 62.4, 1, 0, 316.7, 245.1, 41266, 269, 18.2, 292.6, 150.4, 50.8
1, 126706, 22/11/2018 18:19:57, 43.8, 99.3, 11.4, 3494.1, 261.9, 50.6, 2.5, 0.2, 481.6, 254.2, 34258.6, 323.8, 14, 175.6, 117.8, 24.4
1, 126707, 22/11/2018 18:39:57, 49.1, 97.9, 14.2, 1122.6, 263.7, 55.1, 1.4, 0, 387.5, 250.7, 25367.3, 346, 14.7, 201.5, 128.1, 23.4
1, 126708, 22/11/2018 18:59:57, 38.7, 73.9, 11.9, 1535.6, 415.1, 54.6, 0.9, 0, 312.9, 189.3, 35463.8, 354, 10.2, 149.8, 99.7, 18.8
1, 126709, 22/11/2018 19:19:57, 26.6, 36.1, 8.3, 2409.4, 336.7, 53.6, 0.7, 0, 202.7, 92.4, 23584.6, 322.6, 6.3, 86.8, 93.5, 10.6
1, 126710, 22/11/2018 19:39:57, 21, 30.1, 6.6, 192.1, 226, 51.7, 0.6, 0, 238.6, 77, 23604, 288.6, 5, 57, 87.6, 9
1, 126711, 22/11/2018 19:59:57, 39.7, 79.5, 10.8, 1782.5, 359, 45.2, 0.8, 0, 405.4, 203.5, 33845.9, 290.8, 13.9, 293.6, 70.8, 15.1
1, 126712, 22/11/2018 20:19:57, 42.6, 66.2, 12.9, 1446, 367.9, 45.7, 1, 0, 283, 169.4, 51853.6, 283.7, 11.5, 286.3, 74.9, 20.7
1, 126713, 22/11/2018 20:39:57, 37.9, 57.5, 10.7, 1289, 458.7, 41.1, 0.8, 0, 219.6, 147.1, 62326.9, 304, 10.4, 249, 59, 18.2
1, 126714, 22/11/2018 20:59:56, 44, 61.3, 9.8, 1328.1, 366.4, 33.2, 0.7, 0, 225, 156.9, 37747, 241.8, 12.4, 292.9, 51.3, 19.8
1, 126715, 22/11/2018 21:20:56, 42.1, 56.1, 9.5, 1049.7, 274.1, 22.1, 0.7, 0, 196.7, 143.7, 34366.2, 281.9, 10.7, 251.9, 37.6, 16.2
1, 126716, 22/11/2018 21:39:56, 39, 47.7, 8.9, 833.3, 287.9, 18.6, 0.7, 0, 171.5, 122.1, 47812, 311.4, 9.5, 225, 32.4, 14.3
1, 126717, 22/11/2018 21:59:56, 33.1, 45.4, 7.4, 761.6, 181.9, 13.4, 0.6, 0, 137.3, 116.2, 32989.9, 236.3, 9.1, 207.4, 27.7, 13.7
1, 126718, 22/11/2018 22:19:56, 26.8, 38.9, 7.8, 745, 113.5, 11, 0.6, 0, 122.2, 99.6, 25498.4, 271.2, 8.1, 177.1, 31.4, 14.5
1, 126719, 22/11/2018 22:39:56, 14.2, 32.2, 5.7, 295.3, 62.7, 10.4, 0.5, 0, 209.7, 82.4, 23957.2, 292.3, 5.8, 116.2, 26.9, 12.2
1, 126720, 22/11/2018 22:59:56, 17.9, 42, 6.9, 442.1, 62.7, 15.7, 0.6, 0, 249.6, 107.4, 28999.9, 282.9, 5.7, 135.4, 38.1, 14.1
1, 126721, 22/11/2018 23:19:55, 21.6, 35.5, 8.5, 936.4, 80.3, 13.1, 0.7, 0, 131.7, 91, 24300.7, 279.3, 6.1, 161, 23.3, 16.7
1, 126722, 22/11/2018 23:39:56, 13.3, 27.5, 5.4, 224.8, 50.2, 11.8, 0.5, 0, 140, 70.5, 23959.8, 318.4, 5, 105, 33.5, 10.9
2, 126651, 22/11/2018 00:00:08, 36.4, 78.2, 10.4, 1481, 168.1, 17.5, 0.8, 0.1, 310.7, 200.1, 33570.1, 139.5, 11.6, 264.9, 73.1, 17.7
2, 126652, 22/11/2018 00:20:08, 33.7, 53.2, 9.3, 847.3, 158.1, 23.5, 0.7, 0.2, 192.8, 136.2, 33673.7, 87.3, 10.2, 229.3, 95.7, 23.4
2, 126653, 22/11/2018 00:39:08, 37.8, 65.1, 10.3, 643.7, 245, 40.7, 0.9, 0, 219.1, 166.7, 33712.5, 74.6, 9.5, 232.5, 129.1, 14.3
2, 126654, 22/11/2018 01:01:07, 44.1, 77.5, 12.1, 455.8, 301.9, 51.8, 1, 0, 280.2, 198.4, 32784.1, 61.1, 8.3, 184.4, 163.9, 16.3
2, 126655, 22/11/2018 01:19:08, 53.9, 59.9, 13.1, 39159.8, 276.9, 42.2, 0.9, 0, 242.2, 153.3, 45605.2, 114, 9.7, 231.2, 147.8, 13.6
2, 126656, 22/11/2018 01:39:08, 69.3, 74.5, 14.2, 71607, 229.9, 27.7, 0.9, 0, 250, 190.8, 44626, 156.1, 12.3, 336.5, 123.7, 7.5
2, 126657, 22/11/2018 01:59:07, 40.3, 44.3, 9.7, 31294.4, 143.3, 25, 0.7, 0, 172.4, 113.3, 32153.6, 111.9, 6.5, 158.1, 122.7, 8.6
2, 126658, 22/11/2018 02:19:08, 40.9, 48, 11.1, 267.1, 196.9, 43.8, 0.9, 0, 226.8, 123, 41373.5, 66.6, 5.3, 119.8, 228, 6.4
2, 126659, 22/11/2018 02:40:07, 40.1, 35.3, 10.7, 115.3, 225.5, 49.7, 0.9, 0, 111.9, 90.5, 23742.2, 77.9, 4.5, 105.6, 291.4, 4.1
2, 126660, 22/11/2018 03:00:08, 33.4, 35.4, 9.2, 22.6, 213.5, 46.6, 0.8, 0, 167.2, 90.7, 23427.3, 60, 3, 81.1, 264.4, 3.9
2, 126661, 22/11/2018 03:20:07, 22.6, 22.9, 6.5, 20.9, 160.7, 34.7, 0.6, 0, 96.8, 58.5, 23436.7, 61.9, 3, 81.1, 171.9, 3.3
2, 126662, 22/11/2018 03:40:07, 17.7, 16.2, 6.2, 94.9, 161.1, 36, 0.6, 0, 65.3, 41.4, 23381.7, 66.9, 3.1, 81.4, 188.5, 3
2, 126663, 22/11/2018 04:00:07, 13.1, 18.4, 4.6, 17.7, 165.8, 24, 0.4, 0, 86.3, 47, 45599, 4757.9, 3.1, 81.1, 103.2, 4.3
2, 126664, 22/11/2018 04:20:07, 18.8, 14.4, 5.6, 17, 399.4, 25.7, 0.5, 0, 63.4, 36.7, 45602.8, 5569.3, 3.2, 81.2, 127.9, 3.7
2, 126665, 22/11/2018 04:40:07, 14.2, 14.1, 4, 13.4, 359.4, 19.1, 0.4, 0, 78.9, 36.1, 45616.7, 5581.5, 3.1, 81.2, 80.9, 2.2
2, 126666, 22/11/2018 05:00:06, 12.5, 20.7, 4.4, 13.5, 134.7, 21.5, 0.4, 0, 123.4, 52.9, 45419.5, 1355, 2.3, 68.4, 102.8, 10
2, 126667, 22/11/2018 05:20:07, 12.6, 16.9, 4.5, 41, 127.4, 24.4, 0.4, 0, 105.8, 43.3, 45424.5, 1817.6, 2.1, 65.1, 98.8, 3.3
2, 126668, 22/11/2018 05:40:06, 13, 13.6, 4.7, 109.9, 114.9, 25.3, 0.4, 0, 75.4, 34.8, 23189.5, 8274.6, 2.1, 65.2, 102.3, 3.8
2, 126669, 22/11/2018 05:59:06, 60.9, 61.5, 11.7, 2187.8, 550, 26.1, 0.8, 0.2, 281.4, 157.5, 101429.4, 61.9, 9.9, 271.2, 92.8, 7.5
2, 126670, 22/11/2018 06:19:07, 58.2, 57.4, 10.6, 752.6, 254.9, 26.9, 0.8, 0, 216.2, 147, 87642.2, 51.6, 9.3, 264.9, 97.6, 6.1
2, 126671, 22/11/2018 06:40:06, 55, 52.1, 9.1, 810.2, 305.5, 26.5, 0.6, 0, 247.4, 133.3, 74128, 53.7, 9, 259.1, 102.5, 3.9
2, 126672, 22/11/2018 06:59:06, 60.9, 69.4, 11.4, 6652.7, 503.5, 32.9, 0.8, 0, 367.4, 177.7, 49382.7, 46.6, 10, 291.1, 108.2, 5.8
2, 126673, 22/11/2018 07:20:07, 42.6, 48.9, 10.1, 940, 348.9, 36.4, 0.8, 0, 223.2, 125.2, 37880.1, 48.1, 7.8, 220.7, 128.9, 7.3
2, 126674, 22/11/2018 07:40:07, 30.8, 44.7, 7.7, 516.1, 222.6, 35.5, 0.6, 0, 224.3, 114.4, 48299.5, 54.8, 5.1, 158.8, 111.7, 4.6
2, 126675, 22/11/2018 08:00:06, 42, 56.3, 11.5, 574.5, 347.7, 45.7, 0.9, 0, 255.5, 144.2, 34147.6, 47.6, 8.2, 187.1, 162.5, 9.3
2, 126676, 22/11/2018 08:19:06, 31.4, 36, 9.4, 412.6, 220, 47.5, 0.8, 0, 183.3, 92.3, 38399.9, 43.8, 4.7, 159.1, 148.9, 6.6
2, 126677, 22/11/2018 08:40:06, 26.7, 39.8, 8.6, 317.8, 230.2, 49.1, 0.7, 0, 235.4, 101.9, 12208.4, 45.8, 3.7, 126.7, 143, 6.2
2, 126678, 22/11/2018 09:00:06, 32.9, 32.6, 9.4, 16282, 312.2, 59.7, 0.8, 0, 183.2, 83.3, 12235.2, 50.2, 2.9, 92, 177.2, 6.8
2, 126679, 22/11/2018 09:20:06, 22.3, 48.4, 7.4, 786.3, 251.6, 53.7, 0.7, 0, 320.3, 123.8, 12014.1, 47, 2, 65.2, 158.6, 3.1
2, 126680, 22/11/2018 09:40:06, 32.5, 41.7, 10.3, 1181, 319.6, 76.3, 0.9, 0, 307.5, 106.9, 12099, 56.9, 2.1, 65.9, 210.9, 5
2, 126681, 22/11/2018 09:59:06, 34.7, 45.1, 10.7, 337.6, 335.9, 62.7, 0.9, 0, 228.3, 115.5, 30068.3, 62, 4.7, 109.9, 189.3, 6.5
2, 126682, 22/11/2018 10:20:06, 34, 52, 9.7, 218.9, 345.8, 63.2, 0.8, 0, 277.7, 133.1, 24287.5, 56.9, 4.4, 119.4, 178.9, 3.1
2, 126683, 22/11/2018 10:40:06, 33.7, 52.8, 9.9, 110, 332.4, 69.5, 0.8, 0, 272, 135.1, 29493.7, 82.2, 3.6, 113.5, 202.7, 3.8
2, 126684, 22/11/2018 10:59:05, 32.2, 42.5, 9.8, 58.8, 332.4, 66.5, 0.8, 0, 230, 108.7, 28059.8, 47.4, 3, 95.7, 204, 3.9
2, 126685, 22/11/2018 11:20:06, 32.1, 28.1, 9.8, 64.4, 338.3, 69.4, 0.9, 0, 121.9, 71.8, 18448.9, 63.9, 2.4, 71.5, 211, 4.2
2, 126686, 22/11/2018 11:40:06, 34.2, 30.4, 10.5, 371, 359.9, 73.5, 0.9, 0, 108.3, 77.8, 28911.4, 57, 3.5, 95.6, 232.2, 3.5
2, 126687, 22/11/2018 12:00:06, 33.8, 33.2, 10.2, 69, 356, 73.2, 0.9, 0, 150.2, 84.9, 33914.5, 54.3, 4, 113.1, 220.5, 4.3
2, 126688, 22/11/2018 12:20:05, 33.3, 32.4, 10.1, 106.1, 373.9, 76, 0.9, 0, 128.2, 83.1, 35065.3, 23, 4.4, 117.9, 203.1, 3.5
2, 126689, 22/11/2018 12:40:05, 31.8, 40.3, 9.6, 174, 354.9, 69.9, 0.8, 0, 247, 103.2, 33284.3, 26.2, 3.7, 114.1, 188.4, 4.9
2, 126690, 22/11/2018 12:59:06, 31.1, 27.8, 9.5, 96.1, 353.4, 68.8, 0.8, 0, 156.7, 71.1, 35844.1, 41, 3, 90.2, 188.8, 4
2, 126691, 22/11/2018 13:20:05, 28.8, 29.5, 8.8, 107.2, 339.9, 65.1, 0.7, 0, 165.9, 75.4, 12202.5, 29, 2.7, 68.3, 167.4, 4.4
2, 126692, 22/11/2018 13:40:05, 26.5, 38.8, 8.2, 553, 234.3, 47.4, 0.7, 0, 191.3, 99.4, 11702.1, 62, 1, 33.1, 152.8, 11.8
2, 126693, 22/11/2018 14:00:05, 28.6, 45.5, 8.7, 542.5, 248.1, 52.7, 0.8, 0, 217.4, 116.6, 11618.2, 63.9, 1.2, 38.4, 177.7, 13.1
2, 126694, 22/11/2018 14:20:05, 28, 44.3, 8.5, 630.6, 239.5, 53.3, 0.7, 0, 210, 113.5, 11500.6, 52.4, 1, 33.1, 164.1, 12.1
2, 126695, 22/11/2018 14:39:04, 28.8, 35, 8.7, 782.4, 239.8, 53.7, 0.8, 0, 169.4, 89.7, 10938.3, 28.5, 1, 30.2, 160.2, 11
2, 126696, 22/11/2018 15:00:05, 29.3, 49.4, 8.4, 1112, 236.6, 51.1, 0.7, 0, 207.3, 126.5, 10612.6, 36, 2, 26, 147.8, 10.8
2, 126697, 22/11/2018 15:20:04, 48.5, 88.5, 12.7, 19559.8, 221.3, 49, 1.1, 18.9, 332.5, 226.7, 13672.2, 116.1, 16.5, 172.1, 133.6, 12.1
2, 126698, 22/11/2018 15:40:05, 48.1, 76, 13.8, 1457.8, 252.5, 50.2, 1, 6.6, 279.2, 194.6, 12652.4, 114.9, 16.7, 162.6, 150.9, 20.9
2, 126699, 22/11/2018 16:00:05, 43.4, 66.9, 12.7, 715.6, 264.8, 61.4, 1, 0.1, 305.2, 171.2, 13456.3, 82.1, 16.3, 133.4, 156.5, 15.3
2, 126700, 22/11/2018 16:20:05, 40, 56.4, 12, 824, 332.5, 71.1, 0.9, 0, 207.5, 144.4, 13386.2, 92, 13, 107.7, 151.6, 17.6
2, 126701, 22/11/2018 16:40:04, 35.4, 62.2, 10.5, 569.4, 353, 68.7, 0.9, 0.1, 332.1, 159.1, 12288.8, 49.8, 11.1, 98.7, 140.9, 16.3
2, 126702, 22/11/2018 17:00:05, 46.5, 70, 12.5, 1252.7, 328.2, 73.6, 1, 0.2, 364.2, 179.3, 12530.4, 46.1, 11.4, 107.8, 161.6, 15.2
2, 126703, 22/11/2018 17:20:04, 37.1, 45.7, 10.5, 815.1, 337.5, 74.8, 0.8, 0.1, 171.4, 117, 11318.3, 195.2, 6.9, 64.5, 146, 12.9
2, 126704, 22/11/2018 17:40:04, 30.4, 31.8, 9, 620.9, 326, 72.1, 0.7, 0, 121.3, 81.4, 12061.7, 174.9, 4.9, 45, 138.5, 7.9
2, 126705, 22/11/2018 18:00:04, 26.9, 30.3, 8.5, 236.9, 370.5, 71.4, 0.7, 0, 133, 77.7, 18218.3, 330.3, 4.1, 39.2, 142.5, 8.9
2, 126706, 22/11/2018 18:20:04, 26.3, 66.9, 7.9, 1026, 282.6, 60.6, 0.7, 0, 339.6, 171.3, 11249.9, 174.7, 4.5, 40.9, 114.7, 8.4
2, 126707, 22/11/2018 18:40:04, 32.2, 57.5, 8.8, 545.6, 361.4, 60.8, 0.7, 0, 339.5, 147.1, 14263.2, 146.7, 6.2, 97.9, 100.5, 6.2
2, 126708, 22/11/2018 18:59:04, 23.8, 35.1, 7.1, 1036.1, 270.7, 58.9, 0.6, 0, 169.5, 89.8, 16648.5, 219.6, 5, 70.6, 102.6, 4
2, 126709, 22/11/2018 19:20:03, 20.2, 20.8, 6.2, 803.5, 277.2, 57.7, 0.6, 0, 121.2, 53.2, 16680.6, 228.9, 4, 56.4, 91.3, 3.7
2, 126710, 22/11/2018 19:40:04, 21.3, 23.5, 6.3, 942.7, 264.5, 52.1, 0.5, 0, 192.1, 60.2, 22149, 285.3, 3.6, 53, 84.2, 4
2, 126711, 22/11/2018 20:00:04, 33.2, 53.9, 9.8, 494.5, 248.3, 52.4, 0.8, 0, 255.2, 138, 23298.5, 140.2, 7.2, 161.4, 112.7, 8.4
2, 126712, 22/11/2018 20:20:04, 38.2, 55.2, 12.3, 873.7, 249.2, 48.7, 0.9, 0, 224.5, 141.2, 30504.1, 267, 9.1, 212, 97.1, 16.6
2, 126713, 22/11/2018 20:40:04, 26.6, 39.9, 8.8, 1045.8, 206.1, 42.1, 0.7, 0, 164.3, 102.1, 12320.1, 214.9, 4.3, 110.9, 67.6, 14.3
2, 126714, 22/11/2018 21:00:03, 24, 37.3, 8.6, 655.8, 155.8, 33, 0.7, 0, 152.7, 95.6, 12507.3, 83.9, 3.9, 100.3, 66.7, 16.6
2, 126715, 22/11/2018 21:20:03, 21.6, 32.2, 7.5, 980, 137.1, 24.6, 0.6, 0, 157.8, 82.6, 12504.7, 77, 4.1, 106.3, 53.4, 11.4
2, 126716, 22/11/2018 21:39:03, 26.6, 33.7, 9.5, 968.2, 141.1, 31.4, 0.8, 0, 130.6, 86.3, 12677.8, 76, 4, 105.1, 81, 14.8
2, 126717, 22/11/2018 22:00:03, 21.7, 30.1, 7.4, 1006.9, 93, 15.9, 0.6, 0, 104.6, 77, 13109.3, 89.9, 4, 104.1, 52.4, 12.8
2, 126718, 22/11/2018 22:20:03, 22.7, 28.8, 8.4, 1708.5, 60.5, 10.7, 0.7, 0, 104.1, 73.7, 16421.1, 115.1, 4.6, 122.5, 33.7, 11.9
2, 126719, 22/11/2018 22:40:03, 13.6, 21.1, 5.5, 492, 63.3, 12.9, 0.5, 0, 107.6, 54.1, 12327.8, 70.9, 2.9, 84.7, 19, 7.8
2, 126720, 22/11/2018 23:00:03, 29.9, 46.3, 8.6, 2017.7, 374.1, 10.7, 0.7, 5.1, 219.6, 118.6, 27918.5, 41, 9.1, 169.8, 38.7, 9.5
2, 126721, 22/11/2018 23:20:03, 28, 34.4, 7.8, 2314.8, 473.3, 8.6, 0.6, 6.1, 122, 88, 34159.3, 47.4, 8.8, 161.1, 38.6, 6.5
2, 126722, 22/11/2018 23:39:03, 20.6, 24.3, 5.9, 640.4, 327.9, 7.2, 0.5, 0.7, 99.4, 62.2, 34533.1, 57.1, 5.9, 105.4, 42, 4.3
3, 126651, 21/11/2018 23:59:17, 20.7, 35.4, 3.8, 18830.6, 38.6, 6.7, 0.3, 0, 124.3, 90.6, 36567.3, 102.7, 28.7, 382.6, 5.4, 4.3
3, 126652, 22/11/2018 00:20:17, 30.7, 61.2, 7, 18339.5, 193.5, 2.3, 0.5, 2.9, 317.4, 156.8, 69522, 523.5, 44.9, 471.7, 8, 11.3
3, 126653, 22/11/2018 00:39:16, 63.4, 85.9, 13.3, 17172.8, 304.2, 3.2, 0.8, 10.4, 288.7, 220, 96443.9, 706.4, 50.2, 754.2, 5, 11.3
3, 126654, 22/11/2018 01:00:16, 56.2, 79.8, 12.1, 30279.6, 457.5, 1.5, 0.8, 8.2, 259.1, 204.4, 80362, 411.5, 46.2, 712.6, 7.2, 9.9
3, 126655, 22/11/2018 01:19:16, 54.2, 67.3, 11.8, 18191.3, 419, 5, 0.7, 1.9, 288.3, 172.3, 71459.7, 223, 44.9, 594.6, 11.3, 12.7
3, 126656, 22/11/2018 01:39:16, 42.9, 58.1, 10.6, 4506.9, 344.9, 1.2, 0.6, 0.1, 197.1, 148.7, 69254.1, 72, 43.7, 519, 10, 11.6
3, 126657, 22/11/2018 01:59:16, 60.2, 80.4, 13.3, 25521.1, 219.4, 1.9, 0.9, 0, 276.8, 205.9, 71513.4, 137.7, 45.8, 700.9, 7.7, 14.8
3, 126658, 22/11/2018 02:19:16, 44.8, 57.2, 8.2, 3202.4, 122.3, 2.4, 0.6, 0, 208.3, 146.5, 63639, 112.3, 35.1, 620.8, 6.3, 6.3
3, 126659, 22/11/2018 02:40:16, 42.5, 50.2, 8.1, 17494.8, 107.2, 0.6, 0.5, 0, 188.1, 128.4, 74784.4, 87.4, 32.7, 492.4, 6.5, 9.1
3, 126660, 22/11/2018 02:59:16, 35, 45.7, 8.4, 18145.3, 147.4, 5.8, 0.7, 0, 170.1, 117, 69121.6, 157.3, 38.9, 572.4, 6.6, 9.4
3, 126661, 22/11/2018 03:20:15, 44.3, 51, 8.8, 17418.1, 199.2, 6.1, 0.6, 0.1, 295.9, 130.6, 86375.3, 266.2, 36.5, 549.2, 5.7, 7.7
3, 126662, 22/11/2018 03:40:15, 33.8, 40.9, 8.1, 40656.8, 160.3, 5.5, 0.5, 0, 130.9, 104.7, 85911.2, 183.3, 32.9, 513.1, 4.2, 9.7
3, 126663, 22/11/2018 03:59:15, 42.7, 67.3, 10.1, 58457.4, 209, 9.1, 0.6, 0, 224, 172.2, 101535.9, 161.8, 38.8, 667.2, 2.7, 15.8
3, 126664, 22/11/2018 04:20:16, 55.3, 59.3, 11.3, 24965.1, 434.9, 7.7, 0.7, 0, 197.2, 151.8, 89041.2, 194.1, 38.9, 770.3, 10.4, 9.1
3, 126665, 22/11/2018 04:39:15, 61, 58.8, 10.3, 28280.5, 354.8, 7.4, 0.7, 0, 173.7, 150.4, 76889.9, 631.6, 39.8, 534.9, 8.5, 4.8
3, 126666, 22/11/2018 04:59:15, 54.2, 98.9, 10.2, 114752.7, 323.1, 11.1, 0.8, 0, 414.4, 253.1, 83720.1, 563, 47.5, 795.5, 5.9, 52.5
3, 126667, 22/11/2018 05:20:15, 57, 73.2, 11.3, 7390.6, 239.7, 12.5, 0.8, 0.1, 219.8, 187.5, 87274.7, 445.5, 48.2, 966.8, 9, 7.4
3, 126668, 22/11/2018 05:39:15, 44.1, 53, 9.9, 10886.5, 179.7, 12.3, 0.7, 0, 165.9, 135.6, 56370.2, 559.3, 39, 680.8, 8.1, 8.1
3, 126669, 22/11/2018 05:59:15, 57.8, 64.6, 11.5, 18285.9, 487.7, 8.6, 0.8, 0.7, 240.8, 165.4, 74042, 609.8, 38.3, 715.4, 8.2, 11
3, 126670, 22/11/2018 06:19:15, 48, 52.7, 8.6, 10653.3, 490, 10, 0.6, 0.1, 215.6, 135, 77273.3, 153.7, 31.3, 640.8, 9, 6.5
3, 126671, 22/11/2018 06:39:15, 43.5, 52.3, 9, 3353.8, 310.7, 12.4, 0.6, 0.4, 190, 133.8, 78685.6, 84.9, 32.2, 623.1, 7.9, 9.5
3, 126672, 22/11/2018 06:59:15, 76.3, 104.7, 15.2, 21477.2, 390.6, 9.5, 2, 0.4, 335.8, 268, 101383, 46.6, 38.1, 887.6, 7.5, 12.4
3, 126673, 22/11/2018 07:20:14, 68.7, 78.2, 13.5, 8016.6, 572.4, 5, 1.5, 0.3, 281.6, 200.2, 61013.5, 75, 34.5, 716.9, 4.8, 11.2
3, 126674, 22/11/2018 07:40:15, 34.7, 49.8, 8.1, 19902.6, 201.9, 8.6, 0.6, 0, 157.5, 127.4, 67929, 240.4, 34.1, 511.3, 2, 9.4
3, 126675, 22/11/2018 07:59:15, 51.5, 68.3, 11, 30220.4, 413.7, 19.8, 0.9, 0.1, 271, 174.7, 86977.7, 214.1, 37.3, 640.8, 2.3, 10.5
3, 126676, 22/11/2018 08:19:14, 54.9, 67.7, 11.9, 12642.2, 414.2, 39.3, 0.7, 0, 256.1, 173.3, 76172.9, 301.3, 35.5, 606.7, 2.9, 10.8
3, 126677, 22/11/2018 08:39:14, 42.9, 56.7, 9.3, 6456.7, 465.8, 28.6, 0.8, 0.1, 232.6, 145.1, 90462, 256.3, 42.9, 669.4, 5.6, 6.3
3, 126678, 22/11/2018 09:00:14, 50.5, 60.8, 9.4, 32131.1, 388.9, 24.4, 0.8, 0.5, 269, 155.6, 83634.6, 181, 36.9, 675, 2.2, 9.3
3, 126679, 22/11/2018 09:19:14, 53.6, 66.8, 9.7, 15061.7, 337.9, 18.6, 0.7, 0.3, 238.4, 170.9, 111620.6, 172.4, 35.1, 657.3, 1.4, 6.1
3, 126680, 22/11/2018 09:40:14, 52.4, 62.2, 8.9, 2293.8, 446.6, 19.8, 1, 0.6, 256.9, 159.3, 101105.4, 218.9, 33.4, 599.7, 1.4, 4.3
3, 126681, 22/11/2018 09:59:15, 65.8, 80.1, 11.7, 21270.1, 436.3, 19.6, 0.8, 0.8, 285.4, 205.1, 93475.8, 138, 36.2, 703.8, 1.4, 8.2
3, 126682, 22/11/2018 10:20:14, 54.9, 85.3, 9.9, 4651.3, 219.2, 13.4, 2.9, 2.1, 370.5, 218.3, 115907.1, 97.7, 39.2, 872.4, 1.7, 8.4
3, 126683, 22/11/2018 10:39:14, 45.4, 66.7, 9.1, 9125.1, 224.2, 21.9, 0.7, 0.2, 301.7, 170.9, 73127.8, 93.7, 36.1, 881.5, 1.8, 8
3, 126684, 22/11/2018 10:59:14, 59.8, 69.4, 11.3, 57363.4, 414, 30.7, 2.4, 0.6, 311, 177.8, 78631.3, 108.8, 35, 918.8, 2.2, 8.9
3, 126685, 22/11/2018 11:20:14, 51.9, 61.5, 9.1, 56820.6, 172.2, 15.2, 0.5, 0, 189.3, 157.3, 61676, 217.8, 30.8, 792.6, 3.3, 12.5
3, 126686, 22/11/2018 11:39:14, 43.2, 51.2, 7.5, 16514.7, 186.1, 17.3, 0.5, 0, 275.8, 131, 74260.6, 153.4, 30.7, 799.8, 2.2, 7
3, 126687, 22/11/2018 12:00:14, 67.6, 71.8, 9.8, 38198.5, 274.1, 17.5, 1.4, 0.8, 259.1, 183.8, 69336.3, 136.9, 29.2, 672, 1.9, 7.9
3, 126688, 22/11/2018 12:20:13, 59.5, 72, 8.7, 28080.4, 215.4, 22.8, 0.5, 0.3, 277.1, 184.3, 67483.5, 268.4, 25.5, 595.2, 2, 7.3
3, 126689, 22/11/2018 12:39:13, 66, 80.3, 9.3, 68183.4, 167.9, 17.6, 0.8, 0.3, 257, 205.7, 67283.1, 192.7, 27.3, 765.1, 1.2, 7.9
3, 126690, 22/11/2018 12:59:14, 73.8, 82.1, 10.2, 32346.1, 456, 27.6, 3.9, 1.7, 278.7, 210.1, 63862.3, 329.2, 23.3, 730.7, 0.9, 9.4
3, 126691, 22/11/2018 13:19:13, 62.6, 68, 9.5, 58272.5, 302.9, 18.5, 0.6, 1.3, 214.4, 174, 76630.7, 766.7, 22.6, 615, 2.9, 7
3, 126692, 22/11/2018 13:40:13, 57.4, 63.9, 8.2, 37498.5, 291.1, 6.2, 0.6, 0.5, 227, 163.7, 87493.3, 672.8, 21.5, 687.4, 1.2, 5.7
3, 126693, 22/11/2018 14:00:14, 75.7, 93.3, 11.6, 49664.3, 327.4, 19.4, 4.5, 3.8, 310.6, 238.8, 75387.7, 544.5, 26, 877.3, 2.4, 11.7
3, 126694, 22/11/2018 14:19:13, 64.3, 77, 11.5, 33738.5, 358.3, 6.7, 0.9, 0, 247.3, 197, 76429.7, 569.8, 25.3, 809.8, 3.5, 11
3, 126695, 22/11/2018 14:39:14, 60, 64.7, 11.3, 5897.6, 281.6, 7.3, 0.7, 0.6, 205.2, 165.7, 67428.4, 761.7, 20.2, 496.3, 16.4, 8.3
3, 126696, 22/11/2018 14:59:13, 67.3, 90.3, 13.2, 26167.6, 286.1, 9.4, 2.6, 8, 286.5, 231.3, 106055.6, 549.6, 25.1, 597.1, 12.1, 9
3, 126697, 22/11/2018 15:20:13, 57.9, 76.3, 13.8, 21509.6, 80.8, 2.5, 0.8, 6.7, 253.3, 195.4, 80519.2, 719.2, 26.8, 516.1, 26.4, 10.1
3, 126698, 22/11/2018 15:40:12, 48.6, 66.3, 12.1, 54278.5, 52, 1.9, 0.7, 1.4, 227.3, 169.8, 44140.6, 659.3, 23.8, 519.8, 15.7, 17.7
3, 126699, 22/11/2018 15:59:12, 56.6, 74.1, 11.1, 58959.6, 143.6, 5, 0.7, 1, 247.6, 189.7, 73902.3, 587.8, 25.9, 626.8, 5.1, 12.9
3, 126700, 22/11/2018 16:19:12, 49.2, 58.2, 8.6, 43208.1, 115.3, 2.9, 0.5, 2.2, 231, 149, 51044, 692, 19.4, 492.2, 1.5, 8.8
3, 126701, 22/11/2018 16:40:13, 40.2, 54.6, 7.3, 23195.6, 182.4, 3.6, 0.5, 0.5, 199, 139.7, 63401.4, 975.8, 21.5, 506.4, 1.9, 7.1
3, 126702, 22/11/2018 17:00:12, 57.9, 68.7, 9.4, 25848.1, 305.4, 6.3, 0.6, 1.1, 229.9, 175.8, 85949.3, 570.2, 26.9, 615.1, 1.9, 9.7
3, 126703, 22/11/2018 17:19:12, 44.1, 48.6, 7.9, 25374.8, 160.3, 5.1, 0.5, 0, 179.3, 124.4, 70165, 759.8, 22.9, 508.6, 1.6, 7.9
3, 126704, 22/11/2018 17:40:12, 39, 42, 7.1, 27975.9, 91, 11.1, 0.4, 0.3, 195.4, 107.6, 41084.2, 1048.5, 21.9, 474.6, 2.1, 6.2
3, 126705, 22/11/2018 18:00:12, 43.6, 51.1, 7.8, 36031.8, 69.9, 7.2, 0.5, 1.7, 207.2, 130.9, 45157.6, 723.6, 23.8, 521.8, 1.9, 10
3, 126706, 22/11/2018 18:20:13, 19.8, 28.2, 3.3, 16511.7, 26.3, 2.7, 0.3, 0, 128.2, 72.1, 30037.5, 211.5, 18.3, 416.7, 1.2, 3.3
3, 126707, 22/11/2018 18:39:12, 24.2, 23.9, 4.1, 14705.7, 164.3, 2.4, 0.3, 0, 112.8, 61.1, 57363.1, 598.5, 16.5, 383.2, 1.4, 3.5
3, 126708, 22/11/2018 18:59:12, 38, 51.2, 7.4, 24501.8, 163.2, 6.7, 0.5, 0, 203.5, 131.2, 38565.9, 965.5, 28.7, 612.1, 2.4, 7.7
3, 126709, 22/11/2018 19:20:12, 35.9, 53.8, 7.7, 49941, 95.1, 4.5, 0.5, 0, 184.9, 137.7, 32858, 416.1, 20.3, 529.4, 2.5, 14.8
3, 126710, 22/11/2018 19:40:12, 29.7, 39.7, 6, 41710.3, 84.2, 7.7, 0.4, 0, 140, 101.7, 29820.7, 111.4, 16.1, 399.6, 1.4, 9.8
3, 126711, 22/11/2018 19:59:12, 34.1, 48.5, 7.5, 28891.2, 218.1, 8.2, 0.5, 0, 157.8, 124, 28124.9, 104.1, 19, 458.4, 2.6, 13.9
3, 126712, 22/11/2018 20:19:12, 24.1, 30.6, 5.8, 67974.4, 53.7, 7.7, 0.4, 0, 104.9, 78.4, 27707.7, 101.8, 16.3, 379.6, 8.3, 9.4
3, 126713, 22/11/2018 20:40:12, 23.6, 32.5, 5.5, 43850.6, 58.1, 8.1, 0.4, 0, 106.3, 83.2, 29073.4, 68.9, 17.1, 396.3, 10.8, 12.4
3, 126714, 22/11/2018 21:00:11, 58.6, 76.5, 9.4, 44160.4, 48, 8.1, 0.8, 0.3, 278.6, 195.8, 32254.6, 108.7, 23.4, 593.5, 8.5, 9.4
3, 126715, 22/11/2018 21:20:12, 47.6, 61.2, 8.7, 61933.6, 52.8, 6.4, 0.8, 0.1, 179, 156.7, 49863.5, 121, 20.9, 546.9, 9.9, 6.7
3, 126716, 22/11/2018 21:39:12, 37.2, 39.2, 7.6, 64078.2, 57.6, 6.9, 0.5, 0, 146.2, 100.5, 37044.1, 130.1, 18.5, 471.2, 8.3, 5.6
3, 126717, 22/11/2018 21:59:12, 57, 62.1, 10.7, 56605.6, 184.5, 8, 0.8, 0.2, 219.2, 159, 32319, 138.1, 23, 610.8, 6.9, 10.9
3, 126718, 22/11/2018 22:20:12, 25.3, 25.5, 5.4, 18102.3, 84.2, 7.4, 0.4, 0, 82.9, 65.2, 25664, 23.3, 18.6, 449.4, 8.4, 4.9
3, 126719, 22/11/2018 22:39:12, 23.5, 27, 6, 41675.1, 56, 7.3, 0.5, 0, 86.8, 69.2, 28047.1, 96.8, 16.3, 369.1, 7, 7.4
3, 126720, 22/11/2018 22:59:12, 32.3, 39.5, 7.9, 32984, 182.8, 9, 0.5, 0, 166.4, 101.2, 26130.6, 66.1, 18.1, 415.3, 6.5, 9.4
3, 126721, 22/11/2018 23:19:11, 24.6, 25.7, 5.4, 23508.7, 53.1, 10.4, 0.4, 0, 99.9, 65.8, 26924.8, 41.9, 13.1, 329.2, 8.1, 4.4
3, 126722, 22/11/2018 23:39:11, 29.6, 30.8, 5.9, 18481.4, 151.8, 7, 0.4, 0, 157, 78.9, 51954.9, 47.5, 13.9, 375.2, 6.3, 3.3
4, 126651, 22/11/2018 00:00:11, 38, 63.6, 8.2, 41968.2, 199.4, 0.8, 0.5, 0.1, 233.8, 162.9, 44563.3, 304.9, 28.3, 406, 16.5, 9.3
4, 126652, 22/11/2018 00:20:06, 37.9, 99, 8.6, 38165.9, 72.4, 1.7, 0.7, 0.9, 406.5, 253.6, 71424.1, 489.6, 68.6, 540.9, 23.4, 16
4, 126653, 22/11/2018 00:39:06, 76.8, 153.5, 13.1, 10927.4, 232.4, 0.6, 1, 7.4, 446.2, 392.8, 74609, 432.5, 79.5, 820.5, 18.3, 7.3
4, 126654, 22/11/2018 01:01:05, 69.6, 110.9, 13.2, 29118.8, 409.4, 0.8, 1.2, 6.8, 328.3, 283.8, 73391.4, 379.3, 57.8, 749.9, 17.9, 10.2
4, 126655, 22/11/2018 01:19:05, 74.7, 102, 12.7, 10787.4, 758.3, 0.5, 3.9, 18.9, 341.1, 261.1, 81120.7, 172, 45.5, 723.9, 17.5, 9.8
4, 126656, 22/11/2018 01:39:06, 61.2, 89.8, 10.9, 29287.9, 621, 0.3, 0.8, 20, 287.7, 229.8, 86184.3, 144, 39.5, 595.8, 17.5, 6.3
4, 126657, 22/11/2018 01:59:06, 70.9, 97.9, 14.6, 33927.6, 761.7, 3.6, 2.4, 17.2, 307.8, 250.5, 86220.7, 187.5, 41.4, 732.8, 17.8, 11.2
4, 126658, 22/11/2018 02:20:06, 81.6, 121.5, 16.3, 20941.1, 530.1, 1.6, 10.1, 23.1, 367.1, 311, 75908.7, 127.4, 44.4, 787.5, 16.5, 13
4, 126659, 22/11/2018 02:39:16, 60.7, 88.6, 12.9, 19422.2, 333.8, 1.1, 0.7, 17.3, 284.3, 226.8, 82549.9, 149.5, 38.6, 616, 20.2, 15.9
4, 126660, 22/11/2018 03:00:15, 72.9, 113.9, 12.9, 36068.6, 476.7, 6.7, 6.7, 29.6, 320.9, 291.7, 71663.6, 158.4, 40.2, 726.1, 11.9, 14.3
4, 126661, 22/11/2018 03:20:20, 69.9, 108, 12.3, 26319.4, 461.3, 1.9, 6.9, 25, 440.8, 276.6, 88819.6, 182.8, 38.6, 717.5, 11.4, 14
4, 126662, 22/11/2018 03:40:20, 62.5, 79.9, 13.2, 27242.4, 459.4, 6.8, 1.7, 7.5, 301.7, 204.4, 58931.8, 167.3, 36.9, 734.3, 17.9, 15.5
4, 126663, 22/11/2018 03:59:20, 66, 81.8, 13.7, 13565.6, 552.8, 6.9, 1.2, 0.3, 267.9, 209.4, 132555.7, 178.9, 37.3, 671.5, 19, 18.9
4, 126664, 22/11/2018 04:20:20, 83.6, 94.5, 16.9, 6993.4, 787.4, 5.9, 4.6, 0.4, 388.8, 241.8, 109476.9, 243.5, 42.8, 839.6, 18.7, 17.6
4, 126665, 22/11/2018 04:39:44, 65, 79.4, 12, 5798.1, 438.9, 6.1, 0.8, 0, 249.9, 203.4, 110907.7, 522.9, 39.2, 709.6, 20.6, 18.7
4, 126666, 22/11/2018 04:59:45, 57.9, 118.1, 11.1, 114429.2, 347.6, 10.8, 0.8, 0.1, 432.8, 302.4, 104871, 570.2, 42.9, 871.9, 19.2, 67.8
4, 126667, 22/11/2018 05:20:44, 66.5, 85.5, 13.3, 39764.3, 549.6, 11.1, 2, 4.7, 322.5, 218.8, 118846.8, 538.9, 42.6, 914.2, 18.7, 15.1
4, 126668, 22/11/2018 05:39:45, 47, 52.8, 10.7, 27119.3, 389.9, 15.4, 0.7, 0.2, 185.6, 135.2, 77336.7, 782, 40.5, 724.3, 25.7, 9.2
4, 126669, 22/11/2018 05:59:45, 51.4, 56.2, 10.9, 49281, 385.9, 3.6, 0.7, 0.6, 183.4, 144, 90043.3, 347.4, 35, 674.8, 24.2, 9.4
4, 126670, 22/11/2018 06:19:45, 47.8, 53.5, 10.9, 15505.7, 411.7, 3.9, 0.7, 0.1, 176.4, 137, 83274.3, 233.2, 35.2, 693.3, 23.5, 9.5
4, 126671, 22/11/2018 06:39:44, 43, 52, 10, 33013.9, 392.8, 10.3, 0.6, 0, 176.6, 133.2, 69644.9, 176.3, 35.5, 678.5, 22.7, 13.2
4, 126672, 22/11/2018 06:59:40, 75.8, 88.6, 15.4, 26381.8, 654.8, 15.7, 3.2, 3.2, 343.4, 226.8, 130321.9, 171.2, 39.1, 917.7, 19.9, 14.6
4, 126673, 22/11/2018 07:19:34, 50.4, 57.8, 11.7, 20165.5, 553.6, 15.4, 0.8, 0.1, 208.4, 147.9, 81090.6, 151.8, 33.4, 662.6, 21.1, 11
4, 126674, 22/11/2018 07:39:34, 39.1, 47, 10.3, 11071.9, 324.4, 15.9, 0.8, 0.6, 174.9, 120.2, 47523.2, 255.2, 31.9, 637, 23.6, 8.7
4, 126675, 22/11/2018 07:59:34, 73.2, 97.6, 12.3, 38577.9, 186.8, 5.8, 1.3, 15.7, 339.3, 249.8, 54704.1, 130.7, 36.1, 752.4, 11.8, 11.6
4, 126676, 22/11/2018 08:19:34, 71.5, 89.5, 12.5, 26296.4, 157, 5.5, 1.1, 9.5, 285.7, 229.1, 54223.5, 209.3, 32.7, 722.1, 14.4, 10.3
4, 126677, 22/11/2018 08:39:33, 66.7, 99, 11.1, 8742.4, 286.5, 5.5, 1.3, 15.8, 306.1, 253.4, 62191.2, 324, 38.2, 717.4, 16.8, 10
4, 126678, 22/11/2018 08:59:33, 67.6, 93.5, 12.4, 20173.9, 322.1, 10, 1.2, 13.7, 445, 239.4, 54685.3, 190.7, 33.8, 675.1, 14.9, 15.3
4, 126679, 22/11/2018 09:19:34, 44.9, 79.8, 8.5, 4466.8, 216.7, 4.2, 0.7, 8.1, 301.9, 204.3, 52799, 144.1, 29.2, 554.9, 17, 8.5
4, 126680, 22/11/2018 09:39:33, 49, 73.2, 10.2, 11112.4, 128.8, 4.4, 0.7, 11, 270, 187.3, 57674.8, 126.1, 30.7, 526, 16, 13.4
4, 126681, 22/11/2018 09:59:33, 61.5, 98.6, 12.8, 24252.9, 352.4, 5.6, 3.5, 13.8, 412.2, 252.4, 50943.9, 161.9, 38, 673.3, 14.8, 13.9
4, 126682, 22/11/2018 10:19:33, 54.7, 93.2, 11, 5212, 280.2, 8.5, 2.3, 9.8, 353.9, 238.6, 154465.9, 177.2, 36.2, 834.4, 15.9, 10.5
4, 126683, 22/11/2018 10:39:33, 78.3, 111.7, 15.3, 6597, 803.4, 10.7, 4.5, 9, 364.3, 285.8, 101280.5, 167, 45.4, 1378.2, 12.5, 12.6
4, 126684, 22/11/2018 10:59:32, 70.3, 103.4, 11.8, 19567.3, 286.8, 28, 3.1, 8.8, 308.7, 264.8, 57461.2, 193.4, 46.7, 1221.6, 12.6, 12
4, 126685, 22/11/2018 11:19:33, 59.5, 85.4, 11.2, 4361.7, 266.3, 13.3, 1, 10.2, 274.7, 218.6, 48797.3, 159, 38.2, 849, 13.8, 14.6
4, 126686, 22/11/2018 11:39:33, 55.8, 78.7, 8.6, 18991.9, 268.9, 18.2, 0.6, 11.5, 259.1, 201.6, 46262.2, 185.6, 32.3, 692.1, 13.9, 10.8
4, 126687, 22/11/2018 11:59:34, 64.2, 105.3, 12.3, 29972.5, 191.4, 12, 1.2, 22.2, 329.9, 269.7, 72376.6, 167.5, 38.3, 843.7, 13.5, 14.7
4, 126688, 22/11/2018 12:19:33, 61.5, 80.7, 11.4, 4341.5, 227.6, 25.4, 1.1, 1.2, 345.4, 206.5, 60587.1, 178.2, 34.6, 824.5, 18.7, 8.1
4, 126689, 22/11/2018 12:39:33, 45.7, 57, 8.4, 3572.8, 270.3, 20.8, 0.5, 0, 187.4, 145.8, 34378, 174.7, 30.6, 772, 18.1, 8.6
4, 126690, 22/11/2018 12:59:33, 60.9, 74.2, 13.8, 40320, 317.3, 13.9, 0.8, 4.6, 239.8, 189.9, 37563.5, 185, 28, 626.1, 33.3, 13
4, 126691, 22/11/2018 13:19:33, 59.2, 70.7, 14.7, 13238.8, 220.2, 20.7, 0.9, 5.1, 236.3, 180.9, 40810.9, 170.9, 26.4, 617.2, 44.6, 11.9
4, 126692, 22/11/2018 13:39:33, 66.7, 80.6, 15.4, 15954, 176.5, 9.9, 2.9, 2.5, 331.6, 206.4, 42367, 148.1, 27.3, 713.4, 42.6, 12.3
4, 126693, 22/11/2018 13:59:33, 66.3, 77.4, 13.6, 29722.6, 336.5, 16.4, 2.4, 0.4, 323.4, 198.2, 94399, 179.1, 33.1, 683.8, 23.3, 12.3
4, 126694, 22/11/2018 14:19:33, 57, 68.9, 11.3, 29299.5, 412, 8.7, 0.8, 0, 244.2, 176.4, 53329.2, 184.1, 32.2, 624.8, 18.7, 10.2
4, 126695, 22/11/2018 14:39:33, 55.5, 58, 10.2, 41464.5, 275.5, 21.8, 0.6, 0, 169.6, 148.4, 68184, 179.3, 28.1, 552.3, 25.2, 8.5
4, 126696, 22/11/2018 14:59:32, 61.9, 75, 13.7, 23009.2, 366.3, 10.7, 0.8, 0, 243.7, 192, 64091.5, 140, 33.5, 729.8, 24, 10
4, 126697, 22/11/2018 15:19:32, 51.3, 68.5, 11.3, 5634.2, 247.1, 23.3, 1.4, 0.4, 337.9, 175.3, 76081.5, 118.9, 34.3, 722.6, 23.6, 8.1
4, 126698, 22/11/2018 15:39:33, 50.3, 66.6, 11.4, 34024.8, 399.8, 12, 0.7, 0, 231.3, 170.5, 86288.8, 115.9, 28.3, 615, 22.7, 14.1
4, 126699, 22/11/2018 15:59:33, 53.3, 62.2, 10.9, 31777.8, 394.7, 19.7, 0.7, 0, 185.2, 159.2, 58879.1, 164.2, 26.7, 559.9, 18.4, 10.9
4, 126700, 22/11/2018 16:19:32, 34.2, 38.8, 7.9, 15168.8, 303.5, 15.1, 0.5, 0, 142.6, 99.4, 50917.5, 222.7, 25.7, 510.6, 21, 6.7
4, 126701, 22/11/2018 16:39:32, 43.3, 57.2, 8.9, 9006.7, 420.2, 18, 1.4, 1.7, 285.7, 146.4, 31759.7, 172.1, 26.7, 618.4, 17.1, 6.4
4, 126702, 22/11/2018 16:59:32, 40, 54.2, 9.1, 30901.1, 468.6, 3.4, 0.6, 0.1, 226.4, 138.8, 71414.6, 249, 25.4, 572.9, 17.7, 10.4
4, 126703, 22/11/2018 17:19:37, 39.8, 50, 8.7, 56206.2, 315.2, 14.5, 0.6, 0.3, 191, 128.1, 44707, 260.5, 25, 483, 18.6, 9.6
4, 126704, 22/11/2018 17:39:37, 49.9, 59.7, 10.5, 55645.3, 401.3, 6.4, 1.3, 1, 262.8, 152.9, 46693.7, 301.1, 27.1, 554.3, 18.3, 14
4, 126705, 22/11/2018 17:59:36, 35.7, 49.1, 9.1, 74405.9, 312.9, 13.9, 0.6, 0.1, 222.2, 125.8, 20250.8, 338.9, 24.1, 444, 20.7, 13.2
4, 126706, 22/11/2018 18:19:36, 23.7, 41.3, 6.7, 53544.9, 145.1, 17, 0.5, 0, 164, 105.6, 33588.4, 326.6, 23.7, 395, 18.1, 8.2
4, 126707, 22/11/2018 18:39:37, 21.3, 45.1, 6.4, 35712.1, 62.7, 3.9, 0.5, 0, 232.2, 115.4, 47588.8, 253.3, 25.5, 414.9, 21.5, 14.5
4, 126708, 22/11/2018 18:59:36, 32.4, 50.5, 7.8, 40828.2, 105.3, 0.7, 0.7, 0.3, 268.7, 129.2, 89270.7, 263.8, 26.8, 491.2, 21.7, 11.1
4, 126709, 22/11/2018 19:19:37, 34.4, 50.1, 8.9, 8227.4, 442.1, 0.5, 0.7, 0.6, 266.3, 128.3, 21579.4, 175.2, 31.5, 591.9, 20.2, 11.5
4, 126710, 22/11/2018 19:39:36, 21.8, 34.4, 5.2, 30969.5, 48.8, 0.7, 0.4, 0, 169.7, 88, 19694.7, 229.1, 25.2, 409.7, 20.5, 10
4, 126711, 22/11/2018 19:59:37, 23.6, 44.7, 6.1, 56396.6, 296.6, 5.9, 0.5, 0, 215.1, 114.3, 46256.5, 216.1, 27.9, 572.8, 19.8, 12.7
4, 126712, 22/11/2018 20:19:36, 19.5, 27.6, 4.7, 35039.2, 56.1, 4.2, 0.4, 0, 110.1, 70.6, 44097.9, 221.4, 22.1, 347, 21.2, 9.3
4, 126713, 22/11/2018 20:39:36, 16.4, 23, 4.7, 64209.6, 45.3, 1.8, 0.4, 0, 113.9, 58.9, 27832.4, 240.8, 21.4, 407, 20.4, 8.4
4, 126714, 22/11/2018 20:59:36, 28.4, 34.5, 6.4, 60556.6, 166.6, 0.4, 0.5, 0.1, 183.5, 88.4, 56061.9, 216.1, 24.6, 566.4, 17.9, 10.1
4, 126715, 22/11/2018 21:20:36, 13.9, 20.5, 4.4, 36235.3, 35.2, 1.3, 0.3, 0, 128.8, 52.4, 19941.3, 247.8, 20.4, 358.4, 22.8, 6.5
4, 126716, 22/11/2018 21:39:36, 20.7, 23.6, 5.4, 33734.1, 66.6, 1.1, 0.4, 0, 136.1, 60.5, 30000.6, 214, 21.5, 444.9, 20.7, 5.2
4, 126717, 22/11/2018 21:59:36, 18.9, 22, 5.3, 49517.1, 54.3, 0.9, 0.4, 0, 83.6, 56.3, 36937, 238.9, 23.1, 498.7, 21.5, 6.1
4, 126718, 22/11/2018 22:19:35, 19.9, 25, 6.2, 54420.2, 48.8, 1.2, 0.5, 0, 89.3, 64, 37374.1, 270.7, 21.8, 394.8, 20.8, 8.3
4, 126719, 22/11/2018 22:39:36, 16.4, 23.5, 4.8, 20598, 69.1, 7, 0.4, 0, 142, 60.2, 19150.8, 187.2, 20, 397.9, 21.2, 5.2
4, 126720, 22/11/2018 22:59:35, 19.2, 26.5, 5.4, 44337.1, 90.5, 1.6, 0.4, 0, 141.8, 67.8, 19556.2, 318.6, 20, 328.8, 20.4, 6.1
4, 126721, 22/11/2018 23:19:35, 17.2, 18.6, 5.4, 41502.4, 62, 2.7, 0.4, 0, 70.7, 47.6, 18582.6, 272.9, 20, 328.9, 21.6, 5.5
4, 126722, 22/11/2018 23:39:35, 20, 25.9, 6.4, 38083.8, 118.9, 1.2, 0.5, 0, 106.5, 66.3, 25676.9, 317.9, 20.5, 375, 20.7, 5
