HOST, TIME, SNAP_ID, SYS_CPU, SYS_DBTIME, SYS_SYSPCT, SYS_READ, SYS_WRITE, SYS_REDO, SYS_OSWAIT, SYS_RMWAIT, SYS_ACTSESS_MAX, SYS_ACTSESS_AVG, SYS_PGA, SYS_PXRUNS, SYS_PXQCT, SYS_PXSRVT, SYS_UCALLS, SYS_IOWAIT
1, 20/01/2019 23:59:54, 130715, 36.2, 31.8, 7.9, 2233.6, 565.4, 21.6, 0.8, 2.7, 128.8, 81.4, 26284.6, 210.7, 5.3, 105, 86.7, 4.8
1, 21/01/2019 00:19:54, 130716, 44.6, 49.4, 10.3, 5681.6, 599.5, 37.6, 0.9, 11.4, 208.8, 126.4, 24090.9, 125.2, 9.7, 116.6, 117.3, 9.3
1, 21/01/2019 00:39:54, 130717, 55.1, 80.9, 13.5, 2430.9, 546, 38.7, 1.4, 34.8, 223.5, 207.2, 22440.3, 69.9, 19.9, 222.2, 117, 8.7
1, 21/01/2019 00:59:54, 130718, 65.1, 105.4, 14.9, 7383.2, 471.8, 31, 1.8, 14.4, 339.9, 269.9, 24793.3, 883.7, 23.4, 325.8, 85.5, 12.5
1, 21/01/2019 01:19:53, 130719, 51.2, 78.4, 11.8, 1242.7, 476.1, 18.3, 1, 10.7, 313.7, 200.7, 24376.2, 413.9, 17.5, 188.6, 80.9, 10.2
1, 21/01/2019 01:39:54, 130720, 46.2, 52.7, 11, 774.9, 478.1, 20.9, 1, 9.2, 224.8, 134.9, 22551.9, 547.1, 16.1, 160.2, 103, 7.4
1, 21/01/2019 01:59:54, 130721, 47.1, 49.8, 10.9, 2653.7, 509.4, 30.4, 1, 2.8, 187.6, 127.6, 23553.3, 653.3, 14.2, 135.5, 99.3, 9.2
1, 21/01/2019 02:19:53, 130722, 67.8, 61.8, 14.6, 7634.7, 430.2, 23.4, 1.2, 2.9, 216.3, 158.2, 48452.7, 825.7, 19, 237.6, 101.1, 8.3
1, 21/01/2019 02:39:54, 130723, 71.9, 84.3, 13.5, 5982.2, 175.6, 15, 2.3, 10.4, 276.3, 215.8, 40085.2, 139.9, 21.4, 315.1, 73.5, 6.1
1, 21/01/2019 02:59:53, 130724, 66.8, 84.8, 13.1, 6677.9, 138.2, 20.1, 4.9, 13.7, 284.5, 217, 36008.1, 181.5, 18.5, 283.6, 94.7, 8.7
1, 21/01/2019 03:19:54, 130725, 41.9, 58.7, 10.9, 4618.9, 280.3, 17.6, 1, 0.3, 260.9, 150.4, 32314.5, 158.8, 13.9, 161.4, 84.5, 13.1
1, 21/01/2019 03:39:54, 130726, 38.1, 59.1, 10.4, 1424.4, 222.9, 26.6, 1, 0.1, 203.3, 151.3, 28905.9, 43.2, 9.6, 116.3, 97.5, 26.6
1, 21/01/2019 03:59:53, 130727, 34.3, 60.2, 9.3, 2327.9, 297.4, 25.2, 0.9, 0.1, 249.7, 154.2, 48906.7, 47.1, 6.1, 55.8, 84, 18.4
1, 21/01/2019 04:19:53, 130728, 35.2, 39.3, 9.7, 77.8, 517.4, 21.4, 0.9, 0, 121.5, 100.6, 47844.4, 77.9, 4.4, 26.1, 94.1, 15.3
1, 21/01/2019 04:39:53, 130729, 34.9, 62.5, 9.6, 2227.8, 235.9, 18.3, 0.9, 0.5, 269.8, 160, 52137.5, 132.2, 6.8, 103.9, 70.6, 12.1
1, 21/01/2019 04:59:53, 130730, 24.5, 54.6, 7.5, 478, 127.6, 18.7, 0.8, 0, 206.2, 139.7, 10044.4, 44, 3.9, 65.5, 68, 12.5
1, 21/01/2019 05:19:53, 130731, 27.6, 51.6, 8.6, 215.4, 176.5, 29.8, 0.9, 0, 245.7, 132.2, 9778.7, 61, 1.7, 5.6, 83.4, 15
1, 21/01/2019 05:39:53, 130732, 29, 42.8, 8.5, 516.2, 152.1, 28.2, 0.9, 0.5, 202.1, 109.5, 14552.3, 102, 2.3, 35.1, 99, 16.3
1, 21/01/2019 05:59:52, 130733, 39, 63, 10.4, 1071.5, 243.9, 42.8, 1, 0.1, 221, 161.2, 10937, 109.8, 3.5, 62.3, 99.8, 7.3
1, 21/01/2019 06:19:53, 130734, 34.5, 49.3, 9.7, 367.7, 251.8, 41.7, 0.9, 0, 249.5, 126.1, 10972, 79.3, 3.5, 38.2, 87.2, 5.7
1, 21/01/2019 06:39:52, 130735, 27.3, 42, 7.7, 154, 201.2, 33.2, 0.8, 0, 221, 107.6, 10178.3, 58.9, 1.8, 15.9, 86.4, 4.7
1, 21/01/2019 06:59:53, 130736, 39.9, 67.2, 10.7, 1767, 267.3, 38.1, 1, 0, 308.4, 172, 15932.1, 113.9, 4.7, 79.3, 96.2, 7.4
1, 21/01/2019 07:19:53, 130737, 40, 52.8, 10.6, 724, 282.7, 43.6, 1, 0, 212.4, 135.2, 12167.9, 75, 2.7, 40, 106.8, 6.2
1, 21/01/2019 07:39:53, 130738, 42.5, 56.4, 11.7, 1934.2, 291.3, 48.3, 1, 0.1, 224.9, 144.3, 17535.6, 128, 4, 71.9, 107.1, 6.1
1, 21/01/2019 07:59:53, 130739, 54.4, 90.5, 14.5, 17481, 319.4, 52.4, 1.2, 0, 339.2, 231.6, 14993.7, 77, 5.5, 89.9, 126.6, 9.9
1, 21/01/2019 08:19:52, 130740, 43.1, 66.3, 12.3, 16797.1, 327.9, 56.8, 1.1, 0, 286.7, 169.7, 13288, 69.9, 3.2, 59, 122.1, 6.8
1, 21/01/2019 08:39:52, 130741, 50.4, 85.6, 13.8, 295.7, 298, 60.3, 1.2, 0, 345.5, 219.2, 12144, 66.8, 2.5, 63.8, 137.7, 6.4
1, 21/01/2019 08:59:52, 130742, 56, 71.8, 15.3, 800.9, 300.1, 61.7, 1.3, 0, 279, 183.8, 12069.9, 41, 2.7, 78.4, 148.2, 10.7
1, 21/01/2019 09:19:52, 130743, 38.4, 54.3, 10.9, 1775.4, 297.5, 56, 1, 0, 247.6, 138.9, 15886.7, 107.3, 3.5, 71.2, 141, 8
1, 21/01/2019 09:39:52, 130744, 32.4, 63.9, 9.8, 1180.3, 246.7, 51.8, 0.9, 0, 306.7, 163.6, 14632.8, 60.1, 2.3, 40.8, 137.6, 7.2
1, 21/01/2019 09:59:52, 130745, 36.2, 59.1, 10.5, 448.5, 264.5, 55.1, 1, 0, 261.1, 151.4, 10060.2, 46, 1.6, 18.5, 145.9, 8.5
1, 21/01/2019 10:19:51, 130746, 31.8, 51.1, 9.8, 217.8, 255.1, 55.1, 0.9, 0, 291.7, 130.8, 10462.6, 53.9, 1.5, 10.9, 145.9, 9.4
1, 21/01/2019 10:39:52, 130747, 37.5, 65.2, 11.2, 1106.6, 254.5, 54.6, 1, 0, 299.9, 167, 19332.4, 84.3, 2.9, 45.6, 155.1, 7.1
1, 21/01/2019 10:59:52, 130748, 37.7, 80.4, 10.6, 731.6, 276.3, 53, 1, 0, 346.4, 205.8, 15321, 91.1, 4.7, 85.7, 142.1, 10
1, 21/01/2019 11:19:52, 130749, 37.6, 52.4, 10.9, 359.1, 279.4, 57.3, 1, 0, 262, 134.2, 15214, 33.9, 3, 51.4, 149.6, 6.8
1, 21/01/2019 11:39:51, 130750, 39.9, 45.4, 11.3, 236, 310.7, 61.2, 1, 0, 266.8, 116.3, 11284.1, 40.1, 2.3, 27.5, 167.9, 7
1, 21/01/2019 11:59:51, 130751, 37, 48.7, 10.9, 1561.5, 275.9, 58.9, 1, 0, 184.1, 124.8, 12101.3, 101.8, 2.8, 44.2, 156.2, 7.4
1, 21/01/2019 12:19:51, 130752, 36.2, 72.6, 10.3, 634.6, 268.7, 51.9, 0.9, 0, 326.9, 185.8, 18044.9, 69, 3.6, 64.8, 139.6, 5.4
1, 21/01/2019 12:39:51, 130753, 49.1, 60.2, 13.3, 541.8, 353.9, 75.8, 1.2, 0, 268.8, 154.2, 14246.1, 59.9, 2.1, 37.5, 158.6, 6.9
1, 21/01/2019 12:59:51, 130754, 43.8, 55.1, 11.6, 99.2, 340.9, 78.2, 1.1, 0, 270.4, 141, 10083.2, 51.1, 1.2, 9.6, 161.2, 7.3
1, 21/01/2019 13:19:51, 130755, 40.3, 48.1, 11.5, 222.5, 316, 69, 1.1, 0, 202.7, 123.1, 10041.7, 57.9, 1.6, 12.1, 152.6, 6.6
1, 21/01/2019 13:39:51, 130756, 49.3, 67.3, 13.2, 1783.3, 321.7, 61.3, 1.1, 0, 327.7, 172.2, 14779.9, 114.1, 4.7, 81.8, 146.1, 7.4
1, 21/01/2019 13:59:51, 130757, 33.4, 48.5, 10.1, 1022.4, 290.5, 60.3, 0.9, 0.1, 296.4, 124.1, 11403.1, 71.1, 2.7, 30.3, 128.8, 7.3
1, 21/01/2019 14:19:51, 130758, 37.7, 45.7, 11.3, 357.6, 292, 58.5, 1, 0, 303.2, 117, 12312.5, 58, 3.7, 45.5, 136.2, 7.2
1, 21/01/2019 14:39:51, 130759, 35.9, 35.8, 10.4, 2410.7, 292.9, 55.3, 1, 0, 178.5, 91.7, 11977.6, 106.2, 3, 56.7, 121.1, 6.9
1, 21/01/2019 14:59:51, 130760, 32.7, 42.3, 10, 409.2, 281.8, 56.2, 1, 0, 241.3, 108.3, 10425.9, 64.1, 3.4, 43.2, 128.9, 7.5
1, 21/01/2019 15:19:51, 130761, 32.2, 29.9, 9.9, 333.1, 268.5, 58.9, 1, 0, 107.3, 76.6, 10182.9, 81.1, 2.2, 14.7, 129.8, 7.3
1, 21/01/2019 15:39:51, 130762, 41.7, 57.8, 11.6, 1856, 332.8, 67.1, 1, 0, 308.7, 148.1, 14888.2, 127.7, 4.6, 65.7, 132.1, 11.9
1, 21/01/2019 15:59:51, 130763, 55.6, 64.1, 13.5, 1485.1, 449.4, 59.5, 1.1, 0.9, 232.8, 164.2, 57701.5, 91.8, 7.5, 134.4, 127.6, 9.8
1, 21/01/2019 16:19:50, 130764, 61.7, 57.2, 14.7, 1308.8, 525.7, 61.5, 1.2, 0.3, 222.8, 146.4, 74111.6, 68.1, 7.1, 121.8, 135, 8.2
1, 21/01/2019 16:39:50, 130765, 57.8, 60.7, 13.6, 833.7, 605, 57.6, 1.1, 0.7, 192.1, 155.5, 68589.5, 100.1, 5.1, 92.1, 126.6, 13.3
1, 21/01/2019 16:59:50, 130766, 82.6, 139.3, 18.4, 7622.6, 644.2, 49.5, 14.9, 14.6, 526, 356.5, 64346.9, 217.2, 21, 426.4, 114.4, 16
1, 21/01/2019 17:19:50, 130767, 97.1, 130.2, 20.7, 4391.8, 431.1, 58.8, 26.7, 14.1, 393, 333.4, 55147, 139.7, 19.6, 421.4, 132.1, 10.3
1, 21/01/2019 17:39:50, 130768, 92.5, 106, 20.2, 3472.5, 456.3, 57, 13.5, 8.5, 301.9, 271.2, 73336.2, 228.9, 17, 359.4, 122.6, 10.3
1, 21/01/2019 17:59:50, 130769, 83.5, 164.8, 18.5, 3712.2, 462.4, 54, 25.2, 54.4, 594.4, 421.9, 76493.3, 227, 28.3, 549.9, 110.5, 25.3
1, 21/01/2019 18:19:50, 130770, 83, 121.7, 18.7, 5122.5, 569.8, 55.5, 15.2, 15.8, 448.6, 311.6, 72230.1, 281.3, 22.5, 397, 110.4, 28.9
1, 21/01/2019 18:39:49, 130771, 80.7, 114.2, 19.1, 2409.8, 584.6, 52.9, 15.3, 10, 473.5, 292.2, 68448.7, 422.9, 17, 290, 112.8, 15.5
1, 21/01/2019 18:59:50, 130772, 65.1, 122.6, 16.1, 2347.3, 423.9, 46.1, 2.4, 2.9, 442.3, 313.7, 59346.5, 262.1, 19, 350.2, 89.3, 30.2
1, 21/01/2019 19:19:50, 130773, 66.3, 97.1, 17.7, 1754.7, 315.1, 50.9, 1.7, 1.2, 366.7, 248.5, 57076.6, 129.1, 14.5, 262.9, 90.5, 21.5
1, 21/01/2019 19:39:50, 130774, 65.4, 78.9, 14.8, 1763, 664.2, 45.5, 1.3, 3.2, 344.6, 201.9, 53496.6, 148.9, 10.4, 214.3, 79.6, 7.6
1, 21/01/2019 19:59:50, 130775, 69.6, 96.5, 15.4, 3939.9, 442.1, 43, 1.5, 3.5, 399.1, 247.1, 58185.4, 200.3, 15.1, 343, 65.9, 10.2
1, 21/01/2019 20:19:50, 130776, 61.9, 98.9, 16.4, 2747.1, 480.1, 41.3, 1.2, 1.7, 392.9, 253.2, 74584.9, 188.9, 17.1, 446.8, 64.1, 11.7
1, 21/01/2019 20:39:50, 130777, 64.4, 85.5, 16.1, 2445.9, 490.1, 41, 1.3, 6, 289.1, 218.8, 70867.3, 157.2, 15.3, 377.9, 59.3, 10.3
1, 21/01/2019 21:00:50, 130778, 67.3, 102.3, 12.7, 1228.8, 296.5, 28.1, 1.3, 1.2, 354.4, 262, 59802.9, 152.9, 14.8, 367, 46.9, 16.3
1, 21/01/2019 21:19:49, 130779, 73.8, 73.2, 14.1, 2012.3, 302, 25.9, 1.3, 0.5, 234.5, 187.4, 56765.2, 203, 13.9, 337.2, 58.3, 7.1
1, 21/01/2019 21:39:49, 130780, 62.4, 75.4, 12.3, 2763.5, 595.5, 20.1, 1, 0.1, 257.7, 193, 76864.4, 63, 14.9, 360.1, 44.7, 6.7
1, 21/01/2019 21:59:50, 130781, 54.4, 75.2, 10.7, 1283.3, 409.6, 18, 0.9, 0.1, 274.3, 192.4, 74132.8, 46, 13, 329.6, 44.1, 7.4
1, 21/01/2019 22:19:49, 130782, 53, 68.5, 10.7, 1386.6, 435.5, 16.6, 0.9, 1.4, 279.9, 175.3, 79873.8, 40.9, 12, 305.7, 39.2, 7.3
1, 21/01/2019 22:39:49, 130783, 55.9, 72.5, 11.8, 1453.9, 405.3, 17.7, 0.9, 3.8, 216, 185.5, 69248.3, 328, 12.3, 313.9, 37.9, 9.1
1, 21/01/2019 22:59:49, 130784, 48.6, 79.6, 10.2, 1100.3, 304.5, 20, 0.8, 0.1, 320.9, 203.7, 73882.5, 68.7, 10.6, 270.8, 33.4, 8.9
1, 21/01/2019 23:19:49, 130785, 52, 66.5, 12, 1718.6, 173, 22.8, 0.9, 0.1, 251.8, 170.2, 57369, 47.1, 10.6, 262.1, 66.6, 8.9
1, 21/01/2019 23:39:49, 130786, 36.6, 38.2, 10.4, 911.9, 160.8, 29.1, 1, 0.1, 171.9, 97.9, 37221.8, 49, 8.6, 208.8, 116, 6.7
2, 20/01/2019 23:59:17, 130715, 78, 82.4, 21.3, 1400, 348.5, 35, 1.5, 0.3, 270.3, 211, 59893.8, 290.1, 7.6, 205.8, 163.5, 22.7
2, 21/01/2019 00:19:17, 130716, 70.7, 96.2, 19.2, 6197, 421.6, 48.3, 1.4, 9.1, 317.2, 246.2, 35018.6, 206.2, 11.8, 224.2, 180.7, 25.4
2, 21/01/2019 00:40:17, 130717, 74.1, 141.8, 20.1, 13980.2, 427.7, 47.2, 5.8, 30.3, 387.3, 363, 32523.2, 200, 20.1, 291.3, 163.3, 11.4
2, 21/01/2019 00:59:17, 130718, 74.9, 146, 18.7, 2400.8, 506.6, 39.5, 2.1, 9, 436, 373.9, 33528.1, 276.4, 17.2, 269.8, 140.8, 9.9
2, 21/01/2019 01:19:17, 130719, 76.9, 142.3, 18.3, 44698.4, 449.8, 27.1, 7.9, 7.6, 451.7, 364.2, 76434.5, 305.8, 16, 294.9, 135.6, 14.1
2, 21/01/2019 01:40:17, 130720, 95.8, 161.4, 19.8, 51782.3, 321.9, 22.2, 27.9, 16.8, 485.8, 413.1, 54864.8, 224.5, 21.7, 452.3, 110.8, 12.5
2, 21/01/2019 02:00:17, 130721, 84.5, 127.3, 19.2, 50448.4, 359.7, 28.5, 4.5, 9.7, 399, 325.8, 29437.2, 287.8, 15.2, 261.2, 144.6, 13.1
2, 21/01/2019 02:20:17, 130722, 73.6, 99.4, 17.7, 2092, 372, 29, 1.8, 7.6, 346.5, 254.4, 20441.7, 229.8, 12.1, 182.4, 152.3, 10.9
2, 21/01/2019 02:40:16, 130723, 54, 61.7, 13.7, 772.6, 187, 33.1, 0.9, 1.5, 226, 157.9, 21600.5, 143, 5.7, 83.4, 177.9, 3.6
2, 21/01/2019 03:00:16, 130724, 49.8, 55.6, 12.9, 703.1, 144.4, 34.1, 0.9, 2.2, 202.6, 142.3, 14230.6, 229.9, 4.2, 84.4, 202.6, 3.6
2, 21/01/2019 03:19:16, 130725, 66, 72.7, 17.4, 1441.4, 185.5, 34.5, 1.1, 2.5, 272.6, 186.2, 13775.7, 264.3, 5.8, 134.2, 219, 8.1
2, 21/01/2019 03:39:17, 130726, 50.5, 55.5, 13.9, 1172.2, 172.8, 32.6, 0.9, 0.3, 212.4, 142.2, 15236.5, 211.4, 4.5, 88.1, 214.2, 13.3
2, 21/01/2019 03:59:16, 130727, 50.6, 69.1, 14, 552.2, 234.7, 30.4, 0.9, 0, 284.4, 176.9, 35042.1, 275.7, 5.2, 79.1, 177.4, 11.9
2, 21/01/2019 04:19:17, 130728, 56.4, 50.2, 15.2, 390.1, 313.2, 28.3, 0.9, 0, 148.8, 128.6, 33819.8, 174, 4.9, 65.7, 142.4, 7.9
2, 21/01/2019 04:39:16, 130729, 48.8, 59.1, 13.5, 2444.9, 218, 19, 0.8, 1.5, 265.3, 151.3, 35420.6, 201.2, 7, 120.3, 67.8, 9.6
2, 21/01/2019 05:00:16, 130730, 42.1, 54.4, 12.6, 897.5, 98.7, 21.1, 0.8, 0.5, 189.5, 139.2, 13244.7, 246.3, 4.2, 69.4, 81.8, 10.2
2, 21/01/2019 05:19:16, 130731, 41.6, 48.1, 11.7, 386.7, 135.3, 24.7, 0.8, 0, 193.3, 123.1, 13062.3, 171.8, 3.3, 56, 109.6, 6
2, 21/01/2019 05:40:16, 130732, 37.8, 35.4, 9.8, 1399.3, 135.9, 25.1, 0.6, 0, 164.4, 90.7, 16923.3, 203.6, 2.8, 40.9, 102.5, 3.2
2, 21/01/2019 05:59:16, 130733, 76.9, 118.5, 15.9, 2382.6, 486.6, 21.8, 1.7, 4.9, 409.3, 303.4, 94117.7, 227.5, 11.2, 275, 74.3, 5.3
2, 21/01/2019 06:20:16, 130734, 78.4, 94.9, 14.3, 1022.9, 259.9, 22.9, 1, 5.5, 320.8, 243, 88951.9, 187.8, 9.7, 248.4, 72.7, 4
2, 21/01/2019 06:39:16, 130735, 67.8, 70.9, 11.4, 545.4, 224.7, 22.8, 0.6, 2, 247.4, 181.6, 91251.2, 158.3, 8.3, 205, 59.6, 2.8
2, 21/01/2019 06:59:16, 130736, 82.1, 116.3, 15.6, 1723.6, 292.6, 29.9, 3.9, 2.7, 447.8, 297.8, 73892.6, 236.9, 12.9, 326.4, 64.5, 6.1
2, 21/01/2019 07:20:16, 130737, 76.3, 109.6, 15, 853.9, 452.9, 36.1, 1, 1.7, 415.4, 280.5, 72735.8, 201.5, 9.9, 247.5, 80.7, 5
2, 21/01/2019 07:40:16, 130738, 74.6, 103.7, 14.4, 1519.7, 351.1, 35.1, 0.9, 1.2, 429.6, 265.5, 55644.7, 199.4, 10.4, 261, 84.3, 3.7
2, 21/01/2019 08:00:16, 130739, 64.5, 120.4, 15.3, 7325.9, 352.2, 44, 1.1, 0.2, 381.8, 308.3, 44384.8, 228.4, 12.2, 273.7, 108.3, 7
2, 21/01/2019 08:19:15, 130740, 47.8, 75.1, 12.2, 5865.7, 248.1, 43, 0.8, 0, 337.8, 192.2, 29894.8, 160.2, 8.3, 146.4, 106.8, 5.2
2, 21/01/2019 08:40:15, 130741, 47.5, 77.2, 12.3, 17779.1, 311.2, 52.3, 0.8, 0.1, 315.9, 197.7, 30066.3, 141.3, 6.7, 134.7, 111.6, 5.3
2, 21/01/2019 08:59:15, 130742, 52.7, 85.2, 14.1, 22739.6, 337.8, 52.6, 0.9, 0, 339.8, 218.1, 25621.9, 245.4, 5.2, 115.1, 139.7, 9.3
2, 21/01/2019 09:19:15, 130743, 55.8, 80.6, 14.6, 1348.3, 271.3, 54.6, 0.9, 0.3, 346.4, 206.2, 25108.9, 268.1, 6, 147.2, 149.8, 7.6
2, 21/01/2019 09:39:16, 130744, 42.6, 90, 12.2, 165.2, 260.9, 55.9, 0.9, 0, 342.3, 230.3, 24653.9, 170.5, 5, 110.6, 139.5, 6.8
2, 21/01/2019 10:00:15, 130745, 47.1, 81.9, 13.4, 543.2, 336, 56.2, 1, 0, 335.8, 209.6, 28158.2, 253, 4.9, 107.1, 139.2, 9.8
2, 21/01/2019 10:20:15, 130746, 55.3, 83.7, 14.7, 410.3, 377.1, 60.1, 1, 0, 297, 214.2, 26922.7, 212.5, 5.1, 115.1, 153.8, 10
2, 21/01/2019 10:39:15, 130747, 54.8, 99.9, 14.2, 1546.1, 270.1, 54.3, 1, 0, 380.2, 255.7, 27173.6, 232.9, 5.4, 125.6, 151.3, 5.7
2, 21/01/2019 10:59:15, 130748, 42.3, 99, 11.5, 16955, 257.3, 52.8, 0.8, 0, 343.6, 253.5, 25686.5, 256.2, 6.6, 149, 134.5, 9.2
2, 21/01/2019 11:20:15, 130749, 40.4, 56.2, 11.1, 138.2, 247.6, 54.9, 0.8, 0, 289.7, 143.8, 24598.3, 277.5, 4.1, 98.3, 139.2, 5.5
2, 21/01/2019 11:40:15, 130750, 46.5, 67.7, 12.5, 106.6, 296.2, 65.1, 0.9, 0, 268.1, 173.4, 23548.2, 223.5, 3.2, 70.5, 155.6, 5.9
2, 21/01/2019 12:00:15, 130751, 50.1, 78.6, 13.7, 6607.4, 296.8, 63.4, 1, 0.1, 293.7, 201.3, 30455.5, 220.7, 4.3, 93.8, 148.2, 7.4
2, 21/01/2019 12:19:15, 130752, 44.2, 99.9, 12.2, 911.6, 294.4, 57.9, 0.8, 0, 393.3, 255.8, 25789.7, 237.4, 6, 135.8, 135.9, 5.7
2, 21/01/2019 12:40:15, 130753, 46.5, 72.6, 13.4, 238.7, 299, 63.6, 1, 0, 249.4, 185.8, 25338.4, 151.3, 5.1, 115.3, 146.8, 7.1
2, 21/01/2019 13:00:14, 130754, 45.6, 76.9, 13, 216.9, 318.3, 65.5, 0.9, 0, 273.2, 196.9, 24726.2, 187.6, 4.4, 88.5, 147.5, 8.5
2, 21/01/2019 13:19:14, 130755, 46.9, 64.3, 13.3, 231.9, 304.6, 61.3, 1, 0, 245.8, 164.7, 23656.4, 176.5, 3.9, 80.1, 145.5, 7.3
2, 21/01/2019 13:40:15, 130756, 54.3, 96.3, 15.3, 1754, 302.1, 61.5, 1, 0.1, 315.1, 246.6, 29365.2, 260.5, 6.2, 175.4, 138.3, 9.4
2, 21/01/2019 13:59:14, 130757, 47.6, 88.3, 14.3, 699.2, 319.3, 63.8, 1, 0, 354.9, 226.2, 31673, 159.4, 5.2, 153.7, 148.2, 10
2, 21/01/2019 14:21:15, 130758, 43, 65.5, 12.7, 195.1, 338.6, 71.6, 0.9, 0, 261.8, 167.8, 21385.6, 221.1, 3.2, 104.6, 165.5, 6.4
2, 21/01/2019 14:39:14, 130759, 52.2, 70.4, 14.2, 909.7, 371.9, 65.7, 1, 0.1, 240.7, 180.3, 23916.2, 231.1, 5.4, 157.3, 153.7, 6.6
2, 21/01/2019 15:00:15, 130760, 46, 71.3, 13.6, 616.1, 316.4, 65.9, 1, 0, 256.4, 182.5, 23208.4, 199.8, 4.5, 131.1, 153.6, 8
2, 21/01/2019 15:20:14, 130761, 50, 66, 14.8, 870.2, 372.7, 71.3, 1.1, 0.3, 223.9, 168.8, 21170.3, 205.9, 4.7, 127.6, 166.1, 6
2, 21/01/2019 15:39:14, 130762, 44.6, 76.2, 13.3, 2034.6, 314.6, 63.6, 0.9, 0.1, 365.9, 195.2, 23881.5, 279.8, 5.6, 159.1, 151.2, 11.6
2, 21/01/2019 15:59:14, 130763, 57.2, 90.6, 15.3, 1703.3, 463.9, 70.6, 1.1, 0.2, 290.6, 232, 53937.1, 202.7, 7.7, 229.1, 159.1, 10
2, 21/01/2019 16:20:14, 130764, 57.6, 82.2, 15.2, 667.3, 550.1, 84, 1, 0.2, 274.2, 210.5, 75589.9, 255.4, 10.7, 324.7, 152.6, 6.4
2, 21/01/2019 16:40:14, 130765, 51.8, 75.5, 13.6, 977.6, 456.2, 81.4, 1, 0, 254.6, 193.2, 74555.1, 162.2, 12.9, 398.4, 143.4, 8.2
2, 21/01/2019 16:59:13, 130766, 39.2, 76.4, 10.5, 418.4, 424.1, 79, 0.8, 0, 347.8, 195.5, 70077.4, 160.5, 14, 418.9, 115.9, 7.5
2, 21/01/2019 17:20:13, 130767, 47.3, 62.9, 12.2, 213.8, 553.2, 99.6, 0.9, 0.1, 197.3, 161, 62042.2, 217.1, 13, 394.4, 114.3, 4.9
2, 21/01/2019 17:40:14, 130768, 37, 50.3, 10.1, 815.4, 429, 91.3, 0.7, 0.1, 162.5, 128.7, 58263.3, 263.4, 8.5, 270.2, 111.1, 6.3
2, 21/01/2019 17:59:13, 130769, 34.7, 36.1, 10.2, 862.7, 388.6, 70.4, 0.8, 0, 130.2, 92.4, 49316.4, 242.6, 5.6, 171.9, 115.7, 7.5
2, 21/01/2019 18:19:14, 130770, 37.8, 46.8, 10.3, 403.4, 432.6, 63, 0.7, 0, 256.2, 119.8, 61158.1, 228, 4.1, 132.3, 117, 6.5
2, 21/01/2019 18:39:14, 130771, 36.8, 55, 10, 174.3, 407.1, 59.5, 0.7, 0, 309.7, 140.9, 61370.5, 222.5, 4.9, 132.7, 106.4, 6.2
2, 21/01/2019 18:59:13, 130772, 46.2, 72.6, 11.9, 2535.3, 411.9, 56, 0.8, 1.1, 277.4, 185.8, 63034.6, 261.5, 9.8, 234.5, 124.3, 6.1
2, 21/01/2019 19:20:13, 130773, 43.1, 55.1, 12, 531.1, 466.2, 64.1, 0.9, 0, 270.8, 141, 67193.3, 247.2, 7.5, 193.8, 139.5, 6.3
2, 21/01/2019 19:39:13, 130774, 41.5, 48.4, 11.6, 229.3, 588.5, 64.8, 0.9, 0, 237.6, 123.9, 65862, 197.1, 6.5, 160.2, 145.7, 5
2, 21/01/2019 20:00:14, 130775, 46.8, 62.7, 12.9, 365.5, 563.7, 59.9, 0.9, 0.2, 261.5, 160.5, 68193.8, 250.6, 8.9, 228.1, 149.8, 6.8
2, 21/01/2019 20:20:13, 130776, 46.3, 84.1, 13.3, 2008.2, 257.1, 50.8, 0.9, 4.1, 346, 215.2, 70069.4, 329.3, 13.5, 359.8, 102.2, 7.8
2, 21/01/2019 20:40:13, 130777, 53, 76.5, 15, 884, 224.1, 50.1, 1, 1.1, 263, 195.8, 71331, 204.7, 11, 300.8, 112.1, 9.6
2, 21/01/2019 21:00:13, 130778, 40, 83.5, 11.6, 716.8, 188.3, 36.2, 0.8, 0.3, 290.3, 213.8, 68944.2, 186.3, 9.6, 269.8, 91.3, 17
2, 21/01/2019 21:20:13, 130779, 49.2, 56.7, 15.1, 491, 227.1, 48, 1, 0.8, 183.8, 145.1, 24269.3, 217, 8.1, 228.1, 152.1, 10.5
2, 21/01/2019 21:40:13, 130780, 40.8, 58.3, 13, 2189.7, 216, 37.7, 0.9, 2.2, 222, 149.3, 27804.7, 296.6, 10.5, 285.7, 125.2, 8.4
2, 21/01/2019 22:00:13, 130781, 38.6, 61.5, 11.1, 2072.8, 212.3, 32.8, 0.8, 0.1, 233, 157.6, 25889.2, 209.8, 9.6, 253.6, 106.7, 8.6
2, 21/01/2019 22:20:13, 130782, 47, 66.5, 12.2, 1503, 125.2, 22.8, 0.8, 0, 321.1, 170.3, 25996.1, 291.6, 9.1, 243.2, 115.3, 7.5
2, 21/01/2019 22:39:13, 130783, 50.9, 68.4, 13.5, 2577.9, 141, 19.3, 0.8, 0.5, 242.7, 175.2, 32011.2, 238.4, 11, 301.6, 78.9, 9.8
2, 21/01/2019 22:59:13, 130784, 39.4, 68.5, 10.5, 752.4, 110, 16.9, 0.7, 0, 250.8, 175.3, 29000.6, 225.4, 10, 274.9, 65, 9.3
2, 21/01/2019 23:20:13, 130785, 41.9, 59.9, 11.2, 490.4, 125.1, 25.5, 0.8, 0, 245.6, 153.3, 25181.2, 230.7, 8, 222.5, 95.3, 7.8
2, 21/01/2019 23:40:12, 130786, 49.6, 51.1, 14.5, 437.4, 167.7, 33.4, 1, 0, 161, 130.8, 25474.6, 170.7, 7.3, 202.5, 128.3, 10.1
3, 20/01/2019 23:59:15, 130715, 34.7, 34.4, 6.5, 27296.3, 611.6, 3.7, 0.4, 0.1, 224.9, 88.1, 60402.1, 15496.6, 18.2, 306.3, 0.7, 12.9
3, 21/01/2019 00:19:15, 130716, 35.7, 45.9, 6.2, 17927.3, 462.8, 0.6, 0.4, 0, 214.5, 117.4, 66523.1, 14532.1, 32.6, 266, 2, 20.9
3, 21/01/2019 00:40:15, 130717, 48.1, 39.7, 8.4, 2623.1, 434.6, 0.7, 0.5, 0, 139.1, 101.5, 48270.9, 15595.3, 27.8, 272.9, 1.8, 2.5
3, 21/01/2019 00:59:15, 130718, 49.1, 58, 9, 21338.4, 420.9, 1.1, 0.6, 2, 190.4, 148.6, 73972.8, 15185.5, 33.2, 390.4, 2.2, 6.2
3, 21/01/2019 01:19:15, 130719, 49.3, 51.8, 8.8, 1541.5, 626.6, 3.6, 0.6, 0.1, 207.5, 132.5, 70264.5, 14648.6, 27.2, 364.1, 1.8, 4.2
3, 21/01/2019 01:40:14, 130720, 25.4, 22.1, 6.4, 1222.7, 561.6, 1.7, 0.5, 0.1, 149.2, 56.6, 40734.5, 14993.1, 17.9, 234.1, 3.6, 3.3
3, 21/01/2019 02:00:15, 130721, 34.1, 34.9, 6.8, 23572.9, 568, 0.9, 0.5, 3.5, 145.7, 89.4, 42083, 16872.5, 25.6, 312, 4.5, 3.7
3, 21/01/2019 02:20:14, 130722, 23.9, 18.4, 6, 5415.9, 483.9, 0.9, 0.4, 1.9, 64.3, 47, 36438.2, 14949.6, 20.5, 212.1, 2.1, 3.7
3, 21/01/2019 02:40:14, 130723, 16.5, 16.2, 4.9, 7048, 47.8, 0.8, 0.4, 0, 58.2, 41.5, 31684.3, 970.8, 17.7, 184.8, 2, 3.7
3, 21/01/2019 03:00:15, 130724, 32.8, 38.7, 7.5, 24961.8, 188.7, 6.2, 0.6, 0.6, 160.9, 99.2, 27531.2, 20310.3, 20.7, 309.4, 2, 7.1
3, 21/01/2019 03:19:14, 130725, 19.9, 21.3, 4.9, 3584.5, 36.2, 0.6, 0.4, 0, 81.3, 54.5, 22089.5, 231.7, 13.1, 185.7, 1.5, 3.9
3, 21/01/2019 03:39:15, 130726, 19.6, 63.7, 4.6, 87863.2, 27.6, 3.8, 0.3, 0, 311.9, 163, 30410.5, 309.1, 18.3, 366.3, 6.5, 51.9
3, 21/01/2019 04:00:15, 130727, 31.1, 73.3, 7.4, 58749.4, 284.9, 6.1, 0.5, 0.1, 381.6, 187.6, 100785.2, 4943.5, 27.4, 534.9, 2.5, 40.4
3, 21/01/2019 04:19:14, 130728, 34.4, 26, 7.2, 15502.7, 480.7, 10.6, 0.5, 0, 131.7, 66.6, 62189.3, 4756.4, 21, 372.3, 5.3, 3.1
3, 21/01/2019 04:39:14, 130729, 25.6, 25.5, 5.5, 4021.4, 126.5, 10.5, 0.5, 0, 191.8, 65.3, 69322.9, 5416.2, 21.2, 365.7, 7, 2
3, 21/01/2019 05:00:14, 130730, 49.4, 76.3, 10.6, 41638.4, 131.8, 6.7, 0.9, 1.2, 296.6, 195.3, 64370, 1714.9, 34.6, 808.3, 6.5, 7.9
3, 21/01/2019 05:19:14, 130731, 45.3, 50.7, 9.3, 2493, 410.8, 17.5, 0.6, 0.3, 218.8, 129.9, 59520.6, 264.5, 27.7, 624.7, 7.2, 4.1
3, 21/01/2019 05:40:19, 130732, 25.8, 25.6, 6.4, 1829.8, 349.7, 22.1, 0.5, 0, 135.4, 65.6, 46509.3, 172.8, 20.7, 483.7, 6.6, 5.8
3, 21/01/2019 05:59:19, 130733, 36.2, 43, 8.5, 18785.6, 498.3, 19.3, 0.6, 0.2, 200.1, 110.2, 66227.2, 230.9, 28.3, 621.9, 6, 6.5
3, 21/01/2019 06:20:19, 130734, 29.7, 40.5, 7.1, 1888.1, 198, 25.3, 0.5, 0, 159.8, 103.7, 60045.9, 257.2, 27.5, 822.4, 6.2, 4.8
3, 21/01/2019 06:39:18, 130735, 35.4, 41.4, 8.9, 6066.8, 564.5, 22.7, 0.6, 0.1, 140.8, 106.1, 72631, 454.4, 30.7, 722.1, 6.3, 5.9
3, 21/01/2019 06:59:19, 130736, 54, 63.4, 9.8, 23550.4, 436.1, 23.3, 1, 2.9, 238.7, 162.2, 92940.8, 342.2, 34.1, 772.3, 6.6, 4.5
3, 21/01/2019 07:19:19, 130737, 61.4, 71.7, 10.9, 5858.7, 686.9, 32.8, 0.7, 2.4, 248.1, 183.6, 76681.9, 349.6, 34, 753.8, 5.7, 3.3
3, 21/01/2019 07:40:18, 130738, 55.5, 68.2, 10.8, 5563.5, 573.6, 25.3, 0.7, 2.1, 241.4, 174.7, 67903.7, 272.2, 34.3, 841.5, 5.3, 5.5
3, 21/01/2019 08:00:23, 130739, 44.1, 58.9, 7.6, 21501.2, 506, 23.9, 0.5, 0.2, 226.4, 150.8, 63863.3, 361.9, 27.7, 611.8, 5.6, 5.4
3, 21/01/2019 08:19:23, 130740, 48.2, 65.3, 8.4, 2985.4, 660.1, 21.8, 3, 5.5, 452.8, 167.3, 79718.1, 314.2, 36.6, 808.7, 7, 2.9
3, 21/01/2019 08:40:29, 130741, 45.4, 59.1, 8.9, 8446.7, 415.6, 29.3, 1.1, 3.1, 253.5, 151.3, 40226.1, 333.1, 30.7, 662.4, 6.4, 4.5
3, 21/01/2019 09:00:27, 130742, 48.3, 59, 9.7, 27468.3, 444.8, 15.7, 0.6, 7.5, 201.7, 151.1, 46138.6, 385.5, 29.4, 542.2, 9.3, 4.7
3, 21/01/2019 09:19:32, 130743, 47.5, 61.7, 9.3, 8624.9, 520.1, 8.8, 0.5, 8.4, 217.8, 158, 57528.1, 650.6, 35.4, 670.6, 7.8, 5.3
3, 21/01/2019 09:39:33, 130744, 44.3, 58.4, 8.7, 10464.2, 472.3, 11.3, 0.5, 6.4, 190.9, 149.5, 70331.1, 516.3, 32.3, 568.9, 7.6, 4.3
3, 21/01/2019 09:59:33, 130745, 46.3, 81, 10.8, 27920.4, 516.3, 6.9, 0.7, 14.8, 337, 207.4, 76468.7, 1492.1, 46.1, 810.5, 7.8, 8.2
3, 21/01/2019 10:19:32, 130746, 41.3, 72.1, 9, 13064.9, 373.5, 7.8, 0.6, 15.2, 221, 184.5, 82574.7, 1131.7, 39.6, 654, 6.2, 8.7
3, 21/01/2019 10:39:33, 130747, 41.8, 66.5, 8.6, 3180.6, 414.4, 18.2, 0.6, 13.4, 197.6, 170.3, 74727.5, 290.3, 32, 562.7, 2.1, 7
3, 21/01/2019 10:59:32, 130748, 56.7, 97.6, 10.7, 41606.9, 438.5, 4.6, 0.7, 9.3, 313.5, 249.8, 99992.8, 419.1, 36.6, 773.7, 2.4, 12.3
3, 21/01/2019 11:19:32, 130749, 65.4, 101.7, 11.6, 13278.2, 486.4, 20.6, 1.2, 23.9, 312.7, 260.4, 77185.9, 482.5, 43.4, 789.5, 3.1, 7.2
3, 21/01/2019 11:40:33, 130750, 55.8, 90, 10.7, 9274.3, 274.1, 8.5, 0.6, 25.4, 272.5, 230.5, 108644.5, 670.3, 42.8, 731.9, 3.6, 7.5
3, 21/01/2019 11:59:32, 130751, 54.5, 92.8, 9.1, 25132.1, 267.4, 8, 1.2, 32, 297.8, 237.5, 97458.1, 403.3, 41.5, 641, 3.7, 5.4
3, 21/01/2019 12:19:32, 130752, 58.6, 107.3, 8.4, 7184.8, 250, 5.9, 1.1, 28.2, 335.8, 274.7, 94123.5, 299.5, 39.6, 742.1, 2.3, 3.8
3, 21/01/2019 12:39:32, 130753, 37.6, 69.7, 7.9, 5915.9, 300.2, 8.3, 0.5, 25.5, 220.3, 178.4, 90805.2, 301.4, 34, 548.8, 2.5, 4.3
3, 21/01/2019 12:59:32, 130754, 33.9, 60.9, 6.2, 21795.2, 162.2, 2.7, 0.4, 26.5, 177.6, 156, 111060.7, 336.2, 35, 552.4, 3.9, 3.9
3, 21/01/2019 13:19:32, 130755, 34.6, 56.6, 6.4, 3790.4, 187.4, 3.9, 0.4, 22.2, 165.9, 144.9, 81957.5, 297, 33.8, 531.5, 4, 3.5
3, 21/01/2019 13:39:32, 130756, 31.6, 55.2, 5.4, 5520.6, 193.4, 3.3, 0.4, 20.2, 172.3, 141.2, 85443.4, 384.4, 35.4, 500.8, 3.8, 3.1
3, 21/01/2019 13:59:32, 130757, 55.3, 78.6, 9.3, 24694.1, 448.8, 8.3, 0.8, 20.5, 246.4, 201.1, 96356.7, 321.6, 37.6, 676.2, 1.9, 4.2
3, 21/01/2019 14:19:32, 130758, 44.7, 57.4, 8.2, 11265.2, 387.9, 3.5, 0.5, 9, 203.4, 147, 62154.7, 205, 31.9, 536.3, 2.6, 5.2
3, 21/01/2019 14:39:32, 130759, 41.9, 47.8, 8, 3493.1, 568.8, 4.2, 0.5, 6, 158, 122.2, 45561.3, 196.1, 25.8, 455.9, 1.9, 4.9
3, 21/01/2019 14:59:37, 130760, 48.4, 51.4, 8.5, 29505.8, 433.2, 6.7, 0.8, 6.5, 235.6, 131.7, 97336.5, 271.9, 24.9, 483.9, 4.6, 4.2
3, 21/01/2019 15:19:37, 130761, 48.9, 50.7, 8.8, 1395.3, 579.4, 3.8, 0.6, 2.5, 212.6, 129.9, 37781, 244.9, 21.9, 459.5, 4.6, 4.7
3, 21/01/2019 15:39:36, 130762, 30.9, 41.8, 5.6, 15023.4, 248.5, 3.5, 0.4, 6.7, 188.5, 106.9, 37464.5, 362.8, 22.2, 382.3, 6.2, 4
3, 21/01/2019 15:59:37, 130763, 30.4, 38, 5.8, 27057.1, 270.2, 3.1, 0.4, 8, 116.6, 97.2, 59394.6, 332.2, 23.7, 387.1, 6.5, 3.4
3, 21/01/2019 16:19:36, 130764, 28.9, 46.3, 5.3, 10918.5, 300.3, 4.3, 0.4, 15.8, 143.6, 118.5, 32531.4, 268, 23.8, 412.4, 5, 2.4
3, 21/01/2019 16:39:36, 130765, 26, 49.9, 4.9, 12181.2, 188.9, 3.1, 0.4, 19.7, 348.2, 127.6, 50524.5, 252.2, 23.9, 391.8, 6.2, 2.8
3, 21/01/2019 16:59:36, 130766, 30.1, 52, 5.6, 33677.1, 219.9, 4, 0.4, 11.8, 170.4, 133.1, 65889.4, 285.6, 32, 547.2, 6.9, 4.4
3, 21/01/2019 17:19:36, 130767, 31.8, 53.7, 6.4, 3237.5, 168.4, 0.7, 0.5, 8.6, 327.3, 137.5, 70339.1, 313.5, 25.7, 379.8, 6.3, 4.4
3, 21/01/2019 17:39:37, 130768, 28.1, 43.5, 6.1, 22248.2, 184.9, 2.6, 0.4, 9, 143, 111.3, 57802.6, 271.8, 24, 326.4, 5.4, 4.3
3, 21/01/2019 17:59:36, 130769, 28.6, 35.2, 5.4, 24686.8, 239.9, 0.7, 0.4, 6.1, 114.6, 90.2, 47331.2, 346.8, 21.9, 304.5, 6.6, 3.8
3, 21/01/2019 18:19:36, 130770, 21.5, 26.1, 4.2, 14363.9, 174.2, 2.8, 0.3, 6.5, 83.9, 66.9, 35208.4, 269.6, 20, 272.3, 5.9, 2.4
3, 21/01/2019 18:39:36, 130771, 19.4, 25.5, 4.1, 29653.6, 156.6, 1.3, 0.3, 4.7, 135.7, 65.4, 24939, 325.9, 21.6, 288.6, 5.6, 2.2
3, 21/01/2019 18:59:36, 130772, 36.6, 45.7, 6.6, 40748.2, 311.2, 3, 0.5, 3, 184.9, 117, 29588.7, 290.6, 22.8, 408.9, 5.2, 4.3
3, 21/01/2019 19:19:35, 130773, 28.6, 42.9, 5.2, 26739.7, 152.5, 1.4, 0.4, 7.4, 173.7, 109.9, 29183.1, 348.1, 24.2, 338.3, 6.2, 3.2
3, 21/01/2019 19:39:36, 130774, 26.7, 34.9, 4.8, 27174.8, 116.2, 0.6, 0.4, 6.8, 132.7, 89.3, 44073.1, 348.8, 24.7, 319.4, 5.8, 2.7
3, 21/01/2019 19:59:35, 130775, 25.8, 31.4, 5.1, 42391.5, 181.4, 5.4, 0.4, 5, 114.5, 80.4, 26865.8, 301.8, 21.1, 314.2, 6, 3.7
3, 21/01/2019 20:19:35, 130776, 27.2, 30.7, 4.8, 2816, 212.8, 7, 0.4, 3.9, 95.5, 78.6, 23442.9, 252.1, 19.2, 289, 6, 2.3
3, 21/01/2019 20:39:36, 130777, 19.5, 26.5, 4.7, 5493, 191.4, 2.5, 0.4, 4.1, 112.2, 67.9, 51244.2, 284.5, 16.8, 222, 6.3, 3.2
3, 21/01/2019 21:00:36, 130778, 36.8, 64.2, 8.4, 32816.6, 70.9, 4.1, 0.6, 5.9, 237.7, 164.3, 51163.6, 304.8, 24.1, 430.1, 5.5, 8.6
3, 21/01/2019 21:19:35, 130779, 35, 49.7, 8.9, 5737.3, 125.4, 1, 0.6, 4.7, 166.8, 127.3, 61613.6, 345.2, 19, 357.6, 6.8, 6.1
3, 21/01/2019 21:40:35, 130780, 31, 33.6, 6.7, 7089, 493.2, 5.5, 0.5, 0.9, 132.6, 86, 58534.9, 217.7, 17, 266.8, 0.5, 4.1
3, 21/01/2019 21:59:35, 130781, 37.1, 39.3, 7.6, 22922.3, 460, 38.1, 0.5, 0.2, 147, 100.7, 47647.4, 183, 18, 361.1, 0.5, 5.8
3, 21/01/2019 22:19:35, 130782, 27.7, 35, 6.3, 2837.3, 525.7, 56.8, 0.5, 1.6, 148.8, 89.5, 64401.7, 179, 17.7, 310.5, 0.6, 4.8
3, 21/01/2019 22:39:35, 130783, 30.5, 37.5, 7.6, 4852.8, 284.5, 58.7, 0.6, 1.8, 133.8, 95.9, 37185.1, 191.4, 19.7, 340.9, 1.1, 6.8
3, 21/01/2019 22:59:35, 130784, 37.3, 54, 9.3, 20718.9, 282.9, 50.4, 0.6, 2.2, 255.3, 138.2, 45231.5, 277.9, 26.5, 423.9, 13.7, 7.6
3, 21/01/2019 23:19:35, 130785, 37.2, 47.7, 9.3, 6249.4, 277.2, 54.2, 0.7, 2.6, 151.3, 122.1, 45809.6, 232.1, 24.6, 387.3, 18.7, 9.3
3, 21/01/2019 23:39:35, 130786, 36.7, 41.1, 8.9, 6590.2, 276.8, 59.8, 0.6, 1.7, 129.9, 105.2, 36588.8, 234.4, 23.4, 351.5, 21.2, 10.7
4, 20/01/2019 23:59:27, 130715, 28.4, 25.8, 5.9, 23410.5, 367.2, 1, 0.5, 0, 137.8, 65.9, 25088.2, 304, 14.7, 195.5, 7.1, 9.1
4, 21/01/2019 00:19:27, 130716, 30.4, 34.1, 5.6, 17750.7, 450.9, 3.1, 0.4, 0, 163.7, 87.3, 41724.9, 274.8, 21.3, 246.7, 6.3, 12.5
4, 21/01/2019 00:39:26, 130717, 42.7, 39.7, 7.8, 6404.5, 468.1, 2.1, 0.6, 0, 246.2, 101.6, 53444.3, 546.4, 18.2, 254.9, 5.6, 4.4
4, 21/01/2019 00:59:26, 130718, 28.6, 35.3, 5, 16505.6, 477.7, 2.3, 0.4, 0, 113, 90.3, 66634, 262.4, 19.1, 302.8, 5.1, 3.3
4, 21/01/2019 01:19:27, 130719, 29.6, 35.9, 5.6, 5820, 464.1, 0.6, 0.4, 0.2, 218.3, 91.8, 37488.2, 170.6, 18.6, 224.4, 6.4, 4.3
4, 21/01/2019 01:39:26, 130720, 31.9, 29.4, 6.9, 5244.8, 493.6, 0.2, 0.5, 0, 91.2, 75.3, 39782.3, 117, 16.1, 196.2, 6.7, 4.3
4, 21/01/2019 01:59:26, 130721, 56, 53.8, 8.9, 18037.4, 505.1, 3.4, 2, 1.8, 239.6, 137.6, 93031.3, 166, 18.1, 340.9, 3.2, 4.8
4, 21/01/2019 02:19:26, 130722, 46.4, 42, 7.8, 1875.6, 503.4, 0.3, 0.6, 0.4, 247.8, 107.5, 38444.6, 110.6, 14.6, 234.9, 1.6, 4
4, 21/01/2019 02:40:26, 130723, 24.1, 21.1, 4.6, 3429, 227.5, 0.2, 0.4, 0.1, 70.5, 54, 35888.5, 116.2, 12.1, 160.5, 1.4, 3.1
4, 21/01/2019 03:00:26, 130724, 29.1, 28.8, 5.6, 16228.4, 222.9, 5.9, 0.4, 0, 112.7, 73.6, 16383.4, 156.8, 12.5, 194.3, 2.1, 3.6
4, 21/01/2019 03:19:26, 130725, 22, 22.5, 4, 6606.7, 144.8, 5, 0.3, 0.6, 86.7, 57.6, 17817.7, 172.3, 12.4, 146.8, 1.9, 3.8
4, 21/01/2019 03:39:26, 130726, 28.3, 72.4, 4.8, 77632, 102.8, 9.7, 0.4, 0.7, 351.7, 185.4, 26377.1, 230.8, 15.6, 323, 4.7, 49.6
4, 21/01/2019 03:59:26, 130727, 38, 72.6, 6.7, 81167.3, 191.9, 7.7, 0.5, 0.1, 306.1, 185.9, 41863, 235.1, 20.2, 388.4, 5.4, 36
4, 21/01/2019 04:19:26, 130728, 60, 52.4, 10.6, 6508.7, 487.1, 4.6, 0.7, 0.5, 190.4, 134.2, 42193.4, 298.3, 20.6, 394.8, 5.7, 5
4, 21/01/2019 04:39:31, 130729, 48.8, 50.3, 7.7, 3378.5, 256.7, 1.9, 0.5, 0.2, 194.5, 128.7, 58255.3, 199.8, 23.4, 360.2, 7.1, 3.4
4, 21/01/2019 04:59:30, 130730, 57.8, 93.2, 11.2, 15694.4, 234.1, 9.7, 1.4, 3.8, 347.2, 238.6, 79468.3, 197.8, 23.6, 780.9, 6.5, 10.1
4, 21/01/2019 05:19:30, 130731, 47.8, 55.7, 9.3, 6001, 544.4, 12.6, 0.6, 0.8, 241.2, 142.7, 62714.6, 174, 19.1, 532.6, 7.2, 5.1
4, 21/01/2019 05:40:30, 130732, 29.7, 31.5, 6.1, 6010.3, 172.2, 7, 0.4, 0, 100.3, 80.6, 39160.1, 201.1, 16.7, 371.2, 10.5, 3.8
4, 21/01/2019 05:59:30, 130733, 40.5, 49.5, 7.5, 19596.2, 245.8, 5.2, 0.5, 2.5, 222.7, 126.6, 78837.9, 336.3, 18.7, 395, 4.8, 4.2
4, 21/01/2019 06:19:30, 130734, 52.7, 68.8, 10.2, 6918.4, 306.6, 4.9, 1, 6.2, 245.8, 176.1, 84720.9, 346.8, 18.5, 683.1, 3, 8.3
4, 21/01/2019 06:39:25, 130735, 43.7, 60.8, 9.3, 2030.2, 226.5, 22.7, 0.6, 4.1, 209.3, 155.7, 77118.9, 113, 21.1, 763.4, 3.4, 11.5
4, 21/01/2019 06:59:25, 130736, 32, 53.2, 7.4, 22798.9, 149.9, 18.1, 0.5, 1.3, 200.7, 136.1, 42237.3, 286.5, 20.8, 596.5, 6.2, 10
4, 21/01/2019 07:19:25, 130737, 41.8, 63.8, 10, 4673.6, 202.1, 8.9, 0.8, 2.4, 233.3, 163.4, 44850.7, 324.1, 21.4, 635.8, 4.8, 10.5
4, 21/01/2019 07:40:25, 130738, 34.7, 51.1, 8.2, 6182.1, 126.8, 10.1, 0.5, 2.2, 177.3, 130.8, 39185.1, 376.5, 18.1, 551.5, 4.5, 9.1
4, 21/01/2019 08:00:25, 130739, 43.9, 70.1, 9.4, 19873.4, 198, 6, 0.6, 1.1, 242.7, 179.5, 98475.3, 174, 23.2, 653.9, 1.6, 9.8
4, 21/01/2019 08:19:25, 130740, 43.3, 71.3, 9, 4631.6, 132.5, 8.7, 0.9, 1.4, 265, 182.5, 19856.6, 226.5, 18.4, 574.2, 0.8, 8.4
4, 21/01/2019 08:40:30, 130741, 32.9, 65.2, 8, 1940.4, 60.5, 9.2, 0.5, 2.7, 288.1, 166.9, 28888.4, 289.7, 19.3, 596.3, 1.1, 8.3
4, 21/01/2019 09:00:29, 130742, 40.6, 61.2, 8.8, 14265.8, 178.1, 25.9, 0.6, 2, 295.3, 156.6, 24604.1, 154, 21.3, 678.4, 1.3, 8.9
4, 21/01/2019 09:19:30, 130743, 47.7, 63.7, 9.4, 20734.3, 469.9, 9.5, 0.6, 6.5, 276.3, 163.1, 70280.1, 1750.4, 24.3, 726.1, 1.6, 7.6
4, 21/01/2019 09:39:30, 130744, 60.4, 85.9, 10.5, 4464.7, 395.9, 18.1, 0.9, 9.1, 258.7, 219.9, 74534.7, 920.3, 29.1, 767.2, 15.3, 5.8
4, 21/01/2019 09:59:29, 130745, 58.7, 86.3, 10.2, 14043.8, 343.4, 41, 0.7, 8.9, 292.5, 220.9, 99547.6, 1178, 28.7, 880.7, 21, 6.5
4, 21/01/2019 10:19:29, 130746, 67.8, 101.1, 11.6, 3204.6, 435.2, 39, 2.4, 12.3, 336.9, 258.7, 51228.6, 1042.4, 26.6, 757.9, 15.8, 8.1
4, 21/01/2019 10:39:29, 130747, 49.5, 84.9, 9.9, 5446.6, 320.8, 48.3, 1.1, 17, 409, 217.4, 56930.6, 1218.2, 25.2, 593.5, 18.1, 5.3
4, 21/01/2019 10:59:29, 130748, 65, 119.5, 10.7, 39770.6, 437.4, 35.8, 2.4, 22, 373.8, 306, 76178, 629.2, 33, 908, 10.7, 8.7
4, 21/01/2019 11:19:29, 130749, 66.8, 94.8, 12.4, 4316.6, 471.7, 40.2, 1.3, 15.8, 277.7, 242.8, 86946.4, 1020.3, 35, 944.1, 14.6, 7.3
4, 21/01/2019 11:40:29, 130750, 66.3, 90.9, 13, 2923.9, 312.2, 14, 1.4, 15.4, 263.1, 232.8, 90171.2, 1185.5, 32.7, 886, 16.9, 8.2
4, 21/01/2019 11:59:28, 130751, 65.3, 91.2, 12.9, 15008, 245.3, 5.1, 1.5, 11.7, 335, 233.5, 132381.6, 864.7, 29.5, 722.9, 11.3, 8.1
4, 21/01/2019 12:19:24, 130752, 56.8, 107.4, 11.2, 5767.5, 209.6, 19.9, 0.8, 9.6, 436.6, 275.1, 70902.1, 659.4, 32.1, 810.6, 14, 6.7
4, 21/01/2019 12:39:24, 130753, 53.5, 80.7, 10, 4828.2, 303.7, 8.8, 0.6, 18.3, 224, 206.6, 79097.8, 1031.3, 23.4, 513.6, 11.6, 6.6
4, 21/01/2019 13:00:23, 130754, 73.5, 101.8, 13.3, 25641, 300.6, 17.1, 1.7, 14.7, 334.6, 260.7, 124616.4, 531.2, 26.4, 599.5, 8.2, 10.8
4, 21/01/2019 13:19:28, 130755, 57.7, 87.9, 10.9, 19019.9, 258.7, 11, 4.7, 19.7, 343.4, 225, 99581, 670, 23.8, 598, 9.5, 8.4
4, 21/01/2019 13:39:28, 130756, 43.2, 74.4, 8.2, 20252, 122, 15.4, 1.1, 15.8, 335, 190.5, 58495.6, 744.7, 25.1, 541.7, 8.9, 5.7
4, 21/01/2019 13:59:29, 130757, 49.5, 75.1, 10.5, 19128.7, 235.8, 9.2, 1.4, 5.9, 277.5, 192.3, 88886.3, 928.1, 23.1, 508, 10, 9.3
4, 21/01/2019 14:21:28, 130758, 42, 52.7, 9.2, 4750.5, 193, 19.7, 0.6, 0.7, 304.1, 134.8, 41075.5, 1417.1, 16.8, 381.5, 11.5, 7
4, 21/01/2019 14:39:28, 130759, 36.7, 47.9, 7.1, 16841.5, 88.3, 10.1, 0.5, 8.8, 148.6, 122.7, 52958.1, 1378.5, 17.5, 337.4, 12.9, 4.7
4, 21/01/2019 15:00:28, 130760, 40.4, 65.1, 6.9, 25295.2, 128.7, 18.4, 0.4, 18.1, 412.5, 166.7, 41126.9, 1062.8, 23.1, 427.1, 9, 3.4
4, 21/01/2019 15:19:28, 130761, 35, 55.1, 6.1, 6514.1, 114.8, 13.8, 0.4, 20, 165, 141.1, 40030.5, 1881.9, 21, 335.3, 15.2, 3.6
4, 21/01/2019 15:39:28, 130762, 36.4, 66.1, 5.7, 22594.7, 128.4, 11.1, 0.4, 26.3, 210, 169.1, 49558.7, 1194.7, 22.1, 384.3, 13.1, 3.7
4, 21/01/2019 15:59:28, 130763, 46.6, 88.2, 8, 24418.8, 136.4, 19.9, 2.1, 30.9, 429.8, 225.9, 50366.7, 1050.9, 28.4, 504.4, 7.9, 6
4, 21/01/2019 16:19:28, 130764, 37.6, 75.6, 6.6, 4732.4, 233.4, 15, 0.5, 34.6, 242.5, 193.5, 53396.3, 421.2, 22, 346.9, 11.8, 4
4, 21/01/2019 16:40:28, 130765, 34.6, 72.6, 6, 7742.3, 113.5, 8.9, 0.4, 33.3, 212.9, 185.8, 68614.4, 320.6, 22.9, 344.2, 11.2, 4.5
4, 21/01/2019 16:59:28, 130766, 37.9, 87.9, 6.8, 36157, 157.5, 3.7, 0.5, 38.1, 315.5, 225.1, 96451, 187.9, 31.1, 501.7, 2.1, 6.6
4, 21/01/2019 17:19:27, 130767, 44.8, 90.6, 8.1, 9404.2, 256.2, 0.7, 0.5, 34, 325.3, 231.8, 68864.6, 132, 28.8, 457.9, 2.4, 7.4
4, 21/01/2019 17:39:43, 130768, 31.6, 69.2, 5.5, 2345.2, 91.7, 5.1, 0.4, 32.3, 196.9, 177.1, 54580.7, 93.2, 26.1, 406.5, 1.8, 4.6
4, 21/01/2019 17:59:43, 130769, 34.1, 68.3, 5.8, 12736.3, 204, 3.5, 0.4, 30.8, 245.4, 174.9, 46647.1, 116.2, 23.7, 386.1, 1.8, 4.3
4, 21/01/2019 18:19:43, 130770, 23.1, 51.7, 4, 1498.3, 17.7, 0.2, 0.3, 24.7, 156, 132.4, 51164.3, 116.9, 21.4, 292.9, 1.1, 4
4, 21/01/2019 18:39:42, 130771, 21.8, 43.8, 3.2, 2963.1, 16.7, 0.3, 0.3, 15.2, 131.9, 112, 42954.7, 97, 21.2, 313.1, 1.6, 3.1
4, 21/01/2019 18:59:42, 130772, 28.9, 56, 4.9, 17611.4, 30.2, 1.2, 0.4, 10.9, 188.7, 143.4, 71781, 146.8, 26.9, 403.4, 4.5, 5.5
4, 21/01/2019 19:19:43, 130773, 26.1, 44.7, 4.4, 2554.7, 146.1, 0.8, 0.4, 10.8, 142, 114.5, 45875.3, 93.1, 23.5, 387.3, 3.3, 4.1
4, 21/01/2019 19:39:42, 130774, 23.3, 39, 4.1, 2000.3, 86.8, 0.2, 0.3, 8.9, 116.8, 99.7, 31721.2, 74, 20, 333, 1.9, 5
4, 21/01/2019 19:59:42, 130775, 33.9, 51.7, 5.9, 20330.7, 193.8, 3.4, 0.4, 11.2, 167.5, 132.4, 30516.6, 133.7, 18, 309.5, 3, 5.6
4, 21/01/2019 20:19:47, 130776, 24, 42.8, 4, 7374.2, 91.5, 0.2, 0.3, 11.3, 150.1, 109.6, 30715.7, 163.5, 18, 246, 4.3, 3.3
4, 21/01/2019 20:39:47, 130777, 26.6, 43.4, 3.8, 2593.9, 104.6, 0.1, 0.3, 9.8, 138.7, 111, 31592.2, 111.5, 18.1, 263, 3.7, 3
4, 21/01/2019 21:00:47, 130778, 32.7, 51.6, 4.6, 17172.7, 131.3, 0.1, 0.3, 10, 220.8, 132, 75969.6, 119.8, 20.4, 362.4, 3.8, 3.5
4, 21/01/2019 21:19:47, 130779, 34.7, 54.9, 5.6, 3920.6, 228, 0.4, 0.4, 11.9, 248.9, 140.4, 30968.7, 143.4, 20.3, 354.2, 4.2, 3.9
4, 21/01/2019 21:39:46, 130780, 26.2, 41.3, 3.9, 1342.5, 46.9, 0.8, 0.3, 9.5, 126, 105.8, 32832.1, 100, 17.6, 267, 2.7, 3.2
4, 21/01/2019 21:59:47, 130781, 35.1, 54, 5.3, 16007.6, 40.4, 1.1, 0.5, 7.9, 181.4, 138.1, 31866.8, 151.2, 20.5, 306.5, 3.1, 5.3
4, 21/01/2019 22:19:47, 130782, 29.1, 46.9, 5.3, 5362.8, 44.6, 0.4, 0.4, 8, 162.4, 120, 36043.6, 181.3, 19.3, 292.4, 3.6, 5.4
4, 21/01/2019 22:39:47, 130783, 27.7, 47.6, 4.9, 2963, 42.2, 2.8, 0.4, 8.1, 188.2, 121.8, 39115.1, 150, 20.8, 356.6, 2.5, 4.4
4, 21/01/2019 22:59:46, 130784, 42.9, 70.9, 7.9, 21164.6, 274.6, 2.9, 0.6, 10.4, 233.3, 181.4, 43550.4, 153.6, 22.4, 457.1, 3.2, 6.7
4, 21/01/2019 23:19:46, 130785, 27.8, 47.9, 5.4, 3292.6, 53.3, 1.4, 0.4, 10.7, 148.2, 122.5, 32935.8, 160.1, 19.8, 323.2, 7.9, 4.9
4, 21/01/2019 23:39:47, 130786, 25.9, 45.5, 5.2, 4473.8, 22.6, 2.1, 0.4, 14.1, 169.5, 116.4, 35089.6, 134, 19.7, 280.4, 11.8, 5.2
