INSTANCE_NUMBER, SNAP_ID, T_BEG, USR_GROUP, CPU, DBTIME, PGA, OTH_WAIT, PXENQ, PXQTIME, PXQRY, PXREL, REQS, YIELDS, IOWAIT, READ, WRITE
1, 128627, 23/12/2018 00:00:44, ADW_UNLOAD_GROUP, 0, 0, 0, 0, 0, 0, 0, 0, 473, 0, 0, 0, 0
1, 128628, 23/12/2018 00:20:05, ADW_UNLOAD_GROUP, 0, 0, 0, 0, 0, 0, 0, 0, 400, 1, 0, 0, 0
1, 128629, 23/12/2018 00:40:19, ADW_UNLOAD_GROUP, 0, 0.1, 0.3, 0.1, 0, 0, 0, 0, 481, 0, 0, 0, 0
1, 128630, 23/12/2018 01:00:03, ADW_UNLOAD_GROUP, 7.2, 23, 1778.3, 9.5, 0, 0, 9, 120, 973, 4238, 6.3, 2282.5, 8162.3
1, 128631, 23/12/2018 01:20:06, ADW_UNLOAD_GROUP, 5.5, 10.4, 1849, 2.1, 0, 0, 15, 136, 798, 3011, 2.8, 2659.1, 3906.1
1, 128632, 23/12/2018 01:40:16, ADW_UNLOAD_GROUP, 1.1, 3.9, 469.5, 2.1, 0, 0, 5, 26, 267, 554, 0.7, 102.9, 2131.3
1, 128633, 23/12/2018 02:00:21, ADW_UNLOAD_GROUP, 1.8, 4.3, 515.5, 1.9, 0, 0, 4, 26, 247, 932, 0.6, 277.5, 1390.4
1, 128634, 23/12/2018 02:20:09, ADW_UNLOAD_GROUP, 10.2, 16.2, 3208.3, 4.4, 0, 0, 33, 304, 1298, 7776, 1.6, 2822.4, 2717.6
1, 128635, 23/12/2018 02:40:00, ADW_UNLOAD_GROUP, 28.8, 38.2, 27771.5, 8.3, 0, 0, 24, 284, 1009, 33891, 1.1, 3850.1, 1451.5
1, 128636, 23/12/2018 03:00:28, ADW_UNLOAD_GROUP, 36.5, 50.4, 22146.3, 12.4, 1, 0, 24, 256, 889, 52003, 1.5, 3676, 1766.6
1, 128637, 23/12/2018 03:20:13, ADW_UNLOAD_GROUP, 15.6, 27.9, 6438.2, 4.2, 0, 0, 24, 384, 654, 16435, 8.1, 2467, 3779
1, 128638, 23/12/2018 03:40:14, ADW_UNLOAD_GROUP, 7.7, 14.9, 13608.1, 2.8, 0, 0, 13, 101, 578, 3609, 4.4, 506.3, 8433
1, 128639, 23/12/2018 04:00:09, ADW_UNLOAD_GROUP, 4.7, 6.1, 12344.3, 1.1, 0, 0, 24, 236, 1049, 1459, 0.3, 486.4, 183.6
1, 128640, 23/12/2018 04:20:20, ADW_UNLOAD_GROUP, 0.2, 0.2, 659.1, 0, 0, 0, 1, 16, 554, 12, 0, 6, 0
1, 128641, 23/12/2018 04:40:13, ADW_UNLOAD_GROUP, 0, 0, 0, 0, 0, 0, 0, 0, 419, 0, 0, 0, 0
1, 128642, 23/12/2018 05:00:33, ADW_UNLOAD_GROUP, 0, 0, 0, 0, 0, 0, 0, 0, 472, 2, 0, 0, 0
1, 128643, 23/12/2018 05:20:50, ADW_UNLOAD_GROUP, 0, 0, 0, 0, 0, 0, 0, 0, 661, 0, 0, 0, 0
1, 128644, 23/12/2018 05:40:04, ADW_UNLOAD_GROUP, 0, 0, 0, 0, 0, 0, 0, 0, 584, 0, 0, 0, 0
1, 128645, 23/12/2018 06:00:00, ADW_UNLOAD_GROUP, 0, 0, 0, 0, 0, 0, 0, 0, 525, 1, 0, 0, 0
1, 128646, 23/12/2018 06:20:09, ADW_UNLOAD_GROUP, 0, 0, 0.1, 0, 0, 0, 0, 0, 585, 0, 0, 0, 0
1, 128647, 23/12/2018 06:40:13, ADW_UNLOAD_GROUP, 0, 0, 0, 0, 0, 0, 0, 0, 569, 0, 0, 0, 0
1, 128678, 23/12/2018 17:00:11, ADW_UNLOAD_GROUP, 27.3, 30.9, 15262.5, 1.1, 0, 0, 46, 516, 1999, 27704, 2.5, 7627.3, 2512
1, 128679, 23/12/2018 17:20:26, ADW_UNLOAD_GROUP, 40.3, 47.1, 14472.3, 5.2, 0, 0, 143, 1237, 2269, 56411, 1.6, 5577.6, 2704.1
1, 128680, 23/12/2018 17:40:41, ADW_UNLOAD_GROUP, 8.9, 10.3, 11565.8, 0.7, 0, 0, 459, 3776, 3926, 3286, 0.7, 1916.9, 1479.7
1, 128681, 23/12/2018 18:00:01, ADW_UNLOAD_GROUP, 9.8, 47.7, 5444.9, 4.2, 0, 0, 154, 1144, 1565, 3319, 33.7, 1179.4, 7479.4
1, 128682, 23/12/2018 18:20:03, ADW_UNLOAD_GROUP, 8, 37.4, 2009.7, 1.4, 0, 0, 237, 1912, 2236, 2132, 28, 994.1, 7284.3
1, 128683, 23/12/2018 18:40:09, ADW_UNLOAD_GROUP, 1.6, 2.4, 206.7, 0, 0, 0, 230, 1848, 2040, 155, 0.8, 623.7, 968.1
1, 128684, 23/12/2018 19:00:08, ADW_UNLOAD_GROUP, 12.7, 18.8, 921.2, 3.4, 0, 0, 29, 452, 625, 16798, 2.7, 1047.5, 7833.1
1, 128685, 23/12/2018 19:20:21, ADW_UNLOAD_GROUP, 8.1, 43.4, 2207.8, 10.3, 0, 0, 301, 2500, 3010, 6474, 25, 669, 14199.4
1, 128686, 23/12/2018 19:40:02, ADW_UNLOAD_GROUP, 7.2, 29.4, 1429.9, 3.4, 0, 0, 44, 736, 1450, 4938, 18.8, 636.9, 15242
1, 128687, 23/12/2018 20:00:05, ADW_UNLOAD_GROUP, 19, 37.4, 3075.8, 12, 0, 0, 69, 1107, 3352, 16596, 6.4, 2085.4, 9195.6
1, 128688, 23/12/2018 20:20:07, ADW_UNLOAD_GROUP, 14.1, 20.8, 9908.9, 5.2, 0, 0, 18, 320, 1221, 11419, 1.5, 2920.2, 6026.2
1, 128689, 23/12/2018 20:40:03, ADW_UNLOAD_GROUP, 9.7, 12.3, 7564.3, 1.5, 0, 0, 1, 32, 690, 5402, 1.1, 1004.7, 4579.2
1, 128690, 23/12/2018 21:00:09, ADW_UNLOAD_GROUP, 19.6, 25, 10030.5, 5, 0, 0, 2, 48, 800, 8611, 0.4, 986.7, 763.9
1, 128691, 23/12/2018 21:20:15, ADW_UNLOAD_GROUP, 25.7, 27.2, 7660.7, 0, 0, 0, 4, 112, 1157, 15874, 1.5, 1006.7, 3646.9
1, 128692, 23/12/2018 21:40:13, ADW_UNLOAD_GROUP, 21.9, 24.3, 6172.5, 0, 0, 0, 5, 144, 737, 10922, 2.4, 651.2, 7008.2
1, 128693, 23/12/2018 22:00:23, ADW_UNLOAD_GROUP, 16.8, 18.7, 10200.3, 1.8, 0, 0, 1, 32, 662, 4467, 0.1, 397.4, 196.3
1, 128694, 23/12/2018 22:20:27, ADW_UNLOAD_GROUP, 16.3, 16.4, 9528.2, 0, 0, 0, 2, 40, 521, 6755, 0.1, 423.1, 226.1
1, 128695, 23/12/2018 22:40:15, ADW_UNLOAD_GROUP, 12.9, 13.9, 10224.1, 0.8, 0, 0, 1, 32, 595, 4746, 0.2, 343.5, 280.3
1, 128696, 23/12/2018 23:00:08, ADW_UNLOAD_GROUP, 8.5, 9.3, 4614.6, 0.5, 0, 0, 25, 172, 1171, 2558, 0.3, 321.3, 370
1, 128697, 23/12/2018 23:20:01, ADW_UNLOAD_GROUP, 2.3, 2.5, 1304, 0.2, 0, 0, 2, 64, 614, 441, 0, 105.7, 75.1
1, 128698, 23/12/2018 23:40:21, ADW_UNLOAD_GROUP, 0, 0, 0, 0, 0, 0, 0, 0, 485, 0, 0, 0, 0
1, 128627, 23/12/2018 00:00:44, FP_DM_PRIOR, 11.1, 16.2, 9477.1, 2.6, 0, 0, 113, 3005, 2965, 9500, 2.5, 2361.2, 11408
1, 128628, 23/12/2018 00:20:05, FP_DM_PRIOR, 8.5, 14.7, 15034.7, 3.9, 0, 0, 12, 26, 34, 3437, 2.3, 599.1, 12856.1
1, 128629, 23/12/2018 00:40:19, FP_DM_PRIOR, 12.2, 17.6, 7439.2, 1.9, 0, 0, 85, 2264, 2102, 6401, 3.5, 1508.7, 11349.1
1, 128630, 23/12/2018 01:00:03, FP_DM_PRIOR, 8.6, 14.3, 3502.9, 1.9, 0, 0, 39, 872, 957, 5634, 3.8, 701.3, 10142
1, 128631, 23/12/2018 01:20:06, FP_DM_PRIOR, 6.9, 11.5, 2743.4, 0.8, 0, 0, 11, 161, 154, 3382, 3.8, 271.1, 9059.9
1, 128632, 23/12/2018 01:40:16, FP_DM_PRIOR, 4.5, 9.6, 928.7, 1.7, 0, 0, 82, 1996, 1953, 4499, 3.4, 1142.5, 10930.4
1, 128633, 23/12/2018 02:00:21, FP_DM_PRIOR, 5, 7.7, 1110.5, 0.1, 0, 0, 53, 1304, 1408, 3385, 2.6, 1111.1, 7010.2
1, 128634, 23/12/2018 02:20:09, FP_DM_PRIOR, 4.2, 4.5, 3594.1, 0.3, 0, 0, 13, 135, 181, 1433, 0, 259.7, 10.1
1, 128635, 23/12/2018 02:40:00, FP_DM_PRIOR, 8.7, 15.2, 17244.9, 6.1, 0, 0, 64, 1524, 1363, 6382, 0.4, 1249.8, 345.4
1, 128636, 23/12/2018 03:00:28, FP_DM_PRIOR, 9.8, 11.4, 25781.7, 1.6, 0, 0, 3, 48, 42, 5854, 0, 157.7, 26.9
1, 128637, 23/12/2018 03:20:13, FP_DM_PRIOR, 5.7, 12.1, 17174.7, 3.5, 0, 0, 68, 1788, 1959, 5791, 2.9, 941.4, 972.8
1, 128638, 23/12/2018 03:40:14, FP_DM_PRIOR, 9.7, 11.5, 24558.4, 1.3, 0, 0, 5, 96, 113, 2412, 0.5, 328.8, 235
1, 128639, 23/12/2018 04:00:09, FP_DM_PRIOR, 7, 7.9, 16505.7, 0.9, 0, 0, 1, 9, 161, 1251, 0, 79, 24.7
1, 128640, 23/12/2018 04:20:20, FP_DM_PRIOR, 10.6, 13.6, 30741.6, 2.7, 0, 0, 25, 468, 687, 5967, 0.3, 997, 296.3
1, 128641, 23/12/2018 04:40:13, FP_DM_PRIOR, 10.6, 12.3, 25340.1, 1, 0, 0, 3, 20, 2, 4600, 0.7, 377.5, 2071.7
1, 128642, 23/12/2018 05:00:33, FP_DM_PRIOR, 6.2, 7.8, 18979.9, 1.6, 0, 0, 4, 96, 418, 1824, 0, 69.4, 15.7
1, 128643, 23/12/2018 05:20:50, FP_DM_PRIOR, 14.2, 17.8, 17632.2, 2.5, 0, 0, 64, 1538, 1328, 15473, 1.1, 1461.6, 1681.5
1, 128644, 23/12/2018 05:40:04, FP_DM_PRIOR, 10.1, 13.5, 17440, 3.2, 0, 0, 1, 16, 20, 5995, 0.2, 388.3, 764.4
1, 128645, 23/12/2018 06:00:00, FP_DM_PRIOR, 7, 8, 5763.3, 1, 0, 0, 2, 34, 49, 3524, 0, 189.1, 8.4
1, 128646, 23/12/2018 06:20:09, FP_DM_PRIOR, 4.9, 5.9, 1386.3, 0.4, 0, 0, 81, 2138, 2187, 2785, 0.6, 2061.3, 2758.7
1, 128647, 23/12/2018 06:40:13, FP_DM_PRIOR, 3.3, 4.7, 1321.8, 1.3, 0, 0, 48, 1104, 1281, 1779, 0.1, 1063.3, 96
1, 128678, 23/12/2018 17:00:11, FP_DM_PRIOR, 6.3, 9.2, 4736.5, 1.7, 0, 0, 38, 936, 1061, 2566, 1.2, 1431.2, 1716.3
1, 128679, 23/12/2018 17:20:26, FP_DM_PRIOR, 4.1, 4.6, 5336.8, 0.2, 0, 0, 16, 376, 475, 1846, 0.3, 214, 736.7
1, 128680, 23/12/2018 17:40:41, FP_DM_PRIOR, 3.5, 3.8, 3216.8, 0.2, 0, 0, 19, 496, 490, 1334, 0.1, 1127.2, 95.4
1, 128681, 23/12/2018 18:00:01, FP_DM_PRIOR, 3.2, 3.9, 3720.4, 0.5, 0, 0, 15, 256, 411, 1128, 0.2, 1114.1, 1220.1
1, 128682, 23/12/2018 18:20:03, FP_DM_PRIOR, 3, 3.8, 3500.3, 0.7, 0, 0, 2, 32, 16, 502, 0.1, 182.5, 821.4
1, 128683, 23/12/2018 18:40:09, FP_DM_PRIOR, 3, 3.1, 5046.5, 0.1, 0, 0, 33, 728, 885, 857, 0, 1288.3, 116
1, 128684, 23/12/2018 19:00:08, FP_DM_PRIOR, 3.1, 3.2, 3927.8, 0, 0, 0, 28, 544, 699, 1060, 0.1, 1002.9, 121.9
1, 128685, 23/12/2018 19:20:21, FP_DM_PRIOR, 3.1, 3.1, 4443.5, 0, 0, 0, 35, 784, 936, 1037, 0, 1282.6, 83.6
1, 128686, 23/12/2018 19:40:02, FP_DM_PRIOR, 1, 1.2, 3188.7, 0.2, 0, 0, 2, 48, 8, 207, 0, 170.2, 129
1, 128687, 23/12/2018 20:00:05, FP_DM_PRIOR, 10.6, 35.6, 5447.6, 19.4, 0, 0, 73, 2233, 2788, 9661, 5.6, 1019.2, 10381.6
1, 128688, 23/12/2018 20:20:07, FP_DM_PRIOR, 11.9, 24.3, 11306.7, 5.1, 0, 0, 29, 832, 767, 10170, 7.3, 1097.6, 29299.9
1, 128689, 23/12/2018 20:40:03, FP_DM_PRIOR, 13.8, 30.5, 5648.4, 8.9, 0, 0, 3, 80, 32, 12361, 7.8, 977.1, 49575.9
1, 128690, 23/12/2018 21:00:09, FP_DM_PRIOR, 13.4, 30.1, 6205.8, 4.1, 0, 0, 14, 312, 446, 13036, 12.6, 1178, 38057.1
1, 128691, 23/12/2018 21:20:15, FP_DM_PRIOR, 15, 30.5, 5063.6, 0, 0, 0, 1, 16, 0, 14654, 15.5, 808.3, 44444.6
1, 128692, 23/12/2018 21:40:13, FP_DM_PRIOR, 11.9, 26.1, 5100.4, 1.7, 0, 0, 17, 376, 471, 10465, 12.5, 1057.8, 43538.7
1, 128693, 23/12/2018 22:00:23, FP_DM_PRIOR, 8, 22.1, 4641, 4.9, 0, 0, 0, 0, 63, 4784, 9.2, 514.8, 37177.1
1, 128694, 23/12/2018 22:20:27, FP_DM_PRIOR, 15.9, 32.4, 6791.3, 1.1, 0, 0, 16, 280, 476, 21901, 15.4, 1212.4, 44692.4
1, 128695, 23/12/2018 22:40:15, FP_DM_PRIOR, 13.1, 28.9, 5499.1, 3.5, 0, 0, 2, 32, 16, 10757, 12.3, 866.5, 49131.5
1, 128696, 23/12/2018 23:00:08, FP_DM_PRIOR, 13.7, 33.2, 6811.9, 5.8, 0, 0, 10, 184, 417, 18149, 13.7, 906, 43295.2
1, 128697, 23/12/2018 23:20:01, FP_DM_PRIOR, 16.4, 35.6, 5556.4, 10.2, 0, 0, 2, 48, 0, 19356, 9, 1390.8, 53574.3
1, 128698, 23/12/2018 23:40:21, FP_DM_PRIOR, 14, 30.5, 6733.6, 10.5, 0, 0, 1, 16, 16, 13296, 6, 1040.6, 55401.4
1, 128628, 23/12/2018 00:20:05, HDP_UNLOAD_GROUP, 2.7, 16.6, 723.4, 10.9, 0, 0, 8, 96, 455, 12227, 3, 1920.8, 572.3
1, 128629, 23/12/2018 00:40:19, HDP_UNLOAD_GROUP, 10.1, 38.3, 1945.6, 19, 0, 0, 38, 384, 546, 21985, 9.2, 5536.2, 1999.1
1, 128630, 23/12/2018 01:00:03, HDP_UNLOAD_GROUP, 10, 29.9, 1850.6, 10.6, 0, 0, 24, 236, 363, 12418, 9.3, 625, 1018.7
1, 128631, 23/12/2018 01:20:06, HDP_UNLOAD_GROUP, 8.8, 27, 1624.9, 8.9, 0, 0, 66, 640, 1028, 9129, 9.3, 952.8, 1755.6
1, 128632, 23/12/2018 01:40:16, HDP_UNLOAD_GROUP, 9.4, 23.2, 1299.2, 5.2, 0, 0, 20, 200, 347, 9507, 8.6, 889.5, 1322
1, 128633, 23/12/2018 02:00:21, HDP_UNLOAD_GROUP, 10, 24.1, 1374.9, 5.4, 0, 0, 8, 72, 148, 11184, 8.7, 836.1, 839.2
1, 128634, 23/12/2018 02:20:09, HDP_UNLOAD_GROUP, 10, 25.7, 1325.8, 7.6, 0, 0, 14, 136, 216, 10945, 8.1, 791.9, 993.2
1, 128635, 23/12/2018 02:40:00, HDP_UNLOAD_GROUP, 5.6, 16.1, 839.8, 2.7, 0, 0, 49, 424, 733, 6030, 7.8, 406, 1210.3
1, 128636, 23/12/2018 03:00:28, HDP_UNLOAD_GROUP, 2.6, 5.3, 730, 0, 0, 0, 22, 208, 319, 635, 2.7, 62.9, 470.2
1, 128637, 23/12/2018 03:20:13, HDP_UNLOAD_GROUP, 0.9, 3.8, 275.1, 2.8, 0, 0, 2, 16, 30, 157, 0.1, 84.2, 23.6
1, 128638, 23/12/2018 03:40:14, HDP_UNLOAD_GROUP, 1.1, 2.9, 74.8, 1.7, 0, 0, 14, 192, 321, 442, 0.1, 148.2, 30.9
1, 128639, 23/12/2018 04:00:09, HDP_UNLOAD_GROUP, 2.4, 2.6, 166.4, 0.1, 0, 0, 20, 248, 334, 788, 0.1, 243.1, 11.6
1, 128640, 23/12/2018 04:20:20, HDP_UNLOAD_GROUP, 1.9, 2.2, 112.9, 0.2, 0, 0, 32, 272, 521, 357, 0.1, 146.2, 18.8
1, 128641, 23/12/2018 04:40:13, HDP_UNLOAD_GROUP, 2.2, 2.3, 202.8, 0.1, 0, 0, 2, 16, 48, 347, 0, 149.8, 0.3
1, 128642, 23/12/2018 05:00:33, HDP_UNLOAD_GROUP, 2, 2.3, 205.8, 0.3, 0, 0, 4, 32, 48, 299, 0, 125.4, 0
1, 128643, 23/12/2018 05:20:50, HDP_UNLOAD_GROUP, 0.1, 0.1, 0.1, 0, 0, 0, 9, 72, 146, 21, 0, 2.3, 2.9
1, 128693, 23/12/2018 22:00:23, HDP_UNLOAD_GROUP, 0.3, 0.3, 44.5, 0, 0, 0, 0, 0, 6, 49, 0, 3.3, 3.4
1, 128628, 23/12/2018 00:20:05, ODS_SUPPORT_GROUP, 0, 0, 5.6, 0, 0, 0, 0, 0, 10, 4, 0, 0, 0
1, 128629, 23/12/2018 00:40:19, ODS_SUPPORT_GROUP, 0, 0.1, 22.4, 0.1, 0, 0, 0, 0, 9, 7, 0, 0, 0.2
1, 128630, 23/12/2018 01:00:03, ODS_SUPPORT_GROUP, 2.9, 5.9, 8703.4, 2.4, 0, 0, 0, 0, 40, 1398, 0.6, 972.7, 185.8
1, 128631, 23/12/2018 01:20:06, ODS_SUPPORT_GROUP, 4.8, 7.5, 17602.1, 2.7, 0, 0, 0, 0, 8, 2619, 0, 397.3, 1.7
1, 128632, 23/12/2018 01:40:16, ODS_SUPPORT_GROUP, 1.6, 2.5, 3431.2, 0.7, 0, 0, 1, 32, 42, 1135, 0.2, 244.4, 374.9
1, 128633, 23/12/2018 02:00:21, ODS_SUPPORT_GROUP, 0, 0, 10.7, 0, 0, 0, 1, 32, 6, 4, 0, 0.2, 0
1, 128634, 23/12/2018 02:20:09, ODS_SUPPORT_GROUP, 0, 0, 2.1, 0, 0, 0, 0, 0, 8, 7, 0, 0, 0
1, 128635, 23/12/2018 02:40:00, ODS_SUPPORT_GROUP, 0.1, 0.2, 20.7, 0.1, 0, 0, 0, 0, 43, 32, 0, 0, 0.7
1, 128636, 23/12/2018 03:00:28, ODS_SUPPORT_GROUP, 4.7, 8.8, 1018.2, 4.1, 0, 0, 0, 0, 10, 7159, 0, 511.9, 3.3
1, 128637, 23/12/2018 03:20:13, ODS_SUPPORT_GROUP, 4.4, 8.2, 980.5, 3.8, 0, 0, 0, 0, 6, 9141, 0, 395.3, 0.1
1, 128638, 23/12/2018 03:40:14, ODS_SUPPORT_GROUP, 2.4, 3.9, 455.4, 1.5, 0, 0, 1, 32, 8, 3686, 0, 235.2, 0.3
1, 128639, 23/12/2018 04:00:09, ODS_SUPPORT_GROUP, 0.1, 0.2, 7.5, 0, 0, 0, 0, 0, 11, 25, 0.1, 5.4, 169.2
1, 128640, 23/12/2018 04:20:20, ODS_SUPPORT_GROUP, 0, 0, 2.3, 0, 0, 0, 0, 0, 10, 2, 0, 0.2, 13.6
1, 128642, 23/12/2018 05:00:33, ODS_SUPPORT_GROUP, 0, 0, 0.6, 0, 0, 0, 0, 0, 9, 1, 0, 0, 0
1, 128645, 23/12/2018 06:00:00, ODS_SUPPORT_GROUP, 0, 0, 2, 0, 0, 0, 0, 0, 10, 5, 0, 0, 0
1, 128646, 23/12/2018 06:20:09, ODS_SUPPORT_GROUP, 0, 0, 1, 0, 0, 0, 0, 0, 7, 1, 0, 0, 0
1, 128647, 23/12/2018 06:40:13, ODS_SUPPORT_GROUP, 0, 0, 1.6, 0, 0, 0, 0, 0, 4, 0, 0, 0, 0
1, 128678, 23/12/2018 17:00:11, ODS_SUPPORT_GROUP, 0, 0, 1.3, 0, 0, 0, 0, 0, 9, 9, 0, 0, 0
1, 128679, 23/12/2018 17:20:26, ODS_SUPPORT_GROUP, 0, 0, 0.7, 0, 0, 0, 0, 0, 7, 0, 0, 0, 0
1, 128688, 23/12/2018 20:20:07, ODS_SUPPORT_GROUP, 0, 0, 0.1, 0, 0, 0, 0, 0, 9, 1, 0, 0, 0
1, 128690, 23/12/2018 21:00:09, ODS_SUPPORT_GROUP, 0, 0, 0.7, 0, 0, 0, 0, 0, 8, 1, 0, 0, 0
1, 128691, 23/12/2018 21:20:15, ODS_SUPPORT_GROUP, 0, 0, 0.6, 0, 0, 0, 0, 0, 10, 1, 0, 0, 0
1, 128692, 23/12/2018 21:40:13, ODS_SUPPORT_GROUP, 0, 0, 0.6, 0, 0, 0, 0, 0, 8, 5, 0, 0, 0
1, 128695, 23/12/2018 22:40:15, ODS_SUPPORT_GROUP, 0, 0, 0.7, 0, 0, 0, 0, 0, 6, 2, 0, 0, 0
1, 128696, 23/12/2018 23:00:08, ODS_SUPPORT_GROUP, 0, 0, 0.8, 0, 0, 0, 0, 0, 8, 1, 0, 0, 0
1, 128697, 23/12/2018 23:20:01, ODS_SUPPORT_GROUP, 0, 0, 0.3, 0, 0, 0, 0, 0, 9, 4, 0, 0, 0
1, 128698, 23/12/2018 23:40:21, ODS_SUPPORT_GROUP, 0, 0, 0, 0, 0, 0, 0, 0, 8, 0, 0, 0, 0
1, 128627, 23/12/2018 00:00:44, OTHER_GROUPS, 13.9, 21.5, 15361.2, 5.5, 0, 0, 0, 0, 5237, 9487, 2.1, 961.2, 1156.9
1, 128628, 23/12/2018 00:20:05, OTHER_GROUPS, 15.4, 30.1, 16100.5, 11.3, 0, 0, 0, 0, 4706, 12332, 3.4, 953.3, 1670.7
1, 128629, 23/12/2018 00:40:19, OTHER_GROUPS, 18.8, 39.9, 15680, 19.3, 0, 0, 0, 0, 4753, 14631, 1.8, 763.9, 1481.6
1, 128630, 23/12/2018 01:00:03, OTHER_GROUPS, 21.5, 44.1, 15011.3, 20.2, 0, 0, 0, 0, 4773, 19821, 2.4, 639.6, 1713.4
1, 128631, 23/12/2018 01:20:06, OTHER_GROUPS, 20.4, 37.8, 15641.3, 15.1, 0, 0, 0, 0, 5138, 19643, 2.3, 724, 1993.3
1, 128632, 23/12/2018 01:40:16, OTHER_GROUPS, 14.1, 22.4, 14003.4, 6.8, 0, 0, 0, 0, 5154, 12184, 1.5, 733.3, 1522.5
1, 128633, 23/12/2018 02:00:21, OTHER_GROUPS, 16.5, 26.1, 14566.5, 7.2, 0, 0, 2, 32, 5869, 14960, 2.4, 965.6, 1867.4
1, 128634, 23/12/2018 02:20:09, OTHER_GROUPS, 15.4, 25.1, 15245.8, 7.6, 0, 0, 2, 46, 5635, 12945, 2.1, 901.2, 2279.2
1, 128635, 23/12/2018 02:40:00, OTHER_GROUPS, 11.5, 44, 16287.9, 31, 0, 0, 0, 0, 4122, 11117, 1.5, 546.6, 1170.4
1, 128636, 23/12/2018 03:00:28, OTHER_GROUPS, 13.8, 26.8, 14779.7, 9.2, 0, 0, 0, 0, 3973, 11153, 3.8, 480.6, 2429.8
1, 128637, 23/12/2018 03:20:13, OTHER_GROUPS, 10.1, 43.4, 14399.5, 17.3, 0, 0, 0, 0, 4273, 6061, 16, 577.1, 2796.7
1, 128638, 23/12/2018 03:40:14, OTHER_GROUPS, 18.6, 50.8, 15116.3, 18.8, 0, 0, 0, 0, 4808, 15685, 13.4, 873.9, 6734.3
1, 128639, 23/12/2018 04:00:09, OTHER_GROUPS, 16.6, 63.4, 39050.9, 35.5, 0, 0, 0, 0, 6649, 13169, 11.3, 1340.7, 5397.2
1, 128640, 23/12/2018 04:20:20, OTHER_GROUPS, 18.6, 52.3, 47048.5, 21.1, 0, 0, 0, 0, 6881, 12005, 12.6, 1766, 5510.2
1, 128641, 23/12/2018 04:40:13, OTHER_GROUPS, 17.9, 44, 27150.9, 11.8, 0, 0, 0, 0, 5397, 13319, 14.3, 1203.8, 7584.1
1, 128642, 23/12/2018 05:00:33, OTHER_GROUPS, 14.7, 48.9, 14964.3, 19.9, 0, 0, 0, 0, 7754, 10199, 14.3, 931.9, 7898.9
1, 128643, 23/12/2018 05:20:50, OTHER_GROUPS, 19.8, 52.3, 13139.7, 17.2, 0, 0, 0, 0, 6300, 16912, 15.3, 877.3, 9115
1, 128644, 23/12/2018 05:40:04, OTHER_GROUPS, 19.9, 59.8, 15408, 22.1, 0, 0, 0, 0, 5687, 18532, 17.8, 1324.9, 8474.2
1, 128645, 23/12/2018 06:00:00, OTHER_GROUPS, 26.5, 59.2, 16513.3, 25.1, 0, 0, 0, 0, 5518, 28378, 7.6, 1784.5, 9260.1
1, 128646, 23/12/2018 06:20:09, OTHER_GROUPS, 16.6, 37, 14320.7, 17, 0, 0, 1, 64, 4415, 11249, 3.4, 1002.8, 5689.4
1, 128647, 23/12/2018 06:40:13, OTHER_GROUPS, 14.4, 36, 16667.5, 18.9, 0, 0, 1, 32, 6087, 8417, 2.7, 1077.2, 4742
1, 128648, 23/12/2018 07:00:17, OTHER_GROUPS, 28.7, 41, 3688.2, 6.9, 0, 0, 25, 680, 5654, 28586, 5.4, 1504.7, 7433.3
1, 128649, 23/12/2018 07:20:17, OTHER_GROUPS, 28.3, 61.6, 4331.2, 29, 0, 0, 25, 416, 5973, 30047, 4.3, 1750.8, 6121.5
1, 128650, 23/12/2018 07:40:11, OTHER_GROUPS, 28.9, 53.9, 5353.1, 19.7, 0, 0, 4, 112, 5298, 30433, 5.3, 1660.2, 10573.5
1, 128651, 23/12/2018 08:00:20, OTHER_GROUPS, 25.1, 36.7, 3965.8, 6.6, 0, 0, 1, 16, 5281, 22587, 5, 1267.5, 7232.6
1, 128652, 23/12/2018 08:20:03, OTHER_GROUPS, 18.1, 27.8, 4948, 5.4, 2, 0, 61, 1313, 6146, 13063, 4.3, 4056.8, 6887.7
1, 128653, 23/12/2018 08:40:01, OTHER_GROUPS, 10.9, 29, 4442.2, 15.1, 1, 0, 11, 204, 5236, 5514, 3, 1342.1, 3713.5
1, 128654, 23/12/2018 09:00:12, OTHER_GROUPS, 16.4, 24.5, 5336.3, 4.3, 0, 0, 30, 673, 6156, 10162, 3.8, 3931.1, 3828.9
1, 128655, 23/12/2018 09:20:31, OTHER_GROUPS, 13.4, 19.1, 3712.4, 2.9, 0, 0, 16, 344, 5686, 8575, 2.8, 4287, 4728.6
1, 128656, 23/12/2018 09:40:08, OTHER_GROUPS, 14.8, 23, 4679.3, 5.9, 0, 0, 75, 1759, 6601, 9105, 2.3, 2134.1, 2678.3
1, 128657, 23/12/2018 10:00:02, OTHER_GROUPS, 13.7, 27, 4389.7, 9.2, 0, 0, 4, 60, 5535, 8432, 4.1, 1454, 4645.1
1, 128658, 23/12/2018 10:20:07, OTHER_GROUPS, 17.3, 22.8, 4903.5, 2.5, 0, 0, 11, 216, 6495, 10994, 3, 1788.3, 5086.2
1, 128659, 23/12/2018 10:40:07, OTHER_GROUPS, 13.5, 16.1, 4935.3, 0.5, 0, 0, 2, 32, 6618, 7085, 2.1, 1983.8, 2325.9
1, 128660, 23/12/2018 11:00:10, OTHER_GROUPS, 13.2, 15.5, 3909.1, 0, 0, 0, 35, 800, 5997, 6739, 2.3, 1793.4, 1355.2
1, 128661, 23/12/2018 11:20:20, OTHER_GROUPS, 14.7, 16.9, 4248.8, 0, 0, 0, 10, 208, 6274, 9330, 2.2, 1710.8, 1866.9
1, 128662, 23/12/2018 11:40:26, OTHER_GROUPS, 16, 19.8, 5319.1, 1.6, 0, 0, 4, 96, 5255, 10263, 2.2, 2019.9, 3459
1, 128663, 23/12/2018 12:00:06, OTHER_GROUPS, 15, 22.1, 4215.3, 3.9, 0, 0, 89, 2017, 6350, 9838, 3.2, 1783.9, 4016.7
1, 128664, 23/12/2018 12:20:22, OTHER_GROUPS, 13.2, 19.1, 4617.9, 3.8, 0, 0, 91, 2384, 8064, 7474, 2.1, 2185.9, 2433.6
1, 128665, 23/12/2018 12:40:09, OTHER_GROUPS, 10.5, 12.3, 2650.4, 0, 0, 0, 2, 48, 5724, 5176, 1.8, 1202.2, 1957.6
1, 128666, 23/12/2018 13:00:05, OTHER_GROUPS, 20.3, 25.1, 8794.4, 1.8, 0, 0, 112, 2653, 9008, 12274, 3, 2860.6, 4461.3
1, 128667, 23/12/2018 13:20:13, OTHER_GROUPS, 22.1, 31.3, 27888.2, 7, 0, 0, 1, 16, 5691, 14284, 2.2, 1678.9, 2009.2
1, 128668, 23/12/2018 13:40:11, OTHER_GROUPS, 23.1, 25.4, 23720.4, 0, 0, 0, 121, 3032, 7978, 12362, 2.3, 2802.4, 2639.4
1, 128669, 23/12/2018 14:00:02, OTHER_GROUPS, 19.9, 22.3, 22572.7, 0, 0, 0, 1, 16, 5902, 9732, 2.4, 1404.3, 2679.1
1, 128670, 23/12/2018 14:20:19, OTHER_GROUPS, 20.6, 22.4, 26892, 0, 0, 0, 118, 2880, 9060, 12800, 1.8, 2674.8, 3201.9
1, 128671, 23/12/2018 14:40:04, OTHER_GROUPS, 20.8, 22.7, 21189, 0, 0, 0, 1, 16, 5815, 15170, 1.9, 1838.2, 3819.2
1, 128672, 23/12/2018 15:00:06, OTHER_GROUPS, 21.6, 23.5, 21084.8, 0, 0, 0, 54, 1256, 7438, 9538, 1.9, 3356.8, 2913.9
1, 128673, 23/12/2018 15:20:10, OTHER_GROUPS, 18.4, 20.2, 27295.7, 0, 0, 0, 1, 16, 6245, 7231, 1.8, 1654.6, 2600.5
1, 128674, 23/12/2018 15:40:01, OTHER_GROUPS, 12.5, 14.1, 3160.5, 0, 0, 0, 104, 2720, 8901, 6261, 1.6, 2866.7, 4361.7
1, 128675, 23/12/2018 16:00:10, OTHER_GROUPS, 13.5, 15.8, 4939.3, 0, 0, 0, 47, 1364, 8559, 5618, 2.3, 2376.9, 4205.1
1, 128676, 23/12/2018 16:20:21, OTHER_GROUPS, 13.3, 15, 16074.2, 0, 0, 0, 15, 432, 7000, 4548, 1.7, 1591.1, 2704.3
1, 128677, 23/12/2018 16:40:08, OTHER_GROUPS, 13, 14.7, 9634.2, 0, 0, 0, 59, 1632, 8419, 5332, 1.7, 1221.6, 1710
1, 128678, 23/12/2018 17:00:11, OTHER_GROUPS, 9.6, 22.6, 15456.5, 10.8, 0, 0, 0, 0, 4996, 4306, 2.2, 723.6, 1400.5
1, 128679, 23/12/2018 17:20:26, OTHER_GROUPS, 9.7, 17.6, 14704.8, 6.4, 0, 0, 0, 0, 5472, 5167, 1.5, 659.2, 1518.2
1, 128680, 23/12/2018 17:40:41, OTHER_GROUPS, 8.6, 12.2, 13633.2, 2.3, 0, 0, 0, 0, 6077, 2616, 1.3, 1085.2, 1499.6
1, 128681, 23/12/2018 18:00:01, OTHER_GROUPS, 8.7, 14.3, 14621.7, 3.6, 0, 0, 0, 0, 5439, 2509, 2, 1017, 1899
1, 128682, 23/12/2018 18:20:03, OTHER_GROUPS, 8.3, 11.8, 14140.4, 2.2, 0, 0, 0, 0, 6559, 2165, 1.3, 1162.7, 1852.1
1, 128683, 23/12/2018 18:40:09, OTHER_GROUPS, 8.4, 12.1, 14271.6, 2.3, 0, 0, 0, 0, 6467, 2425, 1.4, 1221.1, 1954.4
1, 128684, 23/12/2018 19:00:08, OTHER_GROUPS, 8.8, 18.2, 15787.6, 7.2, 0, 0, 0, 0, 5648, 3436, 2.2, 1111.2, 1946.6
1, 128685, 23/12/2018 19:20:21, OTHER_GROUPS, 8.4, 14.1, 13911.8, 4.5, 0, 0, 0, 0, 6031, 2325, 1.2, 1062, 1494.5
1, 128686, 23/12/2018 19:40:02, OTHER_GROUPS, 8.4, 13.1, 13853.6, 3.3, 0, 0, 0, 0, 6450, 2445, 1.4, 1408.7, 2065
1, 128687, 23/12/2018 20:00:05, OTHER_GROUPS, 10.1, 38.8, 17108, 25.8, 0, 0, 2, 32, 4956, 4985, 2.9, 1014.8, 1732
1, 128688, 23/12/2018 20:20:07, OTHER_GROUPS, 9.5, 22.4, 13921.2, 10.9, 0, 0, 0, 0, 5952, 3871, 2, 852.7, 1656.8
1, 128689, 23/12/2018 20:40:03, OTHER_GROUPS, 8.4, 14.8, 14305.6, 5, 0, 0, 0, 0, 5588, 2865, 1.4, 729.2, 1119.5
1, 128690, 23/12/2018 21:00:09, OTHER_GROUPS, 9.3, 16.5, 15810.4, 4.7, 0, 0, 0, 0, 5602, 3837, 2.5, 671.3, 1256.7
1, 128691, 23/12/2018 21:20:15, OTHER_GROUPS, 10.3, 14.5, 13448.1, 3, 0, 0, 0, 0, 6286, 5407, 1.2, 694.7, 1336.4
1, 128692, 23/12/2018 21:40:13, OTHER_GROUPS, 10.1, 15.1, 14437.2, 3.8, 0, 0, 0, 0, 5378, 4318, 1.2, 786.9, 1337.8
1, 128693, 23/12/2018 22:00:23, OTHER_GROUPS, 11, 20, 16729.8, 6.6, 0, 0, 0, 0, 5811, 4922, 2.4, 824.8, 1475
1, 128694, 23/12/2018 22:20:27, OTHER_GROUPS, 12.3, 18.9, 13835.9, 4.4, 0, 0, 0, 0, 5214, 7018, 2.2, 702.6, 1546.2
1, 128695, 23/12/2018 22:40:15, OTHER_GROUPS, 12.8, 19.6, 14332.7, 4.3, 0, 0, 0, 0, 5757, 8469, 2.5, 851.8, 1332.2
1, 128696, 23/12/2018 23:00:08, OTHER_GROUPS, 15.8, 27.3, 18062.8, 8.3, 0, 0, 0, 0, 6721, 14089, 3.2, 1079.1, 3633.4
1, 128697, 23/12/2018 23:20:01, OTHER_GROUPS, 9.8, 33.3, 12784, 21.8, 0, 0, 0, 0, 6125, 9845, 1.7, 479.8, 4252.7
1, 128698, 23/12/2018 23:40:21, OTHER_GROUPS, 9.6, 20.7, 9801.4, 8.7, 0, 0, 1, 64, 3286, 10416, 2.4, 421.2, 8143.3
2, 128627, 23/12/2018 00:00:44, ADW_UNLOAD_GROUP, 0.4, 0.4, 67.5, 0, 0, 0, 0, 0, 329, 0, 0, 0.9, 0
2, 128628, 23/12/2018 00:20:05, ADW_UNLOAD_GROUP, 0.4, 0.5, 207.4, 0.1, 0, 0, 0, 0, 427, 0, 0, 0.9, 0
2, 128629, 23/12/2018 00:40:19, ADW_UNLOAD_GROUP, 0.4, 0.4, 42.5, 0, 0, 0, 0, 0, 342, 5, 0, 0.8, 0
2, 128630, 23/12/2018 01:00:02, ADW_UNLOAD_GROUP, 0.4, 0.4, 65.2, 0, 0, 0, 0, 0, 526, 2, 0, 0.7, 0.1
2, 128631, 23/12/2018 01:20:07, ADW_UNLOAD_GROUP, 20.7, 23, 5824, 1.7, 0, 0, 77, 2166, 4198, 21899, 0.6, 9972.3, 381.2
2, 128632, 23/12/2018 01:40:16, ADW_UNLOAD_GROUP, 26, 26.5, 7283.3, 0, 0, 0, 90, 2504, 21539, 17687, 0.5, 14656.7, 678.7
2, 128633, 23/12/2018 02:00:21, ADW_UNLOAD_GROUP, 5.8, 6.2, 1793.4, 0, 0, 0, 25, 618, 1553, 1665, 0.4, 5356.1, 228.5
2, 128634, 23/12/2018 02:20:09, ADW_UNLOAD_GROUP, 0.4, 0.4, 36.2, 0, 0, 0, 0, 0, 456, 0, 0, 0.9, 0.1
2, 128635, 23/12/2018 02:40:00, ADW_UNLOAD_GROUP, 0.4, 0.8, 77.7, 0.4, 0, 0, 0, 0, 321, 3, 0, 0.9, 0
2, 128636, 23/12/2018 03:00:28, ADW_UNLOAD_GROUP, 0.4, 0.5, 192.5, 0.1, 0, 0, 0, 0, 553, 4, 0, 0.8, 0
2, 128637, 23/12/2018 03:20:13, ADW_UNLOAD_GROUP, 0.4, 0.4, 188.5, 0, 0, 0, 0, 0, 558, 1, 0, 0.9, 0
2, 128638, 23/12/2018 03:40:14, ADW_UNLOAD_GROUP, 0.4, 0.4, 84.3, 0, 0, 0, 0, 0, 507, 3, 0, 1, 3.2
2, 128639, 23/12/2018 04:00:09, ADW_UNLOAD_GROUP, 0.4, 0.4, 222.4, 0, 0, 0, 0, 0, 111, 0, 0, 1.1, 0
2, 128640, 23/12/2018 04:20:20, ADW_UNLOAD_GROUP, 0.4, 0.4, 148.9, 0, 0, 0, 0, 0, 249, 0, 0, 1, 0
2, 128641, 23/12/2018 04:40:13, ADW_UNLOAD_GROUP, 0.4, 0.4, 5.3, 0, 0, 0, 0, 0, 434, 0, 0, 1.3, 0
2, 128642, 23/12/2018 05:00:33, ADW_UNLOAD_GROUP, 0.4, 0.4, 34.6, 0, 0, 0, 0, 0, 365, 1, 0, 1.3, 0
2, 128643, 23/12/2018 05:20:50, ADW_UNLOAD_GROUP, 0.4, 0.4, 68.1, 0, 0, 0, 0, 0, 131, 3, 0, 1.1, 0
2, 128644, 23/12/2018 05:40:04, ADW_UNLOAD_GROUP, 0.4, 0.4, 94.8, 0, 0, 0, 0, 0, 240, 0, 0, 1.3, 0
2, 128645, 23/12/2018 06:00:00, ADW_UNLOAD_GROUP, 32.7, 39.4, 58858, 5.2, 0, 0, 0, 0, 673, 22275, 1.5, 2145.3, 4313.4
2, 128646, 23/12/2018 06:20:07, ADW_UNLOAD_GROUP, 33, 36.9, 68683.9, 1.7, 0, 0, 2, 56, 307, 14972, 2.2, 728, 6155.1
2, 128647, 23/12/2018 06:40:13, ADW_UNLOAD_GROUP, 27.1, 33, 56579.8, 5.3, 0, 0, 0, 0, 239, 8289, 0.6, 676.7, 1930.9
2, 128678, 23/12/2018 17:00:11, ADW_UNLOAD_GROUP, 27.3, 28.4, 8254, 0.2, 0, 0, 182, 5100, 8343, 34461, 0.9, 14602.6, 540
2, 128679, 23/12/2018 17:20:26, ADW_UNLOAD_GROUP, 0, 0.1, 2.5, 0, 0, 0, 10, 188, 782, 2, 0.1, 454.6, 47.6
2, 128680, 23/12/2018 17:40:41, ADW_UNLOAD_GROUP, 0, 0, 0, 0, 0, 0, 0, 0, 616, 0, 0, 0, 0
2, 128681, 23/12/2018 18:00:01, ADW_UNLOAD_GROUP, 0, 0, 0, 0, 0, 0, 0, 0, 520, 0, 0, 0, 0
2, 128682, 23/12/2018 18:20:03, ADW_UNLOAD_GROUP, 0, 0, 0, 0, 0, 0, 0, 0, 502, 0, 0, 0, 0
2, 128683, 23/12/2018 18:40:09, ADW_UNLOAD_GROUP, 0, 0, 0, 0, 0, 0, 0, 0, 676, 0, 0, 0, 0
2, 128684, 23/12/2018 19:00:08, ADW_UNLOAD_GROUP, 0.3, 0.4, 20.1, 0.1, 0, 0, 2, 32, 753, 7, 0, 627.9, 1.2
2, 128685, 23/12/2018 19:20:21, ADW_UNLOAD_GROUP, 0, 0, 0, 0, 0, 0, 0, 0, 346, 0, 0, 0, 0
2, 128686, 23/12/2018 19:40:01, ADW_UNLOAD_GROUP, 0, 0, 0, 0, 0, 0, 0, 0, 333, 1, 0, 0.1, 3.2
2, 128687, 23/12/2018 20:00:04, ADW_UNLOAD_GROUP, 0, 0.1, 0.2, 0.1, 0, 0, 0, 0, 292, 0, 0, 0, 0
2, 128688, 23/12/2018 20:20:07, ADW_UNLOAD_GROUP, 0, 0, 0, 0, 0, 0, 0, 0, 312, 1, 0, 0, 0
2, 128689, 23/12/2018 20:40:03, ADW_UNLOAD_GROUP, 0, 0, 0, 0, 0, 0, 0, 0, 345, 0, 0, 0, 0
2, 128691, 23/12/2018 21:20:15, ADW_UNLOAD_GROUP, 0, 0, 0, 0, 0, 0, 0, 0, 302, 0, 0, 0, 0
2, 128693, 23/12/2018 22:00:23, ADW_UNLOAD_GROUP, 0.6, 0.6, 405.3, 0, 0, 0, 0, 0, 521, 46, 0, 1.3, 1.5
2, 128694, 23/12/2018 22:20:27, ADW_UNLOAD_GROUP, 2.6, 4.1, 748, 0, 0, 0, 29, 888, 1366, 577, 1.5, 820.3, 141.3
2, 128695, 23/12/2018 22:40:15, ADW_UNLOAD_GROUP, 0.9, 1, 487.6, 0, 0, 0, 9, 272, 664, 136, 0.1, 21.5, 56.6
2, 128696, 23/12/2018 23:00:08, ADW_UNLOAD_GROUP, 0.4, 0.4, 57.7, 0, 0, 0, 13, 376, 669, 101, 0, 1.7, 1.9
2, 128697, 23/12/2018 23:20:01, ADW_UNLOAD_GROUP, 0, 0.2, 0.5, 0.2, 0, 0, 0, 0, 362, 0, 0, 0, 0
2, 128698, 23/12/2018 23:40:21, ADW_UNLOAD_GROUP, 0, 0, 0, 0, 0, 0, 0, 0, 349, 1, 0, 0.1, 3.2
2, 128627, 23/12/2018 00:00:44, FP_DM_PRIOR, 18.5, 34.6, 20049.1, 9.9, 0, 0, 15, 256, 320, 17743, 6.2, 1445.3, 10878.2
2, 128628, 23/12/2018 00:20:05, FP_DM_PRIOR, 15.3, 20.5, 35737.5, 4.7, 0, 0, 3, 64, 48, 5312, 0.5, 1020.1, 3339.9
2, 128629, 23/12/2018 00:40:19, FP_DM_PRIOR, 18.9, 27.2, 48124.3, 7.5, 0, 0, 15, 232, 376, 15268, 0.8, 362, 337.5
2, 128630, 23/12/2018 01:00:02, FP_DM_PRIOR, 19.4, 30.4, 38077.5, 7.7, 0, 0, 4, 112, 32, 14329, 3.3, 791.2, 3899.4
2, 128631, 23/12/2018 01:20:07, FP_DM_PRIOR, 20.2, 22.5, 37581.2, 1.6, 0, 0, 1, 16, 16, 14474, 0.7, 369.1, 1086.1
2, 128632, 23/12/2018 01:40:16, FP_DM_PRIOR, 15.3, 17.9, 26937.3, 2.1, 0, 0, 8, 136, 288, 8130, 0.5, 407.6, 574
2, 128633, 23/12/2018 02:00:21, FP_DM_PRIOR, 19, 24, 30408.1, 3, 0, 0, 4, 112, 71, 14808, 2, 897.8, 4007.3
2, 128634, 23/12/2018 02:20:09, FP_DM_PRIOR, 11.8, 13.6, 16969.4, 1.7, 0, 0, 2, 48, 16, 4845, 0.1, 330.4, 122.7
2, 128635, 23/12/2018 02:40:00, FP_DM_PRIOR, 12.6, 21.1, 12979.9, 7.4, 0, 0, 73, 1816, 1753, 9201, 1.1, 1322.4, 2831.3
2, 128636, 23/12/2018 03:00:28, FP_DM_PRIOR, 13.8, 17.9, 16537.8, 3, 0, 0, 5, 112, 126, 4937, 1.1, 612.1, 2218.8
2, 128637, 23/12/2018 03:20:13, FP_DM_PRIOR, 9, 20, 23860.4, 7.3, 0, 0, 57, 1184, 1416, 1643, 3.7, 792.2, 1003.1
2, 128638, 23/12/2018 03:40:14, FP_DM_PRIOR, 11.5, 16.5, 24252.7, 3.3, 0, 0, 13, 384, 309, 3519, 1.7, 976, 3309.5
2, 128639, 23/12/2018 04:00:09, FP_DM_PRIOR, 6.4, 9.3, 9206.9, 2.2, 0, 0, 2, 48, 73, 1009, 0.7, 436, 856.1
2, 128640, 23/12/2018 04:20:20, FP_DM_PRIOR, 9.5, 14.6, 8032.4, 4.5, 0, 0, 117, 2940, 2948, 4916, 0.6, 1645.8, 743.7
2, 128641, 23/12/2018 04:40:13, FP_DM_PRIOR, 6.3, 9.8, 13439.3, 2.9, 0, 0, 1, 32, 32, 896, 0.6, 551.9, 1905.6
2, 128642, 23/12/2018 05:00:33, FP_DM_PRIOR, 7.9, 8.7, 7970.2, 0.6, 0, 0, 24, 480, 576, 1548, 0.2, 576.4, 300.7
2, 128643, 23/12/2018 05:20:50, FP_DM_PRIOR, 10.8, 15.1, 11645.9, 3.6, 0, 0, 54, 1388, 1535, 3134, 0.7, 1646.8, 2657.8
2, 128644, 23/12/2018 05:40:04, FP_DM_PRIOR, 6.7, 7.9, 5680.2, 1.2, 0, 0, 1, 32, 24, 748, 0, 231.5, 91.6
2, 128645, 23/12/2018 06:00:00, FP_DM_PRIOR, 0, 0, 0.5, 0, 0, 0, 0, 0, 110, 6, 0, 0, 3.4
2, 128646, 23/12/2018 06:20:07, FP_DM_PRIOR, 6.6, 9.2, 1367.7, 1.8, 0, 0, 64, 1332, 1271, 3501, 0.8, 1041.4, 1304.2
2, 128647, 23/12/2018 06:40:13, FP_DM_PRIOR, 6, 8.7, 1383, 1.6, 0, 0, 43, 1076, 1249, 4539, 1.1, 854.2, 2024.6
2, 128678, 23/12/2018 17:00:11, FP_DM_PRIOR, 6.5, 19.5, 16867.2, 11.2, 0, 0, 121, 3008, 3123, 5833, 1.8, 1475.9, 2272.5
2, 128679, 23/12/2018 17:20:26, FP_DM_PRIOR, 2.3, 6.5, 4596.8, 4.1, 0, 0, 37, 800, 990, 533, 0.1, 170.7, 517.5
2, 128680, 23/12/2018 17:40:41, FP_DM_PRIOR, 6.6, 8.5, 1339.8, 1.3, 0, 0, 85, 2192, 2056, 2865, 0.6, 2174.2, 4713.4
2, 128681, 23/12/2018 18:00:01, FP_DM_PRIOR, 4.7, 5.3, 1356.8, 0.3, 0, 0, 127, 3208, 3267, 3410, 0.3, 1836.2, 2439.6
2, 128682, 23/12/2018 18:20:03, FP_DM_PRIOR, 1.1, 1.2, 231.9, 0.1, 0, 0, 0, 0, 28, 358, 0, 136.9, 280.1
2, 128683, 23/12/2018 18:40:09, FP_DM_PRIOR, 5.9, 7, 1169.9, 0.7, 0, 0, 111, 2768, 2833, 3143, 0.4, 1897.3, 4258.7
2, 128684, 23/12/2018 19:00:08, FP_DM_PRIOR, 5.8, 6.7, 1216.3, 0.3, 0, 0, 114, 2920, 2975, 3029, 0.6, 2095.8, 4360.6
2, 128685, 23/12/2018 19:20:21, FP_DM_PRIOR, 5.1, 5.7, 1277.8, 0.3, 0, 0, 106, 2648, 2692, 2215, 0.3, 1500.7, 1535.2
2, 128686, 23/12/2018 19:40:01, FP_DM_PRIOR, 4, 4.9, 1552.5, 0.7, 0, 0, 3, 48, 138, 1114, 0.2, 537.9, 2855.3
2, 128687, 23/12/2018 20:00:04, FP_DM_PRIOR, 9, 15.6, 3021.8, 4.1, 0, 0, 172, 4296, 4436, 4308, 2.5, 2225.2, 7533.5
2, 128688, 23/12/2018 20:20:07, FP_DM_PRIOR, 11.5, 22, 11535.4, 7.1, 0, 0, 177, 4188, 4371, 13377, 3.4, 2273.5, 11753.8
2, 128689, 23/12/2018 20:40:03, FP_DM_PRIOR, 4.7, 7.2, 7211.1, 1.9, 0, 0, 20, 266, 352, 973, 0.6, 439.6, 4065
2, 128690, 23/12/2018 21:00:09, FP_DM_PRIOR, 6.8, 14.1, 1351.6, 5.2, 0, 0, 128, 3152, 3224, 6666, 2.1, 1725.2, 7662.2
2, 128691, 23/12/2018 21:20:15, FP_DM_PRIOR, 4.8, 9.8, 1705.6, 4.1, 0, 0, 1, 16, 98, 1624, 0.9, 271.1, 5747.1
2, 128692, 23/12/2018 21:40:13, FP_DM_PRIOR, 11.6, 20.3, 2644.6, 6.1, 0, 0, 128, 3168, 3288, 15692, 2.6, 2157.1, 10362.8
2, 128693, 23/12/2018 22:00:23, FP_DM_PRIOR, 18.5, 27.3, 19296.3, 5.8, 0, 0, 5, 73, 448, 16904, 3, 1362.7, 7211.5
2, 128694, 23/12/2018 22:20:27, FP_DM_PRIOR, 19.8, 38, 59744.4, 12.6, 0, 0, 126, 3184, 3147, 23367, 5.6, 2750.3, 7814.6
2, 128695, 23/12/2018 22:40:15, FP_DM_PRIOR, 20.3, 40.3, 56047.2, 14.5, 0, 0, 0, 0, 4, 20835, 5.5, 646.2, 9217.4
2, 128696, 23/12/2018 23:00:08, FP_DM_PRIOR, 20.1, 34.7, 50681.1, 11, 0, 0, 93, 2364, 2153, 14431, 3.6, 1590.5, 5516
2, 128697, 23/12/2018 23:20:01, FP_DM_PRIOR, 20.1, 25.8, 37745.4, 3.2, 0, 0, 43, 996, 1038, 17960, 2.5, 1171, 5329.3
2, 128698, 23/12/2018 23:40:21, FP_DM_PRIOR, 19.8, 24.7, 44422.6, 4.4, 0, 0, 1, 32, 28, 19464, 0.5, 950.1, 1276.3
2, 128627, 23/12/2018 00:00:44, HDP_UNLOAD_GROUP, 4.9, 7.1, 8107.2, 2.2, 0, 0, 2, 32, 41, 1451, 0, 237.4, 19.8
2, 128628, 23/12/2018 00:20:05, HDP_UNLOAD_GROUP, 3.9, 20.1, 8375.9, 15.4, 0, 0, 11, 104, 449, 8525, 0.8, 6206.1, 214.7
2, 128629, 23/12/2018 00:40:19, HDP_UNLOAD_GROUP, 10.1, 49.6, 11089.7, 36.2, 0, 0, 38, 344, 614, 29551, 3.3, 8665.4, 1447.6
2, 128630, 23/12/2018 01:00:02, HDP_UNLOAD_GROUP, 10, 40.7, 9784.8, 25.2, 0, 0, 62, 548, 991, 19502, 5.5, 594.7, 2456.5
2, 128631, 23/12/2018 01:20:07, HDP_UNLOAD_GROUP, 11, 37.1, 9955.6, 16.6, 0, 0, 63, 616, 1078, 12479, 9.5, 688.8, 2010.2
2, 128632, 23/12/2018 01:40:16, HDP_UNLOAD_GROUP, 9, 29.3, 8727.4, 10.5, 0, 0, 51, 464, 861, 9492, 9.8, 450.3, 992.8
2, 128633, 23/12/2018 02:00:21, HDP_UNLOAD_GROUP, 9.9, 27.5, 9196.6, 7.2, 0, 0, 19, 168, 292, 8154, 10.4, 525.4, 1820.7
2, 128634, 23/12/2018 02:20:09, HDP_UNLOAD_GROUP, 10, 28.6, 9218.4, 7.5, 0, 0, 35, 292, 584, 7864, 11.1, 888.6, 2502.8
2, 128635, 23/12/2018 02:40:00, HDP_UNLOAD_GROUP, 8.7, 24.7, 11972.3, 5.7, 0, 0, 14, 112, 187, 6732, 10.3, 501.4, 1429.6
2, 128636, 23/12/2018 03:00:28, HDP_UNLOAD_GROUP, 7.2, 22.4, 9940.7, 5.4, 0, 0, 18, 152, 251, 4896, 9.8, 316.2, 1730.7
2, 128637, 23/12/2018 03:20:13, HDP_UNLOAD_GROUP, 2.9, 16.1, 8175.4, 2.2, 0, 0, 6, 44, 68, 533, 11, 132.2, 1311.3
2, 128638, 23/12/2018 03:40:14, HDP_UNLOAD_GROUP, 4, 13.1, 7680.9, 0, 0, 0, 3, 24, 7, 612, 9.1, 144.4, 1272.7
2, 128639, 23/12/2018 04:00:09, HDP_UNLOAD_GROUP, 2.1, 4.4, 4852.9, 1, 0, 0, 3, 24, 74, 253, 1.3, 68.1, 191.4
2, 128640, 23/12/2018 04:20:20, HDP_UNLOAD_GROUP, 1.2, 1.4, 179.4, 0.2, 0, 0, 16, 144, 225, 132, 0, 108, 0.5
2, 128628, 23/12/2018 00:20:05, ODS_SUPPORT_GROUP, 0, 0, 0.6, 0, 0, 0, 0, 0, 6, 0, 0, 0, 0
2, 128629, 23/12/2018 00:40:19, ODS_SUPPORT_GROUP, 0, 0, 5, 0, 0, 0, 0, 0, 8, 4, 0, 0, 0
2, 128630, 23/12/2018 01:00:02, ODS_SUPPORT_GROUP, 0, 0, 6, 0, 0, 0, 0, 0, 8, 4, 0, 0, 0
2, 128631, 23/12/2018 01:20:07, ODS_SUPPORT_GROUP, 0, 0, 3, 0, 0, 0, 0, 0, 8, 6, 0, 0, 0
2, 128633, 23/12/2018 02:00:21, ODS_SUPPORT_GROUP, 0, 0, 2.3, 0, 0, 0, 0, 0, 11, 8, 0, 0, 0
2, 128634, 23/12/2018 02:20:09, ODS_SUPPORT_GROUP, 0.3, 0.3, 35.4, 0, 0, 0, 1, 32, 45, 15, 0, 11.9, 3.5
2, 128635, 23/12/2018 02:40:00, ODS_SUPPORT_GROUP, 0.3, 0.4, 66.9, 0.1, 0, 0, 2, 36, 42, 12, 0, 10.8, 3.7
2, 128636, 23/12/2018 03:00:28, ODS_SUPPORT_GROUP, 0.3, 0.4, 64.6, 0.1, 0, 0, 1, 4, 6, 11, 0, 6.6, 0
2, 128637, 23/12/2018 03:20:13, ODS_SUPPORT_GROUP, 0.3, 0.5, 20.9, 0.1, 0, 0, 2, 36, 46, 8, 0.1, 4.9, 7.6
2, 128638, 23/12/2018 03:40:14, ODS_SUPPORT_GROUP, 0.3, 0.3, 9.3, 0, 0, 0, 2, 19, 49, 178, 0, 85.4, 1.8
2, 128639, 23/12/2018 04:00:09, ODS_SUPPORT_GROUP, 2, 7.4, 173.9, 5.3, 0, 0, 10, 123, 116, 1535, 0.1, 1619.1, 79.8
2, 128640, 23/12/2018 04:20:20, ODS_SUPPORT_GROUP, 0.4, 0.6, 22.3, 0.2, 0, 0, 2, 24, 30, 137, 0, 273.2, 11.3
2, 128641, 23/12/2018 04:40:13, ODS_SUPPORT_GROUP, 1.5, 4.3, 102.1, 2.7, 0, 0, 13, 122, 159, 563, 0.1, 1231.7, 65.9
2, 128642, 23/12/2018 05:00:33, ODS_SUPPORT_GROUP, 0.4, 1.1, 495.8, 0.6, 0, 0, 3, 40, 18, 72, 0.1, 199.9, 251.6
2, 128643, 23/12/2018 05:20:50, ODS_SUPPORT_GROUP, 0.3, 0.3, 11.6, 0, 0, 0, 5, 20, 21, 8, 0, 156.2, 2.5
2, 128644, 23/12/2018 05:40:04, ODS_SUPPORT_GROUP, 0.1, 0.1, 2.1, 0, 0, 0, 1, 4, 8, 2, 0, 17.3, 0
2, 128646, 23/12/2018 06:20:07, ODS_SUPPORT_GROUP, 0, 0, 0, 0, 0, 0, 0, 0, 7, 0, 0, 0, 0
2, 128678, 23/12/2018 17:00:11, ODS_SUPPORT_GROUP, 0, 0, 0, 0, 0, 0, 0, 0, 7, 3, 0, 0, 0
2, 128679, 23/12/2018 17:20:26, ODS_SUPPORT_GROUP, 0, 0, 0, 0, 0, 0, 0, 0, 9, 0, 0, 0, 0
2, 128680, 23/12/2018 17:40:41, ODS_SUPPORT_GROUP, 0, 0, 0.1, 0, 0, 0, 0, 0, 26, 4, 0, 0, 0
2, 128681, 23/12/2018 18:00:01, ODS_SUPPORT_GROUP, 0.4, 1.4, 75.5, 0.5, 0, 0, 1, 16, 9, 86, 0.5, 275.7, 1372.1
2, 128686, 23/12/2018 19:40:01, ODS_SUPPORT_GROUP, 0, 0, 0, 0, 0, 0, 0, 0, 6, 0, 0, 0, 0
2, 128689, 23/12/2018 20:40:03, ODS_SUPPORT_GROUP, 0, 0, 0.1, 0, 0, 0, 0, 0, 7, 0, 0, 0, 0
2, 128690, 23/12/2018 21:00:09, ODS_SUPPORT_GROUP, 0, 0, 0.2, 0, 0, 0, 0, 0, 8, 2, 0, 0, 0
2, 128692, 23/12/2018 21:40:13, ODS_SUPPORT_GROUP, 0, 0, 0.2, 0, 0, 0, 0, 0, 8, 0, 0, 0, 0
2, 128693, 23/12/2018 22:00:23, ODS_SUPPORT_GROUP, 0, 0, 1, 0, 0, 0, 0, 0, 9, 2, 0, 0, 0
2, 128694, 23/12/2018 22:20:27, ODS_SUPPORT_GROUP, 0, 0, 0.1, 0, 0, 0, 0, 0, 9, 1, 0, 0, 0
2, 128695, 23/12/2018 22:40:15, ODS_SUPPORT_GROUP, 0, 0, 0.5, 0, 0, 0, 0, 0, 8, 0, 0, 0, 0
2, 128627, 23/12/2018 00:00:44, OTHER_GROUPS, 10.7, 17.1, 14022.2, 4.1, 0, 0, 0, 0, 4691, 5115, 2.3, 779.9, 1110.7
2, 128628, 23/12/2018 00:20:05, OTHER_GROUPS, 13.8, 27.5, 14862.8, 7.2, 0, 0, 0, 0, 4137, 7468, 6.5, 784.9, 1974.4
2, 128629, 23/12/2018 00:40:19, OTHER_GROUPS, 17.4, 51.7, 14519.7, 29.4, 0, 0, 0, 0, 4141, 7838, 4.9, 691.9, 7131
2, 128630, 23/12/2018 01:00:02, OTHER_GROUPS, 12.1, 25.1, 14440.1, 10.3, 0, 0, 0, 0, 4394, 5673, 2.7, 648.4, 1764.5
2, 128631, 23/12/2018 01:20:07, OTHER_GROUPS, 13.1, 26.9, 15710.7, 11.6, 0, 0, 0, 0, 4736, 7829, 2.2, 594.6, 649.6
2, 128632, 23/12/2018 01:40:16, OTHER_GROUPS, 8.8, 13.9, 11469.4, 3.6, 0, 0, 0, 0, 4330, 4417, 1.5, 413.1, 497.1
2, 128633, 23/12/2018 02:00:21, OTHER_GROUPS, 7.7, 12.3, 12352.8, 3.4, 0, 0, 0, 0, 5377, 3193, 1.2, 553, 732.8
2, 128634, 23/12/2018 02:20:09, OTHER_GROUPS, 7.7, 11.9, 12054.2, 3, 0, 0, 0, 0, 4966, 2912, 1.2, 689.4, 658.4
2, 128635, 23/12/2018 02:40:00, OTHER_GROUPS, 11.8, 46.4, 16628.6, 32.9, 0, 0, 0, 0, 3598, 7707, 1.7, 653.1, 642.1
2, 128636, 23/12/2018 03:00:28, OTHER_GROUPS, 14.5, 26.5, 14579.4, 9.7, 0, 0, 0, 0, 3422, 9737, 2.3, 590.3, 762.9
2, 128637, 23/12/2018 03:20:13, OTHER_GROUPS, 15.2, 28.6, 12882, 7.5, 0, 0, 0, 0, 3976, 13847, 5.9, 601, 813.8
2, 128638, 23/12/2018 03:40:14, OTHER_GROUPS, 12.6, 18.3, 11489.5, 3.2, 0, 0, 0, 0, 4226, 9361, 2.5, 783.9, 855.6
2, 128639, 23/12/2018 04:00:09, OTHER_GROUPS, 14.2, 30.5, 28218.6, 13.8, 0, 0, 0, 0, 5462, 10509, 2.5, 1335.7, 941
2, 128640, 23/12/2018 04:20:20, OTHER_GROUPS, 14.3, 21.7, 35612.5, 4.8, 0, 0, 1, 14, 5606, 7647, 2.6, 1530, 679.5
2, 128641, 23/12/2018 04:40:13, OTHER_GROUPS, 9.5, 13.2, 19593.1, 1.7, 0, 0, 0, 0, 4534, 4115, 2, 1143.4, 787.1
2, 128642, 23/12/2018 05:00:33, OTHER_GROUPS, 7.8, 12.4, 13069.3, 2.9, 0, 0, 0, 0, 6644, 3042, 1.7, 880.7, 675.2
2, 128643, 23/12/2018 05:20:50, OTHER_GROUPS, 10.3, 15.7, 13607.5, 4.3, 0, 0, 0, 0, 5422, 6411, 1.1, 890.8, 742.6
2, 128644, 23/12/2018 05:40:04, OTHER_GROUPS, 7.3, 12.1, 13218.3, 3.8, 0, 0, 0, 0, 4969, 2684, 1, 1674.8, 768.4
2, 128645, 23/12/2018 06:00:00, OTHER_GROUPS, 8.8, 19.5, 13533.1, 9.2, 0, 0, 0, 0, 4895, 4261, 1.5, 884.6, 796.4
2, 128646, 23/12/2018 06:20:07, OTHER_GROUPS, 7.1, 12.2, 13322.2, 3.8, 0, 0, 0, 0, 4081, 2160, 1.3, 578.6, 897.6
2, 128647, 23/12/2018 06:40:13, OTHER_GROUPS, 8.3, 14, 14643.7, 4.3, 0, 0, 4, 96, 5920, 2763, 1.4, 645.3, 1161.7
2, 128648, 23/12/2018 07:00:14, OTHER_GROUPS, 44.8, 49.1, 22670.3, 1.2, 0, 0, 24, 510, 4547, 33073, 3.1, 2142.1, 4797.4
2, 128649, 23/12/2018 07:20:17, OTHER_GROUPS, 21.6, 33.6, 16364.2, 9.4, 0, 0, 85, 2338, 7064, 11318, 2.6, 2869.8, 8127.5
2, 128650, 23/12/2018 07:40:11, OTHER_GROUPS, 17.9, 22.1, 13230.2, 2.3, 0, 0, 37, 794, 4955, 8880, 1.9, 2302.3, 7619.7
2, 128651, 23/12/2018 08:00:20, OTHER_GROUPS, 17.7, 23, 14803.4, 2.5, 0, 0, 2, 48, 4689, 13713, 2.8, 1797.4, 13269.4
2, 128652, 23/12/2018 08:20:03, OTHER_GROUPS, 17.9, 21.7, 10525.3, 0.3, 0, 0, 83, 2136, 6484, 12429, 3.5, 3345.9, 13134.3
2, 128653, 23/12/2018 08:40:01, OTHER_GROUPS, 15.1, 32.5, 17212.8, 13.8, 0, 0, 2, 41, 4280, 9576, 3.6, 5411.4, 15818.6
2, 128654, 23/12/2018 09:00:12, OTHER_GROUPS, 15.8, 21.7, 10110.8, 0, 0, 0, 98, 2467, 6943, 8938, 5.9, 6415.1, 3784.7
2, 128655, 23/12/2018 09:20:31, OTHER_GROUPS, 18.1, 23.5, 7036.8, 0, 0, 0, 10, 272, 4997, 9026, 5.4, 1702.3, 6967.8
2, 128656, 23/12/2018 09:40:08, OTHER_GROUPS, 13, 18.7, 6838.2, 0.7, 0, 0, 69, 1720, 6262, 6855, 5, 2123, 3087.1
2, 128657, 23/12/2018 10:00:02, OTHER_GROUPS, 11.5, 15.1, 4986.5, 0.8, 0, 0, 2, 80, 5136, 5156, 2.8, 1353.6, 3387.4
2, 128658, 23/12/2018 10:20:05, OTHER_GROUPS, 8.3, 9.8, 3122, 0, 0, 0, 132, 3264, 8887, 2106, 1.5, 2466.5, 2018.2
2, 128659, 23/12/2018 10:40:07, OTHER_GROUPS, 7.1, 8.3, 4126.7, 0, 0, 0, 1, 16, 5809, 1269, 1.2, 1770.6, 1784.3
2, 128660, 23/12/2018 11:00:10, OTHER_GROUPS, 14.3, 17, 5690.8, 0, 0, 0, 109, 2712, 7033, 6544, 2.7, 3055.8, 6357.4
2, 128661, 23/12/2018 11:20:20, OTHER_GROUPS, 10.8, 12.5, 3872.7, 0, 0, 0, 130, 3216, 8774, 4460, 1.7, 3105.4, 3241
2, 128662, 23/12/2018 11:40:25, OTHER_GROUPS, 9.6, 11.1, 4434.2, 0, 0, 0, 4, 96, 4788, 2553, 1.5, 1084.3, 2952.1
2, 128663, 23/12/2018 12:00:03, OTHER_GROUPS, 12.3, 14.6, 5776, 0, 0, 0, 59, 1524, 5571, 6042, 2.3, 2326.9, 6108.6
2, 128664, 23/12/2018 12:20:22, OTHER_GROUPS, 10.2, 11.6, 5869.4, 0, 0, 0, 50, 1064, 6232, 2892, 1.4, 1718.6, 3017.4
2, 128665, 23/12/2018 12:40:09, OTHER_GROUPS, 12.2, 13.8, 5402.2, 0, 0, 0, 3, 48, 4916, 5087, 1.6, 1725.1, 5202
2, 128666, 23/12/2018 13:00:06, OTHER_GROUPS, 16.7, 18.6, 9154.9, 0, 0, 0, 34, 880, 6693, 6537, 1.9, 3325.1, 3843.3
2, 128667, 23/12/2018 13:20:13, OTHER_GROUPS, 21.1, 22.5, 44165.5, 0, 0, 0, 0, 0, 4751, 8413, 1.4, 1996, 1525.4
2, 128668, 23/12/2018 13:40:11, OTHER_GROUPS, 25.1, 27, 45170.1, 0.2, 0, 0, 22, 448, 4777, 7942, 1.7, 2376, 2761.9
2, 128669, 23/12/2018 14:00:02, OTHER_GROUPS, 21.2, 23.6, 41026.9, 0, 0, 0, 1, 16, 4817, 8334, 2.4, 1473.2, 3231.7
2, 128670, 23/12/2018 14:20:19, OTHER_GROUPS, 14.4, 15.7, 19361.7, 0, 0, 0, 26, 614, 5850, 4362, 1.3, 2441.1, 1880.7
2, 128671, 23/12/2018 14:40:04, OTHER_GROUPS, 11.1, 12.4, 10598.2, 0, 0, 0, 2, 64, 5326, 2880, 1.3, 1861.7, 1506.9
2, 128672, 23/12/2018 15:00:06, OTHER_GROUPS, 19.2, 20.6, 25654.8, 0, 0, 0, 88, 2208, 7672, 6045, 1.4, 2114, 2216
2, 128673, 23/12/2018 15:20:10, OTHER_GROUPS, 16.5, 18, 22131.2, 0, 0, 0, 1, 16, 5546, 2862, 1.5, 1577.5, 2536.4
2, 128674, 23/12/2018 15:40:04, OTHER_GROUPS, 20.9, 22.4, 38017.8, 0, 0, 0, 40, 792, 5909, 8030, 1.5, 2845.2, 3568.8
2, 128675, 23/12/2018 16:00:10, OTHER_GROUPS, 21.8, 23.6, 33409.8, 0, 0, 0, 2, 48, 5913, 9210, 1.8, 1933, 2110.8
2, 128676, 23/12/2018 16:20:21, OTHER_GROUPS, 32.2, 34.7, 30859.7, 0, 0, 0, 141, 3464, 9185, 21703, 2.5, 4100.7, 5915.2
2, 128677, 23/12/2018 16:40:08, OTHER_GROUPS, 25.5, 26.7, 25039.8, 0, 0, 0, 1, 16, 6120, 17246, 1.2, 1789.2, 1527.5
2, 128678, 23/12/2018 17:00:11, OTHER_GROUPS, 17.4, 19.2, 14879.4, 0, 0, 0, 0, 0, 4320, 8856, 1.8, 861.7, 953.8
2, 128679, 23/12/2018 17:20:26, OTHER_GROUPS, 10.6, 12.2, 12708.2, 0, 0, 0, 0, 0, 4882, 1995, 1.6, 1012.9, 1651.3
2, 128680, 23/12/2018 17:40:41, OTHER_GROUPS, 6.7, 9.1, 11500.4, 0.8, 0, 0, 0, 0, 5335, 1152, 1.6, 1299.3, 1233.3
2, 128681, 23/12/2018 18:00:01, OTHER_GROUPS, 6.4, 9.1, 12753.1, 0.8, 0, 0, 0, 0, 4752, 1009, 1.9, 959.4, 1226.4
2, 128682, 23/12/2018 18:20:03, OTHER_GROUPS, 6.4, 8.2, 11812.9, 0.3, 0, 0, 0, 0, 5742, 887, 1.5, 1331.7, 1095.8
2, 128683, 23/12/2018 18:40:09, OTHER_GROUPS, 6.9, 8.5, 11644, 0, 0, 0, 0, 0, 5580, 1286, 1.6, 1230.2, 970
2, 128684, 23/12/2018 19:00:08, OTHER_GROUPS, 6.3, 9.6, 13346.6, 1.7, 0, 0, 0, 0, 4941, 1113, 1.6, 1134.5, 1176.7
2, 128685, 23/12/2018 19:20:21, OTHER_GROUPS, 6.3, 8.7, 11431.3, 0.9, 0, 0, 0, 0, 5367, 985, 1.5, 1194.3, 1291.2
2, 128686, 23/12/2018 19:40:01, OTHER_GROUPS, 7.3, 10.3, 12327.3, 1.5, 0, 0, 0, 0, 5813, 1938, 1.5, 1325.4, 913.9
2, 128687, 23/12/2018 20:00:04, OTHER_GROUPS, 8.3, 18.2, 14736.3, 8.5, 0, 0, 0, 0, 4391, 2488, 1.4, 843.1, 594.6
2, 128688, 23/12/2018 20:20:07, OTHER_GROUPS, 7.1, 13.1, 13144.5, 4.7, 0, 0, 0, 0, 5397, 1719, 1.3, 1089.2, 665.8
2, 128689, 23/12/2018 20:40:03, OTHER_GROUPS, 6.5, 9.1, 12010.6, 1.4, 0, 0, 0, 0, 4810, 1066, 1.2, 1142.3, 627.6
2, 128690, 23/12/2018 21:00:09, OTHER_GROUPS, 7.4, 11.7, 13977.4, 1.7, 0, 0, 0, 0, 4793, 2606, 2.6, 985.1, 1187
2, 128691, 23/12/2018 21:20:15, OTHER_GROUPS, 9, 11.5, 12238.7, 1.5, 0, 0, 0, 0, 5486, 5044, 1, 1019.9, 745.7
2, 128692, 23/12/2018 21:40:13, OTHER_GROUPS, 10.4, 13.1, 12704.3, 1.6, 0, 0, 0, 0, 4713, 5858, 1.1, 1000.4, 501.3
2, 128693, 23/12/2018 22:00:23, OTHER_GROUPS, 9.6, 13.6, 13640.9, 2.8, 0, 0, 0, 0, 5224, 3804, 1.2, 914.6, 599.6
2, 128694, 23/12/2018 22:20:27, OTHER_GROUPS, 7.6, 11.3, 13053.3, 2.8, 0, 0, 0, 0, 4643, 2070, 0.9, 774.5, 487.1
2, 128695, 23/12/2018 22:40:15, OTHER_GROUPS, 7.6, 9.9, 12122, 1.2, 0, 0, 0, 0, 5063, 1871, 1.1, 992.9, 665.2
2, 128696, 23/12/2018 23:00:08, OTHER_GROUPS, 9.7, 17, 16894.1, 5.5, 0, 0, 0, 0, 5844, 4408, 1.8, 893.7, 2536.2
2, 128697, 23/12/2018 23:20:01, OTHER_GROUPS, 7.3, 22.9, 8054.9, 14.4, 0, 0, 0, 0, 5472, 3977, 1.2, 362, 1257.1
2, 128698, 23/12/2018 23:40:21, OTHER_GROUPS, 6.8, 13.5, 7209.6, 5.8, 0, 0, 0, 0, 2992, 4100, 0.9, 31.9, 899
3, 128627, 23/12/2018 00:00:44, ADW_UNLOAD_GROUP, 0, 0, 0, 0, 0, 0, 0, 0, 60, 0, 0, 0, 0
3, 128629, 23/12/2018 00:40:19, ADW_UNLOAD_GROUP, 0, 0, 0, 0, 0, 0, 0, 0, 60, 0, 0, 0, 0
3, 128630, 23/12/2018 01:00:03, ADW_UNLOAD_GROUP, 0, 0, 0, 0, 0, 0, 0, 0, 66, 2, 0, 0, 0
3, 128631, 23/12/2018 01:20:07, ADW_UNLOAD_GROUP, 0, 0, 0, 0, 0, 0, 0, 0, 73, 2, 0, 0, 0
3, 128633, 23/12/2018 02:00:21, ADW_UNLOAD_GROUP, 0, 0, 0, 0, 0, 0, 0, 0, 61, 1, 0, 0, 0
3, 128634, 23/12/2018 02:20:09, ADW_UNLOAD_GROUP, 0, 0, 0, 0, 0, 0, 0, 0, 66, 1, 0, 0, 0
3, 128636, 23/12/2018 03:00:32, ADW_UNLOAD_GROUP, 0, 0, 0, 0, 0, 0, 0, 0, 66, 0, 0, 0, 0
3, 128638, 23/12/2018 03:40:14, ADW_UNLOAD_GROUP, 0, 0, 0, 0, 0, 0, 0, 0, 51, 0, 0, 0, 0
3, 128639, 23/12/2018 04:00:09, ADW_UNLOAD_GROUP, 0, 0, 0, 0, 0, 0, 0, 0, 60, 1, 0, 0, 0
3, 128640, 23/12/2018 04:20:20, ADW_UNLOAD_GROUP, 0, 0, 0, 0, 0, 0, 0, 0, 51, 2, 0, 0, 0
3, 128641, 23/12/2018 04:40:13, ADW_UNLOAD_GROUP, 0, 0, 0, 0, 0, 0, 0, 0, 60, 2, 0, 0, 0
3, 128642, 23/12/2018 05:00:33, ADW_UNLOAD_GROUP, 0, 0, 0, 0, 0, 0, 0, 0, 57, 1, 0, 0, 0
3, 128643, 23/12/2018 05:20:50, ADW_UNLOAD_GROUP, 0, 0, 0, 0, 0, 0, 0, 0, 49, 0, 0, 0, 0
3, 128645, 23/12/2018 06:00:00, ADW_UNLOAD_GROUP, 0, 0, 0, 0, 0, 0, 0, 0, 55, 0, 0, 0, 0
3, 128647, 23/12/2018 06:40:13, ADW_UNLOAD_GROUP, 0, 0, 0, 0, 0, 0, 0, 0, 55, 0, 0, 0, 0
3, 128678, 23/12/2018 17:00:16, ADW_UNLOAD_GROUP, 0, 0, 0, 0, 0, 0, 0, 0, 56, 0, 0, 0, 0
3, 128679, 23/12/2018 17:20:26, ADW_UNLOAD_GROUP, 0, 0, 0, 0, 0, 0, 0, 0, 60, 0, 0, 0, 0
3, 128683, 23/12/2018 18:40:09, ADW_UNLOAD_GROUP, 0, 0, 0, 0, 0, 0, 0, 0, 78, 0, 0, 0, 0
3, 128684, 23/12/2018 19:00:08, ADW_UNLOAD_GROUP, 0.2, 0.8, 66.3, 0.2, 0, 0, 1, 32, 103, 42, 0.4, 139.5, 392.1
3, 128685, 23/12/2018 19:20:21, ADW_UNLOAD_GROUP, 0, 0, 0, 0, 0, 0, 0, 0, 54, 0, 0, 0, 0
3, 128689, 23/12/2018 20:40:03, ADW_UNLOAD_GROUP, 0, 0, 0, 0, 0, 0, 0, 0, 55, 0, 0, 0, 0
3, 128690, 23/12/2018 21:00:09, ADW_UNLOAD_GROUP, 0, 0, 0, 0, 0, 0, 0, 0, 57, 0, 0, 0, 0
3, 128693, 23/12/2018 22:00:23, ADW_UNLOAD_GROUP, 0, 0, 0, 0, 0, 0, 0, 0, 55, 0, 0, 0, 0
3, 128697, 23/12/2018 23:20:01, ADW_UNLOAD_GROUP, 0, 0, 0, 0, 0, 0, 0, 0, 55, 0, 0, 0, 0
3, 128627, 23/12/2018 00:00:44, DM_TECH_GROUP, 0.3, 0.4, 9, 0, 0, 0, 0, 0, 0, 8, 0.1, 96.2, 96.9
3, 128628, 23/12/2018 00:20:04, DM_TECH_GROUP, 5, 16.7, 5527.9, 9.4, 51, 1.7, 69, 1024, 1376, 3591, 2.3, 488.1, 3213.1
3, 128629, 23/12/2018 00:40:19, DM_TECH_GROUP, 11.9, 44.6, 39992.3, 27.3, 49, 4.1, 69, 1144, 1660, 6208, 5.4, 1133, 10905.6
3, 128630, 23/12/2018 01:00:03, DM_TECH_GROUP, 15, 52.1, 74800.9, 33.3, 8, 3.6, 8, 152, 168, 13027, 3.8, 1936.8, 5571.7
3, 128631, 23/12/2018 01:20:07, DM_TECH_GROUP, 18.5, 33.3, 47215.1, 12.5, 23, 5.1, 18, 320, 479, 15416, 2.3, 1549.4, 3077.6
3, 128632, 23/12/2018 01:40:16, DM_TECH_GROUP, 15.9, 36.9, 57609, 18.1, 50, 3.1, 89, 1368, 1439, 18469, 2.9, 1615.6, 4723.1
3, 128633, 23/12/2018 02:00:21, DM_TECH_GROUP, 18, 30.7, 32481.9, 11.8, 35, 2.6, 68, 1068, 1243, 17792, 0.9, 2460.8, 649
3, 128634, 23/12/2018 02:20:09, DM_TECH_GROUP, 19.2, 54.6, 27624.9, 32.6, 23, 0.9, 79, 1230, 1372, 29921, 2.8, 1173.3, 752.6
3, 128635, 23/12/2018 02:40:00, DM_TECH_GROUP, 19.2, 41.6, 14626.4, 19.5, 0, 0, 40, 600, 713, 7233, 2.9, 1552.1, 344.9
3, 128636, 23/12/2018 03:00:32, DM_TECH_GROUP, 19.1, 38.6, 15879.1, 17.3, 0, 0, 31, 456, 562, 8681, 2.2, 1335.5, 514
3, 128637, 23/12/2018 03:20:13, DM_TECH_GROUP, 9.3, 28.4, 14019.9, 15.8, 0, 0, 41, 584, 772, 5114, 3.3, 552, 549.3
3, 128638, 23/12/2018 03:40:14, DM_TECH_GROUP, 16.3, 34.5, 18428.7, 16.8, 0, 0, 41, 616, 738, 3956, 1.4, 1009.1, 1409
3, 128639, 23/12/2018 04:00:09, DM_TECH_GROUP, 16.6, 34.5, 27069.1, 17.5, 0, 0, 24, 352, 419, 3307, 0.4, 958.6, 571.4
3, 128640, 23/12/2018 04:20:20, DM_TECH_GROUP, 18.4, 36.6, 30301, 18, 0, 0, 7, 104, 128, 10703, 0.2, 938.4, 103.7
3, 128641, 23/12/2018 04:40:13, DM_TECH_GROUP, 12, 22.8, 10610.6, 10.6, 0, 0, 23, 368, 400, 3379, 0.2, 785.2, 161.4
3, 128642, 23/12/2018 05:00:33, DM_TECH_GROUP, 6.6, 16.7, 25175.8, 9.9, 0, 0, 10, 160, 161, 787, 0.2, 609.3, 244
3, 128643, 23/12/2018 05:20:50, DM_TECH_GROUP, 5.9, 13.3, 18806.4, 6.8, 0, 0, 21, 301, 367, 582, 0.6, 753.5, 1306
3, 128644, 23/12/2018 05:40:04, DM_TECH_GROUP, 9.6, 14.4, 17837.3, 2.3, 0, 0, 25, 389, 529, 2213, 2.5, 981.8, 6131.9
3, 128645, 23/12/2018 06:00:00, DM_TECH_GROUP, 11.4, 14.3, 17932.1, 2.5, 0, 0, 6, 100, 184, 1276, 0.4, 723.1, 282.9
3, 128646, 23/12/2018 06:20:10, DM_TECH_GROUP, 9.5, 15.1, 10193.9, 4.2, 0, 0, 31, 484, 570, 2826, 1.4, 559.3, 2486.3
3, 128647, 23/12/2018 06:40:13, DM_TECH_GROUP, 7.6, 13.5, 2199.3, 1.1, 0, 0, 50, 616, 513, 1987, 4.8, 278.5, 9276
3, 128678, 23/12/2018 17:00:16, DM_TECH_GROUP, 0.3, 6.4, 3827.7, 6, 0, 0, 0, 0, 26, 9, 0.1, 77.9, 78.6
3, 128679, 23/12/2018 17:20:26, DM_TECH_GROUP, 0.4, 2.6, 1220, 2.1, 0, 0, 1, 34, 2, 7, 0.1, 107.9, 120.4
3, 128680, 23/12/2018 17:40:41, DM_TECH_GROUP, 0.3, 0.4, 9, 0, 0, 0, 0, 0, 0, 1, 0.1, 122.1, 122.8
3, 128681, 23/12/2018 18:00:01, DM_TECH_GROUP, 0.3, 0.4, 8.8, 0, 0, 0, 0, 0, 0, 8, 0.1, 94.6, 95.9
3, 128682, 23/12/2018 18:20:01, DM_TECH_GROUP, 1.1, 1.5, 553, 0.2, 0, 0, 7, 224, 290, 309, 0.2, 294.3, 1549.7
3, 128683, 23/12/2018 18:40:09, DM_TECH_GROUP, 1.7, 3.9, 7949.9, 1.8, 0, 0, 3, 64, 64, 409, 0.4, 299.6, 5174.3
3, 128684, 23/12/2018 19:00:08, DM_TECH_GROUP, 0.4, 0.5, 10, 0, 0, 0, 0, 0, 16, 26, 0.1, 88, 131.4
3, 128685, 23/12/2018 19:20:21, DM_TECH_GROUP, 0.3, 0.4, 9.1, 0, 0, 0, 0, 0, 0, 12, 0.1, 126.4, 126.9
3, 128686, 23/12/2018 19:40:02, DM_TECH_GROUP, 0.3, 0.4, 9.2, 0, 0, 0, 0, 0, 0, 3, 0.1, 131.8, 132.2
3, 128687, 23/12/2018 20:00:04, DM_TECH_GROUP, 0.3, 0.4, 8.7, 0, 0, 0, 0, 0, 0, 4, 0.1, 117, 117.8
3, 128688, 23/12/2018 20:20:07, DM_TECH_GROUP, 0.3, 0.4, 9.1, 0, 0, 0, 0, 0, 1, 0, 0.1, 137.3, 137.6
3, 128689, 23/12/2018 20:40:03, DM_TECH_GROUP, 0.3, 0.4, 9, 0, 0, 0, 0, 0, 0, 0, 0.1, 138.1, 138.4
3, 128690, 23/12/2018 21:00:09, DM_TECH_GROUP, 0.4, 0.6, 112.9, 0, 0, 0, 2, 32, 40, 22, 0.2, 119.3, 215
3, 128691, 23/12/2018 21:20:15, DM_TECH_GROUP, 0.6, 0.7, 11.7, 0, 0, 0, 0, 0, 0, 9, 0.1, 140.8, 240
3, 128692, 23/12/2018 21:40:13, DM_TECH_GROUP, 0.6, 0.7, 12.8, 0, 0, 0, 0, 0, 0, 10, 0.1, 135.9, 171.2
3, 128693, 23/12/2018 22:00:23, DM_TECH_GROUP, 1.2, 1.5, 2456.1, 0.2, 0, 0, 2, 46, 83, 67, 0.1, 188.9, 143.3
3, 128694, 23/12/2018 22:20:27, DM_TECH_GROUP, 1.3, 3.4, 1187.6, 1.8, 0, 0, 6, 176, 239, 302, 0.3, 228.4, 3022
3, 128695, 23/12/2018 22:40:15, DM_TECH_GROUP, 0.5, 0.8, 2721.8, 0.2, 0, 0, 3, 64, 44, 14, 0.1, 134, 302.4
3, 128696, 23/12/2018 23:00:08, DM_TECH_GROUP, 0.3, 0.4, 9.1, 0, 0, 0, 0, 0, 0, 3, 0.1, 109, 109.2
3, 128697, 23/12/2018 23:20:01, DM_TECH_GROUP, 0.2, 0.4, 9.2, 0.1, 0, 0, 0, 0, 0, 0, 0.1, 111.5, 111.7
3, 128698, 23/12/2018 23:40:21, DM_TECH_GROUP, 0.4, 0.5, 10, 0, 0, 0, 0, 0, 7, 6, 0.1, 164.2, 313.9
3, 128627, 23/12/2018 00:00:44, ODS_SUPPORT_GROUP, 0.8, 0.8, 265.7, 0, 0, 0, 0, 0, 5, 369, 0, 0, 0
3, 128628, 23/12/2018 00:20:04, ODS_SUPPORT_GROUP, 0.8, 0.8, 282.6, 0, 0, 0, 0, 0, 6, 306, 0, 0, 0
3, 128629, 23/12/2018 00:40:19, ODS_SUPPORT_GROUP, 0.8, 0.8, 267.6, 0, 0, 0, 0, 0, 6, 274, 0, 0, 0
3, 128630, 23/12/2018 01:00:03, ODS_SUPPORT_GROUP, 0.8, 0.8, 268, 0, 0, 0, 0, 0, 6, 419, 0, 0, 0
3, 128631, 23/12/2018 01:20:07, ODS_SUPPORT_GROUP, 0.8, 0.8, 268.7, 0, 0, 0, 0, 0, 6, 414, 0, 0, 0
3, 128632, 23/12/2018 01:40:16, ODS_SUPPORT_GROUP, 0.7, 0.7, 247.6, 0, 0, 0, 0, 0, 6, 201, 0, 0, 0
3, 128633, 23/12/2018 02:00:21, ODS_SUPPORT_GROUP, 0.9, 1.1, 287.9, 0.2, 0, 0, 0, 0, 10, 901, 0, 939.2, 0.2
3, 128634, 23/12/2018 02:20:09, ODS_SUPPORT_GROUP, 0.9, 1, 289.2, 0.1, 0, 0, 1, 2, 6, 280, 0, 16.9, 0
3, 128635, 23/12/2018 02:40:00, ODS_SUPPORT_GROUP, 0.8, 0.8, 265.9, 0, 0, 0, 0, 0, 9, 732, 0, 0, 0
3, 128636, 23/12/2018 03:00:32, ODS_SUPPORT_GROUP, 1, 1.5, 318.9, 0.5, 0, 0, 1, 2, 8, 5531, 0, 388.1, 0.3
3, 128637, 23/12/2018 03:20:13, ODS_SUPPORT_GROUP, 0.9, 1.6, 301.5, 0.7, 0, 0, 1, 2, 8, 1900, 0, 138, 0
3, 128638, 23/12/2018 03:40:14, ODS_SUPPORT_GROUP, 1, 1.6, 309.7, 0.6, 0, 0, 2, 4, 10, 4558, 0, 323, 0.1
3, 128639, 23/12/2018 04:00:09, ODS_SUPPORT_GROUP, 1, 1.6, 290.4, 0.6, 0, 0, 1, 2, 8, 3958, 0, 336.2, 0.2
3, 128640, 23/12/2018 04:20:20, ODS_SUPPORT_GROUP, 1, 1.5, 271.1, 0.5, 0, 0, 1, 2, 8, 4600, 0, 271.3, 0.1
3, 128641, 23/12/2018 04:40:13, ODS_SUPPORT_GROUP, 1, 1.5, 286, 0.5, 0, 0, 1, 2, 6, 3684, 0, 312.5, 0
3, 128642, 23/12/2018 05:00:33, ODS_SUPPORT_GROUP, 1, 1.6, 291.3, 0.6, 0, 0, 2, 4, 9, 3681, 0, 346.5, 0.1
3, 128643, 23/12/2018 05:20:50, ODS_SUPPORT_GROUP, 1, 1.5, 288.1, 0.5, 0, 0, 3, 6, 10, 3887, 0, 396.3, 0.4
3, 128644, 23/12/2018 05:40:04, ODS_SUPPORT_GROUP, 1, 1.5, 279.7, 0.5, 0, 0, 0, 0, 4, 4896, 0, 40.6, 0.5
3, 128645, 23/12/2018 06:00:00, ODS_SUPPORT_GROUP, 0.8, 0.9, 267.8, 0.1, 0, 0, 1, 2, 6, 861, 0, 4.5, 0.1
3, 128646, 23/12/2018 06:20:10, ODS_SUPPORT_GROUP, 0.8, 0.8, 266.7, 0, 0, 0, 0, 0, 5, 267, 0, 0, 0
3, 128647, 23/12/2018 06:40:13, ODS_SUPPORT_GROUP, 0.8, 0.8, 271.8, 0, 0, 0, 0, 0, 3, 184, 0, 0, 0
3, 128678, 23/12/2018 17:00:16, ODS_SUPPORT_GROUP, 0.8, 0.8, 263.2, 0, 0, 0, 0, 0, 6, 161, 0, 0, 0
3, 128679, 23/12/2018 17:20:26, ODS_SUPPORT_GROUP, 0.8, 0.8, 263.9, 0, 0, 0, 0, 0, 6, 21, 0, 0, 0
3, 128680, 23/12/2018 17:40:41, ODS_SUPPORT_GROUP, 0.8, 0.8, 266.8, 0, 0, 0, 0, 0, 6, 72, 0, 0, 0
3, 128681, 23/12/2018 18:00:01, ODS_SUPPORT_GROUP, 0.8, 0.8, 263.2, 0, 0, 0, 0, 0, 5, 134, 0, 0, 0
3, 128682, 23/12/2018 18:20:01, ODS_SUPPORT_GROUP, 0.9, 0.9, 268, 0, 0, 0, 0, 0, 7, 901, 0, 7.5, 7
3, 128683, 23/12/2018 18:40:09, ODS_SUPPORT_GROUP, 1, 1.1, 294.9, 0.1, 0, 0, 1, 2, 4, 2137, 0, 10.5, 5.7
3, 128684, 23/12/2018 19:00:08, ODS_SUPPORT_GROUP, 0.9, 1.1, 277.8, 0.2, 0, 0, 1, 2, 8, 2015, 0, 19.5, 7.9
3, 128685, 23/12/2018 19:20:21, ODS_SUPPORT_GROUP, 0.9, 1.1, 303.9, 0.2, 0, 0, 1, 2, 4, 1566, 0, 14.1, 6.4
3, 128686, 23/12/2018 19:40:02, ODS_SUPPORT_GROUP, 0.8, 0.8, 264.1, 0, 0, 0, 0, 0, 10, 32, 0, 0, 0
3, 128687, 23/12/2018 20:00:04, ODS_SUPPORT_GROUP, 0.8, 0.8, 266.1, 0, 0, 0, 0, 0, 4, 37, 0, 0, 0.1
3, 128688, 23/12/2018 20:20:07, ODS_SUPPORT_GROUP, 0.8, 0.8, 263.2, 0, 0, 0, 0, 0, 6, 112, 0, 0, 0
3, 128689, 23/12/2018 20:40:03, ODS_SUPPORT_GROUP, 0.8, 0.8, 264.9, 0, 0, 0, 0, 0, 6, 117, 0, 0, 0
3, 128690, 23/12/2018 21:00:09, ODS_SUPPORT_GROUP, 0.8, 0.8, 263.9, 0, 0, 0, 0, 0, 6, 286, 0, 0, 0
3, 128691, 23/12/2018 21:20:15, ODS_SUPPORT_GROUP, 0.8, 0.8, 264.5, 0, 0, 0, 0, 0, 6, 168, 0, 0, 0
3, 128692, 23/12/2018 21:40:13, ODS_SUPPORT_GROUP, 0.8, 0.8, 264.5, 0, 0, 0, 0, 0, 6, 485, 0, 0, 0
3, 128693, 23/12/2018 22:00:23, ODS_SUPPORT_GROUP, 0.8, 0.8, 265.4, 0, 0, 0, 0, 0, 6, 224, 0, 0, 0
3, 128694, 23/12/2018 22:20:27, ODS_SUPPORT_GROUP, 0.8, 0.8, 265, 0, 0, 0, 0, 0, 6, 34, 0, 0, 0
3, 128695, 23/12/2018 22:40:15, ODS_SUPPORT_GROUP, 0.8, 0.8, 264.1, 0, 0, 0, 0, 0, 5, 251, 0, 0, 0
3, 128696, 23/12/2018 23:00:08, ODS_SUPPORT_GROUP, 0.8, 0.8, 264.3, 0, 0, 0, 0, 0, 5, 149, 0, 0, 0
3, 128697, 23/12/2018 23:20:01, ODS_SUPPORT_GROUP, 0.8, 0.8, 263.9, 0, 0, 0, 0, 0, 6, 270, 0, 0, 0
3, 128698, 23/12/2018 23:40:21, ODS_SUPPORT_GROUP, 0.8, 0.8, 263.4, 0, 0, 0, 0, 0, 5, 384, 0, 0, 0
3, 128627, 23/12/2018 00:00:44, OTHER_GROUPS, 6.6, 19.7, 11731.3, 12.5, 0, 0, 2, 20, 4860, 784, 0.6, 4475.5, 219.8
3, 128628, 23/12/2018 00:20:04, OTHER_GROUPS, 22.2, 58.8, 15095, 34.9, 0, 0, 517, 2748, 20712, 15377, 1.7, 10012.9, 2283.8
3, 128629, 23/12/2018 00:40:19, OTHER_GROUPS, 26.5, 53, 16115.2, 25.1, 0, 0, 608, 4248, 10302, 18774, 1.4, 5090.1, 1563.4
3, 128630, 23/12/2018 01:00:03, OTHER_GROUPS, 19.8, 47.5, 15767.5, 26.3, 0, 0, 248, 1924, 6369, 12173, 1.4, 2073.1, 1663.2
3, 128631, 23/12/2018 01:20:07, OTHER_GROUPS, 20.9, 37.2, 16154.2, 14.4, 0, 0, 275, 2124, 6706, 11252, 1.9, 1432.6, 2609.1
3, 128632, 23/12/2018 01:40:16, OTHER_GROUPS, 12.9, 23.6, 13203.2, 9.3, 0, 0, 4, 32, 4342, 5529, 1.4, 1044.5, 2790.4
3, 128633, 23/12/2018 02:00:21, OTHER_GROUPS, 9, 23.5, 17333.4, 13.4, 0, 0, 25, 180, 5413, 3268, 1.1, 753.2, 1599.5
3, 128634, 23/12/2018 02:20:09, OTHER_GROUPS, 5.2, 22.3, 19398.5, 16.7, 0, 0, 0, 0, 4961, 1112, 0.4, 525.9, 82
3, 128635, 23/12/2018 02:40:00, OTHER_GROUPS, 5.3, 19.7, 14446.2, 14, 0, 0, 6, 24, 3573, 852, 0.4, 1077.3, 83.4
3, 128636, 23/12/2018 03:00:32, OTHER_GROUPS, 5.2, 19.8, 14544.7, 14.2, 0, 0, 0, 0, 3384, 966, 0.4, 548.2, 106.7
3, 128637, 23/12/2018 03:20:13, OTHER_GROUPS, 4.9, 23.6, 18532.7, 18.3, 0, 0, 0, 0, 3865, 665, 0.4, 443.5, 72.2
3, 128638, 23/12/2018 03:40:14, OTHER_GROUPS, 5.1, 21.6, 23968.5, 16.1, 0, 0, 0, 0, 4177, 659, 0.4, 609, 84.9
3, 128639, 23/12/2018 04:00:09, OTHER_GROUPS, 7.5, 22.3, 43120.6, 14.2, 0, 0, 0, 0, 5803, 1131, 0.6, 894.7, 124.1
3, 128640, 23/12/2018 04:20:20, OTHER_GROUPS, 11.6, 29.2, 47311.3, 16.7, 0, 0, 8, 60, 6081, 3339, 0.9, 1129, 148.2
3, 128641, 23/12/2018 04:40:13, OTHER_GROUPS, 17.2, 30, 44672.5, 11.9, 0, 0, 8, 64, 5582, 5388, 0.9, 1583.6, 164.7
3, 128642, 23/12/2018 05:00:33, OTHER_GROUPS, 5.9, 20.1, 20366.3, 13.6, 0, 0, 2, 12, 7171, 606, 0.6, 708.8, 126.7
3, 128643, 23/12/2018 05:20:50, OTHER_GROUPS, 5.1, 16.8, 14504.8, 11.2, 0, 0, 0, 0, 5363, 321, 0.5, 709.5, 98.5
3, 128644, 23/12/2018 05:40:04, OTHER_GROUPS, 5.2, 17.3, 13768.6, 11.7, 0, 0, 0, 0, 5093, 656, 0.4, 977.4, 108.5
3, 128645, 23/12/2018 06:00:00, OTHER_GROUPS, 5.2, 27.2, 26817.6, 21.6, 0, 0, 0, 0, 4719, 794, 0.4, 791, 125.1
3, 128646, 23/12/2018 06:20:10, OTHER_GROUPS, 5.2, 24.6, 26678.2, 18.9, 0, 0, 0, 0, 3914, 1332, 0.5, 551.3, 146.3
3, 128647, 23/12/2018 06:40:13, OTHER_GROUPS, 6.4, 21.1, 23051.6, 14.2, 0, 0, 6, 208, 5569, 3128, 0.5, 668.9, 108.8
3, 128648, 23/12/2018 07:00:14, OTHER_GROUPS, 43.1, 54.8, 21386.5, 2.2, 0, 0, 107, 3244, 10543, 50931, 9.5, 7736.9, 12724.6
3, 128649, 23/12/2018 07:20:17, OTHER_GROUPS, 52.9, 74.3, 37401.5, 13.6, 0, 0, 41, 1220, 7047, 67533, 7.8, 3730.5, 11149.7
3, 128650, 23/12/2018 07:40:12, OTHER_GROUPS, 72, 103.4, 49787.2, 20.6, 0, 0, 98, 3024, 11668, 159300, 10.8, 3913.6, 12448.8
3, 128651, 23/12/2018 08:00:20, OTHER_GROUPS, 62.8, 81.4, 47836.4, 12.5, 0, 0, 73, 2118, 110681, 65452, 6.1, 4592.3, 8425.4
3, 128652, 23/12/2018 08:20:03, OTHER_GROUPS, 47.8, 65.2, 30935.5, 10.6, 0, 0, 216, 3972, 9902, 40590, 6.8, 3280.6, 8554.6
3, 128653, 23/12/2018 08:40:01, OTHER_GROUPS, 46.7, 70.7, 82777.5, 12.9, 0, 0, 130, 3160, 19733, 47280, 11.1, 8143.8, 19969.6
3, 128654, 23/12/2018 09:00:15, OTHER_GROUPS, 54.9, 69.6, 79871.6, 7.9, 0, 0, 140, 3054, 8296, 47583, 6.8, 7825.2, 8402.4
3, 128655, 23/12/2018 09:20:31, OTHER_GROUPS, 41.8, 47.5, 37900.1, 0, 0, 0, 113, 2954, 11598, 197761, 5.7, 3409.9, 8844.6
3, 128656, 23/12/2018 09:40:08, OTHER_GROUPS, 36.8, 41.9, 22983.7, 2, 0, 0, 116, 3648, 25638, 26295, 3.1, 2410.5, 4515.4
3, 128657, 23/12/2018 10:00:02, OTHER_GROUPS, 29.2, 33.5, 15380.6, 0.5, 0, 0, 28, 840, 6138, 16106, 3.8, 6589.8, 6079.8
3, 128658, 23/12/2018 10:20:05, OTHER_GROUPS, 32.2, 62, 19943.7, 25.5, 1, 0, 242, 2090, 7392, 24972, 4.3, 4289.9, 5482.6
3, 128659, 23/12/2018 10:40:07, OTHER_GROUPS, 29.5, 33.5, 18486, 0, 0, 0, 53, 1964, 16205, 68754, 4, 4067.9, 5515.7
3, 128660, 23/12/2018 11:00:11, OTHER_GROUPS, 36.8, 41.6, 11048.3, 0, 0, 0, 261, 2412, 9888, 44010, 4.8, 9237.8, 3821.4
3, 128661, 23/12/2018 11:20:20, OTHER_GROUPS, 24.4, 27.2, 11712.6, 0, 0, 0, 257, 3256, 10349, 10689, 2.8, 4568.7, 4398.9
3, 128662, 23/12/2018 11:40:26, OTHER_GROUPS, 36.1, 39.1, 14304.9, 0, 0, 0, 46, 1408, 7008, 28110, 3, 6144.6, 4431.3
3, 128663, 23/12/2018 12:00:03, OTHER_GROUPS, 53.3, 59.5, 28512.7, 1.6, 0, 0, 96, 3270, 8150, 39657, 4.6, 7915.9, 4290.1
3, 128664, 23/12/2018 12:20:22, OTHER_GROUPS, 40.4, 42.1, 16087.6, 0, 0, 0, 27, 884, 6410, 25441, 1.7, 6898.1, 1596.7
3, 128665, 23/12/2018 12:40:09, OTHER_GROUPS, 33.7, 36.5, 20907.5, 0, 0, 0, 44, 708, 6165, 22274, 2.8, 4304.4, 3049.7
3, 128666, 23/12/2018 13:00:06, OTHER_GROUPS, 47.4, 58.3, 29381.2, 6.9, 0, 0, 141, 1220, 7326, 42811, 4, 5546.8, 3991.9
3, 128667, 23/12/2018 13:20:13, OTHER_GROUPS, 64.4, 74, 50213.8, 2.8, 0, 0, 52, 441, 5923, 65265, 6.8, 4105.8, 12028.5
3, 128668, 23/12/2018 13:40:11, OTHER_GROUPS, 50.1, 57.7, 46116.6, 3.2, 0, 0, 16, 580, 4753, 37308, 4.4, 3294.1, 7368.7
3, 128669, 23/12/2018 14:00:02, OTHER_GROUPS, 41.2, 45.8, 34950.5, 0, 0, 0, 10, 456, 5923, 35402, 4.6, 6364.8, 8165.8
3, 128670, 23/12/2018 14:20:19, OTHER_GROUPS, 41.5, 43.2, 27595.2, 0, 0, 0, 40, 1887, 8198, 29030, 1.7, 4786.3, 1911.5
3, 128671, 23/12/2018 14:40:06, OTHER_GROUPS, 50.9, 57.2, 19201.6, 1.4, 0, 0, 39, 1400, 10097, 72131, 4.9, 6230, 6373.6
3, 128672, 23/12/2018 15:00:07, OTHER_GROUPS, 42.9, 46.6, 23275, 0, 0, 0, 40, 1632, 9153, 30302, 3.7, 8976.1, 5247.3
3, 128673, 23/12/2018 15:20:13, OTHER_GROUPS, 28.1, 30.9, 9625.1, 0, 0, 0, 41, 1657, 7146, 19634, 2.8, 7002.6, 5591.4
3, 128674, 23/12/2018 15:40:04, OTHER_GROUPS, 23.9, 26, 7829, 0, 0, 0, 44, 1792, 7183, 17621, 2.1, 6862.3, 2046.6
3, 128675, 23/12/2018 16:00:10, OTHER_GROUPS, 25, 26.3, 12177, 0, 0, 0, 44, 1366, 7556, 7100, 1.3, 7202.6, 961.8
3, 128676, 23/12/2018 16:20:21, OTHER_GROUPS, 26.5, 28.6, 7221.4, 0, 0, 0, 19, 701, 6720, 14345, 2.1, 4562.1, 2274.4
3, 128677, 23/12/2018 16:40:08, OTHER_GROUPS, 20.8, 22, 7513.4, 0, 0, 0, 23, 814, 6452, 7300, 1.2, 5273.7, 1065.1
3, 128678, 23/12/2018 17:00:16, OTHER_GROUPS, 11.4, 12.1, 14334.5, 0, 0, 0, 0, 0, 4283, 2818, 0.7, 870.3, 186
3, 128679, 23/12/2018 17:20:26, OTHER_GROUPS, 7.1, 9.3, 14419.4, 1.6, 0, 0, 0, 0, 4857, 526, 0.6, 935.1, 109.1
3, 128680, 23/12/2018 17:40:41, OTHER_GROUPS, 5.1, 8.4, 13914.7, 2.6, 0, 0, 0, 0, 5333, 201, 0.7, 1226.2, 121.8
3, 128681, 23/12/2018 18:00:01, OTHER_GROUPS, 5.2, 26.7, 24163.5, 20.8, 0, 0, 0, 0, 4746, 552, 0.7, 853, 103.6
3, 128682, 23/12/2018 18:20:01, OTHER_GROUPS, 5.1, 11.3, 13683.8, 5.5, 0, 0, 0, 0, 5804, 219, 0.7, 1175.6, 113.6
3, 128683, 23/12/2018 18:40:09, OTHER_GROUPS, 5.2, 8.2, 11166.9, 2.2, 0, 0, 0, 0, 5577, 225, 0.8, 1164.1, 131.1
3, 128684, 23/12/2018 19:00:08, OTHER_GROUPS, 7.5, 11.9, 15481.5, 3.7, 0, 0, 2, 32, 5003, 1594, 0.7, 1352.4, 600.9
3, 128685, 23/12/2018 19:20:21, OTHER_GROUPS, 5.8, 8.9, 10887.7, 2.4, 0, 0, 3, 32, 5396, 771, 0.7, 1916.3, 143
3, 128686, 23/12/2018 19:40:02, OTHER_GROUPS, 5.1, 6.6, 10968.8, 0.7, 0, 0, 1, 16, 5654, 254, 0.8, 1338.3, 153.7
3, 128687, 23/12/2018 20:00:04, OTHER_GROUPS, 5.1, 7.7, 10859.2, 1.8, 0, 0, 0, 0, 4258, 289, 0.8, 873.9, 128.6
3, 128688, 23/12/2018 20:20:07, OTHER_GROUPS, 5.1, 6.6, 10202.7, 0.8, 0, 0, 0, 0, 5241, 226, 0.7, 1217.1, 133.3
3, 128689, 23/12/2018 20:40:03, OTHER_GROUPS, 5, 6, 10132, 0.1, 0, 0, 0, 0, 4816, 142, 0.9, 919.7, 144.3
3, 128690, 23/12/2018 21:00:09, OTHER_GROUPS, 5, 6.5, 10892.2, 0.8, 0, 0, 0, 0, 4755, 390, 0.7, 946.9, 104.4
3, 128691, 23/12/2018 21:20:15, OTHER_GROUPS, 5.1, 6.8, 10680.4, 1, 0, 0, 0, 0, 5472, 231, 0.7, 1119.2, 117.7
3, 128692, 23/12/2018 21:40:13, OTHER_GROUPS, 5.1, 6.3, 10824.2, 0.5, 0, 0, 0, 0, 4721, 266, 0.7, 1093.4, 122.5
3, 128693, 23/12/2018 22:00:23, OTHER_GROUPS, 5.3, 7, 10583.8, 1, 0, 0, 0, 0, 5035, 417, 0.7, 964.6, 113.7
3, 128694, 23/12/2018 22:20:27, OTHER_GROUPS, 5.1, 6.5, 11050.2, 0.7, 0, 0, 0, 0, 4596, 182, 0.7, 1085, 121.2
3, 128695, 23/12/2018 22:40:15, OTHER_GROUPS, 5, 6.6, 9903.8, 1, 0, 0, 0, 0, 5060, 137, 0.6, 1168.3, 114.8
3, 128696, 23/12/2018 23:00:08, OTHER_GROUPS, 5, 8, 11512.8, 2.3, 0, 0, 0, 0, 5905, 208, 0.7, 1094.5, 116.4
3, 128697, 23/12/2018 23:20:01, OTHER_GROUPS, 1.4, 5.6, 5820.3, 4, 0, 0, 0, 0, 5075, 40, 0.2, 346.2, 45.8
3, 128698, 23/12/2018 23:40:21, OTHER_GROUPS, 0.1, 2.7, 4162.7, 2.6, 0, 0, 0, 0, 2872, 1, 0, 0.5, 17.8
3, 128681, 23/12/2018 18:00:01, SANDBOX_GROUP, 7.8, 12.8, 5677.2, 0, 0, 0, 27, 728, 893, 8890, 5, 10400.9, 4644.2
3, 128682, 23/12/2018 18:20:01, SANDBOX_GROUP, 2.1, 3, 1837.4, 0, 0, 0, 7, 194, 172, 289, 0.9, 1528.8, 4255.9
3, 128683, 23/12/2018 18:40:09, SANDBOX_GROUP, 1.3, 1.9, 952.8, 0, 0, 0, 14, 384, 388, 77, 0.6, 3314.3, 1651.2
3, 128684, 23/12/2018 19:00:08, SANDBOX_GROUP, 1.7, 2.8, 7437.6, 0, 0, 0, 19, 482, 499, 161, 1.1, 2390.4, 1221.1
3, 128685, 23/12/2018 19:20:21, SANDBOX_GROUP, 1.8, 2.4, 227.6, 0, 0, 0, 21, 356, 446, 136, 0.6, 2345.1, 844.2
3, 128686, 23/12/2018 19:40:02, SANDBOX_GROUP, 0.7, 1, 1037.4, 0, 0, 0, 30, 659, 707, 68, 0.3, 3484.5, 445.8
3, 128687, 23/12/2018 20:00:04, SANDBOX_GROUP, 0.5, 0.7, 391.1, 0, 0, 0, 29, 708, 700, 43, 0.2, 5184.4, 361
3, 128688, 23/12/2018 20:20:07, SANDBOX_GROUP, 0.5, 0.7, 168.3, 0, 0, 0, 23, 576, 605, 28, 0.2, 4416.7, 449.7
3, 128689, 23/12/2018 20:40:03, SANDBOX_GROUP, 0.5, 0.7, 198.4, 0, 0, 0, 2, 64, 103, 44, 0.2, 1620, 364.7
3, 128690, 23/12/2018 21:00:09, SANDBOX_GROUP, 0.9, 1.2, 214, 0, 0, 0, 11, 224, 261, 116, 0.3, 2447.7, 405.4
3, 128691, 23/12/2018 21:20:15, SANDBOX_GROUP, 0.8, 1, 174.4, 0, 0, 0, 13, 376, 335, 22, 0.2, 1867.2, 465.8
3, 128692, 23/12/2018 21:40:13, SANDBOX_GROUP, 0.6, 0.9, 50, 0, 0, 0, 25, 704, 664, 25, 0.3, 4239.2, 580.5
3, 128627, 23/12/2018 00:00:44, SZB_SANDBOX_GROUP, 11.2, 11.6, 8953.8, 0, 0, 0, 18, 1056, 2171, 2417, 0.4, 2249.4, 431.5
3, 128628, 23/12/2018 00:20:04, SZB_SANDBOX_GROUP, 1.5, 1.8, 518.9, 0, 0, 0, 14, 896, 1138, 204, 0.3, 76.1, 371.3
3, 128629, 23/12/2018 00:40:19, SZB_SANDBOX_GROUP, 0.9, 1.4, 399.1, 0.3, 0, 0, 6, 384, 532, 165, 0.2, 38.7, 253.8
3, 128630, 23/12/2018 01:00:03, SZB_SANDBOX_GROUP, 2.2, 3, 235.2, 0.6, 0, 0, 4, 192, 697, 469, 0.2, 2151.3, 206.3
3, 128631, 23/12/2018 01:20:07, SZB_SANDBOX_GROUP, 3.2, 3.8, 1303.8, 0, 0, 0, 29, 1408, 2035, 816, 0.6, 238.7, 443.9
3, 128632, 23/12/2018 01:40:16, SZB_SANDBOX_GROUP, 1.7, 3.9, 196.1, 2, 0, 0, 16, 992, 1434, 302, 0.2, 44.3, 139.4
3, 128633, 23/12/2018 02:00:21, SZB_SANDBOX_GROUP, 20.4, 23.4, 20460.6, 0.9, 0, 0, 23, 1344, 3347, 6453, 2.1, 2043, 3350.5
3, 128634, 23/12/2018 02:20:09, SZB_SANDBOX_GROUP, 11.4, 11.9, 2811.2, 0, 0, 0, 7, 382, 903, 3534, 0.5, 340.3, 875.9
3, 128635, 23/12/2018 02:40:00, SZB_SANDBOX_GROUP, 1.6, 6.3, 1130.4, 4.5, 0, 0, 24, 1184, 1500, 316, 0.2, 130, 233.4
3, 128636, 23/12/2018 03:00:32, SZB_SANDBOX_GROUP, 6, 9, 2256.2, 2.3, 0, 0, 9, 448, 4608, 2423, 0.7, 4590, 641.7
3, 128637, 23/12/2018 03:20:13, SZB_SANDBOX_GROUP, 18.7, 71.8, 36471.9, 50.6, 0, 0, 3, 192, 2263, 6456, 2.5, 12245.5, 273.4
3, 128638, 23/12/2018 03:40:14, SZB_SANDBOX_GROUP, 10.3, 15.4, 12211.1, 4.2, 0, 0, 4, 256, 2463, 2785, 0.9, 2494, 1293.3
3, 128639, 23/12/2018 04:00:09, SZB_SANDBOX_GROUP, 7.4, 11.7, 4381.4, 3.1, 0, 0, 3, 192, 4211, 1574, 1.2, 5440.5, 2060.6
3, 128640, 23/12/2018 04:20:20, SZB_SANDBOX_GROUP, 14.6, 21.3, 7610.9, 3, 0, 0, 5, 208, 5375, 4690, 3.7, 4460.7, 3180.3
3, 128641, 23/12/2018 04:40:13, SZB_SANDBOX_GROUP, 5.4, 8.6, 7009.6, 2.5, 0, 0, 3, 192, 1262, 737, 0.7, 5263.1, 1148.3
3, 128642, 23/12/2018 05:00:33, SZB_SANDBOX_GROUP, 18.3, 26.4, 17593.8, 5.8, 0, 0, 14, 800, 4306, 5610, 2.3, 4129.6, 3741.2
3, 128643, 23/12/2018 05:20:50, SZB_SANDBOX_GROUP, 13.6, 17.9, 14110.9, 2, 0, 0, 18, 600, 1362, 2385, 2.3, 687.4, 4462.8
3, 128644, 23/12/2018 05:40:04, SZB_SANDBOX_GROUP, 16.1, 23.6, 20503.9, 5.5, 0, 0, 11, 488, 1512, 11835, 2, 822, 3593.5
3, 128645, 23/12/2018 06:00:00, SZB_SANDBOX_GROUP, 19.1, 22.5, 19925.2, 2.6, 0, 0, 83, 1911, 6813, 4034, 0.8, 4382, 990.9
3, 128646, 23/12/2018 06:20:10, SZB_SANDBOX_GROUP, 22.1, 27.5, 26705.5, 3.4, 0, 0, 42, 1028, 5342, 21943, 2, 943.2, 2457.3
3, 128647, 23/12/2018 06:40:13, SZB_SANDBOX_GROUP, 14.9, 22.4, 18008.4, 6.1, 0, 0, 42, 1120, 4441, 7013, 1.4, 887.4, 2257.4
3, 128678, 23/12/2018 17:00:16, SZB_SANDBOX_GROUP, 5.9, 7.6, 2204.4, 1.4, 0, 0, 5, 320, 1728, 1864, 0.3, 2740.8, 300.6
3, 128679, 23/12/2018 17:20:26, SZB_SANDBOX_GROUP, 4.1, 4.4, 166.6, 0, 0, 0, 3, 192, 2085, 912, 0.3, 130.3, 197.4
3, 128680, 23/12/2018 17:40:41, SZB_SANDBOX_GROUP, 4.7, 4.8, 192.7, 0, 0, 0, 4, 256, 1404, 1258, 0.1, 134.2, 97.9
3, 128681, 23/12/2018 18:00:01, SZB_SANDBOX_GROUP, 3.1, 3.3, 229.8, 0, 0, 0, 1, 64, 1641, 841, 0.2, 5225.6, 206.4
3, 128682, 23/12/2018 18:20:01, SZB_SANDBOX_GROUP, 0.3, 0.4, 29.2, 0, 0, 0, 3, 192, 246, 38, 0.1, 20, 47
3, 128683, 23/12/2018 18:40:09, SZB_SANDBOX_GROUP, 0.3, 0.3, 23.1, 0, 0, 0, 3, 192, 310, 46, 0, 14.6, 52.4
3, 128684, 23/12/2018 19:00:08, SZB_SANDBOX_GROUP, 8.7, 9.1, 8212.8, 0.3, 0, 0, 6, 352, 1070, 1785, 0.1, 3819.8, 81
3, 128685, 23/12/2018 19:20:21, SZB_SANDBOX_GROUP, 0.3, 0.6, 224, 0.3, 0, 0, 3, 157, 216, 38, 0, 19.8, 39.1
3, 128686, 23/12/2018 19:40:02, SZB_SANDBOX_GROUP, 0.5, 0.6, 812.8, 0, 0, 0, 1, 64, 217, 93, 0.1, 21.7, 24.4
3, 128687, 23/12/2018 20:00:04, SZB_SANDBOX_GROUP, 3.1, 5.1, 772.9, 1.8, 0, 0, 5, 288, 911, 1138, 0.2, 4033.3, 109.8
3, 128688, 23/12/2018 20:20:07, SZB_SANDBOX_GROUP, 0, 0, 14.4, 0, 0, 0, 0, 0, 59, 0, 0, 0, 0
3, 128689, 23/12/2018 20:40:03, SZB_SANDBOX_GROUP, 0, 0, 7.6, 0, 0, 0, 0, 0, 56, 1, 0, 0, 0
3, 128690, 23/12/2018 21:00:09, SZB_SANDBOX_GROUP, 7.6, 8.3, 7186.6, 0.6, 0, 0, 6, 384, 894, 1537, 0.1, 3921.3, 100.9
3, 128691, 23/12/2018 21:20:15, SZB_SANDBOX_GROUP, 0.1, 0.1, 15.6, 0, 0, 0, 2, 128, 194, 48, 0, 2, 76.3
3, 128692, 23/12/2018 21:40:13, SZB_SANDBOX_GROUP, 1.8, 1.8, 1028.9, 0, 0, 0, 3, 160, 362, 178, 0, 13.6, 209.2
3, 128693, 23/12/2018 22:00:23, SZB_SANDBOX_GROUP, 9.4, 10.6, 8355.2, 1.1, 0, 0, 4, 200, 664, 1721, 0.1, 2004.5, 186.9
3, 128694, 23/12/2018 22:20:27, SZB_SANDBOX_GROUP, 0.5, 0.5, 33.5, 0, 0, 0, 2, 128, 181, 82, 0, 12.3, 106.5
3, 128695, 23/12/2018 22:40:15, SZB_SANDBOX_GROUP, 4.6, 6.1, 877, 1.2, 0, 0, 3, 168, 279, 624, 0.3, 66.8, 2946.6
3, 128696, 23/12/2018 23:00:08, SZB_SANDBOX_GROUP, 6.5, 7.7, 1828.8, 1, 0, 0, 0, 0, 622, 644, 0.2, 2105.6, 489.1
3, 128697, 23/12/2018 23:20:01, SZB_SANDBOX_GROUP, 0.1, 1.8, 33.5, 1.7, 0, 0, 2, 128, 180, 30, 0, 6.4, 60.5
3, 128698, 23/12/2018 23:40:21, SZB_SANDBOX_GROUP, 0.3, 0.4, 17.4, 0.1, 0, 0, 4, 256, 405, 94, 0, 8.3, 111.6
4, 128630, 23/12/2018 01:00:03, ADW_UNLOAD_GROUP, 0, 0, 0, 0, 0, 0, 0, 0, 56, 0, 0, 0, 0
4, 128631, 23/12/2018 01:20:07, ADW_UNLOAD_GROUP, 0, 0, 0, 0, 0, 0, 0, 0, 63, 2, 0, 0, 0
4, 128632, 23/12/2018 01:40:16, ADW_UNLOAD_GROUP, 0, 0, 0, 0, 0, 0, 0, 0, 48, 0, 0, 0, 0
4, 128633, 23/12/2018 02:00:21, ADW_UNLOAD_GROUP, 0, 0, 0, 0, 0, 0, 0, 0, 55, 1, 0, 0, 0
4, 128634, 23/12/2018 02:20:09, ADW_UNLOAD_GROUP, 0, 0, 0, 0, 0, 0, 0, 0, 56, 1, 0, 0, 0
4, 128636, 23/12/2018 03:00:28, ADW_UNLOAD_GROUP, 0, 0, 0, 0, 0, 0, 0, 0, 51, 2, 0, 0, 0
4, 128637, 23/12/2018 03:20:13, ADW_UNLOAD_GROUP, 0, 0, 0, 0, 0, 0, 0, 0, 63, 0, 0, 0, 0
4, 128638, 23/12/2018 03:40:14, ADW_UNLOAD_GROUP, 0, 0, 0, 0, 0, 0, 0, 0, 66, 0, 0, 0, 0
4, 128640, 23/12/2018 04:20:20, ADW_UNLOAD_GROUP, 0, 0, 0, 0, 0, 0, 0, 0, 62, 3, 0, 0, 0
4, 128642, 23/12/2018 05:00:35, ADW_UNLOAD_GROUP, 0, 0, 0, 0, 0, 0, 0, 0, 66, 1, 0, 0, 0
4, 128645, 23/12/2018 06:00:00, ADW_UNLOAD_GROUP, 0, 0, 0, 0, 0, 0, 0, 0, 65, 0, 0, 0, 0
4, 128646, 23/12/2018 06:20:07, ADW_UNLOAD_GROUP, 0, 0, 0, 0, 0, 0, 0, 0, 66, 0, 0, 0, 0
4, 128679, 23/12/2018 17:20:26, ADW_UNLOAD_GROUP, 0, 0, 0, 0, 0, 0, 0, 0, 71, 0, 0, 0, 0
4, 128681, 23/12/2018 18:00:01, ADW_UNLOAD_GROUP, 0, 0, 0, 0, 0, 0, 0, 0, 66, 0, 0, 0, 0
4, 128684, 23/12/2018 19:00:07, ADW_UNLOAD_GROUP, 0.1, 0.2, 117.1, 0, 0, 0, 1, 2, 122, 3, 0.1, 17, 16.3
4, 128686, 23/12/2018 19:40:02, ADW_UNLOAD_GROUP, 0, 0, 0, 0, 0, 0, 0, 0, 68, 0, 0, 0, 0
4, 128689, 23/12/2018 20:40:03, ADW_UNLOAD_GROUP, 0, 0, 0, 0, 0, 0, 0, 0, 58, 0, 0, 0, 0
4, 128691, 23/12/2018 21:20:15, ADW_UNLOAD_GROUP, 0, 0, 0, 0, 0, 0, 0, 0, 56, 0, 0, 0, 0
4, 128693, 23/12/2018 22:00:23, ADW_UNLOAD_GROUP, 0, 0.8, 40.3, 0.8, 0, 0, 0, 0, 56, 0, 0, 0, 0
4, 128696, 23/12/2018 23:00:08, ADW_UNLOAD_GROUP, 0, 0, 0, 0, 0, 0, 0, 0, 57, 0, 0, 0, 0
4, 128627, 23/12/2018 00:00:44, DM_TECH_GROUP, 1.3, 1.9, 735.4, 0.2, 0, 0, 2, 32, 130, 126, 0.4, 237.7, 769.5
4, 128628, 23/12/2018 00:20:05, DM_TECH_GROUP, 6.7, 19.3, 15076.1, 10.8, 47, 1.9, 54, 744, 1007, 4669, 1.8, 557.1, 4035.4
4, 128629, 23/12/2018 00:40:36, DM_TECH_GROUP, 15.7, 49, 30959.3, 27.9, 49, 4.1, 68, 1172, 1528, 13580, 5.4, 610.7, 11512.1
4, 128630, 23/12/2018 01:00:03, DM_TECH_GROUP, 17.4, 52.3, 32934.6, 30.1, 24, 6.6, 3, 48, 290, 14951, 4.8, 935.8, 5704
4, 128631, 23/12/2018 01:20:07, DM_TECH_GROUP, 20.2, 48.4, 25816, 21.3, 34, 7.9, 40, 580, 641, 34785, 6.9, 1003, 9155.1
4, 128632, 23/12/2018 01:40:16, DM_TECH_GROUP, 17.2, 47.8, 21416, 23.7, 141, 5.9, 175, 2728, 3072, 11240, 6.9, 989.3, 11266.7
4, 128633, 23/12/2018 02:00:21, DM_TECH_GROUP, 17.4, 34.4, 32997.7, 10.7, 17, 1, 24, 358, 344, 10335, 6.3, 1076.5, 10975.8
4, 128634, 23/12/2018 02:20:09, DM_TECH_GROUP, 16.8, 33.5, 41928.5, 10.8, 48, 1, 151, 2296, 2801, 16948, 5.9, 1203.1, 11851.6
4, 128635, 23/12/2018 02:40:00, DM_TECH_GROUP, 18.3, 46.7, 41074.6, 24.3, 1, 0, 43, 626, 768, 35051, 4.1, 2021.1, 4737.9
4, 128636, 23/12/2018 03:00:28, DM_TECH_GROUP, 16.4, 33.4, 27870.1, 11.4, 0, 0, 97, 1568, 1762, 14774, 5.6, 1866.3, 8193.1
4, 128637, 23/12/2018 03:20:13, DM_TECH_GROUP, 8.6, 21.3, 12991, 9.5, 0, 0, 54, 818, 1169, 4758, 3.2, 375.4, 1086.3
4, 128638, 23/12/2018 03:40:14, DM_TECH_GROUP, 9.5, 18, 9141.5, 7.6, 0, 0, 53, 786, 908, 2915, 0.9, 653.7, 928.3
4, 128639, 23/12/2018 04:00:09, DM_TECH_GROUP, 5.1, 9.1, 13085.1, 3.8, 0, 0, 106, 1584, 1881, 854, 0.2, 812.4, 344.7
4, 128640, 23/12/2018 04:20:20, DM_TECH_GROUP, 4.5, 5.1, 7475.6, 0.5, 0, 0, 16, 216, 208, 471, 0.1, 291, 63.1
4, 128641, 23/12/2018 04:40:13, DM_TECH_GROUP, 2.8, 5.5, 7442.5, 2.3, 0, 0, 49, 752, 762, 517, 0.4, 248.2, 360.5
4, 128642, 23/12/2018 05:00:35, DM_TECH_GROUP, 2, 5.2, 4776.2, 1.2, 0, 0, 18, 264, 315, 331, 2, 75.7, 508.9
4, 128643, 23/12/2018 05:20:50, DM_TECH_GROUP, 6.1, 10.1, 7945.1, 3.3, 0, 0, 47, 718, 1055, 2415, 0.7, 400.5, 709.2
4, 128644, 23/12/2018 05:40:04, DM_TECH_GROUP, 7.1, 12.8, 8752.4, 4.3, 0, 0, 8, 146, 119, 2007, 1.4, 515.1, 3347.4
4, 128645, 23/12/2018 06:00:00, DM_TECH_GROUP, 4.8, 8.3, 9054.8, 2.4, 0, 0, 3, 50, 43, 522, 1.1, 426.4, 3145.5
4, 128646, 23/12/2018 06:20:07, DM_TECH_GROUP, 3, 4.4, 7414.8, 1.2, 0, 0, 22, 248, 278, 364, 0.2, 146.6, 188.5
4, 128647, 23/12/2018 06:40:13, DM_TECH_GROUP, 3.4, 10, 7516.8, 3.9, 0, 0, 3, 40, 26, 393, 2.7, 133.3, 2546.3
4, 128678, 23/12/2018 17:00:11, DM_TECH_GROUP, 1, 1.2, 1751.6, 0.2, 0, 0, 6, 114, 312, 32, 0, 81.1, 57.5
4, 128679, 23/12/2018 17:20:26, DM_TECH_GROUP, 0.6, 0.7, 9.2, 0, 0, 0, 0, 0, 159, 43, 0.1, 39.3, 303.8
4, 128680, 23/12/2018 17:40:41, DM_TECH_GROUP, 1, 1.2, 24.3, 0.1, 0, 0, 0, 0, 5, 62, 0.1, 6.9, 817.7
4, 128681, 23/12/2018 18:00:01, DM_TECH_GROUP, 0.9, 1.5, 84.7, 0.3, 0, 0, 1, 16, 17, 79, 0.3, 6.8, 550.8
4, 128682, 23/12/2018 18:20:03, DM_TECH_GROUP, 6, 11.9, 8170.8, 4.3, 0, 0, 6, 160, 346, 3964, 1.6, 559.6, 8379.2
4, 128683, 23/12/2018 18:40:09, DM_TECH_GROUP, 2, 3, 15353, 0.8, 0, 0, 6, 144, 89, 497, 0.2, 97.4, 1267
4, 128684, 23/12/2018 19:00:07, DM_TECH_GROUP, 1.3, 1.9, 2768.7, 0.5, 0, 0, 0, 0, 0, 111, 0.1, 45.2, 475.6
4, 128685, 23/12/2018 19:20:21, DM_TECH_GROUP, 0.7, 1.2, 50.1, 0.4, 0, 0, 0, 0, 0, 36, 0.1, 8.4, 542.3
4, 128686, 23/12/2018 19:40:02, DM_TECH_GROUP, 0.8, 1.1, 34.9, 0.2, 0, 0, 0, 0, 0, 39, 0.1, 9.1, 649.5
4, 128687, 23/12/2018 20:00:12, DM_TECH_GROUP, 0.5, 1.2, 28, 0.5, 0, 0, 0, 0, 0, 25, 0.2, 6.1, 293.1
4, 128688, 23/12/2018 20:20:07, DM_TECH_GROUP, 0.8, 1.1, 43.6, 0.2, 0, 0, 0, 0, 0, 42, 0.1, 7.6, 434.7
4, 128689, 23/12/2018 20:40:03, DM_TECH_GROUP, 0.6, 0.8, 53.7, 0.2, 0, 0, 0, 0, 0, 13, 0, 5.6, 187.6
4, 128690, 23/12/2018 21:00:09, DM_TECH_GROUP, 0.6, 0.9, 39.2, 0.2, 0, 0, 1, 3, 4, 37, 0.1, 4.8, 146.8
4, 128691, 23/12/2018 21:20:15, DM_TECH_GROUP, 0.4, 0.5, 27.9, 0.1, 0, 0, 0, 0, 0, 12, 0, 5.5, 127.4
4, 128692, 23/12/2018 21:40:13, DM_TECH_GROUP, 0.4, 0.4, 106, 0, 0, 0, 3, 56, 52, 8, 0, 10.4, 129.1
4, 128693, 23/12/2018 22:00:23, DM_TECH_GROUP, 0.5, 0.7, 41.7, 0.1, 0, 0, 6, 100, 333, 10, 0.1, 14.4, 207.7
4, 128694, 23/12/2018 22:20:27, DM_TECH_GROUP, 3.7, 9.2, 7081.1, 4.9, 0, 0, 7, 208, 430, 1711, 0.6, 538.5, 2197.3
4, 128695, 23/12/2018 22:40:15, DM_TECH_GROUP, 2.9, 6.4, 17751.2, 3.1, 0, 0, 6, 144, 109, 702, 0.4, 316.3, 6090.6
4, 128696, 23/12/2018 23:00:08, DM_TECH_GROUP, 1.1, 1.3, 3828.3, 0.1, 0, 0, 0, 0, 0, 124, 0.1, 47.6, 130.9
4, 128697, 23/12/2018 23:20:01, DM_TECH_GROUP, 0.3, 0.5, 25.6, 0.2, 0, 0, 0, 0, 0, 7, 0, 4.7, 116.8
4, 128698, 23/12/2018 23:40:21, DM_TECH_GROUP, 0.2, 0.3, 27.4, 0.1, 0, 0, 1, 6, 0, 4, 0, 4.3, 57.9
4, 128627, 23/12/2018 00:00:44, ODS_SUPPORT_GROUP, 0, 0, 0, 0, 0, 0, 0, 0, 5, 0, 0, 0, 0
4, 128628, 23/12/2018 00:20:05, ODS_SUPPORT_GROUP, 0, 0, None, 0, 0, 0, 0, 0, 6, 0, 0, 0, 0
4, 128629, 23/12/2018 00:40:36, ODS_SUPPORT_GROUP, 0, 0, None, 0, 0, 0, 0, 0, 6, 0, 0, 0, 0
4, 128630, 23/12/2018 01:00:03, ODS_SUPPORT_GROUP, 0, 0, None, 0, 0, 0, 0, 0, 6, 0, 0, 0, 0
4, 128631, 23/12/2018 01:20:07, ODS_SUPPORT_GROUP, 0, 0, None, 0, 0, 0, 0, 0, 6, 0, 0, 0, 0
4, 128632, 23/12/2018 01:40:16, ODS_SUPPORT_GROUP, 0, 0.1, 8.9, 0.1, 0, 0, 0, 0, 27, 7, 0, 3.9, 0.4
4, 128633, 23/12/2018 02:00:21, ODS_SUPPORT_GROUP, 0.4, 0.9, 70.4, 0.3, 0, 0, 2, 8, 6, 117, 0.2, 121.6, 15.4
4, 128634, 23/12/2018 02:20:09, ODS_SUPPORT_GROUP, 0.1, 0.2, 3.5, 0.1, 0, 0, 0, 0, 10, 11, 0, 1.8, 1.9
4, 128635, 23/12/2018 02:40:00, ODS_SUPPORT_GROUP, 0.4, 0.8, 77.9, 0.4, 0, 0, 0, 0, 8, 103, 0, 2091.9, 120.2
4, 128636, 23/12/2018 03:00:28, ODS_SUPPORT_GROUP, 0.3, 0.9, 84.7, 0.4, 0, 0, 0, 0, 6, 48, 0.2, 8.6, 429.3
4, 128637, 23/12/2018 03:20:13, ODS_SUPPORT_GROUP, 0.1, 0.8, 80.3, 0.2, 0, 0, 0, 0, 6, 10, 0.5, 4.5, 242.7
4, 128638, 23/12/2018 03:40:14, ODS_SUPPORT_GROUP, 0.3, 0.9, 86.8, 0.4, 0, 0, 0, 0, 6, 24, 0.2, 13.8, 719.1
4, 128639, 23/12/2018 04:00:09, ODS_SUPPORT_GROUP, 0.5, 0.9, 81.8, 0, 0, 0, 0, 0, 6, 73, 0.4, 411.8, 936.4
4, 128640, 23/12/2018 04:20:20, ODS_SUPPORT_GROUP, 0.6, 0.9, 67.4, 0.1, 0, 0, 0, 0, 7, 153, 0.2, 1998.6, 472.4
4, 128641, 23/12/2018 04:40:13, ODS_SUPPORT_GROUP, 0.3, 0.3, 24.1, 0, 0, 0, 1, 2, 4, 66, 0, 1411.3, 91.9
4, 128642, 23/12/2018 05:00:35, ODS_SUPPORT_GROUP, 0, 0, None, 0, 0, 0, 0, 0, 5, 0, 0, 0, 0
4, 128643, 23/12/2018 05:20:50, ODS_SUPPORT_GROUP, 0, 0, None, 0, 0, 0, 0, 0, 4, 0, 0, 0, 0
4, 128644, 23/12/2018 05:40:04, ODS_SUPPORT_GROUP, 0, 0, 0, 0, 0, 0, 0, 0, 4, 0, 0, 0, 0
4, 128645, 23/12/2018 06:00:00, ODS_SUPPORT_GROUP, 0, 0.1, 5.9, 0.1, 0, 0, 1, 4, 12, 4, 0, 109.5, 7.9
4, 128646, 23/12/2018 06:20:07, ODS_SUPPORT_GROUP, 0.1, 0.4, 2.7, 0.1, 0, 0, 0, 0, 5, 10, 0.2, 1.7, 40.3
4, 128647, 23/12/2018 06:40:13, ODS_SUPPORT_GROUP, 0.1, 0.4, 2.8, 0.2, 0, 0, 0, 0, 3, 12, 0.1, 1.5, 10.7
4, 128678, 23/12/2018 17:00:11, ODS_SUPPORT_GROUP, 0, 0, None, 0, 0, 0, 0, 0, 6, 0, 0, 0, 0
4, 128679, 23/12/2018 17:20:26, ODS_SUPPORT_GROUP, 0, 0, None, 0, 0, 0, 0, 0, 6, 0, 0, 0, 0
4, 128680, 23/12/2018 17:40:41, ODS_SUPPORT_GROUP, 0, 0, None, 0, 0, 0, 0, 0, 6, 0, 0, 0, 0
4, 128681, 23/12/2018 18:00:01, ODS_SUPPORT_GROUP, 0, 0, 0, 0, 0, 0, 0, 0, 5, 0, 0, 0, 0
4, 128682, 23/12/2018 18:20:03, ODS_SUPPORT_GROUP, 0, 0, None, 0, 0, 0, 0, 0, 4, 0, 0, 0, 0
4, 128683, 23/12/2018 18:40:09, ODS_SUPPORT_GROUP, 0, 0, None, 0, 0, 0, 0, 0, 4, 0, 0, 0, 0
4, 128684, 23/12/2018 19:00:07, ODS_SUPPORT_GROUP, 0, 0, None, 0, 0, 0, 0, 0, 4, 0, 0, 0, 0
4, 128685, 23/12/2018 19:20:21, ODS_SUPPORT_GROUP, 0, 0, None, 0, 0, 0, 0, 0, 4, 0, 0, 0, 0
4, 128686, 23/12/2018 19:40:02, ODS_SUPPORT_GROUP, 0, 0, None, 0, 0, 0, 0, 0, 4, 0, 0, 0, 0
4, 128687, 23/12/2018 20:00:12, ODS_SUPPORT_GROUP, 0, 0, None, 0, 0, 0, 0, 0, 4, 0, 0, 0, 0
4, 128688, 23/12/2018 20:20:07, ODS_SUPPORT_GROUP, 0, 0, None, 0, 0, 0, 0, 0, 6, 0, 0, 0, 0
4, 128689, 23/12/2018 20:40:03, ODS_SUPPORT_GROUP, 0, 0, None, 0, 0, 0, 0, 0, 6, 0, 0, 0, 0
4, 128690, 23/12/2018 21:00:09, ODS_SUPPORT_GROUP, 0, 0, 0, 0, 0, 0, 0, 0, 6, 0, 0, 0, 0
4, 128691, 23/12/2018 21:20:15, ODS_SUPPORT_GROUP, 0, 0, None, 0, 0, 0, 0, 0, 6, 0, 0, 0, 0
4, 128692, 23/12/2018 21:40:13, ODS_SUPPORT_GROUP, 0, 0, None, 0, 0, 0, 0, 0, 6, 0, 0, 0, 0
4, 128693, 23/12/2018 22:00:23, ODS_SUPPORT_GROUP, 0, 0, None, 0, 0, 0, 0, 0, 6, 0, 0, 0, 0
4, 128694, 23/12/2018 22:20:27, ODS_SUPPORT_GROUP, 0, 0, None, 0, 0, 0, 0, 0, 6, 0, 0, 0, 0
4, 128695, 23/12/2018 22:40:15, ODS_SUPPORT_GROUP, 0, 0, None, 0, 0, 0, 0, 0, 5, 0, 0, 0, 0
4, 128696, 23/12/2018 23:00:08, ODS_SUPPORT_GROUP, 0, 0, None, 0, 0, 0, 0, 0, 5, 0, 0, 0, 0
4, 128697, 23/12/2018 23:20:01, ODS_SUPPORT_GROUP, 0, 0, None, 0, 0, 0, 0, 0, 6, 0, 0, 0, 0
4, 128698, 23/12/2018 23:40:21, ODS_SUPPORT_GROUP, 0, 0, None, 0, 0, 0, 0, 0, 5, 0, 0, 0, 0
4, 128627, 23/12/2018 00:00:44, OTHER_GROUPS, 10.7, 34.4, 31660, 22.7, 0, 0, 73, 292, 1637, 1816, 1, 2779.2, 426.9
4, 128628, 23/12/2018 00:20:05, OTHER_GROUPS, 17.1, 91.6, 29531, 73.4, 0, 0, 204, 1060, 2538, 7388, 1.1, 5861.5, 485.3
4, 128629, 23/12/2018 00:40:36, OTHER_GROUPS, 16.6, 84.4, 20681.3, 66.8, 0, 0, 93, 596, 1492, 7071, 1, 3433.2, 313.1
4, 128630, 23/12/2018 01:00:03, OTHER_GROUPS, 18.1, 83.4, 21453.7, 64, 0, 0, 164, 1308, 3043, 10287, 1.3, 2824.2, 274.9
4, 128631, 23/12/2018 01:20:07, OTHER_GROUPS, 16.1, 70.6, 20548.3, 53.6, 0, 0, 51, 392, 1654, 7683, 0.9, 2416.7, 321
4, 128632, 23/12/2018 01:40:16, OTHER_GROUPS, 12.3, 59.7, 19482.7, 46.6, 0, 0, 7, 44, 1257, 4851, 0.8, 1870.3, 405
4, 128633, 23/12/2018 02:00:21, OTHER_GROUPS, 13.3, 66, 22885, 51.8, 0, 0, 14, 104, 1576, 5860, 0.9, 1582.3, 311.6
4, 128634, 23/12/2018 02:20:09, OTHER_GROUPS, 12.7, 45.1, 20579.5, 31.7, 0, 0, 14, 56, 1612, 5015, 0.7, 1730.4, 178.9
4, 128635, 23/12/2018 02:40:00, OTHER_GROUPS, 10.2, 34.2, 18814.1, 23, 0, 0, 27, 108, 793, 2585, 1, 1416.7, 310.1
4, 128636, 23/12/2018 03:00:28, OTHER_GROUPS, 9.3, 32.6, 26302.5, 22.6, 0, 0, 0, 0, 671, 4101, 0.7, 750.3, 252.3
4, 128637, 23/12/2018 03:20:13, OTHER_GROUPS, 8.2, 29.5, 28086.5, 20.4, 0, 0, 0, 0, 661, 1629, 0.9, 811.4, 217.3
4, 128638, 23/12/2018 03:40:14, OTHER_GROUPS, 9.4, 29.8, 23754.1, 19.6, 0, 0, 0, 0, 628, 1704, 0.8, 1102, 345.9
4, 128639, 23/12/2018 04:00:09, OTHER_GROUPS, 12.7, 25.5, 49237.4, 11.7, 0, 0, 0, 0, 799, 3151, 1.1, 1634.4, 249.2
4, 128640, 23/12/2018 04:20:20, OTHER_GROUPS, 34.9, 44.3, 57636.8, 8.1, 0, 0, 42, 312, 1213, 27389, 1.3, 4588.5, 275.4
4, 128641, 23/12/2018 04:40:13, OTHER_GROUPS, 38.6, 45.4, 57609.6, 5.6, 0, 0, 4, 32, 639, 35005, 1.2, 2482.9, 197
4, 128642, 23/12/2018 05:00:35, OTHER_GROUPS, 25.1, 33.9, 35053.1, 7.7, 0, 0, 6, 48, 725, 13896, 1.1, 2025.7, 358.8
4, 128643, 23/12/2018 05:20:50, OTHER_GROUPS, 20.8, 30.2, 19119.8, 8.6, 0, 0, 0, 0, 627, 8636, 0.8, 1752.6, 383.8
4, 128644, 23/12/2018 05:40:04, OTHER_GROUPS, 18.4, 27.7, 20129.6, 8.6, 0, 0, 5, 40, 585, 7871, 0.7, 2026, 247.5
4, 128645, 23/12/2018 06:00:00, OTHER_GROUPS, 9.2, 27.8, 21402.3, 17.9, 0, 0, 0, 0, 562, 1600, 0.7, 1506.5, 143.3
4, 128646, 23/12/2018 06:20:07, OTHER_GROUPS, 9.2, 26.4, 28538.9, 16.4, 0, 0, 0, 0, 726, 1215, 0.8, 1133.4, 185.3
4, 128647, 23/12/2018 06:40:13, OTHER_GROUPS, 10, 31.3, 30253.2, 20.4, 0, 0, 5, 224, 2111, 1986, 0.9, 1245, 397.8
4, 128648, 23/12/2018 07:00:18, OTHER_GROUPS, 47.1, 54.7, 42365.3, 0, 0, 0, 84, 3375, 5086, 31654, 7.6, 6028.6, 11542.5
4, 128649, 23/12/2018 07:20:17, OTHER_GROUPS, 39.2, 48.7, 14180.4, 3.9, 2, 0, 53, 1576, 3285, 27050, 5.6, 4368.9, 10698.2
4, 128650, 23/12/2018 07:40:12, OTHER_GROUPS, 82.3, 106, 39426.3, 10.1, 35, 6.3, 30, 1111, 3146, 337432, 13.6, 4318.5, 14260.8
4, 128651, 23/12/2018 08:00:21, OTHER_GROUPS, 45, 94.8, 32086.2, 44.9, 47, 13.7, 122, 2234, 4604, 43681, 4.9, 5904.6, 8626.6
4, 128652, 23/12/2018 08:20:03, OTHER_GROUPS, 78.7, 143, 61209, 57.5, 46, 2.8, 201, 4060, 4989, 246725, 6.8, 9337.4, 6321.8
4, 128653, 23/12/2018 08:40:00, OTHER_GROUPS, 51.2, 119.7, 64391.1, 63.1, 8, 0, 128, 2894, 4787, 50066, 5.4, 5361.9, 6247.3
4, 128654, 23/12/2018 09:00:15, OTHER_GROUPS, 59.1, 93.3, 56252.2, 30.2, 1, 0, 151, 3497, 5130, 63560, 4, 7325.8, 4060.4
4, 128655, 23/12/2018 09:20:31, OTHER_GROUPS, 65.7, 70.2, 40970.7, 0, 0, 0, 198, 4750, 9505, 87466, 4.5, 7343.1, 4442.6
4, 128656, 23/12/2018 09:40:08, OTHER_GROUPS, 62.7, 72.9, 30319.7, 1.5, 0, 0, 144, 4505, 5716, 77069, 8.7, 6900.6, 6968.6
4, 128657, 23/12/2018 10:00:02, OTHER_GROUPS, 63.7, 83.2, 45194.5, 7.5, 0, 0, 255, 13115, 15440, 55655, 12, 7765.9, 8522.8
4, 128658, 23/12/2018 10:20:07, OTHER_GROUPS, 62.6, 74.3, 36321, 0, 0, 0, 617, 33706, 35595, 87659, 11.7, 6603.3, 6552.5
4, 128659, 23/12/2018 10:40:07, OTHER_GROUPS, 64.9, 75.2, 80338.2, 0.9, 0, 0, 671, 39239, 40741, 55471, 9.4, 5663.5, 4633.8
4, 128660, 23/12/2018 11:00:11, OTHER_GROUPS, 86.4, 94.8, 57816.9, 0, 0, 0, 481, 28803, 30723, 229061, 8.4, 7854.7, 2820.4
4, 128661, 23/12/2018 11:20:16, OTHER_GROUPS, 44.4, 52.5, 22578.8, 0, 0, 0, 857, 53024, 54036, 34824, 8.1, 4410.8, 3857.8
4, 128662, 23/12/2018 11:40:26, OTHER_GROUPS, 29, 37.8, 32912.9, 0, 0, 0, 795, 48859, 50209, 13747, 8.8, 4279.5, 4246.9
4, 128663, 23/12/2018 12:00:03, OTHER_GROUPS, 59.1, 66.9, 71531.8, 0, 0, 0, 716, 33007, 34886, 47872, 7.8, 9191.4, 3232.5
4, 128664, 23/12/2018 12:20:23, OTHER_GROUPS, 38.3, 46.2, 45609.4, 0, 0, 0, 793, 50296, 51463, 19487, 7.9, 3008.3, 4872.9
4, 128665, 23/12/2018 12:40:09, OTHER_GROUPS, 33.2, 40.8, 42319.9, 0, 0, 0, 871, 43061, 44231, 13530, 7.6, 5331.6, 3777.2
4, 128666, 23/12/2018 13:00:06, OTHER_GROUPS, 35.3, 43.1, 30747.1, 0, 1, 0, 812, 44752, 46203, 18417, 7.8, 9466.1, 3714.8
4, 128667, 23/12/2018 13:20:13, OTHER_GROUPS, 37.1, 45.5, 39684.6, 1.7, 2, 0, 767, 45031, 46348, 28884, 6.7, 8071.7, 7360.4
4, 128668, 23/12/2018 13:40:11, OTHER_GROUPS, 42.2, 50.9, 56130.2, 0, 0, 0, 903, 56580, 57369, 34058, 8.7, 5600.1, 12204.2
4, 128669, 23/12/2018 14:00:02, OTHER_GROUPS, 46.6, 53.2, 42930.4, 0, 0, 0, 765, 47791, 49038, 30055, 6.6, 6022.5, 4807.9
4, 128670, 23/12/2018 14:20:19, OTHER_GROUPS, 30.3, 36, 34292.9, 0, 0, 0, 878, 55249, 56209, 13942, 5.7, 5755.9, 6031
4, 128671, 23/12/2018 14:40:04, OTHER_GROUPS, 37.9, 42.3, 37449.3, 0, 1, 0, 1247, 79375, 81110, 18424, 4.4, 3695.7, 2259.7
4, 128672, 23/12/2018 15:00:07, OTHER_GROUPS, 38.6, 43, 52362.8, 0, 1, 0, 336, 21137, 25997, 21783, 4.4, 5396.1, 4252.5
4, 128673, 23/12/2018 15:20:10, OTHER_GROUPS, 26.2, 29.5, 52672.2, 0, 0, 0, 208, 12911, 14873, 7813, 3.3, 2517.4, 2337.5
4, 128674, 23/12/2018 15:40:04, OTHER_GROUPS, 23.8, 26.7, 28256.2, 0, 0, 0, 671, 42399, 44579, 6775, 2.9, 1925.2, 1564.4
4, 128675, 23/12/2018 16:00:10, OTHER_GROUPS, 20.6, 26, 9339.1, 0, 0, 0, 1745, 110155, 107213, 9443, 5.4, 4342.3, 8829.7
4, 128676, 23/12/2018 16:20:21, OTHER_GROUPS, 12.8, 15.4, 4317.5, 0, 0, 0, 96, 4274, 5373, 2236, 2.6, 5063, 2236
4, 128677, 23/12/2018 16:40:08, OTHER_GROUPS, 10.8, 12.8, 3897.3, 0, 0, 0, 16, 607, 1602, 1187, 2, 2788.9, 2207.1
4, 128678, 23/12/2018 17:00:11, OTHER_GROUPS, 9.2, 10.9, 17213.4, 0.4, 0, 0, 0, 0, 828, 874, 1.3, 1341.1, 377.8
4, 128679, 23/12/2018 17:20:26, OTHER_GROUPS, 9.2, 11.2, 16855.4, 0.9, 0, 0, 0, 0, 881, 738, 1.1, 1449.5, 483.8
4, 128680, 23/12/2018 17:40:41, OTHER_GROUPS, 9.1, 10.3, 16817.8, 0, 0, 0, 0, 0, 645, 614, 1.2, 2081.7, 200.8
4, 128681, 23/12/2018 18:00:01, OTHER_GROUPS, 9.3, 21.4, 35048.4, 10.9, 0, 0, 0, 0, 820, 1163, 1.2, 1215.7, 392.9
4, 128682, 23/12/2018 18:20:03, OTHER_GROUPS, 9.3, 12.7, 26081.4, 2.1, 0, 0, 0, 0, 634, 1092, 1.3, 1654.6, 455.9
4, 128683, 23/12/2018 18:40:09, OTHER_GROUPS, 9.4, 10.8, 17853.8, 0, 0, 0, 0, 0, 624, 693, 1.4, 1832.5, 213.3
4, 128684, 23/12/2018 19:00:07, OTHER_GROUPS, 11.8, 14.5, 19821, 1.5, 0, 0, 3, 64, 952, 1532, 1.2, 2480.6, 445.1
4, 128685, 23/12/2018 19:20:21, OTHER_GROUPS, 11.8, 14.6, 19960.2, 1.6, 0, 0, 4, 48, 880, 1742, 1.2, 2822.3, 429.8
4, 128686, 23/12/2018 19:40:02, OTHER_GROUPS, 9.4, 11.6, 17573.5, 1.2, 0, 0, 3, 40, 643, 803, 1, 2188.8, 292.7
4, 128687, 23/12/2018 20:00:12, OTHER_GROUPS, 9.1, 11.8, 16657.7, 1.5, 0, 0, 0, 0, 718, 831, 1.2, 1383.3, 308.3
4, 128688, 23/12/2018 20:20:07, OTHER_GROUPS, 9.2, 11.6, 17782.7, 1.2, 0, 0, 0, 0, 713, 767, 1.2, 1792.5, 523.7
4, 128689, 23/12/2018 20:40:03, OTHER_GROUPS, 9.1, 10.7, 17366.2, 0.2, 0, 0, 0, 0, 588, 620, 1.4, 1793.8, 242.1
4, 128690, 23/12/2018 21:00:09, OTHER_GROUPS, 9.2, 20.9, 32260.2, 10.7, 0, 0, 0, 0, 586, 1667, 1, 1245.7, 387.8
4, 128691, 23/12/2018 21:20:15, OTHER_GROUPS, 9.3, 12.1, 24794.7, 1.7, 0, 0, 0, 0, 686, 893, 1.1, 1505.1, 423.7
4, 128692, 23/12/2018 21:40:13, OTHER_GROUPS, 9.1, 10.2, 16629.7, 0, 0, 0, 0, 0, 741, 478, 1.1, 1667.8, 179.5
4, 128693, 23/12/2018 22:00:23, OTHER_GROUPS, 9.8, 13.1, 17225.8, 1.7, 0, 0, 2, 8, 654, 834, 1.6, 1908.8, 586.6
4, 128694, 23/12/2018 22:20:27, OTHER_GROUPS, 9.3, 12.9, 18499.4, 2.2, 0, 0, 0, 0, 682, 898, 1.4, 1571.3, 598.1
4, 128695, 23/12/2018 22:40:15, OTHER_GROUPS, 9.1, 11.2, 16231.1, 0.9, 0, 0, 0, 0, 622, 597, 1.2, 1651.5, 602.3
4, 128696, 23/12/2018 23:00:08, OTHER_GROUPS, 9.2, 11.6, 17466.7, 1.2, 0, 0, 0, 0, 747, 883, 1.2, 1572.9, 448
4, 128697, 23/12/2018 23:20:01, OTHER_GROUPS, 2.7, 5.9, 8798.9, 2.7, 0, 0, 0, 0, 706, 159, 0.5, 541.9, 314.7
4, 128698, 23/12/2018 23:40:21, OTHER_GROUPS, 0.2, 2.7, 4839, 2.5, 0, 0, 0, 0, 572, 2, 0, 5.1, 39.2
4, 128627, 23/12/2018 00:00:44, SZB_SANDBOX_GROUP, 3, 3.5, 2243.7, 0.2, 0, 0, 13, 719, 1158, 428, 0.3, 2034.3, 316.6
4, 128628, 23/12/2018 00:20:05, SZB_SANDBOX_GROUP, 4, 4.2, 2870.3, 0, 0, 0, 25, 799, 956, 421, 0.2, 414.2, 267.5
4, 128629, 23/12/2018 00:40:36, SZB_SANDBOX_GROUP, 1.8, 2.8, 1550.9, 0.9, 0, 0, 3, 143, 299, 252, 0.1, 89.6, 34.9
4, 128630, 23/12/2018 01:00:03, SZB_SANDBOX_GROUP, 6.5, 10.1, 8808.5, 3.4, 0, 0, 9, 463, 1002, 1243, 0.2, 2185.6, 177.2
4, 128631, 23/12/2018 01:20:07, SZB_SANDBOX_GROUP, 10.1, 10.4, 6333.1, 0, 0, 0, 7, 354, 230, 2802, 0.3, 289.6, 206.3
4, 128632, 23/12/2018 01:40:16, SZB_SANDBOX_GROUP, 1.7, 3.1, 1449.2, 1.3, 0, 0, 7, 250, 360, 289, 0.1, 203.2, 124.3
4, 128633, 23/12/2018 02:00:21, SZB_SANDBOX_GROUP, 12.5, 16.9, 3787, 3.1, 0, 0, 8, 345, 2570, 4349, 1.3, 2289.1, 2381.5
4, 128634, 23/12/2018 02:20:09, SZB_SANDBOX_GROUP, 3.5, 4.6, 1698.4, 0.7, 0, 0, 8, 371, 755, 641, 0.4, 115, 907.7
4, 128635, 23/12/2018 02:40:00, SZB_SANDBOX_GROUP, 1.8, 5.6, 1502.5, 3.6, 0, 0, 6, 260, 384, 268, 0.2, 189, 471.9
4, 128636, 23/12/2018 03:00:28, SZB_SANDBOX_GROUP, 21.1, 27.7, 8946.7, 5.5, 0, 0, 7, 303, 5389, 18515, 1.1, 13970.7, 843.4
4, 128637, 23/12/2018 03:20:13, SZB_SANDBOX_GROUP, 14.5, 47, 13018.3, 29.6, 0, 0, 4, 224, 2098, 6859, 2.9, 14813.1, 384
4, 128638, 23/12/2018 03:40:14, SZB_SANDBOX_GROUP, 9.1, 11.2, 9023.9, 0.9, 0, 0, 10, 463, 3185, 2109, 1.2, 1361.3, 920.1
4, 128639, 23/12/2018 04:00:09, SZB_SANDBOX_GROUP, 16.2, 25.7, 10828.9, 7.9, 0, 0, 15, 847, 2465, 7673, 1.6, 2919.2, 1436.4
4, 128640, 23/12/2018 04:20:20, SZB_SANDBOX_GROUP, 17.9, 25.5, 11393.2, 3.2, 0, 0, 17, 1007, 3723, 8802, 4.4, 582, 4607.4
4, 128641, 23/12/2018 04:40:13, SZB_SANDBOX_GROUP, 10.4, 13.4, 6349.5, 1.7, 0, 0, 11, 591, 7858, 2662, 1.3, 465, 1434.2
4, 128642, 23/12/2018 05:00:35, SZB_SANDBOX_GROUP, 8.7, 13.5, 7420.8, 3.7, 0, 0, 9, 431, 2864, 1753, 1.1, 2495.4, 1331.5
4, 128643, 23/12/2018 05:20:50, SZB_SANDBOX_GROUP, 11, 12.2, 6667.9, 0, 0, 0, 34, 1180, 2284, 2447, 1.2, 489.1, 964.8
4, 128644, 23/12/2018 05:40:04, SZB_SANDBOX_GROUP, 15.6, 18.3, 11034.4, 1.5, 0, 0, 42, 2031, 4175, 6997, 1.2, 1000.7, 1624.6
4, 128645, 23/12/2018 06:00:00, SZB_SANDBOX_GROUP, 11.1, 11.4, 12073.4, 0, 0, 0, 17, 885, 2877, 3812, 0.3, 2184.6, 453
4, 128646, 23/12/2018 06:20:07, SZB_SANDBOX_GROUP, 11.7, 13, 15200.3, 0.9, 0, 0, 11, 527, 1826, 3396, 0.4, 749.7, 414.6
4, 128647, 23/12/2018 06:40:13, SZB_SANDBOX_GROUP, 9.7, 15.3, 11667.9, 3.4, 0, 0, 39, 1504, 4537, 2899, 2.2, 777, 3559.5
4, 128678, 23/12/2018 17:00:11, SZB_SANDBOX_GROUP, 7, 7.6, 10655.3, 0.5, 0, 0, 7, 416, 815, 610, 0.1, 922.7, 307.3
4, 128679, 23/12/2018 17:20:26, SZB_SANDBOX_GROUP, 4.2, 7.3, 5974.6, 2.7, 0, 0, 11, 176, 3253, 1181, 0.4, 156.2, 1437.9
4, 128680, 23/12/2018 17:40:41, SZB_SANDBOX_GROUP, 1.1, 1.3, 1946.6, 0.2, 0, 0, 1, 16, 21223, 17, 0, 4.5, 556.3
4, 128681, 23/12/2018 18:00:01, SZB_SANDBOX_GROUP, 11.2, 12.2, 13529.8, 0.7, 0, 0, 9, 544, 1057, 1508, 0.3, 2106.4, 463.9
4, 128682, 23/12/2018 18:20:03, SZB_SANDBOX_GROUP, 1, 1.3, 3013.8, 0.2, 0, 0, 0, 0, 107, 21, 0.1, 3.4, 419.6
4, 128683, 23/12/2018 18:40:09, SZB_SANDBOX_GROUP, 0.8, 1.2, 2700.6, 0.3, 0, 0, 2, 128, 133, 9, 0.1, 28.6, 632.9
4, 128684, 23/12/2018 19:00:07, SZB_SANDBOX_GROUP, 2, 2.6, 3925.6, 0.3, 0, 0, 5, 288, 937, 116, 0.3, 1817.7, 608.1
4, 128685, 23/12/2018 19:20:21, SZB_SANDBOX_GROUP, 1.4, 1.8, 3369.2, 0.3, 0, 0, 1, 64, 142, 27, 0.1, 13.6, 579.6
4, 128686, 23/12/2018 19:40:02, SZB_SANDBOX_GROUP, 3.3, 3.5, 3621.6, 0, 0, 0, 7, 352, 769, 279, 0.2, 143.9, 762
4, 128687, 23/12/2018 20:00:12, SZB_SANDBOX_GROUP, 8.7, 14.1, 12220.3, 4.9, 0, 0, 10, 608, 1342, 778, 0.5, 5953.9, 558.2
4, 128688, 23/12/2018 20:20:07, SZB_SANDBOX_GROUP, 2.2, 2.4, 1511, 0, 0, 0, 17, 1088, 1284, 157, 0.2, 54.7, 613.6
4, 128689, 23/12/2018 20:40:03, SZB_SANDBOX_GROUP, 1.5, 1.9, 1252.3, 0.2, 0, 0, 10, 640, 825, 128, 0.2, 55.4, 788.2
4, 128690, 23/12/2018 21:00:09, SZB_SANDBOX_GROUP, 17.7, 18.7, 6546.4, 0, 0, 0, 108, 6304, 7962, 1945, 1, 2397, 1160.3
4, 128691, 23/12/2018 21:20:15, SZB_SANDBOX_GROUP, 10.3, 10.7, 3870.5, 0, 0, 0, 76, 3904, 5633, 783, 0.4, 2100.3, 1259.2
4, 128692, 23/12/2018 21:40:13, SZB_SANDBOX_GROUP, 1.6, 1.7, 132.2, 0, 0, 0, 11, 495, 744, 112, 0.1, 139.7, 967.4
4, 128693, 23/12/2018 22:00:23, SZB_SANDBOX_GROUP, 2.6, 2.8, 448.9, 0, 0, 0, 8, 431, 892, 364, 0.2, 1592.3, 866
4, 128694, 23/12/2018 22:20:27, SZB_SANDBOX_GROUP, 0.9, 1.3, 167.8, 0.3, 0, 0, 4, 175, 190, 43, 0.1, 64.3, 1001.1
4, 128695, 23/12/2018 22:40:15, SZB_SANDBOX_GROUP, 1.1, 1.2, 84.7, 0, 0, 0, 4, 224, 313, 59, 0.1, 55.5, 825.3
4, 128696, 23/12/2018 23:00:08, SZB_SANDBOX_GROUP, 10.6, 10.9, 7966.1, 0, 0, 0, 12, 655, 1553, 1326, 0.3, 1990.4, 801.4
4, 128697, 23/12/2018 23:20:01, SZB_SANDBOX_GROUP, 7.7, 11.8, 1166, 4, 0, 0, 4, 175, 348, 1068, 0.1, 142.2, 1111.9
4, 128698, 23/12/2018 23:40:21, SZB_SANDBOX_GROUP, 5.1, 5.5, 1189, 0.4, 0, 0, 3, 111, 304, 423, 0, 134.4, 203.7
