INSTANCE_NUMBER, SNAP_ID, T_BEG, USR_GROUP, CPU, DBTIME, PGA, OTH_WAIT, PXENQ, PXQTIME, PXQRY, PXREL, REQS, YIELDS, IOWAIT, READ, WRITE
1, 128355, 19/12/2018 00:55:28, ADW_UNLOAD_GROUP, 5, 17.6, 1568, 8.4, 0, 0, 11, 126, 1267, 2106, 4.2, 2489.1, 4585.5
1, 128356, 19/12/2018 01:20:44, ADW_UNLOAD_GROUP, 3.3, 6.1, 1626.8, 0, 1, 0, 15, 142, 935, 1098, 2.8, 1287.2, 3800.4
1, 128357, 19/12/2018 01:40:46, ADW_UNLOAD_GROUP, 1.5, 4.9, 493.7, 2.4, 0, 0, 7, 40, 561, 243, 1, 122.1, 2432.5
1, 128358, 19/12/2018 02:00:50, ADW_UNLOAD_GROUP, 2.4, 7.4, 1293.7, 4, 0, 0, 6, 40, 717, 669, 1, 312, 2019.7
1, 128359, 19/12/2018 02:20:53, ADW_UNLOAD_GROUP, 13.5, 40.2, 14929.5, 24.5, 0, 0, 28, 280, 1679, 10380, 2.2, 3294.9, 4451.4
1, 128360, 19/12/2018 02:40:59, ADW_UNLOAD_GROUP, 34.8, 36.7, 8602.7, 0, 0, 0, 35, 400, 1354, 26022, 1.9, 4973.6, 2874.6
1, 128361, 19/12/2018 02:56:00, ADW_UNLOAD_GROUP, 19.8, 22.9, 11032.6, 0, 1, 0, 61, 745, 2802, 47970, 3.1, 2887.7, 3404.7
1, 128362, 19/12/2018 03:39:52, ADW_UNLOAD_GROUP, 2.3, 2.9, 2101.3, 0, 0, 0, 5, 44, 524, 238, 0.6, 101, 1583.3
1, 128364, 19/12/2018 04:02:42, ADW_UNLOAD_GROUP, 0.3, 0.3, 0, 0, 0, 0, 1, 16, 137, 10, 0, 8, 0
1, 128365, 19/12/2018 04:20:10, ADW_UNLOAD_GROUP, 0, 0, 0, 0, 0, 0, 0, 0, 245, 0, 0, 0, 0
1, 128366, 19/12/2018 04:40:32, ADW_UNLOAD_GROUP, 0, 0, 0, 0, 0, 0, 0, 0, 470, 1, 0, 0, 0
1, 128367, 19/12/2018 05:00:26, ADW_UNLOAD_GROUP, 0, 0.5, 1.2, 0.5, 0, 0, 0, 0, 672, 0, 0, 0, 0
1, 128368, 19/12/2018 05:20:11, ADW_UNLOAD_GROUP, 0, 0, 0, 0, 0, 0, 0, 0, 665, 0, 0, 0, 0
1, 128369, 19/12/2018 05:40:00, ADW_UNLOAD_GROUP, 0, 0, 0, 0, 0, 0, 0, 0, 645, 0, 0, 0, 0
1, 128370, 19/12/2018 06:00:16, ADW_UNLOAD_GROUP, 0, 0, 0, 0, 0, 0, 0, 0, 644, 1, 0, 0, 0
1, 128371, 19/12/2018 06:20:18, ADW_UNLOAD_GROUP, 0, 0, 0, 0, 0, 0, 0, 0, 703, 1, 0, 0, 0
1, 128372, 19/12/2018 06:40:01, ADW_UNLOAD_GROUP, 0, 0, 0, 0, 0, 0, 0, 0, 708, 1, 0, 0, 0
1, 128373, 19/12/2018 07:00:04, ADW_UNLOAD_GROUP, 0, 0, 0, 0, 0, 0, 0, 0, 741, 0, 0, 0, 0
1, 128374, 19/12/2018 07:20:15, ADW_UNLOAD_GROUP, 0, 0, 0, 0, 0, 0, 0, 0, 652, 0, 0, 0, 0
1, 128375, 19/12/2018 07:40:22, ADW_UNLOAD_GROUP, 0, 0, 0, 0, 0, 0, 0, 0, 687, 2, 0, 0, 1.1
1, 128376, 19/12/2018 08:00:27, ADW_UNLOAD_GROUP, 0, 0, 0, 0, 0, 0, 0, 0, 176, 0, 0, 0, 0
1, 128377, 19/12/2018 08:20:37, ADW_UNLOAD_GROUP, 0, 0, 0, 0, 0, 0, 0, 0, 329, 1, 0, 0, 0
1, 128378, 19/12/2018 08:40:09, ADW_UNLOAD_GROUP, 0, 0, 0, 0, 0, 0, 0, 0, 702, 1, 0, 0, 0
1, 128379, 19/12/2018 09:00:16, ADW_UNLOAD_GROUP, 0, 0, 0, 0, 0, 0, 0, 0, 704, 2, 0, 0, 0
1, 128380, 19/12/2018 09:20:26, ADW_UNLOAD_GROUP, 0, 0, 0, 0, 0, 0, 0, 0, 655, 2, 0, 0, 0
1, 128381, 19/12/2018 09:40:04, ADW_UNLOAD_GROUP, 0, 0, 0.1, 0, 0, 0, 0, 0, 577, 1, 0, 0, 0
1, 128382, 19/12/2018 10:00:10, ADW_UNLOAD_GROUP, 0, 0, 0.1, 0, 0, 0, 0, 0, 600, 0, 0, 0, 0
1, 128383, 19/12/2018 10:20:01, ADW_UNLOAD_GROUP, 0, 0, 0, 0, 0, 0, 0, 0, 336, 0, 0, 0, 0
1, 128384, 19/12/2018 10:40:13, ADW_UNLOAD_GROUP, 0, 0, 0.2, 0, 0, 0, 0, 0, 300, 0, 0, 0, 0
1, 128385, 19/12/2018 11:00:26, ADW_UNLOAD_GROUP, 0, 0.1, 0.3, 0.1, 0, 0, 0, 0, 552, 1, 0, 0, 0
1, 128386, 19/12/2018 11:20:28, ADW_UNLOAD_GROUP, 0, 0, 0, 0, 0, 0, 0, 0, 566, 0, 0, 0, 0.1
1, 128387, 19/12/2018 11:40:38, ADW_UNLOAD_GROUP, 0, 0, 0, 0, 0, 0, 0, 0, 268, 1, 0, 0, 0
1, 128388, 19/12/2018 12:00:45, ADW_UNLOAD_GROUP, 0, 0, 0, 0, 0, 0, 0, 0, 353, 2, 0, 0, 0
1, 128389, 19/12/2018 12:20:50, ADW_UNLOAD_GROUP, 0, 8.1, 2072.5, 8.1, 0, 0, 0, 0, 8109, 10, 0, 0, 0
1, 128390, 19/12/2018 16:55:12, ADW_UNLOAD_GROUP, 17.1, 19.1, 9008.8, 0, 4, 0, 32, 332, 2044, 21125, 2, 4310.2, 1917.9
1, 128391, 19/12/2018 17:20:13, ADW_UNLOAD_GROUP, 35.5, 39.1, 21270.1, 2.7, 14, 0, 66, 672, 1568, 46434, 0.9, 4659.4, 1030.1
1, 128392, 19/12/2018 17:40:08, ADW_UNLOAD_GROUP, 40.6, 48, 20906.3, 4.3, 8, 0, 88, 809, 1855, 62527, 3.1, 4136.8, 4387.1
1, 128393, 19/12/2018 18:00:25, ADW_UNLOAD_GROUP, 24.6, 59.3, 15381.3, 6.6, 18, 1.3, 24, 264, 1262, 14823, 28.1, 1851.8, 7749.5
1, 128394, 19/12/2018 18:20:38, ADW_UNLOAD_GROUP, 8.4, 17.3, 7233.3, 0.3, 2, 0.1, 147, 1228, 1933, 3070, 8.6, 2544.7, 2932.8
1, 128395, 19/12/2018 18:40:17, ADW_UNLOAD_GROUP, 2.2, 2.6, 1105.2, 0, 11, 0, 269, 2216, 2636, 513, 0.4, 786.4, 482.8
1, 128396, 19/12/2018 19:00:13, ADW_UNLOAD_GROUP, 13.6, 30.3, 1427.3, 14, 27, 0.6, 69, 812, 1248, 14720, 2.7, 1137.6, 6964.8
1, 128398, 19/12/2018 19:40:10, ADW_UNLOAD_GROUP, 10.5, 18.5, 1213.9, 5.8, 14, 0.6, 122, 1640, 2808, 6178, 2.2, 1361, 6718.7
1, 128399, 19/12/2018 20:00:03, ADW_UNLOAD_GROUP, 12, 20.7, 2243.8, 6.4, 18, 1, 59, 767, 2936, 8253, 2.3, 3016.5, 3671.2
1, 128400, 19/12/2018 20:20:06, ADW_UNLOAD_GROUP, 10.8, 14.2, 8901.3, 1.7, 3, 0.2, 57, 444, 1448, 6964, 1.7, 1419.2, 7721.3
1, 128401, 19/12/2018 20:40:13, ADW_UNLOAD_GROUP, 8.6, 10.9, 8647, 1.9, 2, 0.1, 119, 924, 1626, 3805, 0.4, 538.3, 1095
1, 128402, 19/12/2018 21:00:01, ADW_UNLOAD_GROUP, 21.6, 25.7, 9480.7, 3, 12, 0.4, 45, 448, 1702, 14124, 1.1, 1351.4, 1603.2
1, 128403, 19/12/2018 21:20:17, ADW_UNLOAD_GROUP, 24.8, 26.7, 5873, 0.2, 2, 0.3, 25, 224, 885, 15706, 1.7, 612.6, 4527
1, 128404, 19/12/2018 21:40:25, ADW_UNLOAD_GROUP, 22.5, 24.5, 6224.9, 0, 4, 0.1, 52, 476, 1233, 13819, 2, 697.9, 5102.4
1, 128405, 19/12/2018 22:00:01, ADW_UNLOAD_GROUP, 16.7, 17.4, 9813.3, 0.2, 2, 0, 136, 1116, 1762, 4856, 0.5, 452.3, 833.9
1, 128406, 19/12/2018 22:20:11, ADW_UNLOAD_GROUP, 14.6, 15.4, 10203.8, 0.7, 8, 0.5, 40, 312, 952, 5089, 0.1, 326.1, 217
1, 128407, 19/12/2018 22:40:20, ADW_UNLOAD_GROUP, 12.1, 12.3, 7503.3, 0, 2, 0.1, 46, 388, 1234, 4921, 0.2, 537.5, 81.1
1, 128408, 19/12/2018 23:00:26, ADW_UNLOAD_GROUP, 7.1, 8.9, 6881.5, 1.6, 10, 0.6, 29, 228, 733, 1929, 0.2, 322.9, 276.9
1, 128409, 19/12/2018 23:20:14, ADW_UNLOAD_GROUP, 2.5, 2.6, 796.5, 0, 1, 0, 4, 32, 610, 728, 0.1, 136.3, 216.2
1, 128410, 19/12/2018 23:40:27, ADW_UNLOAD_GROUP, 1, 1.2, 43.3, 0, 2, 0, 32, 272, 928, 323, 0.2, 42.2, 582.8
1, 128355, 19/12/2018 00:55:28, FP_DM_PRIOR, 1.1, 6.4, 4537.1, 5.2, 0, 0, 4, 64, 166, 398, 0.1, 11.3, 75.3
1, 128356, 19/12/2018 01:20:44, FP_DM_PRIOR, 5.4, 6.1, 3491.4, 0, 0, 0, 48, 1217, 1388, 2585, 0.7, 1277.6, 1199.8
1, 128357, 19/12/2018 01:40:46, FP_DM_PRIOR, 1.8, 2.2, 2900.4, 0.2, 0, 0, 16, 304, 331, 585, 0.2, 206.4, 377.4
1, 128358, 19/12/2018 02:00:50, FP_DM_PRIOR, 1.5, 2.7, 1847, 0.9, 0, 0, 4, 128, 104, 510, 0.3, 41.5, 436
1, 128359, 19/12/2018 02:20:53, FP_DM_PRIOR, 1.4, 1.7, 744.2, 0, 0, 0, 5, 104, 83, 453, 0.3, 67.2, 603.2
1, 128360, 19/12/2018 02:40:59, FP_DM_PRIOR, 1.5, 6.8, 1439.9, 5, 0, 0, 17, 387, 554, 463, 0.3, 21.8, 129.3
1, 128361, 19/12/2018 02:56:00, FP_DM_PRIOR, 5, 5.7, 617.2, 0, 0, 0, 73, 1985, 2111, 5664, 0.7, 1158.8, 851.8
1, 128362, 19/12/2018 03:39:52, FP_DM_PRIOR, 0.5, 0.7, 44.2, 0, 0, 0, 0, 0, 0, 29, 0.2, 19.3, 514.8
1, 128364, 19/12/2018 04:02:42, FP_DM_PRIOR, 0.8, 11.3, 822.8, 10.4, 0, 0, 8, 128, 263, 97, 0.1, 97.7, 153.4
1, 128365, 19/12/2018 04:20:10, FP_DM_PRIOR, 4.6, 5.9, 853.4, 0, 0, 0, 55, 1424, 1535, 2031, 1.3, 1426.3, 3502.5
1, 128366, 19/12/2018 04:40:32, FP_DM_PRIOR, 0.8, 9.2, 8027.9, 8.2, 0, 0, 1, 32, 30, 137, 0.2, 81.8, 757.3
1, 128367, 19/12/2018 05:00:26, FP_DM_PRIOR, 8, 8.4, 4474.8, 0, 0, 0, 18, 544, 576, 2152, 0.4, 343.5, 272.1
1, 128368, 19/12/2018 05:20:11, FP_DM_PRIOR, 1.3, 1.3, 4269.5, 0, 0, 0, 1, 16, 9, 241, 0, 31, 5.8
1, 128369, 19/12/2018 05:40:00, FP_DM_PRIOR, 0.6, 0.6, 2475.7, 0, 0, 0, 1, 9, 16, 42, 0, 0.8, 1
1, 128370, 19/12/2018 06:00:16, FP_DM_PRIOR, 1.1, 9, 3962.2, 7.7, 0, 0, 3, 80, 118, 182, 0.2, 13.5, 294.5
1, 128371, 19/12/2018 06:20:18, FP_DM_PRIOR, 7.1, 7.7, 1578.5, 0, 0, 0, 9, 240, 389, 3637, 0.6, 666.9, 1329.6
1, 128372, 19/12/2018 06:40:01, FP_DM_PRIOR, 3.1, 3.5, 528.6, 0, 0, 0, 1, 16, 8, 1130, 0.4, 272.8, 1604.4
1, 128374, 19/12/2018 07:20:15, FP_DM_PRIOR, 0.2, 0.3, 6.9, 0.1, 0, 0, 0, 0, 4, 40, 0, 0.4, 55.6
1, 128375, 19/12/2018 07:40:22, FP_DM_PRIOR, 0.2, 0.4, 9.1, 0.1, 0, 0, 0, 0, 2, 30, 0.1, 0.4, 46.4
1, 128376, 19/12/2018 08:00:27, FP_DM_PRIOR, 1.7, 3.5, 523.1, 1.7, 2, 0, 1, 16, 135, 753, 0.1, 80, 218.4
1, 128377, 19/12/2018 08:20:37, FP_DM_PRIOR, 5, 11, 1920.3, 5.2, 2, 0.2, 11, 232, 234, 2187, 0.8, 438.1, 1675.2
1, 128378, 19/12/2018 08:40:09, FP_DM_PRIOR, 4.8, 10.1, 1552.6, 4.2, 0, 0, 2, 32, 6, 2326, 1.1, 392.2, 2635.4
1, 128379, 19/12/2018 09:00:16, FP_DM_PRIOR, 5.7, 7.3, 2646.6, 1.2, 0, 0, 2, 48, 85, 2255, 0.4, 307.9, 618.8
1, 128380, 19/12/2018 09:20:26, FP_DM_PRIOR, 0.6, 0.7, 486.7, 0.1, 0, 0, 0, 0, 18, 199, 0, 20, 9.8
1, 128381, 19/12/2018 09:40:04, FP_DM_PRIOR, 0, 0, 0, 0, 0, 0, 0, 0, 10, 0, 0, 0, 0
1, 128382, 19/12/2018 10:00:10, FP_DM_PRIOR, 0, 0, 0, 0, 0, 0, 0, 0, 20, 0, 0, 0, 0
1, 128383, 19/12/2018 10:20:01, FP_DM_PRIOR, 2, 8, 1325, 5.8, 9, 0.5, 5, 112, 281, 731, 0.2, 212, 530
1, 128384, 19/12/2018 10:40:13, FP_DM_PRIOR, 3.4, 4.3, 933.1, 0.3, 5, 0.4, 33, 840, 950, 1418, 0.6, 1455.1, 1892.4
1, 128385, 19/12/2018 11:00:26, FP_DM_PRIOR, 2.3, 2.7, 730.5, 0, 2, 0, 2, 48, 75, 501, 0.4, 147, 609.7
1, 128386, 19/12/2018 11:20:28, FP_DM_PRIOR, 0.9, 1, 3, 0, 0, 0, 0, 0, 0, 210, 0.1, 25.4, 400.1
1, 128387, 19/12/2018 11:40:38, FP_DM_PRIOR, 0.2, 0.7, 609.6, 0.4, 0, 0, 0, 0, 0, 17, 0.1, 4.1, 521.9
1, 128388, 19/12/2018 12:00:45, FP_DM_PRIOR, 0.4, 6.3, 777.9, 5.8, 1, 0.1, 5, 80, 134, 73, 0.1, 33.9, 109.3
1, 128389, 19/12/2018 12:20:50, FP_DM_PRIOR, 3, 39.2, 30918.7, 35.8, 9, 0, 359, 9172, 10955, 16896, 0.4, 589.9, 834
1, 128390, 19/12/2018 16:55:12, FP_DM_PRIOR, 6, 6.2, 2260.4, 0, 1, 0, 19, 512, 758, 2765, 0.2, 89.4, 33.8
1, 128391, 19/12/2018 17:20:13, FP_DM_PRIOR, 2.8, 3.2, 5512.2, 0.3, 1, 0, 14, 384, 288, 1402, 0.1, 24.1, 11.8
1, 128392, 19/12/2018 17:40:08, FP_DM_PRIOR, 2.4, 2.6, 3410.2, 0.2, 0, 0, 7, 192, 144, 1110, 0, 16.8, 8.3
1, 128393, 19/12/2018 18:00:25, FP_DM_PRIOR, 1.5, 2.2, 2361.9, 0.6, 8, 0.6, 7, 192, 290, 507, 0.1, 25.5, 9.9
1, 128394, 19/12/2018 18:20:38, FP_DM_PRIOR, 8.3, 17.7, 5745.9, 7.8, 3, 0.4, 114, 2920, 3096, 9502, 1.6, 1292, 2114.7
1, 128395, 19/12/2018 18:40:17, FP_DM_PRIOR, 6.9, 13.1, 4985.6, 4.3, 1, 0, 47, 1208, 1328, 3856, 1.9, 1046.1, 5359.6
1, 128396, 19/12/2018 19:00:13, FP_DM_PRIOR, 1.8, 2.4, 3207, 0.5, 0, 0, 1, 16, 22, 558, 0.1, 114.7, 96.7
1, 128398, 19/12/2018 19:40:10, FP_DM_PRIOR, 3, 4, 3053.1, 0.6, 17, 1, 48, 1048, 1243, 1477, 0.4, 804.6, 341.4
1, 128399, 19/12/2018 20:00:03, FP_DM_PRIOR, 5.1, 13.2, 3393, 6.1, 31, 1.7, 89, 2560, 2859, 2578, 2, 1852.7, 2763.6
1, 128400, 19/12/2018 20:20:06, FP_DM_PRIOR, 5.5, 19, 3330.4, 11, 24, 1.2, 75, 1921, 2240, 3111, 2.5, 452.7, 5148.7
1, 128401, 19/12/2018 20:40:13, FP_DM_PRIOR, 8.1, 28.6, 10775.3, 16.2, 1, 0.4, 41, 1280, 1328, 5420, 4.3, 583, 14627.1
1, 128402, 19/12/2018 21:00:01, FP_DM_PRIOR, 10.4, 33.4, 6976.7, 12.6, 10, 0.1, 13, 400, 539, 9263, 10.4, 679.1, 25379.9
1, 128403, 19/12/2018 21:20:17, FP_DM_PRIOR, 12.9, 40.9, 5762.2, 16.7, 4, 0.4, 17, 544, 581, 12648, 11.3, 848.8, 29688.6
1, 128404, 19/12/2018 21:40:25, FP_DM_PRIOR, 10, 32.2, 6842.5, 13.8, 1, 0, 22, 504, 589, 7421, 8.4, 610.4, 21689.2
1, 128405, 19/12/2018 22:00:01, FP_DM_PRIOR, 9.3, 30, 6064.8, 13.8, 0, 0, 2, 48, 160, 4982, 6.9, 348.1, 17753.2
1, 128406, 19/12/2018 22:20:11, FP_DM_PRIOR, 7.7, 26.4, 5789.7, 13.2, 4, 0.2, 3, 80, 156, 4108, 5.5, 343.4, 19994.1
1, 128407, 19/12/2018 22:40:20, FP_DM_PRIOR, 9.2, 33.8, 6944.6, 20.1, 1, 0, 7, 176, 289, 5958, 4.5, 1592.1, 17715.5
1, 128408, 19/12/2018 23:00:26, FP_DM_PRIOR, 6.7, 30.9, 6715.1, 18.8, 1, 0, 1, 16, 39, 4008, 5.4, 542.6, 18201.3
1, 128409, 19/12/2018 23:20:14, FP_DM_PRIOR, 6.4, 25.3, 5633.3, 14.1, 0, 0, 0, 0, 0, 4539, 4.8, 390.4, 21319.3
1, 128410, 19/12/2018 23:40:27, FP_DM_PRIOR, 9.2, 28.3, 6499.4, 13, 4, 0, 19, 456, 663, 7973, 6.1, 1602.9, 25521.7
1, 128355, 19/12/2018 00:55:28, HDP_UNLOAD_GROUP, 9.4, 15.3, 896.2, 0, 0, 0, 104, 1012, 1653, 13476, 5.9, 1369.5, 1097.9
1, 128356, 19/12/2018 01:20:44, HDP_UNLOAD_GROUP, 6.9, 16, 1551.3, 5.1, 0, 0, 50, 464, 883, 3553, 4, 515.3, 1039.8
1, 128357, 19/12/2018 01:40:46, HDP_UNLOAD_GROUP, 9.4, 13.3, 1187.8, 0.7, 0, 0, 34, 296, 568, 5026, 3.2, 553.4, 865.2
1, 128358, 19/12/2018 02:00:50, HDP_UNLOAD_GROUP, 8.1, 11.1, 461.5, 0, 0, 0, 35, 296, 527, 4114, 3, 725.2, 578.7
1, 128359, 19/12/2018 02:20:53, HDP_UNLOAD_GROUP, 3.1, 4.2, 110.2, 0, 0, 0, 86, 708, 1292, 1006, 1.1, 275.8, 1039.6
1, 128361, 19/12/2018 02:56:00, HDP_UNLOAD_GROUP, 0.3, 0.4, 1632.2, 0.1, 0, 0, 1, 16, 48, 142, 0, 26, 33.4
1, 128362, 19/12/2018 03:39:52, HDP_UNLOAD_GROUP, 0.2, 0.2, 931.7, 0, 0, 0, 0, 0, 0, 5, 0, 1.7, 0
1, 128364, 19/12/2018 04:02:42, HDP_UNLOAD_GROUP, 0.2, 2.2, 2193, 2, 0, 0, 0, 0, 0, 5, 0, 2.1, 0
1, 128365, 19/12/2018 04:20:10, HDP_UNLOAD_GROUP, 1.3, 1.4, 37.2, 0.1, 0, 0, 3, 48, 56, 45, 0, 70.2, 1.7
1, 128366, 19/12/2018 04:40:32, HDP_UNLOAD_GROUP, 1.4, 1.5, 108.2, 0, 2, 0.1, 14, 224, 344, 450, 0.1, 178.3, 25.4
1, 128369, 19/12/2018 05:40:00, HDP_UNLOAD_GROUP, 0, 0.2, 58.1, 0.2, 0, 0, 0, 0, 0, 0, 0, 0, 0
1, 128376, 19/12/2018 08:00:27, HDP_UNLOAD_GROUP, 3.7, 4.6, 780.2, 0.7, 0, 0, 1, 16, 50, 1049, 0.2, 62.1, 54.9
1, 128377, 19/12/2018 08:20:37, HDP_UNLOAD_GROUP, 3.4, 4.2, 736.2, 0.8, 3, 0.5, 2, 24, 54, 1056, 0, 163.3, 5.6
1, 128378, 19/12/2018 08:40:09, HDP_UNLOAD_GROUP, 0.6, 0.6, 105, 0, 0, 0, 3, 38, 0, 104, 0, 13.8, 2.8
1, 128379, 19/12/2018 09:00:16, HDP_UNLOAD_GROUP, 0.3, 0.3, 62.8, 0, 0, 0, 0, 0, 2, 42, 0, 14.1, 14.2
1, 128381, 19/12/2018 09:40:04, HDP_UNLOAD_GROUP, 0, 0, 0, 0, 0, 0, 0, 0, 10, 0, 0, 0, 0
1, 128382, 19/12/2018 10:00:10, HDP_UNLOAD_GROUP, 0, 0, 1.8, 0, 1, 0, 0, 0, 22, 0, 0, 1.4, 1.4
1, 128383, 19/12/2018 10:20:01, HDP_UNLOAD_GROUP, 0.7, 1.7, 296.2, 0.8, 0, 0, 1, 16, 18, 122, 0.2, 198.5, 693.9
1, 128384, 19/12/2018 10:40:13, HDP_UNLOAD_GROUP, 0.2, 0.2, 2.3, 0, 0, 0, 0, 0, 10, 11, 0, 0, 0
1, 128385, 19/12/2018 11:00:26, HDP_UNLOAD_GROUP, 0, 0, 0.2, 0, 0, 0, 0, 0, 10, 5, 0, 0, 0
1, 128388, 19/12/2018 12:00:45, HDP_UNLOAD_GROUP, 0, 0.1, 5.1, 0.1, 0, 0, 0, 0, 10, 0, 0, 0, 0
1, 128389, 19/12/2018 12:20:50, HDP_UNLOAD_GROUP, 0.2, 3.2, 648.5, 3, 1, 0, 3, 44, 237, 613, 0, 28.1, 99.7
1, 128390, 19/12/2018 16:55:12, HDP_UNLOAD_GROUP, 0, 0, 0.1, 0, 0, 0, 0, 0, 12, 18, 0, 0, 0
1, 128393, 19/12/2018 18:00:25, HDP_UNLOAD_GROUP, 0.4, 0.4, 62.6, 0, 1, 0, 2, 28, 43, 132, 0, 9.3, 3.3
1, 128394, 19/12/2018 18:20:38, HDP_UNLOAD_GROUP, 0.1, 0.2, 2.2, 0.1, 0, 0, 0, 0, 2, 32, 0, 0.6, 0.9
1, 128395, 19/12/2018 18:40:17, HDP_UNLOAD_GROUP, 0.1, 0.2, 2.6, 0.1, 0, 0, 0, 0, 10, 11, 0, 0.1, 0.2
1, 128396, 19/12/2018 19:00:13, HDP_UNLOAD_GROUP, 0.1, 0.1, 5, 0, 1, 0, 0, 0, 22, 9, 0, 0.4, 0.5
1, 128400, 19/12/2018 20:20:06, HDP_UNLOAD_GROUP, 0.1, 0.2, 2.5, 0.1, 0, 0, 0, 0, 2, 12, 0, 0.6, 0.7
1, 128401, 19/12/2018 20:40:13, HDP_UNLOAD_GROUP, 0.1, 0.2, 2.2, 0.1, 0, 0, 0, 0, 10, 8, 0, 0, 0
1, 128402, 19/12/2018 21:00:01, HDP_UNLOAD_GROUP, 0, 0.1, 2.4, 0.1, 0, 0, 0, 0, 10, 10, 0, 0, 0
1, 128405, 19/12/2018 22:00:01, HDP_UNLOAD_GROUP, 0.5, 0.5, 68.3, 0, 0, 0, 1, 16, 37, 115, 0, 8.7, 4.9
1, 128408, 19/12/2018 23:00:26, HDP_UNLOAD_GROUP, 0, 0.1, 3.9, 0.1, 0, 0, 0, 0, 41, 6, 0, 4.1, 10.5
1, 128409, 19/12/2018 23:20:14, HDP_UNLOAD_GROUP, 0.6, 1.9, 530.3, 1.1, 0, 0, 1, 16, 0, 158, 0.2, 171.1, 666.7
1, 128356, 19/12/2018 01:20:44, ODS_SUPPORT_GROUP, 0, 0, 2, 0, 0, 0, 0, 0, 7, 0, 0, 0, 0
1, 128357, 19/12/2018 01:40:46, ODS_SUPPORT_GROUP, 0, 0, 4.9, 0, 0, 0, 0, 0, 10, 3, 0, 0, 0
1, 128358, 19/12/2018 02:00:50, ODS_SUPPORT_GROUP, 0, 0, 3.5, 0, 0, 0, 0, 0, 10, 9, 0, 0, 0
1, 128359, 19/12/2018 02:20:53, ODS_SUPPORT_GROUP, 0, 0, 4.7, 0, 0, 0, 0, 0, 10, 4, 0, 0, 0
1, 128360, 19/12/2018 02:40:59, ODS_SUPPORT_GROUP, 0, 0, 4.1, 0, 0, 0, 0, 0, 5, 6, 0, 0, 0
1, 128361, 19/12/2018 02:56:00, ODS_SUPPORT_GROUP, 0, 0, 5, 0, 0, 0, 0, 0, 25, 29, 0, 0, 0
1, 128365, 19/12/2018 04:20:10, ODS_SUPPORT_GROUP, 0, 0, 2.6, 0, 0, 0, 0, 0, 7, 2, 0, 0, 0
1, 128366, 19/12/2018 04:40:32, ODS_SUPPORT_GROUP, 0, 0, 1.3, 0, 0, 0, 0, 0, 6, 0, 0, 0, 0
1, 128367, 19/12/2018 05:00:26, ODS_SUPPORT_GROUP, 0, 0, 1.8, 0, 0, 0, 0, 0, 10, 0, 0, 0, 0
1, 128368, 19/12/2018 05:20:11, ODS_SUPPORT_GROUP, 0, 0, 0.5, 0, 0, 0, 0, 0, 8, 0, 0, 0, 0
1, 128369, 19/12/2018 05:40:00, ODS_SUPPORT_GROUP, 0, 0, 1.2, 0, 0, 0, 0, 0, 8, 0, 0, 0, 0
1, 128370, 19/12/2018 06:00:16, ODS_SUPPORT_GROUP, 0, 0, 1, 0, 0, 0, 0, 0, 8, 0, 0, 0, 0
1, 128371, 19/12/2018 06:20:18, ODS_SUPPORT_GROUP, 0, 0, 1.9, 0, 0, 0, 0, 0, 10, 1, 0, 0, 0
1, 128372, 19/12/2018 06:40:01, ODS_SUPPORT_GROUP, 0, 0, 2, 0, 0, 0, 0, 0, 8, 4, 0, 0, 0
1, 128373, 19/12/2018 07:00:04, ODS_SUPPORT_GROUP, 0, 0, 0, 0, 0, 0, 0, 0, 8, 2, 0, 0, 0
1, 128374, 19/12/2018 07:20:15, ODS_SUPPORT_GROUP, 0, 0, 4, 0, 0, 0, 0, 0, 9, 5, 0, 0, 0
1, 128375, 19/12/2018 07:40:22, ODS_SUPPORT_GROUP, 0, 0, 7.1, 0, 0, 0, 0, 0, 9, 4, 0, 0, 0
1, 128376, 19/12/2018 08:00:27, ODS_SUPPORT_GROUP, 0, 0, 0, 0, 0, 0, 0, 0, 7, 0, 0, 0, 0
1, 128377, 19/12/2018 08:20:37, ODS_SUPPORT_GROUP, 0, 0, 5.3, 0, 0, 0, 0, 0, 14, 5, 0, 0, 0
1, 128378, 19/12/2018 08:40:09, ODS_SUPPORT_GROUP, 0, 0, 4.1, 0, 0, 0, 0, 0, 8, 6, 0, 0, 0
1, 128379, 19/12/2018 09:00:16, ODS_SUPPORT_GROUP, 0, 0, 8.4, 0, 0, 0, 0, 0, 10, 6, 0, 0, 0
1, 128380, 19/12/2018 09:20:26, ODS_SUPPORT_GROUP, 0, 0, 8.5, 0, 0, 0, 0, 0, 10, 6, 0, 0, 0
1, 128381, 19/12/2018 09:40:04, ODS_SUPPORT_GROUP, 0.1, 0.1, 3.4, 0, 0, 0, 0, 0, 15, 3, 0, 0, 1.2
1, 128382, 19/12/2018 10:00:10, ODS_SUPPORT_GROUP, 0, 0, 5.9, 0, 0, 0, 0, 0, 10, 0, 0, 0, 0
1, 128384, 19/12/2018 10:40:13, ODS_SUPPORT_GROUP, 0, 0, 3.3, 0, 0, 0, 0, 0, 7, 0, 0, 0, 0
1, 128385, 19/12/2018 11:00:26, ODS_SUPPORT_GROUP, 0, 0, 9.4, 0, 0, 0, 0, 0, 23, 3, 0, 0, 0
1, 128386, 19/12/2018 11:20:28, ODS_SUPPORT_GROUP, 0, 0.2, 3.6, 0.2, 0, 0, 0, 0, 73, 5, 0, 0.1, 0.5
1, 128387, 19/12/2018 11:40:38, ODS_SUPPORT_GROUP, 0.1, 0.3, 119.5, 0.1, 0, 0, 0, 0, 65, 3, 0.1, 1.3, 163
1, 128388, 19/12/2018 12:00:45, ODS_SUPPORT_GROUP, 0.1, 0.2, 5, 0, 0, 0, 0, 0, 46, 4, 0.1, 2.7, 303.2
1, 128389, 19/12/2018 12:20:50, ODS_SUPPORT_GROUP, 0, 0.3, 59.3, 0.3, 0, 0, 1, 8, 362, 35, 0, 0, 0.4
1, 128390, 19/12/2018 16:55:12, ODS_SUPPORT_GROUP, 0.1, 0.1, 5, 0, 0, 0, 6, 96, 115, 97, 0, 8.1, 13.2
1, 128391, 19/12/2018 17:20:13, ODS_SUPPORT_GROUP, 0.1, 0.1, 16.9, 0, 0, 0, 0, 0, 19, 44, 0, 0, 0
1, 128392, 19/12/2018 17:40:08, ODS_SUPPORT_GROUP, 0.1, 0.1, 13.5, 0, 0, 0, 0, 0, 22, 17, 0, 0, 0
1, 128393, 19/12/2018 18:00:25, ODS_SUPPORT_GROUP, 0.1, 0.2, 20.8, 0.1, 1, 0, 1, 26, 69, 40, 0, 801.2, 2.4
1, 128394, 19/12/2018 18:20:38, ODS_SUPPORT_GROUP, 0, 0, 3.5, 0, 0, 0, 0, 0, 23, 1, 0, 0, 0
1, 128395, 19/12/2018 18:40:17, ODS_SUPPORT_GROUP, 0, 0, 4.7, 0, 0, 0, 0, 0, 17, 7, 0, 0, 0
1, 128398, 19/12/2018 19:40:10, ODS_SUPPORT_GROUP, 0, 0, 3.7, 0, 0, 0, 0, 0, 18, 4, 0, 0, 0
1, 128399, 19/12/2018 20:00:03, ODS_SUPPORT_GROUP, 0, 0, 17.2, 0, 0, 0, 0, 0, 19, 15, 0, 0, 0
1, 128400, 19/12/2018 20:20:06, ODS_SUPPORT_GROUP, 0, 0, 8.6, 0, 0, 0, 0, 0, 21, 11, 0, 0, 0
1, 128401, 19/12/2018 20:40:13, ODS_SUPPORT_GROUP, 0, 0, 8.8, 0, 0, 0, 0, 0, 19, 10, 0, 0, 0
1, 128402, 19/12/2018 21:00:01, ODS_SUPPORT_GROUP, 0, 0, 14.7, 0, 0, 0, 0, 0, 18, 14, 0, 0, 0
1, 128403, 19/12/2018 21:20:17, ODS_SUPPORT_GROUP, 0.1, 0.1, 16.8, 0, 0, 0, 0, 0, 20, 27, 0, 0, 0
1, 128404, 19/12/2018 21:40:25, ODS_SUPPORT_GROUP, 0, 0, 9.4, 0, 0, 0, 0, 0, 18, 20, 0, 0, 0
1, 128405, 19/12/2018 22:00:01, ODS_SUPPORT_GROUP, 0, 0, 10.6, 0, 0, 0, 0, 0, 20, 8, 0, 0, 0
1, 128406, 19/12/2018 22:20:11, ODS_SUPPORT_GROUP, 0, 0, 7.2, 0, 0, 0, 0, 0, 20, 7, 0, 0, 0
1, 128407, 19/12/2018 22:40:20, ODS_SUPPORT_GROUP, 0, 0, 3.8, 0, 0, 0, 0, 0, 18, 4, 0, 0, 0
1, 128408, 19/12/2018 23:00:26, ODS_SUPPORT_GROUP, 0, 0, 5, 0, 0, 0, 0, 0, 18, 3, 0, 0, 0
1, 128409, 19/12/2018 23:20:14, ODS_SUPPORT_GROUP, 0, 0, 2, 0, 0, 0, 0, 0, 18, 8, 0, 0, 0
1, 128410, 19/12/2018 23:40:27, ODS_SUPPORT_GROUP, 0, 0, 3.4, 0, 0, 0, 0, 0, 18, 1, 0, 0, 0
1, 128355, 19/12/2018 00:55:28, OTHER_GROUPS, 14.3, 51.8, 8045.4, 31.7, 0, 0, 0, 0, 1594, 12288, 5.8, 80.4, 3005.9
1, 128356, 19/12/2018 01:20:44, OTHER_GROUPS, 14.2, 39.5, 7610.7, 21.5, 0, 0, 0, 0, 1582, 11454, 3.8, 73.3, 2654.1
1, 128357, 19/12/2018 01:40:46, OTHER_GROUPS, 15.1, 46.5, 8952.1, 27.6, 0, 0, 2, 46, 1583, 10552, 3.8, 299.4, 3296.8
1, 128358, 19/12/2018 02:00:50, OTHER_GROUPS, 19.7, 26.8, 7596.8, 2.9, 0, 0, 0, 0, 1526, 19107, 4.2, 175.2, 3759.4
1, 128359, 19/12/2018 02:20:53, OTHER_GROUPS, 13.2, 30.2, 8639.3, 14.9, 0, 0, 0, 0, 947, 10625, 2.1, 69.5, 1789.7
1, 128360, 19/12/2018 02:40:59, OTHER_GROUPS, 13.7, 26.6, 5436.7, 6.8, 0, 0, 0, 0, 532, 8122, 6.1, 52.5, 2484.4
1, 128361, 19/12/2018 02:56:00, OTHER_GROUPS, 11.8, 57.6, 8903.5, 34.9, 0, 0, 0, 0, 1551, 18574, 10.9, 70.4, 3964
1, 128362, 19/12/2018 03:39:52, OTHER_GROUPS, 15.4, 20, 2823.4, 0, 0, 0, 0, 0, 748, 7941, 4.6, 108.2, 5620.3
1, 128363, 19/12/2018 03:55:12, OTHER_GROUPS, 13.3, 57.9, 23891.3, 39.3, 0, 0, 0, 0, 246, 3200, 5.3, 132.5, 6639.4
1, 128364, 19/12/2018 04:02:42, OTHER_GROUPS, 9.9, 52.2, 51957.4, 39.7, 0, 0, 0, 0, 1690, 5582, 2.6, 223.8, 3475.9
1, 128365, 19/12/2018 04:20:10, OTHER_GROUPS, 17.2, 45.6, 32470.2, 24.1, 0, 0, 0, 0, 2093, 10772, 4.3, 721.9, 5292.7
1, 128366, 19/12/2018 04:40:32, OTHER_GROUPS, 15.3, 41.3, 32962.3, 20.7, 0, 0, 0, 0, 2080, 8550, 5.3, 455, 4077.3
1, 128367, 19/12/2018 05:00:26, OTHER_GROUPS, 14.2, 64.6, 36777.7, 44.4, 0, 0, 0, 0, 2007, 6724, 6, 334.6, 3156.4
1, 128368, 19/12/2018 05:20:11, OTHER_GROUPS, 15.3, 49.2, 32734, 28, 0, 0, 1, 24, 1961, 8616, 5.9, 316.7, 4030.3
1, 128369, 19/12/2018 05:40:00, OTHER_GROUPS, 14.9, 46.2, 20331.8, 22.6, 0, 0, 0, 0, 1558, 8107, 8.7, 355.3, 5197.2
1, 128370, 19/12/2018 06:00:16, OTHER_GROUPS, 20.1, 31, 9162.6, 5.8, 0, 0, 1, 64, 2029, 19030, 5.1, 718.1, 7697.1
1, 128371, 19/12/2018 06:20:18, OTHER_GROUPS, 12.3, 55.3, 7101.2, 39.6, 0, 0, 0, 0, 854, 12576, 3.4, 80.4, 5281.7
1, 128372, 19/12/2018 06:40:01, OTHER_GROUPS, 19.2, 58.1, 10276, 27.9, 0, 0, 0, 0, 673, 20775, 11, 133.1, 8589.7
1, 128373, 19/12/2018 07:00:04, OTHER_GROUPS, 20.1, 33.2, 2506.4, 0, 0, 0, 0, 0, 2607, 23798, 13.1, 144.8, 9631
1, 128374, 19/12/2018 07:20:15, OTHER_GROUPS, 26.9, 68.7, 8795.8, 26.8, 0, 0, 0, 0, 1123, 35705, 15, 168.9, 12492.3
1, 128375, 19/12/2018 07:40:22, OTHER_GROUPS, 24.8, 75.9, 8914, 30.5, 0, 0, 0, 0, 1015, 31260, 20.6, 176.8, 11565.4
1, 128376, 19/12/2018 08:00:27, OTHER_GROUPS, 30.7, 90.7, 11394.8, 42.1, 0, 0, 2, 48, 1020, 39490, 17.9, 7467.1, 9744.7
1, 128377, 19/12/2018 08:20:37, OTHER_GROUPS, 24.4, 90.6, 8325.3, 52.7, 1, 0.1, 2, 96, 1060, 36607, 13.5, 140.9, 8152.1
1, 128378, 19/12/2018 08:40:09, OTHER_GROUPS, 26.5, 78.8, 8676.1, 34.7, 4, 0.2, 4, 136, 1042, 41764, 17.6, 183.3, 9713.4
1, 128379, 19/12/2018 09:00:16, OTHER_GROUPS, 28.3, 84.3, 10375, 38.9, 0, 0, 1, 32, 1009, 40690, 17.1, 319.9, 11145.8
1, 128380, 19/12/2018 09:20:26, OTHER_GROUPS, 24.7, 73.9, 10899.4, 36.7, 0, 0, 0, 0, 1035, 34630, 12.5, 524.3, 9115.3
1, 128381, 19/12/2018 09:40:04, OTHER_GROUPS, 16.1, 55, 8726.1, 22.2, 0, 0, 2, 64, 776, 19007, 16.7, 178.1, 9877.9
1, 128382, 19/12/2018 10:00:10, OTHER_GROUPS, 15.4, 70.9, 8986.8, 42, 0, 0, 0, 0, 908, 19056, 13.5, 137.7, 9839.7
1, 128383, 19/12/2018 10:20:01, OTHER_GROUPS, 18, 104, 13808.2, 74.5, 0, 0, 0, 0, 987, 23949, 11.5, 132.2, 8983.9
1, 128384, 19/12/2018 10:40:13, OTHER_GROUPS, 19, 57.8, 8098, 22.1, 0, 0, 0, 0, 692, 23954, 16.7, 142, 8501.8
1, 128385, 19/12/2018 11:00:26, OTHER_GROUPS, 14.9, 64.6, 8499.7, 31.7, 0, 0, 0, 0, 727, 17585, 18, 118, 7450.5
1, 128386, 19/12/2018 11:20:28, OTHER_GROUPS, 18.2, 38.2, 7700.3, 11.2, 0, 0, 0, 0, 808, 24997, 8.8, 123, 7708.5
1, 128387, 19/12/2018 11:40:38, OTHER_GROUPS, 18.4, 46.4, 8060.4, 23.2, 0, 0, 0, 0, 699, 25479, 4.8, 106, 5737.8
1, 128388, 19/12/2018 12:00:45, OTHER_GROUPS, 18.1, 50.1, 8196.3, 26, 0, 0, 0, 0, 658, 24379, 6, 114.9, 5922.8
1, 128389, 19/12/2018 12:20:50, OTHER_GROUPS, 19.5, 48.7, 8710.7, 24.7, 2, 0, 6, 146, 19533, 344111, 4.5, 558.2, 5295
1, 128390, 19/12/2018 16:55:12, OTHER_GROUPS, 22.2, 28.9, 2696.2, 0, 0, 0, 0, 0, 2314, 42844, 6.7, 143.8, 6562.9
1, 128391, 19/12/2018 17:20:13, OTHER_GROUPS, 27.4, 57.9, 8573.1, 25.2, 0, 0, 0, 0, 796, 52774, 5.3, 125.4, 6238.1
1, 128392, 19/12/2018 17:40:08, OTHER_GROUPS, 24.6, 48, 8581.8, 17.8, 0, 0, 0, 0, 630, 33278, 5.6, 134.8, 7094.1
1, 128393, 19/12/2018 18:00:25, OTHER_GROUPS, 23.8, 54.5, 8876.4, 25.2, 0, 0, 0, 0, 1705, 35485, 5.5, 143.6, 7472.9
1, 128394, 19/12/2018 18:20:38, OTHER_GROUPS, 19.3, 65.3, 8697, 42.7, 0, 0, 0, 0, 823, 22965, 3.3, 110.9, 5170.3
1, 128395, 19/12/2018 18:40:17, OTHER_GROUPS, 13.9, 29.1, 6880, 12.2, 0, 0, 0, 0, 718, 16628, 3, 97.4, 4956.2
1, 128396, 19/12/2018 19:00:13, OTHER_GROUPS, 12.7, 37.8, 8722, 20.8, 0, 0, 0, 0, 494, 14877, 4.3, 104.9, 5363.2
1, 128397, 19/12/2018 19:20:32, OTHER_GROUPS, 10.5, 72.8, 12662.5, 59.9, 0, 0, 0, 0, 1755, 10951, 2.4, 85.9, 4538.5
1, 128398, 19/12/2018 19:40:10, OTHER_GROUPS, 11.5, 39.6, 8348.8, 25.4, 0, 0, 0, 0, 609, 14862, 2.7, 87.6, 4418.7
1, 128399, 19/12/2018 20:00:03, OTHER_GROUPS, 11, 55.5, 9030.4, 40.6, 1, 0, 1, 16, 600, 14152, 3.9, 2047.5, 3632.6
1, 128400, 19/12/2018 20:20:06, OTHER_GROUPS, 10.5, 36, 7912.9, 22.4, 0, 0, 0, 0, 832, 9793, 3.1, 79, 3908.6
1, 128401, 19/12/2018 20:40:13, OTHER_GROUPS, 9.5, 38.6, 8672.3, 27, 1, 0.1, 1, 16, 621, 8268, 2.1, 67.6, 2630.5
1, 128402, 19/12/2018 21:00:01, OTHER_GROUPS, 10.6, 28.2, 7378.6, 12.6, 0, 0, 0, 0, 538, 9529, 5, 56.2, 2535.1
1, 128403, 19/12/2018 21:20:17, OTHER_GROUPS, 10.9, 34.3, 7535.3, 21.6, 0, 0, 0, 0, 766, 9647, 1.8, 51.2, 1879.4
1, 128404, 19/12/2018 21:40:25, OTHER_GROUPS, 12, 31, 8198.5, 17.1, 0, 0, 0, 0, 568, 10323, 1.9, 58.8, 2312.9
1, 128405, 19/12/2018 22:00:01, OTHER_GROUPS, 9.5, 26.1, 8158.6, 14.1, 0, 0, 0, 0, 684, 5818, 2.5, 62, 2168.9
1, 128406, 19/12/2018 22:20:11, OTHER_GROUPS, 8.2, 24.3, 7230.4, 14.1, 0, 0, 0, 0, 822, 4619, 2, 51.2, 1925.6
1, 128407, 19/12/2018 22:40:20, OTHER_GROUPS, 8.5, 25.3, 7267.6, 15, 0, 0, 0, 0, 868, 4628, 1.8, 52.7, 1669.8
1, 128408, 19/12/2018 23:00:26, OTHER_GROUPS, 12.1, 48.5, 11321, 33.6, 0, 0, 0, 0, 863, 9913, 2.8, 191.7, 5008.5
1, 128409, 19/12/2018 23:20:14, OTHER_GROUPS, 17.9, 45, 11581.4, 21.3, 0, 0, 0, 0, 788, 23975, 5.8, 440.4, 21042.8
1, 128410, 19/12/2018 23:40:27, OTHER_GROUPS, 17.4, 35.8, 11358.8, 14.5, 0, 0, 1, 64, 740, 21663, 3.9, 470.7, 8567.8
2, 128355, 19/12/2018 00:55:27, ADW_UNLOAD_GROUP, 0, 1.4, 64.3, 1.4, 0, 0, 0, 0, 855, 4, 0, 0.4, 0.7
2, 128356, 19/12/2018 01:20:34, ADW_UNLOAD_GROUP, 12.2, 34.5, 10488, 22, 0, 0, 70, 2014, 3268, 14802, 0.3, 9169.6, 149.2
2, 128357, 19/12/2018 01:40:45, ADW_UNLOAD_GROUP, 28, 28.4, 3080.7, 0, 0, 0, 107, 2844, 10948, 29134, 0.4, 18055.6, 476.8
2, 128359, 19/12/2018 02:20:53, ADW_UNLOAD_GROUP, 0, 0, 0, 0, 0, 0, 0, 0, 57, 0, 0, 0, 0
2, 128360, 19/12/2018 02:40:59, ADW_UNLOAD_GROUP, 0, 0, 0, 0, 0, 0, 0, 0, 41, 0, 0, 0, 0
2, 128361, 19/12/2018 02:56:00, ADW_UNLOAD_GROUP, 0, 0, 0, 0, 0, 0, 0, 0, 119, 0, 0, 0, 0
2, 128364, 19/12/2018 04:02:35, ADW_UNLOAD_GROUP, 0, 0.1, 0.2, 0.1, 0, 0, 0, 0, 586, 0, 0, 0, 0
2, 128365, 19/12/2018 04:20:02, ADW_UNLOAD_GROUP, 0, 0, 0, 0, 0, 0, 0, 0, 582, 0, 0, 0, 0
2, 128366, 19/12/2018 04:40:24, ADW_UNLOAD_GROUP, 0, 0, 0, 0, 0, 0, 0, 0, 363, 0, 0, 0, 0
2, 128367, 19/12/2018 05:00:24, ADW_UNLOAD_GROUP, 0, 0, 0.1, 0, 0, 0, 0, 0, 169, 0, 0, 0, 0
2, 128368, 19/12/2018 05:20:09, ADW_UNLOAD_GROUP, 0, 0, 0, 0, 0, 0, 0, 0, 114, 0, 0, 0, 0
2, 128369, 19/12/2018 05:40:00, ADW_UNLOAD_GROUP, 0, 27.6, 27882.4, 27.6, 0, 0, 0, 0, 193, 0, 0, 0, 0
2, 128370, 19/12/2018 06:00:16, ADW_UNLOAD_GROUP, 37.6, 41.4, 43622.7, 1.9, 0, 0, 0, 0, 659, 31950, 1.9, 2242.8, 4679.4
2, 128371, 19/12/2018 06:20:18, ADW_UNLOAD_GROUP, 34.7, 37.4, 47201.4, 0, 0, 0, 2, 56, 182, 18645, 2.7, 632.6, 7262.4
2, 128372, 19/12/2018 06:40:01, ADW_UNLOAD_GROUP, 31.5, 36.8, 25772.1, 5.3, 0, 0, 0, 0, 117, 14023, 0, 609.1, 114.4
2, 128373, 19/12/2018 07:00:04, ADW_UNLOAD_GROUP, 28.6, 28.9, 3613.5, 0, 0, 0, 3, 94, 351, 22880, 0.3, 760.2, 595.9
2, 128374, 19/12/2018 07:20:14, ADW_UNLOAD_GROUP, 22.6, 27.9, 14739.1, 3, 0, 0, 2, 64, 232, 14458, 2.3, 917, 7485.8
2, 128375, 19/12/2018 07:40:22, ADW_UNLOAD_GROUP, 11.3, 14.8, 8426.1, 2.7, 0, 0, 2, 34, 236, 4997, 0.8, 389, 4585.9
2, 128376, 19/12/2018 08:00:27, ADW_UNLOAD_GROUP, 11.1, 17.2, 9509.2, 3.4, 0, 0, 1, 30, 716, 6990, 2.7, 436.4, 7892.9
2, 128377, 19/12/2018 08:20:37, ADW_UNLOAD_GROUP, 8.2, 14.3, 6427.5, 4.1, 1, 0.1, 1, 32, 571, 4835, 2, 381.3, 11957.4
2, 128378, 19/12/2018 08:40:09, ADW_UNLOAD_GROUP, 7.9, 12.3, 10780.9, 2.1, 0, 0, 0, 0, 179, 4469, 2.3, 337.4, 8876.8
2, 128379, 19/12/2018 09:00:16, ADW_UNLOAD_GROUP, 4.6, 7, 3026, 0.4, 0, 0, 1, 32, 163, 2343, 2, 225.1, 7348.8
2, 128380, 19/12/2018 09:20:26, ADW_UNLOAD_GROUP, 4.5, 4.6, 2917.1, 0.1, 0, 0, 1, 32, 204, 1012, 0, 174.9, 32.8
2, 128381, 19/12/2018 09:40:04, ADW_UNLOAD_GROUP, 2.3, 3, 1121.5, 0.6, 1, 0, 2, 64, 297, 564, 0.1, 75, 143.9
2, 128382, 19/12/2018 10:00:10, ADW_UNLOAD_GROUP, 0, 0, 0, 0, 1, 0.1, 1, 16, 289, 4, 0, 0.1, 4.5
2, 128383, 19/12/2018 10:20:04, ADW_UNLOAD_GROUP, 0, 0, 0, 0, 0, 0, 0, 0, 477, 0, 0, 0, 0.2
2, 128384, 19/12/2018 10:40:13, ADW_UNLOAD_GROUP, 1.2, 1.3, 0, 0, 0, 0, 5, 56, 624, 272, 0.1, 6.5, 14.4
2, 128385, 19/12/2018 11:00:26, ADW_UNLOAD_GROUP, 1.2, 1.3, 1.9, 0, 2, 0.1, 11, 136, 416, 224, 0.1, 6.7, 19
2, 128386, 19/12/2018 11:20:28, ADW_UNLOAD_GROUP, 2.1, 2.2, 0, 0, 1, 0, 47, 680, 1194, 463, 0.1, 14.9, 39.5
2, 128387, 19/12/2018 11:40:38, ADW_UNLOAD_GROUP, 1, 1, 0, 0, 1, 0.2, 5, 56, 626, 189, 0, 6.4, 17.1
2, 128388, 19/12/2018 12:00:45, ADW_UNLOAD_GROUP, 1, 1.1, 0, 0, 3, 0.1, 12, 144, 595, 205, 0.1, 6.8, 18.9
2, 128389, 19/12/2018 12:20:49, ADW_UNLOAD_GROUP, 2.4, 12.1, 2996.3, 9.5, 4, 0, 261, 2804, 6446, 7457, 0.2, 165.5, 101.8
2, 128390, 19/12/2018 16:55:06, ADW_UNLOAD_GROUP, 27, 28, 4456.6, 0, 5, 0, 157, 3872, 17713, 34189, 1, 12878.6, 438.3
2, 128391, 19/12/2018 17:20:13, ADW_UNLOAD_GROUP, 18, 18.5, 4159, 0, 2, 0, 89, 1890, 2854, 10399, 0.5, 14300.8, 528.8
2, 128393, 19/12/2018 18:00:25, ADW_UNLOAD_GROUP, 0.2, 0.3, 0, 0, 4, 0.3, 4, 32, 406, 30, 0.1, 57.6, 58.1
2, 128394, 19/12/2018 18:20:33, ADW_UNLOAD_GROUP, 0.9, 1.1, 0.1, 0, 1, 0.1, 11, 96, 347, 122, 0.2, 187.6, 223.3
2, 128395, 19/12/2018 18:40:18, ADW_UNLOAD_GROUP, 1.7, 1.8, 0.1, 0, 1, 0, 12, 89, 440, 235, 0.1, 655.7, 88
2, 128396, 19/12/2018 19:00:13, ADW_UNLOAD_GROUP, 1.1, 1.3, 31.8, 0, 5, 0.1, 7, 72, 524, 142, 0.2, 708, 88.2
2, 128398, 19/12/2018 19:40:10, ADW_UNLOAD_GROUP, 1.3, 1.4, 0, 0, 1, 0.1, 13, 95, 294, 214, 0.1, 608, 132.8
2, 128399, 19/12/2018 20:00:03, ADW_UNLOAD_GROUP, 0.5, 0.6, 0, 0, 3, 0.2, 5, 40, 228, 61, 0.1, 66.9, 67.8
2, 128400, 19/12/2018 20:20:07, ADW_UNLOAD_GROUP, 0.5, 0.6, 0, 0, 2, 0.2, 9, 72, 268, 46, 0.1, 120.4, 122.4
2, 128401, 19/12/2018 20:40:12, ADW_UNLOAD_GROUP, 1, 1.1, 0, 0, 0, 0.1, 13, 92, 326, 167, 0.1, 390.8, 99.6
2, 128402, 19/12/2018 21:00:01, ADW_UNLOAD_GROUP, 0.7, 0.8, 0, 0, 3, 0.1, 3, 26, 192, 85, 0.1, 194.3, 32.8
2, 128403, 19/12/2018 21:20:17, ADW_UNLOAD_GROUP, 0.4, 0.5, 0, 0, 1, 0.2, 2, 16, 321, 28, 0.1, 40.6, 41.1
2, 128404, 19/12/2018 21:40:25, ADW_UNLOAD_GROUP, 0.8, 0.9, 0, 0, 2, 0, 7, 56, 314, 81, 0.1, 109.3, 110
2, 128405, 19/12/2018 22:00:01, ADW_UNLOAD_GROUP, 2.4, 2.6, 326.7, 0, 1, 0, 17, 129, 470, 238, 0.2, 690.5, 167.7
2, 128406, 19/12/2018 22:20:11, ADW_UNLOAD_GROUP, 1.1, 1.2, 557.9, 0, 6, 0.6, 5, 136, 393, 177, 0.1, 154, 32.5
2, 128407, 19/12/2018 22:40:20, ADW_UNLOAD_GROUP, 3.2, 5.4, 911.1, 0.9, 4, 0.2, 31, 832, 1025, 583, 1.3, 836.2, 214.8
2, 128408, 19/12/2018 23:00:26, ADW_UNLOAD_GROUP, 0.8, 0.9, 76.9, 0, 1, 0.2, 6, 128, 667, 153, 0.1, 46.6, 56.8
2, 128409, 19/12/2018 23:20:14, ADW_UNLOAD_GROUP, 1.6, 1.8, 223, 0, 2, 0.1, 15, 216, 668, 356, 0.2, 200.2, 202
2, 128410, 19/12/2018 23:40:27, ADW_UNLOAD_GROUP, 2, 2.1, 193.9, 0, 1, 0, 22, 441, 720, 391, 0.1, 611.9, 112.4
2, 128355, 19/12/2018 00:55:27, FP_DM_PRIOR, 0.6, 10.1, 582.4, 9.5, 0, 0, 6, 160, 275, 72, 0, 90.5, 44
2, 128356, 19/12/2018 01:20:34, FP_DM_PRIOR, 6.4, 10.7, 2105.6, 2.5, 0, 0, 81, 1924, 2042, 2971, 1.8, 977.4, 2432.4
2, 128357, 19/12/2018 01:40:45, FP_DM_PRIOR, 7.8, 9.4, 1042, 0, 0, 0, 3, 56, 31, 3662, 1.6, 445.3, 3108.4
2, 128358, 19/12/2018 02:00:52, FP_DM_PRIOR, 2.9, 2.9, 356.4, 0, 0, 0, 0, 0, 18, 702, 0, 68.9, 8.9
2, 128359, 19/12/2018 02:20:53, FP_DM_PRIOR, 0.8, 1.2, 62.6, 0.4, 0, 0, 0, 0, 8, 40, 0, 3.1, 93
2, 128360, 19/12/2018 02:40:59, FP_DM_PRIOR, 1.4, 9.4, 853.1, 7.9, 0, 0, 19, 272, 454, 131, 0.1, 65, 99.8
2, 128361, 19/12/2018 02:56:00, FP_DM_PRIOR, 5.3, 7.7, 2217.9, 1, 0, 0, 41, 898, 1006, 4270, 1.4, 582.4, 2277.4
2, 128362, 19/12/2018 03:39:52, FP_DM_PRIOR, 2.2, 2.3, 13.6, 0, 0, 0, 1, 9, 20, 331, 0.1, 68.9, 293.5
2, 128364, 19/12/2018 04:02:35, FP_DM_PRIOR, 1.8, 8.7, 1617, 6.7, 0, 0, 55, 1138, 1305, 353, 0.2, 318.7, 260
2, 128365, 19/12/2018 04:20:02, FP_DM_PRIOR, 4.5, 7.1, 797.2, 1.8, 0, 0, 26, 652, 863, 1257, 0.8, 1305.6, 1999.5
2, 128366, 19/12/2018 04:40:24, FP_DM_PRIOR, 1.7, 3.8, 1026.7, 1.8, 0, 0, 5, 98, 86, 368, 0.3, 228.6, 1867.3
2, 128367, 19/12/2018 05:00:24, FP_DM_PRIOR, 1.2, 1.3, 10.2, 0, 0, 0, 1, 2, 26, 318, 0.1, 113.4, 323.9
2, 128368, 19/12/2018 05:20:09, FP_DM_PRIOR, 0.2, 0.7, 7.8, 0.5, 0, 0, 0, 0, 22, 9, 0, 3, 275.2
2, 128369, 19/12/2018 05:40:00, FP_DM_PRIOR, 0.4, 0.5, 169, 0.1, 0, 0, 0, 0, 4, 7, 0, 2.3, 292.2
2, 128370, 19/12/2018 06:00:16, FP_DM_PRIOR, 0.5, 6, 817.5, 5.4, 0, 0, 5, 80, 94, 107, 0.1, 32.1, 139.5
2, 128371, 19/12/2018 06:20:18, FP_DM_PRIOR, 5.2, 7, 683.7, 0, 2, 0, 129, 3148, 3545, 3034, 1.8, 2451.7, 2837.2
2, 128372, 19/12/2018 06:40:01, FP_DM_PRIOR, 2, 3.6, 998.2, 0.9, 0, 0, 2, 64, 66, 430, 0.7, 210.9, 1649.2
2, 128373, 19/12/2018 07:00:04, FP_DM_PRIOR, 3.3, 3.4, 429.7, 0, 0, 0, 1, 16, 16, 909, 0.1, 63.1, 272.7
2, 128374, 19/12/2018 07:20:14, FP_DM_PRIOR, 1, 1.5, 784.8, 0.4, 0, 0, 0, 0, 18, 265, 0.1, 23.5, 285.7
2, 128375, 19/12/2018 07:40:22, FP_DM_PRIOR, 0.2, 0.5, 111.6, 0.3, 0, 0, 1, 16, 114, 32, 0, 30, 251.6
2, 128376, 19/12/2018 08:00:27, FP_DM_PRIOR, 1.1, 3.1, 534.8, 1.7, 11, 0.1, 30, 560, 810, 458, 0.3, 415.1, 302.3
2, 128377, 19/12/2018 08:20:37, FP_DM_PRIOR, 2.5, 6.7, 230.9, 3.3, 5, 1.6, 63, 1720, 1765, 1124, 0.9, 1496.3, 743.6
2, 128378, 19/12/2018 08:40:09, FP_DM_PRIOR, 1.3, 4.2, 99.8, 2.2, 12, 1, 17, 484, 604, 625, 0.7, 198.8, 1398.1
2, 128379, 19/12/2018 09:00:16, FP_DM_PRIOR, 0.4, 0.8, 15.4, 0.2, 0, 0, 19, 424, 477, 113, 0.2, 319.1, 340.5
2, 128380, 19/12/2018 09:20:26, FP_DM_PRIOR, 0.1, 0.5, 8.8, 0.3, 0, 0, 0, 0, 0, 25, 0.1, 5.9, 268.3
2, 128381, 19/12/2018 09:40:04, FP_DM_PRIOR, 0.1, 0.4, 8.7, 0.2, 0, 0, 0, 0, 0, 8, 0.1, 3.8, 278.3
2, 128382, 19/12/2018 10:00:10, FP_DM_PRIOR, 0.2, 0.5, 162.3, 0.2, 1, 0, 1, 16, 16, 39, 0.1, 30.9, 347.8
2, 128383, 19/12/2018 10:20:04, FP_DM_PRIOR, 0.9, 13.4, 1435.8, 12.3, 14, 1.1, 9, 208, 273, 247, 0.2, 167.1, 380.6
2, 128384, 19/12/2018 10:40:13, FP_DM_PRIOR, 6.1, 7.5, 1592.4, 0, 5, 0.6, 94, 2272, 2442, 3575, 1.4, 1295.1, 2814.4
2, 128385, 19/12/2018 11:00:26, FP_DM_PRIOR, 2.9, 3.7, 280.1, 0, 0, 0, 0, 0, 5, 1018, 0.8, 246.8, 1446.4
2, 128386, 19/12/2018 11:20:28, FP_DM_PRIOR, 0.2, 0.2, 0, 0, 0, 0, 0, 0, 42, 58, 0, 10.5, 1.1
2, 128387, 19/12/2018 11:40:38, FP_DM_PRIOR, 0, 0.1, 1.6, 0.1, 0, 0, 0, 0, 65, 9, 0, 1.9, 7.9
2, 128388, 19/12/2018 12:00:45, FP_DM_PRIOR, 0.1, 9.8, 1755.8, 9.7, 0, 0, 1, 16, 227, 14, 0, 30.7, 18.6
2, 128389, 19/12/2018 12:20:49, FP_DM_PRIOR, 3.7, 43.9, 10213.3, 39.6, 11, 0, 280, 6712, 8143, 33366, 0.6, 502.1, 1133.2
2, 128390, 19/12/2018 16:55:06, FP_DM_PRIOR, 0.2, 0.2, 12.4, 0, 0, 0, 0, 0, 41, 64, 0, 2.4, 49.4
2, 128391, 19/12/2018 17:20:13, FP_DM_PRIOR, 0.2, 0.4, 6.8, 0.2, 0, 0, 0, 0, 8, 60, 0, 2.4, 49.8
2, 128392, 19/12/2018 17:40:08, FP_DM_PRIOR, 0.2, 0.3, 40.2, 0.1, 0, 0, 0, 0, 4, 12, 0, 1.5, 65
2, 128393, 19/12/2018 18:00:25, FP_DM_PRIOR, 11.2, 16.9, 22181.9, 5.6, 5, 0.2, 2, 48, 389, 11014, 0.1, 817.8, 64.5
2, 128394, 19/12/2018 18:20:33, FP_DM_PRIOR, 19.1, 25.5, 49955.9, 6, 1, 0, 6, 88, 276, 8511, 0.4, 1450.6, 601.4
2, 128395, 19/12/2018 18:40:18, FP_DM_PRIOR, 18.4, 28.4, 52038.1, 9.5, 0, 0, 3, 48, 2, 18910, 0.5, 1113.2, 802.5
2, 128396, 19/12/2018 19:00:13, FP_DM_PRIOR, 19.7, 29.1, 51138.1, 8.9, 0, 0, 0, 0, 0, 8885, 0.5, 434.9, 880.9
2, 128398, 19/12/2018 19:40:10, FP_DM_PRIOR, 18.9, 24.9, 40668.2, 5.3, 2, 0.1, 5, 72, 160, 9544, 0.7, 405.1, 853.5
2, 128399, 19/12/2018 20:00:03, FP_DM_PRIOR, 20, 37.3, 44479.7, 15.7, 2, 0.2, 14, 352, 401, 26028, 1.6, 652.9, 1268
2, 128400, 19/12/2018 20:20:07, FP_DM_PRIOR, 18.8, 34.4, 24638.5, 13.4, 1, 0.1, 18, 301, 464, 17052, 2.2, 622.8, 4384.4
2, 128401, 19/12/2018 20:40:12, FP_DM_PRIOR, 18.8, 35.7, 30640.4, 13.8, 0, 0.1, 7, 160, 174, 18238, 3.1, 716.4, 5523.6
2, 128402, 19/12/2018 21:00:01, FP_DM_PRIOR, 15.3, 32.4, 35534.4, 14.5, 16, 0.3, 36, 760, 949, 15509, 2.6, 772.9, 3638.2
2, 128403, 19/12/2018 21:20:17, FP_DM_PRIOR, 19.2, 34.2, 35335.7, 14, 13, 1.7, 53, 1272, 1459, 15594, 1, 2285.8, 811.6
2, 128404, 19/12/2018 21:40:25, FP_DM_PRIOR, 19.3, 32.7, 47378.6, 8.4, 4, 0.1, 21, 515, 527, 11126, 5, 839.9, 8940.7
2, 128405, 19/12/2018 22:00:01, FP_DM_PRIOR, 19.2, 25.4, 43006.5, 5, 0, 0, 16, 143, 211, 10068, 1.2, 530.5, 1621.3
2, 128406, 19/12/2018 22:20:11, FP_DM_PRIOR, 15.6, 21.1, 40911.8, 4.4, 27, 1.7, 33, 704, 903, 4961, 1.1, 746.5, 1661.7
2, 128407, 19/12/2018 22:40:20, FP_DM_PRIOR, 10.6, 18.9, 22359, 5.6, 6, 0.4, 91, 2464, 2320, 3685, 2.7, 1456.2, 13070.6
2, 128408, 19/12/2018 23:00:26, FP_DM_PRIOR, 12.8, 23, 35364.4, 7, 3, 0.2, 16, 268, 278, 3980, 3.2, 506.2, 11081.1
2, 128409, 19/12/2018 23:20:14, FP_DM_PRIOR, 17.8, 21.8, 27626.6, 0.3, 0, 0, 2, 48, 27, 8113, 3.7, 697.5, 10164.9
2, 128410, 19/12/2018 23:40:27, FP_DM_PRIOR, 16.7, 30.6, 27071.9, 8.9, 6, 0.2, 57, 1320, 1475, 13293, 5, 1224.9, 9132.1
2, 128355, 19/12/2018 00:55:27, HDP_UNLOAD_GROUP, 9.9, 37.4, 10109.2, 19.2, 0, 0, 116, 1080, 1852, 16192, 8.3, 738.8, 2561.1
2, 128356, 19/12/2018 01:20:34, HDP_UNLOAD_GROUP, 10, 28.2, 8947.3, 6.7, 0, 0, 5, 56, 21, 9107, 11.5, 628.2, 2347.6
2, 128357, 19/12/2018 01:40:45, HDP_UNLOAD_GROUP, 8.2, 26.2, 8585.5, 5.4, 0, 0, 44, 380, 696, 5473, 12.6, 524.3, 2934.9
2, 128358, 19/12/2018 02:00:52, HDP_UNLOAD_GROUP, 8.8, 26.9, 8210.8, 6.6, 1, 0, 11, 96, 157, 8126, 11.5, 727, 1595.5
2, 128359, 19/12/2018 02:20:53, HDP_UNLOAD_GROUP, 10.2, 29, 12137.3, 11.1, 0, 0, 0, 0, 0, 12058, 7.7, 865.9, 907.5
2, 128360, 19/12/2018 02:40:59, HDP_UNLOAD_GROUP, 10.1, 18, 6264.1, 0, 0, 0, 0, 0, 0, 7312, 7.9, 832.6, 968.3
2, 128361, 19/12/2018 02:56:00, HDP_UNLOAD_GROUP, 6.2, 16.1, 9087.1, 1.8, 0, 0, 4, 64, 0, 15172, 8.1, 367.9, 914.2
2, 128362, 19/12/2018 03:39:52, HDP_UNLOAD_GROUP, 3.9, 6.3, 4975.1, 0, 0, 0, 15, 136, 224, 623, 2.4, 195.7, 468.8
2, 128364, 19/12/2018 04:02:35, HDP_UNLOAD_GROUP, 3, 3.1, 480.5, 0, 0, 0, 28, 232, 434, 624, 0.1, 194.3, 24.5
2, 128365, 19/12/2018 04:20:02, HDP_UNLOAD_GROUP, 2, 2.3, 291.6, 0.3, 0, 0, 2, 16, 40, 304, 0, 145, 0.3
2, 128366, 19/12/2018 04:40:24, HDP_UNLOAD_GROUP, 1.7, 1.7, 37.6, 0, 0, 0, 10, 80, 152, 193, 0, 131.7, 2
2, 128369, 19/12/2018 05:40:00, HDP_UNLOAD_GROUP, 0, 0.2, 24.1, 0.2, 0, 0, 0, 0, 0, 0, 0, 0, 0
2, 128376, 19/12/2018 08:00:27, HDP_UNLOAD_GROUP, 2.2, 2.8, 361.8, 0.4, 0, 0, 1, 10, 33, 548, 0.2, 29, 13.3
2, 128377, 19/12/2018 08:20:37, HDP_UNLOAD_GROUP, 0.2, 0.2, 38.9, 0, 0, 0, 1, 8, 0, 30, 0, 3.8, 0
2, 128389, 19/12/2018 12:20:49, HDP_UNLOAD_GROUP, 0, 0.1, 11.6, 0.1, 0, 0, 1, 16, 19, 44, 0, 0.4, 0.1
2, 128405, 19/12/2018 22:00:01, HDP_UNLOAD_GROUP, 0.1, 0.1, 15.5, 0, 0, 0, 1, 12, 20, 19, 0, 3.8, 1.4
2, 128408, 19/12/2018 23:00:26, HDP_UNLOAD_GROUP, 7.2, 14.5, 2920.4, 7, 0, 0.7, 2, 32, 128, 22895, 0.3, 831.6, 423.9
2, 128409, 19/12/2018 23:20:14, HDP_UNLOAD_GROUP, 10.1, 16.4, 4388.7, 5.7, 0, 0, 0, 0, 0, 39373, 0.6, 720.9, 885.1
2, 128410, 19/12/2018 23:40:27, HDP_UNLOAD_GROUP, 9.9, 19.3, 6303.9, 8.7, 0, 0, 0, 0, 0, 22816, 0.7, 402.9, 1023.6
2, 128391, 19/12/2018 17:20:13, ODS2EXA_GROUP, 0, 0.1, 3.6, 0.1, 0, 0, 0, 0, 3, 0, 0, 17.1, 0
2, 128392, 19/12/2018 17:40:08, ODS2EXA_GROUP, 0, 0.4, 13.6, 0.4, 0, 0, 0, 0, 3, 2, 0, 76, 0
2, 128393, 19/12/2018 18:00:25, ODS2EXA_GROUP, 0, 0.3, 10.7, 0.3, 0, 0, 0, 0, 6, 0, 0, 68.5, 0
2, 128355, 19/12/2018 00:55:27, ODS_SUPPORT_GROUP, 0, 0, 9.9, 0, 0, 0, 0, 0, 12, 3, 0, 0, 0
2, 128356, 19/12/2018 01:20:34, ODS_SUPPORT_GROUP, 0, 0, 5.5, 0, 0, 0, 0, 0, 9, 20, 0, 0, 0
2, 128362, 19/12/2018 03:39:52, ODS_SUPPORT_GROUP, 0, 0, 0.9, 0, 0, 0, 0, 0, 3, 0, 0, 0, 0
2, 128364, 19/12/2018 04:02:35, ODS_SUPPORT_GROUP, 0, 0, 2.7, 0, 0, 0, 0, 0, 10, 0, 0, 0, 0
2, 128365, 19/12/2018 04:20:02, ODS_SUPPORT_GROUP, 0, 0, 1.3, 0, 0, 0, 0, 0, 9, 2, 0, 0, 0
2, 128366, 19/12/2018 04:40:24, ODS_SUPPORT_GROUP, 0, 0, 1.3, 0, 0, 0, 0, 0, 10, 1, 0, 0, 0
2, 128368, 19/12/2018 05:20:09, ODS_SUPPORT_GROUP, 0, 0, 0.2, 0, 0, 0, 0, 0, 8, 0, 0, 0, 0
2, 128369, 19/12/2018 05:40:00, ODS_SUPPORT_GROUP, 0, 0, 0.4, 0, 0, 0, 0, 0, 8, 0, 0, 0, 0
2, 128370, 19/12/2018 06:00:16, ODS_SUPPORT_GROUP, 0, 0, 2, 0, 0, 0, 0, 0, 8, 2, 0, 0, 0
2, 128371, 19/12/2018 06:20:18, ODS_SUPPORT_GROUP, 0, 0, 3, 0, 0, 0, 0, 0, 6, 0, 0, 0, 0
2, 128372, 19/12/2018 06:40:01, ODS_SUPPORT_GROUP, 0, 0, 3.3, 0, 0, 0, 0, 0, 8, 2, 0, 0, 0
2, 128376, 19/12/2018 08:00:27, ODS_SUPPORT_GROUP, 0, 0, 7.6, 0, 0, 0, 0, 0, 9, 13, 0, 0, 0
2, 128377, 19/12/2018 08:20:37, ODS_SUPPORT_GROUP, 0, 0, 3.3, 0, 0, 0, 0, 0, 24, 5, 0, 0, 0.1
2, 128378, 19/12/2018 08:40:09, ODS_SUPPORT_GROUP, 0, 0, 2.7, 0, 0, 0, 0, 0, 8, 4, 0, 0, 0
2, 128381, 19/12/2018 09:40:04, ODS_SUPPORT_GROUP, 0, 0, 3.1, 0, 0, 0, 0, 0, 9, 4, 0, 0, 0
2, 128382, 19/12/2018 10:00:10, ODS_SUPPORT_GROUP, 0, 0, 2.3, 0, 0, 0, 0, 0, 8, 0, 0, 0, 0
2, 128383, 19/12/2018 10:20:04, ODS_SUPPORT_GROUP, 0, 0, 13.9, 0, 0, 0, 0, 0, 10, 4, 0, 0, 0
2, 128384, 19/12/2018 10:40:13, ODS_SUPPORT_GROUP, 0, 0, 7.5, 0, 0, 0, 0, 0, 9, 14, 0, 0, 0
2, 128385, 19/12/2018 11:00:26, ODS_SUPPORT_GROUP, 0, 0.1, 7, 0.1, 0, 0, 0, 0, 26, 5, 0, 0.2, 1
2, 128386, 19/12/2018 11:20:28, ODS_SUPPORT_GROUP, 0, 0, 17.4, 0, 0, 0, 0, 0, 70, 0, 0, 0, 0.1
2, 128387, 19/12/2018 11:40:38, ODS_SUPPORT_GROUP, 0, 0, 7.1, 0, 0, 0, 0, 0, 60, 5, 0, 0, 0.3
2, 128388, 19/12/2018 12:00:45, ODS_SUPPORT_GROUP, 0, 0, 0, 0, 0, 0, 0, 0, 48, 1, 0, 0, 0.4
2, 128389, 19/12/2018 12:20:49, ODS_SUPPORT_GROUP, 0, 0.4, 43.3, 0.4, 0, 0, 6, 90, 426, 52, 0, 1.9, 2.2
2, 128392, 19/12/2018 17:40:08, ODS_SUPPORT_GROUP, 0, 0, 6.9, 0, 0, 0, 0, 0, 18, 1, 0, 0, 0
2, 128394, 19/12/2018 18:20:33, ODS_SUPPORT_GROUP, 0, 0.1, 27.5, 0.1, 0, 0, 0, 0, 17, 2, 0, 0.1, 2.5
2, 128395, 19/12/2018 18:40:18, ODS_SUPPORT_GROUP, 0.1, 0.1, 2, 0, 0, 0, 0, 0, 18, 6, 0, 6.7, 8.5
2, 128396, 19/12/2018 19:00:13, ODS_SUPPORT_GROUP, 0, 0, 15.8, 0, 0, 0, 0, 0, 19, 2, 0, 0, 0
2, 128398, 19/12/2018 19:40:10, ODS_SUPPORT_GROUP, 0, 0, 3.1, 0, 0, 0, 0, 0, 17, 0, 0, 0, 0
2, 128400, 19/12/2018 20:20:07, ODS_SUPPORT_GROUP, 0, 0, 4.1, 0, 0, 0, 0, 0, 16, 0, 0, 0, 0
2, 128404, 19/12/2018 21:40:25, ODS_SUPPORT_GROUP, 0, 0, 5.7, 0, 0, 0, 0, 0, 18, 2, 0, 0, 0
2, 128407, 19/12/2018 22:40:20, ODS_SUPPORT_GROUP, 0, 0, 0.4, 0, 0, 0, 0, 0, 18, 1, 0, 0, 0
2, 128408, 19/12/2018 23:00:26, ODS_SUPPORT_GROUP, 0, 0, 10.7, 0, 0, 0, 0, 0, 18, 1, 0, 0, 0
2, 128409, 19/12/2018 23:20:14, ODS_SUPPORT_GROUP, 0, 0, 8, 0, 0, 0, 0, 0, 18, 3, 0, 0, 0
2, 128410, 19/12/2018 23:40:27, ODS_SUPPORT_GROUP, 0, 0, 9.2, 0, 0, 0, 0, 0, 16, 4, 0, 0, 0
2, 128355, 19/12/2018 00:55:27, OTHER_GROUPS, 14.3, 52.8, 9124.5, 33.2, 0, 0, 0, 0, 1513, 12240, 5.3, 98.3, 6073.9
2, 128356, 19/12/2018 01:20:34, OTHER_GROUPS, 13.6, 34.5, 7797.5, 18.2, 0, 0, 0, 0, 1521, 9547, 2.7, 55.2, 1731.8
2, 128357, 19/12/2018 01:40:45, OTHER_GROUPS, 14.6, 36.2, 8727.2, 19.4, 0, 0, 0, 0, 1418, 13243, 2.2, 33.7, 1423
2, 128358, 19/12/2018 02:00:52, OTHER_GROUPS, 15.4, 26.2, 7561.3, 7.6, 0, 0, 0, 0, 1500, 13519, 3.2, 71.6, 2121.2
2, 128359, 19/12/2018 02:20:53, OTHER_GROUPS, 12.4, 30, 9532.7, 15.5, 0, 0, 0, 0, 965, 8846, 2.1, 57.5, 1861.7
2, 128360, 19/12/2018 02:40:59, OTHER_GROUPS, 13.8, 23.8, 5255.1, 5.5, 0, 0, 0, 0, 535, 8439, 4.5, 49.3, 2100.3
2, 128361, 19/12/2018 02:56:00, OTHER_GROUPS, 13.1, 38, 9306.3, 18.2, 0, 0, 0, 0, 1506, 25324, 6.7, 53.6, 1889.4
2, 128362, 19/12/2018 03:39:52, OTHER_GROUPS, 9.9, 12.3, 4255.8, 0, 0, 0, 0, 0, 729, 8201, 2.4, 49.8, 2293.2
2, 128363, 19/12/2018 03:55:12, OTHER_GROUPS, 7, 53.6, 30766.7, 44.5, 0, 0, 0, 0, 228, 2354, 2.1, 63.5, 2134.1
2, 128364, 19/12/2018 04:02:35, OTHER_GROUPS, 7.7, 33.8, 57105.7, 23.8, 0, 0, 0, 0, 1931, 4546, 2.3, 245.1, 2400.3
2, 128365, 19/12/2018 04:20:02, OTHER_GROUPS, 14.9, 24.9, 36818, 7, 0, 0, 0, 0, 2270, 12676, 3, 706.9, 1940.3
2, 128366, 19/12/2018 04:40:24, OTHER_GROUPS, 10.8, 24.1, 37060.8, 9, 0, 0, 0, 0, 2271, 5312, 4.3, 498.9, 1794.1
2, 128367, 19/12/2018 05:00:24, OTHER_GROUPS, 11.9, 42.8, 43868.1, 25.1, 0, 0, 0, 0, 2205, 6909, 5.8, 370.9, 2055.3
2, 128368, 19/12/2018 05:20:09, OTHER_GROUPS, 10.3, 23, 36847.6, 7.2, 0, 0, 0, 0, 2088, 6065, 5.5, 344.6, 1969.4
2, 128369, 19/12/2018 05:40:00, OTHER_GROUPS, 8.7, 27.9, 16319.5, 12.5, 0, 0, 0, 0, 1596, 4518, 6.7, 334.6, 2589.5
2, 128370, 19/12/2018 06:00:16, OTHER_GROUPS, 11.8, 25.3, 8695.9, 9.5, 0, 0, 0, 0, 1863, 10834, 4, 79.6, 2881.6
2, 128371, 19/12/2018 06:20:18, OTHER_GROUPS, 8.8, 25.6, 8552, 14.2, 0, 0, 0, 0, 875, 6050, 2.6, 45, 2569.8
2, 128372, 19/12/2018 06:40:01, OTHER_GROUPS, 8.8, 26.1, 8620.9, 14, 0, 0, 0, 0, 610, 5870, 3.3, 46.1, 2868.9
2, 128373, 19/12/2018 07:00:04, OTHER_GROUPS, 11.1, 15, 2638.5, 0, 0, 0, 0, 0, 2854, 11935, 3.9, 63.7, 3503.7
2, 128374, 19/12/2018 07:20:14, OTHER_GROUPS, 9.9, 24.4, 8794.2, 11.4, 0, 0, 0, 0, 1221, 8714, 3.1, 57.3, 4207.8
2, 128375, 19/12/2018 07:40:22, OTHER_GROUPS, 8.9, 25.1, 9195.7, 10.4, 0, 0, 0, 0, 1174, 8494, 5.8, 1496.8, 4879.9
2, 128376, 19/12/2018 08:00:27, OTHER_GROUPS, 15.1, 45.1, 14715.6, 23.3, 0, 0, 2, 66, 1089, 22388, 6.7, 188.4, 5245.1
2, 128377, 19/12/2018 08:20:37, OTHER_GROUPS, 13.5, 50.8, 9207.5, 33.5, 0, 0, 0, 0, 1016, 22988, 3.8, 76.6, 3713.7
2, 128378, 19/12/2018 08:40:09, OTHER_GROUPS, 14, 35.8, 9374.3, 15.9, 2, 0.2, 2, 32, 860, 19202, 5.9, 125.3, 4883.7
2, 128379, 19/12/2018 09:00:16, OTHER_GROUPS, 15.1, 40.6, 8678.1, 20.2, 0, 0, 0, 0, 799, 24216, 5.3, 113.2, 5194
2, 128380, 19/12/2018 09:20:26, OTHER_GROUPS, 13.4, 40.7, 9160.7, 23, 0, 0, 0, 0, 913, 19925, 4.3, 106, 5592.9
2, 128381, 19/12/2018 09:40:04, OTHER_GROUPS, 15.5, 41.9, 9153.3, 18.8, 1, 0, 1, 16, 863, 23473, 7.6, 117.2, 6767.1
2, 128382, 19/12/2018 10:00:10, OTHER_GROUPS, 16.7, 54.9, 9740, 31.9, 0, 0, 0, 0, 1034, 31195, 6.3, 133.1, 7466.2
2, 128383, 19/12/2018 10:20:04, OTHER_GROUPS, 16.9, 79, 15993.8, 57.4, 1, 0.1, 1, 16, 878, 28945, 4.7, 135.9, 5435.9
2, 128384, 19/12/2018 10:40:13, OTHER_GROUPS, 18.6, 51.1, 9847.7, 27.1, 0, 0, 0, 0, 748, 29809, 5.4, 117, 5628.2
2, 128385, 19/12/2018 11:00:26, OTHER_GROUPS, 17.7, 49.1, 9011.5, 25.1, 0, 0, 0, 0, 761, 31621, 6.3, 111.7, 5035.9
2, 128386, 19/12/2018 11:20:28, OTHER_GROUPS, 15.9, 38.8, 9760.7, 18.3, 0, 0, 0, 0, 841, 23698, 4.6, 121.5, 5941.6
2, 128387, 19/12/2018 11:40:38, OTHER_GROUPS, 17.1, 44, 9950.6, 22.9, 1, 0, 0, 0, 689, 26109, 4, 117.4, 5648.5
2, 128388, 19/12/2018 12:00:45, OTHER_GROUPS, 17, 47.6, 8984.9, 25.8, 0, 0, 1, 16, 611, 28099, 4.8, 279.5, 5270.1
2, 128389, 19/12/2018 12:20:49, OTHER_GROUPS, 17.3, 46.3, 10354.4, 24.6, 2, 0, 7, 112, 19581, 369516, 4.4, 128, 5097
2, 128390, 19/12/2018 16:55:06, OTHER_GROUPS, 21.9, 27.7, 3367.2, 0, 0, 0, 0, 0, 2275, 59855, 5.8, 97.2, 4354.8
2, 128391, 19/12/2018 17:20:13, OTHER_GROUPS, 18.3, 42, 9091, 19.3, 0, 0, 0, 0, 911, 34443, 4.4, 110.5, 4821.1
2, 128392, 19/12/2018 17:40:08, OTHER_GROUPS, 10.7, 27.3, 9071.5, 12.9, 0, 0, 0, 0, 611, 17762, 3.7, 113.1, 5293.5
2, 128393, 19/12/2018 18:00:25, OTHER_GROUPS, 12.7, 37.2, 10455.1, 20.2, 0, 0, 0, 0, 1701, 16314, 4.3, 101.4, 5211.9
2, 128394, 19/12/2018 18:20:33, OTHER_GROUPS, 12.5, 50, 9310.4, 34.6, 0, 0, 0, 0, 911, 19746, 2.9, 79.7, 3799.1
2, 128395, 19/12/2018 18:40:18, OTHER_GROUPS, 10.8, 24.6, 7186.2, 10.9, 0, 0, 0, 0, 552, 10911, 2.9, 78.5, 3787
2, 128396, 19/12/2018 19:00:13, OTHER_GROUPS, 12.1, 35.1, 9978.2, 19.5, 0, 0, 0, 0, 484, 14445, 3.5, 80.4, 3826
2, 128397, 19/12/2018 19:20:32, OTHER_GROUPS, 11.2, 52.8, 50460.9, 38.6, 0, 0, 0, 0, 1759, 12026, 3, 80, 3886.9
2, 128398, 19/12/2018 19:40:10, OTHER_GROUPS, 10.7, 32.2, 8398.9, 19, 0, 0, 0, 0, 590, 8392, 2.5, 79.3, 3590.2
2, 128399, 19/12/2018 20:00:03, OTHER_GROUPS, 13.2, 47.7, 9883, 31.7, 0, 0, 0, 0, 662, 11315, 2.8, 79.5, 3030.8
2, 128400, 19/12/2018 20:20:07, OTHER_GROUPS, 10.3, 30.3, 8986.9, 17.8, 0, 0, 0, 0, 657, 8591, 2.2, 63.8, 3308.2
2, 128401, 19/12/2018 20:40:12, OTHER_GROUPS, 11.2, 42, 9261.3, 28.1, 0, 0, 0, 0, 708, 12365, 2.7, 73.2, 3086.8
2, 128402, 19/12/2018 21:00:01, OTHER_GROUPS, 9.7, 33.4, 8067.1, 17, 0, 0, 0, 0, 510, 7335, 6.7, 73.3, 3368.1
2, 128403, 19/12/2018 21:20:17, OTHER_GROUPS, 10.3, 34.6, 8827.1, 22.1, 0, 0, 0, 0, 745, 11061, 2.2, 57.2, 2649.2
2, 128404, 19/12/2018 21:40:25, OTHER_GROUPS, 12.4, 37.1, 8063, 19.8, 0, 0, 0, 0, 721, 13095, 4.9, 79, 3734.1
2, 128405, 19/12/2018 22:00:01, OTHER_GROUPS, 10.9, 24.8, 7760.4, 11.5, 0, 0, 0, 0, 529, 7030, 2.4, 59.8, 2273.6
2, 128406, 19/12/2018 22:20:11, OTHER_GROUPS, 6.8, 20.7, 7471, 12.4, 0, 0, 0, 0, 665, 5138, 1.5, 52, 1921.2
2, 128407, 19/12/2018 22:40:20, OTHER_GROUPS, 7, 23.1, 7197.1, 14.6, 0, 0, 0, 0, 684, 14577, 1.5, 50.8, 1516.9
2, 128408, 19/12/2018 23:00:26, OTHER_GROUPS, 6.8, 32.5, 10753.2, 24.2, 0, 0, 0, 0, 624, 4916, 1.5, 44.4, 2170.5
2, 128409, 19/12/2018 23:20:14, OTHER_GROUPS, 11.1, 31.4, 8066, 17.6, 0, 0, 0, 0, 770, 6956, 2.7, 69.8, 4242
2, 128410, 19/12/2018 23:40:27, OTHER_GROUPS, 7.6, 21.3, 7897.3, 12, 0, 0, 0, 0, 718, 2847, 1.7, 47.1, 1285.8
3, 128360, 15/12/2018 03:00:27, ADW_UNLOAD_GROUP, 0.2, 0.2, 0, 0, 0, 0, 1, 32, 6113, 12837, 0, 6.6, 4
3, 128361, 19/12/2018 02:55:59, ADW_UNLOAD_GROUP, 0, 0, 0, 0, 0, 0, 0, 0, 141, 3, 0, 0, 0
3, 128366, 19/12/2018 03:55:12, ADW_UNLOAD_GROUP, 0, 0, 0, 0, 0, 0, 0, 0, 219, 12, 0, 0, 0
3, 128368, 19/12/2018 05:00:24, ADW_UNLOAD_GROUP, 0, 0, 0, 0, 0, 0, 0, 0, 124, 1, 0, 0, 0
3, 128372, 19/12/2018 05:40:00, ADW_UNLOAD_GROUP, 0, 0, 0.1, 0, 0, 0, 0, 0, 264, 6, 0, 0, 0
3, 128375, 19/12/2018 07:40:22, ADW_UNLOAD_GROUP, 0, 0, 0, 0, 0, 0, 0, 0, 71, 0, 0, 0, 0
3, 128376, 19/12/2018 08:00:27, ADW_UNLOAD_GROUP, 0, 0, 0, 0, 0, 0, 0, 0, 67, 1, 0, 0, 0
3, 128377, 19/12/2018 08:20:37, ADW_UNLOAD_GROUP, 0, 1.8, 180, 1.8, 0, 0, 0, 0, 64, 1, 0, 0, 0
3, 128378, 19/12/2018 08:40:09, ADW_UNLOAD_GROUP, 0, 5.9, 1386.3, 5.9, 0, 0, 0, 0, 67, 0, 0, 0, 0
3, 128379, 19/12/2018 09:00:17, ADW_UNLOAD_GROUP, 0, 6.2, 2736.4, 6.2, 0, 0, 0, 0, 66, 1, 0, 0, 0
3, 128380, 19/12/2018 09:20:31, ADW_UNLOAD_GROUP, 0, 3.2, 1104.7, 3.2, 0, 0, 0, 0, 53, 5, 0, 0, 0
3, 128381, 19/12/2018 09:40:04, ADW_UNLOAD_GROUP, 0, 0.6, 68.8, 0.6, 0, 0, 0, 0, 56, 3, 0, 0, 0
3, 128382, 19/12/2018 10:00:10, ADW_UNLOAD_GROUP, 0.1, 0.8, 80, 0.7, 0, 0, 0, 0, 71, 47, 0, 0, 0.5
3, 128389, 19/12/2018 10:20:01, ADW_UNLOAD_GROUP, 0, 0, 0, 0, 0, 0, 0, 0, 1225, 100, 0, 0, 0
3, 128392, 19/12/2018 17:40:08, ADW_UNLOAD_GROUP, 0, 0.4, 15.7, 0.4, 0, 0, 0, 0, 73, 4, 0, 0, 0
3, 128393, 19/12/2018 18:00:25, ADW_UNLOAD_GROUP, 0, 0.1, 10.9, 0.1, 0, 0, 0, 0, 70, 0, 0, 0, 0
3, 128394, 19/12/2018 18:20:41, ADW_UNLOAD_GROUP, 0, 0, 0, 0, 0, 0, 0, 0, 83, 3, 0, 0, 0
3, 128396, 19/12/2018 19:00:12, ADW_UNLOAD_GROUP, 0.1, 0.3, 131, 0.1, 0, 0, 1, 2, 113, 40, 0.1, 15.1, 14.2
3, 128398, 19/12/2018 19:40:10, ADW_UNLOAD_GROUP, 0, 0, 0, 0, 0, 0, 0, 0, 56, 2, 0, 0, 0
3, 128399, 19/12/2018 20:00:03, ADW_UNLOAD_GROUP, 0, 0, 0, 0, 0, 0, 0, 0, 55, 0, 0, 0, 0
3, 128400, 19/12/2018 20:20:06, ADW_UNLOAD_GROUP, 0, 0, 0, 0, 0, 0, 0, 0, 61, 1, 0, 0, 0
3, 128402, 19/12/2018 21:00:01, ADW_UNLOAD_GROUP, 0, 0, 0, 0, 0, 0, 0, 0, 56, 1, 0, 0, 0
3, 128403, 19/12/2018 21:20:17, ADW_UNLOAD_GROUP, 0, 0, 0, 0, 0, 0, 0, 0, 55, 1, 0, 0, 0
3, 128406, 19/12/2018 22:20:11, ADW_UNLOAD_GROUP, 0, 0, 0, 0, 0, 0, 0, 0, 61, 1, 0, 0, 0
3, 128407, 19/12/2018 22:40:20, ADW_UNLOAD_GROUP, 0, 0, 0.2, 0, 0, 0, 0, 0, 55, 0, 0, 0, 0
3, 128408, 19/12/2018 23:00:26, ADW_UNLOAD_GROUP, 0, 10.7, 890.9, 10.7, 0, 0, 0, 0, 56, 0, 0, 0, 0
3, 128409, 19/12/2018 23:20:14, ADW_UNLOAD_GROUP, 0, 1.9, 518.8, 1.9, 0, 0, 0, 0, 55, 0, 0, 0, 0
3, 128410, 19/12/2018 23:40:27, ADW_UNLOAD_GROUP, 0, 0.4, 2.2, 0.4, 0, 0, 0, 0, 51, 0, 0, 0, 0
3, 128360, 15/12/2018 03:00:27, DM_TECH_GROUP, 2.3, 8.7, 7886.1, 6, 10, 0, 10404, 149973, 157858, 679311, 0.4, 218.1, 685.1
3, 128361, 19/12/2018 02:55:59, DM_TECH_GROUP, 16.2, 42.1, 30218, 21.9, 0, 0, 56, 872, 994, 15527, 4, 696, 3133.8
3, 128362, 19/12/2018 03:39:52, DM_TECH_GROUP, 18, 20.6, 14265.7, 0, 0, 0, 9, 116, 296, 3934, 2.6, 1028.1, 3716.7
3, 128366, 19/12/2018 03:55:12, DM_TECH_GROUP, 14, 18.6, 10598, 0, 1, 0, 804, 11594, 11771, 15117, 4.6, 1586.5, 8319.6
3, 128368, 19/12/2018 05:00:24, DM_TECH_GROUP, 8.1, 11.5, 4516.3, 0, 0, 0, 149, 2204, 2398, 4918, 3.4, 564.7, 9736.9
3, 128372, 19/12/2018 05:40:00, DM_TECH_GROUP, 5.2, 7.2, 3218.8, 0, 0, 0, 1080, 15396, 15605, 3279, 2, 721.8, 3862.9
3, 128373, 19/12/2018 07:00:03, DM_TECH_GROUP, 4.8, 6.8, 1943.4, 0, 0, 0, 755, 10752, 10791, 953, 2, 1786.5, 4686.8
3, 128374, 19/12/2018 07:21:14, DM_TECH_GROUP, 11.6, 14.9, 10728.9, 2.1, 0, 0, 79, 1176, 1473, 4283, 1.2, 3228.8, 3165
3, 128375, 19/12/2018 07:40:22, DM_TECH_GROUP, 14.2, 18.1, 10099.3, 3.7, 0, 0, 31, 488, 670, 18299, 0.2, 447.3, 151.4
3, 128376, 19/12/2018 08:00:27, DM_TECH_GROUP, 16.6, 20.2, 11076.6, 3.5, 2, 0, 12, 160, 200, 6532, 0.1, 420.1, 49.1
3, 128377, 19/12/2018 08:20:37, DM_TECH_GROUP, 16, 18.6, 8498.6, 2.4, 1, 0.4, 9, 118, 147, 3817, 0.2, 291.9, 195.6
3, 128378, 19/12/2018 08:40:09, DM_TECH_GROUP, 16.7, 26.4, 18367, 8.9, 91, 2.8, 163, 1812, 2229, 19856, 0.8, 872.9, 1176.4
3, 128379, 19/12/2018 09:00:17, DM_TECH_GROUP, 17.8, 20.6, 19335.7, 2.3, 0, 0, 59, 832, 969, 17792, 0.5, 632.9, 513.2
3, 128380, 19/12/2018 09:20:31, DM_TECH_GROUP, 14.2, 15.6, 10497.5, 1.1, 4, 0, 16, 224, 259, 8871, 0.3, 404.4, 485.5
3, 128381, 19/12/2018 09:40:04, DM_TECH_GROUP, 12, 12.4, 9776.3, 0.2, 2, 0.1, 2, 24, 89, 6129, 0.2, 309.1, 169.7
3, 128382, 19/12/2018 10:00:10, DM_TECH_GROUP, 13.2, 14, 11447, 0.5, 6, 0.3, 11, 132, 189, 8569, 0.3, 360.1, 275.6
3, 128389, 19/12/2018 10:20:01, DM_TECH_GROUP, 7.4, 9, 6855.7, 0.6, 92, 0.1, 2580, 37224, 37971, 116954, 1, 505.5, 2364.3
3, 128391, 19/12/2018 17:20:13, DM_TECH_GROUP, 5.1, 5.3, 1210.1, 0.2, 0, 0, 0, 0, 38, 1234, 0, 95.8, 3.6
3, 128392, 19/12/2018 17:40:08, DM_TECH_GROUP, 6.4, 6.6, 2534.1, 0.2, 0, 0, 0, 0, 0, 2683, 0, 112, 1.6
3, 128393, 19/12/2018 18:00:25, DM_TECH_GROUP, 6.5, 6.8, 4709, 0.3, 0, 0, 0, 0, 3, 3191, 0, 107.2, 0
3, 128394, 19/12/2018 18:20:41, DM_TECH_GROUP, 6.7, 6.7, 4641.6, 0, 0, 0, 0, 0, 63, 3795, 0, 129.5, 0
3, 128395, 19/12/2018 18:40:17, DM_TECH_GROUP, 2.9, 3, 1506.1, 0.1, 0, 0, 1, 32, 0, 2227, 0, 95.4, 3.8
3, 128396, 19/12/2018 19:00:12, DM_TECH_GROUP, 0.2, 0.2, 24.9, 0, 0, 0, 0, 0, 0, 9, 0, 3.5, 0
3, 128398, 19/12/2018 19:40:10, DM_TECH_GROUP, 0.5, 0.7, 117.8, 0.1, 11, 0, 2, 40, 39, 33, 0.1, 9.1, 106
3, 128399, 19/12/2018 20:00:03, DM_TECH_GROUP, 2.3, 10.4, 408.6, 6.9, 39, 1.7, 384, 5568, 5584, 415, 1.2, 1471.1, 3248.7
3, 128400, 19/12/2018 20:20:06, DM_TECH_GROUP, 2.1, 5.4, 2608.2, 2.9, 10, 0.4, 380, 5302, 5387, 160, 0.4, 536.9, 2351.5
3, 128401, 19/12/2018 20:40:13, DM_TECH_GROUP, 0.8, 4.2, 194.7, 3.1, 0, 0, 32, 512, 539, 60, 0.3, 200.7, 2206.2
3, 128402, 19/12/2018 21:00:01, DM_TECH_GROUP, 0.9, 2.1, 198.4, 0.6, 3, 0.1, 32, 448, 465, 136, 0.6, 136.6, 787.9
3, 128403, 19/12/2018 21:20:17, DM_TECH_GROUP, 0.4, 0.9, 47.7, 0.4, 6, 0.1, 24, 336, 349, 69, 0.1, 9.5, 175.5
3, 128404, 19/12/2018 21:40:25, DM_TECH_GROUP, 0.2, 0.6, 5.1, 0.3, 0, 0, 3, 48, 83, 10, 0.1, 1.6, 194.1
3, 128405, 19/12/2018 22:00:01, DM_TECH_GROUP, 2.6, 7.6, 344.5, 3.2, 8, 0.1, 725, 10320, 10312, 566, 1.8, 1675.6, 3957.2
3, 128406, 19/12/2018 22:20:11, DM_TECH_GROUP, 2.4, 10.7, 1515.7, 7.2, 13, 0.9, 64, 992, 1185, 470, 1.1, 370.5, 4243
3, 128407, 19/12/2018 22:40:20, DM_TECH_GROUP, 4.6, 15.5, 29212.3, 8.6, 4, 0.1, 6, 160, 35, 1079, 2.3, 502.6, 13223.9
3, 128408, 19/12/2018 23:00:26, DM_TECH_GROUP, 1.8, 3.5, 3382.4, 1.3, 1, 0.3, 43, 608, 616, 334, 0.4, 275.9, 890.2
3, 128409, 19/12/2018 23:20:14, DM_TECH_GROUP, 0.3, 0.5, 46.7, 0.2, 0, 0, 16, 224, 209, 21, 0, 8.6, 102.2
3, 128410, 19/12/2018 23:40:27, DM_TECH_GROUP, 0.1, 0.2, 11.7, 0.1, 0, 0, 0, 0, 0, 5, 0, 3.9, 0
3, 128360, 15/12/2018 03:00:27, OTHER_GROUPS, 0.7, 0.9, 189.5, 0, 0, 0, 2186, 14430, 122850, 78741, 0.2, 162.5, 62.1
3, 128361, 19/12/2018 02:55:59, OTHER_GROUPS, 0.1, 50.9, 20497, 50.8, 0, 0, 0, 0, 1316, 139, 0, 6.2, 24.4
3, 128362, 19/12/2018 03:39:52, OTHER_GROUPS, 0.2, 19.3, 5173.4, 19, 0, 0, 0, 0, 685, 32, 0.1, 11.9, 51
3, 128366, 19/12/2018 03:55:12, OTHER_GROUPS, 16.2, 22, 17590, 4.7, 1, 0, 47, 376, 7617, 24349, 1.1, 1464.3, 128.8
3, 128368, 19/12/2018 05:00:24, OTHER_GROUPS, 19.9, 28.1, 27520.1, 4.8, 0, 0, 4, 32, 4512, 11469, 3.4, 989.7, 50
3, 128372, 19/12/2018 05:40:00, OTHER_GROUPS, 8.9, 16.8, 5718.6, 5.2, 0, 0, 5, 40, 6438, 7938, 2.7, 478, 62.4
3, 128373, 19/12/2018 07:00:03, OTHER_GROUPS, 0.4, 23.1, 5329.4, 22.5, 0, 0, 0, 0, 3306, 91, 0.2, 28.8, 31.8
3, 128374, 19/12/2018 07:21:14, OTHER_GROUPS, 0.6, 73.6, 29089, 72.9, 0, 0, 1, 40, 1068, 163, 0.1, 86.9, 52.1
3, 128375, 19/12/2018 07:40:22, OTHER_GROUPS, 0.3, 69.5, 22842.9, 69.1, 0, 0, 0, 0, 979, 48, 0.1, 35.9, 165.1
3, 128376, 19/12/2018 08:00:27, OTHER_GROUPS, 0.6, 69.6, 20749.1, 68.9, 0, 0, 0, 0, 930, 639, 0.1, 44.3, 131.1
3, 128377, 19/12/2018 08:20:37, OTHER_GROUPS, 0.7, 58.4, 25159.3, 57.6, 1, 0, 2, 62, 910, 411, 0.1, 132.1, 69.3
3, 128378, 19/12/2018 08:40:09, OTHER_GROUPS, 0.2, 51.4, 24183.9, 51.1, 0, 0, 0, 0, 763, 58, 0.1, 21.4, 66.2
3, 128379, 19/12/2018 09:00:17, OTHER_GROUPS, 0.2, 62, 26503.9, 61.7, 0, 0, 0, 0, 747, 110, 0.1, 8, 40.4
3, 128380, 19/12/2018 09:20:31, OTHER_GROUPS, 0.3, 87.3, 37641.2, 86.9, 0, 0, 0, 0, 859, 254, 0.1, 7.7, 54.6
3, 128381, 19/12/2018 09:40:04, OTHER_GROUPS, 0.2, 94.7, 45805, 94.4, 0, 0, 0, 0, 704, 230, 0.1, 7, 59
3, 128382, 19/12/2018 10:00:10, OTHER_GROUPS, 0.3, 96.4, 44858.2, 96, 0, 0, 0, 0, 834, 231, 0.1, 10.3, 33.8
3, 128389, 19/12/2018 10:20:01, OTHER_GROUPS, 0.3, 15.1, 5686.7, 14.7, 0, 0, 1, 16, 15684, 4155, 0.1, 13.4, 37.9
3, 128390, 19/12/2018 17:12:12, OTHER_GROUPS, 0.2, 148.7, 60107, 148.4, 0, 0, 0, 0, 182, 13, 0.1, 2.7, 52.2
3, 128391, 19/12/2018 17:20:13, OTHER_GROUPS, 0.4, 125.6, 39265.3, 125.2, 0, 0, 0, 0, 760, 74, 0, 17.7, 28.9
3, 128392, 19/12/2018 17:40:08, OTHER_GROUPS, 0.3, 126.1, 54007.6, 125.8, 0, 0, 1, 64, 706, 207, 0, 5.5, 29.7
3, 128393, 19/12/2018 18:00:25, OTHER_GROUPS, 0.4, 106.1, 45678.2, 105.6, 0, 0, 1, 32, 699, 337, 0.1, 61.9, 43.3
3, 128394, 19/12/2018 18:20:41, OTHER_GROUPS, 0.2, 125.5, 51742.5, 125.3, 0, 0, 0, 0, 977, 194, 0, 8.1, 39.9
3, 128395, 19/12/2018 18:40:17, OTHER_GROUPS, 0.2, 107.5, 39876.3, 107.3, 0, 0, 0, 0, 566, 128, 0, 13.6, 37.9
3, 128396, 19/12/2018 19:00:12, OTHER_GROUPS, 3.2, 111.3, 52111.4, 108, 4, 0.1, 1, 16, 806, 3379, 0.1, 807.5, 54.1
3, 128397, 19/12/2018 19:20:31, OTHER_GROUPS, 3.9, 134.1, 56435.2, 130.2, 1, 0, 3, 64, 1126, 3530, 0, 619.2, 36.8
3, 128398, 19/12/2018 19:40:10, OTHER_GROUPS, 0.2, 103.3, 51146.7, 103.1, 0, 0, 0, 0, 601, 53, 0, 8.6, 47.2
3, 128399, 19/12/2018 20:00:03, OTHER_GROUPS, 0.2, 93, 43936.8, 92.7, 0, 0, 0, 0, 580, 23, 0.1, 5.5, 50.2
3, 128400, 19/12/2018 20:20:06, OTHER_GROUPS, 0.5, 101.9, 60886.7, 101.3, 2, 0.1, 1, 16, 727, 81, 0.1, 130.7, 172.8
3, 128401, 19/12/2018 20:40:13, OTHER_GROUPS, 0.2, 91, 47812.2, 90.7, 0, 0, 2, 32, 599, 23, 0.1, 9.4, 57.3
3, 128402, 19/12/2018 21:00:01, OTHER_GROUPS, 0.3, 85.4, 41589.1, 85, 0, 0, 0, 0, 559, 35, 0.1, 5.1, 18.9
3, 128403, 19/12/2018 21:20:17, OTHER_GROUPS, 0.3, 75.4, 32384, 75.1, 0, 0, 0, 0, 733, 51, 0, 3, 26.2
3, 128404, 19/12/2018 21:40:25, OTHER_GROUPS, 0.1, 78.6, 33299.4, 78.4, 0, 0, 0, 0, 612, 26, 0.1, 3.7, 63.9
3, 128405, 19/12/2018 22:00:01, OTHER_GROUPS, 1.5, 82.5, 19641.9, 80.5, 0, 0, 2, 21, 612, 350, 0.5, 183.1, 395.8
3, 128406, 19/12/2018 22:20:11, OTHER_GROUPS, 0.4, 89.5, 19611.3, 88.9, 0, 0, 0, 0, 694, 131, 0.2, 6.7, 76.4
3, 128407, 19/12/2018 22:40:20, OTHER_GROUPS, 0.2, 78.2, 17306, 77.9, 0, 0, 0, 0, 694, 32, 0.1, 6.8, 33.1
3, 128408, 19/12/2018 23:00:26, OTHER_GROUPS, 3.9, 70.4, 22268.6, 66.4, 3, 0.2, 2, 126, 867, 1248, 0.1, 901.8, 31.9
3, 128409, 19/12/2018 23:20:14, OTHER_GROUPS, 2.3, 66.1, 31718.5, 63.8, 0, 0, 0, 0, 798, 737, 0, 55.3, 33.8
3, 128410, 19/12/2018 23:40:27, OTHER_GROUPS, 0.7, 62.9, 30215.8, 62.2, 0, 0, 0, 0, 926, 150, 0, 15.7, 41.9
3, 128360, 15/12/2018 03:00:27, SZB_SANDBOX_GROUP, 4.1, 4.4, 495.1, 0, 36, 0, 2993, 98827, 254610, 1538316, 0.3, 689, 453.3
3, 128361, 19/12/2018 02:55:59, SZB_SANDBOX_GROUP, 14.5, 25.6, 12472.6, 10.1, 0, 0, 11, 559, 5244, 28142, 1, 8187.7, 477
3, 128362, 19/12/2018 03:39:52, SZB_SANDBOX_GROUP, 9.4, 10.2, 1386.4, 0, 0, 0, 5, 239, 2317, 1692, 0.8, 1436.9, 814.3
3, 128366, 19/12/2018 03:55:12, SZB_SANDBOX_GROUP, 12.1, 14, 4290.1, 0, 2, 0, 16, 686, 11300, 15608, 1.9, 4380.6, 2123.1
3, 128368, 19/12/2018 05:00:24, SZB_SANDBOX_GROUP, 9.2, 11.7, 4890.8, 0, 0, 0, 8, 318, 2592, 5192, 2.5, 2022, 3107.3
3, 128372, 19/12/2018 05:40:00, SZB_SANDBOX_GROUP, 14.2, 16.3, 8566.3, 0, 0, 0, 26, 1213, 5894, 36099, 2.1, 1482.3, 4540.3
3, 128373, 19/12/2018 07:00:03, SZB_SANDBOX_GROUP, 14.4, 15.7, 2021.1, 0, 0, 0, 7, 335, 1161, 7475, 1.3, 2614.1, 2531.7
3, 128374, 19/12/2018 07:21:14, SZB_SANDBOX_GROUP, 14.6, 18.5, 14245.5, 3.2, 0, 0, 2, 79, 1592, 6071, 0.7, 412.2, 1106
3, 128375, 19/12/2018 07:40:22, SZB_SANDBOX_GROUP, 9.3, 11.9, 12981.7, 0.1, 0, 0, 15, 535, 961, 2271, 2.5, 1043.4, 2667.4
3, 128376, 19/12/2018 08:00:27, SZB_SANDBOX_GROUP, 11.3, 23.4, 13693.9, 7.3, 5, 0.1, 20, 656, 2282, 4940, 4.8, 4365.1, 4495.4
3, 128377, 19/12/2018 08:20:37, SZB_SANDBOX_GROUP, 16.7, 35.6, 21971.2, 15.7, 7, 1.8, 12, 436, 2139, 7637, 3.2, 1065.1, 4806.2
3, 128378, 19/12/2018 08:40:09, SZB_SANDBOX_GROUP, 12.6, 19.3, 15675.1, 4.7, 28, 2, 30, 987, 2798, 3371, 2, 452.9, 2390.7
3, 128379, 19/12/2018 09:00:17, SZB_SANDBOX_GROUP, 18.8, 25.2, 23090.4, 4.9, 0, 0, 43, 1296, 107279, 9224, 1.5, 8434.7, 1294.3
3, 128380, 19/12/2018 09:20:31, SZB_SANDBOX_GROUP, 22.4, 27.3, 35028.3, 4.3, 6, 0.2, 29, 870, 1513, 11886, 0.6, 2987.5, 677.5
3, 128381, 19/12/2018 09:40:04, SZB_SANDBOX_GROUP, 15.7, 21.4, 18827, 4, 19, 0.4, 24, 1080, 2727, 7967, 1.7, 789.2, 1748.6
3, 128382, 19/12/2018 10:00:10, SZB_SANDBOX_GROUP, 20, 29.5, 19722.6, 8, 22, 0.9, 36, 1232, 2746, 12361, 1.5, 3734.5, 2525.3
3, 128389, 19/12/2018 10:20:01, SZB_SANDBOX_GROUP, 18.6, 20, 5410.4, 0, 30, 0.1, 714, 21620, 414785, 264532, 1.4, 2816.2, 1549.2
3, 128391, 19/12/2018 17:20:13, SZB_SANDBOX_GROUP, 6.3, 7.5, 2457.6, 0.8, 0, 0, 60, 1940, 2405, 5306, 0.4, 395.3, 715.9
3, 128392, 19/12/2018 17:40:08, SZB_SANDBOX_GROUP, 8.4, 15.7, 5765.1, 6.2, 1, 0, 35, 1396, 4307, 9825, 1.1, 1231.6, 1364.2
3, 128393, 19/12/2018 18:00:25, SZB_SANDBOX_GROUP, 17.5, 23, 12109.8, 4.4, 9, 0.4, 33, 1280, 3598, 14259, 1.1, 4690, 652.4
3, 128394, 19/12/2018 18:20:41, SZB_SANDBOX_GROUP, 9, 10.6, 3200.4, 1.2, 0, 0, 29, 1116, 19040, 4374, 0.4, 387.4, 1508.9
3, 128395, 19/12/2018 18:40:17, SZB_SANDBOX_GROUP, 9.9, 15.7, 3199, 1.4, 0, 0, 49, 2288, 5040, 2736, 4.4, 1337.1, 5377.1
3, 128396, 19/12/2018 19:00:12, SZB_SANDBOX_GROUP, 13, 24, 958, 4.5, 0, 0, 34, 1512, 34150, 5741, 6.5, 5524, 4750.9
3, 128398, 19/12/2018 19:40:10, SZB_SANDBOX_GROUP, 9.7, 20.1, 1824.2, 3.7, 3, 0, 27, 1200, 12118, 3400, 6.7, 1656.8, 5476.4
3, 128399, 19/12/2018 20:00:03, SZB_SANDBOX_GROUP, 7.6, 18.1, 2461.3, 5.2, 4, 0.1, 19, 808, 9500, 1619, 5.3, 8636.6, 3746.2
3, 128400, 19/12/2018 20:20:06, SZB_SANDBOX_GROUP, 7, 13.6, 3211.1, 4.2, 2, 0.1, 14, 653, 29385, 1747, 2.4, 4433.5, 1892.2
3, 128401, 19/12/2018 20:40:13, SZB_SANDBOX_GROUP, 7, 15.3, 2887.6, 7.6, 1, 0.3, 61, 2536, 3648, 2289, 0.7, 6593.3, 1116.3
3, 128402, 19/12/2018 21:00:01, SZB_SANDBOX_GROUP, 29.6, 47.4, 15758.7, 17.1, 5, 0, 47, 1152, 4244, 13100, 0.7, 5393.7, 337.2
3, 128403, 19/12/2018 21:20:17, SZB_SANDBOX_GROUP, 30.8, 39, 11953.3, 8, 0, 0, 53, 1504, 3694, 12978, 0.2, 2226.8, 203.2
3, 128404, 19/12/2018 21:40:25, SZB_SANDBOX_GROUP, 16.8, 19.5, 5918.7, 2.1, 0, 0, 47, 2576, 4254, 4840, 0.6, 5359.4, 809.1
3, 128405, 19/12/2018 22:00:01, SZB_SANDBOX_GROUP, 17.7, 18.8, 8368.8, 0.6, 0, 0, 36, 2064, 9603, 5421, 0.5, 5264.5, 672.6
3, 128406, 19/12/2018 22:20:11, SZB_SANDBOX_GROUP, 14.8, 16, 6200.6, 0.7, 0, 0, 39, 1968, 25861, 5196, 0.5, 2391.5, 1121.8
3, 128407, 19/12/2018 22:40:20, SZB_SANDBOX_GROUP, 8.6, 12.9, 1704.9, 4, 0, 0, 14, 559, 20983, 2309, 0.3, 4132.1, 531.1
3, 128408, 19/12/2018 23:00:26, SZB_SANDBOX_GROUP, 5.5, 10.1, 2533.7, 4.2, 0, 0, 4, 207, 1388, 1562, 0.4, 7609.7, 757.4
3, 128409, 19/12/2018 23:20:14, SZB_SANDBOX_GROUP, 7.4, 10.6, 1283.9, 2.6, 3, 0.2, 30, 1696, 3489, 1640, 0.6, 310.4, 2084.9
3, 128410, 19/12/2018 23:40:27, SZB_SANDBOX_GROUP, 4, 5.9, 453.8, 1.7, 1, 0, 35, 2127, 3386, 609, 0.2, 254, 733.5
4, 128364, 19/12/2018 04:02:34, ADW_UNLOAD_GROUP, 0.2, 0.3, 0, 0, 0, 0, 0, 0, 43, 18, 0.1, 0.7, 60.3
4, 128367, 19/12/2018 05:00:24, ADW_UNLOAD_GROUP, 0.2, 0.2, 0, 0, 0, 0, 0, 0, 58, 52, 0, 0.5, 36.3
4, 128368, 19/12/2018 05:20:09, ADW_UNLOAD_GROUP, 0.1, 0.1, 0, 0, 0, 0, 0, 0, 51, 29, 0, 0.4, 26.4
4, 128372, 19/12/2018 06:40:01, ADW_UNLOAD_GROUP, 0.3, 0.3, 0, 0, 0, 0, 0, 0, 56, 101, 0, 0.4, 13.5
4, 128375, 19/12/2018 07:40:22, ADW_UNLOAD_GROUP, 0.3, 0.3, 0, 0, 0, 0, 0, 0, 63, 62, 0, 0.6, 5.6
4, 128376, 19/12/2018 08:00:27, ADW_UNLOAD_GROUP, 0.3, 0.3, 0, 0, 0, 0, 0, 0, 57, 138, 0, 0.5, 3
4, 128377, 19/12/2018 08:20:37, ADW_UNLOAD_GROUP, 0.2, 1.8, 46.1, 1.6, 0, 0, 0, 0, 58, 53, 0, 0.4, 2.8
4, 128378, 19/12/2018 08:40:12, ADW_UNLOAD_GROUP, 0.3, 0.6, 27.7, 0.3, 0, 0, 0, 0, 53, 128, 0, 0.3, 1.6
4, 128379, 19/12/2018 09:00:16, ADW_UNLOAD_GROUP, 0.3, 0.3, 23.8, 0, 0, 0, 0, 0, 64, 193, 0, 0.2, 1.1
4, 128380, 19/12/2018 09:20:27, ADW_UNLOAD_GROUP, 0.3, 0.4, 23.1, 0.1, 0, 0, 0, 0, 58, 503, 0, 0.2, 1
4, 128381, 19/12/2018 09:40:04, ADW_UNLOAD_GROUP, 0.3, 0.4, 23.1, 0.1, 0, 0, 0, 0, 68, 208, 0, 0.4, 8.9
4, 128382, 19/12/2018 10:00:11, ADW_UNLOAD_GROUP, 0.2, 0.4, 24.5, 0.2, 0, 0, 0, 0, 72, 246, 0, 0.4, 24.6
4, 128383, 19/12/2018 10:20:04, ADW_UNLOAD_GROUP, 0.3, 0.6, 38.8, 0.3, 0, 0, 0, 0, 72, 99, 0, 0.5, 25.3
4, 128384, 19/12/2018 10:40:13, ADW_UNLOAD_GROUP, 0.3, 0.4, 21.5, 0.1, 0, 0, 0, 0, 67, 84, 0, 0.4, 17.7
4, 128385, 19/12/2018 11:00:26, ADW_UNLOAD_GROUP, 0.2, 0.4, 25.4, 0.2, 0, 0, 0, 0, 73, 56, 0, 0.5, 21
4, 128386, 19/12/2018 11:20:33, ADW_UNLOAD_GROUP, 0.3, 0.4, 23.6, 0.1, 0, 0, 0, 0, 69, 74, 0, 0.7, 39.2
4, 128387, 19/12/2018 11:40:38, ADW_UNLOAD_GROUP, 0.3, 0.4, 23.4, 0.1, 0, 0, 0, 0, 72, 89, 0, 0.8, 38.2
4, 128388, 19/12/2018 12:00:45, ADW_UNLOAD_GROUP, 0.3, 0.4, 23, 0.1, 0, 0, 0, 0, 69, 141, 0, 0.7, 31.2
4, 128389, 19/12/2018 12:20:49, ADW_UNLOAD_GROUP, 0.2, 5.9, 418.1, 5.7, 0, 0, 0, 0, 903, 817, 0, 0.8, 16.7
4, 128391, 19/12/2018 17:20:13, ADW_UNLOAD_GROUP, 0, 0, 0, 0, 0, 0, 0, 0, 75, 0, 0, 0, 0
4, 128392, 19/12/2018 17:40:08, ADW_UNLOAD_GROUP, 0, 0, 0.5, 0, 0, 0, 0, 0, 77, 1, 0, 0, 0
4, 128395, 19/12/2018 18:40:17, ADW_UNLOAD_GROUP, 0, 0, 2.2, 0, 0, 0, 0, 0, 52, 1, 0, 0, 0
4, 128396, 19/12/2018 19:00:13, ADW_UNLOAD_GROUP, 0.3, 0.7, 63.3, 0, 0, 0, 1, 32, 141, 91, 0.4, 140.6, 395
4, 128399, 19/12/2018 20:00:03, ADW_UNLOAD_GROUP, 0, 0, 0, 0, 0, 0, 0, 0, 56, 1, 0, 0, 0
4, 128400, 19/12/2018 20:20:07, ADW_UNLOAD_GROUP, 0, 0, 0, 0, 0, 0, 0, 0, 63, 0, 0, 0, 0
4, 128401, 19/12/2018 20:40:13, ADW_UNLOAD_GROUP, 0, 0, 0, 0, 0, 0, 0, 0, 56, 1, 0, 0, 0
4, 128404, 19/12/2018 21:40:25, ADW_UNLOAD_GROUP, 0, 0, 0, 0, 0, 0, 0, 0, 53, 0, 0, 0, 0
4, 128405, 19/12/2018 22:00:01, ADW_UNLOAD_GROUP, 0, 0, 0, 0, 0, 0, 0, 0, 56, 2, 0, 0, 0
4, 128408, 19/12/2018 23:00:26, ADW_UNLOAD_GROUP, 0, 0.1, 44.5, 0.1, 0, 0, 0, 0, 53, 0, 0, 0, 0
4, 128409, 19/12/2018 23:20:13, ADW_UNLOAD_GROUP, 0, 0, 0, 0, 0, 0, 0, 0, 61, 1, 0, 0, 0
4, 128410, 19/12/2018 23:40:27, ADW_UNLOAD_GROUP, 0, 0, 0, 0, 0, 0, 0, 0, 53, 1, 0, 0, 0
4, 128363, 17/12/2018 14:33:19, DM_TECH_GROUP, 6.4, 8.1, 1408.5, 0, 17, 0, 11157, 160923, 168466, 642804, 1.7, 581.5, 2698.6
4, 128364, 19/12/2018 04:02:34, DM_TECH_GROUP, 9.8, 28.8, 24972.2, 18.5, 0, 0, 11, 152, 207, 2018, 0.5, 738.7, 1392.6
4, 128365, 19/12/2018 04:20:02, DM_TECH_GROUP, 11.6, 16.3, 26925.3, 2.4, 0, 0, 25, 504, 471, 5558, 2.3, 789.4, 4261.7
4, 128366, 19/12/2018 04:40:24, DM_TECH_GROUP, 9.4, 18, 27993.6, 8, 4, 0.3, 93, 1396, 1605, 3812, 0.6, 684.5, 354.2
4, 128367, 19/12/2018 05:00:24, DM_TECH_GROUP, 14.2, 20.6, 21195.8, 5.8, 0, 0, 46, 674, 954, 7838, 0.6, 836.9, 237.7
4, 128368, 19/12/2018 05:20:09, DM_TECH_GROUP, 9.3, 13.4, 11846.9, 4, 0, 0, 20, 328, 338, 2383, 0.1, 377.6, 31.4
4, 128369, 19/12/2018 05:40:00, DM_TECH_GROUP, 5.2, 27.5, 20835.1, 20.6, 0, 0, 26, 344, 325, 1175, 1.7, 365.9, 2832.3
4, 128370, 19/12/2018 06:00:16, DM_TECH_GROUP, 17.1, 26.3, 35571.6, 7.6, 0, 0, 85, 1240, 1757, 29835, 1.6, 2721, 966.5
4, 128371, 19/12/2018 06:20:18, DM_TECH_GROUP, 16.1, 16.4, 20320.6, 0, 0, 0, 32, 464, 496, 14145, 0.3, 929.5, 158.6
4, 128372, 19/12/2018 06:40:01, DM_TECH_GROUP, 9.4, 10.8, 20416.8, 1.4, 0, 0, 13, 200, 208, 2701, 0, 416.8, 19.2
4, 128373, 19/12/2018 07:00:04, DM_TECH_GROUP, 7.3, 7.4, 4021.7, 0, 0, 0, 12, 192, 178, 1967, 0.1, 116.3, 150.9
4, 128374, 19/12/2018 07:20:15, DM_TECH_GROUP, 4.5, 7.2, 18639, 2.7, 0, 0, 0, 0, 27, 813, 0, 22.4, 10.8
4, 128375, 19/12/2018 07:40:22, DM_TECH_GROUP, 3.7, 6.7, 16772.3, 2.9, 0, 0, 2, 28, 97, 623, 0.1, 25.3, 399.8
4, 128376, 19/12/2018 08:00:27, DM_TECH_GROUP, 6.8, 18.5, 21765.8, 9.8, 26, 0.6, 266, 3939, 3933, 2040, 1.9, 1279.9, 3767.7
4, 128377, 19/12/2018 08:20:37, DM_TECH_GROUP, 5, 12, 21725.6, 6.2, 3, 1.6, 174, 1906, 2029, 966, 0.8, 669.9, 2438.7
4, 128378, 19/12/2018 08:40:12, DM_TECH_GROUP, 5.2, 12.4, 20163, 6, 49, 0.8, 213, 3026, 3064, 1204, 1.2, 205.8, 3052.1
4, 128379, 19/12/2018 09:00:16, DM_TECH_GROUP, 8.3, 13.4, 25849.6, 4.2, 1, 0, 211, 2952, 2951, 2163, 0.9, 293.5, 1554.3
4, 128380, 19/12/2018 09:20:27, DM_TECH_GROUP, 3.9, 8.7, 23297.7, 4.1, 10, 0.2, 25, 328, 350, 1432, 0.7, 119, 1237.5
4, 128381, 19/12/2018 09:40:04, DM_TECH_GROUP, 2.7, 7.6, 18398.1, 4.6, 8, 0.1, 47, 712, 697, 468, 0.3, 61, 986.5
4, 128382, 19/12/2018 10:00:11, DM_TECH_GROUP, 2.1, 6.4, 24662.1, 3.9, 1, 0, 2, 32, 26, 314, 0.4, 142.8, 709
4, 128383, 19/12/2018 10:20:04, DM_TECH_GROUP, 5.6, 34.8, 47248.9, 27.5, 6, 0.3, 1, 32, 248, 1505, 1.7, 270.5, 4733.6
4, 128384, 19/12/2018 10:40:13, DM_TECH_GROUP, 7.6, 18, 25149.5, 7, 0, 0, 3, 96, 32, 2065, 3.4, 241.5, 9998.4
4, 128385, 19/12/2018 11:00:26, DM_TECH_GROUP, 5.6, 13.4, 33095.4, 5, 2, 0.1, 0, 0, 57, 1384, 2.8, 208.9, 6020.4
4, 128386, 19/12/2018 11:20:33, DM_TECH_GROUP, 4.9, 6.5, 18890.8, 0.8, 0, 0, 2, 64, 5, 890, 0.8, 90.7, 2970.6
4, 128387, 19/12/2018 11:40:38, DM_TECH_GROUP, 3.5, 6.3, 22841.1, 2.6, 0, 0, 0, 0, 2, 591, 0.2, 91.2, 768.8
4, 128388, 19/12/2018 12:00:45, DM_TECH_GROUP, 3.9, 7.1, 18557.3, 3, 1, 0, 6, 83, 76, 1083, 0.2, 115.3, 686.8
4, 128389, 19/12/2018 12:20:49, DM_TECH_GROUP, 2.4, 60.5, 94583.7, 57.5, 9, 0, 897, 12829, 13338, 4612, 0.6, 285.8, 2101.4
4, 128390, 19/12/2018 16:55:06, DM_TECH_GROUP, 4.3, 7, 13494, 0, 0, 0, 0, 0, 177, 881, 2.7, 384.2, 7277.2
4, 128391, 19/12/2018 17:20:13, DM_TECH_GROUP, 3.1, 6.2, 21550.8, 2.8, 0, 0, 2, 36, 0, 615, 0.3, 15.9, 211
4, 128392, 19/12/2018 17:40:08, DM_TECH_GROUP, 1.8, 5.1, 15999.5, 3.1, 0, 0, 3, 48, 108, 260, 0.2, 36.2, 211.2
4, 128393, 19/12/2018 18:00:25, DM_TECH_GROUP, 2.9, 10, 13292.8, 5.9, 44, 2.3, 137, 2088, 2065, 441, 1.2, 1224.7, 3528.9
4, 128394, 19/12/2018 18:20:38, DM_TECH_GROUP, 1.9, 5.6, 1483.9, 3, 16, 0.7, 525, 7310, 7325, 297, 0.7, 993.3, 3683.6
4, 128395, 19/12/2018 18:40:17, DM_TECH_GROUP, 0.4, 1, 27.4, 0.5, 5, 0, 145, 2008, 2056, 42, 0.1, 57, 525.9
4, 128396, 19/12/2018 19:00:13, DM_TECH_GROUP, 0.8, 1.8, 33.6, 0.7, 1, 0, 0, 0, 11, 108, 0.3, 7.5, 926.7
4, 128398, 19/12/2018 19:40:10, DM_TECH_GROUP, 0.5, 1, 68.5, 0.4, 0, 0, 0, 0, 11, 34, 0.1, 5.1, 626.5
4, 128399, 19/12/2018 20:00:03, DM_TECH_GROUP, 2.2, 3.6, 3565.2, 1.1, 2, 0.1, 0, 0, 93, 308, 0.3, 384.2, 505.1
4, 128400, 19/12/2018 20:20:07, DM_TECH_GROUP, 3.8, 4.3, 14569.7, 0.3, 1, 0, 3, 76, 193, 974, 0.2, 20.1, 571.9
4, 128401, 19/12/2018 20:40:13, DM_TECH_GROUP, 3, 3.5, 7224, 0.4, 0, 0, 1, 16, 14, 495, 0.1, 41.4, 367.5
4, 128402, 19/12/2018 21:00:00, DM_TECH_GROUP, 0.5, 0.8, 43.7, 0.1, 0, 0, 1, 3, 18, 36, 0.2, 15.3, 377.1
4, 128403, 19/12/2018 21:20:17, DM_TECH_GROUP, 0.4, 0.7, 23.5, 0.2, 0, 0, 0, 0, 1, 26, 0.1, 2.3, 272
4, 128404, 19/12/2018 21:40:25, DM_TECH_GROUP, 0.4, 0.7, 15.6, 0.2, 0, 0, 0, 0, 0, 35, 0.1, 2.4, 283.1
4, 128405, 19/12/2018 22:00:01, DM_TECH_GROUP, 0.7, 1.4, 283.9, 0.4, 0, 0, 3, 48, 64, 113, 0.3, 13.5, 430.2
4, 128406, 19/12/2018 22:20:11, DM_TECH_GROUP, 1.2, 5.7, 546.8, 4.1, 10, 0.5, 8, 182, 362, 252, 0.4, 142.6, 1071.8
4, 128407, 19/12/2018 22:40:20, DM_TECH_GROUP, 2.4, 13, 14975, 9.4, 0, 0, 2, 48, 24, 937, 1.2, 174.5, 5171.8
4, 128408, 19/12/2018 23:00:26, DM_TECH_GROUP, 1.4, 4.1, 21975, 1.3, 0, 0, 1, 32, 0, 429, 1.4, 84.3, 4614
4, 128409, 19/12/2018 23:20:13, DM_TECH_GROUP, 2.1, 5.2, 7433.1, 2, 1, 0.1, 1, 32, 41, 346, 1.1, 177.9, 5977
4, 128410, 19/12/2018 23:40:27, DM_TECH_GROUP, 0.5, 0.6, 3139.5, 0, 10, 0, 1, 32, 11, 60, 0.1, 17, 821.5
4, 128363, 17/12/2018 14:33:19, OTHER_GROUPS, 2.6, 3, 126.9, 0, 5, 0, 2591, 17252, 109686, 134117, 0.4, 416.8, 320.4
4, 128364, 19/12/2018 04:02:34, OTHER_GROUPS, 2.5, 32.6, 86678.3, 29.7, 0, 0, 0, 0, 637, 329, 0.4, 222.5, 233.9
4, 128365, 19/12/2018 04:20:02, OTHER_GROUPS, 7.5, 21, 43292.5, 12.7, 0, 0, 0, 0, 706, 1708, 0.8, 605.8, 268.6
4, 128366, 19/12/2018 04:40:24, OTHER_GROUPS, 12.4, 35.2, 43890.1, 19.9, 2, 0.2, 12, 96, 847, 6601, 2.9, 749.8, 261.7
4, 128367, 19/12/2018 05:00:24, OTHER_GROUPS, 10.6, 35, 47281, 20.6, 0, 0, 8, 60, 725, 4346, 3.8, 494.1, 155.6
4, 128368, 19/12/2018 05:20:09, OTHER_GROUPS, 6.9, 24.5, 41682, 13.6, 0, 0, 0, 0, 677, 445, 4, 305, 202.1
4, 128369, 19/12/2018 05:40:00, OTHER_GROUPS, 7, 33.5, 52359, 22.6, 0, 0, 0, 0, 658, 408, 3.9, 429.9, 100.6
4, 128370, 19/12/2018 06:00:16, OTHER_GROUPS, 7.1, 32.2, 45912.5, 21.9, 0, 0, 0, 0, 870, 1553, 3.2, 382.9, 289.2
4, 128371, 19/12/2018 06:20:18, OTHER_GROUPS, 3.7, 37, 25948.7, 31.6, 0, 0, 0, 0, 865, 629, 1.7, 176.8, 260.3
4, 128372, 19/12/2018 06:40:01, OTHER_GROUPS, 0.9, 59.1, 22647.7, 57.7, 0, 0, 0, 0, 636, 144, 0.5, 33.8, 179.5
4, 128373, 19/12/2018 07:00:04, OTHER_GROUPS, 0.4, 16.9, 7838.2, 16.4, 0, 0, 0, 0, 774, 105, 0.1, 10.6, 170.8
4, 128374, 19/12/2018 07:20:15, OTHER_GROUPS, 0.4, 57.2, 26511.6, 56.7, 0, 0, 0, 0, 1070, 35, 0.1, 10.4, 59.8
4, 128375, 19/12/2018 07:40:22, OTHER_GROUPS, 0.4, 59.8, 15996.5, 59.3, 0, 0, 0, 0, 996, 35, 0.1, 13.7, 85
4, 128376, 19/12/2018 08:00:27, OTHER_GROUPS, 0.5, 65.4, 19020.6, 64.6, 0, 0, 0, 0, 901, 117, 0.3, 34.5, 202.9
4, 128377, 19/12/2018 08:20:37, OTHER_GROUPS, 0.5, 50.8, 15706, 50.1, 0, 0, 0, 0, 922, 51, 0.2, 31.3, 212.1
4, 128378, 19/12/2018 08:40:12, OTHER_GROUPS, 0.5, 50.8, 12978.5, 50, 0, 0, 0, 0, 783, 110, 0.3, 24.2, 265.2
4, 128379, 19/12/2018 09:00:16, OTHER_GROUPS, 0.6, 67.9, 15800.5, 66.9, 0, 0, 0, 0, 777, 229, 0.4, 18.5, 148.9
4, 128380, 19/12/2018 09:20:27, OTHER_GROUPS, 0.7, 116.4, 26453.8, 115.4, 0, 0, 0, 0, 874, 484, 0.3, 28.3, 200
4, 128381, 19/12/2018 09:40:04, OTHER_GROUPS, 0.5, 111.6, 32674.3, 111, 0, 0, 0, 0, 729, 170, 0.1, 14.7, 66.6
4, 128382, 19/12/2018 10:00:11, OTHER_GROUPS, 0.5, 111.6, 51943.4, 110.9, 0, 0, 0, 0, 843, 289, 0.2, 22.5, 188.8
4, 128383, 19/12/2018 10:20:04, OTHER_GROUPS, 0.7, 191.1, 76551.6, 190.2, 0, 0, 0, 0, 854, 142, 0.2, 27.6, 245.3
4, 128384, 19/12/2018 10:40:13, OTHER_GROUPS, 0.6, 96.1, 39598.2, 95.3, 0, 0, 0, 0, 719, 98, 0.2, 12.8, 239
4, 128385, 19/12/2018 11:00:26, OTHER_GROUPS, 0.5, 113, 41706, 112.3, 0, 0, 0, 0, 713, 87, 0.2, 20.8, 169.5
4, 128386, 19/12/2018 11:20:33, OTHER_GROUPS, 0.4, 104.3, 35662.8, 103.8, 0, 0, 0, 0, 915, 45, 0.1, 27.9, 95.8
4, 128387, 19/12/2018 11:40:38, OTHER_GROUPS, 0.3, 112.4, 34258.1, 112, 0, 0, 0, 0, 741, 50, 0.1, 20.9, 50.3
4, 128388, 19/12/2018 12:00:45, OTHER_GROUPS, 0.4, 108.7, 34789.1, 108.1, 0, 0, 0, 0, 712, 119, 0.2, 23.4, 223.9
4, 128389, 19/12/2018 12:20:49, OTHER_GROUPS, 0.4, 110.9, 20281.8, 110.4, 0, 0, 0, 0, 11070, 775, 0.1, 13.2, 158.2
4, 128390, 19/12/2018 16:55:06, OTHER_GROUPS, 0.7, 42.1, 7110.8, 41.3, 0, 0, 0, 0, 1354, 139, 0.1, 4.9, 187.1
4, 128391, 19/12/2018 17:20:13, OTHER_GROUPS, 0.7, 116, 18384.9, 115.2, 0, 0, 0, 0, 758, 87, 0.1, 4.5, 262.7
4, 128392, 19/12/2018 17:40:08, OTHER_GROUPS, 0.4, 111.4, 20452.6, 110.9, 0, 0, 0, 0, 600, 46, 0.1, 4.3, 267.4
4, 128393, 19/12/2018 18:00:25, OTHER_GROUPS, 1.4, 215.7, 19497.2, 213.9, 0, 0, 0, 0, 4283, 295, 0.4, 5.8, 450.2
4, 128394, 19/12/2018 18:20:38, OTHER_GROUPS, 1.4, 212.7, 17355.2, 211.1, 0, 0, 0, 0, 2899, 239, 0.2, 5.5, 402.7
4, 128395, 19/12/2018 18:40:17, OTHER_GROUPS, 1.3, 186.6, 18163, 185.1, 0, 0, 0, 0, 3719, 236, 0.2, 6.1, 271
4, 128396, 19/12/2018 19:00:13, OTHER_GROUPS, 1.5, 213.8, 18939.6, 212, 1, 0, 0, 0, 2662, 453, 0.3, 27.3, 373.1
4, 128397, 19/12/2018 19:20:32, OTHER_GROUPS, 2.1, 238.4, 25460.6, 236, 0, 0, 1, 16, 4072, 471, 0.3, 510.6, 591.5
4, 128398, 19/12/2018 19:40:10, OTHER_GROUPS, 3.8, 244, 27184.9, 239.8, 0, 0, 2, 16, 3397, 945, 0.4, 949.3, 544.4
4, 128399, 19/12/2018 20:00:03, OTHER_GROUPS, 1.4, 239.7, 25248.9, 237.9, 1, 0.1, 1, 8, 3252, 257, 0.4, 56.6, 340.1
4, 128400, 19/12/2018 20:20:07, OTHER_GROUPS, 1.4, 243.7, 25274.2, 241.8, 2, 0.1, 3, 32, 3366, 277, 0.5, 107.2, 325.3
4, 128401, 19/12/2018 20:40:13, OTHER_GROUPS, 1, 225, 22307.6, 223.6, 0, 0, 0, 0, 2717, 171, 0.4, 31.1, 297.8
4, 128402, 19/12/2018 21:00:00, OTHER_GROUPS, 1.2, 211.4, 20687.1, 209.9, 0, 0, 0, 0, 3322, 215, 0.3, 21.4, 542.5
4, 128403, 19/12/2018 21:20:17, OTHER_GROUPS, 1.5, 203.1, 21913.5, 201.3, 0, 0, 0, 0, 3529, 280, 0.3, 349.2, 415.8
4, 128404, 19/12/2018 21:40:25, OTHER_GROUPS, 1.2, 200.3, 24340.7, 198.4, 0, 0, 0, 0, 2720, 241, 0.7, 65.2, 598.8
4, 128405, 19/12/2018 22:00:01, OTHER_GROUPS, 1.5, 192.3, 20245.3, 190.5, 0, 0, 2, 3, 3167, 478, 0.3, 64.8, 384.4
4, 128406, 19/12/2018 22:20:11, OTHER_GROUPS, 1.4, 173.9, 21912, 172.3, 0, 0, 0, 0, 3150, 339, 0.2, 27.8, 357
4, 128407, 19/12/2018 22:40:20, OTHER_GROUPS, 1.3, 155.2, 20081.8, 153.5, 0, 0, 0, 0, 2902, 385, 0.4, 40.5, 612.5
4, 128408, 19/12/2018 23:00:26, OTHER_GROUPS, 1.4, 203.9, 39023.7, 202, 0, 0, 0, 0, 3207, 491, 0.5, 31.9, 561.4
4, 128409, 19/12/2018 23:20:13, OTHER_GROUPS, 1.6, 203.9, 20314, 202, 0, 0, 0, 0, 3539, 399, 0.3, 40.4, 400.9
4, 128410, 19/12/2018 23:40:27, OTHER_GROUPS, 1.3, 178.9, 27705.2, 177.3, 0, 0, 0, 0, 3221, 404, 0.3, 54.7, 453.7
4, 128363, 17/12/2018 14:33:19, SZB_SANDBOX_GROUP, 9.2, 10.1, 182.7, 0, 4294967364, 0, 14839, 902869, 1097805, 2001275, 0.9, 1902.3, 1099.9
4, 128364, 19/12/2018 04:02:34, SZB_SANDBOX_GROUP, 5.7, 12.8, 2492.7, 5.6, 0, 0, 4, 224, 2038, 1393, 1.5, 1015.7, 3599.7
4, 128365, 19/12/2018 04:20:02, SZB_SANDBOX_GROUP, 12.3, 35.8, 9812.4, 21.5, 0, 0, 1, 64, 3860, 5420, 2, 865.7, 2958.7
4, 128366, 19/12/2018 04:40:24, SZB_SANDBOX_GROUP, 19.9, 22, 23026.7, 0, 0, 0, 7, 384, 5404, 6767, 2.1, 750.6, 4098
4, 128367, 19/12/2018 05:00:24, SZB_SANDBOX_GROUP, 7.8, 14, 11604.9, 5.7, 0, 0, 3, 192, 2316, 2054, 0.5, 2080.3, 709.5
4, 128368, 19/12/2018 05:20:09, SZB_SANDBOX_GROUP, 4.2, 6.9, 12790.7, 2.4, 0, 0, 3, 192, 493, 783, 0.3, 186, 666.2
4, 128369, 19/12/2018 05:40:00, SZB_SANDBOX_GROUP, 3.4, 6.1, 10862.6, 2, 0, 0, 4, 256, 645, 487, 0.7, 154.7, 520.3
4, 128370, 19/12/2018 06:00:16, SZB_SANDBOX_GROUP, 3.7, 7.8, 10048, 3.9, 0, 0, 1, 64, 1099, 656, 0.2, 1943.6, 364
4, 128371, 19/12/2018 06:20:18, SZB_SANDBOX_GROUP, 8.1, 27.7, 12575.6, 18.8, 0, 0, 1, 64, 522, 1288, 0.8, 218.5, 1518.5
4, 128372, 19/12/2018 06:40:01, SZB_SANDBOX_GROUP, 22.1, 36.8, 34213.7, 10.5, 0, 0, 2, 128, 783, 11484, 4.2, 1558.3, 11412.2
4, 128373, 19/12/2018 07:00:04, SZB_SANDBOX_GROUP, 21.4, 23.4, 4612.5, 0, 0, 0, 1, 64, 599, 9519, 2, 2212.2, 3025.1
4, 128374, 19/12/2018 07:20:15, SZB_SANDBOX_GROUP, 9.2, 12, 12749, 1.7, 0, 0, 3, 192, 1237, 2928, 1.1, 622, 4120.5
4, 128375, 19/12/2018 07:40:22, SZB_SANDBOX_GROUP, 8.6, 16, 7785.2, 5.2, 0, 0, 10, 348, 1479, 2427, 2.2, 615.6, 6468.9
4, 128376, 19/12/2018 08:00:27, SZB_SANDBOX_GROUP, 20.3, 33.5, 8716.3, 9.5, 11, 0.1, 92, 1988, 6431, 13635, 3.7, 2337.1, 3084.8
4, 128377, 19/12/2018 08:20:37, SZB_SANDBOX_GROUP, 12.1, 29.3, 16130.9, 15.1, 18, 4.4, 46, 1015, 1927, 5504, 2.1, 566, 2142.7
4, 128378, 19/12/2018 08:40:12, SZB_SANDBOX_GROUP, 24.1, 34, 28205.3, 8.1, 6, 0, 102, 2714, 4334, 11769, 1.8, 4775, 1854.4
4, 128379, 19/12/2018 09:00:16, SZB_SANDBOX_GROUP, 36.4, 49.9, 50940, 11.3, 0, 0, 103, 2122, 3325, 31864, 2.2, 5170.1, 1919.6
4, 128380, 19/12/2018 09:20:27, SZB_SANDBOX_GROUP, 36.3, 46.2, 22091.8, 6.1, 32, 0.9, 58, 1024, 1604, 34083, 3.8, 1114, 4710.9
4, 128381, 19/12/2018 09:40:04, SZB_SANDBOX_GROUP, 24.4, 30.9, 14960.1, 2.9, 12, 0.3, 35, 1302, 2414, 12542, 3.6, 2588.7, 5945.7
4, 128382, 19/12/2018 10:00:11, SZB_SANDBOX_GROUP, 34.4, 48.3, 25695.9, 12.2, 72, 2.8, 74, 1920, 2476, 26034, 1.7, 5116.2, 2149.7
4, 128383, 19/12/2018 10:20:04, SZB_SANDBOX_GROUP, 17.3, 42.1, 17710.4, 22.5, 35, 1, 67, 1416, 1642, 7290, 2.3, 2770.3, 5368.5
4, 128384, 19/12/2018 10:40:13, SZB_SANDBOX_GROUP, 16.5, 26.7, 10616.2, 7.5, 1, 0.3, 68, 1830, 2251, 7674, 2.7, 905.2, 6064.2
4, 128385, 19/12/2018 11:00:26, SZB_SANDBOX_GROUP, 12.5, 15.3, 8238, 0, 19, 0.4, 146, 7792, 9274, 3604, 2.8, 4508.6, 3610
4, 128386, 19/12/2018 11:20:33, SZB_SANDBOX_GROUP, 12.1, 15.7, 7616.4, 1.9, 12, 0.3, 794, 47854, 47963, 4253, 1.7, 1196.9, 2923.5
4, 128387, 19/12/2018 11:40:38, SZB_SANDBOX_GROUP, 12.4, 17.8, 6136.1, 4.2, 22, 1.4, 448, 26236, 27101, 2847, 1.2, 2968.5, 3223.1
4, 128388, 19/12/2018 12:00:45, SZB_SANDBOX_GROUP, 20.1, 22.4, 7719.3, 0, 20, 0, 737, 44776, 49132, 6706, 2.3, 4552.4, 3515.6
4, 128389, 19/12/2018 12:20:49, SZB_SANDBOX_GROUP, 16.2, 159.9, 103074.1, 142.8, 41, 0, 8909, 565464, 583678, 80811, 0.9, 2162, 1330.4
4, 128390, 19/12/2018 16:55:06, SZB_SANDBOX_GROUP, 11.2, 13.4, 679.6, 0, 2, 0, 1268, 80720, 83051, 3162, 2.2, 9962.5, 3070.6
4, 128391, 19/12/2018 17:20:13, SZB_SANDBOX_GROUP, 11.2, 12.9, 3717.7, 0.6, 0, 0, 926, 59128, 54495, 2322, 1.1, 572.8, 2105.8
4, 128392, 19/12/2018 17:40:08, SZB_SANDBOX_GROUP, 0.7, 0.8, 149.5, 0, 0, 0, 6, 335, 623, 115, 0.1, 63.5, 104.5
4, 128393, 19/12/2018 18:00:25, SZB_SANDBOX_GROUP, 8.7, 10.6, 1861, 1.7, 5, 0.4, 3, 192, 1121, 3365, 0.2, 1795.5, 115.9
4, 128394, 19/12/2018 18:20:38, SZB_SANDBOX_GROUP, 5.5, 13.4, 14793, 6.9, 1, 0.3, 5, 196, 205, 704, 1, 176.8, 5803.3
4, 128395, 19/12/2018 18:40:17, SZB_SANDBOX_GROUP, 6.6, 8.8, 2731.7, 0.3, 16, 0.1, 48, 2394, 3240, 474, 1.9, 306.3, 4431.8
4, 128396, 19/12/2018 19:00:13, SZB_SANDBOX_GROUP, 14.5, 23.8, 13058.6, 8.1, 28, 0.7, 33, 877, 4817, 7185, 1.2, 5029.3, 1667.3
4, 128398, 19/12/2018 19:40:10, SZB_SANDBOX_GROUP, 4.1, 10.6, 2462.8, 6.1, 33, 0.7, 16, 310, 522, 956, 0.4, 102.2, 976.7
4, 128399, 19/12/2018 20:00:03, SZB_SANDBOX_GROUP, 7.8, 15.5, 3362.3, 6.9, 21, 0.7, 36, 340, 799, 2490, 0.8, 1477.9, 1034.8
4, 128400, 19/12/2018 20:20:07, SZB_SANDBOX_GROUP, 13.2, 19.2, 6513.7, 5.5, 25, 1.4, 33, 908, 1544, 3007, 0.5, 138.2, 717.1
4, 128401, 19/12/2018 20:40:13, SZB_SANDBOX_GROUP, 7.2, 10.7, 7078.4, 3.1, 3, 0.1, 26, 736, 924, 1537, 0.4, 329.3, 824.1
4, 128402, 19/12/2018 21:00:00, SZB_SANDBOX_GROUP, 5.4, 9.2, 10717.7, 3, 19, 0.8, 7, 338, 1181, 1083, 0.8, 1091.9, 397.7
4, 128403, 19/12/2018 21:20:17, SZB_SANDBOX_GROUP, 8.9, 16.7, 11540.5, 7.1, 20, 3.5, 41, 788, 923, 2967, 0.7, 299.9, 1044.5
4, 128404, 19/12/2018 21:40:25, SZB_SANDBOX_GROUP, 7.6, 10, 4246.9, 1.5, 2, 0.1, 49, 1066, 1220, 2162, 0.9, 433.8, 1143.3
4, 128405, 19/12/2018 22:00:01, SZB_SANDBOX_GROUP, 21.4, 25.3, 7218.3, 2.9, 1, 0, 17, 767, 2146, 9290, 1, 2065.2, 1052.4
4, 128406, 19/12/2018 22:20:11, SZB_SANDBOX_GROUP, 4.9, 28.1, 4205.7, 22.7, 26, 2.6, 42, 1706, 1823, 2841, 0.5, 44.6, 568.2
4, 128407, 19/12/2018 22:40:20, SZB_SANDBOX_GROUP, 5.9, 43.2, 4330.8, 36.7, 2, 0.1, 41, 1658, 1876, 4712, 0.6, 79.7, 647.1
4, 128408, 19/12/2018 23:00:26, SZB_SANDBOX_GROUP, 17.9, 32.9, 14783.9, 14.3, 2, 0.1, 43, 1706, 2456, 5654, 0.7, 407.2, 823
4, 128409, 19/12/2018 23:20:13, SZB_SANDBOX_GROUP, 8.5, 11.5, 4258.8, 2.3, 7, 0.1, 82, 2392, 2830, 2624, 0.7, 299.5, 1098
4, 128410, 19/12/2018 23:40:27, SZB_SANDBOX_GROUP, 9.5, 13.2, 5627.1, 2.9, 19, 0.2, 67, 2724, 2699, 8167, 0.8, 86.1, 977.5
