HOST, SNAP_ID, TIME, SYS_CPU, SYS_DBTIME, SYS_SYSPCT, SYS_READ, SYS_WRITE, SYS_REDO, SYS_OSWAIT, SYS_RMWAIT, SYS_ACTSESS_MAX, SYS_ACTSESS_AVG, SYS_PGA, SYS_PXRUNS, SYS_PXQCT, SYS_PXSRVT, SYS_UCALLS, SYS_IOWAIT
1, 125355, 03/11/2018 23:59:23, 18.3, 15.1, 3.9, 34.7, 551, 17.7, 0.4, 0, 89, 38.6, 20187.6, 236.9, 10, 145.2, 60.1, 3.6
1, 125356, 04/11/2018 00:19:23, 24.2, 44.1, 4.8, 12206.7, 531.9, 16.2, 0.4, 6.5, 227.5, 112.9, 22343.3, 209.5, 15.2, 194.5, 49.7, 15
1, 125357, 04/11/2018 00:39:23, 37.9, 60.6, 7.7, 7577.5, 457.7, 17.2, 0.6, 17.1, 273.4, 155, 23371.3, 211.6, 24, 256.4, 64.7, 3
1, 125358, 04/11/2018 00:59:23, 67.7, 99.3, 14.9, 4339.4, 407.7, 21.7, 4.4, 9.2, 358.6, 254.1, 35211.1, 776.2, 29.4, 373.9, 54.7, 12.2
1, 125359, 04/11/2018 01:19:22, 47, 100.5, 10.4, 3014.6, 460.1, 17.9, 0.8, 14.4, 360.1, 257.4, 32552, 669.1, 27.1, 329.7, 52.5, 38
1, 125360, 04/11/2018 01:39:22, 31, 62.9, 6.4, 1306.5, 461.3, 5, 0.5, 11.2, 214.5, 161, 31169.4, 792.9, 19.5, 213.2, 11.8, 27.8
1, 125361, 04/11/2018 01:59:23, 41.9, 65.3, 9.4, 1637, 467.6, 13.3, 0.8, 7.2, 290.7, 167.3, 30852.8, 811.8, 18.1, 203.1, 17.3, 8
1, 125362, 04/11/2018 02:19:22, 54.9, 55.2, 11.3, 6609.4, 511.2, 14.3, 0.8, 1.9, 187.1, 141.3, 44163.5, 986.9, 21.1, 263.1, 20.6, 8.6
1, 125363, 04/11/2018 02:40:23, 60.2, 59, 9.5, 7886.3, 360.7, 5.1, 0.7, 0.3, 249.2, 151, 61606, 310.7, 19.1, 302.5, 10.7, 5.5
1, 125364, 04/11/2018 02:59:23, 48.3, 49, 8.2, 3917, 405.9, 5.7, 0.6, 0.6, 217.7, 125.5, 47632.7, 221.3, 17.4, 289.7, 8.5, 7.1
1, 125365, 04/11/2018 03:19:22, 18.4, 20.5, 4.2, 1614.7, 529.1, 3.7, 0.4, 0, 143.3, 52.5, 36973.6, 194.4, 15.8, 290.7, 9.6, 4.5
1, 125366, 04/11/2018 03:39:22, 22.2, 32.3, 5, 276.8, 681.1, 14.3, 0.4, 0, 138.1, 82.7, 37897.5, 181.8, 9.6, 109.7, 21.1, 17.5
1, 125367, 04/11/2018 03:59:22, 18.3, 19.3, 3.9, 386.4, 675.4, 3.6, 0.4, 0, 81.5, 49.4, 46631.6, 224.6, 5.8, 69, 8.7, 5.4
1, 125368, 04/11/2018 04:19:22, 17.7, 10.1, 3.6, 69.7, 751.6, 4, 0.3, 0, 56.3, 25.7, 46366.6, 174, 4.2, 33.1, 7.3, 2.3
1, 125369, 04/11/2018 04:39:22, 15.5, 12, 3.7, 72.7, 526.7, 6.8, 0.3, 0, 55.4, 30.8, 46377.5, 175.1, 4, 33, 11.2, 3.3
1, 125370, 04/11/2018 05:00:22, 16.2, 18.7, 3.8, 68.4, 468.6, 9.1, 0.3, 0, 119, 47.8, 26306.9, 222.8, 4.2, 33.2, 13, 2.6
1, 125371, 04/11/2018 05:19:22, 21, 25.1, 5.5, 70.6, 560.9, 17, 0.5, 0, 139.5, 64.3, 26289.8, 203.5, 4.1, 33, 37.9, 5.1
1, 125372, 04/11/2018 05:40:22, 21.7, 37.8, 5.7, 67.3, 543.3, 18, 0.5, 0, 161.3, 96.7, 26302.5, 199.6, 4.2, 33.2, 43.6, 11.7
1, 125373, 04/11/2018 06:00:22, 31.2, 54.6, 7.9, 620.8, 548.3, 20.4, 0.7, 0, 237.6, 139.9, 26601.6, 192.6, 5.1, 87.6, 38.4, 17.1
1, 125374, 04/11/2018 06:20:22, 22.5, 33.4, 5.8, 86.4, 594.6, 22.6, 0.5, 0, 124.1, 85.5, 26287.9, 167.4, 4.1, 33.1, 30.5, 15.2
1, 125375, 04/11/2018 06:40:22, 26.6, 34.7, 6.4, 88.4, 602.7, 29.9, 0.6, 0, 100.1, 88.7, 19198.3, 189.4, 3.6, 24.9, 37.2, 15.7
1, 125376, 04/11/2018 06:59:22, 33.7, 53.5, 8.7, 135.8, 655.7, 41.6, 0.7, 0, 231.6, 137, 19778.7, 220.8, 3.1, 17.2, 54.5, 16.9
1, 125377, 04/11/2018 07:19:22, 21.8, 41.8, 5.8, 202.1, 587.6, 20.4, 0.5, 0, 154.8, 106.9, 19828, 182.1, 3.1, 17.3, 33.7, 13.8
1, 125378, 04/11/2018 07:39:21, 16.5, 33.9, 4.2, 113.8, 562.5, 5.5, 0.4, 0, 135.1, 86.8, 20862.3, 242.2, 3.3, 17.1, 20.6, 10
1, 125379, 04/11/2018 08:01:21, 14.9, 31.7, 3.8, 66.8, 563.6, 5.6, 0.4, 0, 114.9, 81.1, 19751.7, 193.6, 3.1, 17.2, 19.7, 9.6
1, 125380, 04/11/2018 08:20:21, 28, 43.2, 7.6, 108.5, 552.9, 26.5, 0.7, 0, 150.7, 110.6, 19732.7, 186, 3.1, 17.2, 46.7, 14.8
1, 125381, 04/11/2018 08:40:21, 17.5, 34.2, 4.3, 67.6, 527.2, 11.5, 0.4, 0, 154.4, 87.5, 19750.4, 179, 3.1, 17.3, 30.1, 16.4
1, 125382, 04/11/2018 08:59:21, 20.7, 35.9, 5.2, 15805.1, 575.6, 20.3, 0.5, 0, 156.7, 92, 19642.9, 165.9, 3.2, 19.8, 37.4, 19.2
1, 125383, 04/11/2018 09:19:21, 19.8, 35.6, 5.1, 15250.6, 582.2, 17.6, 0.5, 0, 127.3, 91.2, 19592, 179.2, 3.1, 18, 46.1, 17.2
1, 125384, 04/11/2018 09:40:21, 21.2, 26.6, 5.8, 67.2, 583.8, 15.2, 0.5, 0, 142.6, 68.1, 19596, 193, 3.1, 17.2, 71.3, 8.7
1, 125385, 04/11/2018 09:59:20, 17.5, 15.3, 4.1, 84.6, 562.2, 10.6, 0.4, 0, 60.6, 39.2, 19773.8, 222.9, 3.2, 22, 30.1, 3.2
1, 125386, 04/11/2018 10:19:21, 15.5, 16.2, 3.9, 57, 530.9, 8.7, 0.4, 0, 115.3, 41.4, 19609.2, 203.8, 3.2, 17.7, 22.5, 2.9
1, 125387, 04/11/2018 10:39:21, 15.9, 12.6, 4, 61.5, 632.4, 9.9, 0.4, 0, 39.6, 32.3, 19627.2, 190.5, 3.1, 17.1, 26.4, 2.9
1, 125388, 04/11/2018 10:59:21, 15.7, 10.9, 4, 49.6, 572.6, 10.2, 0.4, 0, 37.1, 27.9, 19454.7, 200.5, 3, 17, 26, 3.3
1, 125389, 04/11/2018 11:20:21, 19.7, 11.8, 3.5, 1370.4, 684.4, 15, 0.3, 0, 55.2, 30.3, 22439.1, 229.4, 3.7, 70.2, 21.2, 1.8
1, 125390, 04/11/2018 11:39:21, 22.5, 17, 4.1, 192.4, 664.9, 17.8, 0.4, 0, 93.4, 43.4, 29478.5, 202.2, 3.2, 69.2, 28.8, 3.1
1, 125391, 04/11/2018 11:59:21, 25.7, 22.5, 5.7, 181.5, 749, 36.5, 0.5, 0, 119.2, 57.5, 26255, 202.3, 4.2, 97.2, 43.4, 4.1
1, 125392, 04/11/2018 12:19:20, 16.1, 11.1, 3, 115.1, 710.7, 33.7, 0.3, 0, 84.5, 28.5, 22948.4, 219.9, 4.8, 121, 20.1, 1
1, 125393, 04/11/2018 12:39:20, 20.9, 14.3, 4.6, 224.5, 697.1, 42.7, 0.4, 0, 87.3, 36.7, 29276.2, 258, 6.2, 153.2, 27, 2.1
1, 125394, 04/11/2018 12:59:20, 26.2, 26.6, 6.9, 337.7, 695.2, 26.1, 0.6, 0, 135.5, 68.1, 44798.8, 223.8, 5.9, 131.1, 49.8, 5.3
1, 125395, 04/11/2018 13:20:21, 22.7, 20.4, 5.4, 132.7, 672.9, 24.1, 0.5, 0, 83, 52.1, 27409.1, 205.9, 3.6, 81.3, 58.8, 2.9
1, 125396, 04/11/2018 13:40:20, 25.1, 20.7, 6.4, 128.8, 701.7, 39.3, 0.6, 0, 104.9, 52.9, 27865.5, 213.8, 4.1, 89.7, 75.7, 3.3
1, 125397, 04/11/2018 13:59:20, 25.5, 19.5, 6.9, 200.5, 620.5, 27.4, 0.6, 0, 60.6, 50, 27608, 191.8, 3.6, 80.8, 65.2, 5.2
1, 125398, 04/11/2018 14:19:20, 23.8, 17.6, 6.6, 220.8, 571.4, 16.5, 0.6, 0, 57.3, 45.2, 26589.8, 174.6, 3.1, 65.1, 60, 5.8
1, 125399, 04/11/2018 14:39:20, 20.4, 18, 5.5, 211, 540.1, 15.4, 0.5, 0, 77.9, 46.1, 26671.5, 181.1, 3.2, 65.3, 51.3, 5
1, 125400, 04/11/2018 14:59:20, 20.9, 21.6, 5.4, 473.4, 592.8, 17.5, 0.5, 0, 84.9, 55.3, 28688.5, 210.1, 3.1, 65.1, 55.8, 4.3
1, 125401, 04/11/2018 15:19:20, 20, 16.4, 5.2, 99.1, 733.9, 17.8, 0.5, 0, 88.7, 42.1, 26111.7, 187.4, 2.6, 49.9, 60.2, 3.7
1, 125402, 04/11/2018 15:40:19, 20.9, 18.5, 5.5, 129.4, 716.1, 17.4, 0.5, 0, 120.2, 47.3, 36542.9, 196.1, 2.5, 50, 59.4, 3.2
1, 125403, 04/11/2018 15:59:19, 21.3, 23.9, 5.5, 87.3, 614.3, 16.1, 0.5, 0, 114, 61.3, 26490.7, 219.9, 3.2, 68.3, 49.5, 4.2
1, 125404, 04/11/2018 16:19:19, 22.1, 21.9, 5.8, 100.2, 601.7, 16.8, 0.5, 0, 126.6, 56, 26438.7, 215, 3, 65.3, 55.3, 3.8
1, 125405, 04/11/2018 16:40:19, 28.7, 21.7, 5.9, 109.1, 513.7, 16.4, 0.5, 0, 86, 55.6, 26537.6, 186, 3.1, 65.1, 57.3, 3.6
1, 125406, 04/11/2018 16:59:19, 23.3, 21.1, 4.1, 19, 567.5, 16.6, 0.4, 0, 237.2, 54, 25608.5, 203.2, 2.8, 56, 66.7, 2.2
1, 125407, 04/11/2018 17:20:19, 16.4, 20.5, 3.5, 35.9, 589, 15.3, 0.3, 0, 153.8, 52.5, 25646.7, 422.1, 2.5, 36.3, 48.1, 1.5
1, 125408, 04/11/2018 17:39:19, 16.7, 9.5, 3.7, 105.2, 687.6, 15.3, 0.4, 0, 48.1, 24.4, 25890.1, 552.1, 2.9, 39.5, 55.5, 1.9
1, 125409, 04/11/2018 17:59:19, 18.3, 14.2, 4.3, 108.3, 634.3, 14.6, 0.4, 0, 71.3, 36.3, 19324.4, 508.7, 3, 39.8, 60.9, 2.8
1, 125410, 04/11/2018 18:19:19, 19.5, 16.3, 4.6, 199.7, 597, 17.9, 0.4, 0, 145.9, 41.6, 19255.6, 429.5, 3, 40.6, 66.9, 2.5
1, 125411, 04/11/2018 18:39:19, 20.1, 12.2, 4.5, 176.4, 676.3, 29.5, 0.4, 0, 53.8, 31.2, 19895.7, 205.9, 3.5, 47.9, 66.3, 2.2
1, 125412, 04/11/2018 18:59:19, 27, 21, 5.5, 908.6, 633.5, 25.6, 0.5, 0.3, 95.7, 53.9, 35861, 493.7, 4.6, 71.5, 58.3, 3.6
1, 125413, 04/11/2018 19:19:18, 28.9, 21.9, 6.1, 1029.7, 605.5, 25.2, 0.5, 0.3, 103.3, 56.1, 35449.1, 192.9, 5, 81.1, 61.2, 2.2
1, 125414, 04/11/2018 19:39:19, 18.2, 10, 4.5, 41, 701.5, 30.2, 0.4, 0, 42.8, 25.7, 35480.2, 178.5, 5, 81.1, 70.8, 2.5
1, 125415, 04/11/2018 19:59:19, 29.4, 35.1, 7, 7221.3, 536, 26.7, 0.6, 0, 195.1, 89.8, 52764.9, 203.5, 8.6, 196.5, 61.7, 6
1, 125416, 04/11/2018 20:19:18, 25.3, 26.3, 7, 1297.6, 478.9, 22.7, 0.6, 0, 112.7, 67.3, 53275.8, 162.7, 9, 190.7, 62.3, 5.5
1, 125417, 04/11/2018 20:39:18, 22.2, 21.1, 5.5, 1234.6, 159.4, 12.4, 0.5, 0, 70.2, 54, 29710.1, 183.2, 7.8, 149.8, 64.1, 4.5
1, 125418, 04/11/2018 20:59:18, 34.2, 38.9, 5.9, 845.6, 255.1, 8.3, 0.5, 0, 131.6, 99.6, 36737.3, 174, 8.9, 188.2, 47.1, 8.4
1, 125419, 04/11/2018 21:19:19, 48.6, 51.1, 9, 2396.9, 371.7, 9.8, 0.7, 1.2, 175.1, 130.9, 64071.9, 197.6, 15.2, 299, 40.5, 4.3
1, 125420, 04/11/2018 21:39:18, 31.6, 32.4, 5.1, 1163.8, 361.6, 11.2, 0.4, 0.1, 138.4, 83, 57317.1, 211, 9.5, 184.5, 37.5, 1.4
1, 125421, 04/11/2018 21:59:19, 29.6, 45.5, 5.8, 1466.8, 123.2, 12.1, 0.4, 0, 191.7, 116.4, 33055, 227.5, 11, 223.3, 24, 3.8
1, 125422, 04/11/2018 22:19:19, 15.2, 15.3, 3.9, 962.4, 189.3, 19.4, 0.4, 0, 78.9, 39.1, 32522.8, 190.8, 6.3, 88.2, 69.6, 1.9
1, 125423, 04/11/2018 22:39:18, 9.4, 7.5, 3.4, 78.7, 145.7, 19.9, 0.3, 0, 40.1, 19.3, 25468.8, 151.6, 4.5, 56.6, 102.1, 1.4
1, 125424, 04/11/2018 23:00:18, 14.5, 16.5, 5.3, 378.9, 101.5, 21.6, 0.5, 0, 88.6, 42.3, 30471.3, 192.7, 4.7, 82.6, 96.7, 4
1, 125425, 04/11/2018 23:20:18, 14.6, 13.3, 4.9, 549.4, 142.8, 22.9, 0.5, 0, 58.7, 34, 13201.6, 182.4, 3.3, 59.9, 120, 2.7
1, 125426, 04/11/2018 23:39:18, 10.3, 7.7, 3.7, 23.4, 113.5, 22.9, 0.4, 0, 38.7, 19.7, 13256.7, 165.6, 2.1, 21.6, 173.1, 0.4
2, 125355, 03/11/2018 23:59:40, 22.8, 13.4, 7.4, 242.3, 620, 14.9, 0.7, 0, 40.2, 34.4, 32628.3, 299.4, 3, 49.1, 74.7, 5.5
2, 125356, 04/11/2018 00:19:40, 26.2, 24.6, 7.8, 6107.3, 572.1, 14, 0.7, 1, 152.8, 62.9, 35387.5, 402.5, 6.8, 78.6, 93.6, 9.1
2, 125357, 04/11/2018 00:39:40, 38, 51, 10.3, 1038.2, 577.6, 14.4, 0.9, 9.8, 160.1, 130.6, 61312.3, 355, 15, 160, 81.8, 13.6
2, 125358, 04/11/2018 00:59:40, 34.8, 53.9, 9.3, 852.8, 578.6, 14.4, 0.8, 10.9, 161.3, 138, 61908.6, 309.9, 14.6, 163.2, 51.5, 16.3
2, 125359, 04/11/2018 01:19:40, 43.1, 61.1, 12.2, 19933, 627.8, 24, 0.9, 6.4, 199.4, 156.5, 66819, 407.4, 16.8, 205.1, 43.5, 21.4
2, 125360, 04/11/2018 01:39:40, 55.3, 77.1, 11.6, 80913.1, 481.5, 9.2, 0.8, 19.3, 218.5, 197.5, 76918.3, 379.4, 20.6, 322.4, 40.1, 14.5
2, 125361, 04/11/2018 01:59:40, 50.9, 68.3, 10, 39757.4, 538.9, 6.4, 0.7, 12.8, 218.4, 174.9, 60234.2, 331.1, 18.2, 272.2, 36.2, 13.7
2, 125362, 04/11/2018 02:19:40, 31.6, 43.2, 8.1, 632.8, 552.2, 6.5, 0.7, 8.9, 134.2, 110.6, 55030.1, 342.5, 13.7, 146.6, 45.7, 14.5
2, 125363, 04/11/2018 02:39:40, 22.4, 29.6, 7.1, 109.7, 529.6, 7.4, 0.6, 0, 90.2, 75.9, 43275.9, 292.3, 11.4, 124.1, 47.8, 17.3
2, 125364, 04/11/2018 02:59:39, 21.9, 27.8, 7.4, 108.3, 552.2, 8.3, 0.7, 0, 82.6, 71.2, 44157.9, 296.6, 10.2, 105.5, 51.5, 17.5
2, 125365, 04/11/2018 03:19:40, 19.5, 24.9, 6.4, 99.5, 512.9, 6.3, 0.6, 0, 81.9, 63.7, 43145, 358.4, 10, 105.1, 43.4, 16.2
2, 125366, 04/11/2018 03:39:39, 16.8, 26.4, 5.4, 94.2, 527.4, 5.1, 0.5, 0, 74.5, 67.7, 43154.3, 266.9, 10.1, 105.6, 35.5, 21.6
2, 125367, 04/11/2018 03:59:39, 17.8, 27.9, 5.1, 82.8, 561.3, 3.9, 0.5, 0, 96.2, 71.5, 67669.4, 294.9, 10.2, 105.3, 29.4, 17.3
2, 125368, 04/11/2018 04:19:39, 23.1, 25.8, 6.2, 94.2, 738, 5.5, 0.5, 0, 78.1, 66, 67670.8, 354.8, 10.1, 105.2, 39.2, 16.6
2, 125369, 04/11/2018 04:39:40, 20.1, 25.3, 6.5, 93.3, 482.3, 6.2, 0.6, 0, 75.8, 64.7, 67666.7, 263.5, 10.1, 105.3, 47.8, 16.4
2, 125370, 04/11/2018 04:59:39, 17.6, 26.9, 5.4, 90.4, 403.6, 5.4, 0.5, 0, 80.1, 68.8, 43151.3, 250.9, 10.1, 105.1, 37.3, 16.2
2, 125371, 04/11/2018 05:19:39, 19.1, 26, 6, 103.7, 474.9, 5.7, 0.5, 0, 91.9, 66.7, 43144.8, 367.8, 10, 105.1, 40.4, 15
2, 125372, 04/11/2018 05:40:39, 22.7, 35.4, 7.8, 91, 498.4, 7.7, 0.7, 0, 112.7, 90.5, 43167.4, 300.2, 10.1, 105.3, 48.4, 19.1
2, 125373, 04/11/2018 05:59:39, 63.3, 78.7, 14.5, 1835.4, 762.5, 10.5, 1, 0, 236.2, 201.5, 96292.1, 279.9, 17.7, 312.9, 45.8, 24.1
2, 125374, 04/11/2018 06:20:39, 71.5, 78.4, 14.3, 759.7, 486.7, 10.7, 1, 0.1, 243.7, 200.7, 80073.5, 359.7, 17.7, 314, 44.5, 22.9
2, 125375, 04/11/2018 06:40:39, 68.2, 66.9, 13.7, 719.7, 515.2, 8.4, 0.9, 0, 236.1, 171.3, 75971.5, 301.1, 17.1, 299.2, 34, 21.9
2, 125376, 04/11/2018 06:59:38, 80.3, 89.2, 17, 752.9, 614.6, 23, 2, 0, 465, 228.4, 72576.4, 280, 17.6, 305.2, 113.3, 19.9
2, 125377, 04/11/2018 07:19:39, 71.5, 95.6, 17.4, 615.9, 606.8, 29.1, 1.3, 0, 414.3, 244.6, 56607.9, 381.9, 17.9, 308.9, 158.4, 17.1
2, 125378, 04/11/2018 07:39:39, 56.6, 84, 15.1, 456.2, 551.8, 27.3, 1.2, 0, 262.6, 215, 41739.8, 289.5, 15.6, 235.4, 168.8, 14.4
2, 125379, 04/11/2018 08:01:39, 59.6, 79.8, 16.4, 291.4, 572.3, 31.5, 1.3, 0, 236.3, 204.4, 47167.8, 297.8, 14.6, 216.9, 221.1, 16.1
2, 125380, 04/11/2018 08:20:39, 51.4, 67.1, 14.8, 356.3, 620.4, 23.3, 1.2, 0, 212.1, 171.7, 57154.2, 385.5, 14.2, 215.4, 135.8, 17.5
2, 125381, 04/11/2018 08:39:39, 36.4, 51.4, 11.3, 173.1, 523.4, 15, 0.9, 0, 195.8, 131.5, 41145.9, 266.2, 13.4, 194.6, 80.9, 19.9
2, 125382, 04/11/2018 08:59:38, 39.7, 51.3, 12.2, 128, 586.2, 19.4, 1, 0, 173.6, 131.4, 41042.5, 240.8, 13.1, 185.2, 81.9, 20.1
2, 125383, 04/11/2018 09:19:38, 46.6, 55.4, 14.8, 1091, 592, 27, 1.2, 0, 175, 141.7, 46417.5, 356.3, 13.3, 188.3, 99.3, 21.3
2, 125384, 04/11/2018 09:40:38, 53.1, 61, 15.8, 525.4, 568.3, 26.2, 1.2, 0, 188.6, 156.1, 45820.7, 309.3, 14, 213.9, 113.4, 22.6
2, 125385, 04/11/2018 09:59:38, 55.6, 59.2, 16.1, 638.9, 570.8, 27.6, 1.2, 0, 177.8, 151.5, 41512, 255.7, 14.8, 242.2, 97.4, 20.9
2, 125386, 04/11/2018 10:19:39, 44.7, 48.3, 14, 269.8, 561.5, 27, 1.1, 0, 174.6, 123.7, 32325.9, 345, 12.5, 173.2, 105.3, 17.6
2, 125387, 04/11/2018 10:39:38, 38, 38.4, 12.6, 126.1, 693, 26.8, 1, 0, 138, 98.3, 32322.9, 277.9, 12.1, 153.1, 100, 15.7
2, 125388, 04/11/2018 10:59:38, 34.7, 32.8, 10.3, 300.4, 602.9, 18.5, 0.9, 0, 105, 83.9, 24164.7, 258.7, 11.7, 144.8, 79.3, 13.4
2, 125389, 04/11/2018 11:19:38, 26.8, 32.2, 8.6, 173.5, 562.5, 19.3, 0.8, 0, 92.9, 82.4, 18622.3, 389.2, 9.6, 119.5, 63.1, 16.6
2, 125390, 04/11/2018 11:39:38, 22.6, 27.5, 7.4, 96.4, 591.3, 17.3, 0.7, 0, 90.7, 70.5, 18441.4, 283.3, 8.6, 102.1, 47.8, 13.4
2, 125391, 04/11/2018 11:59:38, 21.4, 22.5, 6.5, 97.3, 643.4, 12.6, 0.6, 0, 88.8, 57.6, 17668.8, 246.6, 9.1, 121.4, 47.9, 13.4
2, 125392, 04/11/2018 12:19:38, 13, 17.1, 3.2, 100.9, 516.1, 10.6, 0.3, 0, 91.7, 43.7, 17427.9, 368.7, 8.8, 107.1, 14, 12.2
2, 125393, 04/11/2018 12:39:38, 21.4, 29, 6.4, 497.2, 454.8, 6.9, 0.5, 0, 139.5, 74.3, 23828.8, 370.5, 12.2, 203.2, 19.2, 14.5
2, 125394, 04/11/2018 12:59:38, 45.7, 56.4, 16.3, 1079.8, 476.7, 8.7, 1.3, 0, 180.8, 144.3, 26340.5, 296.1, 15.9, 331.2, 45, 27.7
2, 125395, 04/11/2018 13:19:37, 42.1, 51.2, 14.8, 1092.9, 474.3, 6.7, 1.1, 0, 145.8, 131.1, 20963.9, 363.2, 14.4, 289.1, 25, 30.7
2, 125396, 04/11/2018 13:40:38, 36.8, 44.4, 13.1, 843.9, 482.1, 15.3, 1.1, 0, 141.3, 113.8, 20563.6, 283.6, 12.9, 243.4, 24.1, 26.9
2, 125397, 04/11/2018 13:59:38, 34.8, 42.3, 12.7, 755.1, 436.3, 5.6, 1.1, 0, 117.4, 108.3, 20462.2, 248.7, 12.3, 217.4, 31.6, 28.6
2, 125398, 04/11/2018 14:19:37, 34.9, 42.2, 12.7, 979.6, 426.6, 5.2, 1, 0, 120.8, 107.9, 20401.8, 337.2, 12.2, 217.3, 29.3, 27.2
2, 125399, 04/11/2018 14:39:37, 32, 42.5, 11.5, 1018.6, 376.3, 4.1, 1, 0, 127.3, 108.7, 20396.3, 266.2, 12.2, 217.2, 17.7, 29
2, 125400, 04/11/2018 14:59:38, 30.2, 41.2, 10.7, 928.5, 406.8, 4.2, 0.9, 0, 124.9, 105.5, 20400.8, 257.4, 12.3, 217.4, 18.3, 28.5
2, 125401, 04/11/2018 15:19:37, 31.9, 42.7, 11.6, 992.8, 471.4, 4.1, 1, 0, 116.7, 109.3, 20394.4, 366.3, 12.3, 217.3, 20, 29.3
2, 125402, 04/11/2018 15:39:38, 24.3, 33.3, 8.4, 718.4, 482.6, 5.5, 0.8, 0, 130.9, 85.2, 18892.2, 269.3, 11.6, 198, 20.7, 20
2, 125403, 04/11/2018 15:59:37, 16.5, 24.2, 5, 170.3, 519.3, 5.6, 0.5, 0, 80.3, 62, 18341.7, 254.9, 9.5, 127.9, 30.6, 13.7
2, 125404, 04/11/2018 16:19:37, 17.5, 23.2, 5.5, 165, 535.9, 5, 0.5, 0, 87.3, 59.5, 18331.8, 371.1, 9.2, 121.2, 30.5, 12.9
2, 125405, 04/11/2018 16:39:37, 16.9, 19.2, 5.2, 183.2, 436.6, 4.3, 0.5, 0, 61.9, 49.2, 18036.3, 242.1, 9.2, 121.3, 24.3, 11.9
2, 125406, 04/11/2018 16:59:37, 18.4, 20.5, 5.9, 360.6, 457.2, 6.3, 0.5, 0, 62.9, 52.4, 18360.4, 267.4, 9.3, 121.3, 39.8, 14.5
2, 125407, 04/11/2018 17:19:37, 19.5, 25.4, 6.4, 442.1, 461.6, 6.3, 0.6, 0, 98.8, 65, 18304.6, 387.2, 9.2, 121.3, 37.9, 15.1
2, 125408, 04/11/2018 17:39:37, 18.8, 21.4, 6.2, 446.4, 542.2, 5.6, 0.6, 0, 62.3, 54.7, 18313, 268.9, 9.1, 121.1, 35.1, 15.3
2, 125409, 04/11/2018 17:59:37, 17.3, 22.3, 5.5, 390.3, 487.1, 5.2, 0.5, 0, 67, 57, 18317.8, 260.7, 9.2, 121.2, 33.3, 16.4
2, 125410, 04/11/2018 18:19:37, 14.6, 18, 4.3, 231.3, 495.4, 5.4, 0.4, 0, 87.6, 46.2, 17277.2, 356.1, 8.7, 106.8, 34.8, 12.2
2, 125411, 04/11/2018 18:39:37, 11, 5.7, 2.8, 33.7, 486.6, 5.2, 0.3, 0, 25, 14.6, 16782.2, 267.4, 5.7, 69.6, 35.6, 3.2
2, 125412, 04/11/2018 18:59:37, 10.9, 4, 2.7, 19.1, 506.2, 4.8, 0.3, 0, 18.3, 10.1, 16797.5, 276.4, 3.3, 49.2, 32, 1.4
2, 125413, 04/11/2018 19:19:36, 11.5, 4.4, 3, 18.3, 520, 8.6, 0.3, 0, 20.5, 11.2, 16783.1, 384.9, 3.2, 49.3, 32.5, 1.2
2, 125414, 04/11/2018 19:39:36, 10.8, 3.4, 2.8, 17.5, 546.2, 7.9, 0.3, 0, 11.4, 8.7, 16783.7, 298.9, 3.2, 49.2, 27.4, 1.2
2, 125415, 04/11/2018 19:59:36, 10.1, 6.7, 3.7, 105.1, 307.7, 11, 0.4, 0, 51, 17, 16210.4, 290.5, 2.2, 31.7, 40, 1
2, 125416, 04/11/2018 20:19:36, 10.1, 5.7, 4.2, 211.6, 148, 15.2, 0.4, 0, 32.5, 14.5, 7730.6, 423.1, 0.9, 7, 42.6, 0.6
2, 125417, 04/11/2018 20:39:36, 11, 5.9, 4, 255.4, 160, 13.5, 0.4, 0, 19.3, 15.2, 8383.3, 316.2, 1.8, 11.5, 35, 0.7
2, 125418, 04/11/2018 20:59:36, 11.9, 7.8, 5.3, 44.7, 213, 17.8, 0.5, 0, 28.1, 19.9, 7926.6, 301.6, 1.5, 7.2, 57.2, 2.4
2, 125419, 04/11/2018 21:19:36, 31.6, 24.1, 11.4, 1003.3, 382.7, 25.4, 1, 0, 96.1, 61.6, 10564.4, 423.9, 5.5, 111, 80.1, 3.8
2, 125420, 04/11/2018 21:39:36, 24.1, 15.5, 8.2, 270.4, 387.8, 29.6, 0.7, 0, 59.2, 39.8, 12928.6, 341.6, 3.6, 70.7, 61.3, 1
2, 125421, 04/11/2018 21:59:36, 18.8, 16.6, 5, 619.5, 317.8, 21.8, 0.5, 0, 64.4, 42.5, 11127.5, 332.9, 2.5, 59.6, 14.8, 1.6
2, 125422, 04/11/2018 22:19:35, 26.3, 18.2, 8.1, 500.2, 335.5, 23.9, 0.7, 0, 83.8, 46.6, 32926, 425.6, 2.3, 68.3, 55.5, 1.5
2, 125423, 04/11/2018 22:39:36, 26.5, 15.8, 8.9, 503, 326.7, 22.6, 0.8, 0, 54.8, 40.4, 35191.3, 316.2, 1.8, 49.1, 91.8, 1.6
2, 125424, 04/11/2018 22:59:35, 21.9, 14.1, 8.8, 66.4, 307, 25.2, 0.8, 0, 79.4, 36.1, 22288, 294.7, 1.3, 35.3, 105.4, 1.8
2, 125425, 04/11/2018 23:19:36, 20.8, 8.9, 9.6, 18.8, 347.8, 26.1, 0.9, 0, 41.1, 22.9, 7757.2, 395.1, 0.3, 7.5, 132.9, 1.4
2, 125426, 04/11/2018 23:39:35, 19.8, 8.7, 9.4, 11.9, 356.4, 25.2, 0.9, 0, 38, 22.2, 7725.8, 282.6, 0.1, 1.1, 134.9, 1.2
3, 125355, 04/11/2018 00:00:08, 25.9, 30.4, 4, 16631.1, 480.6, 0.6, 0.3, 0, 235.4, 77.7, 48233.5, 362.1, 12.6, 159.4, 1.3, 2.3
3, 125356, 04/11/2018 00:20:07, 44.7, 96.3, 7.1, 16821.1, 622.7, 3.5, 0.5, 1.3, 385.9, 246.6, 74251.3, 731, 53.1, 492.4, 4.6, 4.9
3, 125357, 04/11/2018 00:40:08, 70.8, 130.9, 11.4, 7473.1, 610, 4.4, 1.4, 8.9, 415.1, 335.1, 73650.5, 569.8, 59, 757.5, 7.9, 7.1
3, 125358, 04/11/2018 01:00:08, 57.6, 101, 10.9, 20205.8, 1002.8, 6, 0.7, 0.4, 349.4, 258.5, 75279.1, 783.6, 52.2, 698.9, 12.2, 6.1
3, 125359, 04/11/2018 01:19:08, 67.8, 104.9, 11.7, 7203.3, 997.1, 2.3, 2, 0.4, 389.1, 268.6, 73921.9, 367.3, 43.1, 580.6, 5.3, 9.5
3, 125360, 04/11/2018 01:40:07, 43.8, 75.5, 8.2, 4819.1, 584, 0.3, 0.6, 0.1, 261.4, 193.2, 65277.8, 322.1, 35.6, 432.2, 7, 14.7
3, 125361, 04/11/2018 02:00:08, 62.6, 83.9, 11.1, 19533.4, 786.7, 2.3, 1.1, 0.3, 271.8, 214.7, 61304.5, 382.3, 33.1, 554.9, 6, 14.4
3, 125362, 04/11/2018 02:20:07, 47.9, 55.6, 8.3, 3777.8, 645.1, 2.8, 0.6, 0, 178.8, 142.2, 55873.1, 249, 23.8, 382.2, 4.9, 13.1
3, 125363, 04/11/2018 02:40:07, 40, 42.2, 6.9, 8048.6, 681.6, 5.3, 0.5, 0, 123, 107.9, 66445.8, 270.7, 19.1, 322.4, 4.5, 13.5
3, 125364, 04/11/2018 02:59:07, 55.6, 62.9, 8.6, 18335.1, 654.7, 4, 0.8, 0, 221, 161.1, 70475.3, 310.5, 22.3, 443.6, 3, 18.8
3, 125365, 04/11/2018 03:19:07, 49.7, 51.3, 7.6, 28546.1, 529.7, 9.3, 0.5, 0, 186.2, 131.3, 72608.8, 457.5, 19.6, 345.1, 8.6, 12.5
3, 125366, 04/11/2018 03:40:07, 39.2, 91, 6.7, 145947.9, 479.3, 21.3, 0.5, 0, 379.5, 232.9, 66142.1, 305.8, 25, 721.3, 4.1, 45.3
3, 125367, 04/11/2018 03:59:07, 61.7, 75.6, 10.2, 19451.7, 646.9, 8.9, 1, 0.6, 286.2, 193.6, 90311.4, 4738.1, 25.6, 626.2, 3, 14.3
3, 125368, 04/11/2018 04:20:07, 59.4, 46.6, 9.2, 9233.3, 815.8, 6.8, 0.9, 0, 220.7, 119.3, 88839, 5105.2, 20.7, 428.1, 4.6, 5.2
3, 125369, 04/11/2018 04:40:07, 62, 52.5, 9.7, 6502, 724.8, 8.9, 0.7, 0, 172.2, 134.3, 77441, 2082.2, 24.4, 476.8, 8.7, 6.4
3, 125370, 04/11/2018 05:00:06, 63.3, 70.6, 11.9, 22143, 585.7, 12.7, 0.9, 0.2, 241.4, 180.7, 76752.4, 6676.9, 29.8, 707.8, 5.3, 5.5
3, 125371, 04/11/2018 05:20:07, 57.7, 50.8, 9.5, 4199, 727.5, 16, 0.7, 0, 182.6, 130, 111729, 479.5, 27.4, 635.7, 6.4, 4.5
3, 125372, 04/11/2018 05:40:07, 70.7, 77.4, 11.9, 2928.6, 605.9, 9.3, 1.3, 0.2, 235.5, 198.1, 81514.8, 427.2, 26.1, 787.8, 1.9, 9.1
3, 125373, 04/11/2018 06:00:06, 67.1, 75.5, 12.1, 15665.9, 773.2, 9.4, 2.1, 0.2, 319.1, 193.3, 68654.6, 547.5, 27.9, 854.4, 1.9, 14
3, 125374, 04/11/2018 06:20:07, 45.9, 48.6, 7.5, 1941.1, 555.9, 13.2, 0.5, 0, 181.2, 124.4, 75063.7, 304.4, 22, 608.5, 3.6, 12.5
3, 125375, 04/11/2018 06:40:06, 45.1, 39.5, 6.8, 3578.3, 677.1, 34.1, 0.5, 0, 123.4, 101.1, 69537.6, 295.9, 18.9, 465.8, 2.2, 7.1
3, 125376, 04/11/2018 07:00:06, 46.6, 46.7, 9.4, 27793.8, 686.1, 15.7, 0.7, 0, 158.9, 119.5, 64021.1, 269.6, 20.6, 500.4, 1.6, 9.5
3, 125377, 04/11/2018 07:19:06, 46.6, 39.1, 9.3, 5252.4, 706.2, 18.3, 0.6, 0, 137.3, 100.1, 87586.8, 203.8, 18.3, 755.9, 1.2, 6.8
3, 125378, 04/11/2018 07:40:11, 50.6, 51.9, 8.7, 1901.2, 905.4, 11.3, 0.6, 0, 173.8, 132.9, 76827.9, 177.2, 18.7, 864.5, 1.5, 6.4
3, 125379, 04/11/2018 08:01:11, 70.9, 86.2, 13.7, 2654.9, 1024.2, 9.2, 1.8, 0, 324.6, 220.6, 77178.1, 383.2, 23.8, 1137, 0.9, 11.6
3, 125380, 04/11/2018 08:20:11, 59.7, 68.2, 9.7, 9965.9, 812.2, 14.8, 0.8, 0, 245.4, 174.5, 50888.7, 313.9, 23.6, 977.8, 1.1, 9.4
3, 125381, 04/11/2018 08:40:11, 63.5, 65.6, 8.8, 21361.1, 615.3, 8.6, 1, 0, 235.2, 167.9, 76715.8, 314.5, 26.1, 841.8, 1.3, 3.7
3, 125382, 04/11/2018 08:59:11, 58.9, 63.3, 8, 17759.6, 428.6, 5, 1, 0.1, 257.7, 162, 72939.7, 325, 23.2, 770.9, 1.7, 5.1
3, 125383, 04/11/2018 09:19:11, 53.2, 57, 8.4, 5223.2, 600.5, 9.8, 1.3, 0.1, 252.5, 146, 50791.3, 307.3, 24.8, 1038.2, 1.2, 5.2
3, 125384, 04/11/2018 09:40:10, 43.5, 38.7, 6.5, 915.5, 630, 15.8, 0.5, 0, 142.3, 99.1, 65622.8, 220.7, 19.9, 908, 1, 3
3, 125385, 04/11/2018 10:00:11, 43.7, 41.4, 7.5, 19715.3, 677.8, 30.4, 0.6, 0, 147.7, 106, 77520.7, 301.5, 21.8, 754.9, 1.6, 4.7
3, 125386, 04/11/2018 10:19:10, 53.5, 54.8, 8.6, 2090.3, 654.3, 24.2, 1.2, 0.1, 211.4, 140.3, 93065.4, 269.1, 23, 945.2, 6.1, 3.9
3, 125387, 04/11/2018 10:40:11, 59, 51, 10.7, 2373.1, 774.2, 35.2, 1, 0, 253.7, 130.6, 78689.5, 253.3, 18.5, 613.5, 2.3, 4.7
3, 125388, 04/11/2018 11:00:11, 50.7, 44.8, 10.8, 30961.5, 842.2, 23.3, 0.8, 0, 226.2, 114.8, 32055.3, 218.4, 19.6, 616.5, 1.3, 6.8
3, 125389, 04/11/2018 11:20:10, 31.9, 23.3, 5.8, 1386.2, 668.6, 27.5, 0.4, 0, 113.2, 59.7, 47472, 329.9, 12.5, 365.8, 2.8, 3
3, 125390, 04/11/2018 11:39:10, 34.9, 26.4, 5, 2134.9, 636.3, 20.8, 0.4, 0, 156.4, 67.7, 79631.9, 289.6, 11.7, 364.7, 0.6, 2.2
3, 125391, 04/11/2018 12:00:11, 31.7, 28, 4.9, 20590.4, 600.3, 13.6, 0.4, 0, 142.1, 71.8, 57182.4, 327.2, 11.2, 399.9, 0.5, 4.7
3, 125392, 04/11/2018 12:19:10, 65.4, 68, 11.5, 6002.5, 623, 24.3, 6.1, 0.9, 320.3, 174.1, 103269.1, 212.1, 18.3, 698.9, 0.8, 6.6
3, 125393, 04/11/2018 12:40:10, 52.8, 45.5, 8.7, 4334.4, 600.1, 26.1, 0.8, 0, 198.8, 116.4, 66323.1, 212.4, 18.1, 733.3, 1.1, 4.7
3, 125394, 04/11/2018 12:59:10, 51.7, 43.5, 8.1, 18365.8, 685.8, 26.8, 0.6, 0, 176, 111.4, 90846.9, 244.9, 19.3, 612.9, 0.7, 4.1
3, 125395, 04/11/2018 13:20:10, 43.6, 40.1, 5.7, 5157.7, 616.9, 13.4, 0.4, 0, 174.1, 102.5, 50173.3, 254.8, 11, 355.7, 0.4, 2.3
3, 125396, 04/11/2018 13:40:10, 41.7, 34, 6.6, 6140.9, 668.4, 24.4, 1.1, 0, 213.5, 87.1, 79213.3, 324.6, 12.6, 371.2, 0.4, 2.2
3, 125397, 04/11/2018 13:59:10, 36.3, 33.5, 5.9, 22623.9, 714.6, 21.1, 0.5, 0, 163.9, 85.9, 47779, 288.1, 11.3, 330.8, 1.6, 5.3
3, 125398, 04/11/2018 14:19:09, 48.3, 41.9, 6.1, 2408.8, 585.9, 17.6, 3, 0.5, 263.5, 107.3, 75269.5, 221.5, 11.2, 385.3, 0.3, 2.6
3, 125399, 04/11/2018 14:40:09, 59.7, 57, 8.4, 2174.1, 609, 11.3, 1.2, 0, 225.2, 146, 58069, 217.7, 12, 471, 0.3, 4.3
3, 125400, 04/11/2018 15:00:10, 48, 46.7, 7.8, 24631, 486.9, 18.5, 0.6, 0, 180.6, 119.7, 42396.1, 320.9, 15.3, 477.3, 1.4, 5.7
3, 125401, 04/11/2018 15:19:10, 34.3, 27.1, 5.6, 2300.2, 653.9, 16, 0.4, 0, 204.1, 69.3, 75279.2, 277.2, 11.7, 364.1, 5.9, 2.3
3, 125402, 04/11/2018 15:40:09, 28.2, 23.8, 4.6, 2178, 709.6, 27.5, 0.4, 0, 209.9, 60.9, 70602.3, 237, 10.7, 300.8, 9.9, 2.1
3, 125403, 04/11/2018 15:59:10, 50.9, 49, 8, 18713, 684.5, 19.5, 0.6, 0, 212.5, 125.5, 30372.3, 275, 12.7, 353.3, 6, 5.6
3, 125404, 04/11/2018 16:19:14, 29.9, 25.3, 5, 3933.1, 664.6, 24.4, 0.6, 0, 206.6, 64.7, 41464.2, 264, 11.2, 309, 5.9, 2.3
3, 125405, 04/11/2018 16:40:15, 22.3, 12.6, 3.7, 2616, 645.3, 29.4, 0.3, 0, 83.9, 32.2, 58164, 192, 9.1, 242.7, 5.1, 1.6
3, 125406, 04/11/2018 17:00:15, 50.9, 46.1, 9.5, 14822.3, 449.1, 8.5, 0.7, 0, 252.4, 117.9, 57346.8, 309.8, 13.7, 337.1, 4.8, 6
3, 125407, 04/11/2018 17:20:14, 31.9, 28.8, 7.4, 2470.4, 553.4, 9.9, 0.5, 0, 116.7, 73.6, 64632.8, 280.7, 12.2, 402.4, 4.4, 4
3, 125408, 04/11/2018 17:39:14, 28, 22.8, 5.8, 951.2, 561.6, 5, 0.4, 0, 114.2, 58.4, 29471.3, 207.9, 11.8, 261.4, 5.3, 3.2
3, 125409, 04/11/2018 17:59:14, 38.4, 38.8, 8.2, 21739, 518.2, 11.1, 0.6, 0.8, 209.4, 99.2, 28812.2, 333.3, 17.3, 388.5, 4.7, 8.6
3, 125410, 04/11/2018 18:19:14, 22.8, 15.6, 3.8, 4439.1, 545.9, 8.1, 0.3, 0, 61.3, 39.9, 52304.5, 247.4, 9.9, 167.3, 6.7, 1.6
3, 125411, 04/11/2018 18:39:13, 21.8, 16, 4.1, 2915.4, 596.8, 11, 0.3, 0, 84.9, 40.8, 39601.4, 198.8, 8.7, 188.8, 10.3, 1.7
3, 125412, 04/11/2018 18:59:14, 28.1, 26.6, 6.3, 15477.8, 568.5, 11.4, 0.5, 0, 142, 68.1, 25593, 338, 12.9, 302.9, 10, 5.2
3, 125413, 04/11/2018 19:19:14, 22.6, 15.9, 4.2, 2890.1, 606.8, 10.9, 0.3, 0, 67.7, 40.7, 32468.4, 302.6, 9, 206.2, 4.3, 2.2
3, 125414, 04/11/2018 19:39:14, 18.2, 10.7, 3.1, 1490.6, 749.9, 19.8, 0.3, 0, 45.7, 27.4, 40959.9, 286.9, 7.3, 118, 4.2, 1.7
3, 125415, 04/11/2018 20:00:13, 24.9, 24.1, 4.8, 17745.9, 347, 11.2, 0.4, 0, 104.4, 61.6, 55953, 343.6, 8.8, 175.3, 3.9, 4.6
3, 125416, 04/11/2018 20:19:13, 10.7, 10.9, 2.4, 1990.9, 112.8, 14.3, 0.2, 0, 51.9, 28, 16924.9, 248.9, 6.5, 144, 2.3, 0.9
3, 125417, 04/11/2018 20:39:13, 9.9, 8.9, 2.1, 342.2, 142.2, 19.5, 0.2, 0, 45, 22.9, 24610.7, 241.5, 6.3, 133.8, 1.1, 0.8
3, 125418, 04/11/2018 21:00:13, 23.8, 27.3, 5.3, 15177.5, 247.2, 10.4, 0.4, 0, 160.5, 69.9, 31672.3, 326.4, 9.7, 227.4, 2.1, 4.5
3, 125419, 04/11/2018 21:19:13, 20.1, 17.7, 4.1, 3583.6, 117.3, 2.3, 0.3, 0, 62.1, 45.3, 61958.3, 240.1, 7.5, 212.2, 0.5, 1.4
3, 125420, 04/11/2018 21:39:13, 9.5, 8.6, 2.2, 1504.3, 111.1, 14.5, 0.2, 0, 48.6, 22.1, 20619, 299, 6.6, 176.8, 0.3, 0.6
3, 125421, 04/11/2018 21:59:13, 27.9, 28.9, 5.1, 15319.8, 258.5, 10.9, 0.4, 0.2, 179.6, 73.9, 40354.9, 272.3, 10.5, 222.2, 0.5, 3.2
3, 125422, 04/11/2018 22:20:13, 15.5, 19.2, 4.9, 3464.2, 179, 17.9, 0.4, 0, 78.4, 49.1, 25295.9, 247.1, 7.5, 199, 1.1, 2.9
3, 125423, 04/11/2018 22:39:13, 16.5, 15.3, 3.4, 1720.8, 76.5, 1.9, 0.3, 0, 87.8, 39.2, 43380.7, 186.8, 7, 159.4, 0.9, 1.9
3, 125424, 04/11/2018 23:00:13, 25.3, 27.4, 5.9, 17984.5, 245.2, 7.4, 0.5, 0.3, 151.1, 70.2, 37531.4, 299.7, 8.8, 208.5, 0.5, 5.3
3, 125425, 04/11/2018 23:20:12, 10.2, 7.7, 2.1, 2770.1, 102.2, 14.1, 0.2, 0, 32, 19.7, 43449.3, 135.5, 6, 122.4, 0.2, 1
3, 125426, 04/11/2018 23:39:12, 12, 10.4, 1.8, 647.5, 107.2, 13.9, 0.2, 0, 41.6, 26.6, 44298.5, 132.5, 7.6, 236.7, 0.1, 0.6
4, 125355, 03/11/2018 23:59:39, 37.9, 42.1, 7.4, 22493.8, 519.1, 7.4, 0.5, 0, 226.4, 107.9, 54609.2, 17584.6, 15.2, 264.7, 3.1, 7.3
4, 125356, 04/11/2018 00:19:38, 37.5, 93.9, 7.1, 13330.5, 414.6, 7.2, 0.5, 2.2, 356.5, 240.3, 81405.9, 15602.9, 50.4, 504.3, 5.3, 5.3
4, 125357, 04/11/2018 00:39:38, 59.4, 113.2, 12.3, 5813, 311.2, 3.5, 0.8, 0, 332.9, 289.8, 82723.8, 13916.6, 61.7, 593.4, 5.1, 7.3
4, 125358, 04/11/2018 01:00:38, 60.7, 122.2, 12.5, 21185.7, 346.3, 2.5, 0.9, 0.1, 388.9, 312.8, 92025.1, 13257.3, 60.1, 704.7, 5.8, 11.4
4, 125359, 04/11/2018 01:19:38, 60.2, 97.7, 11.2, 3380.7, 523.2, 3.8, 0.7, 0.2, 287, 250, 84931.9, 14140.2, 47.4, 538.8, 5.1, 10.2
4, 125360, 04/11/2018 01:39:38, 54.3, 68.2, 8.9, 7052.6, 703.9, 2.1, 0.7, 0.1, 216.4, 174.5, 64793.1, 14037.6, 39.2, 474.8, 6.4, 9.6
4, 125361, 04/11/2018 01:59:38, 53.8, 63.8, 10.4, 24262.4, 718.4, 4, 0.7, 0.1, 278.3, 163.4, 55999.2, 12235, 29.3, 495.6, 9.3, 12
4, 125362, 04/11/2018 02:19:37, 48.2, 50.9, 10.7, 3775.9, 616.3, 5.1, 0.8, 0, 157.4, 130.2, 49693.4, 13330.3, 17.3, 339.2, 5.7, 13.2
4, 125363, 04/11/2018 02:39:38, 47, 51.3, 10.9, 5697.2, 594.5, 1.5, 0.8, 0, 154.1, 131.4, 48704.1, 13947.5, 12.7, 275.2, 2.2, 16.2
4, 125364, 04/11/2018 02:59:37, 64.4, 72.2, 12.8, 21304.4, 714.2, 5.7, 1.1, 0, 380.3, 184.8, 55208.4, 13566.5, 17.5, 358.5, 3.3, 18.8
4, 125365, 04/11/2018 03:19:37, 48.2, 54, 8.6, 32993.9, 555.1, 4.6, 0.9, 0.4, 232.1, 138.3, 53888.4, 21601.2, 18, 338.3, 13.4, 14.3
4, 125366, 04/11/2018 03:39:37, 36.4, 66.8, 6.6, 75851.2, 470.5, 10.1, 0.5, 0, 251.2, 170.9, 60965.2, 18942.6, 19.2, 431.7, 5.4, 39.5
4, 125367, 04/11/2018 03:59:38, 49, 61.9, 8.2, 20357.1, 652.5, 6.5, 0.6, 0.1, 257.7, 158.5, 111870, 22370.9, 20, 496, 5.4, 15.5
4, 125368, 04/11/2018 04:19:38, 52.3, 52, 8.5, 6610.9, 845.2, 6.2, 0.6, 0, 222, 133.2, 91038.6, 15217.3, 20.5, 467.3, 5.8, 15.2
4, 125369, 04/11/2018 04:39:37, 64, 67.7, 9.9, 11156, 625.5, 11.7, 1, 0, 277.3, 173.3, 100459.4, 16677.9, 27.2, 559.6, 8.1, 15.4
4, 125370, 04/11/2018 04:59:37, 58.4, 70.3, 11.3, 17524.8, 579.3, 11.7, 1, 1.1, 282.3, 179.9, 37976.8, 21717.7, 23.7, 692, 11.9, 11.9
4, 125371, 04/11/2018 05:19:37, 35, 35.8, 6.3, 9516.7, 514, 12.7, 0.5, 0, 147.2, 91.7, 35030.7, 16431.1, 19.1, 456, 14, 6.3
4, 125372, 04/11/2018 05:40:37, 58.9, 71.1, 11.2, 7806.4, 724.8, 11.8, 2.1, 2.7, 260.4, 182, 88283.7, 15639.1, 22.5, 588.4, 10.4, 10.1
4, 125373, 04/11/2018 05:59:37, 58.7, 75.3, 10.3, 22709.7, 784.4, 10.4, 1, 1.9, 316.3, 192.8, 59773.8, 15560.5, 23.2, 668.8, 10, 9.5
4, 125374, 04/11/2018 06:20:37, 50.5, 53.8, 9.7, 9214.9, 761.2, 11.1, 0.7, 0.3, 196.7, 137.7, 72915.7, 15094.5, 18.4, 506.2, 10.3, 13.4
4, 125375, 04/11/2018 06:40:42, 41.5, 42.6, 6.9, 6918.1, 508, 9.3, 0.5, 0.2, 184.9, 108.9, 47938, 15206.2, 15.8, 382.3, 7.7, 10.4
4, 125376, 04/11/2018 06:59:42, 46.6, 60.5, 7.6, 18603.4, 640.4, 1.8, 0.6, 0, 203.9, 155, 65700.4, 14196.3, 15.4, 359.8, 6.3, 12.3
4, 125377, 04/11/2018 07:19:41, 48.2, 46.8, 10.8, 7827.2, 507.9, 4.6, 0.7, 0, 177.7, 119.7, 57800.4, 15580.8, 13.8, 293, 5.5, 12.1
4, 125378, 04/11/2018 07:39:41, 40.9, 46, 6.8, 4576.1, 638.5, 7.6, 0.5, 0, 158.8, 117.8, 39332.4, 13996.7, 15.1, 318.2, 5.8, 5.1
4, 125379, 04/11/2018 07:59:41, 76.9, 117.3, 12.7, 49289.3, 630.9, 10, 8.8, 3.7, 483.5, 300.2, 87336.3, 16613, 36, 1137.8, 4.1, 8.6
4, 125380, 04/11/2018 08:20:41, 88.7, 111.9, 14.5, 22038.8, 766.1, 23.8, 11.4, 0.7, 366.1, 286.4, 76722.6, 17287.8, 38.4, 1256.5, 3.2, 14
4, 125381, 04/11/2018 08:40:41, 71.6, 84.2, 12.2, 3508.8, 501.6, 33.7, 1.4, 0, 259.1, 215.6, 61350.9, 17103.4, 33.1, 1052.7, 4.1, 9.5
4, 125382, 04/11/2018 08:59:41, 64, 80.7, 10.2, 17926.6, 614.9, 18.1, 1.3, 0, 284, 206.6, 40310.8, 14737.7, 27.9, 918.6, 6.8, 10.8
4, 125383, 04/11/2018 09:19:41, 57.9, 73.8, 9.4, 6931.6, 717.6, 13.8, 1.8, 0.1, 298.9, 189, 48914.8, 12295.7, 23.4, 797, 5.3, 9.6
4, 125384, 04/11/2018 09:40:41, 46.8, 53.6, 7.5, 6145.7, 617.7, 14.8, 0.5, 0, 204.9, 137.2, 52292.7, 15784.5, 19.7, 727.5, 6.7, 6.2
4, 125385, 04/11/2018 09:59:41, 85.1, 98.8, 13.7, 26894.2, 568.5, 20.6, 9.3, 1.1, 383.4, 252.9, 106463.8, 13160.1, 26.2, 874.9, 5.1, 8.8
4, 125386, 04/11/2018 10:19:41, 73.3, 77.8, 11.2, 8133.5, 602.1, 21.6, 3.6, 0.2, 306.4, 199.2, 87058.4, 14011.1, 22, 720.2, 5.6, 5.2
4, 125387, 04/11/2018 10:39:40, 45.1, 50.8, 8.3, 7573, 694.1, 12.5, 0.9, 0, 292.5, 130, 55492.3, 17585.6, 20.2, 728.2, 8.6, 5.1
4, 125388, 04/11/2018 10:59:41, 43.7, 40.1, 8.7, 34278.2, 706.9, 5.7, 0.6, 0, 147.9, 102.8, 62872.1, 18427, 16.2, 465.4, 8.3, 7.7
4, 125389, 04/11/2018 11:19:41, 40.3, 35.7, 7.7, 9538.2, 576.1, 6.7, 0.5, 0, 129.3, 91.5, 43792, 16984.6, 12.7, 335.4, 7.9, 5.9
4, 125390, 04/11/2018 11:39:40, 26.4, 20.9, 4.6, 5510.8, 468.9, 4.7, 0.4, 0, 79.3, 53.5, 34254.3, 19241, 7.9, 206.6, 6.5, 4.3
4, 125391, 04/11/2018 11:59:41, 55, 54.1, 8.7, 28455.2, 501.3, 5.2, 0.7, 0, 196.3, 138.4, 46217.8, 16735.8, 13.1, 381.7, 3.9, 7.8
4, 125392, 04/11/2018 12:19:56, 43.8, 46.7, 6.8, 4007.5, 449.6, 2.6, 0.5, 0, 224.3, 119.6, 51558.2, 17079.6, 11, 328.8, 4.1, 3.6
4, 125393, 04/11/2018 12:39:56, 38.8, 38.3, 7.3, 7585.5, 570.8, 3.7, 0.5, 0, 147.4, 97.9, 55388.7, 19522.3, 11.3, 412.2, 5.3, 6.1
4, 125394, 04/11/2018 12:59:56, 50.5, 46, 9.2, 17286.6, 580.8, 2.8, 0.9, 0, 190, 117.7, 53341.3, 17944, 12.2, 501, 5.3, 4.2
4, 125395, 04/11/2018 13:19:56, 34.3, 31.7, 6.2, 3778, 550.6, 7.7, 0.5, 0, 111, 81.1, 75833.1, 16371.6, 10.9, 437.7, 6.6, 4
4, 125396, 04/11/2018 13:39:55, 26.6, 21.4, 4.1, 599.4, 557.6, 6, 0.3, 0, 92.9, 54.8, 33057.7, 18188.2, 8.4, 289, 4.3, 1.8
4, 125397, 04/11/2018 13:59:56, 28.7, 24.5, 5.1, 13039.8, 603.7, 9.4, 0.4, 0, 199.1, 62.7, 30302.2, 17446.5, 9.1, 312.3, 5, 2.8
4, 125398, 04/11/2018 14:19:55, 21.9, 17.1, 4.7, 4639.5, 420.7, 2.7, 0.4, 0, 108.2, 43.7, 39369.9, 16166.2, 6.8, 172, 5.5, 3.5
4, 125399, 04/11/2018 14:39:55, 29.1, 28.4, 5.5, 7906.2, 440.2, 1.1, 0.4, 0, 117.3, 72.6, 41922.5, 18246, 9.5, 313.5, 1.6, 4.4
4, 125400, 04/11/2018 14:59:54, 54.5, 52.7, 9, 16089.8, 689.7, 2.1, 1.1, 0, 249.7, 135, 34072.5, 15261.5, 11.6, 495, 1.2, 5.5
4, 125401, 04/11/2018 15:19:55, 31.4, 28.6, 6.3, 6316.4, 670.9, 1.1, 0.4, 0, 125.2, 73.3, 32252.2, 16656.4, 9.1, 336.8, 2.1, 5.5
4, 125402, 04/11/2018 15:39:55, 30.7, 25, 5.7, 10541.4, 529.1, 1, 0.4, 0, 92.9, 63.9, 31886.5, 16904.8, 8.4, 268.1, 5.7, 5
4, 125403, 04/11/2018 15:59:55, 42.3, 43.9, 6.9, 21767.6, 514.3, 4.1, 0.5, 0, 162.5, 112.3, 44723.9, 18323.7, 9.6, 304.2, 3.7, 5.5
4, 125404, 04/11/2018 16:19:55, 36.5, 28.7, 5.1, 4905, 413.8, 4.3, 0.4, 0, 137, 73.3, 38881.1, 18061.7, 7.7, 236, 3, 1.9
4, 125405, 04/11/2018 16:39:55, 23.6, 14.2, 4.1, 4927, 418.9, 5.1, 0.3, 0, 67.4, 36.4, 38271.8, 17381.3, 7, 209.4, 4.9, 1.8
4, 125406, 04/11/2018 16:59:55, 37.4, 29.4, 6.5, 23825.1, 524.5, 4.4, 0.5, 0.2, 160.3, 75.3, 37324, 19468.7, 9.3, 328.9, 4.8, 3.7
4, 125407, 04/11/2018 17:19:55, 30, 29.7, 6, 12482.5, 491.6, 4.4, 0.4, 0, 109.3, 76.1, 52193.3, 16734.1, 13.3, 314.9, 4.4, 4.9
4, 125408, 04/11/2018 17:39:55, 20.9, 14.7, 4.4, 6593.5, 519.3, 7.6, 0.4, 0, 76.8, 37.6, 48691.9, 19648.8, 7.1, 178.4, 2.3, 3
4, 125409, 04/11/2018 17:59:54, 37, 30.8, 5.9, 38322.9, 564.8, 4.5, 0.4, 0, 160.6, 78.9, 63273.9, 19315.5, 13.2, 331.7, 3.2, 3.3
4, 125410, 04/11/2018 18:19:54, 14.2, 6.4, 2.6, 398.5, 454.2, 5.7, 0.2, 0, 43.3, 16.4, 40887.1, 18101.5, 9.6, 196.4, 1.3, 1.4
4, 125411, 04/11/2018 18:39:54, 15.1, 9.9, 2.6, 3069.2, 450.5, 2.5, 0.2, 0, 195, 25.4, 41916.8, 18520.7, 7.9, 150.5, 3, 1.1
4, 125412, 04/11/2018 18:59:54, 29.6, 20, 5.1, 19810.6, 587.3, 2.6, 0.4, 0.1, 126, 51.2, 44856.4, 18190.3, 9.2, 264.2, 1.3, 2.4
4, 125413, 04/11/2018 19:19:54, 16.9, 8.4, 2.7, 2264.7, 455.1, 1.9, 0.3, 0, 34, 21.5, 44172.8, 20582.8, 8.2, 176, 2.8, 1.1
4, 125414, 04/11/2018 19:39:54, 16.8, 6.7, 2.5, 3160.2, 452.5, 2.1, 0.2, 0, 38.3, 17.2, 46008.1, 21951.6, 6.8, 143.3, 3.5, 0.9
4, 125415, 04/11/2018 19:59:54, 21.7, 17.1, 3.7, 34032.5, 341.6, 2.1, 0.3, 0.1, 108.8, 43.7, 42957, 9629.1, 7.8, 197.7, 2.7, 3.2
4, 125416, 04/11/2018 20:19:54, 11.5, 7.6, 2.4, 4475.7, 46.7, 1.3, 0.2, 0, 44.1, 19.4, 29720.6, 20168.4, 7.9, 179.6, 3.5, 1.3
4, 125417, 04/11/2018 20:39:54, 11.2, 6.3, 2.1, 4650.9, 32.7, 0.3, 0.2, 0, 40.8, 16.2, 24796.4, 109.1, 8.3, 178.4, 3.8, 1
4, 125418, 04/11/2018 20:59:54, 34.3, 32.1, 5.9, 30842.7, 21.2, 0.8, 0.5, 0.1, 128.3, 82.2, 38678.2, 260.3, 9.9, 259.2, 4.3, 4.7
4, 125419, 04/11/2018 21:19:53, 17.2, 12.8, 3.7, 3048.9, 36.3, 3.8, 0.3, 0, 70.9, 32.7, 30117.7, 227, 7.4, 178.6, 5.2, 1.1
4, 125420, 04/11/2018 21:39:54, 11.6, 8.1, 2.1, 3952.8, 19.8, 1.5, 0.2, 0, 43.7, 20.7, 35641.5, 132, 6.4, 162.6, 4, 1
4, 125421, 04/11/2018 21:59:53, 15.1, 13.3, 2.2, 18250.9, 4.9, 0.5, 0.2, 0, 61.5, 34.1, 20873.3, 145, 7.8, 192.7, 3.5, 1.6
4, 125422, 04/11/2018 22:19:54, 26.5, 24.5, 4.7, 2257.9, 99.9, 0.6, 0.3, 0.1, 116.1, 62.6, 46776.3, 136.1, 7.3, 197.5, 2.9, 2
4, 125423, 04/11/2018 22:39:53, 19.9, 16.4, 3.8, 5240.5, 65.2, 1.1, 0.3, 0, 96.2, 42.1, 33206.8, 164.3, 6.4, 191.5, 2.6, 1.9
4, 125424, 04/11/2018 22:59:53, 17, 14.6, 3.6, 18123.8, 55.1, 1, 0.3, 0, 85.1, 37.3, 32989.6, 175, 7.3, 158.7, 4.2, 2.2
4, 125425, 04/11/2018 23:19:53, 10.3, 6, 2, 2171.6, 38.2, 1.3, 0.2, 0, 38.5, 15.5, 32008.5, 144.2, 7.4, 134.7, 3.6, 0.8
4, 125426, 04/11/2018 23:39:53, 12.5, 9.9, 2.9, 4486.5, 40.5, 0.1, 0.3, 0, 44.8, 25.3, 32612.8, 151.9, 7.1, 130.2, 1.5, 2.9
