HOST, TIME, SNAP_ID, SYS_CPU, SYS_DBTIME, SYS_SYSPCT, SYS_READ, SYS_WRITE, SYS_REDO, SYS_OSWAIT, SYS_RMWAIT, SYS_ACTSESS_MAX, SYS_ACTSESS_AVG, SYS_PGA, SYS_PXRUNS, SYS_PXQCT, SYS_PXSRVT, SYS_UCALLS, SYS_IOWAIT
1, 07/02/2019 23:59:22, 132011, 44.9, 63, 13, 2259.1, 263.2, 30.1, 1.1, 1.5, 242.1, 161.4, 29618.8, 256, 8, 200.4, 51.1, 17.3
1, 08/02/2019 00:19:22, 132012, 49.2, 68.1, 13.6, 9484.4, 275, 44.9, 1.1, 7.1, 289.9, 174.3, 36244.6, 231.5, 9.4, 179.1, 88.1, 19.3
1, 08/02/2019 00:39:22, 132013, 46.1, 83.7, 11.1, 4891.9, 221.2, 16.1, 0.9, 21.1, 303.2, 214.4, 38268.8, 274.8, 17.1, 234.5, 46.9, 9.5
1, 08/02/2019 00:59:22, 132014, 50.9, 84.1, 12.5, 3258.3, 102, 19.1, 1, 9.6, 275.7, 215.2, 42206.5, 870, 21.4, 333.3, 54.6, 18.1
1, 08/02/2019 01:19:22, 132015, 50, 79.2, 12.8, 4340.5, 109.8, 18.4, 1.1, 2.2, 285.2, 202.8, 61552.6, 550.4, 19.5, 303.8, 64.7, 23.8
1, 08/02/2019 01:39:22, 132016, 41.6, 62.6, 9.6, 4292.5, 181.8, 12.2, 0.8, 1.3, 214.8, 160.2, 27739.7, 593.9, 17.2, 285.5, 50.3, 7.3
1, 08/02/2019 01:59:21, 132017, 38, 43.4, 9.9, 1556.5, 139.4, 29.5, 0.9, 0.6, 129.2, 111.1, 25066.3, 786.4, 14.3, 176.5, 75.8, 5
1, 08/02/2019 02:19:22, 132018, 48.1, 41.9, 11.1, 6241.3, 145.8, 26.6, 0.9, 0.8, 165.8, 107.3, 36527.9, 757.3, 16.5, 226.8, 87.7, 3
1, 08/02/2019 02:39:21, 132019, 61, 62.1, 11.1, 5252.2, 132.9, 16, 0.9, 2.7, 231.1, 159.1, 48017.4, 874.6, 20.1, 313.2, 61.6, 5.2
1, 08/02/2019 02:59:21, 132020, 72.4, 96.1, 13.1, 8492.6, 145.4, 12.4, 1.8, 6.3, 361.6, 245.9, 43966.5, 299.9, 21.6, 362.8, 43.3, 11.2
1, 08/02/2019 03:19:21, 132021, 33, 54.5, 8.4, 3124.3, 236.7, 20.2, 0.8, 0, 271.6, 139.6, 32856.3, 206.3, 12.4, 169.6, 64, 11
1, 08/02/2019 03:40:22, 132022, 19.4, 50.5, 5.7, 520.1, 128.3, 20.1, 0.7, 0, 203.8, 129.2, 30558.4, 197.9, 9.8, 136.9, 41.8, 30.4
1, 08/02/2019 03:59:22, 132023, 29.1, 42.4, 7.9, 508.1, 279.3, 21.4, 0.8, 0, 199.8, 108.6, 43412.1, 4967.3, 8.2, 109.4, 59.2, 4.4
1, 08/02/2019 04:19:21, 132024, 27.7, 27.9, 7.2, 58.3, 469.2, 19.8, 0.7, 0, 187.6, 71.4, 42586.8, 5074.5, 5, 51.8, 71.4, 3.3
1, 08/02/2019 04:40:21, 132025, 37.6, 56.9, 9.4, 2097.7, 416.9, 19.6, 0.8, 0.9, 305.6, 145.6, 44314.8, 4947.7, 8.4, 142.6, 55.1, 5.1
1, 08/02/2019 05:00:20, 132026, 32.7, 51.2, 9.6, 652, 193.6, 23.4, 0.9, 0, 188.3, 131, 44315.7, 2820.5, 5.6, 86.3, 79.8, 11.9
1, 08/02/2019 05:19:21, 132027, 36, 55, 10.8, 1640.4, 187.1, 29.3, 1, 0.2, 245.1, 140.7, 12068.7, 7219.6, 5.7, 72.1, 86.2, 11.8
1, 08/02/2019 05:39:21, 132028, 29.7, 63.9, 9.2, 781.5, 149.7, 27.6, 0.9, 0, 236.4, 163.6, 11084.9, 173, 4.2, 45.5, 67.3, 11.4
1, 08/02/2019 05:59:20, 132029, 44.6, 71.5, 12.6, 818.4, 229.3, 31.6, 1.1, 0, 275.7, 182.9, 20116.2, 145.8, 4.2, 93.5, 75.8, 16.6
1, 08/02/2019 06:19:20, 132030, 31.8, 49.1, 9.5, 395.4, 187.3, 21.3, 0.9, 0, 208.9, 125.6, 13890.3, 147.4, 4.5, 55.2, 70.5, 12.8
1, 08/02/2019 06:39:21, 132031, 32.4, 51.2, 10.3, 2599.5, 172.9, 24.5, 0.9, 0, 272.2, 131.1, 10310.4, 265.5, 4.5, 69.8, 79.6, 13
1, 08/02/2019 06:59:21, 132032, 37, 56.2, 11.5, 122.9, 249.7, 43.5, 1.1, 0, 248.5, 143.8, 10090.2, 151.3, 1.8, 11.8, 111.5, 15.5
1, 08/02/2019 07:19:21, 132033, 41.7, 60.1, 12.7, 1213.6, 268.7, 45.2, 1.1, 0.2, 305.6, 153.8, 16250.1, 228.8, 3, 43.6, 109.2, 20
1, 08/02/2019 07:40:20, 132034, 47.2, 63.1, 13.7, 940.1, 310.7, 52.7, 1.2, 0, 219, 161.5, 11177.5, 203.3, 3.2, 48.2, 115.7, 20.2
1, 08/02/2019 08:00:20, 132035, 41.2, 63.8, 12.5, 462.3, 281.6, 50.9, 1.1, 0, 223.3, 163.4, 11696.6, 186.5, 3, 27.7, 139.5, 18.5
1, 08/02/2019 08:19:21, 132036, 37.4, 45.2, 10.9, 17124.7, 270.8, 49.7, 1, 0, 200.7, 115.8, 18950.7, 185.8, 2.9, 37.8, 171.9, 6.7
1, 08/02/2019 08:39:20, 132037, 44.6, 50, 12.5, 1611.4, 338.5, 61.4, 1.1, 0, 196.3, 127.9, 14044.6, 267.9, 3.5, 65.6, 165.3, 7.3
1, 08/02/2019 09:00:21, 132038, 42.2, 81.8, 11.1, 6392, 299.2, 67.4, 1, 0, 325.1, 209.4, 14299.3, 196.2, 3.1, 59.8, 152.8, 4.9
1, 08/02/2019 09:20:20, 132039, 49.7, 55.2, 13.1, 671, 384.8, 81.2, 1.2, 0, 231.7, 141.4, 9854.9, 158.8, 2.4, 28.4, 200, 5.2
1, 08/02/2019 09:40:20, 132040, 44.8, 53.2, 13.7, 933.1, 346.8, 71.3, 1.2, 0, 229.9, 136.3, 11151.1, 204.4, 3.2, 47.4, 196.5, 5.4
1, 08/02/2019 09:59:20, 132041, 64, 83.9, 16.1, 1748.3, 318.4, 57.4, 1.3, 0, 283.2, 214.8, 19743.8, 549.7, 7.3, 145.2, 167.6, 6.7
1, 08/02/2019 10:19:20, 132042, 62.7, 81.5, 14.9, 6258.2, 298.8, 52.9, 1.2, 0, 247.6, 208.5, 24886.9, 474.9, 7.4, 175.5, 153.4, 7.7
1, 08/02/2019 10:39:20, 132043, 46.3, 63.7, 12.1, 1409.8, 310.9, 58.7, 1.1, 0, 303.2, 163.2, 14983.7, 451.5, 4, 74.3, 162.9, 3.9
1, 08/02/2019 11:00:20, 132044, 51.6, 68.2, 13.2, 1719.3, 317.6, 57.7, 1.1, 0.2, 250.8, 174.6, 19905.9, 497.1, 6.5, 108.8, 162.4, 7.4
1, 08/02/2019 11:20:19, 132045, 47.7, 60.5, 13.1, 605.9, 291.6, 62.7, 1.1, 0, 272.8, 155, 20519, 475.4, 4.4, 70.7, 175.4, 9.4
1, 08/02/2019 11:39:20, 132046, 42.6, 71.2, 11.5, 413.8, 297.2, 57.1, 1, 0, 285.2, 182.3, 16741.7, 475.3, 4.8, 83.4, 154.8, 9.9
1, 08/02/2019 11:59:20, 132047, 64.8, 83.3, 17.9, 850.8, 287.6, 57.9, 1.6, 0.1, 322.5, 213.2, 44248.8, 479.4, 8.9, 215.7, 158.9, 10.7
1, 08/02/2019 12:20:20, 132048, 68.8, 76.5, 18.9, 1276.9, 311, 66.9, 1.7, 0.1, 283.8, 195.7, 29198.2, 563, 7.5, 175.7, 171.2, 13
1, 08/02/2019 12:39:20, 132049, 66.4, 88.9, 18.5, 1255.5, 351, 63.2, 2.1, 0.1, 340.7, 227.7, 32632, 530.9, 9, 209.8, 157.6, 11.1
1, 08/02/2019 12:59:20, 132050, 62.3, 85.4, 17.6, 531.4, 314.6, 61, 1.5, 0, 326.8, 218.7, 58347.7, 488.4, 7.9, 184.3, 167.4, 11.1
1, 08/02/2019 13:19:19, 132051, 58.5, 75.6, 15.7, 695.9, 297.7, 58.9, 1.2, 0, 361.4, 193.5, 44656.8, 514.3, 7.6, 167.3, 146.6, 7.9
1, 08/02/2019 13:40:19, 132052, 60.8, 83.9, 16.8, 543.5, 271.6, 57.8, 1.3, 0.1, 360.1, 214.7, 47446.5, 554.6, 7.3, 164.2, 158.3, 8.6
1, 08/02/2019 14:00:19, 132053, 63.7, 84.8, 17.3, 576.3, 283.1, 62.2, 1.8, 0, 333.1, 217.1, 61945.7, 563.5, 8.1, 188.3, 161.4, 11.2
1, 08/02/2019 14:19:19, 132054, 61.7, 78.6, 17.8, 1187.7, 331, 65.2, 1.4, 0, 274.7, 201.3, 75143.5, 429.5, 8.3, 224, 179.2, 9.8
1, 08/02/2019 14:40:19, 132055, 55.3, 75.2, 16.5, 709.7, 295.3, 59.7, 1.3, 0, 291.4, 192.6, 74826.1, 451.6, 7.3, 194.4, 166.7, 12.6
1, 08/02/2019 14:59:19, 132056, 60.9, 62.9, 16.2, 1699.9, 371.8, 63.6, 1.3, 0, 224.5, 161, 75313.9, 416.5, 8, 207.4, 180.1, 8.6
1, 08/02/2019 15:20:19, 132057, 60.3, 65.7, 16, 830.9, 327.2, 65.1, 1.4, 0.1, 234, 168.2, 44927.5, 463.7, 6.8, 154.7, 184.4, 6.5
1, 08/02/2019 15:39:18, 132058, 54.3, 73.9, 15.2, 1002.5, 319.4, 66.5, 1.3, 0.1, 275.2, 189.2, 38714.9, 485, 8.4, 176.9, 174.1, 8
1, 08/02/2019 16:00:18, 132059, 57.2, 84.5, 16.4, 924.6, 300.1, 63.8, 1.3, 0, 319.4, 216.3, 38567.8, 443.8, 10.4, 175.2, 176.5, 11.9
1, 08/02/2019 16:19:19, 132060, 62, 70.3, 17.3, 961.4, 388.7, 63.7, 1.4, 0, 291.1, 180.1, 66822.6, 457.2, 9, 152.4, 164.9, 9.8
1, 08/02/2019 16:40:19, 132061, 59.2, 88.2, 16.8, 1385.5, 317.9, 56.1, 1.3, 0, 352.8, 225.7, 42824.9, 435, 8.7, 172.5, 148, 10
1, 08/02/2019 16:59:18, 132062, 49.8, 62.4, 14.7, 359.1, 319.1, 60.8, 1.2, 0, 302.6, 159.8, 35158.3, 480.5, 7.6, 113.8, 165.3, 9.9
1, 08/02/2019 17:20:19, 132063, 44.9, 44.8, 12.6, 588, 301.6, 65.2, 1.1, 0, 191.5, 114.6, 16011.6, 463.5, 6.3, 85.8, 174.6, 4.6
1, 08/02/2019 17:40:18, 132064, 43.3, 40.3, 12, 456.1, 289.7, 64.6, 1.1, 0, 149.2, 103.2, 16281.7, 468.5, 6.2, 77.8, 172.5, 4.5
1, 08/02/2019 18:00:19, 132065, 41.3, 58.9, 11.8, 1295.3, 282.3, 60.9, 1.1, 0, 246.5, 150.7, 16187.2, 428.6, 6.4, 84, 148.6, 6.3
1, 08/02/2019 18:19:18, 132066, 34, 37.2, 10, 814.1, 267.6, 60.1, 0.9, 0, 192.1, 95.3, 15717.4, 444.1, 6.1, 72.4, 124.8, 3.4
1, 08/02/2019 18:39:18, 132067, 35, 44.3, 10.7, 76.4, 301.9, 64.4, 1, 0, 228.2, 113.5, 15751.3, 406.6, 5.5, 63.3, 174, 2.4
1, 08/02/2019 19:00:18, 132068, 59.9, 71.5, 16.1, 952.3, 533.7, 67.7, 1.3, 0, 275.6, 183.1, 75333.8, 423.3, 7.8, 126.9, 185.6, 4.3
1, 08/02/2019 19:19:18, 132069, 65, 54.4, 18.4, 1329.6, 498.8, 71.5, 1.4, 0, 186.6, 139.4, 30889.2, 428.3, 6.3, 104, 192.1, 5.7
1, 08/02/2019 19:40:18, 132070, 48.1, 42.7, 16.2, 1322.8, 394.8, 71.1, 1.4, 0, 246.5, 109.3, 15487.7, 447.8, 3.6, 39.3, 205.2, 4.5
1, 08/02/2019 19:59:18, 132071, 41.5, 32.1, 14.4, 548.1, 386.6, 62.3, 1.3, 0, 139.2, 82.3, 14804.4, 430.4, 3.2, 29.6, 197.8, 3.6
1, 08/02/2019 20:20:18, 132072, 33.5, 27.6, 11.3, 334.9, 283, 49.5, 1, 0, 115.1, 70.6, 15050.1, 446.8, 3.4, 42.6, 175.4, 2.2
1, 08/02/2019 20:39:18, 132073, 24.2, 20.1, 7.6, 20.5, 186.1, 43.6, 0.8, 0, 85.2, 51.5, 14802, 445.4, 2.9, 18.8, 151.8, 1.5
1, 08/02/2019 21:00:18, 132074, 19.2, 14.2, 5.3, 7.6, 138, 29, 0.6, 0, 141.8, 36.4, 10722.7, 465.7, 2.1, 17.2, 96.6, 1.9
1, 08/02/2019 21:19:17, 132075, 18.7, 3.1, 4.2, 277.4, 122.6, 11.4, 0.6, 0, 20.6, 8.1, 9901.5, 1022.8, 2, 19.2, 3.8, 0.2
1, 08/02/2019 21:39:17, 132076, 6.7, 0.5, 2.1, 0.8, 0.2, 0, 0.4, 0, 3.8, 1.4, 9848.3, 675, 1.1, 12.1, 1.3, 0.1
1, 08/02/2019 21:59:17, 132077, 6.4, 0.8, 1.8, 3.7, 1, 0, 0.4, 0, 4.7, 2, 10168.2, 508, 1, 12, 0.1, 0
1, 08/02/2019 22:20:28, 132078, 6.4, 0.5, 2, 0.1, 0.1, 0, 0.4, 0, 2, 1.3, 10152.8, 624, 1.1, 12.1, 0.1, 0
1, 08/02/2019 22:39:27, 132079, 6.3, 0.6, 2, 2, 0.1, 0, 0.4, 0, 7.1, 1.5, 10270.1, 467.8, 1.2, 12.2, 0.1, 0.1
1, 08/02/2019 22:59:28, 132080, 9.7, 6.3, 3.5, 354, 2.2, 0, 0.5, 0, 36.1, 16.2, 15361.4, 1085.6, 1.6, 41, 0.1, 3.5
2, 07/02/2019 23:59:49, 132011, 44.4, 74.4, 12.1, 2751, 434.4, 39.3, 1, 0.7, 245.5, 190.6, 45486.5, 489.1, 15.7, 309.1, 90.3, 14.6
2, 08/02/2019 00:19:50, 132012, 48.7, 94.7, 11.5, 3854.3, 325.5, 41.9, 0.8, 11.6, 394.9, 242.5, 44667.5, 296.9, 18.7, 266.2, 98, 22.3
2, 08/02/2019 00:39:49, 132013, 51.1, 134.4, 11.1, 11434.4, 183.9, 27.7, 2, 35.6, 433.7, 344.1, 38203.8, 303, 31, 369.1, 81.4, 9.1
2, 08/02/2019 00:59:50, 132014, 55.4, 131.2, 13.2, 1090.1, 199.9, 24.3, 1, 31.9, 396.6, 335.9, 39290.3, 343.4, 27.3, 350.3, 82.1, 13.3
2, 08/02/2019 01:19:50, 132015, 64.4, 117.8, 14.7, 24743.6, 246.1, 24.2, 4.3, 25.3, 447.2, 301.6, 50512.9, 336.7, 27.4, 393.5, 90.1, 14.9
2, 08/02/2019 01:39:50, 132016, 89.2, 143.5, 18, 85596.7, 214.4, 15.5, 9.1, 9.1, 425.5, 367.3, 50385.2, 514, 32, 626.7, 67.6, 20.2
2, 08/02/2019 01:59:49, 132017, 67.3, 102.6, 15.6, 38781.2, 143.6, 21.5, 1.1, 4.6, 313.1, 262.7, 38604.9, 422.1, 18.5, 322.4, 98.3, 17
2, 08/02/2019 02:19:49, 132018, 61.8, 80.1, 13.9, 1224.7, 169.4, 28, 1, 4.1, 241.2, 205, 33902.1, 286.5, 13.8, 215.2, 149.1, 9.9
2, 08/02/2019 02:39:50, 132019, 64.9, 71.3, 15.2, 7600.7, 171.4, 31.8, 1.1, 1.4, 218.6, 182.6, 34158.4, 279.9, 11.6, 190.2, 183.7, 10.9
2, 08/02/2019 02:59:49, 132020, 66.5, 84.8, 14.5, 1775, 207.5, 28, 1.1, 4.8, 281.6, 217, 61296.2, 365.4, 14.8, 285, 150.8, 8
2, 08/02/2019 03:19:49, 132021, 54.8, 67, 12.5, 2085.2, 237.3, 30.1, 0.9, 0, 243.2, 171.5, 44019.2, 323.3, 10.5, 209.8, 157.1, 11.9
2, 08/02/2019 03:39:49, 132022, 36.6, 55.8, 8.4, 557.8, 149.5, 30.7, 0.7, 0, 208.9, 142.9, 39691.1, 284.5, 9.3, 188, 128, 23.4
2, 08/02/2019 03:59:49, 132023, 49.1, 55.1, 10.7, 392, 273.5, 30.5, 0.8, 0, 229.1, 141.1, 79856.4, 354.3, 9.8, 161.2, 124.1, 6.5
2, 08/02/2019 04:19:49, 132024, 48.6, 40.3, 9.8, 289.5, 439.5, 23.1, 0.7, 0, 150.3, 103.1, 71731.7, 284.2, 8.7, 145.2, 84.5, 5.8
2, 08/02/2019 04:39:49, 132025, 44.3, 50.1, 7.6, 2558.2, 461.6, 17.5, 0.5, 0, 212.9, 128.3, 76075.8, 330.8, 11, 207.7, 39.9, 10.9
2, 08/02/2019 04:59:49, 132026, 43.7, 44.5, 8.8, 600, 423.7, 21.6, 0.6, 0, 149.3, 113.9, 65318.5, 341.4, 7.7, 160.8, 84.5, 4.4
2, 08/02/2019 05:19:49, 132027, 42.9, 53.5, 8.9, 2844, 193.5, 18.7, 0.5, 1.4, 237.9, 136.9, 31156.3, 347.1, 8.5, 191, 56.7, 7.1
2, 08/02/2019 05:39:49, 132028, 33.1, 47.7, 6.6, 318.9, 97, 15, 0.5, 0.4, 165.3, 122.1, 29633.8, 316.5, 6.7, 145.7, 55.7, 3.3
2, 08/02/2019 05:59:49, 132029, 34.8, 46.1, 7.7, 466.7, 129.6, 22, 0.6, 0, 239.4, 118, 29816.8, 366, 6.1, 132.8, 79.9, 5.1
2, 08/02/2019 06:19:49, 132030, 26.9, 31, 5.9, 98.9, 78.1, 18.8, 0.5, 0, 168.1, 79.5, 15156.4, 299.3, 5, 100, 53.2, 3.5
2, 08/02/2019 06:39:48, 132031, 33.6, 40, 7.8, 910.7, 165.2, 22.9, 0.6, 0.3, 197, 102.3, 20083.9, 325.7, 6.7, 128.9, 56.4, 4.6
2, 08/02/2019 06:59:49, 132032, 40.4, 50.4, 10.2, 7526.5, 408.2, 36.3, 0.7, 0, 255.8, 129, 29604.2, 335.9, 7.6, 164, 66.5, 7.7
2, 08/02/2019 07:19:49, 132033, 24.7, 29.8, 7.2, 1302.2, 236.3, 29, 0.6, 0, 137.4, 76.4, 19353.5, 290.9, 6.4, 123.3, 63.3, 6.2
2, 08/02/2019 07:39:48, 132034, 26.9, 29.7, 8.8, 1249.5, 176.5, 29.5, 0.7, 0, 131.8, 75.9, 18764.7, 321.9, 6, 114.7, 74.1, 7.7
2, 08/02/2019 07:59:48, 132035, 33.9, 45.3, 9.7, 497.8, 274, 40.9, 0.8, 0.3, 189.8, 115.9, 16794.2, 310, 8.4, 117.9, 104.5, 9.3
2, 08/02/2019 08:19:49, 132036, 24, 29.9, 8.4, 6174.5, 176.7, 41.2, 0.7, 0, 170.9, 76.6, 14848, 295.7, 5.8, 79.1, 104.1, 7.8
2, 08/02/2019 08:39:48, 132037, 39.4, 46.1, 11.2, 2159.5, 276.4, 42.5, 0.9, 0.1, 176.5, 118, 31649.6, 328.2, 7, 121.6, 108.8, 8.9
2, 08/02/2019 08:59:48, 132038, 44.1, 98.8, 11.9, 775.2, 282.1, 48.6, 0.9, 0, 346.6, 253, 36175.6, 308.7, 6.3, 100.2, 123.9, 10.4
2, 08/02/2019 09:19:48, 132039, 44.1, 69.2, 11.4, 17209.5, 290.1, 54.9, 0.9, 0, 309.7, 177.2, 29810.5, 291.4, 5.1, 78, 147, 7.9
2, 08/02/2019 09:39:48, 132040, 31.7, 58.8, 9.1, 724.1, 281.4, 57.1, 0.8, 0, 292.8, 150.6, 11864.8, 362.3, 3.4, 29.9, 146.3, 4.6
2, 08/02/2019 09:59:48, 132041, 34.4, 73.8, 10.1, 1601.1, 272.7, 56.5, 0.8, 0, 266.3, 189, 14005.8, 412.1, 4.7, 57.7, 146, 6.2
2, 08/02/2019 10:19:48, 132042, 28.3, 47.6, 8.5, 6023.7, 248.9, 55, 0.7, 0, 188.8, 121.8, 14520.5, 320.9, 3.2, 23, 150.2, 3.8
2, 08/02/2019 10:39:47, 132043, 26.6, 57.4, 8, 126.9, 239.3, 55.6, 0.7, 0, 250.8, 146.9, 11467.4, 329, 3.6, 20.3, 145.3, 3.1
2, 08/02/2019 10:59:48, 132044, 35.5, 80.5, 9.9, 1787.5, 266.1, 60, 0.8, 0, 296.3, 206.1, 13554.9, 440.8, 6.1, 78.2, 145.4, 7.5
2, 08/02/2019 11:19:47, 132045, 29.4, 68.3, 8.7, 3225.4, 272.6, 62, 0.8, 0, 304.1, 174.8, 12265, 327.4, 4.1, 29.2, 142.7, 8.2
2, 08/02/2019 11:39:47, 132046, 29.1, 82.6, 8.3, 5501.2, 278, 64.7, 0.7, 0, 307.9, 211.5, 11706.2, 307.8, 3.7, 16.6, 137.3, 9.2
2, 08/02/2019 11:59:47, 132047, 30.1, 67.4, 8.9, 334.6, 273.5, 61.6, 0.8, 0, 318.5, 172.7, 11490.1, 371.7, 4.1, 11.8, 140.4, 4.7
2, 08/02/2019 12:19:48, 132048, 31.6, 60.3, 9.1, 1082.8, 1296.7, 59.9, 0.8, 0, 220.9, 154.4, 22763.5, 331.7, 4.5, 31.3, 139.8, 4.6
2, 08/02/2019 12:39:48, 132049, 33.2, 76.6, 9, 727.1, 313.5, 65.7, 0.8, 0, 288.9, 196.1, 13035.2, 324.4, 6.7, 65.9, 135, 3.5
2, 08/02/2019 12:59:47, 132050, 32.4, 80, 9.1, 1096, 280.2, 63.9, 0.8, 0, 342.3, 204.9, 14024.5, 369.2, 5.6, 63.9, 137.3, 4
2, 08/02/2019 13:19:47, 132051, 47.6, 92.7, 11, 2022.8, 423, 62.2, 0.9, 0.1, 370.4, 237.4, 14390.5, 273.5, 7.2, 162.7, 117.5, 4.1
2, 08/02/2019 13:39:47, 132052, 34.6, 76.9, 9.5, 1812.3, 309.6, 60.2, 0.8, 0, 316.4, 196.8, 19445.6, 319.4, 7.4, 185.9, 139.4, 3.3
2, 08/02/2019 13:59:47, 132053, 36.3, 79.1, 10, 1042.1, 308.3, 65.8, 0.8, 0, 310, 202.5, 16608.4, 383.3, 7.4, 181.2, 141, 4.4
2, 08/02/2019 14:19:47, 132054, 40.5, 72.1, 10.4, 536.6, 417, 65.5, 0.9, 0, 228.1, 184.6, 23067.3, 321.6, 7.2, 145.2, 135.2, 3.6
2, 08/02/2019 14:39:47, 132055, 34.6, 65.3, 9.1, 765, 301.9, 63.3, 0.8, 0, 271.6, 167.3, 12497.6, 313.2, 6, 112.5, 133.7, 3.2
2, 08/02/2019 14:59:47, 132056, 31.6, 61.1, 8.9, 363.5, 293.4, 66, 0.7, 0, 240.8, 156.5, 12244.8, 367.7, 6, 87.9, 143.8, 3.7
2, 08/02/2019 15:20:47, 132057, 31.7, 64.9, 8.9, 1684.2, 284.7, 64.8, 0.7, 0, 257.8, 166.2, 15811.3, 308, 6.9, 113.1, 134, 4
2, 08/02/2019 15:39:47, 132058, 36.5, 72.3, 9.6, 1694.5, 339, 64.4, 0.8, 0, 250.5, 185.2, 16204.9, 291.6, 8.5, 160.7, 129.8, 4.1
2, 08/02/2019 15:59:47, 132059, 35, 80.8, 9.7, 457.8, 292.2, 65.7, 0.8, 0, 310.3, 206.8, 16826.5, 280.9, 8, 150.6, 141.3, 5.3
2, 08/02/2019 16:19:47, 132060, 34.1, 67.8, 9.1, 779.6, 322.1, 65.7, 0.8, 0, 227, 173.5, 12297, 204.8, 8, 122.2, 135, 4.1
2, 08/02/2019 16:39:46, 132061, 26.9, 72, 7.7, 111.3, 252.2, 58.5, 0.7, 0, 327.6, 184.3, 14095.9, 238.6, 6.3, 88.1, 127.8, 2.9
2, 08/02/2019 16:59:46, 132062, 30, 67.4, 8, 545.1, 256.7, 59.7, 0.7, 0, 285.2, 172.6, 12232.2, 270.2, 6.1, 90.5, 128.9, 4
2, 08/02/2019 17:19:46, 132063, 26.7, 55.9, 7.9, 189.6, 243.1, 55, 0.7, 0, 188.8, 143.1, 12039.8, 190.5, 5, 77.2, 138.1, 3.5
2, 08/02/2019 17:39:46, 132064, 23.6, 49.3, 7.1, 463.4, 223.8, 48.1, 0.6, 0, 184.4, 126.1, 12003.1, 200.5, 5, 77.3, 117.5, 3.2
2, 08/02/2019 17:59:46, 132065, 23.8, 58.2, 7, 596.1, 222.5, 50.1, 0.6, 0, 249.1, 149, 11613.1, 292.3, 4, 14.4, 121.4, 3
2, 08/02/2019 18:19:46, 132066, 24.7, 46.9, 7.3, 422.1, 239, 50.2, 0.6, 0, 181.5, 120, 11675, 287.4, 4.5, 20.7, 125.1, 2.6
2, 08/02/2019 18:39:46, 132067, 21.1, 40.5, 6.7, 150.2, 212, 48.3, 0.6, 0, 243, 103.7, 11574, 235.7, 4.7, 24.3, 112.7, 2.7
2, 08/02/2019 18:59:46, 132068, 18.7, 36.4, 6.1, 209.9, 213, 47.6, 0.5, 0, 196.3, 93.1, 11620.8, 301.7, 4.1, 12.6, 106.4, 2.6
2, 08/02/2019 19:19:46, 132069, 20.4, 21.9, 6.7, 626.7, 240.7, 50.7, 0.6, 0, 137.7, 56.2, 11277.4, 391.2, 3.9, 11.9, 116.3, 2.7
2, 08/02/2019 19:39:46, 132070, 16.7, 21.6, 5.6, 699.2, 192.5, 39.2, 0.5, 0, 198.3, 55.4, 11366.3, 182.7, 3.9, 11.8, 93.2, 2.5
2, 08/02/2019 19:59:46, 132071, 17.2, 19.2, 5.8, 6119.1, 184, 38, 0.5, 0, 92.6, 49, 11255.6, 249.9, 4, 13.1, 110.4, 3
2, 08/02/2019 20:19:46, 132072, 18, 19.3, 6.1, 997.7, 190.4, 36.5, 0.5, 0, 87.5, 49.5, 12065.3, 157.8, 4.2, 29, 103.3, 2.7
2, 08/02/2019 20:39:46, 132073, 16.7, 18.1, 5.5, 197.4, 171.2, 36.2, 0.5, 0, 97.4, 46.2, 11311.2, 169.8, 4.1, 13.8, 108.3, 1.8
2, 08/02/2019 20:59:46, 132074, 6.3, 9.7, 2.4, 735.8, 78.3, 9.2, 0.2, 0, 146.2, 24.7, 4786.1, 203.3, 3.9, 12.4, 21.7, 2.6
3, 07/02/2019 23:59:54, 132011, 32.7, 49.6, 8.1, 25858.8, 296.7, 0.9, 0.5, 0.1, 338, 127.1, 88999.9, 438.3, 26.4, 434.8, 20.2, 9.4
3, 08/02/2019 00:19:54, 132012, 42, 81.3, 9.6, 36079.5, 190.3, 1, 0.6, 0.3, 311.6, 208.2, 59566.9, 635.7, 52.9, 526.2, 22.2, 30.1
3, 08/02/2019 00:39:53, 132013, 66.6, 86.2, 13.5, 9116.2, 63.6, 1.6, 0.9, 2.1, 280.2, 220.6, 67941.1, 1130.4, 50.1, 591.3, 17.4, 6
3, 08/02/2019 00:59:54, 132014, 65, 82.8, 13.3, 20173.6, 258.3, 0.8, 2.2, 4.8, 292.3, 212.1, 76776.1, 349.2, 44.7, 698.3, 12.7, 7.7
3, 08/02/2019 01:19:53, 132015, 46.9, 60.2, 11, 6245.9, 113.1, 0.7, 0.7, 5.1, 190.9, 154.2, 86845.3, 255.9, 37.9, 496.8, 16.3, 8.8
3, 08/02/2019 01:39:53, 132016, 38.7, 54, 10, 6245.6, 73.5, 0.8, 0.6, 0.4, 203.9, 138.2, 45262, 239.9, 37.9, 591.1, 22.1, 6.7
3, 08/02/2019 01:59:53, 132017, 41.4, 55.8, 9.3, 21957.3, 178.6, 4.3, 0.6, 9.8, 204.7, 142.8, 80247.8, 388.9, 36.7, 567.8, 15.9, 6.2
3, 08/02/2019 02:19:53, 132018, 39.7, 51.3, 9.1, 7913, 149.1, 1.9, 0.6, 9.2, 198.3, 131.4, 35728.4, 289.4, 35.1, 520.7, 17.4, 5.1
3, 08/02/2019 02:39:53, 132019, 41.8, 46.9, 9.5, 6324.7, 108.8, 0.9, 0.6, 2.2, 157.4, 120, 25905.6, 262, 30.8, 539.8, 22.7, 7.3
3, 08/02/2019 02:59:53, 132020, 38.9, 54.8, 11.2, 23631.3, 210.5, 6.6, 0.7, 0.2, 173.6, 140.3, 51375.9, 374.8, 33.5, 654.6, 23.9, 11.9
3, 08/02/2019 03:20:08, 132021, 35.5, 50.4, 8.9, 63930.6, 151.3, 9.1, 0.6, 1.3, 318.9, 128.9, 32937.2, 461.5, 28, 573, 18.7, 20.1
3, 08/02/2019 03:40:08, 132022, 35.8, 97.4, 9.4, 121602.5, 182.9, 18.8, 0.6, 0.2, 359.3, 249.3, 79243.5, 329.2, 31.1, 709, 19.8, 62.4
3, 08/02/2019 03:59:23, 132023, 43.3, 51.8, 9.8, 41061.4, 204.6, 8.1, 0.7, 3, 188.4, 132.6, 103623.8, 502.3, 29.2, 581, 15.1, 6.9
3, 08/02/2019 04:19:28, 132024, 59.2, 60.9, 14.1, 15228.7, 416.3, 7.3, 1.3, 0.2, 273.3, 156, 63397.8, 423.6, 34.5, 605.9, 20.9, 6.8
3, 08/02/2019 04:39:28, 132025, 50.4, 59.7, 11, 3173.8, 263.3, 6.4, 0.8, 0, 235.7, 152.8, 60232.5, 362.5, 35.6, 574.7, 24.2, 5.7
3, 08/02/2019 05:00:28, 132026, 46.3, 49, 10.6, 18934.9, 414.2, 9.5, 0.8, 0.2, 277, 125.4, 75738.6, 334.3, 29.5, 525.7, 21.5, 5.5
3, 08/02/2019 05:19:48, 132027, 36.6, 36.3, 8.2, 6639.1, 190.6, 2.7, 0.6, 0, 121.9, 93, 28798.8, 267.3, 19.5, 348.9, 6.2, 4.7
3, 08/02/2019 05:39:47, 132028, 30.5, 47.7, 8.8, 6314.8, 103.2, 7.1, 0.6, 0.1, 180.7, 122.1, 46120, 287, 25.4, 544, 4.7, 7.7
3, 08/02/2019 05:59:47, 132029, 43.7, 55.3, 11.5, 24137, 235.1, 15.1, 0.7, 3.6, 248.4, 141.5, 74477.5, 231.1, 31.1, 665.9, 6.5, 8
3, 08/02/2019 06:19:47, 132030, 27.2, 26.2, 6.6, 6106, 367.3, 8.3, 0.5, 0, 127.7, 66.9, 74044.2, 253.3, 21.5, 529.5, 6.8, 3.1
3, 08/02/2019 06:39:48, 132031, 37.9, 59.6, 8.7, 8778.5, 298.4, 1.2, 0.6, 12.1, 403.9, 152.7, 82003.6, 300.4, 32.2, 707.6, 8, 5
3, 08/02/2019 06:59:47, 132032, 61.6, 67.5, 13.1, 21638.2, 565.4, 7.9, 1.4, 4.3, 237.2, 172.8, 77092.9, 174.6, 30.4, 739.2, 5.9, 9.7
3, 08/02/2019 07:19:57, 132033, 38.6, 40.2, 10, 16490.1, 269.8, 13.7, 0.7, 0.4, 156.4, 102.8, 76284.8, 263.5, 25.6, 631.6, 7.9, 10.6
3, 08/02/2019 07:39:57, 132034, 42.2, 45.7, 10.5, 4259.4, 282.5, 40.5, 0.8, 1.5, 215.4, 116.9, 75098.8, 205.4, 30.8, 623.7, 11.4, 5.9
3, 08/02/2019 07:59:56, 132035, 59.3, 83.9, 12.4, 42180.2, 547.5, 27.4, 3.6, 8.1, 377.9, 214.9, 108234.5, 225.9, 32.2, 762.6, 4.5, 10.6
3, 08/02/2019 08:19:56, 132036, 61, 68.9, 13.2, 4689.7, 610.8, 30.8, 3.3, 5.1, 308.2, 176.5, 44087.6, 202.8, 29.4, 780.9, 4.8, 9.3
3, 08/02/2019 08:39:57, 132037, 44.4, 49.4, 11.1, 4358.4, 419, 46.6, 1.9, 3.1, 269.9, 126.4, 66924.1, 257.8, 29.8, 767.5, 3.9, 6.4
3, 08/02/2019 09:00:57, 132038, 45.3, 88.1, 9.7, 4396.4, 190.6, 18, 0.9, 6.4, 538.6, 225.5, 118493.4, 347.8, 31.4, 992.5, 4.6, 5.3
3, 08/02/2019 09:19:57, 132039, 53, 87.8, 9.4, 17131.3, 365.3, 38.9, 0.9, 20.9, 361.2, 224.8, 93804.5, 428, 45.8, 1238.2, 4.7, 4.4
3, 08/02/2019 09:39:56, 132040, 68.8, 122.6, 11.1, 12011.5, 310.5, 13.3, 4, 36.1, 517.9, 314, 87157.2, 262.7, 49.5, 1278.7, 4.6, 4.6
3, 08/02/2019 09:59:56, 132041, 49.4, 140.1, 9.7, 21930.2, 164.1, 25.5, 1.3, 23, 597.7, 358.6, 80031.5, 173.4, 49.2, 1458.2, 5.7, 5.9
3, 08/02/2019 10:19:57, 132042, 48, 102.4, 11, 6561.2, 303.4, 10, 0.8, 32.4, 323.9, 262.2, 69724.2, 347.3, 48.6, 1132.8, 7.7, 6.6
3, 08/02/2019 10:39:56, 132043, 50.2, 107.7, 9, 6052.4, 132.3, 6.4, 1.6, 41.4, 352.4, 275.7, 74507, 370.2, 51.5, 1044.4, 8.3, 4.1
3, 08/02/2019 10:59:56, 132044, 42.6, 104.2, 8.7, 25699.7, 225.2, 21.6, 0.7, 48.3, 330.7, 266.8, 64579.2, 414.8, 55.9, 992.1, 6.4, 6.3
3, 08/02/2019 11:19:56, 132045, 58.4, 112.4, 11.3, 7861, 339.2, 14.7, 1.5, 45, 405.5, 287.9, 102961.3, 768.7, 48.3, 1036.7, 4.7, 8
3, 08/02/2019 11:39:06, 132046, 60, 125.4, 12.6, 5121.8, 366.4, 21.8, 1.5, 35.8, 485, 321.1, 72319.7, 244.1, 51.8, 1250.2, 5, 11.2
3, 08/02/2019 11:59:36, 132047, 50, 93.7, 10.6, 28319.6, 390.9, 11.4, 0.8, 34, 307.8, 239.9, 74351.1, 285.9, 44.1, 1078, 5.1, 7.8
3, 08/02/2019 12:19:36, 132048, 48.1, 95.3, 9.7, 5107.5, 430.3, 19.1, 0.7, 41.6, 317.3, 243.9, 53487.1, 281.2, 42.2, 882, 4.3, 6.6
3, 08/02/2019 12:39:36, 132049, 33, 86.2, 8.5, 7962.7, 204.3, 11.5, 0.5, 34.4, 256.2, 220.6, 47541, 4900.9, 43.8, 773.4, 2.3, 5.3
3, 08/02/2019 12:59:36, 132050, 48.4, 103.4, 11.1, 28478.7, 212.3, 29.3, 2.8, 32.7, 427.8, 264.7, 48179.5, 2355.8, 49.1, 991.1, 3.8, 7.4
3, 08/02/2019 13:19:35, 132051, 36.4, 74.8, 8.1, 6222.1, 222.6, 4.7, 1, 21.8, 334.6, 191.5, 53996.8, 418.9, 39.7, 858.5, 3.8, 5.6
3, 08/02/2019 13:42:36, 132052, 27.6, 66.8, 6.6, 4764.2, 146.7, 18.9, 0.4, 28.5, 223.1, 171, 43970.5, 360.2, 36.6, 677.9, 3.9, 4.9
3, 08/02/2019 13:59:36, 132053, 28.8, 82.7, 7, 24074.6, 93.4, 8.6, 0.5, 12.5, 534, 211.6, 30732.5, 379.5, 30.5, 606.1, 3.1, 6.9
3, 08/02/2019 14:19:36, 132054, 45.3, 76.4, 9.4, 6483.9, 260.5, 18.4, 1.3, 12.9, 294.8, 195.5, 24889.8, 525.4, 31.4, 611.1, 2.2, 6.3
3, 08/02/2019 14:39:36, 132055, 26.3, 37.5, 6.8, 6544.9, 66.9, 3.5, 0.5, 2.5, 124.4, 96.1, 30886.5, 651, 24.3, 451.9, 5.1, 6.8
3, 08/02/2019 14:59:35, 132056, 38.1, 46.7, 7.8, 17779.5, 238.5, 18.5, 2.7, 6.2, 312.7, 119.6, 79407.3, 563, 24.5, 504.2, 1.9, 5.7
3, 08/02/2019 15:20:35, 132057, 42.9, 54.9, 8.6, 7099.2, 203.6, 13.3, 0.7, 1.5, 262.8, 140.5, 67036.6, 318.2, 27.1, 633.9, 2.9, 5.1
3, 08/02/2019 15:39:35, 132058, 46.5, 65.2, 10, 5253, 332.9, 15.8, 1.7, 5.1, 315.3, 166.8, 47467.6, 244.7, 27.2, 656.3, 2.7, 6.7
3, 08/02/2019 15:59:45, 132059, 36.3, 59.2, 8.6, 39543.7, 229.3, 3.3, 0.5, 8.4, 199.1, 151.6, 54590, 329.4, 26.2, 468.2, 2, 7.2
3, 08/02/2019 16:19:45, 132060, 44.9, 61.5, 9.8, 6491.7, 412.2, 15.1, 0.6, 9, 225.5, 157.5, 66946.7, 349.9, 25.8, 507.8, 2.4, 6.7
3, 08/02/2019 16:39:55, 132061, 33, 45.5, 7.3, 6056.2, 405.6, 7, 0.5, 0.6, 156.7, 116.5, 50174.1, 414.2, 22.3, 467.1, 2.3, 4.2
3, 08/02/2019 16:59:55, 132062, 39.3, 54.8, 8.6, 24371.2, 222.7, 18.4, 0.5, 1.9, 243.3, 140.4, 28209.2, 258.9, 22.5, 473.5, 1.8, 6.9
3, 08/02/2019 17:19:55, 132063, 30.3, 39.7, 7.3, 7226.6, 215.9, 3.8, 0.5, 0.1, 153.8, 101.6, 53503.3, 678.3, 19.9, 424.1, 3.2, 5
3, 08/02/2019 17:39:54, 132064, 26.4, 31.2, 6.2, 5741.3, 206.4, 23.5, 0.4, 0, 128.4, 79.8, 26030.3, 488.1, 18, 379.7, 3, 4.3
3, 08/02/2019 17:59:55, 132065, 28, 44.6, 6, 23180.3, 84.7, 1.4, 0.5, 0, 189.2, 114.2, 42520.1, 493, 20.9, 420.5, 2.4, 5.4
3, 08/02/2019 18:19:54, 132066, 21.6, 31.4, 4.9, 5468.4, 29.9, 1.5, 0.4, 0.2, 103.5, 80.5, 22553.4, 261.3, 20.3, 345.9, 1.9, 4.5
3, 08/02/2019 18:39:54, 132067, 27.3, 34.9, 5.6, 5086.8, 51.3, 1.6, 0.4, 0.5, 147.5, 89.4, 31997.9, 353, 17, 388.3, 1.6, 3.9
3, 08/02/2019 18:59:54, 132068, 28.2, 42.1, 6.2, 22880.9, 151.9, 1.4, 0.4, 0.5, 185.5, 107.7, 62605.7, 407.4, 19.6, 424.9, 4, 5.8
3, 08/02/2019 19:19:54, 132069, 27.8, 30.3, 6.1, 5297.5, 170, 0.9, 0.4, 0.5, 125.4, 77.6, 41346.6, 145.6, 16.4, 365.5, 3.7, 4.3
3, 08/02/2019 19:39:55, 132070, 40.4, 39.5, 6.2, 4898.3, 58.3, 0.6, 0.4, 0.1, 134.9, 101.1, 23610.6, 186.2, 14.9, 380, 2.8, 4.5
3, 08/02/2019 19:59:54, 132071, 47.2, 47.6, 7.7, 39074, 216.3, 3.6, 0.5, 0.4, 179, 122, 83086.1, 157.9, 16.4, 451.1, 3, 5.6
3, 08/02/2019 20:19:54, 132072, 27.9, 29.4, 5.7, 4632.7, 114.3, 8, 0.4, 0, 152.8, 75.3, 23468.9, 245.3, 15.8, 388.5, 3.6, 4.2
3, 08/02/2019 20:39:59, 132073, 21.4, 21.6, 4.9, 3304.9, 105.2, 2.1, 0.4, 0.1, 139.9, 55.2, 46836.7, 179, 15.9, 391.8, 3, 3.6
3, 08/02/2019 20:59:59, 132074, 31, 44.1, 5.2, 20471.6, 42.4, 3, 0.4, 0, 152.6, 112.9, 54440.3, 191.8, 15.4, 478.3, 1.7, 5.2
3, 08/02/2019 21:19:58, 132075, 32.6, 38.1, 6.1, 3029.4, 63.6, 2.7, 0.5, 0, 175.4, 97.6, 65233.9, 588, 12.8, 446.8, 4.2, 2.6
3, 08/02/2019 21:39:59, 132076, 21.5, 19.6, 4.2, 1754.8, 60.4, 5.2, 0.3, 0, 93, 50.2, 38627.5, 144.8, 11.3, 353.4, 2.1, 2.4
3, 08/02/2019 21:59:59, 132077, 22, 20.1, 3.9, 20205.1, 65.5, 5.3, 0.3, 0, 78.9, 51.4, 37361.2, 253.7, 11.7, 378.4, 1.2, 3
3, 08/02/2019 22:20:03, 132078, 25.3, 21.8, 4.5, 4528.5, 68.4, 5.8, 0.3, 0, 108.7, 55.8, 25416.2, 185.6, 13, 393.6, 1.1, 2.7
3, 08/02/2019 22:40:04, 132079, 26.5, 23.9, 4.1, 2228.9, 95.5, 5.3, 0.3, 0, 106.1, 61.2, 24464.1, 124.9, 13.6, 453.4, 1.2, 2.1
3, 08/02/2019 23:00:03, 132080, 27, 27.2, 5, 19571, 157.6, 3.6, 0.4, 0.1, 130.6, 69.6, 21100.7, 200.8, 13.6, 433.1, 2.4, 3.6
4, 07/02/2019 23:59:45, 132011, 56.6, 83.9, 10.7, 22076.6, 160.6, 9.8, 0.8, 0.7, 333.6, 214.7, 49624.9, 233.5, 32.5, 698.1, 5.6, 17.2
4, 08/02/2019 00:19:44, 132012, 46.5, 73.2, 9.8, 5036.8, 122.3, 5.9, 0.6, 0.1, 270.7, 187.5, 68331.4, 144, 35.9, 749.2, 6.2, 23
4, 08/02/2019 00:39:44, 132013, 46.2, 65.4, 8.5, 1396.8, 81.8, 5.5, 0.6, 0, 197.9, 167.5, 68418.1, 94.9, 32.6, 803.5, 6.5, 11.5
4, 08/02/2019 00:59:45, 132014, 46.8, 69.2, 9.3, 21179.3, 171.1, 7.2, 0.7, 2.1, 219.9, 177, 64382.8, 367, 35.2, 632.7, 8.1, 11.4
4, 08/02/2019 01:19:44, 132015, 45.3, 63.6, 9.6, 4429.3, 193.9, 6.4, 0.6, 0.5, 206.4, 162.8, 72027.8, 144.1, 36.5, 717.9, 8.2, 10.9
4, 08/02/2019 01:39:44, 132016, 35.5, 58.5, 7.5, 1969.6, 154.8, 5.3, 0.6, 0, 203.9, 149.7, 44530.2, 184.6, 31.9, 604, 7.5, 7.9
4, 08/02/2019 01:59:44, 132017, 64.1, 86.2, 13, 18182.2, 281.2, 5, 1.5, 1.3, 275.6, 220.5, 57037, 145, 32.9, 751.7, 8.8, 12.6
4, 08/02/2019 02:19:44, 132018, 65.9, 72.9, 12.3, 1034.2, 109.8, 5, 1, 0.3, 239.5, 186.6, 51069.5, 120.1, 32.1, 753.2, 11.2, 10.9
4, 08/02/2019 02:39:43, 132019, 40.2, 49.1, 8.3, 1240, 116.1, 4.3, 0.6, 0.1, 149.9, 125.8, 47428.6, 133.9, 26, 626.9, 13.7, 10.7
4, 08/02/2019 02:59:43, 132020, 51.2, 65.6, 10, 15725.8, 245, 8.1, 0.7, 1.3, 264.8, 167.8, 51298.9, 209.7, 28.5, 659.1, 10.5, 8.8
4, 08/02/2019 03:19:44, 132021, 46.7, 75.8, 9.2, 16477.9, 108.9, 5.6, 1.2, 2.1, 457.7, 194.1, 61616.4, 308.5, 27.5, 669.4, 8.7, 18.2
4, 08/02/2019 03:39:44, 132022, 41.7, 99.2, 9.8, 81011, 134.1, 8.1, 0.7, 1.9, 343.1, 254, 40843.2, 247.2, 32.8, 694.6, 4.2, 56.8
4, 08/02/2019 03:59:43, 132023, 51.1, 68.2, 11, 1889.1, 296.6, 11.8, 0.8, 1.4, 246, 174.7, 73010.8, 207.7, 32, 776.4, 11.3, 10.9
4, 08/02/2019 04:19:44, 132024, 56.2, 59, 12.5, 3340.7, 339.3, 7.9, 0.9, 0.2, 270.5, 151.1, 89497.4, 261.5, 30.3, 637.9, 15, 11.6
4, 08/02/2019 04:39:43, 132025, 61.9, 68, 12.3, 5830.9, 320.3, 7.1, 0.8, 1.1, 237.5, 174.1, 65788, 124.8, 36.6, 611.8, 18.7, 9.6
4, 08/02/2019 04:59:44, 132026, 51.1, 60, 10.3, 36286.5, 295.9, 5.8, 0.7, 1.6, 253.9, 153.7, 67758.2, 228.5, 32.5, 623.2, 15.4, 10.4
4, 08/02/2019 05:19:43, 132027, 44, 54.2, 10, 1792.9, 148.7, 6.5, 0.7, 0, 245, 138.7, 45847.4, 188.1, 27.9, 536.8, 18.8, 10.4
4, 08/02/2019 05:39:44, 132028, 64, 101.6, 15.3, 2240.4, 188.8, 9.7, 3.2, 1.1, 365.5, 260, 52556.4, 238.2, 40.7, 958.1, 15, 12
4, 08/02/2019 05:59:43, 132029, 63.8, 73.1, 15.3, 14526.2, 221.3, 19.4, 1.1, 0.2, 261, 187.1, 70338.2, 97.8, 35.6, 854.1, 19.8, 14.3
4, 08/02/2019 06:19:43, 132030, 49.2, 51.3, 11.3, 1703.7, 193.9, 10.3, 0.7, 0, 150.1, 131.3, 75279.1, 165, 29.7, 708, 24.7, 9.8
4, 08/02/2019 06:39:43, 132031, 42, 43.6, 8.9, 1518.6, 244.5, 9.5, 0.6, 0, 149.3, 111.6, 97356, 282.7, 26.8, 654.2, 29.1, 6.8
4, 08/02/2019 06:59:43, 132032, 51.2, 56.1, 10.9, 18591.1, 298.2, 14.1, 0.8, 0.4, 195.5, 143.6, 67284.9, 152, 28.7, 657.6, 28.6, 8.5
4, 08/02/2019 07:19:43, 132033, 46.9, 48.9, 9.9, 4314.2, 140.4, 10.3, 0.7, 0.1, 191.1, 125.2, 55015.9, 155, 27.1, 647.4, 25.9, 8.1
4, 08/02/2019 07:39:43, 132034, 39.4, 39.3, 8, 5370.6, 157.8, 24.4, 0.6, 0.2, 230.5, 100.6, 67737.3, 211.7, 25.6, 578.5, 27.9, 6.6
4, 08/02/2019 07:59:42, 132035, 64.5, 83.8, 13.2, 23851.2, 365.9, 17.6, 1.3, 0.3, 288.3, 214.5, 73641.9, 99, 34.6, 858.6, 16.6, 14.2
4, 08/02/2019 08:19:43, 132036, 40.2, 45.7, 9.3, 3744.2, 204, 15.5, 0.6, 0.1, 166.2, 117.1, 46076, 248.4, 29.9, 613.8, 21.7, 10.5
4, 08/02/2019 08:39:42, 132037, 42.1, 52.1, 8.2, 20820.3, 221.7, 17.2, 0.6, 4.5, 191.8, 133.3, 47708.9, 235, 32.6, 604, 17, 9.8
4, 08/02/2019 09:00:43, 132038, 59.2, 118.4, 13.2, 49378, 275, 14, 6.5, 12.3, 504.6, 303, 147931.3, 171.1, 44.2, 1395.2, 9.7, 13.9
4, 08/02/2019 09:20:42, 132039, 66.9, 98.5, 14.7, 4103.8, 561.7, 25.4, 2.7, 7.8, 453.9, 252.1, 79788.1, 153, 47, 1540.7, 15.1, 16.4
4, 08/02/2019 09:39:53, 132040, 59.7, 89.4, 12.2, 3929.5, 383.3, 18.2, 1.3, 7.1, 379.5, 228.8, 86019.5, 212.5, 44, 1392.2, 14.2, 12.9
4, 08/02/2019 09:59:52, 132041, 57.5, 96.5, 11.7, 15972, 343.8, 13.7, 1, 8.2, 497.2, 247, 62716.4, 306.9, 45.8, 1262.4, 16.3, 10.3
4, 08/02/2019 10:19:52, 132042, 56.3, 94.5, 12.4, 5111, 410.6, 11.5, 1.2, 15.1, 315.4, 241.8, 81039.8, 220.9, 51, 1217.5, 18.1, 9.4
4, 08/02/2019 10:39:52, 132043, 57.6, 92.1, 12.2, 5217, 208, 9.8, 1.1, 18.4, 321, 235.9, 84682.6, 151, 52.2, 1252.2, 16.4, 10.2
4, 08/02/2019 10:59:52, 132044, 68.9, 101.4, 13.5, 44832.5, 125.9, 10.1, 4, 15.5, 338, 259.6, 94596.3, 133, 50.8, 1187.3, 13.6, 13.9
4, 08/02/2019 11:19:52, 132045, 56.9, 92.4, 11.8, 2788.8, 299.4, 13.2, 0.9, 12.3, 352.6, 236.6, 71871.2, 262.2, 44.9, 1219.6, 7.6, 14.9
4, 08/02/2019 11:39:52, 132046, 68.7, 104.1, 12.4, 6492.3, 319, 11.4, 3.2, 11.9, 389.5, 266.5, 75838.8, 568.7, 49, 1441.1, 5.6, 13.6
4, 08/02/2019 11:59:51, 132047, 76.5, 104.1, 14.2, 16089.5, 468.6, 29.1, 5, 10.7, 360.7, 266.5, 79294.5, 355.1, 49.6, 1511.8, 6.7, 13.1
4, 08/02/2019 12:19:52, 132048, 73.3, 97.4, 14.8, 3609.1, 348.2, 27.4, 4, 9, 387.9, 249.3, 112236.8, 355.2, 42.4, 1179.8, 7.4, 13.3
4, 08/02/2019 12:39:52, 132049, 79.2, 115.3, 15.5, 2515.9, 451.5, 18.2, 7.3, 14, 402.1, 295.2, 106038.4, 463.6, 43.6, 1252, 5.7, 10
4, 08/02/2019 13:00:01, 132050, 78.3, 123.6, 12.1, 14124.3, 335.4, 22.1, 11, 27.9, 401.9, 316.5, 61660, 426.9, 46.2, 1351.6, 8.3, 8.7
4, 08/02/2019 13:20:01, 132051, 75.5, 107.5, 12.9, 4059.3, 418.4, 28.7, 5.1, 15.9, 327.4, 275.1, 77022, 379.3, 42.6, 1355.6, 11.6, 9.1
4, 08/02/2019 13:40:02, 132052, 73.6, 119.6, 9.9, 2195.5, 215.7, 10.3, 7.6, 25.2, 489.3, 306.2, 104458.6, 180.8, 39.7, 1375.5, 7.1, 9.6
4, 08/02/2019 14:00:02, 132053, 70.8, 100.2, 13.2, 14970.7, 401.3, 11.5, 2.5, 6.9, 401.9, 256.6, 126316.4, 199.2, 39.2, 1235.2, 6.6, 12.1
4, 08/02/2019 14:19:56, 132054, 76.3, 146.7, 13.9, 1635.4, 283.3, 16.3, 2.2, 2.7, 1491.9, 375.6, 53323.6, 541.6, 36, 1099.7, 7.4, 12.8
4, 08/02/2019 14:39:56, 132055, 74.3, 89.7, 11.4, 1777.3, 293.9, 8.8, 1.1, 1.4, 387.9, 229.5, 83654.2, 516.7, 32.2, 996.3, 8.7, 7.6
4, 08/02/2019 14:59:57, 132056, 70.1, 81.1, 12.1, 19103.9, 294.7, 13.2, 2.4, 3.3, 387.2, 207.6, 80173.5, 626.3, 30.5, 1025.6, 9.2, 9.1
4, 08/02/2019 15:20:01, 132057, 65, 81.6, 11.1, 8046.5, 405, 14.4, 1.2, 1.9, 460.8, 208.8, 68574.5, 560.3, 30.2, 982.4, 8.2, 6.6
4, 08/02/2019 15:40:01, 132058, 54.5, 74, 10.6, 5158.9, 222.5, 10.8, 0.9, 0.8, 277.1, 189.3, 33589.6, 639.4, 29, 817.6, 9.1, 8.4
4, 08/02/2019 16:00:06, 132059, 44.3, 70.3, 8.6, 2987.7, 113.9, 18.5, 0.6, 0.1, 386.2, 179.9, 31173.2, 596.3, 28.1, 844.4, 9.2, 7.7
4, 08/02/2019 16:19:06, 132060, 43.6, 58.5, 8.9, 3019.1, 382.9, 10.8, 0.6, 0.1, 328.8, 149.8, 75049.5, 700.1, 24.2, 691.1, 8.1, 6.6
4, 08/02/2019 16:40:16, 132061, 43, 57.5, 8.5, 4200.2, 338.4, 6.1, 0.5, 0.1, 176.9, 147.1, 29752, 708.2, 25.1, 622.7, 6.9, 7.3
4, 08/02/2019 16:59:30, 132062, 43.3, 60, 7.4, 14552.6, 132.4, 10.5, 0.5, 0, 426.3, 153.6, 67765.3, 760, 25.9, 682.2, 8.4, 6.2
4, 08/02/2019 17:19:30, 132063, 43.4, 60.4, 8.2, 1190.8, 224.7, 14.6, 0.6, 0.2, 372.8, 154.7, 47699.9, 888.2, 22.9, 607.4, 9.8, 7
4, 08/02/2019 17:39:31, 132064, 48.7, 55.2, 9.3, 3540.2, 316.3, 6, 0.6, 0.2, 189.6, 141.2, 79467.9, 825.3, 20.3, 484.6, 10.2, 7
4, 08/02/2019 17:59:41, 132065, 51.1, 66.5, 9.8, 16446.4, 422.6, 7.9, 0.9, 1.3, 252, 170.2, 82460.7, 653.1, 20.7, 611.6, 7.7, 7.5
4, 08/02/2019 18:19:46, 132066, 48.9, 53.6, 8.7, 3137.7, 298.1, 8.7, 0.6, 0.4, 207.9, 137.3, 38309.7, 1100.4, 18.6, 473.7, 11.4, 6.5
4, 08/02/2019 18:39:56, 132067, 33.6, 40.3, 5.9, 2051.9, 104.9, 6.9, 0.4, 0.1, 187, 103.3, 44104.8, 1108.6, 20.3, 529.1, 12.8, 5.1
4, 08/02/2019 18:59:55, 132068, 39.3, 48.1, 7.3, 13921.1, 354.5, 14.4, 0.5, 0.1, 215.5, 123.2, 89554.8, 811.4, 18.7, 509.1, 10.2, 5.5
4, 08/02/2019 19:20:00, 132069, 45.9, 44.1, 9.1, 4228.4, 466.3, 5, 0.6, 0.1, 152, 112.9, 77021.6, 900.8, 16.9, 459.4, 14.7, 5.6
4, 08/02/2019 19:40:10, 132070, 47.2, 53, 8.9, 4446.7, 185.7, 6.1, 0.5, 0.1, 181.7, 135.6, 25587.6, 1004, 18.2, 474.4, 13.6, 6.8
4, 08/02/2019 19:59:25, 132071, 41, 45.5, 7.6, 14984.5, 143.9, 14.5, 0.5, 0.1, 145.9, 116.6, 54929.7, 1277, 18.4, 477.3, 15.9, 7.3
4, 08/02/2019 20:19:25, 132072, 46.3, 49.3, 10.1, 5866.9, 396.5, 4.7, 0.6, 0.1, 196.4, 126.1, 71732.6, 625.7, 20.4, 492.1, 16.4, 7.8
4, 08/02/2019 20:39:25, 132073, 42, 43.7, 9.9, 4947.3, 333.7, 6.4, 0.6, 0.1, 177, 111.8, 24960, 582.6, 20.4, 445.5, 15.2, 7.8
4, 08/02/2019 20:59:55, 132074, 44.8, 51, 9.2, 27452.6, 250.5, 1, 0.7, 0.6, 196.6, 130.5, 64353.2, 1002, 22, 479.9, 3.1, 8.5
4, 08/02/2019 21:19:55, 132075, 32.1, 29.8, 7.4, 6001.6, 111.7, 8.8, 0.5, 0, 161.3, 76.3, 28247.4, 277.2, 18.3, 351.9, 5.1, 3.5
4, 08/02/2019 21:39:55, 132076, 30.6, 26.8, 6.3, 6056.3, 138.7, 0.5, 0.4, 0.1, 99, 68.7, 31838.9, 147.3, 17.1, 321.6, 2.6, 3.6
4, 08/02/2019 21:59:55, 132077, 37.3, 33.7, 6.3, 15368.8, 237.5, 3.1, 0.5, 0.1, 113.1, 86.3, 25299.7, 114.1, 18.5, 445.1, 1.3, 3.9
4, 08/02/2019 22:19:54, 132078, 28.5, 23.7, 5.3, 2752.4, 82.2, 1.5, 0.4, 0, 91.7, 60.6, 23065.5, 132, 15.5, 380.1, 0.9, 3.2
4, 08/02/2019 22:39:54, 132079, 36.8, 30.5, 5.8, 5885.5, 134.6, 1.3, 0.4, 0, 115.4, 78.2, 42111.7, 151.4, 17, 480.3, 0.6, 3.2
4, 08/02/2019 22:59:54, 132080, 33.4, 29.5, 5.2, 17145.3, 137.5, 0.9, 0.3, 0.1, 133.9, 75.4, 31607, 217.3, 20.1, 513.4, 9.7, 3.1
