INSTANCE_NUMBER, SNAP_ID, T_BEG, USR_GROUP, CPU, DBTIME, PGA, OTH_WAIT, PXENQ, PXQTIME, PXQRY, PXREL, REQS, YIELDS, IOWAIT, READ, WRITE
1, 126363, 18/11/2018 00:00:09, ADW_UNLOAD_GROUP, 0.2, 0.3, 7.2, 0.1, 0, 0, 0, 0, 376, 15, 0, 0.8, 98.2
1, 126364, 18/11/2018 00:20:21, ADW_UNLOAD_GROUP, 0.1, 0.4, 10.7, 0.3, 0, 0, 0, 0, 459, 14, 0, 0.7, 88
1, 126365, 18/11/2018 00:40:02, ADW_UNLOAD_GROUP, 0.1, 0.2, 8.8, 0.1, 0, 0, 0, 0, 403, 8, 0, 0.5, 59.8
1, 126366, 18/11/2018 01:00:03, ADW_UNLOAD_GROUP, 7.2, 19.9, 1508, 7.4, 0, 0, 12, 164, 1390, 4938, 5.3, 3730.9, 7067.5
1, 126367, 18/11/2018 01:20:13, ADW_UNLOAD_GROUP, 1.4, 4.7, 590.8, 1.5, 3, 0.1, 15, 106, 535, 433, 1.8, 436.2, 4170.2
1, 126368, 18/11/2018 01:40:07, ADW_UNLOAD_GROUP, 1.6, 4.1, 440.7, 1, 2, 0.1, 6, 38, 444, 496, 1.5, 314, 5552.9
1, 126369, 18/11/2018 02:00:19, ADW_UNLOAD_GROUP, 1.1, 3.2, 311.9, 0.9, 0, 0, 10, 80, 543, 295, 1.2, 238.1, 3380.9
1, 126370, 18/11/2018 02:20:11, ADW_UNLOAD_GROUP, 9.2, 10, 4159.5, 0, 0, 0, 29, 312, 1285, 9868, 0.8, 3011.5, 478.3
1, 126371, 18/11/2018 02:40:24, ADW_UNLOAD_GROUP, 28.4, 37.2, 28926.5, 5.8, 0, 0, 42, 444, 1240, 39553, 3, 5228.1, 3619.3
1, 126372, 18/11/2018 03:00:19, ADW_UNLOAD_GROUP, 25.4, 32.6, 8972.9, 3.7, 15, 1.1, 16, 304, 1006, 36866, 3.5, 3701.3, 6639.7
1, 126373, 18/11/2018 03:20:05, ADW_UNLOAD_GROUP, 3.1, 5.3, 4369, 1.6, 10, 2.6, 22, 232, 891, 864, 0.6, 1229.2, 1442.2
1, 126374, 18/11/2018 03:40:26, ADW_UNLOAD_GROUP, 3.4, 5, 8515.3, 1.3, 0, 0, 17, 109, 649, 673, 0.3, 591.2, 570.8
1, 126375, 18/11/2018 04:00:23, ADW_UNLOAD_GROUP, 0.5, 1.2, 1725.3, 0.6, 0, 0, 2, 20, 480, 26, 0.1, 19.6, 6.8
1, 126376, 18/11/2018 04:20:04, ADW_UNLOAD_GROUP, 0.4, 0.4, 176.4, 0, 0, 0, 5, 80, 422, 26, 0, 4.6, 4.8
1, 126377, 18/11/2018 04:40:07, ADW_UNLOAD_GROUP, 0, 0, 3.7, 0, 0, 0, 0, 0, 415, 0, 0, 0, 0
1, 126378, 18/11/2018 05:00:12, ADW_UNLOAD_GROUP, 0, 0, 9.1, 0, 0, 0, 0, 0, 406, 0, 0, 0, 0
1, 126379, 18/11/2018 05:20:13, ADW_UNLOAD_GROUP, 0, 0.1, 6.7, 0.1, 0, 0, 0, 0, 410, 0, 0, 0, 0
1, 126380, 18/11/2018 05:40:22, ADW_UNLOAD_GROUP, 0, 0, 8.2, 0, 0, 0, 0, 0, 399, 0, 0, 0, 0
1, 126381, 18/11/2018 06:00:08, ADW_UNLOAD_GROUP, 0, 0, 6.9, 0, 0, 0, 0, 0, 445, 0, 0, 0, 0
1, 126382, 18/11/2018 06:20:03, ADW_UNLOAD_GROUP, 0, 0, 7, 0, 0, 0, 0, 0, 443, 0, 0, 0, 0
1, 126383, 18/11/2018 06:40:09, ADW_UNLOAD_GROUP, 0, 0, 2.8, 0, 0, 0, 0, 0, 412, 0, 0, 0, 0
1, 126414, 18/11/2018 17:00:08, ADW_UNLOAD_GROUP, 0, 0, 8.1, 0, 0, 0, 0, 0, 57, 0, 0, 0, 0
1, 126415, 18/11/2018 17:20:10, ADW_UNLOAD_GROUP, 0, 0, 6.4, 0, 0, 0, 0, 0, 97, 0, 0, 0, 0
1, 126416, 18/11/2018 17:40:13, ADW_UNLOAD_GROUP, 0, 0, 6, 0, 0, 0, 0, 0, 188, 0, 0, 0, 0
1, 126417, 18/11/2018 18:00:01, ADW_UNLOAD_GROUP, 2.3, 42.4, 2192.4, 0.7, 0, 0, 0, 0, 256, 641, 39.4, 1265.5, 8468.1
1, 126418, 18/11/2018 18:20:08, ADW_UNLOAD_GROUP, 1.2, 15.1, 841.9, 1.3, 0, 0, 16, 256, 428, 291, 12.6, 2335.1, 3047.6
1, 126419, 18/11/2018 18:40:11, ADW_UNLOAD_GROUP, 8.6, 16.3, 984.1, 5, 0, 0, 28, 512, 760, 11912, 2.7, 1234.4, 12527.9
1, 126420, 18/11/2018 19:00:10, ADW_UNLOAD_GROUP, 2.9, 36.7, 1897.5, 3.5, 0, 0, 14, 224, 374, 1440, 30.3, 494, 10407
1, 126422, 18/11/2018 19:40:05, ADW_UNLOAD_GROUP, 5.5, 12.4, 957.3, 6.2, 0, 0, 68, 1168, 1632, 2807, 0.7, 2322, 4512.9
1, 126423, 18/11/2018 20:00:30, ADW_UNLOAD_GROUP, 9.5, 18.4, 2441.6, 6.1, 0, 0, 13, 131, 1875, 7135, 2.8, 1702.8, 6644.4
1, 126424, 18/11/2018 20:20:10, ADW_UNLOAD_GROUP, 7.2, 10.4, 8145.8, 2.2, 0, 0, 2, 48, 949, 4737, 1, 856, 6357.3
1, 126425, 18/11/2018 20:40:23, ADW_UNLOAD_GROUP, 7.8, 11.4, 7313.3, 3.1, 0, 0, 0, 0, 1115, 3425, 0.5, 589.8, 3848.6
1, 126426, 18/11/2018 21:00:33, ADW_UNLOAD_GROUP, 22.5, 27.5, 5314.1, 3.3, 0, 0, 3, 80, 1126, 8738, 1.7, 1013.9, 3423.6
1, 126427, 18/11/2018 21:20:03, ADW_UNLOAD_GROUP, 25.5, 28, 9089.1, 0.7, 0, 0, 6, 160, 1331, 15273, 1.8, 857, 4881.9
1, 126428, 18/11/2018 21:40:09, ADW_UNLOAD_GROUP, 20, 21.2, 11610.1, 0, 0, 0, 5, 136, 1192, 10317, 1.2, 975.6, 3818.5
1, 126429, 18/11/2018 22:00:14, ADW_UNLOAD_GROUP, 18.4, 19.9, 13274.1, 1.2, 0, 0, 0, 0, 1054, 7909, 0.3, 695.4, 322.9
1, 126430, 18/11/2018 22:20:19, ADW_UNLOAD_GROUP, 17.2, 18.4, 8150.5, 0.9, 0, 0, 1, 32, 1052, 8401, 0.3, 542.7, 343.2
1, 126431, 18/11/2018 22:40:08, ADW_UNLOAD_GROUP, 8.7, 8.8, 4012.7, 0.1, 0, 0, 3, 96, 1028, 3481, 0, 326.9, 96.4
1, 126432, 18/11/2018 23:00:21, ADW_UNLOAD_GROUP, 0.4, 0.6, 386.6, 0.1, 0, 0, 26, 204, 1172, 99, 0.1, 37, 128.2
1, 126433, 18/11/2018 23:20:00, ADW_UNLOAD_GROUP, 0, 0, 1.7, 0, 0, 0, 0, 0, 756, 0, 0, 0, 0
1, 126434, 18/11/2018 23:40:01, ADW_UNLOAD_GROUP, 0, 0, 1.1, 0, 0, 0, 0, 0, 762, 0, 0, 0, 0
1, 126363, 18/11/2018 00:00:09, FP_DM_PRIOR, 4.9, 17.9, 1784.2, 5.8, 0, 0, 1, 32, 44, 3454, 7.2, 380.7, 23332.7
1, 126364, 18/11/2018 00:20:21, FP_DM_PRIOR, 3.2, 12.8, 935.9, 4.8, 0, 0, 0, 0, 0, 1694, 4.8, 307.5, 17141.9
1, 126365, 18/11/2018 00:40:02, FP_DM_PRIOR, 2, 7.5, 544, 3.5, 0, 0, 2, 64, 43, 665, 2, 119.8, 7623.1
1, 126366, 18/11/2018 01:00:03, FP_DM_PRIOR, 1.7, 7.7, 703.8, 4.1, 0, 0, 2, 41, 44, 557, 1.9, 118.8, 4298.6
1, 126367, 18/11/2018 01:20:13, FP_DM_PRIOR, 1.6, 6.6, 439.9, 2.1, 0, 0, 0, 0, 18, 472, 2.9, 102.1, 6931.7
1, 126368, 18/11/2018 01:40:07, FP_DM_PRIOR, 1.9, 6.7, 492.7, 1.9, 0, 0, 0, 0, 2, 586, 2.9, 156, 10437.5
1, 126369, 18/11/2018 02:00:19, FP_DM_PRIOR, 1.4, 6.6, 473.5, 1.7, 0, 0, 0, 0, 0, 393, 3.5, 144.8, 9502.8
1, 126370, 18/11/2018 02:20:11, FP_DM_PRIOR, 1.3, 6.6, 469.3, 1.4, 0, 0, 0, 0, 0, 413, 3.9, 123.6, 8602.5
1, 126371, 18/11/2018 02:40:24, FP_DM_PRIOR, 5.4, 9.5, 3841.7, 0.8, 0, 0, 37, 1120, 1427, 2295, 3.3, 635.2, 4836.4
1, 126372, 18/11/2018 03:00:19, FP_DM_PRIOR, 3.3, 3.4, 10859.4, 0, 0, 0, 24, 704, 608, 1148, 0.1, 65.1, 99.6
1, 126373, 18/11/2018 03:20:05, FP_DM_PRIOR, 4.4, 4.7, 8650.5, 0, 0, 0, 32, 864, 688, 1076, 0.3, 141.2, 54.5
1, 126374, 18/11/2018 03:40:26, FP_DM_PRIOR, 1.3, 1.5, 3033.4, 0.1, 0, 0, 20, 576, 482, 195, 0.1, 37.9, 19.7
1, 126375, 18/11/2018 04:00:23, FP_DM_PRIOR, 0.8, 1, 3550.6, 0.1, 0, 0, 9, 256, 388, 83, 0.1, 22.9, 167.9
1, 126376, 18/11/2018 04:20:04, FP_DM_PRIOR, 0.6, 0.9, 3328.6, 0.2, 0, 0, 0, 0, 0, 15, 0.1, 10.2, 292.3
1, 126377, 18/11/2018 04:40:07, FP_DM_PRIOR, 0.6, 0.9, 3466.6, 0.2, 0, 0, 0, 0, 0, 17, 0.1, 13.2, 384.3
1, 126378, 18/11/2018 05:00:12, FP_DM_PRIOR, 0.5, 0.9, 4299.5, 0.2, 0, 0, 0, 0, 0, 16, 0.2, 7.8, 143.1
1, 126379, 18/11/2018 05:20:13, FP_DM_PRIOR, 0.6, 0.8, 2370.5, 0.1, 0, 0, 0, 0, 0, 26, 0.1, 10.4, 240.9
1, 126380, 18/11/2018 05:40:22, FP_DM_PRIOR, 0.6, 1, 3816.2, 0.3, 0, 0, 0, 0, 0, 18, 0.1, 10.4, 259.5
1, 126381, 18/11/2018 06:00:08, FP_DM_PRIOR, 0.6, 0.8, 2866.5, 0.1, 0, 0, 0, 0, 57, 50, 0.1, 6.5, 184.5
1, 126382, 18/11/2018 06:20:03, FP_DM_PRIOR, 0.6, 0.8, 2133.2, 0.1, 0, 0, 0, 0, 0, 58, 0.1, 10.3, 324.9
1, 126383, 18/11/2018 06:40:09, FP_DM_PRIOR, 0.6, 0.9, 3656.1, 0.2, 0, 0, 0, 0, 0, 69, 0.1, 9.2, 330
1, 126414, 18/11/2018 17:00:08, FP_DM_PRIOR, 0.6, 1, 2747.2, 0.4, 0, 0, 1, 32, 32, 140, 0, 9.5, 7.3
1, 126415, 18/11/2018 17:20:10, FP_DM_PRIOR, 0.6, 0.6, 4844, 0, 0, 0, 0, 0, 3, 13, 0, 1.5, 0
1, 126416, 18/11/2018 17:40:13, FP_DM_PRIOR, 2.1, 2.2, 4031, 0, 0, 0, 4, 128, 128, 362, 0.1, 28.6, 298.9
1, 126417, 18/11/2018 18:00:01, FP_DM_PRIOR, 0.8, 1.1, 746.7, 0.2, 0, 0, 1, 32, 7, 181, 0.1, 33.8, 46.7
1, 126418, 18/11/2018 18:20:08, FP_DM_PRIOR, 0.2, 0.4, 143.6, 0.1, 0, 0, 0, 0, 0, 4, 0.1, 2.4, 201
1, 126419, 18/11/2018 18:40:11, FP_DM_PRIOR, 0.2, 0.3, 12.6, 0.1, 0, 0, 0, 0, 0, 7, 0, 0.9, 44.9
1, 126420, 18/11/2018 19:00:10, FP_DM_PRIOR, 0.2, 0.3, 13.2, 0.1, 0, 0, 0, 0, 0, 1, 0, 0.8, 5.9
1, 126422, 18/11/2018 19:40:05, FP_DM_PRIOR, 0.2, 0.3, 7.7, 0.1, 0, 0, 0, 0, 89, 2, 0, 1.2, 68.3
1, 126423, 18/11/2018 20:00:30, FP_DM_PRIOR, 4.9, 21.6, 1354, 12.8, 0, 0, 65, 1933, 2184, 3570, 3.9, 395.5, 13848.8
1, 126424, 18/11/2018 20:20:10, FP_DM_PRIOR, 6.5, 16.9, 2688, 5.8, 0, 0, 11, 336, 307, 5781, 4.6, 607.5, 35333.2
1, 126425, 18/11/2018 20:40:23, FP_DM_PRIOR, 8.9, 28.2, 1827.8, 12, 0, 0, 2, 64, 32, 9296, 7.3, 781.4, 54001.2
1, 126426, 18/11/2018 21:00:33, FP_DM_PRIOR, 8.5, 25.1, 1622.7, 2.2, 0, 0, 0, 0, 0, 7444, 14.4, 571.6, 42346
1, 126427, 18/11/2018 21:20:03, FP_DM_PRIOR, 9.3, 24.8, 1607, 2.2, 0, 0, 0, 0, 0, 8766, 13.3, 558.2, 44310.6
1, 126428, 18/11/2018 21:40:09, FP_DM_PRIOR, 7.6, 21.7, 1413.2, 2.7, 0, 0, 2, 64, 64, 6302, 11.4, 518.2, 38527.9
1, 126429, 18/11/2018 22:00:14, FP_DM_PRIOR, 7.2, 21.2, 1643.9, 3.9, 0, 0, 0, 0, 0, 5642, 10.1, 522.2, 37267.5
1, 126430, 18/11/2018 22:20:19, FP_DM_PRIOR, 9.3, 24.9, 1611.2, 4.2, 0, 0, 0, 0, 0, 9174, 11.4, 736.4, 48669.3
1, 126431, 18/11/2018 22:40:08, FP_DM_PRIOR, 8.8, 25, 1616.9, 7.4, 0, 0, 0, 0, 0, 8907, 8.8, 744.5, 48765.1
1, 126432, 18/11/2018 23:00:21, FP_DM_PRIOR, 7.8, 25.1, 1621.4, 8.7, 0, 0, 0, 0, 0, 8457, 8.6, 680.2, 45861.5
1, 126433, 18/11/2018 23:20:00, FP_DM_PRIOR, 8.8, 25, 1614.6, 10.5, 0, 0, 0, 0, 0, 10188, 5.7, 836.2, 55141.9
1, 126434, 18/11/2018 23:40:01, FP_DM_PRIOR, 5.7, 17.3, 1115.5, 9.4, 0, 0, 9, 288, 256, 5760, 2.2, 723.6, 44165.4
1, 126363, 18/11/2018 00:00:09, HDP_UNLOAD_GROUP, 0.5, 0.6, 8057, 0.1, 0, 0, 0, 0, 8, 50, 0, 16.8, 19.6
1, 126364, 18/11/2018 00:20:21, HDP_UNLOAD_GROUP, 0.4, 0.5, 7046.7, 0.1, 0, 0, 0, 0, 0, 36, 0, 15.4, 52.5
1, 126365, 18/11/2018 00:40:02, HDP_UNLOAD_GROUP, 0.9, 1, 2417.1, 0.1, 0, 0, 1, 16, 24, 201, 0, 52.9, 51.4
1, 126366, 18/11/2018 01:00:03, HDP_UNLOAD_GROUP, 0.4, 0.5, 2940.8, 0.1, 0, 0, 0, 0, 0, 49, 0, 13.4, 61.6
1, 126367, 18/11/2018 01:20:13, HDP_UNLOAD_GROUP, 0.4, 0.4, 6334.6, 0, 0, 0, 0, 0, 0, 24, 0, 13.6, 77
1, 126368, 18/11/2018 01:40:07, HDP_UNLOAD_GROUP, 0.4, 0.5, 2306.7, 0.1, 0, 0, 0, 0, 0, 25, 0, 13.2, 85.8
1, 126369, 18/11/2018 02:00:19, HDP_UNLOAD_GROUP, 0.3, 0.5, 5846.3, 0.1, 0, 0, 0, 0, 0, 17, 0.1, 14.1, 126.9
1, 126370, 18/11/2018 02:20:11, HDP_UNLOAD_GROUP, 0.4, 0.5, 5689.7, 0, 0, 0, 0, 0, 0, 19, 0.1, 14.9, 171.9
1, 126371, 18/11/2018 02:40:24, HDP_UNLOAD_GROUP, 0.5, 0.7, 7195.2, 0.1, 0, 0, 0, 0, 0, 62, 0.1, 14.4, 110.7
1, 126372, 18/11/2018 03:00:19, HDP_UNLOAD_GROUP, 0.4, 0.5, 3470.8, 0.1, 0, 0, 0, 0, 0, 95, 0, 13.1, 26.4
1, 126373, 18/11/2018 03:20:05, HDP_UNLOAD_GROUP, 0.3, 0.5, 5089.6, 0.2, 0, 0, 0, 0, 0, 11, 0, 13.5, 40.5
1, 126374, 18/11/2018 03:40:26, HDP_UNLOAD_GROUP, 0.3, 0.4, 6266.2, 0.1, 0, 0, 0, 0, 0, 9, 0, 13.6, 33.1
1, 126375, 18/11/2018 04:00:23, HDP_UNLOAD_GROUP, 0.3, 0.3, 5358, 0, 0, 0, 0, 0, 0, 8, 0, 13.5, 21.7
1, 126376, 18/11/2018 04:20:04, HDP_UNLOAD_GROUP, 0.3, 0.5, 3085.8, 0.2, 0, 0, 0, 0, 0, 6, 0, 14, 67.6
1, 126377, 18/11/2018 04:40:07, HDP_UNLOAD_GROUP, 0.3, 0.4, 5050.7, 0, 0, 0, 0, 0, 0, 5, 0.1, 15.1, 159.1
1, 126378, 18/11/2018 05:00:12, HDP_UNLOAD_GROUP, 0.3, 0.4, 6575.4, 0.1, 0, 0, 0, 0, 0, 7, 0, 14.2, 8.8
1, 126379, 18/11/2018 05:20:13, HDP_UNLOAD_GROUP, 0.3, 0.4, 902.3, 0.1, 0, 0, 0, 0, 0, 15, 0, 15.1, 27.1
1, 126380, 18/11/2018 05:40:22, HDP_UNLOAD_GROUP, 0.3, 0.4, 1644.7, 0.1, 0, 0, 0, 0, 0, 7, 0, 15.4, 8.4
1, 126381, 18/11/2018 06:00:08, HDP_UNLOAD_GROUP, 0.4, 0.4, 955.5, 0, 0, 0, 0, 0, 115, 14, 0, 14.2, 25.1
1, 126382, 18/11/2018 06:20:03, HDP_UNLOAD_GROUP, 0.5, 1.2, 1383, 0.6, 0, 0, 1, 16, 24, 30, 0.1, 19, 226.8
1, 126383, 18/11/2018 06:40:09, HDP_UNLOAD_GROUP, 0.6, 0.7, 1611.1, 0.1, 0, 0, 1, 16, 24, 63, 0, 29.7, 57.1
1, 126414, 18/11/2018 17:00:08, HDP_UNLOAD_GROUP, 0.4, 0.5, 1671.3, 0.1, 0, 0, 0, 0, 0, 6, 0, 14.3, 48.6
1, 126415, 18/11/2018 17:20:10, HDP_UNLOAD_GROUP, 0.4, 0.7, 2071, 0.2, 0, 0, 0, 0, 0, 9, 0.1, 16.9, 272.8
1, 126416, 18/11/2018 17:40:13, HDP_UNLOAD_GROUP, 0.4, 0.6, 1511.5, 0.1, 0, 0, 0, 0, 0, 8, 0.1, 14.5, 122.7
1, 126417, 18/11/2018 18:00:01, HDP_UNLOAD_GROUP, 0.4, 0.5, 1405.8, 0, 0, 0, 0, 0, 0, 8, 0.1, 15.2, 127.9
1, 126418, 18/11/2018 18:20:08, HDP_UNLOAD_GROUP, 0.4, 0.8, 2063.3, 0.3, 0, 0, 0, 0, 0, 9, 0.1, 15.2, 317.3
1, 126419, 18/11/2018 18:40:11, HDP_UNLOAD_GROUP, 0.4, 0.5, 1397.2, 0, 0, 0, 0, 0, 0, 25, 0.1, 14, 115.9
1, 126420, 18/11/2018 19:00:10, HDP_UNLOAD_GROUP, 0.5, 1, 1906.8, 0.4, 0, 0, 0, 0, 0, 10, 0.1, 15.7, 328
1, 126422, 18/11/2018 19:40:05, HDP_UNLOAD_GROUP, 0.4, 0.6, 1383.1, 0.1, 0, 0, 0, 0, 0, 25, 0.1, 17.3, 117.1
1, 126423, 18/11/2018 20:00:30, HDP_UNLOAD_GROUP, 3, 4.6, 3352.5, 1.2, 0, 0, 28, 240, 382, 1102, 0.4, 718, 753.1
1, 126424, 18/11/2018 20:20:10, HDP_UNLOAD_GROUP, 3.4, 5.6, 5955, 1.3, 0, 0, 5, 44, 60, 960, 0.9, 381.8, 1227.9
1, 126425, 18/11/2018 20:40:23, HDP_UNLOAD_GROUP, 1.7, 4.2, 11760.5, 1.9, 0, 0, 21, 216, 368, 420, 0.6, 77.4, 413.9
1, 126426, 18/11/2018 21:00:33, HDP_UNLOAD_GROUP, 1, 3.4, 9880.7, 2.1, 0, 0, 0, 0, 0, 93, 0.3, 26.1, 390.1
1, 126427, 18/11/2018 21:20:03, HDP_UNLOAD_GROUP, 0.8, 1.2, 12946.6, 0, 0, 0, 0, 0, 0, 139, 0.4, 15.3, 488.5
1, 126428, 18/11/2018 21:40:09, HDP_UNLOAD_GROUP, 0.7, 0.9, 12213.7, 0, 0, 0, 0, 0, 0, 83, 0.2, 13.8, 254.2
1, 126429, 18/11/2018 22:00:14, HDP_UNLOAD_GROUP, 0.8, 1.3, 11956, 0.3, 0, 0, 1, 16, 14, 132, 0.2, 15.9, 345
1, 126430, 18/11/2018 22:20:19, HDP_UNLOAD_GROUP, 0.6, 2.5, 6925.9, 1.2, 0, 0, 0, 0, 0, 64, 0.7, 13.9, 682.6
1, 126431, 18/11/2018 22:40:08, HDP_UNLOAD_GROUP, 1.6, 1.8, 7726.4, 0, 0, 0, 1, 8, 24, 146, 0.2, 57.3, 375.5
1, 126432, 18/11/2018 23:00:21, HDP_UNLOAD_GROUP, 3.6, 4, 8023, 0.4, 0, 0, 0, 0, 0, 469, 0, 215, 0
1, 126433, 18/11/2018 23:20:00, HDP_UNLOAD_GROUP, 1.2, 1.5, 10107.3, 0.3, 0, 0, 0, 0, 0, 185, 0, 81.9, 0
1, 126434, 18/11/2018 23:40:01, HDP_UNLOAD_GROUP, 0.2, 0.3, 3308.7, 0.1, 0, 0, 0, 0, 0, 25, 0, 18.1, 0
1, 126363, 18/11/2018 00:00:09, ODS_SUPPORT_GROUP, 0, 0, 0.5, 0, 0, 0, 0, 0, 9, 3, 0, 0, 0
1, 126364, 18/11/2018 00:20:21, ODS_SUPPORT_GROUP, 0, 0, 1.4, 0, 0, 0, 0, 0, 9, 0, 0, 0, 0
1, 126366, 18/11/2018 01:00:03, ODS_SUPPORT_GROUP, 0, 0, 0.6, 0, 0, 0, 0, 0, 7, 0, 0, 0, 0
1, 126367, 18/11/2018 01:20:13, ODS_SUPPORT_GROUP, 0, 0, 0.7, 0, 0, 0, 0, 0, 7, 0, 0, 0, 0
1, 126370, 18/11/2018 02:20:11, ODS_SUPPORT_GROUP, 0, 0, 0.1, 0, 0, 0, 0, 0, 8, 0, 0, 0, 0
1, 126371, 18/11/2018 02:40:24, ODS_SUPPORT_GROUP, 0, 0, 0.5, 0, 0, 0, 0, 0, 8, 1, 0, 0, 0
1, 126372, 18/11/2018 03:00:19, ODS_SUPPORT_GROUP, 0, 0, 0, 0, 0, 0, 0, 0, 7, 0, 0, 0, 0
1, 126373, 18/11/2018 03:20:05, ODS_SUPPORT_GROUP, 0, 0, 0.4, 0, 0, 0, 0, 0, 8, 0, 0, 0, 0
1, 126374, 18/11/2018 03:40:26, ODS_SUPPORT_GROUP, 0, 0, 0, 0, 0, 0, 0, 0, 8, 0, 0, 0, 0
1, 126376, 18/11/2018 04:20:04, ODS_SUPPORT_GROUP, 0, 0, 0.4, 0, 0, 0, 0, 0, 9, 0, 0, 0, 0
1, 126378, 18/11/2018 05:00:12, ODS_SUPPORT_GROUP, 0, 0, 1.1, 0, 0, 0, 0, 0, 7, 0, 0, 0, 0
1, 126380, 18/11/2018 05:40:22, ODS_SUPPORT_GROUP, 0, 0, 1.1, 0, 0, 0, 0, 0, 9, 0, 0, 0, 0
1, 126381, 18/11/2018 06:00:08, ODS_SUPPORT_GROUP, 0, 0, 1.3, 0, 0, 0, 0, 0, 8, 1, 0, 0, 0
1, 126382, 18/11/2018 06:20:03, ODS_SUPPORT_GROUP, 0, 0, 0.7, 0, 0, 0, 0, 0, 7, 0, 0, 0, 0
1, 126383, 18/11/2018 06:40:09, ODS_SUPPORT_GROUP, 0, 0, 0.8, 0, 0, 0, 0, 0, 4, 0, 0, 0, 0
1, 126415, 18/11/2018 17:20:10, ODS_SUPPORT_GROUP, 0, 0, 0, 0, 0, 0, 0, 0, 7, 0, 0, 0, 0
1, 126423, 18/11/2018 20:00:30, ODS_SUPPORT_GROUP, 0, 0, 1.7, 0, 0, 0, 0, 0, 10, 2, 0, 0, 0
1, 126424, 18/11/2018 20:20:10, ODS_SUPPORT_GROUP, 0, 0, 0.7, 0, 0, 0, 0, 0, 10, 0, 0, 0, 0
1, 126425, 18/11/2018 20:40:23, ODS_SUPPORT_GROUP, 0, 0, 1.3, 0, 0, 0, 0, 0, 10, 3, 0, 0, 0
1, 126426, 18/11/2018 21:00:33, ODS_SUPPORT_GROUP, 0, 0, 3, 0, 0, 0, 0, 0, 10, 8, 0, 0, 0
1, 126427, 18/11/2018 21:20:03, ODS_SUPPORT_GROUP, 0, 0, 1.7, 0, 0, 0, 0, 0, 10, 2, 0, 0, 0
1, 126428, 18/11/2018 21:40:09, ODS_SUPPORT_GROUP, 0, 0, 0.6, 0, 0, 0, 0, 0, 10, 1, 0, 0, 0
1, 126429, 18/11/2018 22:00:14, ODS_SUPPORT_GROUP, 0, 0, 1.3, 0, 0, 0, 0, 0, 10, 3, 0, 0, 0
1, 126430, 18/11/2018 22:20:19, ODS_SUPPORT_GROUP, 0, 0, 0.8, 0, 0, 0, 0, 0, 10, 4, 0, 0, 0
1, 126431, 18/11/2018 22:40:08, ODS_SUPPORT_GROUP, 0, 0, 0.5, 0, 0, 0, 0, 0, 10, 1, 0, 0, 0
1, 126432, 18/11/2018 23:00:21, ODS_SUPPORT_GROUP, 0, 0, 0.6, 0, 0, 0, 0, 0, 10, 2, 0, 0, 0
1, 126433, 18/11/2018 23:20:00, ODS_SUPPORT_GROUP, 0, 0, 0.5, 0, 0, 0, 0, 0, 10, 1, 0, 0, 0
1, 126434, 18/11/2018 23:40:01, ODS_SUPPORT_GROUP, 0, 0, 0.2, 0, 0, 0, 0, 0, 9, 0, 0, 0, 0
1, 126363, 18/11/2018 00:00:09, OTHER_GROUPS, 12, 21.5, 13624.5, 7.3, 0, 0, 0, 0, 3889, 8800, 2.2, 910.2, 1083.5
1, 126364, 18/11/2018 00:20:21, OTHER_GROUPS, 10.2, 29.9, 13752.3, 16.5, 0, 0, 0, 0, 4205, 6014, 3.2, 938.2, 992.1
1, 126365, 18/11/2018 00:40:02, OTHER_GROUPS, 8.3, 14.4, 12401.1, 4.7, 0, 0, 0, 0, 4355, 4402, 1.4, 991.4, 898.2
1, 126366, 18/11/2018 01:00:03, OTHER_GROUPS, 12.8, 30.2, 14807.5, 14.9, 0, 0, 0, 0, 4909, 10499, 2.5, 813.4, 2358
1, 126367, 18/11/2018 01:20:13, OTHER_GROUPS, 14.5, 25.9, 11948.4, 8.6, 0, 0, 2, 46, 4575, 13295, 2.8, 1050.7, 2802.6
1, 126368, 18/11/2018 01:40:07, OTHER_GROUPS, 11.7, 19, 12116.3, 5.2, 0, 0, 0, 0, 5665, 8884, 2.1, 922.2, 2919.3
1, 126369, 18/11/2018 02:00:19, OTHER_GROUPS, 8.8, 16.9, 13689.6, 5.4, 0, 0, 0, 0, 5114, 4064, 2.7, 1044.1, 2078
1, 126370, 18/11/2018 02:20:11, OTHER_GROUPS, 5.4, 6.9, 11566.3, 0.6, 0, 0, 0, 0, 4218, 814, 0.9, 935.7, 634.6
1, 126371, 18/11/2018 02:40:24, OTHER_GROUPS, 5.3, 8.8, 12460.8, 2.7, 0, 0, 0, 0, 4471, 1500, 0.8, 643, 414.1
1, 126372, 18/11/2018 03:00:19, OTHER_GROUPS, 7, 17.4, 11233.9, 5.3, 0, 0, 0, 0, 4201, 3802, 5.1, 671.9, 3014.4
1, 126373, 18/11/2018 03:20:05, OTHER_GROUPS, 6.4, 23.7, 11617.6, 1.8, 0, 0, 0, 0, 4452, 1469, 15.5, 894.5, 3026.1
1, 126374, 18/11/2018 03:40:26, OTHER_GROUPS, 5.7, 14.2, 11054, 1.1, 0, 0, 0, 0, 4537, 1257, 7.4, 921, 1845
1, 126375, 18/11/2018 04:00:23, OTHER_GROUPS, 6.4, 8.1, 25584, 0.7, 0, 0, 0, 0, 5375, 481, 1, 1052, 245
1, 126376, 18/11/2018 04:20:04, OTHER_GROUPS, 9.6, 11.1, 35203.3, 0, 0, 0, 0, 0, 5274, 892, 1.5, 1524.9, 295.7
1, 126377, 18/11/2018 04:40:07, OTHER_GROUPS, 5.8, 7.8, 14768.7, 0.8, 0, 0, 0, 0, 3906, 670, 1.2, 1023.4, 451.6
1, 126378, 18/11/2018 05:00:12, OTHER_GROUPS, 5.7, 14.1, 12499.5, 4.5, 0, 0, 0, 0, 4318, 1047, 3.9, 1090.7, 614.4
1, 126379, 18/11/2018 05:20:13, OTHER_GROUPS, 6, 17.5, 12531.7, 10.3, 0, 0, 0, 0, 6091, 1333, 1.2, 976.5, 835.1
1, 126380, 18/11/2018 05:40:22, OTHER_GROUPS, 6.4, 17.3, 14065.4, 9.6, 0, 0, 0, 0, 5481, 1680, 1.3, 1442.3, 904.1
1, 126381, 18/11/2018 06:00:08, OTHER_GROUPS, 16.8, 44, 15113.8, 22.9, 0, 0, 1, 64, 5833, 15127, 4.3, 1566.7, 6681.8
1, 126382, 18/11/2018 06:20:03, OTHER_GROUPS, 11, 21.2, 12754.8, 7.6, 0, 0, 0, 0, 5376, 7263, 2.6, 1044.4, 2988.9
1, 126383, 18/11/2018 06:40:09, OTHER_GROUPS, 12.1, 18.8, 12654.2, 4.6, 0, 0, 0, 0, 6233, 7079, 2.1, 1667, 2383.7
1, 126384, 18/11/2018 07:00:10, OTHER_GROUPS, 20.3, 28.8, 13837.5, 5.5, 0, 0, 7, 208, 5409, 11758, 3, 3148.6, 2780.4
1, 126385, 18/11/2018 07:20:13, OTHER_GROUPS, 11, 42.4, 7845.8, 29.1, 0, 0, 0, 0, 4574, 5840, 2.3, 950.6, 2851.2
1, 126386, 18/11/2018 07:40:19, OTHER_GROUPS, 8.4, 16.5, 6142, 6.1, 0, 0, 1, 16, 5231, 3466, 2, 1109.4, 2494.7
1, 126387, 18/11/2018 08:00:27, OTHER_GROUPS, 6.3, 7.4, 5723.3, 0, 0, 0, 0, 0, 5522, 1225, 1.1, 1205.8, 504.9
1, 126388, 18/11/2018 08:20:01, OTHER_GROUPS, 6.3, 7.5, 5668, 0, 0, 0, 1, 16, 5081, 1585, 1.2, 2330, 748.8
1, 126389, 18/11/2018 08:40:21, OTHER_GROUPS, 7.5, 9.2, 5541.8, 0, 0, 0, 0, 0, 4982, 2126, 1.7, 1050.1, 1433.7
1, 126390, 18/11/2018 09:00:07, OTHER_GROUPS, 15.1, 28.2, 6541.6, 8.1, 0, 0, 12, 192, 5369, 11485, 5, 987.7, 5571.6
1, 126391, 18/11/2018 09:20:31, OTHER_GROUPS, 24.7, 35.2, 13079.7, 4.5, 0, 0, 6, 96, 4966, 23937, 6, 1110.7, 8030.1
1, 126392, 18/11/2018 09:40:16, OTHER_GROUPS, 19.5, 27.8, 9593.7, 2.9, 0, 0, 2, 64, 4993, 16701, 5.4, 1029.5, 7442.2
1, 126393, 18/11/2018 10:00:05, OTHER_GROUPS, 19.3, 29.8, 11932.8, 4, 0, 0, 9, 256, 4909, 16538, 6.5, 1076.7, 7271.2
1, 126394, 18/11/2018 10:20:11, OTHER_GROUPS, 18.7, 29.9, 10469.8, 6.1, 0, 0, 0, 0, 5581, 16625, 5.1, 910.9, 7156.3
1, 126395, 18/11/2018 10:40:15, OTHER_GROUPS, 20.8, 34.5, 12973.1, 8.4, 0, 0, 1, 4, 5743, 20443, 5.3, 1123.9, 7219.3
1, 126396, 18/11/2018 11:00:04, OTHER_GROUPS, 20.4, 63.2, 12436, 36.8, 0, 0, 0, 0, 4799, 23050, 6, 1160.4, 5975
1, 126397, 18/11/2018 11:20:07, OTHER_GROUPS, 32.8, 52.9, 12871.4, 14.8, 0, 0, 0, 0, 4592, 41745, 5.3, 843, 6825.6
1, 126398, 18/11/2018 11:40:10, OTHER_GROUPS, 31.7, 62.5, 44950.7, 26, 0, 0, 0, 0, 3837, 34712, 4.8, 693.5, 6376.1
1, 126399, 18/11/2018 12:00:05, OTHER_GROUPS, 14.9, 26.8, 19003, 9.1, 0, 0, 1, 64, 4172, 9783, 2.8, 1149.3, 2847.1
1, 126400, 18/11/2018 12:20:02, OTHER_GROUPS, 10.6, 24.4, 7712.1, 11.4, 0, 0, 12, 368, 4633, 6138, 2.4, 1304, 2977.4
1, 126401, 18/11/2018 12:40:02, OTHER_GROUPS, 11.9, 23.6, 10477.7, 8.7, 0, 0, 0, 0, 4698, 8251, 3, 1054.4, 4556.5
1, 126402, 18/11/2018 13:00:14, OTHER_GROUPS, 11.8, 18.3, 7212.3, 3.4, 0, 0, 0, 0, 4476, 8042, 3.1, 1103.3, 3327.5
1, 126403, 18/11/2018 13:20:15, OTHER_GROUPS, 12.3, 44.2, 10591.9, 28.7, 0, 0, 4, 128, 5050, 8161, 3.2, 1034.2, 4034.6
1, 126404, 18/11/2018 13:40:02, OTHER_GROUPS, 10.6, 26.6, 5326.1, 13.6, 0, 0, 3, 72, 4584, 6533, 2.4, 966.8, 2657.5
1, 126405, 18/11/2018 14:00:06, OTHER_GROUPS, 10.5, 22.2, 4580.8, 9.3, 0, 0, 0, 0, 4587, 6913, 2.4, 1108.3, 1923.9
1, 126406, 18/11/2018 14:20:34, OTHER_GROUPS, 8.4, 21.2, 6088.2, 10.3, 0, 0, 0, 0, 5042, 4080, 2.5, 1216.3, 1688.6
1, 126407, 18/11/2018 14:40:43, OTHER_GROUPS, 8.3, 20.5, 4135.9, 10.3, 0, 0, 0, 0, 4515, 3861, 1.9, 1240.5, 1593.7
1, 126408, 18/11/2018 15:00:14, OTHER_GROUPS, 9.3, 14.7, 4436.4, 2.5, 0, 0, 0, 0, 4466, 4831, 2.9, 1001, 1994.9
1, 126409, 18/11/2018 15:20:05, OTHER_GROUPS, 9, 19.3, 5280.2, 8.3, 0, 0, 0, 0, 6180, 4663, 2, 1532.7, 2031.9
1, 126410, 18/11/2018 15:40:23, OTHER_GROUPS, 9, 11.3, 3024.7, 0.2, 0, 0, 1, 2, 5020, 4397, 2.1, 1099.6, 1987.4
1, 126411, 18/11/2018 16:00:04, OTHER_GROUPS, 7.1, 9.4, 4422, 0, 0, 0, 3, 12, 5214, 1973, 2.3, 1269.9, 2059
1, 126412, 18/11/2018 16:20:16, OTHER_GROUPS, 7, 10.8, 4708.5, 2.3, 0, 0, 1, 14, 4179, 1962, 1.5, 1018.5, 2251.5
1, 126413, 18/11/2018 16:40:02, OTHER_GROUPS, 11.9, 13.5, 9608.8, 0, 0, 0, 15, 480, 6329, 4031, 1.6, 1147.4, 1890.6
1, 126414, 18/11/2018 17:00:08, OTHER_GROUPS, 6.9, 17.7, 12795.4, 9, 0, 0, 0, 0, 4694, 2046, 1.8, 1129.3, 1565.6
1, 126415, 18/11/2018 17:20:10, OTHER_GROUPS, 6.5, 8.3, 11664, 0.4, 0, 0, 0, 0, 4939, 1601, 1.4, 1103.7, 1530.6
1, 126416, 18/11/2018 17:40:13, OTHER_GROUPS, 6.6, 11.7, 13177.6, 4, 0, 0, 0, 0, 4548, 1587, 1.1, 978.2, 1390.2
1, 126417, 18/11/2018 18:00:01, OTHER_GROUPS, 6.9, 20.4, 13396.7, 12, 0, 0, 0, 0, 4901, 2108, 1.5, 1134.1, 1533.8
1, 126418, 18/11/2018 18:20:08, OTHER_GROUPS, 6.7, 8.8, 12120.9, 0.8, 0, 0, 0, 0, 5772, 1940, 1.3, 1179.5, 1509.5
1, 126419, 18/11/2018 18:40:11, OTHER_GROUPS, 7.3, 10.4, 12804, 1.8, 0, 0, 0, 0, 5196, 3033, 1.3, 1003.6, 1435.6
1, 126420, 18/11/2018 19:00:10, OTHER_GROUPS, 7.1, 11.4, 12225.3, 2.3, 0, 0, 0, 0, 5374, 2350, 2, 975.5, 1859.9
1, 126421, 18/11/2018 19:20:20, OTHER_GROUPS, 6.9, 25.5, 14591.7, 17.4, 0, 0, 0, 0, 6410, 2178, 1.2, 1223.8, 1405.5
1, 126422, 18/11/2018 19:40:05, OTHER_GROUPS, 6.6, 18.3, 13755.6, 10.5, 0, 0, 0, 0, 4820, 2170, 1.2, 1019.9, 1423.8
1, 126423, 18/11/2018 20:00:30, OTHER_GROUPS, 7.3, 23.4, 14203.8, 14.3, 0, 0, 2, 32, 5361, 3112, 1.8, 2283.1, 1442.4
1, 126424, 18/11/2018 20:20:10, OTHER_GROUPS, 6.9, 14.3, 11594.4, 5.7, 0, 0, 0, 0, 4215, 2962, 1.7, 804.4, 1315
1, 126425, 18/11/2018 20:40:23, OTHER_GROUPS, 6.6, 13.3, 12745.1, 5.1, 0, 0, 0, 0, 5114, 2648, 1.6, 695, 1207.3
1, 126426, 18/11/2018 21:00:33, OTHER_GROUPS, 7.3, 14.6, 13078.5, 4.9, 0, 0, 0, 0, 4296, 3013, 2.4, 701.5, 1035.1
1, 126427, 18/11/2018 21:20:03, OTHER_GROUPS, 8, 14.4, 12487.2, 5.5, 0, 0, 0, 0, 4738, 3864, 0.9, 521.6, 957.1
1, 126428, 18/11/2018 21:40:09, OTHER_GROUPS, 8, 12.5, 11749.5, 3.5, 0, 0, 0, 0, 5126, 3533, 1, 638.8, 1213
1, 126429, 18/11/2018 22:00:14, OTHER_GROUPS, 9.4, 17.6, 14104.4, 6.3, 0, 0, 0, 0, 5091, 5189, 1.9, 629.8, 1456.1
1, 126430, 18/11/2018 22:20:19, OTHER_GROUPS, 11, 19.2, 13056.5, 6, 0, 0, 0, 0, 5375, 7804, 2.2, 621.2, 1858.7
1, 126431, 18/11/2018 22:40:08, OTHER_GROUPS, 11.2, 17.7, 12716.9, 4.1, 0, 0, 0, 0, 5856, 8957, 2.4, 717.3, 1758.6
1, 126432, 18/11/2018 23:00:21, OTHER_GROUPS, 11, 21.9, 11228.8, 8.1, 0, 0, 0, 0, 2596, 12023, 2.8, 511.4, 7103.3
1, 126433, 18/11/2018 23:20:00, OTHER_GROUPS, 9.9, 21.1, 10678.8, 8.1, 0, 0, 1, 64, 5540, 12102, 3.1, 663, 20930.3
1, 126434, 18/11/2018 23:40:01, OTHER_GROUPS, 4.4, 9, 6854.1, 3.7, 0, 0, 0, 0, 725, 3468, 0.9, 30.5, 805.9
2, 126363, 18/11/2018 00:00:09, ADW_UNLOAD_GROUP, 0, 0, 0, 0, 0, 0, 0, 0, 464, 1, 0, 0, 0
2, 126364, 18/11/2018 00:20:21, ADW_UNLOAD_GROUP, 0, 0, 0.2, 0, 0, 0, 0, 0, 361, 0, 0, 0, 0
2, 126365, 18/11/2018 00:40:02, ADW_UNLOAD_GROUP, 0, 0, 0, 0, 0, 0, 0, 0, 431, 1, 0, 0, 0
2, 126366, 18/11/2018 01:00:04, ADW_UNLOAD_GROUP, 0, 0, 0, 0, 0, 0, 0, 0, 381, 0, 0, 0, 0
2, 126367, 18/11/2018 01:20:10, ADW_UNLOAD_GROUP, 11.6, 13.7, 3247.7, 1.3, 58, 0.5, 64, 1830, 3317, 8196, 0.8, 7169.4, 695.4
2, 126368, 18/11/2018 01:40:08, ADW_UNLOAD_GROUP, 25.5, 26.2, 7958.5, 0, 53, 0.6, 101, 2758, 5817, 18191, 0.7, 17677, 900.2
2, 126369, 18/11/2018 02:00:19, ADW_UNLOAD_GROUP, 0.2, 0.8, 99.7, 0.2, 0, 0, 15, 404, 935, 37, 0.4, 1355, 107.5
2, 126370, 18/11/2018 02:20:11, ADW_UNLOAD_GROUP, 0.1, 0.1, 48.3, 0, 0, 0, 6, 120, 721, 11, 0, 15.7, 17.8
2, 126371, 18/11/2018 02:40:24, ADW_UNLOAD_GROUP, 0, 0.1, 0.4, 0.1, 0, 0, 2, 48, 558, 1, 0, 76.1, 45.3
2, 126372, 18/11/2018 03:00:19, ADW_UNLOAD_GROUP, 0, 0, 0, 0, 0, 0, 0, 0, 456, 0, 0, 0, 0
2, 126373, 18/11/2018 03:20:05, ADW_UNLOAD_GROUP, 0, 0, 0, 0, 0, 0, 0, 0, 443, 0, 0, 0, 0
2, 126374, 18/11/2018 03:40:26, ADW_UNLOAD_GROUP, 0, 0, 0, 0, 0, 0, 0, 0, 403, 0, 0, 0, 0
2, 126375, 18/11/2018 04:00:23, ADW_UNLOAD_GROUP, 0, 0, 0, 0, 0, 0, 0, 0, 357, 0, 0, 0, 0
2, 126376, 18/11/2018 04:20:04, ADW_UNLOAD_GROUP, 0, 0, 0, 0, 0, 0, 0, 0, 401, 0, 0, 0, 0
2, 126377, 18/11/2018 04:40:07, ADW_UNLOAD_GROUP, 0, 0, 0, 0, 0, 0, 0, 0, 418, 0, 0, 0, 0
2, 126378, 18/11/2018 05:00:12, ADW_UNLOAD_GROUP, 0, 0, 0, 0, 0, 0, 0, 0, 430, 0, 0, 0, 0
2, 126379, 18/11/2018 05:20:13, ADW_UNLOAD_GROUP, 0, 0.1, 0.2, 0.1, 0, 0, 0, 0, 402, 0, 0, 0, 0
2, 126380, 18/11/2018 05:40:22, ADW_UNLOAD_GROUP, 0, 0, 0, 0, 0, 0, 0, 0, 424, 0, 0, 0, 0
2, 126381, 18/11/2018 06:00:08, ADW_UNLOAD_GROUP, 31, 38.4, 51997.6, 5.1, 1, 0, 0, 0, 792, 26814, 2.3, 1783.5, 4765.6
2, 126382, 18/11/2018 06:20:03, ADW_UNLOAD_GROUP, 35.5, 37.8, 57068.9, 0.1, 0, 0, 2, 56, 449, 22101, 2.2, 749.2, 3942.8
2, 126383, 18/11/2018 06:40:09, ADW_UNLOAD_GROUP, 31.7, 34.9, 57344.3, 1.3, 0, 0, 0, 0, 397, 16057, 1.9, 638, 3592.4
2, 126414, 18/11/2018 17:00:08, ADW_UNLOAD_GROUP, 0, 0, 0.1, 0, 0, 0, 0, 0, 788, 0, 0, 0, 0
2, 126415, 18/11/2018 17:20:10, ADW_UNLOAD_GROUP, 0.5, 0.6, 5.3, 0, 0, 0, 311, 2428, 3124, 31, 0.1, 36.9, 76.2
2, 126416, 18/11/2018 17:40:13, ADW_UNLOAD_GROUP, 0.8, 0.9, 65.3, 0, 0, 0, 272, 2112, 2715, 47, 0.1, 90.1, 212
2, 126417, 18/11/2018 18:00:01, ADW_UNLOAD_GROUP, 0.4, 0.6, 14.3, 0, 0, 0, 186, 1404, 2113, 17, 0.2, 31.8, 131.8
2, 126418, 18/11/2018 18:20:08, ADW_UNLOAD_GROUP, 0.9, 1.1, 20.3, 0, 0, 0, 341, 2672, 3326, 68, 0.2, 142.4, 293.2
2, 126419, 18/11/2018 18:40:11, ADW_UNLOAD_GROUP, 0.9, 1, 437.3, 0, 0, 0, 10, 72, 742, 98, 0.1, 109, 53.9
2, 126420, 18/11/2018 19:00:10, ADW_UNLOAD_GROUP, 0.3, 0.4, 14.1, 0, 0, 0, 290, 2280, 3023, 14, 0.1, 28.5, 431
2, 126422, 18/11/2018 19:40:05, ADW_UNLOAD_GROUP, 0, 0, 0.2, 0, 0, 0, 0, 0, 798, 0, 0, 0.1, 4.8
2, 126423, 18/11/2018 20:00:30, ADW_UNLOAD_GROUP, 0, 0, 0, 0, 0, 0, 0, 0, 423, 0, 0, 0, 0
2, 126424, 18/11/2018 20:20:10, ADW_UNLOAD_GROUP, 0, 0, 0, 0, 0, 0, 0, 0, 61, 2, 0, 0, 0
2, 126425, 18/11/2018 20:40:23, ADW_UNLOAD_GROUP, 0, 0, 0, 0, 0, 0, 0, 0, 66, 0, 0, 0, 0
2, 126427, 18/11/2018 21:20:03, ADW_UNLOAD_GROUP, 0, 0, 0, 0, 0, 0, 0, 0, 61, 0, 0, 0, 0
2, 126429, 18/11/2018 22:00:14, ADW_UNLOAD_GROUP, 0.5, 0.6, 487.8, 0.1, 0, 0, 0, 0, 125, 51, 0, 1.3, 1.5
2, 126430, 18/11/2018 22:20:19, ADW_UNLOAD_GROUP, 2.4, 3.1, 587.6, 0, 0, 0, 31, 952, 1066, 673, 0.7, 780.5, 139.5
2, 126431, 18/11/2018 22:40:08, ADW_UNLOAD_GROUP, 0.8, 0.8, 166, 0, 0, 0, 19, 576, 605, 225, 0, 19, 26.6
2, 126432, 18/11/2018 23:00:21, ADW_UNLOAD_GROUP, 0.1, 0.1, 12.2, 0, 0, 0, 1, 8, 80, 2, 0, 1.4, 1.9
2, 126433, 18/11/2018 23:20:00, ADW_UNLOAD_GROUP, 0, 0, 0, 0, 0, 0, 0, 0, 61, 0, 0, 0, 0
2, 126434, 18/11/2018 23:40:01, ADW_UNLOAD_GROUP, 0, 0, 0.5, 0, 0, 0, 0, 0, 63, 1, 0, 0.1, 7.5
2, 126363, 18/11/2018 00:00:09, FP_DM_PRIOR, 5.3, 18.7, 1894.5, 7.2, 0, 0, 0, 0, 110, 3145, 6.2, 348.5, 20673.2
2, 126364, 18/11/2018 00:20:21, FP_DM_PRIOR, 5.3, 21.4, 2120.9, 10.2, 0, 0, 0, 0, 0, 3124, 5.9, 362.2, 20196.5
2, 126365, 18/11/2018 00:40:02, FP_DM_PRIOR, 5, 15, 1542.3, 5.6, 0, 0, 3, 96, 96, 2587, 4.4, 294.4, 17417.6
2, 126366, 18/11/2018 01:00:04, FP_DM_PRIOR, 3.9, 13.8, 1510.5, 6.7, 0, 0, 1, 32, 0, 1673, 3.2, 197.5, 10692.9
2, 126367, 18/11/2018 01:20:10, FP_DM_PRIOR, 3.9, 13.4, 1516.6, 6.3, 0, 0, 5, 160, 160, 1713, 3.2, 185.3, 8020.9
2, 126368, 18/11/2018 01:40:08, FP_DM_PRIOR, 3.7, 9.9, 1235.3, 3.5, 0, 0, 2, 64, 64, 1838, 2.7, 144.4, 5350.4
2, 126369, 18/11/2018 02:00:19, FP_DM_PRIOR, 3.4, 12.5, 1418.5, 5.7, 0, 0, 0, 0, 0, 1536, 3.4, 259.3, 9011
2, 126370, 18/11/2018 02:20:11, FP_DM_PRIOR, 3, 12.5, 1415.2, 5.9, 0, 0, 0, 0, 0, 1407, 3.6, 233.6, 8427.3
2, 126371, 18/11/2018 02:40:24, FP_DM_PRIOR, 3.5, 13.9, 2007.7, 6.9, 0, 0, 15, 432, 515, 1029, 3.5, 208.2, 9652.2
2, 126372, 18/11/2018 03:00:19, FP_DM_PRIOR, 4.1, 14, 2647.5, 7.2, 0, 0, 17, 34, 58, 1722, 2.7, 260.7, 10645.3
2, 126373, 18/11/2018 03:20:05, FP_DM_PRIOR, 4.2, 13.4, 1468, 6.3, 0, 0, 15, 416, 340, 2257, 2.9, 344.8, 11807.9
2, 126374, 18/11/2018 03:40:26, FP_DM_PRIOR, 3.7, 12.8, 1417.3, 6.4, 0, 0, 0, 0, 8, 1820, 2.7, 318.2, 12408.2
2, 126375, 18/11/2018 04:00:23, FP_DM_PRIOR, 3.1, 10.9, 1275, 5.6, 0, 0, 1, 32, 0, 1345, 2.2, 224.9, 7445.4
2, 126376, 18/11/2018 04:20:04, FP_DM_PRIOR, 2.4, 6.7, 959, 4.1, 0, 0, 0, 0, 0, 1154, 0.2, 72.9, 286.9
2, 126377, 18/11/2018 04:40:07, FP_DM_PRIOR, 3.3, 9.5, 1167.8, 5.1, 0, 0, 1, 16, 36, 1730, 1.1, 123.7, 4281.6
2, 126378, 18/11/2018 05:00:12, FP_DM_PRIOR, 1.7, 11.6, 1210.7, 4.8, 0, 0, 0, 0, 0, 683, 5.1, 69, 3401.6
2, 126379, 18/11/2018 05:20:13, FP_DM_PRIOR, 4, 12.5, 1486.2, 5.2, 0, 0, 0, 0, 0, 1894, 3.3, 193.8, 10151.4
2, 126380, 18/11/2018 05:40:22, FP_DM_PRIOR, 3.5, 10.6, 1301.5, 5, 0, 0, 0, 0, 0, 1602, 2.1, 143.5, 6579
2, 126381, 18/11/2018 06:00:08, FP_DM_PRIOR, 2.3, 6.4, 745.6, 4, 0, 0, 2, 64, 134, 1113, 0.1, 39.1, 60.3
2, 126382, 18/11/2018 06:20:03, FP_DM_PRIOR, 2.9, 6.2, 630, 3.2, 0, 0, 0, 0, 0, 1221, 0.1, 50.8, 54
2, 126383, 18/11/2018 06:40:09, FP_DM_PRIOR, 2.8, 6.5, 670.2, 3.6, 0, 0, 0, 0, 0, 1063, 0.1, 52.4, 54.5
2, 126414, 18/11/2018 17:00:08, FP_DM_PRIOR, 1.9, 6.6, 732.1, 4.4, 0, 0, 0, 0, 0, 687, 0.3, 73.5, 222.1
2, 126415, 18/11/2018 17:20:10, FP_DM_PRIOR, 2.4, 6.5, 731.9, 4, 0, 0, 0, 0, 1, 828, 0.1, 90.7, 146.2
2, 126416, 18/11/2018 17:40:13, FP_DM_PRIOR, 2.4, 6.5, 735.4, 4, 0, 0, 0, 0, 4, 884, 0.1, 95.6, 138.3
2, 126417, 18/11/2018 18:00:01, FP_DM_PRIOR, 1.9, 6.2, 726.9, 4.2, 0, 0, 0, 0, 0, 742, 0.1, 79.1, 80
2, 126418, 18/11/2018 18:20:08, FP_DM_PRIOR, 2.2, 6.3, 735, 4, 0, 0, 0, 0, 0, 838, 0.1, 87.6, 88.7
2, 126419, 18/11/2018 18:40:11, FP_DM_PRIOR, 2.2, 6.3, 732.1, 4, 0, 0, 0, 0, 0, 820, 0.1, 91.3, 92.2
2, 126420, 18/11/2018 19:00:10, FP_DM_PRIOR, 2.1, 6.2, 730.8, 4, 0, 0, 0, 0, 0, 802, 0.1, 92.9, 93.8
2, 126422, 18/11/2018 19:40:05, FP_DM_PRIOR, 2.2, 6.3, 734.2, 4, 0, 0, 0, 0, 0, 799, 0.1, 96.6, 97.6
2, 126423, 18/11/2018 20:00:30, FP_DM_PRIOR, 5.8, 21.5, 7546.9, 13.2, 0, 0, 75, 2000, 2073, 3216, 2.5, 466.3, 6998.7
2, 126424, 18/11/2018 20:20:10, FP_DM_PRIOR, 8.2, 17.3, 12889.5, 6.1, 0, 0, 28, 379, 308, 5067, 3, 476.4, 11532.7
2, 126425, 18/11/2018 20:40:23, FP_DM_PRIOR, 3.4, 9.2, 876.7, 5, 0, 0, 7, 163, 209, 1595, 0.8, 140.3, 2854.1
2, 126426, 18/11/2018 21:00:33, FP_DM_PRIOR, 3.7, 12.9, 1641.7, 7.6, 0, 0, 0, 0, 1, 1752, 1.6, 153.8, 5530.7
2, 126427, 18/11/2018 21:20:03, FP_DM_PRIOR, 3.9, 12.6, 1143.1, 7.5, 0, 0, 0, 0, 0, 1882, 1.2, 149.4, 5366.5
2, 126428, 18/11/2018 21:40:09, FP_DM_PRIOR, 3.8, 12.6, 1126.3, 7.3, 0, 0, 0, 0, 11, 1803, 1.5, 155.7, 5307.9
2, 126429, 18/11/2018 22:00:14, FP_DM_PRIOR, 4.3, 13.1, 1162.1, 6.7, 0, 0, 1, 4, 172, 1999, 2.1, 264.3, 10747
2, 126430, 18/11/2018 22:20:19, FP_DM_PRIOR, 4.5, 12.2, 1100.3, 6.3, 0, 0, 0, 0, 1, 2001, 1.4, 256.8, 10868.3
2, 126431, 18/11/2018 22:40:08, FP_DM_PRIOR, 4.6, 12.2, 1472.3, 6.2, 0, 0, 4, 108, 114, 2128, 1.4, 616.5, 9063.5
2, 126432, 18/11/2018 23:00:21, FP_DM_PRIOR, 2.1, 6.6, 757.1, 4.2, 0, 0, 2, 36, 8, 864, 0.3, 107.2, 277.7
2, 126433, 18/11/2018 23:20:00, FP_DM_PRIOR, 2.3, 6.3, 733.3, 3.9, 0, 0, 0, 0, 0, 975, 0.1, 95, 101.3
2, 126434, 18/11/2018 23:40:01, FP_DM_PRIOR, 3.3, 9.1, 1058.9, 5.3, 0, 0, 1, 16, 67, 1818, 0.5, 169.5, 6202
2, 126363, 18/11/2018 00:00:09, HDP_UNLOAD_GROUP, 2.6, 5.8, 7296.4, 3.1, 0, 0, 0, 0, 26, 789, 0.1, 254.1, 31.9
2, 126364, 18/11/2018 00:20:21, HDP_UNLOAD_GROUP, 2.1, 5.9, 8979.4, 3.8, 0, 0, 0, 0, 0, 517, 0, 186.7, 13.3
2, 126365, 18/11/2018 00:40:02, HDP_UNLOAD_GROUP, 2.5, 5.5, 7348.8, 3, 0, 0, 0, 0, 0, 498, 0, 193.9, 11.1
2, 126366, 18/11/2018 01:00:04, HDP_UNLOAD_GROUP, 3, 6.9, 7634.8, 3.9, 0, 0, 0, 0, 0, 405, 0, 170.7, 23.2
2, 126367, 18/11/2018 01:20:10, HDP_UNLOAD_GROUP, 3.7, 6.6, 11608.3, 2.9, 0, 0, 1, 16, 0, 739, 0, 138, 21.7
2, 126368, 18/11/2018 01:40:08, HDP_UNLOAD_GROUP, 3.3, 3.7, 7561.1, 0.4, 0, 0, 0, 0, 0, 884, 0, 52.7, 23.8
2, 126369, 18/11/2018 02:00:19, HDP_UNLOAD_GROUP, 1.5, 1.7, 2434.6, 0.2, 0, 0, 1, 16, 18, 249, 0, 48.5, 19.5
2, 126370, 18/11/2018 02:20:11, HDP_UNLOAD_GROUP, 0.2, 0.2, 232.1, 0, 0, 0, 0, 0, 0, 8, 0, 18.1, 12.5
2, 126371, 18/11/2018 02:40:24, HDP_UNLOAD_GROUP, 0.2, 0.3, 364.7, 0.1, 0, 0, 0, 0, 0, 9, 0, 17.7, 13.2
2, 126372, 18/11/2018 03:00:19, HDP_UNLOAD_GROUP, 0.2, 0.3, 294.6, 0.1, 0, 0, 0, 0, 0, 9, 0, 16.8, 3.5
2, 126373, 18/11/2018 03:20:05, HDP_UNLOAD_GROUP, 0.2, 0.3, 297.6, 0.1, 0, 0, 0, 0, 0, 3, 0, 18.3, 10.5
2, 126374, 18/11/2018 03:40:26, HDP_UNLOAD_GROUP, 0.2, 0.3, 364.2, 0.1, 0, 0, 0, 0, 0, 1, 0, 17.7, 19.4
2, 126375, 18/11/2018 04:00:23, HDP_UNLOAD_GROUP, 0.2, 0.3, 350.9, 0.1, 0, 0, 0, 0, 0, 6, 0, 17.7, 21.7
2, 126376, 18/11/2018 04:20:04, HDP_UNLOAD_GROUP, 0.3, 0.3, 290.4, 0, 0, 0, 0, 0, 0, 14, 0, 18.2, 11.8
2, 126377, 18/11/2018 04:40:07, HDP_UNLOAD_GROUP, 0.3, 0.4, 269.4, 0.1, 0, 0, 0, 0, 0, 19, 0, 18.5, 23
2, 126378, 18/11/2018 05:00:12, HDP_UNLOAD_GROUP, 0.3, 0.4, 419, 0.1, 0, 0, 0, 0, 0, 5, 0, 17.1, 57.2
2, 126379, 18/11/2018 05:20:13, HDP_UNLOAD_GROUP, 0.3, 0.4, 350.3, 0, 0, 0, 0, 0, 0, 10, 0.1, 21.6, 71.6
2, 126380, 18/11/2018 05:40:22, HDP_UNLOAD_GROUP, 0.3, 0.5, 453.8, 0.2, 0, 0, 0, 0, 0, 7, 0, 18.6, 37.2
2, 126381, 18/11/2018 06:00:08, HDP_UNLOAD_GROUP, 0.6, 0.8, 688.8, 0, 0, 0, 0, 0, 101, 37, 0.2, 22.7, 389.5
2, 126382, 18/11/2018 06:20:03, HDP_UNLOAD_GROUP, 0.5, 0.9, 498.2, 0.4, 0, 0, 0, 0, 0, 31, 0, 19.7, 46.4
2, 126383, 18/11/2018 06:40:09, HDP_UNLOAD_GROUP, 0.5, 0.6, 434.8, 0, 0, 0, 0, 0, 0, 36, 0.1, 19.9, 103.4
2, 126414, 18/11/2018 17:00:08, HDP_UNLOAD_GROUP, 0.2, 0.2, 364, 0, 0, 0, 0, 0, 0, 2, 0, 20.4, 5.6
2, 126415, 18/11/2018 17:20:10, HDP_UNLOAD_GROUP, 0.2, 0.3, 327.9, 0.1, 0, 0, 0, 0, 0, 5, 0, 20.2, 13.7
2, 126416, 18/11/2018 17:40:13, HDP_UNLOAD_GROUP, 0.2, 0.3, 345.1, 0.1, 0, 0, 0, 0, 0, 3, 0, 20.9, 15.5
2, 126417, 18/11/2018 18:00:01, HDP_UNLOAD_GROUP, 0.2, 0.3, 519.3, 0.1, 0, 0, 0, 0, 0, 1, 0, 20.2, 11.7
2, 126418, 18/11/2018 18:20:08, HDP_UNLOAD_GROUP, 0.2, 0.3, 372.1, 0.1, 0, 0, 0, 0, 0, 1, 0, 19, 21.6
2, 126419, 18/11/2018 18:40:11, HDP_UNLOAD_GROUP, 0.2, 0.2, 269.1, 0, 0, 0, 0, 0, 0, 1, 0, 19.7, 11.5
2, 126420, 18/11/2018 19:00:10, HDP_UNLOAD_GROUP, 0.2, 0.2, 277.9, 0, 0, 0, 0, 0, 0, 0, 0, 20.4, 10.7
2, 126422, 18/11/2018 19:40:05, HDP_UNLOAD_GROUP, 0.2, 0.3, 420.6, 0.1, 0, 0, 0, 0, 0, 3, 0, 21.3, 20.4
2, 126423, 18/11/2018 20:00:30, HDP_UNLOAD_GROUP, 7, 8.3, 9428.6, 1.3, 0, 0, 12, 96, 198, 2512, 0, 431.9, 43
2, 126424, 18/11/2018 20:20:10, HDP_UNLOAD_GROUP, 10.3, 10.7, 13551.7, 0.4, 0, 0, 0, 0, 0, 3207, 0, 548.9, 0.1
2, 126425, 18/11/2018 20:40:23, HDP_UNLOAD_GROUP, 8.1, 9, 11305.5, 0.9, 0, 0, 0, 0, 0, 2958, 0, 486.5, 0.2
2, 126426, 18/11/2018 21:00:33, HDP_UNLOAD_GROUP, 0.6, 0.8, 8966.2, 0.2, 0, 0, 0, 0, 0, 36, 0, 21.7, 0
2, 126427, 18/11/2018 21:20:03, HDP_UNLOAD_GROUP, 0.6, 0.6, 7898.1, 0, 0, 0, 0, 0, 0, 58, 0, 19.8, 0
2, 126428, 18/11/2018 21:40:09, HDP_UNLOAD_GROUP, 0.6, 0.6, 4498.8, 0, 0, 0, 0, 0, 0, 41, 0, 21.1, 0
2, 126429, 18/11/2018 22:00:14, HDP_UNLOAD_GROUP, 0.6, 0.7, 9879.5, 0.1, 0, 0, 0, 0, 0, 54, 0, 20.9, 0
2, 126430, 18/11/2018 22:20:19, HDP_UNLOAD_GROUP, 0.7, 0.7, 9226.6, 0, 0, 0, 0, 0, 0, 66, 0, 21.1, 0
2, 126431, 18/11/2018 22:40:08, HDP_UNLOAD_GROUP, 0.7, 0.7, 6848.4, 0, 0, 0, 0, 0, 0, 70, 0, 23.6, 0
2, 126432, 18/11/2018 23:00:21, HDP_UNLOAD_GROUP, 0.6, 0.7, 8156.9, 0.1, 0, 0, 0, 0, 0, 58, 0, 21.9, 0
2, 126433, 18/11/2018 23:20:00, HDP_UNLOAD_GROUP, 0.5, 0.6, 6050.1, 0.1, 0, 0, 0, 0, 0, 42, 0, 23.3, 0
2, 126434, 18/11/2018 23:40:01, HDP_UNLOAD_GROUP, 0.6, 0.6, 5036.9, 0, 0, 0, 0, 0, 0, 63, 0, 22.2, 0
2, 126364, 18/11/2018 00:20:21, ODS_SUPPORT_GROUP, 0, 0, 0.9, 0, 0, 0, 0, 0, 7, 0, 0, 0, 0
2, 126365, 18/11/2018 00:40:02, ODS_SUPPORT_GROUP, 0, 0, 1, 0, 0, 0, 0, 0, 8, 0, 0, 0, 0
2, 126366, 18/11/2018 01:00:04, ODS_SUPPORT_GROUP, 0, 0, 0.8, 0, 0, 0, 0, 0, 9, 0, 0, 0, 0
2, 126367, 18/11/2018 01:20:10, ODS_SUPPORT_GROUP, 0, 0, 1.4, 0, 0, 0, 0, 0, 9, 4, 0, 0, 0
2, 126368, 18/11/2018 01:40:08, ODS_SUPPORT_GROUP, 0, 0, 0.7, 0, 0, 0, 0, 0, 9, 7, 0, 0, 0
2, 126369, 18/11/2018 02:00:19, ODS_SUPPORT_GROUP, 0, 0, 1.6, 0, 0, 0, 0, 0, 8, 2, 0, 0, 0
2, 126370, 18/11/2018 02:20:11, ODS_SUPPORT_GROUP, 0, 0, 0.4, 0, 0, 0, 0, 0, 8, 0, 0, 0, 0
2, 126371, 18/11/2018 02:40:24, ODS_SUPPORT_GROUP, 0, 0, 0.5, 0, 0, 0, 0, 0, 8, 0, 0, 0, 0
2, 126372, 18/11/2018 03:00:19, ODS_SUPPORT_GROUP, 0, 0, 0.8, 0, 0, 0, 0, 0, 9, 0, 0, 0, 0
2, 126373, 18/11/2018 03:20:05, ODS_SUPPORT_GROUP, 0, 0, 0.1, 0, 0, 0, 0, 0, 8, 0, 0, 0, 0
2, 126374, 18/11/2018 03:40:26, ODS_SUPPORT_GROUP, 0, 0, 0.3, 0, 0, 0, 0, 0, 8, 0, 0, 0, 0
2, 126375, 18/11/2018 04:00:23, ODS_SUPPORT_GROUP, 0, 0, 0.2, 0, 0, 0, 0, 0, 8, 0, 0, 0, 0
2, 126376, 18/11/2018 04:20:04, ODS_SUPPORT_GROUP, 0, 0, 0.3, 0, 0, 0, 0, 0, 7, 1, 0, 0, 0
2, 126377, 18/11/2018 04:40:07, ODS_SUPPORT_GROUP, 0, 0, 1.6, 0, 0, 0, 0, 0, 9, 2, 0, 0, 0
2, 126379, 18/11/2018 05:20:13, ODS_SUPPORT_GROUP, 0, 0, 1, 0, 0, 0, 0, 0, 7, 0, 0, 0, 0
2, 126380, 18/11/2018 05:40:22, ODS_SUPPORT_GROUP, 0, 0, 0.4, 0, 0, 0, 0, 0, 7, 0, 0, 0, 0
2, 126382, 18/11/2018 06:20:03, ODS_SUPPORT_GROUP, 0, 0, 0, 0, 0, 0, 0, 0, 9, 2, 0, 0, 0
2, 126383, 18/11/2018 06:40:09, ODS_SUPPORT_GROUP, 0, 0, 0.7, 0, 0, 0, 0, 0, 4, 0, 0, 0, 0
2, 126414, 18/11/2018 17:00:08, ODS_SUPPORT_GROUP, 0, 0, 0.5, 0, 0, 0, 0, 0, 10, 0, 0, 0, 0
2, 126415, 18/11/2018 17:20:10, ODS_SUPPORT_GROUP, 0, 0, 0.3, 0, 0, 0, 0, 0, 9, 1, 0, 0, 0
2, 126417, 18/11/2018 18:00:01, ODS_SUPPORT_GROUP, 0, 0, 0.4, 0, 0, 0, 0, 0, 10, 0, 0, 0, 0
2, 126418, 18/11/2018 18:20:08, ODS_SUPPORT_GROUP, 0, 0, 0.5, 0, 0, 0, 0, 0, 10, 0, 0, 0, 0
2, 126420, 18/11/2018 19:00:10, ODS_SUPPORT_GROUP, 0, 0, 0.4, 0, 0, 0, 0, 0, 10, 0, 0, 0, 0
2, 126422, 18/11/2018 19:40:05, ODS_SUPPORT_GROUP, 0, 0, 0.6, 0, 0, 0, 0, 0, 10, 0, 0, 0, 0
2, 126363, 18/11/2018 00:00:09, OTHER_GROUPS, 10.3, 15.3, 14795.9, 2.9, 0, 0, 0, 0, 5440, 5075, 2.1, 1413.3, 682.2
2, 126364, 18/11/2018 00:20:21, OTHER_GROUPS, 9.4, 17.6, 16592.5, 6.3, 0, 0, 0, 0, 5902, 3509, 1.9, 1310.9, 560.6
2, 126365, 18/11/2018 00:40:02, OTHER_GROUPS, 9.5, 12.5, 13073.8, 1.3, 0, 0, 0, 0, 6238, 3263, 1.7, 1280.1, 759.8
2, 126366, 18/11/2018 01:00:04, OTHER_GROUPS, 9.5, 16, 15446.3, 4.1, 0, 0, 0, 0, 6434, 3258, 2.4, 1313.5, 713.5
2, 126367, 18/11/2018 01:20:10, OTHER_GROUPS, 9.8, 16.1, 16185.8, 4.6, 0, 0, 0, 0, 6268, 3814, 1.7, 1135.9, 551
2, 126368, 18/11/2018 01:40:08, OTHER_GROUPS, 10.2, 13.7, 13403.8, 1.8, 0, 0, 0, 0, 7716, 4447, 1.7, 971, 643
2, 126369, 18/11/2018 02:00:19, OTHER_GROUPS, 9.8, 13.6, 15494.4, 1.9, 0, 0, 0, 0, 6973, 4403, 1.9, 1468.3, 693.1
2, 126370, 18/11/2018 02:20:11, OTHER_GROUPS, 9.8, 11.9, 14119, 0.5, 0, 0, 0, 0, 5920, 5075, 1.6, 1415.4, 471.5
2, 126371, 18/11/2018 02:40:24, OTHER_GROUPS, 9.7, 12.1, 14444.4, 0.4, 0, 0, 0, 0, 6447, 4214, 2, 1394.7, 708.2
2, 126372, 18/11/2018 03:00:19, OTHER_GROUPS, 9.4, 13.4, 15866.4, 2.4, 0, 0, 0, 0, 5971, 3537, 1.6, 1311, 701.4
2, 126373, 18/11/2018 03:20:05, OTHER_GROUPS, 9, 11.7, 15124.3, 0.9, 0, 0, 0, 0, 6291, 3089, 1.8, 1309.4, 925.3
2, 126374, 18/11/2018 03:40:26, OTHER_GROUPS, 8.6, 10.8, 13909.8, 0.5, 0, 0, 0, 0, 6469, 2663, 1.7, 1244.6, 875.5
2, 126375, 18/11/2018 04:00:23, OTHER_GROUPS, 10.3, 12.6, 26824.4, 0.6, 0, 0, 0, 0, 7107, 3250, 1.7, 1323.6, 656.5
2, 126376, 18/11/2018 04:20:04, OTHER_GROUPS, 19, 28, 37545.2, 6.3, 0, 0, 0, 0, 6673, 17226, 2.7, 1563.5, 1329.1
2, 126377, 18/11/2018 04:40:07, OTHER_GROUPS, 18.6, 37, 26367.9, 14.1, 0, 0, 0, 0, 5716, 18500, 4.3, 1322.3, 4881.4
2, 126378, 18/11/2018 05:00:12, OTHER_GROUPS, 12.6, 28.2, 14376.5, 3.1, 0, 0, 0, 0, 6101, 9175, 12.5, 1324.2, 3354.8
2, 126379, 18/11/2018 05:20:13, OTHER_GROUPS, 14.2, 27.5, 15998.6, 10.2, 0, 0, 0, 0, 7932, 12726, 3.1, 1248.2, 2805.1
2, 126380, 18/11/2018 05:40:22, OTHER_GROUPS, 13.8, 21.2, 15641, 5.7, 0, 0, 0, 0, 7645, 11939, 1.7, 1570.6, 682.3
2, 126381, 18/11/2018 06:00:08, OTHER_GROUPS, 22.2, 40.7, 17915.8, 16.6, 0, 0, 0, 0, 7644, 21708, 1.9, 969, 806.8
2, 126382, 18/11/2018 06:20:03, OTHER_GROUPS, 20.7, 27.1, 14248.6, 4.8, 0, 0, 0, 0, 7867, 19616, 1.6, 810.1, 687.5
2, 126383, 18/11/2018 06:40:09, OTHER_GROUPS, 20.2, 26.1, 15576.4, 4.2, 0, 0, 0, 0, 8682, 17974, 1.7, 1262.1, 953.9
2, 126384, 18/11/2018 07:00:10, OTHER_GROUPS, 44.2, 56.8, 46590.7, 10.3, 0, 0, 2, 48, 6973, 38110, 2.3, 1831.6, 1735.5
2, 126385, 18/11/2018 07:20:13, OTHER_GROUPS, 22.2, 37.5, 13898.5, 12.6, 0, 0, 3, 94, 6259, 15423, 2.7, 1874.8, 4176.5
2, 126386, 18/11/2018 07:40:19, OTHER_GROUPS, 20.5, 25.7, 13203.7, 1.4, 0, 0, 4, 98, 6913, 10339, 3.8, 1749.7, 7818.8
2, 126387, 18/11/2018 08:00:27, OTHER_GROUPS, 21.7, 33.1, 13730, 5.8, 0, 0, 2, 62, 7336, 17261, 5.6, 1840.4, 8054.2
2, 126388, 18/11/2018 08:20:01, OTHER_GROUPS, 19, 27.9, 12574.6, 4.2, 0, 0, 20, 52, 7035, 13860, 4.7, 5189.9, 13878
2, 126389, 18/11/2018 08:40:21, OTHER_GROUPS, 16, 21.1, 8213.2, 0.9, 1, 0, 23, 111, 7030, 8801, 4.2, 5070.6, 9652.9
2, 126390, 18/11/2018 09:00:07, OTHER_GROUPS, 17.4, 24, 14917.7, 1.7, 0, 0, 2, 64, 6907, 9667, 4.9, 1902.8, 12638.9
2, 126391, 18/11/2018 09:20:31, OTHER_GROUPS, 11.9, 14.5, 4635.9, 0, 0, 0, 2, 64, 6956, 3879, 2.6, 1609.1, 2290.4
2, 126392, 18/11/2018 09:40:16, OTHER_GROUPS, 11.4, 14, 3447.5, 0, 0, 0, 2, 32, 6864, 3794, 2.6, 1727.9, 1980.7
2, 126393, 18/11/2018 10:00:05, OTHER_GROUPS, 11.6, 14, 4873.7, 0, 0, 0, 2, 80, 6472, 3963, 2.4, 1612.2, 1591.9
2, 126394, 18/11/2018 10:20:11, OTHER_GROUPS, 12.1, 14.3, 4044.6, 0, 0, 0, 0, 0, 7739, 5295, 2.2, 1515.3, 1850.4
2, 126395, 18/11/2018 10:40:16, OTHER_GROUPS, 14, 20.2, 3578.6, 0, 0, 0, 1, 14, 8333, 8214, 6.2, 1949.8, 2780.2
2, 126396, 18/11/2018 11:00:04, OTHER_GROUPS, 13.3, 26.4, 6171.7, 8.3, 0, 0, 4, 32, 6579, 6014, 4.8, 1700.6, 2098.8
2, 126397, 18/11/2018 11:20:07, OTHER_GROUPS, 14.1, 17, 4197.4, 0, 0, 0, 0, 0, 6508, 6442, 2.9, 1461.2, 1577.5
2, 126398, 18/11/2018 11:40:10, OTHER_GROUPS, 12.1, 14.3, 4993.4, 0, 0, 0, 12, 96, 5664, 5270, 2.2, 1171.8, 1400.3
2, 126399, 18/11/2018 12:00:05, OTHER_GROUPS, 11.7, 14.3, 4974.6, 0.3, 0, 0, 5, 36, 6795, 5093, 2.3, 1382, 1550.2
2, 126400, 18/11/2018 12:20:08, OTHER_GROUPS, 13.6, 16.3, 5893.6, 1, 0, 0, 2, 48, 6337, 5082, 1.7, 1720, 1109.3
2, 126401, 18/11/2018 12:40:02, OTHER_GROUPS, 11.2, 13.2, 3633.5, 0, 0, 0, 0, 0, 7252, 4225, 2, 1842.1, 1714.2
2, 126402, 18/11/2018 13:00:15, OTHER_GROUPS, 11.7, 14, 4527.9, 0, 0, 0, 0, 0, 6806, 5493, 2.3, 1664.6, 1573.2
2, 126403, 18/11/2018 13:20:15, OTHER_GROUPS, 10.9, 13.1, 5183.7, 0, 0, 0, 0, 0, 7660, 3742, 2.2, 1596.4, 1565.3
2, 126404, 18/11/2018 13:40:02, OTHER_GROUPS, 11.1, 13.1, 4289.9, 0, 0, 0, 0, 0, 7004, 4717, 2, 1464.3, 1359.4
2, 126405, 18/11/2018 14:00:06, OTHER_GROUPS, 10.5, 12.8, 3898.4, 0, 0, 0, 0, 0, 7124, 4163, 2.3, 1671.3, 1837.2
2, 126406, 18/11/2018 14:20:34, OTHER_GROUPS, 10.8, 13.3, 4942.6, 0, 0, 0, 0, 0, 7889, 4155, 2.5, 1750.9, 1554.9
2, 126407, 18/11/2018 14:40:43, OTHER_GROUPS, 10.4, 13.2, 3526.8, 0.7, 0, 0, 0, 0, 7137, 3101, 2.1, 1857.1, 1271.6
2, 126408, 18/11/2018 15:00:15, OTHER_GROUPS, 10.4, 12.3, 3613, 0, 0, 0, 0, 0, 6654, 3219, 1.9, 1567.1, 1509.6
2, 126409, 18/11/2018 15:20:05, OTHER_GROUPS, 10.3, 12, 4526.4, 0, 0, 0, 0, 0, 9549, 3769, 1.7, 2413.6, 1523.9
2, 126410, 18/11/2018 15:40:23, OTHER_GROUPS, 10.5, 12.5, 2667.4, 0, 0, 0, 0, 0, 7592, 3346, 2, 1779.4, 1226.3
2, 126411, 18/11/2018 16:00:04, OTHER_GROUPS, 11, 13.3, 3511.2, 0, 0, 0, 0, 0, 7791, 4461, 2.3, 1842.1, 1416.7
2, 126412, 18/11/2018 16:20:16, OTHER_GROUPS, 10.6, 12.1, 3333.8, 0, 0, 0, 0, 0, 6500, 3883, 1.5, 1470.6, 828.3
2, 126413, 18/11/2018 16:40:02, OTHER_GROUPS, 10.5, 12.3, 3001.2, 0, 0, 0, 0, 0, 8428, 3603, 1.8, 1535.8, 1369.3
2, 126414, 18/11/2018 17:00:08, OTHER_GROUPS, 8.6, 13.6, 16630.1, 3, 0, 0, 0, 0, 6644, 2342, 2, 1551.2, 1059
2, 126415, 18/11/2018 17:20:10, OTHER_GROUPS, 8.5, 10.7, 13701.7, 0, 0, 0, 0, 0, 7005, 2322, 2.2, 1483.9, 1293
2, 126416, 18/11/2018 17:40:13, OTHER_GROUPS, 8.4, 10.7, 14685.7, 0.2, 0, 0, 0, 0, 6490, 2066, 2.1, 1531.8, 904.9
2, 126417, 18/11/2018 18:00:01, OTHER_GROUPS, 8, 11.7, 15036.4, 1.8, 0, 0, 0, 0, 6775, 1556, 1.9, 1611.4, 774.5
2, 126418, 18/11/2018 18:20:08, OTHER_GROUPS, 8.2, 10.2, 13866, 0, 0, 0, 0, 0, 8077, 1893, 2, 1703.8, 817.6
2, 126419, 18/11/2018 18:40:11, OTHER_GROUPS, 8.3, 10.4, 14539, 0, 0, 0, 0, 0, 7307, 2041, 2.1, 1601.7, 760.1
2, 126420, 18/11/2018 19:00:10, OTHER_GROUPS, 7.8, 9.7, 14000.7, 0, 0, 0, 0, 0, 7690, 1172, 1.9, 1598.8, 890.8
2, 126421, 18/11/2018 19:20:20, OTHER_GROUPS, 7.9, 15.5, 14579.5, 5.9, 0, 0, 0, 0, 8518, 1239, 1.7, 1800.3, 486.4
2, 126422, 18/11/2018 19:40:05, OTHER_GROUPS, 8.2, 11.4, 14927.4, 1.4, 0, 0, 0, 0, 6830, 1465, 1.8, 1429.1, 688.9
2, 126423, 18/11/2018 20:00:30, OTHER_GROUPS, 11.2, 17.5, 16251.5, 4.8, 0, 0, 0, 0, 7661, 4998, 1.5, 1375.4, 606
2, 126424, 18/11/2018 20:20:10, OTHER_GROUPS, 9.8, 12, 13307.6, 0.8, 0, 0, 0, 0, 5886, 4516, 1.4, 1003.7, 617.9
2, 126425, 18/11/2018 20:40:23, OTHER_GROUPS, 8.8, 10.6, 13849.6, 0.5, 0, 0, 0, 0, 7188, 2981, 1.3, 1298.9, 665.9
2, 126426, 18/11/2018 21:00:33, OTHER_GROUPS, 9.7, 12.2, 15558, 0.9, 0, 0, 0, 0, 6007, 4654, 1.6, 1257.8, 685.8
2, 126427, 18/11/2018 21:20:03, OTHER_GROUPS, 11.6, 15.1, 14947.6, 2.2, 0, 0, 0, 0, 6580, 7713, 1.3, 1262.4, 868.2
2, 126428, 18/11/2018 21:40:09, OTHER_GROUPS, 11.3, 13.9, 14346.6, 1.2, 0, 0, 0, 0, 7024, 7263, 1.4, 1639.2, 602.5
2, 126429, 18/11/2018 22:00:14, OTHER_GROUPS, 11.9, 16.3, 16205.5, 3, 0, 0, 0, 0, 7129, 7662, 1.4, 1327.8, 674.1
2, 126430, 18/11/2018 22:20:19, OTHER_GROUPS, 10.6, 14.3, 14901.1, 2.2, 0, 0, 0, 0, 7510, 5400, 1.5, 1393.9, 796.1
2, 126431, 18/11/2018 22:40:08, OTHER_GROUPS, 11.2, 14.1, 14948.1, 0.8, 0, 0, 0, 0, 8359, 7697, 2.1, 1517, 1178.8
2, 126432, 18/11/2018 23:00:21, OTHER_GROUPS, 6.6, 12.8, 9893.7, 4.5, 0, 0, 0, 0, 3114, 6398, 1.7, 533.6, 3421.4
2, 126433, 18/11/2018 23:20:00, OTHER_GROUPS, 4.7, 9, 5300.4, 2.8, 0, 0, 0, 0, 7939, 4990, 1.5, 37, 1573.7
2, 126434, 18/11/2018 23:40:01, OTHER_GROUPS, 4.7, 8.9, 6879.9, 3.2, 0, 0, 0, 0, 683, 4674, 1, 30.8, 832.7
3, 126363, 18/11/2018 00:00:08, ADW_UNLOAD_GROUP, 0, 0, 0, 0, 0, 0, 0, 0, 51, 0, 0, 0, 0
3, 126364, 18/11/2018 00:20:21, ADW_UNLOAD_GROUP, 0, 0, 0, 0, 0, 0, 0, 0, 57, 0, 0, 0, 0
3, 126365, 18/11/2018 00:40:03, ADW_UNLOAD_GROUP, 0, 0, 0, 0, 0, 0, 0, 0, 46, 1, 0, 0, 0
3, 126367, 18/11/2018 01:20:13, ADW_UNLOAD_GROUP, 0, 0, 0, 0, 0, 0, 0, 0, 46, 2, 0, 0, 0
3, 126369, 18/11/2018 02:00:19, ADW_UNLOAD_GROUP, 0, 0, 0, 0, 0, 0, 0, 0, 51, 0, 0, 0, 0
3, 126370, 18/11/2018 02:20:11, ADW_UNLOAD_GROUP, 0, 0, 0, 0, 0, 0, 0, 0, 57, 0, 0, 0, 0
3, 126373, 18/11/2018 03:20:05, ADW_UNLOAD_GROUP, 0, 0, 0, 0, 0, 0, 0, 0, 56, 1, 0, 0, 0
3, 126374, 18/11/2018 03:40:26, ADW_UNLOAD_GROUP, 0, 0.1, 0.9, 0.1, 0, 0, 0, 0, 49, 6, 0, 0.2, 22.5
3, 126376, 18/11/2018 04:20:04, ADW_UNLOAD_GROUP, 0, 0, 0, 0, 0, 0, 0, 0, 52, 1, 0, 0, 0
3, 126377, 18/11/2018 04:40:07, ADW_UNLOAD_GROUP, 0, 0, 0, 0, 0, 0, 0, 0, 54, 0, 0, 0, 0
3, 126378, 18/11/2018 05:00:12, ADW_UNLOAD_GROUP, 0, 0, 0, 0, 0, 0, 0, 0, 49, 2, 0, 0, 0
3, 126379, 18/11/2018 05:20:13, ADW_UNLOAD_GROUP, 0, 0, 0, 0, 0, 0, 0, 0, 51, 1, 0, 0, 0
3, 126380, 18/11/2018 05:40:22, ADW_UNLOAD_GROUP, 0, 0, 0, 0, 0, 0, 0, 0, 52, 0, 0, 0, 0
3, 126381, 18/11/2018 06:00:08, ADW_UNLOAD_GROUP, 0, 0, 0, 0, 0, 0, 0, 0, 50, 4, 0, 0, 0
3, 126382, 18/11/2018 06:20:03, ADW_UNLOAD_GROUP, 0, 0, 0, 0, 0, 0, 0, 0, 52, 1, 0, 0, 0
3, 126414, 18/11/2018 17:00:08, ADW_UNLOAD_GROUP, 0, 0, 0, 0, 0, 0, 0, 0, 52, 3, 0, 0, 0
3, 126415, 18/11/2018 17:20:10, ADW_UNLOAD_GROUP, 0, 0, 0, 0, 0, 0, 0, 0, 51, 0, 0, 0, 0
3, 126417, 18/11/2018 18:00:01, ADW_UNLOAD_GROUP, 0.2, 0.4, 253.8, 0.1, 0, 0, 1, 2, 73, 55, 0.1, 14.3, 12.8
3, 126418, 18/11/2018 18:20:08, ADW_UNLOAD_GROUP, 0, 0, 0, 0, 0, 0, 0, 0, 52, 0, 0, 0, 0
3, 126420, 18/11/2018 19:00:10, ADW_UNLOAD_GROUP, 0, 0, 0, 0, 0, 0, 0, 0, 52, 0, 0, 0, 0
3, 126424, 18/11/2018 20:20:10, ADW_UNLOAD_GROUP, 0, 0, 0, 0, 0, 0, 0, 0, 50, 0, 0, 0, 0
3, 126425, 18/11/2018 20:40:22, ADW_UNLOAD_GROUP, 0, 0, 0, 0, 0, 0, 0, 0, 53, 0, 0, 0, 0
3, 126426, 18/11/2018 21:00:33, ADW_UNLOAD_GROUP, 0, 0, 0, 0, 0, 0, 0, 0, 47, 0, 0, 0, 0
3, 126430, 18/11/2018 22:20:19, ADW_UNLOAD_GROUP, 0, 0, 0, 0, 0, 0, 0, 0, 52, 0, 0, 0, 0
3, 126431, 18/11/2018 22:40:08, ADW_UNLOAD_GROUP, 0, 0, 0, 0, 0, 0, 0, 0, 51, 0, 0, 0, 0
3, 126363, 18/11/2018 00:00:08, DM_TECH_GROUP, 2, 4.5, 965.3, 1, 0, 0, 201, 2952, 2944, 465, 1.5, 493.2, 2198.9
3, 126364, 18/11/2018 00:20:21, DM_TECH_GROUP, 7.7, 27.9, 16874.6, 15.8, 0, 0, 377, 5352, 5961, 8099, 4.4, 2514.3, 4504.2
3, 126365, 18/11/2018 00:40:03, DM_TECH_GROUP, 21.8, 70.2, 52895.4, 39.7, 0, 0, 196, 2950, 3568, 54506, 8.7, 3442.1, 4067.2
3, 126366, 18/11/2018 01:00:04, DM_TECH_GROUP, 22.5, 58.5, 44791.4, 30.5, 0, 0, 104, 1604, 1852, 49854, 5.5, 1832.5, 2438.6
3, 126367, 18/11/2018 01:20:13, DM_TECH_GROUP, 21.7, 45.4, 32167.8, 18.2, 0, 0, 104, 1524, 1965, 22376, 5.5, 1736.5, 2023.7
3, 126368, 18/11/2018 01:40:08, DM_TECH_GROUP, 22.1, 42.8, 41119.2, 17.5, 0, 0, 50, 740, 857, 24509, 3.2, 1609.1, 1535.6
3, 126369, 18/11/2018 02:00:19, DM_TECH_GROUP, 22.4, 46.1, 38886.4, 22.5, 0, 0, 18, 280, 306, 40483, 1.2, 1010, 464.5
3, 126370, 18/11/2018 02:20:11, DM_TECH_GROUP, 21.9, 40.8, 31069.1, 17.3, 0, 0, 1, 12, 0, 28812, 1.6, 1271.4, 1533.4
3, 126371, 18/11/2018 02:40:24, DM_TECH_GROUP, 20.6, 35, 32647.9, 11.7, 0, 0, 38, 568, 689, 11252, 2.7, 1305.4, 3387.4
3, 126372, 18/11/2018 03:00:19, DM_TECH_GROUP, 18.5, 28.3, 13939.2, 7.9, 0, 0, 7, 112, 161, 7427, 1.9, 726.3, 2811.3
3, 126373, 18/11/2018 03:20:05, DM_TECH_GROUP, 19.8, 28.7, 21513.1, 7, 0, 0, 7, 94, 160, 11346, 1.9, 743.1, 2889.8
3, 126374, 18/11/2018 03:40:26, DM_TECH_GROUP, 13, 20.7, 15120.5, 6.5, 0, 0, 6, 96, 96, 4399, 1.2, 716.2, 2283.4
3, 126375, 18/11/2018 04:00:23, DM_TECH_GROUP, 12.1, 21.1, 29002.5, 8.7, 0, 0, 3, 48, 50, 3326, 0.3, 1147.8, 455.6
3, 126376, 18/11/2018 04:20:04, DM_TECH_GROUP, 11.1, 18.9, 16099.6, 7.4, 0, 0, 11, 168, 192, 4419, 0.4, 757.1, 683.8
3, 126377, 18/11/2018 04:40:07, DM_TECH_GROUP, 10.8, 16.9, 8896.5, 5.9, 0, 0, 96, 1440, 1648, 5120, 0.2, 784.9, 69.6
3, 126378, 18/11/2018 05:00:12, DM_TECH_GROUP, 6.9, 32, 8014.3, 9.4, 0, 0, 344, 4931, 4924, 2756, 15.7, 1287.7, 4287.6
3, 126379, 18/11/2018 05:20:13, DM_TECH_GROUP, 9.9, 14.6, 6233.7, 0, 0, 0, 462, 6468, 6502, 3520, 4.7, 1278.6, 8748
3, 126380, 18/11/2018 05:40:22, DM_TECH_GROUP, 9.7, 23.8, 6449.6, 11.1, 0, 0, 58, 904, 983, 4903, 3, 555.1, 4718.1
3, 126381, 18/11/2018 06:00:08, DM_TECH_GROUP, 11.1, 19.7, 6273.1, 2.5, 0, 0, 25, 306, 404, 5831, 6.1, 507.3, 9519
3, 126382, 18/11/2018 06:20:03, DM_TECH_GROUP, 7.3, 10.3, 6988.2, 1.1, 0, 0, 26, 324, 304, 2517, 1.9, 287.1, 3162.9
3, 126383, 18/11/2018 06:40:09, DM_TECH_GROUP, 7.1, 11.6, 8614.1, 2.4, 0, 0, 4, 48, 143, 1820, 2.1, 230.4, 3823.3
3, 126414, 18/11/2018 17:00:08, DM_TECH_GROUP, 0.1, 6.9, 3882.3, 6.8, 0, 0, 0, 0, 5, 0, 0, 0, 0
3, 126415, 18/11/2018 17:20:10, DM_TECH_GROUP, 0.2, 3.7, 1744.4, 3.5, 0, 0, 1, 34, 38, 4, 0, 0.1, 10.5
3, 126416, 18/11/2018 17:40:13, DM_TECH_GROUP, 0.1, 0.2, 24.3, 0.1, 0, 0, 0, 0, 0, 1, 0, 0.1, 0.2
3, 126417, 18/11/2018 18:00:01, DM_TECH_GROUP, 0.2, 0.6, 121.2, 0.2, 0, 0, 1, 16, 27, 20, 0.2, 3.3, 154.9
3, 126418, 18/11/2018 18:20:08, DM_TECH_GROUP, 0.1, 0.2, 22.9, 0.1, 0, 0, 0, 0, 0, 0, 0, 0.1, 0.1
3, 126419, 18/11/2018 18:40:11, DM_TECH_GROUP, 0.1, 0.1, 70, 0, 0, 0, 40, 576, 595, 0, 0, 1.8, 2.3
3, 126420, 18/11/2018 19:00:10, DM_TECH_GROUP, 0.2, 0.4, 26.2, 0.1, 0, 0, 71, 1008, 1004, 43, 0.1, 33.3, 70.4
3, 126422, 18/11/2018 19:40:05, DM_TECH_GROUP, 0.3, 0.3, 109.8, 0, 0, 0, 72, 1080, 1149, 57, 0, 283.5, 27.1
3, 126423, 18/11/2018 20:00:30, DM_TECH_GROUP, 2.2, 7.8, 368.4, 3.9, 0, 0, 604, 8552, 8557, 619, 1.7, 1338.2, 3810.5
3, 126424, 18/11/2018 20:20:10, DM_TECH_GROUP, 1.5, 2.8, 1833.8, 0.9, 0, 0, 92, 1354, 1431, 116, 0.4, 562.2, 2740.4
3, 126425, 18/11/2018 20:40:22, DM_TECH_GROUP, 0.6, 1, 93.7, 0.3, 0, 0, 91, 1344, 1460, 123, 0.1, 281, 63.7
3, 126426, 18/11/2018 21:00:33, DM_TECH_GROUP, 2.7, 5.6, 405.2, 0, 0, 0, 605, 8560, 8481, 840, 2.9, 1670.2, 5482.7
3, 126427, 18/11/2018 21:20:03, DM_TECH_GROUP, 3.8, 7.6, 4261.4, 2.4, 0, 0, 90, 1352, 1437, 1445, 1.4, 629, 3196.1
3, 126428, 18/11/2018 21:40:09, DM_TECH_GROUP, 2.3, 5.7, 16387.2, 2.3, 0, 0, 3, 60, 72, 561, 1.1, 219.2, 4412.9
3, 126429, 18/11/2018 22:00:14, DM_TECH_GROUP, 2.1, 2.9, 10998.9, 0.1, 0, 0, 4, 68, 83, 588, 0.7, 152.7, 1900.8
3, 126430, 18/11/2018 22:20:19, DM_TECH_GROUP, 0.3, 0.4, 28.8, 0.1, 0, 0, 1, 6, 9, 10, 0, 4.4, 129
3, 126431, 18/11/2018 22:40:08, DM_TECH_GROUP, 0.3, 0.4, 19.1, 0, 0, 0, 0, 0, 0, 10, 0.1, 4.9, 194
3, 126432, 18/11/2018 23:00:21, DM_TECH_GROUP, 0.3, 0.4, 27.7, 0.1, 0, 0, 0, 0, 10, 10, 0, 4.5, 158.7
3, 126433, 18/11/2018 23:20:00, DM_TECH_GROUP, 0.2, 0.2, 22.6, 0, 0, 0, 1, 2, 0, 5, 0, 4.3, 108.3
3, 126434, 18/11/2018 23:40:01, DM_TECH_GROUP, 0.1, 0.1, 12.4, 0, 0, 0, 0, 0, 0, 3, 0, 3.6, 0
3, 126363, 18/11/2018 00:00:08, OTHER_GROUPS, 9, 16, 14873.8, 6.1, 0, 0, 32, 208, 1147, 1351, 0.9, 7261.2, 138.2
3, 126364, 18/11/2018 00:20:21, OTHER_GROUPS, 10.6, 27.7, 16569.5, 15.5, 0, 0, 286, 1476, 3067, 1700, 1.6, 7269.4, 291.5
3, 126365, 18/11/2018 00:40:03, OTHER_GROUPS, 14.2, 16.4, 13719.5, 1.3, 0, 0, 196, 1304, 2592, 4930, 0.9, 1297.2, 317.2
3, 126366, 18/11/2018 01:00:04, OTHER_GROUPS, 9.1, 10.3, 13739.6, 0.2, 0, 0, 270, 2132, 3317, 2428, 1, 1214.9, 175
3, 126367, 18/11/2018 01:20:13, OTHER_GROUPS, 7.6, 9.4, 14031.7, 1.2, 0, 0, 8, 64, 1158, 1861, 0.6, 945.2, 105.9
3, 126368, 18/11/2018 01:40:08, OTHER_GROUPS, 7.8, 9.7, 13802.6, 1.3, 0, 0, 0, 0, 1406, 1816, 0.6, 959.6, 111.6
3, 126369, 18/11/2018 02:00:19, OTHER_GROUPS, 7.9, 9.4, 14160.3, 0.9, 0, 0, 0, 0, 1447, 2086, 0.6, 964.8, 97.9
3, 126370, 18/11/2018 02:20:11, OTHER_GROUPS, 7.8, 8.7, 14200, 0.3, 0, 0, 0, 0, 577, 1335, 0.6, 1001.4, 102.9
3, 126371, 18/11/2018 02:40:24, OTHER_GROUPS, 8, 8.9, 14048.1, 0.3, 0, 0, 0, 0, 554, 1124, 0.6, 1019.1, 104.4
3, 126372, 18/11/2018 03:00:19, OTHER_GROUPS, 7.7, 9.9, 14116.9, 1.7, 0, 0, 0, 0, 579, 1339, 0.5, 815.2, 102.4
3, 126373, 18/11/2018 03:20:05, OTHER_GROUPS, 7.9, 9.4, 14294, 0.9, 0, 0, 0, 0, 590, 1521, 0.6, 854.5, 109.1
3, 126374, 18/11/2018 03:40:26, OTHER_GROUPS, 7.7, 8.7, 12979.1, 0.3, 0, 0, 0, 0, 604, 1313, 0.7, 895, 114.5
3, 126375, 18/11/2018 04:00:23, OTHER_GROUPS, 10.1, 12.3, 36252.2, 1.5, 0, 0, 0, 0, 2433, 3217, 0.7, 835.9, 112.6
3, 126376, 18/11/2018 04:20:04, OTHER_GROUPS, 20.1, 22.1, 50474.4, 0.8, 0, 0, 22, 172, 2621, 10463, 1.2, 1793.3, 164.6
3, 126377, 18/11/2018 04:40:07, OTHER_GROUPS, 23.5, 26.1, 49836, 1.5, 0, 0, 4, 20, 2416, 15057, 1.1, 1649.9, 183.7
3, 126378, 18/11/2018 05:00:12, OTHER_GROUPS, 10.5, 12, 23274.2, 0.5, 0, 0, 10, 76, 826, 2294, 1, 1132.7, 157.7
3, 126379, 18/11/2018 05:20:13, OTHER_GROUPS, 8.6, 10.4, 15488.4, 0.8, 0, 0, 2, 8, 3015, 1791, 1, 941.4, 814.8
3, 126380, 18/11/2018 05:40:22, OTHER_GROUPS, 9.3, 14.8, 15647.8, 4.3, 0, 0, 4, 28, 603, 1968, 1.2, 1407.8, 1494.3
3, 126381, 18/11/2018 06:00:08, OTHER_GROUPS, 7.8, 12.8, 13650.5, 4.4, 0, 0, 0, 0, 778, 2786, 0.6, 946.3, 91
3, 126382, 18/11/2018 06:20:03, OTHER_GROUPS, 7.7, 10.4, 13218.5, 2.1, 0, 0, 0, 0, 533, 1687, 0.6, 955.6, 108.7
3, 126383, 18/11/2018 06:40:09, OTHER_GROUPS, 8.7, 10.6, 15206.6, 1.2, 0, 0, 10, 208, 1617, 1962, 0.7, 1712, 383.1
3, 126384, 18/11/2018 07:00:10, OTHER_GROUPS, 53.1, 63.8, 54342.1, 0, 0, 0, 699, 12060, 13379, 36336, 10.7, 22862.4, 16202.1
3, 126385, 18/11/2018 07:20:13, OTHER_GROUPS, 26.2, 43, 31808.3, 12.6, 0, 0, 182, 4368, 5211, 17250, 4.2, 13903.1, 7250
3, 126386, 18/11/2018 07:40:19, OTHER_GROUPS, 29.1, 34.9, 30968.7, 0.7, 0, 0, 291, 5720, 7024, 17203, 5.1, 17760.4, 10228.9
3, 126387, 18/11/2018 08:00:35, OTHER_GROUPS, 62.2, 68.6, 54967.4, 2.3, 0, 0, 94, 2792, 5492, 58420, 4.1, 10975.5, 4472
3, 126388, 18/11/2018 08:20:01, OTHER_GROUPS, 63.2, 70.7, 59159.3, 0, 0, 0, 153, 4072, 4857, 52450, 7.5, 16938.6, 10622.3
3, 126389, 18/11/2018 08:40:21, OTHER_GROUPS, 60.8, 67.7, 49003.5, 1.4, 0, 0, 153, 3867, 4975, 78302, 5.5, 15085, 6747.1
3, 126390, 18/11/2018 09:00:07, OTHER_GROUPS, 56.7, 59.6, 35273.2, 0, 0, 0, 143, 3833, 5528, 98358, 2.9, 17389.8, 2154.2
3, 126391, 18/11/2018 09:20:31, OTHER_GROUPS, 41.1, 42.5, 22665.5, 0, 0, 0, 218, 5616, 6164, 31345, 1.4, 12739.9, 781.4
3, 126392, 18/11/2018 09:40:16, OTHER_GROUPS, 49.8, 51.2, 27698.4, 0, 0, 0, 249, 6676, 8072, 62610, 1.4, 17215.4, 864.1
3, 126393, 18/11/2018 10:00:05, OTHER_GROUPS, 42.3, 45.3, 28732, 0, 0, 0, 136, 3880, 5289, 28359, 3, 17991.9, 3453.5
3, 126394, 18/11/2018 10:20:11, OTHER_GROUPS, 49.7, 54.3, 32441.7, 0, 0, 0, 94, 3008, 4369, 46032, 4.6, 17192.5, 4629.1
3, 126395, 18/11/2018 10:40:16, OTHER_GROUPS, 41.4, 44.3, 24337.8, 0, 0, 0, 98, 3232, 5330, 36627, 2.9, 15516, 1307.6
3, 126396, 18/11/2018 11:00:04, OTHER_GROUPS, 55.2, 64.1, 34368.6, 4.1, 30, 0.7, 174, 4806, 7566, 63974, 4.8, 13698.5, 3286.1
3, 126397, 18/11/2018 11:20:07, OTHER_GROUPS, 38.4, 41.5, 21325.6, 0, 0, 0, 163, 5788, 11018, 24161, 3.1, 19013.9, 3308.9
3, 126398, 18/11/2018 11:40:10, OTHER_GROUPS, 42.7, 59.2, 21735.7, 12.6, 0, 0, 140, 4740, 7706, 32947, 3.9, 14181.9, 4642.4
3, 126399, 18/11/2018 12:00:05, OTHER_GROUPS, 72.5, 95.7, 48897.2, 17.2, 0, 0, 440, 9053, 11401, 95167, 6, 17208.8, 5220
3, 126400, 18/11/2018 12:20:08, OTHER_GROUPS, 63.6, 73.1, 31056.2, 5.3, 12, 0, 518, 9816, 12764, 61463, 4.2, 21671, 5296
3, 126401, 18/11/2018 12:40:02, OTHER_GROUPS, 59.1, 64.2, 26233.1, 0.3, 42, 0.7, 189, 5780, 7562, 81349, 4.8, 16253, 6990.2
3, 126402, 18/11/2018 13:00:15, OTHER_GROUPS, 49.4, 60.8, 34213.5, 6.1, 27, 0.9, 146, 4138, 6562, 50794, 5.3, 12183, 7635.3
3, 126403, 18/11/2018 13:20:15, OTHER_GROUPS, 44.7, 49.1, 13554.7, 0.3, 0, 0, 132, 3854, 4980, 35612, 4.1, 16762.1, 6305
3, 126404, 18/11/2018 13:40:02, OTHER_GROUPS, 55, 69, 30219.4, 6.1, 0, 0, 139, 3924, 7263, 94028, 7.9, 15990.6, 10008.5
3, 126405, 18/11/2018 14:00:06, OTHER_GROUPS, 32.8, 37.7, 12615.8, 0, 0, 0, 877, 14636, 20681, 19117, 4.9, 16408.2, 6259.5
3, 126406, 18/11/2018 14:20:34, OTHER_GROUPS, 27.9, 32.3, 10533.6, 1.4, 0, 0, 206, 5700, 7159, 13034, 3, 15432.7, 4549.6
3, 126407, 18/11/2018 14:40:43, OTHER_GROUPS, 61.6, 101.5, 35828.8, 30.9, 0, 0, 106, 3764, 6106, 91726, 9, 18896.5, 11561
3, 126408, 18/11/2018 15:00:15, OTHER_GROUPS, 51.4, 56.6, 31794.1, 0, 0, 0, 154, 4460, 7372, 84980, 5.2, 12505, 4555.6
3, 126409, 18/11/2018 15:20:05, OTHER_GROUPS, 24.9, 28.3, 11140.6, 0.6, 0, 0, 141, 4466, 5635, 15433, 2.8, 20083.1, 4080.7
3, 126410, 18/11/2018 15:40:23, OTHER_GROUPS, 27.3, 30.8, 20075.8, 0, 0, 0, 175, 5703, 8178, 19098, 3.5, 21066.7, 4516
3, 126411, 18/11/2018 16:00:04, OTHER_GROUPS, 42.1, 44.5, 21866.4, 0, 0, 0, 151, 5484, 7821, 28968, 2.4, 15804.5, 1938
3, 126412, 18/11/2018 16:20:16, OTHER_GROUPS, 29, 30.4, 7666.3, 0, 0, 0, 189, 7112, 8431, 13679, 1.4, 19937, 1050.9
3, 126413, 18/11/2018 16:40:02, OTHER_GROUPS, 26.5, 27.5, 7174.1, 0, 0, 0, 150, 4902, 6622, 13277, 1, 15483.9, 335.6
3, 126414, 18/11/2018 17:00:08, OTHER_GROUPS, 17.3, 18, 14249.3, 0, 0, 0, 0, 0, 709, 6498, 0.7, 2288.8, 128.9
3, 126415, 18/11/2018 17:20:10, OTHER_GROUPS, 11.1, 12.1, 14058.4, 0, 0, 0, 0, 0, 707, 1380, 1, 1349.7, 188.8
3, 126416, 18/11/2018 17:40:13, OTHER_GROUPS, 7.8, 9.2, 13989.3, 0.6, 0, 0, 0, 0, 661, 748, 0.8, 1022.4, 145.7
3, 126417, 18/11/2018 18:00:01, OTHER_GROUPS, 7.9, 10.2, 14415, 1.5, 0, 0, 0, 0, 762, 1708, 0.8, 1132.3, 143.9
3, 126418, 18/11/2018 18:20:08, OTHER_GROUPS, 7.8, 8.7, 13587.5, 0, 0, 0, 0, 0, 683, 643, 0.9, 1562.9, 164.2
3, 126419, 18/11/2018 18:40:11, OTHER_GROUPS, 7.8, 9, 13958.6, 0, 0, 0, 0, 0, 757, 482, 1.2, 1659.8, 178.7
3, 126420, 18/11/2018 19:00:10, OTHER_GROUPS, 10.3, 11.2, 17817.2, 0, 0, 0, 1, 8, 697, 1771, 0.9, 2054.9, 574.5
3, 126421, 18/11/2018 19:20:20, OTHER_GROUPS, 8.5, 21.9, 30114.2, 12.5, 0, 0, 1, 16, 871, 816, 0.9, 1881.4, 176.6
3, 126422, 18/11/2018 19:40:05, OTHER_GROUPS, 7.9, 9.9, 14379.4, 1.1, 0, 0, 3, 48, 663, 973, 0.9, 1406.6, 170.7
3, 126423, 18/11/2018 20:00:30, OTHER_GROUPS, 8, 10.1, 13987.8, 1.2, 0, 0, 0, 0, 711, 927, 0.9, 1421.2, 184.6
3, 126424, 18/11/2018 20:20:10, OTHER_GROUPS, 7.6, 8.8, 13658.4, 0, 0, 0, 0, 0, 625, 528, 1.2, 1433.5, 188.9
3, 126425, 18/11/2018 20:40:22, OTHER_GROUPS, 7.7, 8.7, 15148.1, 0, 0, 0, 0, 0, 816, 595, 1, 1666.6, 160
3, 126426, 18/11/2018 21:00:33, OTHER_GROUPS, 7.5, 9.1, 14192.7, 1, 0, 0, 0, 0, 758, 2222, 0.6, 1003.6, 108.3
3, 126427, 18/11/2018 21:20:03, OTHER_GROUPS, 7.8, 8.5, 13358, 0.1, 0, 0, 0, 0, 646, 1535, 0.6, 1089.8, 115.4
3, 126428, 18/11/2018 21:40:09, OTHER_GROUPS, 7.7, 8.5, 13881.3, 0, 0, 0, 0, 0, 661, 628, 0.8, 1488.5, 154.9
3, 126429, 18/11/2018 22:00:14, OTHER_GROUPS, 8, 9.4, 14191.2, 0.5, 0, 0, 1, 3, 685, 771, 0.9, 1302.9, 165.6
3, 126430, 18/11/2018 22:20:19, OTHER_GROUPS, 8, 9, 14253.7, 0, 0, 0, 0, 0, 709, 877, 1, 1591.2, 216.1
3, 126431, 18/11/2018 22:40:08, OTHER_GROUPS, 7.7, 8.8, 13726.9, 0, 0, 0, 0, 0, 611, 667, 1.1, 1504.1, 176.2
3, 126432, 18/11/2018 23:00:21, OTHER_GROUPS, 2.4, 4.3, 7119.9, 1.6, 0, 0, 0, 0, 687, 197, 0.3, 489.6, 63.4
3, 126433, 18/11/2018 23:20:00, OTHER_GROUPS, 0.1, 0.9, 2889.5, 0.8, 0, 0, 0, 0, 745, 0, 0, 14.2, 42.6
3, 126434, 18/11/2018 23:40:01, OTHER_GROUPS, 0, 1.5, 3960.2, 1.5, 0, 0, 0, 0, 629, 1, 0, 12.6, 32.1
3, 126363, 18/11/2018 00:00:08, SANDBOX_GROUP, 11.2, 14.1, 1285.2, 2.9, 0, 0, 115, 3582, 3656, 3594, 0, 24817, 41
3, 126364, 18/11/2018 00:20:21, SANDBOX_GROUP, 10, 14.6, 1484.6, 4.6, 0, 0, 117, 3680, 3684, 865, 0, 20317.2, 39.1
3, 126365, 18/11/2018 00:40:03, SANDBOX_GROUP, 16.7, 17.4, 1321.7, 0.7, 0, 0, 100, 3200, 3297, 5046, 0, 15594.3, 11.6
3, 126366, 18/11/2018 01:00:04, SANDBOX_GROUP, 12.5, 13.9, 1233, 1.4, 0, 0, 95, 3008, 2988, 1999, 0, 18411.3, 13.9
3, 126367, 18/11/2018 01:20:13, SANDBOX_GROUP, 16.1, 18.9, 1420.4, 2.7, 0, 0, 88, 2816, 2839, 5748, 0.1, 15257.9, 30
3, 126368, 18/11/2018 01:40:08, SANDBOX_GROUP, 14, 15.3, 1196.7, 1.3, 0, 0, 96, 3056, 3079, 4465, 0, 17875.9, 10.5
3, 126369, 18/11/2018 02:00:19, SANDBOX_GROUP, 14.7, 16.3, 1231.7, 1.6, 0, 0, 102, 3204, 3508, 4908, 0, 14820.8, 14.2
3, 126370, 18/11/2018 02:20:11, SANDBOX_GROUP, 10.8, 12.5, 1069.6, 1.7, 0, 0, 112, 3536, 3587, 901, 0, 14243.7, 13.6
3, 126371, 18/11/2018 02:40:24, SANDBOX_GROUP, 12.7, 15, 1379.9, 2.2, 0, 0, 115, 3680, 3770, 1535, 0.1, 14136.1, 133.2
3, 126372, 18/11/2018 03:00:19, SANDBOX_GROUP, 20.3, 26.3, 13911.6, 5.5, 0, 0, 472, 3808, 4007, 7031, 0.5, 17285.1, 474.5
3, 126373, 18/11/2018 03:20:05, SANDBOX_GROUP, 13.5, 18.9, 8473.3, 4.8, 0, 0, 530, 4080, 4061, 3398, 0.6, 19222.9, 656.6
3, 126374, 18/11/2018 03:40:26, SANDBOX_GROUP, 14.1, 16.6, 887.6, 2, 0, 0, 499, 4816, 4840, 2297, 0.5, 19212.9, 729.6
3, 126375, 18/11/2018 04:00:23, SANDBOX_GROUP, 18.2, 24.4, 1310.4, 5.5, 0, 0, 528, 4784, 4988, 7781, 0.7, 16622.7, 539
3, 126376, 18/11/2018 04:20:04, SANDBOX_GROUP, 15.6, 19, 1035.9, 2.8, 0, 0, 417, 4640, 4834, 3506, 0.6, 16977.8, 633.8
3, 126377, 18/11/2018 04:40:07, SANDBOX_GROUP, 13.5, 16.9, 1915.2, 3, 0, 0, 73, 2336, 2424, 1776, 0.4, 18987, 657.4
3, 126378, 18/11/2018 05:00:12, SANDBOX_GROUP, 11.7, 26, 3282.1, 13.5, 0, 0, 32, 978, 1253, 3656, 0.8, 13741.8, 254.2
3, 126379, 18/11/2018 05:20:13, SANDBOX_GROUP, 17.6, 19.9, 1268.2, 1.9, 0, 0, 124, 3892, 4014, 6843, 0.4, 17187.1, 608.1
3, 126380, 18/11/2018 05:40:22, SANDBOX_GROUP, 16.2, 25.1, 2506.5, 7.2, 0, 0, 127, 3974, 4270, 3459, 1.7, 18383.4, 2860.1
3, 126381, 18/11/2018 06:00:08, SANDBOX_GROUP, 20, 27.3, 3146.4, 5.2, 0, 0, 86, 2748, 3106, 4735, 2.1, 15873.8, 2658.6
3, 126382, 18/11/2018 06:20:03, SANDBOX_GROUP, 17.1, 23.7, 10430.2, 5.1, 0, 0, 106, 3360, 3385, 4432, 1.5, 17451.7, 2689.3
3, 126383, 18/11/2018 06:40:09, SANDBOX_GROUP, 16.7, 22.8, 7073.4, 3.9, 0, 0, 101, 3192, 3150, 3864, 2.2, 18810.6, 4155.4
3, 126414, 18/11/2018 17:00:08, SANDBOX_GROUP, 8.9, 14.2, 6058.8, 3.2, 0, 0, 71, 2248, 2203, 1792, 2.1, 20206.1, 1832.4
3, 126415, 18/11/2018 17:20:10, SANDBOX_GROUP, 7.5, 10, 5612.3, 0, 0, 0, 79, 2488, 2489, 1141, 2.5, 17422.9, 1545.2
3, 126416, 18/11/2018 17:40:13, SANDBOX_GROUP, 5.2, 7.1, 1636.1, 0.5, 0, 0, 40, 1038, 1081, 803, 1.4, 8669.1, 1317.8
3, 126417, 18/11/2018 18:00:01, SANDBOX_GROUP, 18.6, 33.9, 30647.2, 12.3, 0, 0, 54, 1551, 1775, 17967, 3, 20876.2, 2941.6
3, 126418, 18/11/2018 18:20:08, SANDBOX_GROUP, 8.8, 12.3, 24542.8, 2.1, 0, 0, 102, 3138, 3031, 3576, 1.4, 18162.3, 3281.7
3, 126419, 18/11/2018 18:40:11, SANDBOX_GROUP, 3.9, 4.8, 5423.9, 0.6, 0, 0, 64, 1936, 1938, 686, 0.3, 16914.7, 1047
3, 126420, 18/11/2018 19:00:10, SANDBOX_GROUP, 3.6, 4.5, 7568.8, 0.9, 0, 0, 46, 1432, 1556, 487, 0, 13987.4, 69.6
3, 126422, 18/11/2018 19:40:05, SANDBOX_GROUP, 3.3, 4, 6751.6, 0.7, 0, 0, 44, 1276, 1313, 414, 0, 14081.9, 18
3, 126423, 18/11/2018 20:00:30, SANDBOX_GROUP, 3.7, 6.2, 3704.9, 2.2, 0, 0, 40, 1220, 1212, 776, 0.3, 14173.2, 1264.4
3, 126424, 18/11/2018 20:20:10, SANDBOX_GROUP, 3, 3.2, 6675.1, 0.2, 0, 0, 29, 928, 1022, 345, 0, 14491.8, 22.8
3, 126425, 18/11/2018 20:40:22, SANDBOX_GROUP, 3.5, 4.5, 5804.7, 0.9, 0, 0, 53, 1652, 1797, 593, 0.1, 11462.1, 25.5
3, 126426, 18/11/2018 21:00:33, SANDBOX_GROUP, 11, 13.3, 20287.7, 2.2, 0, 0, 40, 1260, 1196, 4165, 0.1, 17893.1, 12.2
3, 126427, 18/11/2018 21:20:03, SANDBOX_GROUP, 5, 5, 9553, 0, 0, 0, 38, 1152, 1099, 1150, 0, 18053.5, 5.7
3, 126428, 18/11/2018 21:40:09, SANDBOX_GROUP, 3, 3.5, 603.2, 0.5, 0, 0, 61, 1936, 1922, 462, 0, 17677.2, 4.4
3, 126429, 18/11/2018 22:00:14, SANDBOX_GROUP, 2.7, 3.2, 507.9, 0.5, 0, 0, 38, 1216, 1249, 424, 0, 18859, 4.6
3, 126430, 18/11/2018 22:20:19, SANDBOX_GROUP, 2.4, 2.4, 434.9, 0, 0, 0, 22, 680, 733, 374, 0, 12807.6, 2.3
3, 126431, 18/11/2018 22:40:08, SANDBOX_GROUP, 2.4, 2.7, 469.9, 0.3, 0, 0, 36, 1134, 1159, 356, 0, 16562.6, 3.3
3, 126432, 18/11/2018 23:00:21, SANDBOX_GROUP, 6.1, 7.6, 1132.3, 0.5, 0, 0, 86, 2130, 2384, 2700, 1, 14346.6, 400.4
3, 126433, 18/11/2018 23:20:00, SANDBOX_GROUP, 3, 3.3, 647.4, 0.3, 0, 0, 59, 1532, 1564, 377, 0, 17369.7, 3.4
3, 126434, 18/11/2018 23:40:01, SANDBOX_GROUP, 3.4, 3.7, 720.5, 0.1, 0, 0, 28, 656, 739, 369, 0.2, 9768.3, 78.5
3, 126363, 18/11/2018 00:00:08, SZB_SANDBOX_GROUP, 2.7, 3.6, 779.4, 0.6, 0, 0, 8, 480, 1026, 579, 0.3, 3378.7, 169.2
3, 126364, 18/11/2018 00:20:21, SZB_SANDBOX_GROUP, 0.4, 0.5, 41.6, 0.1, 0, 0, 1, 64, 129, 39, 0, 0.1, 2.8
3, 126365, 18/11/2018 00:40:03, SZB_SANDBOX_GROUP, 0.4, 0.5, 36.9, 0.1, 0, 0, 0, 0, 62, 48, 0, 0.1, 2.5
3, 126366, 18/11/2018 01:00:04, SZB_SANDBOX_GROUP, 1.6, 2.1, 159.2, 0.5, 0, 0, 6, 352, 750, 198, 0, 3309.9, 21.2
3, 126367, 18/11/2018 01:20:13, SZB_SANDBOX_GROUP, 0.4, 0.6, 516.9, 0.1, 0, 0, 2, 96, 148, 48, 0.1, 10.9, 71.4
3, 126368, 18/11/2018 01:40:08, SZB_SANDBOX_GROUP, 2.7, 2.9, 367.5, 0, 0, 0, 7, 352, 928, 579, 0.2, 114.6, 230.2
3, 126369, 18/11/2018 02:00:19, SZB_SANDBOX_GROUP, 5.8, 7.8, 1297.2, 1.1, 0, 0, 15, 917, 2983, 1336, 0.9, 1695.3, 1115.9
3, 126370, 18/11/2018 02:20:11, SZB_SANDBOX_GROUP, 1.6, 2.2, 1040.4, 0, 0, 0, 12, 768, 1395, 236, 0.6, 48.5, 718.8
3, 126371, 18/11/2018 02:40:24, SZB_SANDBOX_GROUP, 1.5, 2.2, 989.4, 0.2, 0, 0, 3, 160, 315, 138, 0.5, 17, 485.7
3, 126372, 18/11/2018 03:00:19, SZB_SANDBOX_GROUP, 4.9, 6.7, 1164.8, 1.1, 0, 0, 24, 1120, 2703, 1053, 0.7, 4856.1, 706.2
3, 126373, 18/11/2018 03:20:05, SZB_SANDBOX_GROUP, 5.7, 6.8, 687.9, 0.7, 0, 0, 2, 96, 2439, 3114, 0.4, 5651.6, 428.4
3, 126374, 18/11/2018 03:40:26, SZB_SANDBOX_GROUP, 5.6, 6.1, 3116.8, 0, 0, 0, 6, 288, 3547, 3608, 0.5, 1927, 587.7
3, 126375, 18/11/2018 04:00:23, SZB_SANDBOX_GROUP, 17.1, 22.3, 5832, 3.1, 0, 0, 7, 416, 5295, 7592, 2.1, 1316.8, 2264.3
3, 126376, 18/11/2018 04:20:04, SZB_SANDBOX_GROUP, 5.3, 5.9, 12534.9, 0, 0, 0, 1, 64, 24970, 1518, 0.6, 452.9, 625.6
3, 126377, 18/11/2018 04:40:07, SZB_SANDBOX_GROUP, 7.4, 11.2, 4667.6, 2.7, 0, 0, 1, 64, 17258, 2075, 1.1, 934.8, 1077.2
3, 126378, 18/11/2018 05:00:12, SZB_SANDBOX_GROUP, 17.1, 49.4, 9664.4, 22.9, 0, 0, 6, 352, 22132, 5681, 9.4, 12327.3, 1232.8
3, 126379, 18/11/2018 05:20:13, SZB_SANDBOX_GROUP, 11.4, 12.1, 8522.1, 0, 0, 0, 4, 256, 20606, 2910, 0.7, 2422.7, 808.5
3, 126380, 18/11/2018 05:40:22, SZB_SANDBOX_GROUP, 7.1, 9.7, 8277.7, 1.8, 0, 0, 2, 128, 21784, 1330, 0.8, 1273.6, 332.4
3, 126381, 18/11/2018 06:00:08, SZB_SANDBOX_GROUP, 13.2, 20, 23367.6, 5.6, 0, 0, 19, 892, 11506, 7495, 1.2, 971, 1632.5
3, 126382, 18/11/2018 06:20:03, SZB_SANDBOX_GROUP, 12.5, 13.1, 16043.8, 0, 0, 0, 5, 256, 6465, 4471, 0.6, 651.9, 899.6
3, 126383, 18/11/2018 06:40:09, SZB_SANDBOX_GROUP, 7.5, 10.1, 36247.9, 2, 0, 0, 3, 76, 2024, 1281, 0.6, 400.7, 632.5
3, 126414, 18/11/2018 17:00:08, SZB_SANDBOX_GROUP, 20.4, 25.6, 17131.3, 3.8, 0, 0, 54, 2248, 3670, 12158, 1.4, 4188.4, 1646.4
3, 126415, 18/11/2018 17:20:10, SZB_SANDBOX_GROUP, 6.7, 7.2, 2704.7, 0.1, 0, 0, 10, 512, 1122, 1355, 0.4, 315.3, 764.5
3, 126416, 18/11/2018 17:40:13, SZB_SANDBOX_GROUP, 18, 19.5, 25227.3, 1, 0, 0, 4, 192, 1146, 7502, 0.5, 1001.8, 850
3, 126417, 18/11/2018 18:00:01, SZB_SANDBOX_GROUP, 17.6, 26.1, 10697.2, 7.4, 0, 0, 8, 224, 4899, 7114, 1.1, 3831.3, 1129.1
3, 126418, 18/11/2018 18:20:08, SZB_SANDBOX_GROUP, 5.6, 5.7, 661.5, 0, 0, 0, 8, 224, 9944, 1537, 0.1, 136.7, 135.1
3, 126419, 18/11/2018 18:40:11, SZB_SANDBOX_GROUP, 3, 3.1, 226.3, 0, 0, 0, 3, 192, 743, 938, 0.1, 67.2, 29.8
3, 126420, 18/11/2018 19:00:10, SZB_SANDBOX_GROUP, 9.8, 11.6, 8799.4, 1.3, 0, 0, 10, 576, 1270, 1402, 0.5, 1765.8, 1338.1
3, 126422, 18/11/2018 19:40:05, SZB_SANDBOX_GROUP, 9.2, 15.6, 2128.6, 2.8, 0, 0, 47, 2240, 12368, 3310, 3.6, 3473.5, 5561.5
3, 126423, 18/11/2018 20:00:30, SZB_SANDBOX_GROUP, 10.7, 14.1, 2465.8, 1.4, 0, 0, 27, 1504, 9706, 5019, 2, 5750.3, 1384
3, 126424, 18/11/2018 20:20:10, SZB_SANDBOX_GROUP, 3.1, 4.2, 1256.7, 0, 0, 0, 2, 128, 26826, 716, 1.1, 2273.2, 1111.4
3, 126425, 18/11/2018 20:40:22, SZB_SANDBOX_GROUP, 6, 8.5, 1882.8, 1.9, 0, 0, 16, 1024, 11982, 2815, 0.6, 7565, 454.4
3, 126426, 18/11/2018 21:00:33, SZB_SANDBOX_GROUP, 32.5, 40.5, 9545.2, 7.3, 0, 0, 75, 2608, 5618, 9783, 0.7, 5448.6, 421.4
3, 126427, 18/11/2018 21:20:03, SZB_SANDBOX_GROUP, 26.4, 27.5, 8198.1, 0.9, 0, 0, 83, 3120, 6046, 5171, 0.2, 4255.5, 233.1
3, 126428, 18/11/2018 21:40:09, SZB_SANDBOX_GROUP, 8.2, 8.4, 6336.1, 0, 0, 0, 9, 480, 3118, 1132, 0.2, 1680.1, 382.3
3, 126429, 18/11/2018 22:00:14, SZB_SANDBOX_GROUP, 11.9, 12.4, 5055.8, 0.2, 0, 0, 12, 566, 39791, 3972, 0.3, 4530.2, 363.3
3, 126430, 18/11/2018 22:20:19, SZB_SANDBOX_GROUP, 10.5, 11.5, 2938.4, 0.4, 0, 0, 30, 1614, 3195, 4381, 0.6, 7946.3, 791
3, 126431, 18/11/2018 22:40:08, SZB_SANDBOX_GROUP, 6.5, 7.1, 868, 0, 0, 0, 58, 3584, 5130, 1455, 0.6, 532.6, 1841.4
3, 126432, 18/11/2018 23:00:21, SZB_SANDBOX_GROUP, 5.9, 6.3, 338.7, 0, 0, 0, 60, 2990, 4347, 952, 0.4, 628.9, 253.6
3, 126433, 18/11/2018 23:20:00, SZB_SANDBOX_GROUP, 3, 3.3, 202, 0, 0, 0, 53, 2606, 3290, 628, 0.3, 385.2, 332.4
3, 126434, 18/11/2018 23:40:01, SZB_SANDBOX_GROUP, 6, 6.5, 712.3, 0, 0, 0, 79, 3968, 5893, 1503, 0.5, 1172.1, 742.7
4, 126363, 18/11/2018 00:00:09, ADW_UNLOAD_GROUP, 0, 0, 0, 0, 0, 0, 0, 0, 51, 0, 0, 0, 0
4, 126364, 18/11/2018 00:20:21, ADW_UNLOAD_GROUP, 0, 0, 0, 0, 0, 0, 0, 0, 57, 0, 0, 0, 0
4, 126365, 18/11/2018 00:40:02, ADW_UNLOAD_GROUP, 0, 0, 0, 0, 0, 0, 0, 0, 46, 1, 0, 0, 0
4, 126367, 18/11/2018 01:20:13, ADW_UNLOAD_GROUP, 0, 0, 0, 0, 0, 0, 0, 0, 46, 1, 0, 0, 0
4, 126368, 18/11/2018 01:40:07, ADW_UNLOAD_GROUP, 0, 0, 0, 0, 0, 0, 0, 0, 52, 2, 0, 0, 0
4, 126369, 18/11/2018 02:00:20, ADW_UNLOAD_GROUP, 0, 0, 0, 0, 0, 0, 0, 0, 51, 1, 0, 0, 0
4, 126370, 18/11/2018 02:20:11, ADW_UNLOAD_GROUP, 0, 0, 0, 0, 0, 0, 0, 0, 52, 0, 0, 0, 0
4, 126371, 18/11/2018 02:40:24, ADW_UNLOAD_GROUP, 0, 0, 0, 0, 0, 0, 0, 0, 56, 0, 0, 0, 0
4, 126373, 18/11/2018 03:20:05, ADW_UNLOAD_GROUP, 0, 0, 0, 0, 0, 0, 0, 0, 55, 0, 0, 0, 0
4, 126374, 18/11/2018 03:40:26, ADW_UNLOAD_GROUP, 0, 0, 0, 0, 0, 0, 0, 0, 52, 1, 0, 0, 0
4, 126376, 18/11/2018 04:20:04, ADW_UNLOAD_GROUP, 0, 0, 0, 0, 0, 0, 0, 0, 52, 0, 0, 0, 0
4, 126377, 18/11/2018 04:40:07, ADW_UNLOAD_GROUP, 0, 0, 0, 0, 0, 0, 0, 0, 56, 4, 0, 0, 0
4, 126378, 18/11/2018 05:00:12, ADW_UNLOAD_GROUP, 0, 0, 0, 0, 0, 0, 0, 0, 47, 3, 0, 0, 0
4, 126379, 18/11/2018 05:20:13, ADW_UNLOAD_GROUP, 0, 0, 0, 0, 0, 0, 0, 0, 51, 0, 0, 0, 0
4, 126380, 18/11/2018 05:40:22, ADW_UNLOAD_GROUP, 0, 0, 0, 0, 0, 0, 0, 0, 52, 2, 0, 0, 0
4, 126381, 18/11/2018 06:00:08, ADW_UNLOAD_GROUP, 0, 0, 0, 0, 0, 0, 0, 0, 53, 2, 0, 0, 0
4, 126382, 18/11/2018 06:20:03, ADW_UNLOAD_GROUP, 0, 0, 0, 0, 0, 0, 0, 0, 52, 0, 0, 0, 0
4, 126383, 18/11/2018 06:40:09, ADW_UNLOAD_GROUP, 0, 0, 0, 0, 0, 0, 0, 0, 51, 1, 0, 0, 0
4, 126416, 18/11/2018 17:40:13, ADW_UNLOAD_GROUP, 0, 0, 0, 0, 0, 0, 0, 0, 52, 0, 0, 0, 0
4, 126417, 18/11/2018 18:00:01, ADW_UNLOAD_GROUP, 0.4, 2, 200.6, 1.2, 0, 0, 1, 32, 139, 83, 0.4, 141, 396.5
4, 126418, 18/11/2018 18:20:08, ADW_UNLOAD_GROUP, 0, 0, 0.5, 0, 0, 0, 0, 0, 73, 2, 0, 1.7, 2.9
4, 126419, 18/11/2018 18:40:11, ADW_UNLOAD_GROUP, 0, 0, 0, 0, 0, 0, 0, 0, 51, 0, 0, 0, 0
4, 126420, 18/11/2018 19:00:10, ADW_UNLOAD_GROUP, 0, 0, 0.3, 0, 0, 0, 0, 0, 55, 3, 0, 0, 0
4, 126425, 18/11/2018 20:40:23, ADW_UNLOAD_GROUP, 0, 0, 0, 0, 0, 0, 0, 0, 51, 0, 0, 0, 0
4, 126427, 18/11/2018 21:20:03, ADW_UNLOAD_GROUP, 0, 0, 0, 0, 0, 0, 0, 0, 51, 0, 0, 0, 0
4, 126429, 18/11/2018 22:00:14, ADW_UNLOAD_GROUP, 0.1, 0.1, 106.8, 0, 0, 0, 0, 0, 58, 6, 0, 3.5, 6.8
4, 126432, 18/11/2018 23:00:21, ADW_UNLOAD_GROUP, 0, 0, 0, 0, 0, 0, 0, 0, 47, 0, 0, 0, 0
4, 126363, 18/11/2018 00:00:09, DM_TECH_GROUP, 2.3, 4.8, 506.5, 0.8, 0, 0, 366, 5200, 5235, 488, 1.7, 1165.1, 2327.1
4, 126364, 18/11/2018 00:20:21, DM_TECH_GROUP, 7, 25.4, 11465.7, 14.6, 1, 0, 82, 1236, 1862, 5832, 3.8, 1058.9, 3257.9
4, 126365, 18/11/2018 00:40:02, DM_TECH_GROUP, 20.2, 50.3, 42983.3, 13.4, 0, 0, 129, 1978, 2375, 23049, 16.7, 2513, 22649.8
4, 126366, 18/11/2018 01:00:04, DM_TECH_GROUP, 21.2, 47.6, 58117, 12.8, 0, 0, 274, 4124, 4551, 24994, 13.6, 2066.8, 12021.2
4, 126367, 18/11/2018 01:20:13, DM_TECH_GROUP, 18.3, 31.1, 37092.9, 8, 0, 0, 87, 1292, 1570, 8097, 4.8, 1068.6, 6975.8
4, 126368, 18/11/2018 01:40:07, DM_TECH_GROUP, 16.3, 25, 44562.4, 4.7, 0, 0, 53, 842, 967, 6000, 4, 1218.7, 7713.9
4, 126369, 18/11/2018 02:00:20, DM_TECH_GROUP, 12, 22.6, 10516.5, 4.8, 0, 0, 791, 11276, 11253, 4104, 5.8, 2047, 6918.3
4, 126370, 18/11/2018 02:20:11, DM_TECH_GROUP, 9.8, 19.9, 9850.9, 4.7, 0, 0, 40, 614, 690, 2357, 5.4, 716, 9162.8
4, 126371, 18/11/2018 02:40:24, DM_TECH_GROUP, 7.4, 17.9, 9548.1, 6.5, 0, 0, 172, 2514, 2695, 1584, 4, 884.5, 5989.5
4, 126372, 18/11/2018 03:00:18, DM_TECH_GROUP, 11, 18.2, 4861, 4.2, 1, 0, 804, 11422, 11711, 2711, 3, 2482.6, 3910.8
4, 126373, 18/11/2018 03:20:05, DM_TECH_GROUP, 6.9, 15.3, 7580.4, 6.5, 0, 0, 20, 284, 339, 1876, 1.9, 962.4, 3739.4
4, 126374, 18/11/2018 03:40:26, DM_TECH_GROUP, 2.5, 7.4, 2123.1, 4.7, 0, 0, 102, 1476, 1463, 328, 0.2, 272.4, 274
4, 126375, 18/11/2018 04:00:23, DM_TECH_GROUP, 4.4, 12.2, 1747, 4.9, 4, 0, 780, 11128, 11123, 1560, 2.9, 1845.5, 3947.9
4, 126376, 18/11/2018 04:20:04, DM_TECH_GROUP, 4.5, 6.6, 1857.3, 0.7, 0, 0, 69, 988, 1014, 908, 1.4, 737.8, 2620.8
4, 126377, 18/11/2018 04:40:07, DM_TECH_GROUP, 6.7, 8.9, 3504.6, 2, 0, 0, 46, 666, 1003, 2311, 0.2, 783.9, 136.1
4, 126378, 18/11/2018 05:00:12, DM_TECH_GROUP, 6.9, 21.6, 8645.4, 10, 0, 0, 28, 411, 421, 2259, 4.7, 404, 1130.1
4, 126379, 18/11/2018 05:20:13, DM_TECH_GROUP, 5.3, 11.8, 5465.2, 3.9, 0, 0, 15, 194, 202, 1650, 2.6, 317.6, 2075.9
4, 126380, 18/11/2018 05:40:22, DM_TECH_GROUP, 2.8, 12.3, 4752.3, 6.3, 0, 0, 34, 440, 448, 976, 3.2, 203.8, 5002.8
4, 126381, 18/11/2018 06:00:08, DM_TECH_GROUP, 2.7, 9.4, 2815.9, 1.8, 0, 0, 19, 264, 375, 716, 4.9, 70.7, 5560.6
4, 126382, 18/11/2018 06:20:03, DM_TECH_GROUP, 1.6, 3.7, 686.6, 0.1, 0, 0, 1, 16, 0, 322, 2, 28.3, 3025.9
4, 126383, 18/11/2018 06:40:09, DM_TECH_GROUP, 0.4, 0.7, 342.7, 0.3, 0, 0, 1, 16, 58, 45, 0, 3.7, 84
4, 126414, 18/11/2018 17:00:08, DM_TECH_GROUP, 2.3, 4.8, 239.6, 0.4, 1, 0, 754, 10736, 10698, 460, 2.1, 1632.9, 3512.1
4, 126415, 18/11/2018 17:20:10, DM_TECH_GROUP, 0.9, 1.9, 257.6, 0, 0, 0, 62, 880, 871, 82, 1, 479.4, 2700.7
4, 126416, 18/11/2018 17:40:13, DM_TECH_GROUP, 0.7, 1.2, 10.3, 0.2, 0, 0, 24, 384, 499, 70, 0.3, 4.8, 583.6
4, 126417, 18/11/2018 18:00:01, DM_TECH_GROUP, 3.1, 6.4, 264.4, 0.4, 1, 0, 761, 10832, 10744, 806, 2.9, 1691.3, 4433.7
4, 126418, 18/11/2018 18:20:08, DM_TECH_GROUP, 1.3, 2.6, 172, 0.2, 0, 0, 62, 880, 840, 112, 1.1, 421, 2679.3
4, 126419, 18/11/2018 18:40:11, DM_TECH_GROUP, 0.9, 1.2, 22.9, 0, 0, 0, 32, 480, 585, 88, 0.3, 4.7, 559.2
4, 126420, 18/11/2018 19:00:10, DM_TECH_GROUP, 2.8, 5.5, 306.7, 0, 0, 0, 647, 9232, 9169, 534, 2.7, 1769.3, 4574
4, 126422, 18/11/2018 19:40:05, DM_TECH_GROUP, 0.5, 0.9, 12.6, 0.3, 0, 0, 6, 96, 116, 29, 0.1, 2.9, 351.6
4, 126423, 18/11/2018 20:00:30, DM_TECH_GROUP, 0.7, 1.6, 130, 0.6, 0, 0, 71, 1012, 1054, 32, 0.3, 54.2, 403.8
4, 126424, 18/11/2018 20:20:10, DM_TECH_GROUP, 0.6, 1.1, 52.5, 0.3, 0, 0, 1, 24, 76, 22, 0.2, 17.4, 439.2
4, 126425, 18/11/2018 20:40:23, DM_TECH_GROUP, 0.6, 1, 74.5, 0.2, 0, 0, 6, 96, 135, 31, 0.2, 3.9, 484.4
4, 126426, 18/11/2018 21:00:33, DM_TECH_GROUP, 0.8, 1.6, 139.5, 0.4, 0, 0, 70, 992, 966, 71, 0.4, 52.5, 578.4
4, 126427, 18/11/2018 21:20:03, DM_TECH_GROUP, 2, 5.3, 1016.1, 2.3, 0, 0, 9, 192, 313, 369, 1, 110.1, 2975.6
4, 126428, 18/11/2018 21:40:09, DM_TECH_GROUP, 2, 4.3, 10354.1, 1.5, 0, 0, 83, 1223, 1286, 339, 0.8, 91, 2149.1
4, 126429, 18/11/2018 22:00:14, DM_TECH_GROUP, 3.3, 7.7, 298.6, 2.1, 0, 0, 700, 9968, 9872, 673, 2.3, 1638.9, 3966.2
4, 126430, 18/11/2018 22:20:19, DM_TECH_GROUP, 0.9, 1.8, 115.9, 0.2, 0, 0, 70, 992, 946, 56, 0.7, 475.3, 2303.5
4, 126431, 18/11/2018 22:40:08, DM_TECH_GROUP, 0.5, 0.5, 5.2, 0, 0, 0, 76, 1120, 1249, 76, 0, 0.5, 54.2
4, 126432, 18/11/2018 23:00:21, DM_TECH_GROUP, 2.5, 5, 233.8, 0, 0, 0, 714, 10176, 10080, 419, 2.5, 1954.4, 5128.4
4, 126433, 18/11/2018 23:20:00, DM_TECH_GROUP, 0.2, 0.5, 90.7, 0.1, 0, 0, 57, 800, 759, 13, 0.2, 194.2, 835.9
4, 126363, 18/11/2018 00:00:09, OTHER_GROUPS, 7.8, 18.3, 12222.6, 9.7, 0, 0, 69, 276, 5210, 2624, 0.8, 4812, 412.3
4, 126364, 18/11/2018 00:20:21, OTHER_GROUPS, 13.5, 38.8, 13924.6, 23.8, 0, 0, 325, 1944, 19587, 5125, 1.5, 13577.6, 459.6
4, 126365, 18/11/2018 00:40:02, OTHER_GROUPS, 25.2, 31, 13183.4, 4.4, 0, 0, 908, 6144, 13714, 21027, 1.4, 3282.8, 662.4
4, 126366, 18/11/2018 01:00:04, OTHER_GROUPS, 18.8, 22.2, 12272.1, 2.4, 0, 0, 162, 1228, 6506, 11404, 1, 1146.2, 271.8
4, 126367, 18/11/2018 01:20:13, OTHER_GROUPS, 12.7, 16.9, 12074.7, 3.3, 0, 0, 29, 232, 5287, 4924, 0.9, 882.7, 218.6
4, 126368, 18/11/2018 01:40:07, OTHER_GROUPS, 10.4, 12.4, 10939.2, 1.2, 0, 0, 5, 48, 6444, 3737, 0.8, 936.3, 231.3
4, 126369, 18/11/2018 02:00:20, OTHER_GROUPS, 6, 8.9, 11109.9, 2.1, 0, 0, 0, 0, 5736, 2115, 0.8, 623.6, 371.3
4, 126370, 18/11/2018 02:20:11, OTHER_GROUPS, 5.8, 7.3, 10962.2, 0.7, 0, 0, 0, 0, 4697, 1545, 0.8, 789.6, 431.3
4, 126371, 18/11/2018 02:40:24, OTHER_GROUPS, 5.9, 8.3, 12214.7, 1.5, 0, 0, 0, 0, 5112, 1379, 0.9, 845.6, 298.4
4, 126372, 18/11/2018 03:00:18, OTHER_GROUPS, 5.8, 8.6, 10450.7, 2.2, 0, 0, 0, 0, 4903, 2034, 0.6, 612.9, 360.8
4, 126373, 18/11/2018 03:20:05, OTHER_GROUPS, 6, 8, 11395, 1.3, 0, 0, 0, 0, 4993, 1598, 0.7, 639.1, 445.8
4, 126374, 18/11/2018 03:40:26, OTHER_GROUPS, 5.7, 7.5, 10985.1, 1, 0, 0, 0, 0, 5163, 1201, 0.8, 738.1, 314.1
4, 126375, 18/11/2018 04:00:23, OTHER_GROUPS, 8.9, 13.4, 40380, 3.4, 0, 0, 0, 0, 4849, 2877, 1.1, 809.3, 438.4
4, 126376, 18/11/2018 04:20:04, OTHER_GROUPS, 26, 28.3, 61011.6, 0.9, 0, 0, 13, 104, 4711, 18171, 1.4, 3402.3, 496.7
4, 126377, 18/11/2018 04:40:07, OTHER_GROUPS, 34.4, 39.9, 63044.4, 4.1, 0, 0, 17, 120, 4388, 36171, 1.4, 2197.1, 483.8
4, 126378, 18/11/2018 05:00:12, OTHER_GROUPS, 28.6, 41.7, 36250.5, 4.3, 0, 0, 11, 64, 4966, 23547, 8.8, 1655.1, 1357.1
4, 126379, 18/11/2018 05:20:13, OTHER_GROUPS, 21.3, 25, 11972.1, 2.3, 0, 0, 10, 56, 5022, 12657, 1.4, 1501.7, 1451
4, 126380, 18/11/2018 05:40:22, OTHER_GROUPS, 17.3, 23.8, 12966.1, 5.9, 0, 0, 11, 48, 6134, 6911, 0.6, 1489, 149.3
4, 126381, 18/11/2018 06:00:08, OTHER_GROUPS, 14.3, 19.3, 11125.3, 2.7, 0, 0, 4, 32, 5664, 6377, 2.3, 1486, 2903.6
4, 126382, 18/11/2018 06:20:03, OTHER_GROUPS, 10.6, 14.5, 10668.4, 2, 0, 0, 0, 0, 6054, 3800, 1.9, 1189.9, 3054.4
4, 126383, 18/11/2018 06:40:09, OTHER_GROUPS, 8.9, 11.6, 11285.1, 1.4, 0, 0, 11, 92, 6741, 3862, 1.3, 1249, 1439.7
4, 126384, 18/11/2018 07:00:10, OTHER_GROUPS, 46.5, 70.5, 31918.8, 17.8, 12, 0, 417, 6791, 13143, 59510, 6.2, 8504.5, 6110.9
4, 126385, 18/11/2018 07:20:13, OTHER_GROUPS, 24.3, 37.1, 17339.4, 9.3, 1, 0, 82, 1737, 6964, 16994, 3.5, 6499.9, 3702
4, 126386, 18/11/2018 07:40:19, OTHER_GROUPS, 34, 40.1, 29526.1, 0.9, 3, 0, 197, 3434, 10972, 21220, 5.2, 7202, 6237.3
4, 126387, 18/11/2018 08:00:29, OTHER_GROUPS, 32.5, 42.8, 27130.4, 2.8, 9, 0, 769, 11617, 20009, 16916, 7.5, 7925.2, 10626.8
4, 126388, 18/11/2018 08:20:01, OTHER_GROUPS, 16.2, 19.7, 25982.6, 0, 0, 0, 119, 2756, 9805, 6408, 3.5, 6000.8, 9977.9
4, 126389, 18/11/2018 08:40:21, OTHER_GROUPS, 18.4, 25, 42455.2, 3.6, 0, 0, 77, 1733, 7300, 8736, 3, 6502.1, 6414
4, 126390, 18/11/2018 09:00:07, OTHER_GROUPS, 31.8, 38, 55528.6, 0, 2, 0, 817, 12319, 17865, 16404, 6.2, 9816.4, 8388.9
4, 126391, 18/11/2018 09:20:31, OTHER_GROUPS, 13.5, 15.5, 26655.6, 0, 0, 0, 95, 1920, 7190, 2506, 2, 6619.6, 4181.3
4, 126392, 18/11/2018 09:40:16, OTHER_GROUPS, 20.8, 22.5, 17977.5, 0, 0, 0, 57, 1617, 7136, 6935, 1.7, 5248.8, 1488.1
4, 126393, 18/11/2018 10:00:05, OTHER_GROUPS, 47.1, 57, 40193.7, 3.3, 0, 0, 833, 12791, 18176, 36860, 6.6, 9241, 7891.3
4, 126394, 18/11/2018 10:20:11, OTHER_GROUPS, 36, 40.3, 25252.2, 0.5, 0, 0, 97, 2126, 8318, 23563, 3.8, 6509.7, 7970.3
4, 126395, 18/11/2018 10:40:16, OTHER_GROUPS, 38.5, 47.5, 27805.7, 4.7, 0, 0, 112, 2704, 10922, 27518, 4.3, 4520.2, 5726.8
4, 126396, 18/11/2018 11:00:04, OTHER_GROUPS, 40.8, 85.7, 42212.2, 36.7, 10, 0, 759, 12343, 21805, 28894, 8.2, 7972.1, 8982.3
4, 126397, 18/11/2018 11:20:07, OTHER_GROUPS, 60.3, 77, 30827.4, 9.8, 0, 0, 163, 4320, 11649, 60359, 6.9, 6328.2, 9402.4
4, 126398, 18/11/2018 11:40:10, OTHER_GROUPS, 57.7, 84.2, 41845.6, 19.6, 0, 0, 124, 3497, 11241, 57687, 6.9, 6279.9, 8805.4
4, 126399, 18/11/2018 12:00:05, OTHER_GROUPS, 82.7, 98.2, 42791.6, 10.2, 2, 0, 68, 2955, 9377, 363745, 5.3, 6547.3, 3213.3
4, 126400, 18/11/2018 12:20:05, OTHER_GROUPS, 50.4, 68.1, 48975.7, 13.3, 19, 2.2, 18, 805, 6717, 34966, 4.4, 3561.6, 5107
4, 126401, 18/11/2018 12:40:02, OTHER_GROUPS, 51.2, 54.4, 54492.8, 0, 15, 0.2, 128, 4820, 11880, 47023, 3.2, 7455.3, 3155.5
4, 126402, 18/11/2018 13:00:15, OTHER_GROUPS, 54.4, 57.2, 18900, 0, 52, 1.6, 148, 5373, 13673, 72170, 2.8, 8204.9, 2433.5
4, 126403, 18/11/2018 13:20:15, OTHER_GROUPS, 44.1, 46.4, 13914.4, 0, 2, 0, 127, 3367, 12877, 19216, 2.3, 5852.9, 1607.2
4, 126404, 18/11/2018 13:40:02, OTHER_GROUPS, 54.7, 58.1, 16881.6, 0.1, 0, 0, 560, 31791, 49788, 27043, 3.3, 6792.6, 1856.5
4, 126405, 18/11/2018 14:00:06, OTHER_GROUPS, 58.4, 63.5, 12498.5, 1.6, 1, 0, 768, 44570, 55152, 39414, 3.5, 8516.5, 1941.5
4, 126406, 18/11/2018 14:20:34, OTHER_GROUPS, 69.2, 73, 28347.1, 0, 4, 0, 583, 34641, 43435, 352196, 3.8, 6760.1, 2939.6
4, 126407, 18/11/2018 14:40:43, OTHER_GROUPS, 88.4, 98.8, 48477.8, 2.8, 2, 0, 430, 25685, 47106, 174370, 7.6, 6305.5, 7325.3
4, 126408, 18/11/2018 15:00:15, OTHER_GROUPS, 89.5, 99.6, 50495.9, 0, 0, 0, 498, 30210, 35627, 496268, 10.1, 8394.8, 8317.1
4, 126409, 18/11/2018 15:20:04, OTHER_GROUPS, 84.6, 92.1, 48967.5, 1.2, 0, 0, 456, 28792, 36769, 103195, 6.3, 2194.6, 7259.4
4, 126410, 18/11/2018 15:40:23, OTHER_GROUPS, 57.2, 63.8, 36869.2, 0, 0, 0, 786, 49015, 62690, 36223, 6.6, 1486.2, 9646.1
4, 126411, 18/11/2018 16:00:04, OTHER_GROUPS, 57.6, 65.3, 18776.5, 0, 1, 0, 1348, 49048, 56791, 31804, 7.7, 4737.9, 10477
4, 126412, 18/11/2018 16:20:15, OTHER_GROUPS, 49, 54, 20246, 0, 0, 0, 656, 39335, 45540, 20503, 5, 1595.4, 7580.4
4, 126413, 18/11/2018 16:40:02, OTHER_GROUPS, 48.9, 50.7, 14861.7, 0, 0, 0, 754, 44663, 51232, 14535, 1.8, 1534.5, 1850.7
4, 126414, 18/11/2018 17:00:08, OTHER_GROUPS, 11.5, 12.3, 11069.3, 0, 0, 0, 0, 0, 5383, 1395, 0.8, 822.2, 301
4, 126415, 18/11/2018 17:20:10, OTHER_GROUPS, 11, 11.8, 11376.3, 0, 0, 0, 0, 0, 5537, 762, 0.8, 734.8, 347
4, 126416, 18/11/2018 17:40:13, OTHER_GROUPS, 10.7, 11.3, 11185.3, 0, 0, 0, 0, 0, 5119, 540, 0.6, 655.4, 133.4
4, 126417, 18/11/2018 18:00:01, OTHER_GROUPS, 10.7, 11.3, 11293.5, 0, 0, 0, 0, 0, 5422, 1127, 0.6, 571.6, 245
4, 126418, 18/11/2018 18:20:08, OTHER_GROUPS, 11, 11.7, 11245.5, 0, 0, 0, 0, 0, 6441, 575, 0.7, 776.7, 325.1
4, 126419, 18/11/2018 18:40:11, OTHER_GROUPS, 10.8, 11.5, 10612.5, 0, 0, 0, 0, 0, 5921, 520, 0.7, 829.7, 122.5
4, 126420, 18/11/2018 19:00:10, OTHER_GROUPS, 14.4, 15.1, 12666.9, 0, 0, 0, 4, 80, 6266, 1744, 0.7, 1856.1, 345.6
4, 126421, 18/11/2018 19:20:21, OTHER_GROUPS, 12.5, 45.9, 17603.8, 32.8, 0, 0, 6, 72, 6445, 2165, 0.6, 2006.8, 228.8
4, 126422, 18/11/2018 19:40:05, OTHER_GROUPS, 5.7, 8.5, 11144.9, 2.2, 0, 0, 1, 8, 5550, 559, 0.6, 846.3, 171.3
4, 126423, 18/11/2018 20:00:30, OTHER_GROUPS, 5.8, 9.3, 10885.3, 2.9, 0, 0, 0, 0, 5944, 594, 0.6, 789.9, 232.2
4, 126424, 18/11/2018 20:20:10, OTHER_GROUPS, 5.7, 7.8, 11260.5, 1.3, 0, 0, 0, 0, 4903, 487, 0.8, 769.7, 340.8
4, 126425, 18/11/2018 20:40:23, OTHER_GROUPS, 5.6, 6.6, 10852.7, 0.4, 0, 0, 0, 0, 5783, 387, 0.6, 821.5, 121.1
4, 126426, 18/11/2018 21:00:33, OTHER_GROUPS, 5.6, 7.4, 11342.3, 1, 0, 0, 0, 0, 4751, 641, 0.8, 757.3, 314.9
4, 126427, 18/11/2018 21:20:03, OTHER_GROUPS, 5.8, 7.1, 11251.3, 0.7, 0, 0, 0, 0, 5249, 530, 0.6, 750.8, 235.3
4, 126428, 18/11/2018 21:40:09, OTHER_GROUPS, 5.6, 7.1, 10978.7, 1, 0, 0, 0, 0, 5685, 534, 0.5, 849.9, 111.4
4, 126429, 18/11/2018 22:00:14, OTHER_GROUPS, 6.8, 10.4, 11288.9, 2.6, 0, 0, 0, 0, 5669, 1823, 1, 764.9, 444.9
4, 126430, 18/11/2018 22:20:19, OTHER_GROUPS, 6.1, 8.6, 11219.1, 1.6, 0, 0, 1, 5, 5999, 540, 0.9, 926.1, 491.6
4, 126431, 18/11/2018 22:40:08, OTHER_GROUPS, 5.6, 7.6, 10905.5, 1.2, 0, 0, 0, 0, 6826, 455, 0.8, 875.8, 471.6
4, 126432, 18/11/2018 23:00:21, OTHER_GROUPS, 2.7, 4.8, 6879.1, 1.7, 0, 0, 0, 0, 3025, 265, 0.4, 343.7, 295.8
4, 126433, 18/11/2018 23:20:00, OTHER_GROUPS, 0.4, 1.5, 3512.6, 0.9, 0, 0, 0, 0, 6278, 6, 0.2, 14.8, 167.4
4, 126434, 18/11/2018 23:40:01, OTHER_GROUPS, 0.2, 1.9, 4137.8, 1.6, 0, 0, 0, 0, 745, 2, 0.1, 9, 30
4, 126363, 18/11/2018 00:00:09, SANDBOX_GROUP, 18.1, 30.3, 13557.9, 10.9, 0, 0, 2, 64, 132, 8272, 1.3, 3136.2, 2386.2
4, 126364, 18/11/2018 00:20:21, SANDBOX_GROUP, 11.4, 25.3, 5875.2, 12.9, 1, 0, 12, 348, 361, 3763, 1, 3448.8, 1015.7
4, 126365, 18/11/2018 00:40:02, SANDBOX_GROUP, 8.2, 11.8, 452.1, 2.8, 0, 0, 23, 656, 743, 3267, 0.8, 5128.1, 1237.1
4, 126366, 18/11/2018 01:00:04, SANDBOX_GROUP, 11.3, 16.5, 936.5, 2.5, 0, 0, 23, 605, 661, 6371, 2.7, 5228.8, 3766.9
4, 126367, 18/11/2018 01:20:13, SANDBOX_GROUP, 5.6, 8.1, 551.7, 1.7, 0, 0, 25, 704, 879, 2234, 0.8, 5754, 1080
4, 126368, 18/11/2018 01:40:07, SANDBOX_GROUP, 6.8, 7.1, 604.9, 0, 0, 0, 23, 644, 939, 2200, 0.3, 5415.5, 343
4, 126369, 18/11/2018 02:00:20, SANDBOX_GROUP, 7.3, 8.5, 580.2, 0.9, 0, 0, 59, 1068, 1096, 2291, 0.3, 16316.6, 215.5
4, 126370, 18/11/2018 02:20:11, SANDBOX_GROUP, 11.7, 13.5, 940.7, 1.5, 0, 0, 83, 1664, 2052, 4785, 0.3, 12614.5, 299.6
4, 126371, 18/11/2018 02:40:24, SANDBOX_GROUP, 13.9, 20.6, 1692.5, 6.3, 0, 0, 41, 1096, 1585, 7096, 0.4, 11580.4, 591.3
4, 126372, 18/11/2018 03:00:18, SANDBOX_GROUP, 15.8, 28, 1607.6, 10.7, 0, 0, 23, 660, 812, 8843, 1.5, 5703.1, 1938.6
4, 126373, 18/11/2018 03:20:05, SANDBOX_GROUP, 17.9, 29.4, 5397.4, 10.2, 0, 0, 28, 788, 1179, 12451, 1.3, 7186.8, 2213.3
4, 126374, 18/11/2018 03:40:26, SANDBOX_GROUP, 15.3, 26.1, 1602.4, 9.7, 0, 0, 24, 656, 939, 7936, 1.1, 6458.6, 2454.1
4, 126375, 18/11/2018 04:00:23, SANDBOX_GROUP, 16.1, 32.5, 1619.5, 14.3, 0, 0, 16, 512, 734, 13465, 2.1, 4004.5, 1892.3
4, 126376, 18/11/2018 04:20:04, SANDBOX_GROUP, 16, 26.4, 1704.9, 9.1, 0, 0, 16, 444, 971, 7451, 1.3, 4826, 1987.4
4, 126377, 18/11/2018 04:40:07, SANDBOX_GROUP, 16.6, 27.3, 1196.3, 9.4, 0, 0, 24, 700, 1050, 7976, 1.3, 6943.8, 2187.8
4, 126378, 18/11/2018 05:00:12, SANDBOX_GROUP, 7.2, 24.5, 744.1, 14.7, 0, 0, 17, 480, 535, 2256, 2.6, 3005.4, 830.3
4, 126379, 18/11/2018 05:20:13, SANDBOX_GROUP, 8.9, 19.8, 931.6, 9.8, 0, 0, 3, 92, 470, 2791, 1.1, 1910.7, 1880.2
4, 126380, 18/11/2018 05:40:22, SANDBOX_GROUP, 11, 23.6, 890.7, 11.3, 0, 0, 5, 138, 426, 3641, 1.3, 1608.8, 2651.2
4, 126381, 18/11/2018 06:00:08, SANDBOX_GROUP, 16.4, 28.6, 15832.4, 10.5, 0, 0, 41, 1184, 1976, 7834, 1.7, 5093.9, 2831.6
4, 126382, 18/11/2018 06:20:03, SANDBOX_GROUP, 15.2, 25.1, 13074.1, 6.9, 0, 0, 44, 1318, 1824, 7717, 3, 4991.3, 6950.9
4, 126383, 18/11/2018 06:40:09, SANDBOX_GROUP, 12.7, 20.3, 7309.4, 5.1, 0, 0, 43, 1282, 1881, 5291, 2.5, 5286.7, 5267.9
4, 126414, 18/11/2018 17:00:08, SANDBOX_GROUP, 23.4, 29.4, 1457, 5.8, 0, 0, 19, 501, 538, 9357, 0.2, 3596.5, 272.2
4, 126415, 18/11/2018 17:20:10, SANDBOX_GROUP, 24, 29.3, 1275.9, 5.2, 0, 0, 19, 437, 438, 7746, 0.1, 2551.1, 218.2
4, 126416, 18/11/2018 17:40:13, SANDBOX_GROUP, 23.7, 29.4, 1212.3, 5.6, 0, 0, 3, 48, 55, 3140, 0.1, 322.9, 202.2
4, 126417, 18/11/2018 18:00:01, SANDBOX_GROUP, 23.3, 31.3, 1780.5, 7.6, 0, 0, 7, 168, 244, 13765, 0.4, 1605.6, 327.8
4, 126418, 18/11/2018 18:20:08, SANDBOX_GROUP, 24.1, 29.7, 1365, 5.4, 0, 0, 8, 144, 213, 5334, 0.2, 1927, 431.1
4, 126419, 18/11/2018 18:40:11, SANDBOX_GROUP, 24.1, 29.8, 4565.3, 5.6, 0, 0, 11, 192, 171, 5372, 0.1, 1381.3, 243
4, 126420, 18/11/2018 19:00:10, SANDBOX_GROUP, 23.8, 29.3, 1214, 5.4, 0, 0, 21, 504, 650, 6556, 0.1, 3159.1, 184.2
4, 126422, 18/11/2018 19:40:05, SANDBOX_GROUP, 25.2, 31.6, 1479.3, 5.6, 0, 0, 9, 160, 215, 56683, 0.8, 1862.7, 1347.7
4, 126423, 18/11/2018 20:00:30, SANDBOX_GROUP, 25.3, 29.7, 1524.7, 4.2, 0, 0, 21, 504, 595, 56949, 0.2, 2940, 169.1
4, 126424, 18/11/2018 20:20:10, SANDBOX_GROUP, 24.7, 30.1, 1393.8, 5.3, 0, 0, 32, 748, 742, 53792, 0.1, 6635.3, 173
4, 126425, 18/11/2018 20:40:23, SANDBOX_GROUP, 25.1, 29.2, 1386.1, 4, 0, 0, 12, 292, 423, 48932, 0.1, 3436, 183
4, 126426, 18/11/2018 21:00:33, SANDBOX_GROUP, 24.9, 29.9, 1396.7, 4.7, 0, 0, 21, 580, 651, 59207, 0.3, 4971.2, 164
4, 126427, 18/11/2018 21:20:03, SANDBOX_GROUP, 25.3, 30.2, 1530.5, 4.4, 0, 0, 27, 612, 713, 56901, 0.5, 3762.8, 812.4
4, 126428, 18/11/2018 21:40:09, SANDBOX_GROUP, 25.3, 30.5, 1202.9, 5.1, 0, 0, 26, 660, 726, 60965, 0.1, 5745.7, 170.1
4, 126429, 18/11/2018 22:00:14, SANDBOX_GROUP, 25, 31.6, 1211.9, 6.4, 0, 0, 23, 608, 638, 75876, 0.2, 4739.1, 140.3
4, 126430, 18/11/2018 22:20:19, SANDBOX_GROUP, 25.3, 29, 820.9, 3.6, 0, 0, 23, 624, 635, 52519, 0.1, 4246.1, 181.4
4, 126431, 18/11/2018 22:40:08, SANDBOX_GROUP, 25.2, 28.9, 832.4, 3.6, 0, 0, 25, 656, 705, 58706, 0.1, 4414.2, 170.7
4, 126432, 18/11/2018 23:00:21, SANDBOX_GROUP, 24.6, 28.5, 895.6, 3.6, 0, 0, 26, 612, 760, 56537, 0.3, 3417.6, 160
4, 126433, 18/11/2018 23:20:00, SANDBOX_GROUP, 24.9, 26.7, 718.9, 1.7, 0, 0, 4, 76, 76, 30481, 0.1, 518.8, 187.4
4, 126434, 18/11/2018 23:40:01, SANDBOX_GROUP, 24.3, 25, 548.9, 0.6, 0, 0, 20, 560, 568, 18353, 0.1, 3115.4, 171.3
4, 126363, 18/11/2018 00:00:09, SZB_SANDBOX_GROUP, 8.7, 9.3, 10534.3, 0.5, 0, 0, 11, 527, 1197, 1246, 0.1, 1325.6, 96.8
4, 126364, 18/11/2018 00:20:21, SZB_SANDBOX_GROUP, 0.7, 2, 194.1, 1.2, 0, 0, 4, 207, 267, 118, 0.1, 57.5, 69.3
4, 126365, 18/11/2018 00:40:02, SZB_SANDBOX_GROUP, 0.9, 1.1, 114.6, 0.1, 0, 0, 5, 288, 443, 349, 0.1, 52.8, 85.8
4, 126366, 18/11/2018 01:00:04, SZB_SANDBOX_GROUP, 12.7, 13.1, 12641.3, 0.1, 0, 0, 9, 495, 1025, 3993, 0.3, 1566.2, 152.7
4, 126367, 18/11/2018 01:20:13, SZB_SANDBOX_GROUP, 0.7, 0.9, 99.4, 0, 0, 0, 7, 188, 261, 117, 0.2, 61.9, 53
4, 126368, 18/11/2018 01:40:07, SZB_SANDBOX_GROUP, 0.8, 1, 94.8, 0.1, 0, 0, 3, 143, 197, 122, 0.1, 92.6, 30.1
4, 126369, 18/11/2018 02:00:20, SZB_SANDBOX_GROUP, 26.6, 32.5, 15261.1, 2.4, 0, 0, 14, 684, 2657, 11981, 3.5, 1873.5, 3865.5
4, 126370, 18/11/2018 02:20:11, SZB_SANDBOX_GROUP, 5, 6.3, 2600.5, 0.6, 0, 0, 5, 239, 937, 1641, 0.7, 137.5, 817.5
4, 126371, 18/11/2018 02:40:24, SZB_SANDBOX_GROUP, 1.7, 2.2, 356.7, 0.2, 0, 0, 6, 303, 434, 187, 0.3, 95.9, 67
4, 126372, 18/11/2018 03:00:18, SZB_SANDBOX_GROUP, 15.5, 18.3, 14299.1, 2.4, 0, 0, 9, 495, 2440, 4021, 0.4, 315.7, 281.8
4, 126373, 18/11/2018 03:20:05, SZB_SANDBOX_GROUP, 7, 7.4, 1511, 0, 0, 0, 5, 288, 3766, 4727, 0.4, 5497.2, 163.1
4, 126374, 18/11/2018 03:40:26, SZB_SANDBOX_GROUP, 2.5, 3.3, 535.8, 0.2, 0, 0, 6, 303, 2078, 780, 0.6, 140.3, 473.6
4, 126375, 18/11/2018 04:00:23, SZB_SANDBOX_GROUP, 17.9, 24.7, 12208.6, 4.3, 0, 0, 6, 271, 4414, 10210, 2.5, 8459.4, 1950.2
4, 126376, 18/11/2018 04:20:04, SZB_SANDBOX_GROUP, 17.6, 18.7, 3985.4, 0.5, 0, 0, 3, 143, 14840, 13455, 0.6, 5794, 613.2
4, 126377, 18/11/2018 04:40:07, SZB_SANDBOX_GROUP, 8.1, 16.1, 4039.2, 6.6, 0, 0, 5, 288, 5703, 3464, 1.4, 4148.3, 1279
4, 126378, 18/11/2018 05:00:12, SZB_SANDBOX_GROUP, 20.1, 77.9, 7992.3, 43.6, 0, 0, 5, 239, 3641, 10843, 14.2, 16477.9, 3098.3
4, 126379, 18/11/2018 05:20:13, SZB_SANDBOX_GROUP, 6.1, 9.5, 8599.7, 2.2, 0, 0, 5, 271, 2572, 1803, 1.2, 1500.8, 1189.6
4, 126380, 18/11/2018 05:40:22, SZB_SANDBOX_GROUP, 7.3, 11.4, 6498.2, 2.7, 0, 0, 8, 448, 1369, 2000, 1.4, 686.5, 1643.6
4, 126381, 18/11/2018 06:00:08, SZB_SANDBOX_GROUP, 6.8, 7.7, 14308.7, 0.4, 0, 0, 10, 591, 1788, 1334, 0.5, 3518.9, 501.2
4, 126382, 18/11/2018 06:20:03, SZB_SANDBOX_GROUP, 9.4, 9.6, 11133.3, 0, 0, 0, 9, 544, 661, 1660, 0.2, 270.9, 183.3
4, 126383, 18/11/2018 06:40:09, SZB_SANDBOX_GROUP, 13.5, 14.4, 16499.8, 0.1, 0, 0, 9, 495, 1697, 6468, 0.8, 647.6, 1258
4, 126414, 18/11/2018 17:00:08, SZB_SANDBOX_GROUP, 9.1, 10.5, 5234, 0, 0, 0, 862, 54259, 56439, 2668, 1.4, 1465.8, 1049
4, 126415, 18/11/2018 17:20:10, SZB_SANDBOX_GROUP, 8.5, 9.3, 3191.7, 0, 0, 0, 904, 56552, 57278, 1563, 0.8, 297, 1159.6
4, 126416, 18/11/2018 17:40:13, SZB_SANDBOX_GROUP, 5.7, 6.2, 1245.9, 0, 0, 0, 1104, 70383, 70739, 723, 0.5, 246.7, 710
4, 126417, 18/11/2018 18:00:01, SZB_SANDBOX_GROUP, 15.9, 20.1, 16465.6, 3.3, 0, 0, 593, 37807, 39592, 3507, 0.9, 1354.1, 543.3
4, 126418, 18/11/2018 18:20:08, SZB_SANDBOX_GROUP, 3.1, 3.4, 1169.5, 0, 0, 0, 263, 16384, 16760, 216, 0.3, 143.2, 361.7
4, 126419, 18/11/2018 18:40:11, SZB_SANDBOX_GROUP, 5.5, 6.1, 1595.3, 0, 0, 0, 649, 41120, 41403, 558, 0.6, 197.6, 757.7
4, 126420, 18/11/2018 19:00:10, SZB_SANDBOX_GROUP, 5.3, 5.9, 3805.9, 0, 0, 0, 803, 51264, 53058, 1266, 0.6, 1502.5, 570.8
4, 126422, 18/11/2018 19:40:05, SZB_SANDBOX_GROUP, 5, 6.1, 2208.4, 0.4, 0, 0, 58, 2784, 3798, 717, 0.7, 306.9, 839.8
4, 126423, 18/11/2018 20:00:30, SZB_SANDBOX_GROUP, 11.2, 15.6, 15408.9, 3.6, 0, 0, 15, 832, 1541, 1449, 0.8, 1950.4, 588
4, 126424, 18/11/2018 20:20:10, SZB_SANDBOX_GROUP, 3, 3.6, 2468.7, 0, 0, 0, 20, 1248, 1301, 675, 0.6, 96.7, 593.1
4, 126425, 18/11/2018 20:40:23, SZB_SANDBOX_GROUP, 2.4, 3.3, 2657.6, 0, 0, 0, 10, 512, 897, 209, 0.9, 56.2, 428.8
4, 126426, 18/11/2018 21:00:33, SZB_SANDBOX_GROUP, 13.7, 14.7, 10868.3, 0.2, 0, 0, 21, 1248, 2340, 1821, 0.8, 3814.4, 557.9
4, 126427, 18/11/2018 21:20:03, SZB_SANDBOX_GROUP, 2.6, 2.8, 2163.1, 0, 0, 0, 22, 1408, 1550, 128, 0.2, 65.4, 294.9
4, 126428, 18/11/2018 21:40:09, SZB_SANDBOX_GROUP, 2.8, 3.1, 2175.9, 0, 0, 0, 38, 1792, 2400, 292, 0.3, 184.3, 330.4
4, 126429, 18/11/2018 22:00:14, SZB_SANDBOX_GROUP, 17.8, 19.1, 15023.3, 0.6, 0, 0, 29, 1632, 3204, 4841, 0.7, 2008.4, 685.2
4, 126430, 18/11/2018 22:20:19, SZB_SANDBOX_GROUP, 3, 3.3, 1789.7, 0, 0, 0, 38, 2408, 3017, 246, 0.3, 149, 363.5
4, 126431, 18/11/2018 22:40:08, SZB_SANDBOX_GROUP, 7.8, 9.4, 3059.5, 0.8, 0, 0, 3, 160, 305, 562, 0.8, 37, 2316.5
4, 126432, 18/11/2018 23:00:21, SZB_SANDBOX_GROUP, 19.4, 20.7, 12866.8, 0.6, 0, 0, 51, 2528, 3436, 2379, 0.7, 2038.8, 888.5
4, 126433, 18/11/2018 23:20:00, SZB_SANDBOX_GROUP, 8.8, 8.9, 3439.4, 0, 0, 0, 14, 640, 1118, 498, 0.1, 296.6, 180.9
4, 126434, 18/11/2018 23:40:01, SZB_SANDBOX_GROUP, 15.7, 16.2, 4541.6, 0, 0, 0, 61, 3072, 4565, 2244, 0.5, 1037.6, 387.8
