HOST, TIME, SNAP_ID, SYS_CPU, SYS_DBTIME, SYS_SYSPCT, SYS_READ, SYS_WRITE, SYS_REDO, SYS_OSWAIT, SYS_RMWAIT, SYS_ACTSESS_MAX, SYS_ACTSESS_AVG, SYS_PGA, SYS_PXRUNS, SYS_PXQCT, SYS_PXSRVT, SYS_UCALLS, SYS_IOWAIT
1, 23/01/2019 23:59:38, 130931, 39.2, 67.7, 10.8, 1566.3, 378.9, 42.2, 0.9, 1.8, 252.8, 173.4, 49989.1, 143, 6.3, 145.5, 111.4, 13.3
1, 24/01/2019 00:19:39, 130932, 47.4, 79.4, 12, 11015.9, 320.9, 55.8, 2.2, 13.7, 304.7, 203.3, 48578.4, 93.1, 13.3, 240.1, 133.2, 20.8
1, 24/01/2019 00:40:39, 130933, 54.3, 95.6, 11.8, 3202.8, 355, 25.4, 1.5, 26.4, 296.9, 244.8, 45753, 82.1, 21.7, 292.5, 87.4, 8.2
1, 24/01/2019 00:59:38, 130934, 64.5, 117, 15.3, 5343.6, 193.3, 23, 2.6, 8.7, 358.4, 299.4, 71277.6, 681.5, 24.7, 393.7, 73.4, 23.1
1, 24/01/2019 01:19:38, 130935, 58, 87, 14, 4243.7, 189.2, 22.5, 1.2, 4.7, 308.5, 222.6, 60753.8, 466.1, 24, 393.8, 74.2, 22.9
1, 24/01/2019 01:40:39, 130936, 31.7, 44.2, 9.9, 1156.7, 144.2, 23.9, 0.9, 0.3, 188.7, 113.1, 28288.8, 496.6, 13.4, 221.3, 83.7, 8.7
1, 24/01/2019 01:59:38, 130937, 35, 49, 10, 1821.1, 209.6, 36.6, 0.9, 0, 190.4, 125.5, 19027.1, 603.9, 10.5, 178.1, 91.7, 7
1, 24/01/2019 02:19:38, 130938, 51.4, 58.3, 12.7, 6415.9, 174.9, 32.4, 1.1, 0.3, 228.9, 149.4, 36196.7, 738.4, 13.4, 220.6, 95.5, 5.6
1, 24/01/2019 02:39:38, 130939, 68.3, 80.4, 14.2, 5680.1, 139.5, 20.1, 1.3, 7.8, 239.3, 205.9, 37931.5, 391.9, 18.8, 347.9, 70.5, 7.5
1, 24/01/2019 02:59:38, 130940, 55.5, 89.5, 10.3, 5430.5, 73.6, 11.3, 3.2, 24, 251.8, 229.2, 40350.9, 125.9, 18.1, 367.2, 33.9, 11.3
1, 24/01/2019 03:19:38, 130941, 23.7, 65.7, 6.8, 1497.7, 72, 12.6, 0.7, 1.2, 260, 168.1, 44516.9, 43.9, 12.3, 222.4, 32.1, 47.9
1, 24/01/2019 03:39:38, 130942, 41.2, 64.7, 10.7, 3116.5, 212.6, 28.3, 0.9, 6.2, 273.8, 165.7, 35395.4, 76.9, 11.5, 194.6, 57, 11
1, 24/01/2019 03:59:38, 130943, 33.5, 50.2, 9.2, 643.6, 254.6, 25.2, 0.9, 0, 283.1, 128.4, 49200.8, 4394.5, 10.1, 158.3, 73.8, 9.4
1, 24/01/2019 04:19:38, 130944, 25.6, 25.7, 6.2, 163, 490.2, 18.7, 0.7, 0, 101.5, 65.8, 48313.8, 5134.3, 5.6, 74, 50.3, 7.4
1, 24/01/2019 04:40:38, 130945, 32.6, 42.3, 7.7, 1653.4, 499, 25.8, 0.8, 0, 280, 108.3, 47281.3, 5138.7, 5.8, 85.9, 55.6, 7.1
1, 24/01/2019 04:59:37, 130946, 26.9, 53.2, 7.2, 493.7, 321.8, 23.9, 0.8, 0, 283.9, 136.3, 43869.4, 2392.1, 5.9, 94.8, 59.2, 9.1
1, 24/01/2019 05:19:37, 130947, 26.4, 40.8, 7.5, 169.8, 203.9, 32.2, 0.8, 0, 188.4, 104.4, 43993.7, 1892.3, 4.1, 68.1, 67.2, 7.6
1, 24/01/2019 05:39:37, 130948, 28.5, 41.1, 7.7, 1194.4, 217.8, 33.3, 0.8, 0, 185.2, 105.3, 18095.9, 5754.8, 5.4, 102.3, 66.5, 7.5
1, 24/01/2019 05:59:37, 130949, 32.2, 39.5, 9.1, 428.9, 261.9, 46.4, 0.9, 0, 165.7, 101.2, 14686.4, 38.9, 4.3, 88.3, 79.1, 10.3
1, 24/01/2019 06:19:37, 130950, 24, 46.6, 7.4, 76.2, 219.4, 44.2, 0.8, 0, 278.2, 119.3, 12168.2, 39, 3.2, 55.8, 75.1, 7.7
1, 24/01/2019 06:39:37, 130951, 40.7, 56.2, 10.9, 915.6, 287.3, 37.5, 1, 0.4, 185.7, 143.8, 14817.2, 35.1, 7.1, 138.7, 97.7, 14.2
1, 24/01/2019 06:59:37, 130952, 40.1, 61, 11.4, 1126.2, 310.2, 55.4, 1, 0, 255.5, 156.2, 16165.5, 39.9, 4.2, 85, 135.9, 17.4
1, 24/01/2019 07:19:37, 130953, 37.6, 64.8, 11.2, 714.5, 295.6, 46.1, 1, 0, 232.3, 166, 14890.3, 45.1, 4.8, 96.9, 95, 27
1, 24/01/2019 07:39:37, 130954, 39.4, 81.5, 11.7, 270, 312.4, 55.6, 1, 0, 305, 208.6, 11247.7, 56.2, 3.6, 69.9, 93.3, 15.9
1, 24/01/2019 07:59:37, 130955, 62.2, 102.4, 16.6, 1507.4, 405.1, 70.5, 1.3, 0, 384.6, 262.1, 14369.3, 102.1, 8.3, 142.5, 118.6, 19.4
1, 24/01/2019 08:19:37, 130956, 57.6, 82, 16.4, 22703.6, 398.8, 80.5, 1.4, 0, 292.8, 210, 11565.3, 74.2, 5.7, 89.2, 131.4, 20.2
1, 24/01/2019 08:39:37, 130957, 51.6, 69.8, 14.7, 252.7, 393.1, 72.6, 1.3, 0, 222.2, 178.6, 11926.9, 84.5, 3.9, 60.7, 126.3, 20.1
1, 24/01/2019 09:00:37, 130958, 47.5, 63.6, 13.3, 17693.1, 292.5, 57.5, 1.2, 0.1, 256.8, 162.7, 10929, 100.1, 4.7, 69.4, 124.2, 24.3
1, 24/01/2019 09:20:37, 130959, 44.3, 74.1, 12.9, 1615.6, 273.2, 53, 1.1, 0.4, 265.7, 189.7, 19264.9, 118.6, 5.8, 92.1, 116.1, 19
1, 24/01/2019 09:39:37, 130960, 37.9, 68.1, 11.4, 1103.7, 280.4, 50, 1, 1.5, 282.2, 174.4, 11436, 53, 4.5, 63.7, 118.1, 20.6
1, 24/01/2019 09:59:37, 130961, 38.1, 75.2, 11.2, 1093.1, 250.9, 51.5, 1, 0, 309.4, 192.4, 16884.6, 133.1, 4.3, 60.8, 113.8, 17.9
1, 24/01/2019 10:19:36, 130962, 36.4, 74.3, 11, 1521.4, 274.6, 52.9, 1, 0, 311.2, 190.2, 12371.6, 188.9, 5.1, 93, 117.9, 18.7
1, 24/01/2019 10:39:36, 130963, 36.6, 59.5, 11.6, 952.7, 265.8, 54.3, 1.1, 0, 215, 152.4, 12185.9, 57.1, 3.2, 42.3, 132.6, 23.2
1, 24/01/2019 11:00:36, 130964, 37.5, 70.5, 11, 184, 309.5, 64.6, 1, 0, 326.9, 180.5, 17068.8, 59, 2.2, 26.3, 127.8, 19.2
1, 24/01/2019 11:19:36, 130965, 39.4, 67.1, 11.8, 2375.6, 270.4, 52.2, 1.1, 0.1, 252.3, 171.7, 12401.7, 182.4, 4.1, 72.1, 120.8, 17.7
1, 24/01/2019 11:39:36, 130966, 36.8, 60.3, 11.5, 360.2, 282.4, 56.4, 1.1, 0, 277.5, 154.5, 12191.2, 42.9, 3.5, 59.5, 133.1, 20
1, 24/01/2019 11:59:36, 130967, 34.6, 70.5, 10.5, 467.6, 266.8, 52.8, 1, 0, 311.9, 180.4, 11394.8, 60.1, 4.1, 65.8, 120.5, 17.5
1, 24/01/2019 12:19:36, 130968, 35.3, 57.7, 10.6, 905.1, 261.3, 56.4, 1, 0.7, 217.8, 147.8, 16615.8, 92, 3.9, 72.5, 131.3, 22.3
1, 24/01/2019 12:39:36, 130969, 51, 82.6, 13.3, 3039.3, 322.1, 52, 1.1, 2.9, 359.1, 211.3, 33914.2, 113, 7, 175, 122.1, 23.6
1, 24/01/2019 12:59:35, 130970, 49.9, 84.5, 13.1, 1485.6, 399.4, 52.7, 1.1, 5.7, 343.8, 216.3, 27068.9, 46.8, 5.4, 122.5, 120.7, 24.9
1, 24/01/2019 13:19:36, 130971, 46.9, 74.6, 13.1, 373.9, 530.3, 55.1, 1.1, 0.8, 309.4, 190.9, 29426.9, 57, 3.6, 62, 141.5, 15.8
1, 24/01/2019 13:39:36, 130972, 51.5, 77.8, 13.6, 2314.6, 393.7, 55.6, 1.2, 1.7, 299.4, 199.2, 31808.1, 175.3, 4.8, 117.7, 144.1, 8.8
1, 24/01/2019 13:59:35, 130973, 40.9, 54.6, 12, 191.7, 355.8, 64.4, 1.1, 0.4, 310.1, 139.8, 27202.1, 53, 2.6, 51, 176, 9
1, 24/01/2019 14:19:36, 130974, 42.5, 54, 11.4, 1546.8, 254.2, 56.8, 1.1, 0.2, 244.2, 138.3, 26669.7, 49, 3.5, 65.4, 146.3, 9.7
1, 24/01/2019 14:39:36, 130975, 48.4, 61.5, 13.5, 3612.6, 297.1, 59.7, 1.2, 0.3, 263, 157.5, 31385.2, 136.8, 6.3, 112.3, 162.9, 9.9
1, 24/01/2019 14:59:36, 130976, 46.8, 50.2, 13.7, 597.9, 323.5, 64.3, 1.2, 0, 153.3, 128.4, 27745, 124.2, 5.9, 87.2, 180.1, 13
1, 24/01/2019 15:19:35, 130977, 47.5, 49.7, 13.3, 284.7, 329.7, 65, 1.2, 0, 231.8, 127.2, 28705.1, 111.1, 5.2, 66.4, 180.8, 9.2
1, 24/01/2019 15:39:36, 130978, 52.6, 55.5, 14.5, 2329.2, 351.1, 64.8, 1.2, 0.4, 207.8, 142.2, 45425.2, 167.2, 6.5, 105.5, 176.5, 10
1, 24/01/2019 15:59:35, 130979, 66, 79.7, 15.9, 2130.1, 448.9, 59.9, 1.3, 2.1, 324.1, 203.9, 74149.6, 152.8, 7.5, 149.3, 155.6, 10.4
1, 24/01/2019 16:19:35, 130980, 70.2, 73.9, 17.3, 1514.7, 600.1, 66, 1.4, 0.2, 239.1, 189.3, 87423, 202, 7.4, 151.6, 164.4, 9
1, 24/01/2019 16:39:35, 130981, 75.5, 70.4, 18.3, 290.7, 457.3, 67.7, 1.5, 0, 214.2, 180.2, 100940.2, 55.9, 7.6, 156.3, 173.8, 11.6
1, 24/01/2019 16:59:35, 130982, 84.8, 115.3, 18, 6831.9, 410.3, 52.6, 11.1, 1.5, 447.8, 295.3, 96506.6, 118, 17.6, 329.1, 132.9, 12.4
1, 24/01/2019 17:20:35, 130983, 96.2, 136.9, 19.5, 4703, 386.8, 53.1, 28.2, 6.4, 523.6, 350.5, 117061.9, 110.7, 21.3, 461.9, 130.9, 9.9
1, 24/01/2019 17:39:34, 130984, 93, 128.8, 20.1, 2998.4, 398.2, 62.4, 14.7, 2.9, 809.5, 329.8, 86599.1, 114.2, 20.3, 398.5, 152.4, 22.2
1, 24/01/2019 17:59:34, 130985, 92.8, 168.4, 20, 4290.4, 342.4, 52.5, 34.9, 29.3, 568.4, 431.2, 91267.7, 42, 28.4, 578.7, 122.5, 36.6
1, 24/01/2019 18:19:35, 130986, 73.2, 115.9, 18, 4422.8, 382.8, 54, 5.5, 2.9, 485.2, 296.7, 104304.8, 97.1, 22.9, 413.7, 118, 28.7
1, 24/01/2019 18:39:34, 130987, 74.3, 123.9, 19.6, 3369.8, 334.4, 51.7, 6.4, 6.5, 449, 317.3, 88345, 188.6, 21, 403.9, 116.9, 34.9
1, 24/01/2019 18:59:35, 130988, 50.7, 113.1, 14.2, 1062.3, 332, 52.5, 1.2, 0.1, 363.1, 289.7, 79642.2, 73.1, 19.1, 362.5, 109.6, 67.5
1, 24/01/2019 19:19:35, 130989, 64.1, 90, 17.5, 2924.6, 529.1, 42.7, 1.7, 0, 359.6, 230.5, 73571.5, 155.2, 15.2, 290, 98.7, 22.4
1, 24/01/2019 19:39:35, 130990, 61.3, 74, 14.7, 1163.4, 775.9, 43.1, 1.1, 1.5, 471.5, 189.5, 70274.9, 96.7, 12.5, 284.9, 108.1, 11.5
1, 24/01/2019 19:59:35, 130991, 66.8, 93.2, 15.6, 2404.4, 417.1, 37.4, 1.6, 1.1, 338.6, 238.5, 101141.7, 89, 17.7, 418, 91.8, 17.8
1, 24/01/2019 20:19:35, 130992, 69, 101.4, 16.4, 1571.7, 556, 30.1, 1.8, 7.6, 342.2, 259.7, 93510.3, 88, 16.8, 418.9, 79.2, 15.4
1, 24/01/2019 20:39:34, 130993, 64.5, 74.6, 14.8, 1415, 564.1, 31.8, 1.1, 2.2, 248.2, 190.9, 109913.6, 37.1, 13.9, 324.6, 92.2, 10.5
1, 24/01/2019 21:00:34, 130994, 65.4, 90.4, 12.8, 1854.6, 629.3, 25.7, 1.4, 4.1, 329.2, 231.4, 78093.2, 87.5, 16.6, 411.5, 78.6, 16.5
1, 24/01/2019 21:19:34, 130995, 68.7, 88.7, 11.8, 1801.2, 368.3, 20.7, 0.9, 4.9, 260.7, 227.1, 102575.2, 75.8, 18.3, 466.2, 45.5, 7.3
1, 24/01/2019 21:39:34, 130996, 74.6, 78.5, 13.9, 2046.5, 385.4, 19.6, 1, 4.5, 224.8, 200.9, 96487.2, 31.9, 16.2, 393.4, 38.5, 8.7
1, 24/01/2019 21:59:34, 130997, 63.4, 74.5, 11, 1169.9, 437, 16.4, 0.8, 3.4, 263, 190.7, 99415, 33.2, 13.8, 344, 33.5, 7.7
1, 24/01/2019 22:19:34, 130998, 60.5, 80.5, 11.8, 2274.8, 505.7, 17.9, 1, 12.1, 268.4, 206.1, 110108.4, 119.1, 17.7, 445.8, 32.2, 7.8
1, 24/01/2019 22:40:34, 130999, 61.4, 75.4, 11.8, 1299.8, 523.8, 18.6, 0.9, 11, 226.4, 193, 70138.5, 25.2, 16.2, 408.3, 41.2, 8.2
1, 24/01/2019 22:59:33, 131000, 44.3, 59.5, 9.2, 891.2, 329.6, 23, 0.8, 0.3, 208.7, 152.4, 86774.3, 50.9, 13.4, 320.1, 46, 6.8
1, 24/01/2019 23:19:34, 131001, 45.2, 53.6, 9.6, 2956.2, 201.5, 18, 0.8, 4.5, 209.6, 137.3, 69657.7, 111.2, 14.2, 337.3, 29.9, 6.6
1, 24/01/2019 23:39:34, 131002, 39.4, 59.5, 9.9, 1156.7, 161.9, 20.2, 0.9, 0.2, 302, 152.3, 66310.2, 60.1, 12.4, 287, 56.7, 8.2
2, 24/01/2019 00:00:03, 130931, 51.9, 74.6, 15.7, 1790.1, 128.2, 31.4, 1.1, 0, 275.8, 190.9, 26728, 259.3, 7.9, 192.2, 83.7, 20.7
2, 24/01/2019 00:20:03, 130932, 61.9, 103.4, 17.5, 7159.5, 232.3, 46.8, 1.7, 14.3, 368, 264.6, 24716.5, 200.4, 15.6, 274.2, 118.7, 29.2
2, 24/01/2019 00:40:02, 130933, 53.7, 107.6, 13.9, 7701.8, 142.1, 24, 1.2, 21.5, 336.3, 275.4, 17652.1, 251.7, 22.8, 304.2, 78.7, 11.2
2, 24/01/2019 01:00:03, 130934, 55.9, 102.8, 12.7, 1438.9, 247.2, 25.1, 0.9, 10.2, 331.3, 263.1, 63209.6, 274.1, 19.4, 254.3, 83.6, 7.7
2, 24/01/2019 01:20:03, 130935, 77, 119.4, 16.8, 41297.3, 381.2, 27.6, 5.1, 7.3, 423.6, 305.6, 77746.7, 345.5, 20.6, 351.6, 99, 10
2, 24/01/2019 01:40:02, 130936, 89.6, 130.6, 17.1, 51772.9, 288.8, 18.5, 15.1, 18.8, 421.2, 334.3, 57347.8, 292.1, 25.9, 500.1, 84.3, 6.7
2, 24/01/2019 02:00:02, 130937, 81.8, 105, 15.4, 45529.8, 254.5, 24.9, 4.5, 11.7, 320, 268.8, 30090.6, 181.3, 18.2, 288.8, 118.3, 5.1
2, 24/01/2019 02:20:02, 130938, 71.6, 85.1, 15, 14355.2, 162.9, 27.4, 1.1, 8.8, 347.5, 217.9, 31336.2, 217, 15.7, 229.8, 153.7, 4.4
2, 24/01/2019 02:40:02, 130939, 72.8, 83, 16, 1309.8, 183.6, 30.5, 1.4, 6.6, 267.4, 212.4, 30106.8, 204.5, 13.4, 208.5, 195.4, 6.3
2, 24/01/2019 03:00:02, 130940, 58.4, 67.3, 12.2, 1080, 163.5, 26.2, 0.9, 5.6, 228.9, 172.3, 26048.4, 169.2, 11.9, 183.4, 143, 6.6
2, 24/01/2019 03:20:02, 130941, 33.1, 48.2, 7.5, 404.4, 108, 21, 0.6, 0, 180.3, 123.5, 14268.9, 198.1, 8.7, 103.2, 97.9, 21.5
2, 24/01/2019 03:40:02, 130942, 47.6, 53.7, 11, 1796.1, 217.3, 26.2, 0.8, 0.2, 263.1, 137.6, 25087.4, 321.5, 7.5, 107.4, 155.3, 4.1
2, 24/01/2019 04:00:02, 130943, 40.3, 48.7, 8.8, 1332.7, 170.8, 20.2, 0.6, 0, 230.3, 124.7, 42739.3, 220, 8.2, 130.7, 98.7, 6.3
2, 24/01/2019 04:20:02, 130944, 36.7, 31.5, 7.6, 643, 333.4, 12.4, 0.6, 0, 110.2, 80.6, 36466.3, 163.5, 5.3, 68.3, 41.5, 5.7
2, 24/01/2019 04:40:02, 130945, 37.5, 35.6, 8.4, 782.7, 368.8, 19.7, 0.6, 0.1, 172.8, 91.2, 39266.6, 267.5, 4.9, 64.3, 84.3, 5.9
2, 24/01/2019 05:00:02, 130946, 32.9, 47.2, 8.5, 1506.6, 257, 18.9, 0.7, 0.1, 247.3, 121, 40620.7, 213.7, 6, 122.3, 68.3, 8.8
2, 24/01/2019 05:20:01, 130947, 23.5, 29.2, 7.5, 1136.4, 125.7, 23.5, 0.6, 1.2, 154.3, 74.7, 36909.3, 184.6, 4.7, 60, 81.7, 7.3
2, 24/01/2019 05:40:01, 130948, 22.1, 33.3, 7.4, 3220.4, 108.7, 17.1, 0.6, 2.3, 192.3, 85.3, 13838.2, 284.6, 6.1, 93.7, 61, 10.2
2, 24/01/2019 06:00:01, 130949, 19.5, 25.8, 6.8, 2175, 100, 18.6, 0.6, 0.9, 126.4, 66, 13020.7, 216.5, 5.5, 75.4, 59.3, 9.8
2, 24/01/2019 06:20:02, 130950, 12.2, 24.5, 4.1, 247.3, 104.4, 17.2, 0.4, 0, 216, 62.8, 11594.9, 188, 3.2, 25.1, 57.4, 2.7
2, 24/01/2019 06:40:01, 130951, 15.6, 21.1, 5.3, 2808.3, 128.4, 19.2, 0.4, 0.1, 131.9, 54, 12805.5, 373, 4, 51.4, 50.9, 3.7
2, 24/01/2019 07:00:02, 130952, 23.1, 29.3, 6.1, 1499.4, 302.6, 23.7, 0.5, 1.1, 140.7, 75, 19821.3, 299.3, 4.2, 78.1, 55.9, 4.7
2, 24/01/2019 07:20:01, 130953, 17.7, 23.4, 5.8, 992.3, 166.6, 26.4, 0.5, 0, 105.8, 59.9, 12438.2, 203.9, 3, 49.8, 66.4, 6.8
2, 24/01/2019 07:40:01, 130954, 14.5, 33.1, 4.8, 134.5, 155.6, 28.3, 0.4, 0, 205.3, 84.9, 11729.9, 249.6, 2.1, 17.9, 77.2, 3
2, 24/01/2019 08:00:01, 130955, 33.5, 58.3, 9, 19124.3, 265.4, 38, 0.7, 0.2, 261.6, 149.3, 19119.8, 338.8, 6.9, 128.7, 101.3, 7.5
2, 24/01/2019 08:20:01, 130956, 30.6, 42.2, 8.5, 864.1, 235.2, 41.1, 0.7, 0.1, 192.2, 107.9, 18789.7, 155.7, 4.3, 100.6, 98.2, 5.4
2, 24/01/2019 08:40:01, 130957, 36.5, 40.6, 10.2, 28842.6, 208.5, 43.5, 0.8, 0.1, 141.5, 104.1, 14706.4, 205.1, 3.4, 90.4, 105.9, 7.5
2, 24/01/2019 09:00:01, 130958, 33.6, 40.4, 10.7, 11773, 286.4, 53, 0.8, 0.3, 189.1, 103.5, 18373.3, 198.1, 4.3, 69.9, 141.2, 11.6
2, 24/01/2019 09:20:01, 130959, 39.6, 55.2, 11.6, 2333.7, 299.6, 51.9, 0.9, 0, 231.4, 141.4, 17846.3, 236.6, 7.4, 129.3, 130.8, 9.5
2, 24/01/2019 09:40:01, 130960, 33.5, 51.6, 9.3, 393.7, 310.1, 58.7, 0.8, 0, 251.3, 132, 14395.7, 239.3, 4.9, 77.5, 132.1, 7.1
2, 24/01/2019 10:00:00, 130961, 33.9, 60.8, 10, 945.2, 303.8, 59.3, 0.8, 0.1, 289.8, 155.6, 20753.8, 241.1, 4.6, 73.7, 142.1, 7.7
2, 24/01/2019 10:20:00, 130962, 39.7, 64.3, 10.5, 1920.8, 435.1, 56.3, 0.8, 0.1, 298.4, 164.6, 20405, 204.4, 5.7, 122, 129, 7
2, 24/01/2019 10:40:00, 130963, 37.6, 44, 9.8, 1666.1, 337.9, 52.9, 0.8, 0, 209.1, 112.5, 14999.7, 232.1, 3.7, 85.2, 134.1, 6.5
2, 24/01/2019 11:00:00, 130964, 30.9, 52.6, 8.6, 1038.8, 323.1, 50.7, 0.7, 0, 305.6, 134.7, 15581.1, 165.6, 2.9, 57, 115.4, 8.8
2, 24/01/2019 11:20:01, 130965, 44.8, 71.1, 11.4, 1062.3, 370.6, 56.9, 0.9, 0.6, 275.6, 181.9, 24361.6, 160.1, 4.6, 102.3, 139.7, 8.6
2, 24/01/2019 11:40:00, 130966, 43.2, 60.2, 11.3, 482.1, 348.1, 60.5, 0.9, 0, 298.9, 154, 40873.8, 246.7, 3.2, 70.1, 148.6, 7.2
2, 24/01/2019 12:00:00, 130967, 37.3, 70.2, 9.7, 477.1, 281.8, 60.1, 0.8, 0, 311.7, 179.7, 37501.9, 187.1, 2.4, 44.4, 138.5, 7.8
2, 24/01/2019 12:20:00, 130968, 31.4, 37.7, 9.2, 1635.9, 272.9, 60.2, 0.7, 0, 161.2, 96.5, 29858.1, 166.7, 3, 55.8, 127.4, 6.7
2, 24/01/2019 12:40:01, 130969, 36.2, 48.3, 10.2, 1641.9, 393.4, 57.9, 0.8, 0.5, 251, 123.6, 35102.2, 284.5, 6.3, 132.3, 123.3, 7.1
2, 24/01/2019 13:00:00, 130970, 31.7, 47.4, 9.5, 614.5, 377.4, 64.3, 0.8, 0.5, 222.4, 121.5, 50507.1, 187, 3.6, 80.3, 132.2, 6.2
2, 24/01/2019 13:20:00, 130971, 27.7, 47.9, 8.3, 1574.2, 322.7, 64.1, 0.7, 0, 265, 122.6, 54518.8, 159.8, 3.6, 78, 125.4, 5.7
2, 24/01/2019 13:40:00, 130972, 36.5, 61.3, 10.2, 1472.5, 369.3, 62.8, 0.8, 0.2, 263.9, 156.9, 59258.6, 284.3, 5.6, 123.6, 124.1, 6.7
2, 24/01/2019 14:00:00, 130973, 38.4, 66.2, 10.9, 1019.2, 373.7, 64.3, 0.9, 0, 309.1, 169.5, 58991.7, 185.1, 6.3, 123.2, 127.2, 7.9
2, 24/01/2019 14:20:00, 130974, 35.8, 56.6, 10.1, 206.9, 364.5, 64.3, 0.8, 0, 282.5, 145, 52883.9, 164.3, 5, 69.1, 143.8, 6.5
2, 24/01/2019 14:40:00, 130975, 43.4, 67.2, 11.4, 1809.1, 413.2, 60.8, 0.9, 1.3, 299.2, 172.2, 74084.1, 274.8, 6.5, 146.3, 139.5, 6.1
2, 24/01/2019 15:00:00, 130976, 33.8, 40.4, 10.1, 519.4, 316.7, 59.5, 0.8, 0, 148.4, 103.4, 70396.6, 167.6, 4.3, 113.2, 139.5, 7.3
2, 24/01/2019 15:19:59, 130977, 28.3, 35.1, 8.8, 148.1, 305.5, 60.8, 0.8, 0, 135.5, 89.9, 66794.6, 142.7, 3.2, 73.1, 147, 4.9
2, 24/01/2019 15:40:00, 130978, 37.4, 53.1, 10.6, 1185.6, 352.9, 56.7, 0.8, 0.5, 245.1, 136, 76080.7, 268.2, 5.7, 142.7, 136, 5.6
2, 24/01/2019 15:59:59, 130979, 40.1, 72.2, 11.7, 1374.3, 341, 58.6, 0.9, 1.6, 251, 184.8, 78119.2, 170.1, 8.1, 190.7, 135.1, 8.4
2, 24/01/2019 16:19:59, 130980, 30.5, 36.8, 9, 637.2, 313.2, 55.4, 0.7, 0, 187.9, 94.3, 75963.1, 143.3, 6.6, 133.3, 124.4, 5.6
2, 24/01/2019 16:40:00, 130981, 24.5, 23.7, 7.9, 130.6, 263.7, 54, 0.7, 0, 95.9, 60.6, 74259.9, 226.2, 5.8, 122.9, 120.9, 5.2
2, 24/01/2019 16:59:59, 130982, 33.2, 52.9, 9.1, 967.4, 405.1, 55.6, 0.7, 0.2, 263.2, 135.5, 74244.5, 245.7, 7.8, 167, 122.2, 6.3
2, 24/01/2019 17:19:59, 130983, 35.2, 55.8, 9.8, 2006.4, 394.6, 51.8, 0.8, 0.3, 290.3, 142.8, 71883.4, 276.4, 9.6, 217.3, 110.8, 7.5
2, 24/01/2019 17:39:59, 130984, 28.6, 48.5, 8.1, 808.4, 429, 50.4, 0.7, 0, 491.4, 124.3, 70813.4, 298.5, 9, 173.4, 101.7, 13.6
2, 24/01/2019 17:59:59, 130985, 33.7, 45.6, 9, 345.4, 426.7, 51, 0.7, 0, 192.8, 116.6, 72551.4, 286, 8.1, 157.9, 107.9, 8
2, 24/01/2019 18:19:59, 130986, 36.4, 51.8, 9.1, 2268.7, 486.5, 49.9, 0.7, 0.6, 253.3, 132.6, 73950.4, 323.6, 8, 152.2, 92.7, 7.8
2, 24/01/2019 18:39:59, 130987, 48.7, 69.4, 11.8, 2865.8, 433.7, 47.1, 0.8, 0.6, 267.3, 177.6, 72642.5, 559.6, 11.6, 240.1, 86.9, 10.1
2, 24/01/2019 18:59:59, 130988, 43.3, 59.6, 11.4, 2535.4, 342.7, 53.3, 0.9, 0, 235.2, 152.7, 68596.4, 382.5, 10.1, 187.7, 116.9, 16.2
2, 24/01/2019 19:19:59, 130989, 32.5, 48.2, 9, 258.7, 309.6, 46.7, 0.7, 0, 203.4, 123.4, 65826.7, 233.9, 7, 127.1, 117.8, 15.2
2, 24/01/2019 19:39:59, 130990, 38.4, 45.9, 10, 3151.7, 371.4, 40.8, 0.8, 1.3, 175.4, 117.4, 47146.4, 396.9, 7.9, 158.3, 110.8, 8.5
2, 24/01/2019 19:59:58, 130991, 38.9, 56, 10.1, 2386, 257.5, 35.5, 0.8, 1.1, 217, 143.3, 43411.8, 418.2, 11.7, 239.8, 111.9, 8.4
2, 24/01/2019 20:19:59, 130992, 45.4, 72.7, 14.7, 1311.6, 227.1, 29.4, 1.1, 1.6, 264.5, 186.2, 43773.1, 302, 13, 314.3, 89, 14.8
2, 24/01/2019 20:39:59, 130993, 42.1, 54, 15, 1099.4, 185, 19.7, 1.1, 0.2, 189.1, 138.3, 39520.2, 461.6, 11.1, 265.1, 58.4, 18.4
2, 24/01/2019 20:59:58, 130994, 38.5, 61.1, 13.9, 1460.5, 169, 26.1, 1, 0.1, 254.2, 156.3, 39807.1, 245, 10.7, 243.8, 99.1, 20.4
2, 24/01/2019 21:19:58, 130995, 30, 49.7, 11.2, 1527.9, 141.4, 13.7, 0.8, 0.1, 176.5, 127.1, 39567, 195.3, 11.4, 258.5, 41.5, 14.5
2, 24/01/2019 21:39:58, 130996, 32.8, 40.7, 12.5, 965.5, 139.8, 14.9, 1, 0, 137.2, 104.2, 38380.3, 537.2, 10.2, 226.5, 55.7, 16.7
2, 24/01/2019 21:59:58, 130997, 33.8, 45.1, 10.8, 1910.4, 124, 10.1, 0.8, 0, 153.9, 115.6, 37337, 195.7, 9.5, 220.9, 34.9, 15.9
2, 24/01/2019 22:19:58, 130998, 49.7, 59.6, 13.5, 2844.6, 125.8, 12.6, 0.9, 0.7, 201, 152.7, 39287.7, 225.3, 10.3, 253.9, 45.2, 15.4
2, 24/01/2019 22:39:58, 130999, 44, 54.6, 13, 840.6, 107.8, 14.2, 1, 0, 183, 139.7, 38638.8, 266.7, 9.4, 234.2, 40.5, 15.7
2, 24/01/2019 22:59:58, 131000, 49.8, 67.8, 13.8, 1067.9, 177.9, 16.1, 0.9, 0.2, 238.5, 173.6, 67840.9, 256.1, 10.2, 260, 54.7, 16.8
2, 24/01/2019 23:19:58, 131001, 54.1, 59.1, 14.9, 1149.9, 232.8, 16.6, 1, 1.7, 187.3, 151.3, 72008.9, 187.9, 10.4, 261.3, 60.7, 15.1
2, 24/01/2019 23:39:57, 131002, 49.5, 71.8, 12.6, 1063.5, 224.8, 10.2, 0.9, 2.1, 337.9, 183.7, 71731.4, 261, 10.9, 275.7, 36.8, 12.4
3, 23/01/2019 23:59:59, 130931, 47.1, 61.9, 7.4, 22661.8, 265.2, 56.4, 0.4, 0.2, 259.9, 158.3, 51091.1, 342.3, 24.2, 455.8, 1.5, 10.1
3, 24/01/2019 00:19:58, 130932, 45.2, 79.3, 8.4, 28954.6, 182.2, 6.2, 0.6, 2.2, 322.5, 203.1, 59614.5, 509.2, 49.2, 442, 8.1, 30.1
3, 24/01/2019 00:39:58, 130933, 57.4, 65.4, 9.5, 3017.3, 166.3, 14.4, 0.6, 0.7, 195.9, 167.5, 52276, 621.1, 37.7, 491.4, 6.2, 6.4
3, 24/01/2019 00:59:59, 130934, 64.8, 85.3, 11.1, 17384.3, 260.7, 25.2, 0.7, 5.2, 246.1, 218.3, 91486.3, 350.3, 38.8, 512.6, 3.7, 8.8
3, 24/01/2019 01:19:59, 130935, 57.6, 66.3, 10.4, 3050.1, 314.7, 33.7, 0.6, 4.2, 223.2, 169.8, 52556.3, 263.1, 33, 460.3, 4.9, 9.2
3, 24/01/2019 01:39:58, 130936, 41.9, 57.7, 7.4, 5194, 189.7, 21.6, 0.5, 6.5, 179.8, 147.8, 60718.1, 205, 29.7, 370.4, 10, 6.1
3, 24/01/2019 01:59:58, 130937, 43.1, 73.5, 9.1, 18821.5, 325, 23.2, 0.5, 15.4, 257.2, 188.2, 77491.8, 312.6, 34.6, 540.3, 3.7, 9
3, 24/01/2019 02:19:58, 130938, 26.1, 43.6, 7.4, 11292.5, 139.8, 2.9, 0.6, 8, 151.1, 111.6, 37543.3, 316.2, 25.9, 299, 3.3, 8.3
3, 24/01/2019 02:40:04, 130939, 22.9, 41.8, 6.5, 13779.6, 188.1, 0.8, 0.5, 13.1, 135.7, 107.1, 36145, 294.5, 28.8, 313.4, 3.8, 8.4
3, 24/01/2019 03:00:03, 130940, 39.6, 78.3, 8.6, 42233.5, 249.3, 5.3, 0.7, 23.4, 323.9, 200.6, 47460.9, 354, 33.1, 437.8, 3.2, 16.3
3, 24/01/2019 03:20:04, 130941, 37.8, 124.1, 8.9, 121113, 102.7, 15.7, 0.6, 4.8, 448.8, 317.8, 48448.1, 248.3, 35.8, 692.5, 3, 82.5
3, 24/01/2019 03:40:03, 130942, 29.5, 45.1, 7.4, 5539, 108.2, 9.9, 0.5, 7.7, 162.5, 115.5, 38360.3, 259.1, 25.9, 407.8, 2.4, 9.6
3, 24/01/2019 04:00:03, 130943, 53.3, 75.3, 10.6, 36174.9, 199.6, 9.1, 0.8, 15.9, 276.3, 192.8, 92408.3, 400.4, 37, 665.8, 10.7, 9.6
3, 24/01/2019 04:20:03, 130944, 55.6, 68.2, 10.9, 5140.2, 433.2, 7.5, 0.7, 13, 213.2, 174.7, 75749.2, 4704.5, 36.9, 681.4, 14.5, 8
3, 24/01/2019 04:40:02, 130945, 49.7, 65.4, 8.2, 7692.9, 431.4, 9.2, 0.5, 18.2, 197.8, 167.4, 83494.4, 275.8, 38.9, 616.9, 7.7, 6
3, 24/01/2019 05:00:03, 130946, 30.1, 53.1, 5.7, 26645.6, 460, 8.6, 0.4, 21.9, 177.2, 136, 91637.1, 410.8, 34.5, 575.2, 4.7, 5.9
3, 24/01/2019 05:20:02, 130947, 39.6, 52.8, 9.1, 6776.9, 463.1, 8.6, 0.6, 7.2, 227.4, 135.3, 110100.9, 298.8, 33.3, 571.6, 5.9, 7.8
3, 24/01/2019 05:40:03, 130948, 56.7, 88, 13.3, 7167.2, 398.2, 6.1, 2.2, 12.7, 337.3, 225.4, 101243.9, 357, 34, 614.5, 6.4, 11
3, 24/01/2019 06:00:02, 130949, 51.3, 83.4, 11.2, 18267.4, 608.6, 15, 1.9, 25.4, 307.4, 213.6, 63635.9, 265.6, 38.7, 638.6, 6.4, 12.5
3, 24/01/2019 06:20:03, 130950, 37.3, 58.7, 8.5, 5056.6, 263.5, 6.2, 0.6, 12.9, 235.3, 150.3, 81186.8, 380.3, 35.3, 483.2, 8.3, 8.6
3, 24/01/2019 06:40:03, 130951, 30.8, 48.5, 9.3, 6765.2, 196.6, 1.9, 0.7, 9.2, 150, 124.2, 74392.9, 369, 30, 386.8, 8.7, 12.7
3, 24/01/2019 07:00:02, 130952, 42.4, 73, 10.6, 19923.8, 458.3, 2.1, 0.7, 18.4, 264.2, 186.8, 69973.1, 329.9, 33.8, 466.4, 7.2, 11.8
3, 24/01/2019 07:20:02, 130953, 35.6, 55.5, 9, 15488.9, 213.9, 3.2, 0.6, 14.4, 209.7, 142.1, 88405.3, 294.2, 32.1, 418.8, 7.6, 10.5
3, 24/01/2019 07:40:02, 130954, 50.4, 104.6, 11.9, 4882.5, 262.4, 16.6, 1.3, 18.3, 399.4, 267.8, 193914.4, 295.9, 42.2, 881.8, 6, 10.3
3, 24/01/2019 08:00:01, 130955, 66.5, 111.8, 14.9, 26272.2, 592.4, 18, 1.2, 12, 416.1, 286.1, 104891.3, 293.5, 44.4, 1225.6, 4.5, 13.9
3, 24/01/2019 08:20:17, 130956, 57.1, 82.3, 12.1, 2974.2, 511.7, 24.9, 1.1, 6.4, 288.4, 210.6, 91508.2, 293.1, 45.8, 1208.9, 5.7, 14.3
3, 24/01/2019 08:39:22, 130957, 56.6, 73.2, 11.5, 1487.1, 537.5, 24.8, 1.2, 2.9, 245.1, 187.5, 79825.3, 257.5, 43.5, 1080.3, 6, 11.6
3, 24/01/2019 09:00:22, 130958, 57, 75.9, 11.6, 29665.4, 422, 23, 3.5, 6.6, 400.8, 194.3, 72774.4, 323.4, 44.9, 1099, 5.7, 12.3
3, 24/01/2019 09:20:21, 130959, 46, 74.1, 9.1, 3227.2, 407.6, 33.9, 0.8, 6.1, 403.2, 189.8, 51563.6, 398.3, 39.5, 944.3, 6.6, 12.3
3, 24/01/2019 09:40:22, 130960, 31.4, 49.9, 6.5, 6767.7, 346.1, 23.5, 0.4, 2.9, 240.5, 127.8, 38150.2, 402.7, 36.9, 704.5, 7.2, 9.2
3, 24/01/2019 09:59:22, 130961, 40.6, 64.3, 7.8, 32047.7, 456.3, 12.2, 0.5, 10.3, 227.8, 164.7, 78181.2, 870.4, 41.8, 804.5, 6.2, 9.4
3, 24/01/2019 10:20:22, 130962, 29.2, 61.3, 5.9, 5375.2, 211.5, 14.3, 0.4, 19.2, 199.2, 156.9, 34645.2, 1217.1, 44.9, 761.7, 6.9, 7.1
3, 24/01/2019 10:40:21, 130963, 29.9, 71.1, 5.8, 3689.7, 183.8, 9, 0.4, 37.2, 237.9, 182, 42194.7, 1439.1, 52.7, 652.3, 10, 6.2
3, 24/01/2019 11:00:21, 130964, 32.1, 88.6, 6.3, 16727.7, 92.7, 5.9, 0.5, 48.3, 309.8, 226.8, 51134.4, 991.6, 55.4, 733, 9, 5.8
3, 24/01/2019 11:19:22, 130965, 32.1, 83.6, 7.1, 10846, 133.4, 6.3, 0.4, 37.9, 286, 213.9, 56042.9, 1008.8, 53.5, 725.6, 8.6, 5.9
3, 24/01/2019 11:39:21, 130966, 33.8, 78.9, 8, 8035.9, 144.8, 7.2, 0.5, 34.4, 255.7, 202.1, 56233.7, 1129.6, 49.7, 705.8, 6.2, 6.7
3, 24/01/2019 11:59:21, 130967, 34.3, 78.5, 7.1, 15266, 144.4, 5.8, 0.4, 27.5, 236, 201.1, 63202.1, 893.8, 49.8, 772.2, 5.5, 7.2
3, 24/01/2019 12:19:22, 130968, 55.6, 102.3, 10.5, 8069.4, 319.1, 16.1, 1.7, 37.6, 353.3, 261.8, 77348.1, 874.7, 55.7, 822.1, 5.4, 8.9
3, 24/01/2019 12:39:21, 130969, 46.5, 89.7, 8.9, 10400.3, 228.1, 8.3, 0.6, 32.6, 283.9, 229.6, 66166.6, 801.2, 50.9, 840, 5.4, 8.9
3, 24/01/2019 12:59:21, 130970, 46, 79, 8.4, 14857.2, 259.8, 9.5, 0.7, 21.8, 335, 202.1, 52082.7, 815, 47.4, 811.8, 7.4, 7.9
3, 24/01/2019 13:19:21, 130971, 33, 76, 6.7, 6214.9, 170.3, 0.9, 0.5, 31.6, 286.8, 194.5, 57741, 957, 47.3, 659.7, 7.4, 7.2
3, 24/01/2019 13:39:21, 130972, 32.8, 73, 6.5, 4583.2, 268, 1.1, 0.4, 31.2, 267.1, 187, 43870.8, 1242.2, 45.8, 615.9, 8.6, 6.5
3, 24/01/2019 13:59:21, 130973, 45.6, 87, 8.7, 16010.8, 333.1, 5.2, 1, 32.8, 278.6, 222.8, 44546.4, 1028.1, 45, 638.1, 6.3, 8.6
3, 24/01/2019 14:19:21, 130974, 32, 60.1, 7.1, 22757.6, 320.4, 0.5, 0.5, 20, 182.1, 153.7, 67608.9, 1100.1, 40, 530.9, 8.3, 7.6
3, 24/01/2019 14:39:20, 130975, 33.9, 55.4, 8.2, 2722.8, 383.6, 2.5, 0.6, 10.9, 172.3, 141.9, 62779.1, 1206.5, 38.4, 523.5, 9.6, 8.7
3, 24/01/2019 15:00:21, 130976, 28.2, 51.8, 6.8, 31160.7, 219.3, 1.4, 0.5, 17.7, 153.4, 132.5, 31172, 1312, 40, 515.6, 8.8, 9.4
3, 24/01/2019 15:20:20, 130977, 22.4, 52.3, 5.4, 8513.8, 97.8, 1.1, 0.4, 25.3, 187.5, 134, 33705.2, 561.4, 39, 482.5, 7.4, 7.3
3, 24/01/2019 15:39:20, 130978, 23.3, 52.6, 4.9, 2867.9, 73, 0.5, 0.3, 26.8, 218.9, 134.6, 39170.8, 628.5, 38.2, 471.2, 5, 6.2
3, 24/01/2019 15:59:20, 130979, 32.8, 66.5, 7, 19758, 98.2, 4.2, 0.4, 21.1, 220.4, 170.2, 31776, 1374.3, 41.5, 564, 7, 8.3
3, 24/01/2019 16:19:20, 130980, 31.6, 65.6, 7.2, 4909.2, 71.6, 0.4, 0.5, 26.3, 211.5, 167.8, 40571.6, 294, 40.2, 529.2, 4.9, 9.6
3, 24/01/2019 16:39:20, 130981, 27.7, 62.1, 7.6, 6597.2, 90.8, 1.1, 0.6, 24.2, 302.9, 159, 41859.8, 258.4, 40.4, 524.8, 6.1, 10.1
3, 24/01/2019 17:00:20, 130982, 38, 77.3, 8.4, 16458.1, 88.2, 3.7, 0.6, 18.6, 251.2, 197.9, 61380.3, 272.7, 50.1, 720.9, 6, 12
3, 24/01/2019 17:20:20, 130983, 30.7, 60.8, 6.9, 4025.2, 93.4, 0.9, 0.5, 14, 218, 155.5, 74343.3, 297.7, 42.4, 579.8, 8.1, 9.8
3, 24/01/2019 17:39:20, 130984, 26.2, 59, 5.5, 23713, 109.2, 0.2, 0.4, 15.8, 197.8, 151.1, 42828, 211.1, 41, 545, 6.9, 13.5
3, 24/01/2019 18:00:20, 130985, 34.5, 65.8, 7.1, 35805.9, 185.5, 3.7, 0.5, 13.8, 201.7, 168.4, 73290.5, 265.2, 40.6, 604.8, 6.8, 11.7
3, 24/01/2019 18:19:20, 130986, 27.3, 55.2, 6.8, 2125.8, 187.3, 0.4, 0.5, 6.9, 215.1, 141.3, 37193.5, 261.2, 35.7, 522.2, 7.9, 10.6
3, 24/01/2019 18:39:20, 130987, 25.6, 51.3, 6.2, 1158.4, 174.8, 1.2, 0.5, 8.8, 246.9, 131.3, 38639.3, 287.3, 34.8, 501.9, 6.3, 10.4
3, 24/01/2019 18:59:19, 130988, 38.7, 61.2, 8.4, 13422, 357.6, 2.9, 0.5, 12.2, 210.3, 156.7, 45843.4, 304.4, 35.9, 594.6, 8.6, 10.9
3, 24/01/2019 19:19:20, 130989, 23.9, 38.5, 6, 2545.1, 278.2, 0.9, 0.4, 4.1, 107.1, 98.6, 52893.2, 229.1, 36.6, 517.7, 8.6, 10.2
3, 24/01/2019 19:39:19, 130990, 26.8, 41, 6.3, 5257.5, 220.1, 0.3, 0.5, 1, 126.5, 104.9, 36078.5, 330.7, 34.3, 462.1, 8.9, 10.9
3, 24/01/2019 19:59:19, 130991, 32.9, 44.2, 5.9, 38666.3, 211, 3.7, 0.4, 0, 138.9, 113.3, 58262.5, 307.7, 32.6, 524, 8, 7.1
3, 24/01/2019 20:19:19, 130992, 27, 34.6, 5, 2926.1, 205.1, 8.6, 0.4, 0, 212.3, 88.5, 56649.2, 230.3, 31.6, 483.8, 11.8, 5.4
3, 24/01/2019 20:40:19, 130993, 27.9, 37.3, 6.2, 2885.2, 209.9, 0.3, 0.5, 0.1, 136, 95.5, 52200.5, 305.8, 30.2, 498, 8.1, 5.7
3, 24/01/2019 21:00:19, 130994, 31.7, 43.2, 6.7, 27489.2, 152.8, 3.2, 0.5, 0.3, 181.5, 110.7, 48814.2, 271.5, 27.4, 503.6, 1.7, 7.4
3, 24/01/2019 21:19:19, 130995, 20.8, 28, 4.3, 6236.9, 49.1, 1.6, 0.4, 0.4, 129.2, 71.7, 48721.2, 212.3, 21.1, 384.1, 0.6, 5.8
3, 24/01/2019 21:39:19, 130996, 20.4, 22.4, 3.9, 5550.1, 67.1, 5.4, 0.3, 0.6, 79.3, 57.4, 55384.4, 245.1, 18.3, 316.1, 0.2, 4
3, 24/01/2019 21:59:19, 130997, 29, 32.2, 5.8, 15941.8, 262.3, 4.3, 0.4, 0.2, 159.4, 82.4, 33409, 223.1, 20.9, 520.1, 0.4, 4.8
3, 24/01/2019 22:19:34, 130998, 17.2, 24.9, 3.8, 5021.9, 80.7, 6, 0.3, 0, 104.9, 63.8, 53094.1, 229.5, 20.3, 390.7, 1.1, 6.1
3, 24/01/2019 22:40:34, 130999, 17.2, 24.4, 4.3, 3655.5, 82.1, 3.3, 0.3, 0, 97.3, 62.5, 28658.8, 225.6, 19.1, 341, 1.8, 6.8
3, 24/01/2019 22:59:33, 131000, 26, 32.5, 4.9, 17903.5, 281, 3.4, 0.3, 0.1, 130.8, 83.1, 27296.4, 267.1, 17.3, 281.8, 1.4, 4.7
3, 24/01/2019 23:19:34, 131001, 17.9, 25.5, 3.6, 5511.3, 49.3, 0.3, 0.3, 2.5, 89.3, 65.2, 28756.1, 236.1, 17.4, 236.4, 2.5, 4
3, 24/01/2019 23:40:34, 131002, 17.5, 24.3, 3.5, 5330.6, 70.6, 0.3, 0.3, 0.6, 75.4, 62.1, 30475.3, 276.8, 17.3, 234.7, 2.3, 3.8
4, 23/01/2019 23:59:45, 130931, 36.5, 82.6, 7.4, 24603.8, 258.4, 0.8, 0.9, 34.6, 303.4, 211.4, 77223.3, 230.9, 26.4, 375.4, 1.6, 8.9
4, 24/01/2019 00:19:45, 130932, 34.2, 82.2, 7.1, 10827.1, 43.7, 1.5, 0.5, 33.9, 341.7, 210.3, 63272.1, 403.2, 32.3, 373.6, 1.7, 11.7
4, 24/01/2019 00:39:45, 130933, 44.5, 90.9, 8.6, 6599.6, 102.9, 0.8, 0.6, 38.5, 283.8, 232.8, 70614, 535.1, 33.9, 401.1, 1.7, 6.8
4, 24/01/2019 00:59:46, 130934, 40.6, 91.5, 7.3, 20260, 52.1, 0.6, 0.5, 30.9, 336, 234.2, 91648.3, 236.6, 33.4, 424.5, 3.1, 6.9
4, 24/01/2019 01:19:45, 130935, 34.5, 83.5, 6.4, 4103.1, 133.4, 0.6, 0.5, 39.6, 276.4, 213.7, 48729.4, 122.1, 31.9, 411.1, 4.3, 5.3
4, 24/01/2019 01:39:45, 130936, 26, 68.8, 4.8, 3718.3, 68.8, 0.6, 0.4, 32.5, 265.7, 176.2, 51419.6, 135.8, 29.4, 338.8, 4.5, 3.6
4, 24/01/2019 01:59:45, 130937, 40.7, 89.1, 7.1, 22266, 277.7, 2.4, 0.6, 38.6, 271, 228.1, 89850.1, 155.1, 32.5, 435, 4.1, 6.4
4, 24/01/2019 02:19:45, 130938, 36.8, 80.6, 6.2, 969, 132, 1.4, 0.4, 34.2, 282.8, 206.2, 47069.2, 82.8, 30, 382.6, 5.7, 3.9
4, 24/01/2019 02:39:44, 130939, 26.9, 65.8, 4.9, 642.6, 143.5, 2.6, 0.4, 32.8, 237.2, 168.4, 50989.3, 70, 24.2, 300.7, 5.8, 4.1
4, 24/01/2019 02:59:45, 130940, 40.8, 92.9, 7.5, 21069.8, 151.4, 5.8, 0.8, 42.4, 314.7, 237.8, 51824.3, 252, 30.6, 431.1, 3.9, 9.4
4, 24/01/2019 03:19:45, 130941, 36.6, 165.1, 7, 119508.3, 86.7, 8.5, 0.6, 50.6, 539.5, 422.7, 49757.2, 174.6, 37.6, 613.4, 2.7, 77.3
4, 24/01/2019 03:39:45, 130942, 33.6, 76.8, 6.2, 5999, 196.6, 3, 0.4, 38.4, 297.1, 196.6, 43203.5, 179.7, 29.8, 459.2, 4.9, 4.3
4, 24/01/2019 03:59:45, 130943, 35.7, 83.5, 6.7, 9567.9, 174.8, 9.1, 1.4, 40.3, 320.2, 213.7, 117666.5, 231.4, 35.7, 473, 11.4, 4.2
4, 24/01/2019 04:19:44, 130944, 58.9, 97.3, 9.9, 12303.8, 546, 14.1, 1.1, 43, 310.7, 249.1, 109426.2, 253.2, 44.2, 673.6, 9.6, 4.1
4, 24/01/2019 04:40:44, 130945, 52.1, 87.5, 7.4, 2128.8, 488.3, 10.8, 0.8, 40, 295.9, 223.9, 100702.2, 165.2, 37.4, 585.3, 4.4, 3
4, 24/01/2019 05:00:44, 130946, 60.9, 99.6, 9.4, 22919.4, 428.4, 6.5, 1.5, 36.6, 324.8, 255, 113905.4, 117.7, 38.8, 672.9, 4.6, 5.8
4, 24/01/2019 05:19:44, 130947, 51.8, 89.3, 8.8, 1838.9, 298.1, 4.9, 0.8, 38, 272.1, 228.6, 113108.9, 149.7, 36.7, 635.5, 7.5, 4.6
4, 24/01/2019 05:39:45, 130948, 56.3, 97.2, 10.8, 2745.7, 295.5, 11.2, 2.6, 35.1, 294.9, 248.9, 102277.6, 93.1, 34.5, 733.3, 8, 7.2
4, 24/01/2019 05:59:45, 130949, 39.9, 86.2, 7.5, 19595.4, 389.7, 10.9, 0.5, 42.1, 286.8, 220.7, 63531, 193.8, 31.3, 559.9, 7.8, 6.1
4, 24/01/2019 06:19:44, 130950, 31.8, 77.3, 5.7, 2660, 254.7, 33.5, 0.4, 40.2, 287.7, 197.9, 56616.9, 149, 31.9, 465.7, 8.4, 5.5
4, 24/01/2019 06:39:44, 130951, 35.3, 71.6, 6.9, 1212.8, 439.1, 26.5, 0.5, 36.1, 222.8, 183.2, 79786.3, 63.8, 32.5, 493.3, 9.1, 4.4
4, 24/01/2019 06:59:44, 130952, 36, 74.4, 7.6, 26214.9, 233.7, 19, 0.6, 27.2, 313.5, 190.5, 96522.9, 83, 33.3, 566.5, 5.9, 7.8
4, 24/01/2019 07:19:44, 130953, 38.1, 50.9, 9.1, 3505.2, 355.5, 14.8, 0.6, 5.8, 202.5, 130.2, 86822.6, 133.9, 28.7, 544.8, 4.3, 9.4
4, 24/01/2019 07:39:44, 130954, 51.1, 119.6, 10.3, 3613.7, 318.9, 13.9, 3, 29.7, 456.6, 306.1, 123039.3, 257.4, 36.1, 845.5, 2.9, 8.3
4, 24/01/2019 07:59:43, 130955, 46.8, 107.6, 8.8, 19808.3, 226.3, 20.5, 1, 31.1, 413, 275.5, 75568.6, 341.7, 41.5, 957.1, 2.5, 10.1
4, 24/01/2019 08:19:44, 130956, 49.3, 104.9, 9.7, 6134, 311.4, 18, 0.7, 39.8, 330.3, 268.5, 70975.9, 298.8, 41.8, 770.7, 1.9, 9.3
4, 24/01/2019 08:40:03, 130957, 46.2, 109.7, 8.4, 5883.7, 217.2, 13.2, 2, 52.8, 386.5, 280.7, 70303.1, 263.2, 42, 749.7, 3, 8.4
4, 24/01/2019 09:00:03, 130958, 39.7, 114.8, 8.9, 23216.1, 173.5, 14.6, 1.3, 67.8, 344.4, 294, 103030.2, 244.5, 45.7, 786.2, 3.5, 10.2
4, 24/01/2019 09:20:03, 130959, 46.3, 130.4, 10.5, 7154.4, 429.8, 21.1, 1, 72.8, 420.1, 333.8, 84396.7, 258.9, 51.8, 779, 2.6, 7.5
4, 24/01/2019 09:40:03, 130960, 51.3, 128.2, 10, 6879, 271.4, 33.2, 2.3, 60.8, 499.8, 328.2, 84432, 196.6, 52.5, 794.2, 2.1, 7.8
4, 24/01/2019 10:00:03, 130961, 45.9, 125.4, 9, 8346.2, 274.6, 41.1, 1.9, 61.6, 418.8, 321.1, 101224.6, 317.1, 51.9, 801.2, 2, 9
4, 24/01/2019 10:20:03, 130962, 51.6, 136.4, 10, 6748.5, 280.4, 30.6, 2.1, 60.3, 459.6, 349.3, 102287.7, 197.9, 50.4, 953.8, 3.1, 8.2
4, 24/01/2019 10:40:03, 130963, 50.2, 126.6, 10.1, 6059.9, 285.3, 24.5, 2.1, 65.8, 453.1, 324, 96140.7, 252.5, 45.5, 753.7, 1.5, 9.7
4, 24/01/2019 11:00:03, 130964, 50, 128.4, 10.4, 51834.1, 301, 12.1, 6.2, 62.5, 534.2, 328.8, 126780.3, 192.2, 46, 775.5, 1.1, 11.5
4, 24/01/2019 11:19:28, 130965, 44.1, 128.2, 9.3, 4304.9, 228.6, 18.8, 1.2, 68.9, 516.2, 328.2, 92462.4, 222.9, 45.8, 712.3, 1.5, 8
4, 24/01/2019 11:39:27, 130966, 36.1, 116.1, 7.8, 3721.2, 201.8, 28.5, 0.9, 70.6, 382.9, 297.3, 82042.7, 178.8, 45.1, 620.4, 1.5, 7.3
4, 24/01/2019 11:59:28, 130967, 47.1, 131.9, 9.5, 22732.9, 253.3, 6.2, 1.1, 62.3, 455.6, 337.6, 111776.3, 186, 49.9, 757.9, 1.2, 10.6
4, 24/01/2019 12:19:28, 130968, 72, 159.6, 11.2, 6095.9, 217.1, 16.5, 11.3, 79.8, 489.6, 408.4, 82547.6, 127.2, 52.3, 944.4, 0.7, 7.7
4, 24/01/2019 12:39:32, 130969, 46.3, 122.5, 8, 3903.9, 304.2, 2.3, 1, 64.3, 431.9, 313.7, 75010, 135.1, 48.4, 760.7, 1.5, 8.1
4, 24/01/2019 12:59:32, 130970, 51.3, 127, 9, 19485.3, 415.9, 15.5, 1, 63.6, 474.1, 325.2, 71078.4, 139.9, 46.8, 768.6, 1.6, 10.2
4, 24/01/2019 13:19:32, 130971, 43.8, 118.7, 7.8, 2627.4, 174.9, 5.5, 1.9, 62, 432.4, 303.9, 98330.4, 90, 44, 711.6, 1.5, 6.2
4, 24/01/2019 13:39:32, 130972, 41.6, 117.2, 6.7, 2849.2, 233.6, 17.6, 1.5, 56.3, 493.5, 300, 98637.4, 107.8, 41.2, 658.7, 0.9, 6
4, 24/01/2019 13:59:32, 130973, 47.7, 116.4, 8.9, 21696.9, 246, 5.6, 0.9, 58.8, 415.7, 297.9, 79145.6, 100.6, 42.6, 664.6, 2.3, 10.4
4, 24/01/2019 14:19:37, 130974, 40.3, 106.1, 7.2, 2328, 184.4, 14.2, 0.7, 52.4, 432.5, 271.5, 67525.8, 111.9, 36.8, 594.1, 1.8, 7.1
4, 24/01/2019 14:39:38, 130975, 55.3, 130.4, 9.3, 4034, 349.3, 16, 1.8, 65.2, 510, 333.9, 51519.1, 105.1, 40.5, 821.1, 0.6, 5.9
4, 24/01/2019 14:59:38, 130976, 50.4, 137.8, 8.9, 18371.4, 383.4, 3.9, 1.1, 56.3, 1714.8, 352.8, 67433, 81.1, 34.8, 670.9, 0.8, 7.9
4, 24/01/2019 15:19:37, 130977, 39.3, 99.3, 7.3, 2361.9, 352.2, 16, 0.5, 61.2, 328.2, 254.2, 68662.2, 102.6, 32.3, 557, 3.6, 5.7
4, 24/01/2019 15:39:37, 130978, 40.1, 107.6, 7.1, 3188.3, 331.5, 3.4, 0.9, 67.8, 477.1, 275.5, 116273.6, 83.9, 31.8, 574, 0.9, 5.4
4, 24/01/2019 15:59:37, 130979, 43.6, 119.1, 8, 19089.9, 299, 16.6, 0.9, 55.2, 456.6, 304.8, 62428.3, 143, 32.4, 576.6, 1.2, 6.8
4, 24/01/2019 16:19:36, 130980, 33, 103.7, 6.7, 2629.5, 135.6, 15.8, 0.5, 63.4, 519, 265.5, 96544.9, 154.1, 32.3, 486.1, 1.5, 6
4, 24/01/2019 16:39:36, 130981, 32.8, 98.9, 6.8, 2507.3, 92.3, 3.1, 0.4, 63.1, 330.5, 253.2, 106713.7, 151.9, 34.4, 502.5, 2, 6.2
4, 24/01/2019 16:59:36, 130982, 29.1, 100.4, 5.9, 18163.4, 96, 0.5, 0.5, 56.1, 378.5, 257.1, 101037.4, 138.7, 36.5, 543.5, 2.3, 5.8
4, 24/01/2019 17:20:36, 130983, 38.4, 104, 6.5, 3166.6, 195.1, 0.1, 0.8, 50.7, 434.6, 266.3, 64609.8, 109.7, 33.3, 536.8, 1.7, 4.2
4, 24/01/2019 17:39:36, 130984, 23.6, 83.2, 4.3, 3663, 38.9, 0.2, 0.4, 49.4, 277.4, 213.1, 67430.7, 191.1, 31.5, 444.1, 1.7, 3.7
4, 24/01/2019 17:59:36, 130985, 26.2, 84.8, 4.7, 20355.3, 39.2, 0.3, 0.4, 51, 295, 217.1, 85723.7, 169, 31.5, 466.6, 1.8, 3.5
4, 24/01/2019 18:19:36, 130986, 25.2, 86.6, 4.9, 3141.2, 108.9, 0.1, 0.3, 51.7, 290.4, 221.6, 65786.5, 112.9, 32.1, 468.9, 1.7, 3.5
4, 24/01/2019 18:39:36, 130987, 22.8, 86.6, 4.2, 3282.4, 23.4, 0.2, 0.3, 50.5, 296.6, 221.7, 65496.6, 114.1, 31.2, 425.7, 1.7, 3
4, 24/01/2019 18:59:37, 130988, 33.8, 94.6, 6, 20296.2, 34.9, 0.2, 0.4, 50.6, 323.6, 242.1, 86861.6, 110.2, 35.7, 516.4, 2.3, 5.4
4, 24/01/2019 19:19:36, 130989, 33.7, 87.3, 5.5, 3998.2, 30.8, 0.3, 0.4, 48, 276.9, 223.5, 77132.2, 165.9, 34.1, 508.7, 2.2, 6.2
4, 24/01/2019 19:39:36, 130990, 27.2, 74.8, 5.1, 2783.1, 237.7, 2.2, 0.4, 40.6, 350.6, 191.5, 59555.3, 96.1, 30.9, 460.9, 2, 5.8
4, 24/01/2019 19:59:36, 130991, 37.9, 81.2, 7.5, 20359.3, 187.2, 3.5, 0.5, 30, 263.5, 207.9, 41209.4, 154.2, 28.5, 437.7, 3.4, 8.6
4, 24/01/2019 20:19:36, 130992, 24.6, 66.4, 4.7, 5404.3, 24.4, 0.4, 0.3, 28.3, 364, 169.9, 39821.3, 147.2, 23.9, 310.9, 5, 4.7
4, 24/01/2019 20:39:36, 130993, 30.8, 72.3, 6.5, 5936.1, 113, 2.7, 0.4, 31.9, 246.4, 185.1, 37679.7, 157.2, 24.8, 405.5, 3.3, 5.5
4, 24/01/2019 21:00:36, 130994, 49.5, 101.6, 8.3, 19960.4, 128.2, 2.2, 0.9, 26.2, 377.7, 260.1, 34560.2, 171.9, 23.7, 438.9, 2.8, 7.1
4, 24/01/2019 21:19:35, 130995, 43.2, 87.4, 7, 2974.2, 32.2, 2.6, 0.5, 22.5, 342.7, 223.9, 32774.4, 146.8, 21.7, 513.4, 2.4, 5.6
4, 24/01/2019 21:39:35, 130996, 41.7, 68.8, 6.8, 2878, 29.4, 4.6, 0.5, 25.5, 200.5, 176.2, 39340.3, 114.2, 18.9, 316, 3.2, 7.2
4, 24/01/2019 21:59:36, 130997, 49.5, 94.6, 8.3, 23450.9, 45.4, 6.8, 0.6, 32.8, 304.3, 242.2, 35649.6, 137.2, 25.8, 437.4, 2.2, 9.9
4, 24/01/2019 22:19:35, 130998, 30.2, 63.8, 6.2, 5026.7, 79.8, 5, 0.4, 23.9, 212.6, 163.4, 38653.8, 122.4, 22, 405.3, 3, 8.9
4, 24/01/2019 22:40:36, 130999, 36.3, 68, 6, 6772.8, 60.8, 1.8, 0.4, 27, 279.6, 174, 45458.8, 84.1, 19.6, 305.4, 1.9, 6.3
4, 24/01/2019 22:59:36, 131000, 47.5, 78.3, 7.6, 19914.4, 45.6, 0.9, 0.5, 22, 282.6, 200.5, 43906.7, 80.2, 20.2, 334.6, 2.2, 7.1
4, 24/01/2019 23:19:35, 131001, 32.6, 55.1, 6, 3226.9, 103.9, 1, 0.4, 19.9, 213, 141.1, 45641.6, 80.2, 16.2, 258, 2.1, 5.7
4, 24/01/2019 23:40:35, 131002, 25.4, 50.1, 4.4, 400.5, 80, 0.6, 0.4, 20.5, 168.1, 128.4, 37535.8, 64.3, 16.6, 284.5, 2.1, 4.5
