HOST, TIME, SNAP_ID, SYS_CPU, SYS_DBTIME, SYS_SYSPCT, SYS_READ, SYS_WRITE, SYS_REDO, SYS_OSWAIT, SYS_RMWAIT, SYS_ACTSESS_MAX, SYS_ACTSESS_AVG, SYS_PGA, SYS_PXRUNS, SYS_PXQCT, SYS_PXSRVT, SYS_UCALLS, SYS_IOWAIT
1, 11/01/2019 00:00:45, 129995, 39.3, 47.9, 8.6, 1290.7, 221.5, 37.5, 0.7, 2.9, 206.8, 122.6, 24084.1, 158.3, 8.5, 249.5, 80, 8.6
1, 11/01/2019 00:19:46, 129996, 41.6, 56, 10.1, 1882.9, 340, 45.8, 1, 10.5, 258.9, 143.3, 59277.2, 210, 10.1, 198.4, 96.6, 7.2
1, 11/01/2019 00:39:45, 129997, 50.7, 100, 10.9, 13398.8, 443.3, 33.5, 1.3, 31.5, 368.4, 256.1, 71891.2, 284.6, 22.4, 365, 69.2, 6.3
1, 11/01/2019 01:01:45, 129998, 69.2, 118.8, 14.4, 5250.6, 547.1, 32.8, 3.2, 23, 386.5, 304.2, 71272.6, 836.7, 25.9, 480.9, 64, 11.5
1, 11/01/2019 01:19:45, 129999, 63.4, 89.3, 12.5, 3037.1, 364.3, 28.3, 1.2, 19, 277.3, 228.7, 74087.9, 551.4, 20.7, 373.3, 86.9, 12
1, 11/01/2019 01:39:44, 130000, 38.9, 65.4, 8.6, 2408.1, 280.2, 13.8, 0.7, 3.3, 225.1, 167.4, 27981.5, 549, 17.4, 281.6, 53.3, 12.1
1, 11/01/2019 01:59:44, 130001, 44.6, 58.3, 10.1, 8410, 338.8, 30.1, 0.8, 0.5, 233.7, 149.2, 60412.4, 699.7, 12, 199.9, 71, 13
1, 11/01/2019 02:19:44, 130002, 56.7, 66.6, 11.2, 5890.5, 332.4, 24.7, 0.8, 0.5, 211.1, 170.4, 73821.7, 852.5, 14.3, 234.9, 73.1, 10.6
1, 11/01/2019 02:39:45, 130003, 82.9, 105.9, 14.7, 6103.6, 221.1, 19.5, 5.8, 14.3, 330.2, 271, 63100.7, 659, 22.7, 428.9, 79.6, 9.7
1, 11/01/2019 02:59:45, 130004, 76.6, 112.6, 14.2, 5117.7, 274.5, 21.5, 7.1, 20.2, 373.8, 288.1, 61468.2, 226.7, 23.1, 447.1, 62.4, 10.9
1, 11/01/2019 03:19:44, 130005, 29.5, 79.4, 6.9, 1863.4, 135.8, 17.1, 2.3, 6.6, 308.6, 203.2, 45178.7, 220.8, 17.3, 321.5, 46.4, 43.1
1, 11/01/2019 03:39:44, 130006, 42.2, 78.2, 9.8, 1981.8, 230, 30.1, 0.7, 3.3, 294.2, 200.2, 31883.4, 175, 13.6, 243.3, 61.4, 26.4
1, 11/01/2019 03:59:45, 130007, 38.5, 56.7, 9.5, 2823.7, 256.2, 28.1, 0.8, 1.1, 213.6, 145.1, 63541.2, 294.7, 9.6, 155.7, 57.8, 11.8
1, 11/01/2019 04:19:44, 130008, 37.7, 67.8, 8.7, 1466.8, 563.7, 35.3, 0.6, 0, 301.9, 173.7, 51673.8, 244.6, 5.5, 107.3, 64.6, 10.6
1, 11/01/2019 04:39:44, 130009, 33.1, 51.1, 7.6, 3088.8, 517.8, 25.5, 0.6, 1.9, 240.1, 130.9, 50216.9, 172.4, 4.9, 95.7, 68.7, 13.8
1, 11/01/2019 04:59:44, 130010, 23.9, 36.5, 6.3, 1719.5, 376, 23.2, 0.5, 0.4, 196, 93.5, 53730.7, 227.3, 3.5, 70.8, 63, 7.8
1, 11/01/2019 05:19:44, 130011, 26.3, 51.4, 7.8, 2297.4, 169.9, 31.8, 0.6, 1.9, 188.2, 131.7, 45653.3, 224.3, 4.9, 78.9, 64.7, 14.4
1, 11/01/2019 05:39:44, 130012, 22.7, 31.1, 6.8, 154, 193.6, 31.4, 0.6, 0, 146.2, 79.5, 10078.7, 130, 3, 49.3, 75.7, 7.3
1, 11/01/2019 05:59:44, 130013, 43.4, 60.6, 11.4, 2411.8, 288.5, 42.9, 0.9, 0, 231, 155, 18981.6, 234.1, 5.4, 146.4, 85.9, 10.5
1, 11/01/2019 06:19:43, 130014, 26.7, 39, 8.2, 257.5, 233.7, 35.1, 0.7, 0, 130.2, 99.8, 10204.8, 177.5, 3.3, 56.3, 96.5, 8.4
1, 11/01/2019 06:39:44, 130015, 24.4, 55.7, 7.6, 1944.3, 188.4, 30.5, 0.7, 0, 225.7, 142.7, 10132.2, 195.1, 3.7, 76.6, 96.1, 12.9
1, 11/01/2019 06:59:44, 130016, 32.9, 51.7, 10.7, 105.2, 266, 46.7, 0.9, 0, 186.9, 132.4, 10207, 111.3, 2, 34, 128.9, 16
1, 11/01/2019 07:19:44, 130017, 53.5, 79.3, 15.7, 1733, 333.8, 49.1, 1.2, 0.1, 266.1, 203, 16413.3, 228.9, 5.8, 123.6, 110.8, 17.6
1, 11/01/2019 07:39:43, 130018, 55.3, 67, 15.8, 384.9, 404.9, 67.4, 1.2, 0, 225.4, 171.4, 11146.5, 143.3, 3.5, 63, 126.7, 19.2
1, 11/01/2019 07:59:43, 130019, 58.8, 71.2, 17, 946, 414.8, 71.2, 1.3, 0, 229.1, 182.3, 15019.5, 166.9, 4.9, 77.2, 140.7, 19.6
1, 11/01/2019 08:19:43, 130020, 52, 88.3, 15.4, 6852.2, 345.8, 59.8, 1.2, 0, 304.9, 226, 14297.9, 217.9, 4.8, 95.9, 130.7, 15.3
1, 11/01/2019 08:39:44, 130021, 36.7, 56.7, 11.6, 389.2, 307.8, 55.8, 0.9, 0, 189, 145.1, 10587.2, 140.8, 3.5, 60, 140, 18.2
1, 11/01/2019 08:59:44, 130022, 32.5, 64.2, 10, 1341.7, 256.8, 49, 0.8, 0.2, 291.7, 164.4, 16463.2, 213.8, 4.8, 93.9, 117.8, 20.8
1, 11/01/2019 09:19:43, 130023, 34.8, 53, 10.9, 435.5, 292.6, 52, 0.9, 0, 179.3, 135.8, 10338.1, 189.9, 4.2, 77.9, 141.6, 16.2
1, 11/01/2019 09:39:43, 130024, 33.8, 44.7, 10.7, 50.1, 309.2, 68.5, 0.9, 0, 257.5, 114.5, 11228.2, 141.4, 3, 43, 200.8, 6.2
1, 11/01/2019 09:59:43, 130025, 65.9, 75, 16.7, 1871.4, 343.9, 56.2, 1.9, 0.3, 317.8, 192, 26242.9, 169.7, 7.7, 167.9, 159.5, 13.4
1, 11/01/2019 10:19:43, 130026, 73, 89.7, 18, 6265.8, 335.5, 61.2, 1.9, 0, 342, 229.7, 50235.2, 204.3, 9.2, 231.9, 169.6, 9.3
1, 11/01/2019 10:39:43, 130027, 65.1, 81.7, 16.2, 1351.4, 453.3, 62.9, 1.3, 0, 351.3, 209.1, 49393.8, 189.7, 8, 202.6, 169.7, 7.5
1, 11/01/2019 10:59:43, 130028, 33.7, 75.8, 9.7, 357.3, 292.7, 48.9, 0.8, 0, 294.8, 194.1, 44623.2, 173.5, 5, 121.9, 123.4, 20.2
1, 11/01/2019 11:19:43, 130029, 35.9, 68.7, 10.7, 5007.4, 290.7, 60.8, 0.9, 0, 274.9, 175.8, 46122.6, 227.9, 4.2, 120.3, 160.2, 6.9
1, 11/01/2019 11:39:42, 130030, 36.4, 52.5, 10.6, 3917.8, 289.2, 59.9, 0.9, 0, 211.3, 134.3, 47930.8, 156.4, 4, 114.3, 173.9, 8
1, 11/01/2019 11:59:43, 130031, 57.4, 86.9, 17.2, 843.2, 313, 64.5, 1.4, 0, 281.9, 222.4, 66469.1, 162.1, 8.5, 253.5, 173.1, 11.5
1, 11/01/2019 12:19:42, 130032, 57.7, 102.4, 17.4, 580.1, 299.5, 60.4, 1.4, 0, 488, 262.1, 52299.3, 233.3, 8.1, 243.6, 147.8, 13.3
1, 11/01/2019 12:39:43, 130033, 66.6, 94.3, 18.7, 2020.3, 332.2, 62.3, 1.8, 0.1, 310.6, 241.3, 53707.4, 238.4, 9.2, 264, 172.9, 12.5
1, 11/01/2019 12:59:43, 130034, 45.4, 81.6, 14, 461.6, 313.4, 57.5, 1.1, 0, 286.8, 208.8, 55861.2, 170.9, 5.7, 177.4, 158.2, 12.5
1, 11/01/2019 13:19:42, 130035, 56.3, 79.6, 17.5, 726.4, 388.8, 58.7, 1.3, 0, 293.1, 203.7, 71271.7, 239.8, 7.1, 211.6, 169, 13.9
1, 11/01/2019 13:39:42, 130036, 55.3, 92.6, 17.1, 415, 345.8, 60.6, 1.4, 0, 369.7, 236.9, 39613.6, 136.1, 6, 161.4, 153.9, 12.1
1, 11/01/2019 13:59:42, 130037, 54.7, 85.6, 16.7, 7684.3, 354.9, 72.6, 1.3, 0, 295.5, 219.1, 40450.8, 132.6, 5.4, 131.9, 172.7, 21.4
1, 11/01/2019 14:19:43, 130038, 58.4, 79.2, 18.1, 2912, 363.2, 69, 1.4, 0, 272.2, 202.7, 43729.8, 267.1, 6.5, 146.3, 187.4, 18.4
1, 11/01/2019 14:39:42, 130039, 51.1, 76.4, 15.3, 1130.3, 344.2, 58.9, 1.2, 0, 241.3, 195.7, 43451.2, 231.6, 8.1, 191.3, 185.2, 16
1, 11/01/2019 14:59:42, 130040, 56.6, 93.1, 15, 928, 353.8, 58.8, 1.2, 0, 368.4, 238.4, 73682.5, 189.3, 7.1, 195.5, 158.4, 12
1, 11/01/2019 15:20:42, 130041, 58.7, 82.3, 16.3, 489.4, 429.7, 66, 1.3, 0, 344, 210.7, 38056.5, 211.3, 6.4, 165.7, 181.4, 13.2
1, 11/01/2019 15:39:42, 130042, 51.4, 63.9, 14.1, 569.1, 336.5, 64.7, 1.1, 0, 197, 163.6, 66752.5, 137, 5.3, 132.9, 178.9, 11.5
1, 11/01/2019 15:59:42, 130043, 74.7, 131.6, 18.6, 2944.5, 523.9, 64.3, 6.1, 2.6, 451.5, 336.8, 56521.6, 194.7, 13.8, 378, 137.5, 14.5
1, 11/01/2019 16:19:42, 130044, 64.8, 97.9, 16.8, 1094.5, 490.7, 73.9, 1.7, 0.5, 335.1, 250.7, 73899.2, 229.7, 14.7, 398, 152.3, 10.4
1, 11/01/2019 16:39:42, 130045, 68, 112.5, 16.8, 401.9, 451.5, 76.9, 2, 0.5, 375.2, 287.9, 91719.1, 247.7, 15.4, 442.4, 152.7, 13.7
1, 11/01/2019 16:59:42, 130046, 70.8, 110, 16.2, 945.4, 466, 74.3, 2, 0.4, 391, 281.6, 72620.3, 146.7, 14.8, 440.1, 142.9, 13.4
1, 11/01/2019 17:19:42, 130047, 77.7, 82.3, 18.7, 628.4, 560.5, 87.8, 2.4, 0, 286.3, 210.7, 67619.9, 235.7, 14.2, 404.8, 165.7, 8.2
1, 11/01/2019 17:39:42, 130048, 76.8, 98.2, 17.9, 1097.5, 486.5, 81.7, 4.1, 0.3, 373.4, 251.4, 80045.5, 184.6, 14.5, 400.9, 154.6, 6.2
1, 11/01/2019 17:59:41, 130049, 69, 99.6, 17.6, 722.8, 491.5, 83, 1.8, 0.1, 369.9, 255.1, 61468.1, 149.7, 15.1, 420.2, 160.2, 14.3
1, 11/01/2019 18:19:42, 130050, 59.3, 61.3, 15.8, 455, 463.9, 90.7, 1.2, 0.1, 204.4, 156.8, 46600.9, 217.7, 10.2, 295.1, 174.1, 7.4
1, 11/01/2019 18:39:41, 130051, 53.7, 58.9, 14.4, 600.3, 453, 75.9, 1.1, 0, 289.4, 150.9, 71841.9, 172.7, 6.9, 187.5, 181.2, 5.2
1, 11/01/2019 19:00:41, 130052, 57.3, 88, 14.6, 1259.7, 472.6, 58.2, 2.2, 0.2, 404.4, 225.3, 96507.6, 160.2, 10.2, 257.7, 137.5, 21.8
1, 11/01/2019 19:20:41, 130053, 80.7, 123.2, 19.1, 1284.7, 589.9, 59.7, 9.9, 1.3, 426.1, 315.4, 74438, 206.2, 13.7, 345.3, 145.1, 8.7
1, 11/01/2019 19:39:41, 130054, 68.4, 77.4, 16.8, 626.5, 492.5, 69.7, 1.4, 0, 291.3, 198.1, 67251.4, 138.1, 8.9, 234.3, 176.5, 7.3
1, 11/01/2019 19:59:41, 130055, 60.5, 71.9, 15.6, 420.4, 458.4, 62.2, 1.2, 0.1, 240.5, 184, 71725.9, 170.9, 10.6, 256.1, 162.9, 10.4
1, 11/01/2019 20:19:41, 130056, 62.3, 77, 16.9, 2246.2, 424.6, 69.5, 1.5, 2.6, 259.1, 197.2, 84632.7, 277.9, 10.8, 280.6, 187.4, 9.6
1, 11/01/2019 20:39:41, 130057, 62.2, 69.6, 17.5, 1787.6, 417.8, 58.6, 1.3, 0.9, 266.9, 178.2, 83490.1, 200.1, 11.2, 288.1, 183.1, 9
1, 11/01/2019 20:59:41, 130058, 59.1, 83.3, 16.4, 788.5, 583.1, 50.3, 1.2, 0.2, 320.6, 213.1, 38685, 142.7, 10, 270.9, 161.1, 20.1
1, 11/01/2019 21:19:40, 130059, 42.3, 75.4, 9.8, 1061.1, 451.6, 41, 0.8, 0, 310.4, 193, 51873.9, 193.9, 6.7, 147, 123, 3.7
1, 11/01/2019 21:39:41, 130060, 52.7, 64.9, 13, 3315.4, 556.9, 48.8, 1, 3.6, 257.3, 166.2, 55013.5, 306.2, 9.7, 223.8, 145.8, 4.2
1, 11/01/2019 21:59:41, 130061, 51.7, 57.1, 12.2, 1073.8, 559.8, 49.1, 0.9, 2.1, 199.7, 146.2, 73896, 138, 7.8, 205.9, 152.3, 8.3
1, 11/01/2019 22:19:40, 130062, 45.2, 46.1, 11.6, 1218.5, 403.3, 48.1, 0.9, 5.4, 195.9, 118.1, 74102.6, 232.7, 8.8, 264.2, 135, 4.4
1, 11/01/2019 22:39:41, 130063, 51.4, 65.5, 12.8, 1868.3, 334.6, 37.7, 0.9, 6.3, 290.1, 167.7, 77588.2, 192, 9.4, 281.2, 140, 11.4
1, 11/01/2019 22:59:40, 130064, 59.2, 60, 15.3, 690.6, 307.7, 45.8, 1.1, 0.3, 186.3, 153.5, 73815.7, 113.3, 7.5, 237.4, 170.5, 14.1
1, 11/01/2019 23:19:40, 130065, 64.8, 75.2, 17.7, 1534.1, 314.4, 44.7, 1.3, 4.3, 305.7, 192.6, 73188.9, 248.2, 9.9, 317, 187.8, 9.9
1, 11/01/2019 23:39:40, 130066, 66.1, 72.6, 17.8, 2149.3, 394.1, 46.8, 2.1, 5.8, 262.4, 185.9, 63739.4, 195.3, 9.9, 330.5, 197, 10.9
2, 11/01/2019 00:00:06, 129995, 62.8, 86.3, 22.1, 3834.5, 350, 20.7, 3.9, 6.8, 264.5, 221, 29818.3, 156.2, 14.7, 273.5, 76.1, 22.3
2, 11/01/2019 00:20:05, 129996, 58.9, 92, 21.1, 5554.5, 303.9, 42.5, 4.8, 16, 364.9, 235.5, 36026.2, 90, 18.3, 283, 109.3, 22.2
2, 11/01/2019 00:40:06, 129997, 64.5, 145.9, 21.2, 9995.4, 312.6, 40.3, 5.7, 43.9, 441.6, 373.6, 43867.9, 82.9, 32.9, 444.2, 74.3, 17
2, 11/01/2019 01:00:05, 129998, 61.6, 137.7, 21.2, 2044.9, 288.2, 36.7, 4.1, 29.4, 443.9, 352.5, 40250.3, 102.2, 31, 392.8, 91.9, 15.4
2, 11/01/2019 01:20:05, 129999, 67.1, 116.5, 21.7, 33171.4, 210.9, 25.8, 4.8, 22.3, 404.6, 298.2, 49594.6, 246.5, 30, 407.7, 97, 18.4
2, 11/01/2019 01:40:05, 130000, 87, 145.9, 21.1, 57966.3, 198, 17.4, 8.1, 11.2, 586.9, 373.4, 51277.3, 179.2, 32.5, 573.4, 76.2, 14.9
2, 11/01/2019 01:59:05, 130001, 70.1, 117.4, 19, 8183.3, 166.9, 23.3, 2.7, 25.4, 338.4, 300.7, 39807.4, 77.1, 27.7, 398.2, 99.4, 12.4
2, 11/01/2019 02:20:05, 130002, 49.3, 96.2, 16.4, 54364.1, 139.4, 23.9, 1.9, 21.7, 1125.3, 246.3, 39028.2, 51.9, 21.7, 261.6, 99.3, 11.2
2, 11/01/2019 02:40:05, 130003, 49.5, 72.5, 16.5, 2963.7, 179.6, 20, 2.4, 18.7, 255.3, 185.7, 40574.6, 135.2, 23.1, 287.5, 79.8, 12.5
2, 11/01/2019 03:00:05, 130004, 42.5, 63.9, 15, 1157.5, 136.4, 17.2, 2, 12.9, 276.4, 163.7, 34148, 31, 18.1, 222.1, 79, 14.5
2, 11/01/2019 03:20:05, 130005, 26.7, 41.7, 11.3, 668, 104.2, 19.7, 2.1, 1.8, 141.4, 106.8, 33103.3, 54.6, 12.9, 161.3, 80.7, 24.9
2, 11/01/2019 03:39:05, 130006, 45.5, 63.1, 15.5, 693.4, 225.5, 33.9, 2.2, 1.2, 209.8, 161.5, 58308.5, 47.6, 13.4, 180.5, 153.1, 24.4
2, 11/01/2019 04:00:05, 130007, 66, 77.2, 20.1, 2044.3, 350.9, 34.8, 3.2, 0.9, 238.5, 197.6, 79274.7, 55.1, 15.3, 248.5, 185.3, 16.9
2, 11/01/2019 04:20:05, 130008, 58.5, 73.3, 22.1, 665.2, 428.9, 27, 6.6, 0, 341.9, 187.7, 71121.3, 34.1, 14.6, 221.8, 109.1, 10.6
2, 11/01/2019 04:40:05, 130009, 49.9, 42.8, 15.7, 660.4, 503.5, 27.5, 2.2, 0.1, 148.1, 109.6, 67507.1, 73.3, 8.8, 132.2, 95.9, 7.8
2, 11/01/2019 05:00:05, 130010, 49.1, 41.1, 15.7, 1288.5, 467.1, 28.1, 2.9, 0.1, 191, 105.2, 72691.5, 54.5, 7.6, 127.5, 97, 6.5
2, 11/01/2019 05:19:04, 130011, 45.3, 42.2, 15, 885.3, 388.9, 30.6, 2.5, 0, 177.9, 107.9, 74698.6, 91.5, 7.9, 133.5, 111.2, 5.3
2, 11/01/2019 05:40:05, 130012, 31.4, 26.4, 11.7, 414.1, 131.2, 21.3, 1.4, 0, 143.2, 67.5, 30152.6, 73, 5.3, 80.2, 60.5, 3.8
2, 11/01/2019 06:00:04, 130013, 41.8, 44.9, 14.5, 1803.2, 188.9, 27.2, 1.7, 0, 162.1, 114.8, 25843.6, 77.1, 6.4, 121.4, 89, 5.6
2, 11/01/2019 06:20:05, 130014, 24.2, 18.9, 11.2, 239.8, 146.1, 20.7, 1.4, 0, 99, 48.3, 11423.6, 79, 2.4, 28.6, 57.6, 2.3
2, 11/01/2019 06:40:05, 130015, 36.9, 48.4, 13.7, 1610.3, 194.6, 26.1, 2, 0.3, 263.2, 123.9, 16364.6, 136.9, 4.2, 77.3, 91.2, 4.5
2, 11/01/2019 07:00:05, 130016, 31.9, 30, 12.8, 286.1, 314.9, 27.8, 2, 0, 115.5, 76.8, 13199.7, 67.8, 3, 47, 61.5, 4.3
2, 11/01/2019 07:20:04, 130017, 31.8, 33.6, 13.1, 2173.9, 189.8, 29.6, 2.5, 0, 212.9, 86.1, 11486.6, 152.3, 3, 54.7, 70.5, 3.5
2, 11/01/2019 07:40:04, 130018, 23.7, 17.8, 11.5, 39.1, 157.6, 32.7, 2.1, 0, 97.3, 45.5, 11367.1, 56.9, 1, 2.4, 80.3, 3.2
2, 11/01/2019 08:00:04, 130019, 40, 38.2, 15.1, 1299.6, 262.2, 43.2, 3.4, 0.1, 169.2, 97.7, 19181.7, 117.9, 4.4, 59.4, 107.2, 5.4
2, 11/01/2019 08:20:04, 130020, 36.8, 56.2, 14.8, 17322.2, 235.8, 47.5, 2.7, 0, 311.6, 143.9, 12494.7, 93, 4.2, 66.2, 105.3, 4.6
2, 11/01/2019 08:40:03, 130021, 37, 39.3, 14.7, 155.2, 276.4, 53.7, 1.9, 0, 149.2, 100.5, 13350, 58.9, 2, 18.3, 122.6, 4.9
2, 11/01/2019 09:00:04, 130022, 49.2, 74.6, 17.1, 8117.7, 308.4, 61.6, 2.3, 0, 299.6, 191, 14370.6, 100.7, 3.7, 56.1, 138, 7.7
2, 11/01/2019 09:19:04, 130023, 46.2, 60.8, 17.2, 16921.5, 314.1, 61.7, 3.1, 0, 196.5, 155.5, 12379.1, 69.1, 3, 37.6, 152.9, 7
2, 11/01/2019 09:39:04, 130024, 37.3, 42.9, 14.3, 156.8, 283.6, 56.6, 3.5, 0, 274.2, 109.8, 13663.4, 67.8, 2, 18.9, 133.6, 5.5
2, 11/01/2019 10:00:04, 130025, 47.4, 63.1, 17.7, 2517.5, 279.6, 60.1, 3.2, 0.1, 275.3, 161.5, 14007.3, 146.1, 3.4, 61.1, 148.9, 8.4
2, 11/01/2019 10:20:04, 130026, 37.5, 47.3, 15.6, 318.9, 259.8, 55.7, 3.4, 0, 225.8, 121.2, 11590.7, 102.2, 2, 25.7, 134.2, 6
2, 11/01/2019 10:39:03, 130027, 35, 43.4, 14.2, 67, 242, 57, 2.1, 0, 245.8, 111.1, 11475.3, 105.5, 1.1, 3.9, 141, 5.6
2, 11/01/2019 11:00:03, 130028, 33, 63.9, 13.2, 32.9, 257, 57.3, 2.4, 0, 280, 163.7, 11604.2, 132.7, 1, 2.5, 136.6, 13.3
2, 11/01/2019 11:20:03, 130029, 36.6, 70.7, 14.7, 62.3, 265.5, 61.7, 3.1, 0, 299.4, 180.9, 11610, 160.9, 1.6, 11.3, 141.7, 6.3
2, 11/01/2019 11:40:03, 130030, 35.4, 57.8, 13.9, 38.8, 267.5, 60.9, 3.1, 0, 232.5, 147.9, 11528.7, 102.8, 2.1, 18.4, 141.4, 7.1
2, 11/01/2019 12:00:03, 130031, 40.7, 58.2, 15.1, 319.4, 276.3, 62.3, 3.6, 0, 220.1, 149.1, 11731, 79, 2.2, 19.5, 145.4, 6.9
2, 11/01/2019 12:20:03, 130032, 35.9, 69.3, 14.3, 36.5, 253.5, 57.5, 3, 0, 360.8, 177.4, 11980.3, 92.2, 1.9, 17, 135.1, 4.7
2, 11/01/2019 12:40:03, 130033, 46.3, 78.1, 16.1, 1031.6, 291.2, 59.3, 2.5, 0, 272.8, 199.9, 18926.9, 173.8, 6.4, 130.6, 139.3, 6
2, 11/01/2019 13:00:03, 130034, 72.3, 132, 19.3, 38713.9, 414, 85.8, 6.4, 1.4, 399.4, 337.8, 22818.1, 175.2, 11.2, 260.3, 117.6, 8.8
2, 11/01/2019 13:20:03, 130035, 79.5, 133.8, 20.4, 82860.3, 371.2, 74, 8.8, 2.9, 400.2, 342.5, 41988.6, 217.3, 10.5, 255.9, 120.4, 9.1
2, 11/01/2019 13:40:03, 130036, 65.8, 115.2, 17.6, 25611.9, 436.9, 83.5, 4.5, 0.3, 430.9, 294.9, 12518.3, 248.8, 7.2, 145.4, 119.3, 6.4
2, 11/01/2019 13:59:03, 130037, 48.1, 83.6, 16.2, 389.5, 382.5, 82.1, 2.2, 0, 300.7, 214.1, 14644.8, 206.5, 3.3, 36.3, 138.4, 12.1
2, 11/01/2019 14:20:03, 130038, 57.6, 90.6, 18.5, 296.3, 441.9, 95.5, 3.2, 0, 340.5, 232, 19147.3, 246.2, 4.8, 78.4, 149.2, 10.2
2, 11/01/2019 14:40:03, 130039, 54.3, 87, 17.1, 338, 449.6, 98.4, 2.2, 0, 299.1, 222.8, 16301.2, 239.2, 4.2, 63.9, 144.9, 11.1
2, 11/01/2019 15:00:02, 130040, 52.8, 89.7, 17, 1126.1, 316.5, 62.6, 2.9, 0, 317.9, 229.7, 14193.6, 184.7, 5.4, 76.7, 145.4, 6.3
2, 11/01/2019 15:21:03, 130041, 54.9, 84.8, 17.7, 393.9, 329.1, 69, 3.1, 0, 271.4, 217.1, 14155.3, 207.4, 4.3, 48.1, 152.4, 8.8
2, 11/01/2019 15:40:03, 130042, 53.5, 76.7, 16.5, 647, 306.4, 63.2, 2.7, 0, 252.9, 196.5, 13689, 231.7, 3.7, 39.5, 141.1, 6.9
2, 11/01/2019 16:00:03, 130043, 65.1, 121.6, 18.6, 1721.4, 329.7, 63, 3, 0.8, 377.1, 311.4, 45398.4, 114.9, 8.7, 171.3, 138.5, 8.8
2, 11/01/2019 16:20:03, 130044, 66.8, 99.7, 20.1, 1284.2, 437.1, 68, 3.9, 0, 321.4, 255.2, 43376.7, 141.8, 6.4, 116.8, 156.5, 7
2, 11/01/2019 16:40:02, 130045, 65.4, 103.4, 20.1, 730.2, 403.8, 67.4, 4.7, 0, 319.1, 264.7, 58376.3, 115.1, 6.9, 113.7, 148.4, 7.9
2, 11/01/2019 17:00:02, 130046, 74.4, 113.3, 19.9, 785.5, 413.6, 68.6, 3.9, 0.7, 352.7, 290.2, 59235.4, 60.8, 9.5, 151.2, 142.7, 9
2, 11/01/2019 17:20:02, 130047, 77.7, 96.3, 21.2, 1202.3, 492.9, 69.1, 4.6, 4.1, 390.8, 246.5, 72306.7, 106.9, 10.1, 188.2, 161.5, 6.5
2, 11/01/2019 17:40:02, 130048, 85.7, 135.8, 21.9, 2548.1, 515.2, 68.2, 10.6, 12.6, 424.9, 347.6, 73744.8, 115, 16.5, 342.5, 151.4, 8.8
2, 11/01/2019 18:00:02, 130049, 80.4, 115.2, 21.4, 585.3, 510.3, 72.2, 4.4, 0.5, 365.2, 294.9, 68915, 114.8, 12.9, 268.6, 157.1, 12.3
2, 11/01/2019 18:19:02, 130050, 70.9, 81.7, 20.8, 816.1, 1019.4, 73.4, 5, 0, 245.1, 209, 62504.4, 100.8, 10, 180.5, 176, 7.6
2, 11/01/2019 18:40:02, 130051, 66, 80.9, 19, 614.2, 608.7, 68.7, 2.5, 0.1, 335.8, 207, 73103.8, 102, 9, 148.2, 158.4, 5.8
2, 11/01/2019 19:01:01, 130052, 54, 92.1, 16.8, 9157.6, 574.3, 54, 3.2, 0.4, 332.6, 235.8, 70924.8, 135, 10.2, 190.8, 108.8, 22.6
2, 11/01/2019 19:21:01, 130053, 57.8, 90.1, 16.7, 2143, 597.6, 45.2, 3, 2.3, 349, 230.6, 71935, 78.8, 10.3, 198.9, 85, 6.6
2, 11/01/2019 19:40:02, 130054, 58.9, 70.3, 17, 941.3, 594.6, 47.1, 2.9, 0.9, 313.6, 179.9, 70899, 83, 8.9, 165.6, 98.2, 7.3
2, 11/01/2019 20:00:01, 130055, 57.4, 74.8, 16.9, 762.1, 471.6, 43, 3, 4.3, 248, 191.6, 68245.9, 119.4, 11, 238, 86.2, 10
2, 11/01/2019 20:20:02, 130056, 56.8, 86.6, 18.5, 803.8, 212.6, 42.1, 2.9, 10.5, 273.2, 221.7, 74015.6, 121.1, 13.9, 351.3, 71.2, 12.6
2, 11/01/2019 20:40:02, 130057, 55.9, 99.2, 18.3, 1294.9, 151.3, 27.1, 3.7, 33.3, 321.1, 254, 66213.1, 83.1, 14.6, 390.9, 55.1, 13.5
2, 11/01/2019 21:00:01, 130058, 60.7, 99.2, 19.8, 1005.3, 192.1, 26.6, 3.9, 7.7, 369.1, 254, 77532.6, 77.9, 13.1, 345.7, 67.2, 27.8
2, 11/01/2019 21:19:01, 130059, 57.4, 90.9, 18.1, 1282.2, 184.2, 21.4, 2.8, 11.5, 311.3, 232.7, 77396.2, 81, 12, 309, 62.7, 12.3
2, 11/01/2019 21:40:01, 130060, 55.9, 75.8, 18.3, 1465.5, 175.2, 29.6, 2.6, 6.9, 265.1, 194, 45442.7, 109, 13.1, 331.4, 92.3, 9.9
2, 11/01/2019 22:00:01, 130061, 49.6, 55.6, 19.7, 911.5, 124.8, 27.5, 3.4, 0, 175.5, 142.4, 24807, 89.9, 11, 276.2, 82.5, 17.6
2, 11/01/2019 22:20:01, 130062, 51.6, 56.3, 20.4, 1179.3, 131.7, 24.9, 3.1, 0.1, 218.4, 144.1, 28042.6, 74.9, 11.2, 280.1, 75.6, 16.5
2, 11/01/2019 22:40:01, 130063, 53, 68.7, 20.5, 1269.5, 115.1, 14, 3.2, 1, 256.6, 175.8, 28757.6, 81.9, 13.2, 329.9, 79.1, 19.9
2, 11/01/2019 23:00:01, 130064, 57, 64.6, 21.3, 1436.8, 143.8, 16.8, 3.1, 0.5, 207, 165.5, 24810, 74.2, 11.9, 303.5, 107.2, 22.4
2, 11/01/2019 23:20:01, 130065, 47.4, 54.4, 19.7, 783.5, 86.4, 20, 3.4, 0.1, 170.6, 139.2, 27030.1, 74, 11.2, 277.5, 98.6, 16.7
2, 11/01/2019 23:40:01, 130066, 53, 63.9, 20, 1558.7, 147.2, 20.3, 2.3, 0.7, 242.4, 163.6, 28884.1, 82, 13.3, 329.3, 78.4, 16.6
3, 11/01/2019 00:00:08, 129995, 35.3, 44.3, 7.1, 22742.8, 208, 17.2, 0.5, 2.3, 213.8, 113.3, 42424.1, 512.5, 30.1, 448.6, 5.6, 6.1
3, 11/01/2019 00:19:09, 129996, 46.4, 104, 8.2, 8143.9, 253.4, 15.9, 0.5, 3.9, 382.3, 266.2, 87147.2, 573.9, 61.7, 603.5, 6.2, 5.5
3, 11/01/2019 00:40:09, 129997, 66.1, 135.4, 11.7, 7662.3, 341.4, 8.1, 0.7, 6.7, 397.7, 346.6, 74552.7, 767.9, 72.3, 709.9, 5.1, 7
3, 11/01/2019 01:00:08, 129998, 54.9, 130.6, 11, 38516, 411.9, 0.8, 0.7, 10.7, 388.5, 334.3, 98757.1, 769.2, 67.5, 674.4, 4, 8.8
3, 11/01/2019 01:19:08, 129999, 48.8, 120.5, 9, 8233.9, 488.9, 1.9, 0.6, 12, 328.9, 308.4, 91488.4, 554.5, 67.6, 617, 5.1, 4.9
3, 11/01/2019 01:40:08, 130000, 44, 97.3, 7.4, 8039.6, 295.2, 0.3, 0.5, 5.5, 270.5, 249.2, 80224, 318.9, 60.3, 563.3, 2.7, 7.5
3, 11/01/2019 01:59:08, 130001, 56, 106.8, 10.4, 17138.8, 310.5, 3.5, 0.6, 11.7, 318.8, 273.4, 76715.2, 365.7, 59.3, 697.3, 4.7, 10.3
3, 11/01/2019 02:20:08, 130002, 53.1, 80.2, 10.5, 3195.5, 527.7, 0.5, 0.7, 9.7, 266.7, 205.2, 72625.7, 420.8, 41.3, 563.6, 4.1, 10
3, 11/01/2019 02:40:08, 130003, 41.2, 54, 9.1, 1993.6, 564.1, 0.5, 0.6, 7.9, 156.7, 138.2, 77948.3, 316.8, 31.3, 464.8, 3.2, 10.3
3, 11/01/2019 03:00:08, 130004, 46.7, 67.7, 9, 21019, 401.3, 6.1, 0.6, 6.6, 239.6, 173.4, 85882.3, 338.8, 32.1, 518.2, 3, 11.9
3, 11/01/2019 03:20:08, 130005, 55.4, 109.1, 11, 59336.9, 537.4, 11.1, 0.7, 9, 346.6, 279.4, 105343.2, 435.8, 37.4, 751.8, 2.6, 51.9
3, 11/01/2019 03:39:08, 130006, 56.2, 79.6, 12.1, 26714.2, 921.5, 136.7, 0.9, 5.9, 294.2, 203.8, 70176.5, 379.8, 36.7, 715, 5.9, 21.9
3, 11/01/2019 04:00:08, 130007, 52.8, 65.6, 12, 6114.2, 1315.1, 266.5, 0.7, 5.2, 196.7, 167.9, 63241.9, 517.5, 36.2, 645.5, 12.8, 11.3
3, 11/01/2019 04:20:07, 130008, 50.5, 63, 9.2, 9172.4, 689.9, 75.9, 0.6, 8.8, 232.9, 161.4, 78098.1, 608.5, 33.8, 461.6, 4.7, 6.7
3, 11/01/2019 04:40:07, 130009, 71.1, 91.7, 12.4, 8334.5, 480.3, 3, 1.8, 19.5, 294.2, 234.8, 89523.5, 2926.3, 45.6, 741.2, 4.1, 6.5
3, 11/01/2019 05:00:08, 130010, 56.3, 77, 10.2, 27764.1, 561.7, 10.9, 0.7, 21.3, 249.9, 197.2, 131705.6, 484.7, 43.5, 701.4, 5, 6.4
3, 11/01/2019 05:19:07, 130011, 59, 80.6, 11.3, 10760.4, 457.9, 9.3, 0.7, 17.9, 257.1, 206.3, 148953.4, 361.1, 45.2, 750.2, 6, 9.3
3, 11/01/2019 05:39:08, 130012, 47.8, 62, 10.4, 3953.4, 226.4, 5.2, 0.7, 9.4, 194.3, 158.8, 105009.8, 279.4, 40.4, 709.2, 11.3, 9.9
3, 11/01/2019 06:00:07, 130013, 49.9, 73.8, 10.8, 20911.5, 416.4, 62, 0.7, 9, 331, 188.9, 89743.3, 360.3, 38.6, 827.7, 11.2, 11.6
3, 11/01/2019 06:20:08, 130014, 76.5, 97.5, 16.3, 2434.3, 1317.3, 189.9, 3.2, 11.8, 332.7, 249.7, 102931, 313.1, 41.1, 916.5, 9.3, 11.6
3, 11/01/2019 06:40:06, 130015, 43.5, 55.6, 11, 1518.8, 1062.4, 172.4, 0.7, 4.4, 221.7, 142.3, 69879.4, 354.7, 38.3, 662.5, 11.7, 8.9
3, 11/01/2019 07:00:07, 130016, 50.9, 76.2, 11.9, 31629.8, 407.9, 12.1, 2.2, 17, 272.5, 195, 63118, 374.2, 38.3, 687.9, 12.6, 8.7
3, 11/01/2019 07:20:07, 130017, 40.1, 59.6, 10.4, 5478.5, 550.3, 15.8, 0.7, 14.3, 189.1, 152.6, 58727.7, 543.1, 35.9, 641.3, 8, 7.4
3, 11/01/2019 07:39:07, 130018, 41.5, 59.3, 9.1, 7654, 509, 13.3, 0.6, 20.8, 180.8, 151.8, 72742.2, 372.4, 33.1, 544.3, 6.5, 6.4
3, 11/01/2019 08:00:07, 130019, 43.4, 75.3, 8.6, 48754.7, 348.7, 24.9, 0.9, 19.1, 405.8, 192.7, 72707.8, 292.9, 39.6, 685.7, 6.4, 8.4
3, 11/01/2019 08:20:06, 130020, 42.1, 63.8, 8.4, 2924.3, 353.7, 24.8, 0.5, 10.2, 211, 163.3, 91976.9, 478.1, 36, 616.2, 6.5, 6.5
3, 11/01/2019 08:40:07, 130021, 45.5, 62.5, 10, 19147.6, 487.4, 31.3, 0.7, 11.9, 260, 160.1, 67018, 431.5, 35, 585.2, 6.5, 7.8
3, 11/01/2019 09:00:07, 130022, 52.5, 87.7, 9.9, 22299.9, 420.6, 28.2, 0.6, 27.5, 322.9, 224.6, 125184.8, 570.9, 43.6, 707.8, 5.7, 6.2
3, 11/01/2019 09:19:07, 130023, 37.6, 79.9, 7.7, 16756.7, 388.4, 31.7, 0.7, 31.7, 286.4, 204.6, 65926.6, 469, 42.5, 636, 8.5, 5.3
3, 11/01/2019 09:39:06, 130024, 44.8, 80.5, 8.9, 15826.8, 315, 28.4, 1, 31.7, 379.9, 206.1, 81703.5, 325.9, 40.4, 621.8, 6.1, 5.3
3, 11/01/2019 09:59:07, 130025, 51.6, 88.7, 9.6, 18259.7, 397.7, 8, 0.7, 34.3, 302.9, 227.2, 68255.5, 350.7, 40.5, 618.2, 6, 6.4
3, 11/01/2019 10:20:06, 130026, 47.5, 91.9, 8.1, 9251.1, 273.1, 21.6, 0.5, 43.1, 309.4, 235.4, 89294.9, 454.5, 46.3, 635.6, 6.6, 4.1
3, 11/01/2019 10:39:06, 130027, 55.4, 117.1, 10, 9758.2, 243, 10.5, 2.3, 50.4, 417.6, 299.7, 76129.8, 492.2, 53.5, 815.2, 6.8, 5.1
3, 11/01/2019 11:00:06, 130028, 59.4, 159.8, 11.7, 52424, 264.5, 16.4, 7.9, 58.9, 597, 409.1, 133221.8, 369.4, 62.8, 1390.6, 5.1, 13.2
3, 11/01/2019 11:20:11, 130029, 54.7, 156.5, 9.1, 5887.6, 330.7, 22.7, 5.5, 54.2, 691.7, 400.8, 107917.9, 476.8, 60.2, 1322.3, 4.8, 5.6
3, 11/01/2019 11:39:11, 130030, 56.5, 121.3, 10.7, 4204.2, 436.2, 15.5, 1.8, 47.2, 399.3, 310.6, 93359.5, 435.3, 56, 1158.3, 3.3, 8.3
3, 11/01/2019 12:00:06, 130031, 49.4, 115.6, 9.5, 21169.8, 310.7, 20.8, 1.9, 52.9, 357.5, 295.9, 77326.2, 561.7, 53.9, 996.4, 2.5, 8.6
3, 11/01/2019 12:20:05, 130032, 60.5, 194.1, 10.4, 3274.4, 361.2, 6.8, 6.9, 65.7, 2077.9, 496.9, 80937.6, 541.2, 55.4, 1177.1, 2, 4.8
3, 11/01/2019 12:40:05, 130033, 59.3, 155.7, 11.2, 4797.1, 332, 9, 4.7, 68.1, 568.6, 398.7, 128874, 517.6, 57.9, 1202.6, 2.4, 7.9
3, 11/01/2019 13:00:05, 130034, 56.6, 197.2, 10.4, 22803.9, 281.3, 26.7, 5.2, 67.4, 986.8, 504.9, 83844.3, 399.5, 64.7, 1290.2, 2.4, 9.4
3, 11/01/2019 13:20:01, 130035, 48.2, 137.7, 8.9, 4346.6, 288.1, 12.3, 3.1, 56.7, 456.9, 352.4, 85192.9, 391, 67.4, 1375.2, 3, 8.8
3, 11/01/2019 13:40:01, 130036, 43.4, 124.8, 8, 6499.1, 267.2, 13.2, 2.5, 48.5, 413.8, 319.4, 79081.2, 380.2, 68, 1483.1, 2.3, 7.1
3, 11/01/2019 14:00:00, 130037, 47.8, 146.7, 9, 16260.3, 242.6, 22.5, 1, 45.6, 693.5, 375.5, 107243.2, 452.2, 62, 1258.6, 1.6, 11.2
3, 11/01/2019 14:20:00, 130038, 51.4, 123.8, 10.4, 5743.4, 483.4, 14.5, 0.9, 48.1, 418, 316.9, 74611, 744, 53.1, 1094.3, 3.2, 11.6
3, 11/01/2019 14:40:10, 130039, 50.8, 117.5, 9.8, 11700.9, 344.7, 19.4, 0.7, 43.4, 477.3, 300.8, 71119.9, 878.9, 56.3, 1280.2, 6, 9.6
3, 11/01/2019 15:00:10, 130040, 59.6, 131.1, 10.9, 19822.4, 292.3, 10, 2, 34.7, 405.8, 335.5, 73559.8, 664.1, 54.5, 1320.6, 2.6, 7.7
3, 11/01/2019 15:20:10, 130041, 45.8, 108.9, 9.1, 13131.7, 266.6, 12.6, 0.9, 45.1, 395.1, 278.8, 68630.9, 958.5, 49.2, 1060.7, 2, 8.2
3, 11/01/2019 15:39:10, 130042, 51.6, 138.4, 10.2, 6044.8, 313.2, 22, 4.4, 52, 504.8, 354.3, 94693.3, 982.3, 48, 988.3, 1.7, 8
3, 11/01/2019 16:00:10, 130043, 38.6, 107.7, 7.4, 24243.8, 262.8, 6.5, 0.7, 48.3, 351.9, 275.6, 113880.9, 909.5, 46.2, 860.6, 1.8, 6.7
3, 11/01/2019 16:19:10, 130044, 53, 131.2, 10.5, 4998.6, 402.2, 13.4, 0.8, 50.3, 392.6, 336, 114046.7, 714.1, 48.2, 918, 2.1, 6.9
3, 11/01/2019 16:39:14, 130045, 51.1, 142, 10.7, 4892.8, 327.3, 21.2, 3, 54.8, 485.6, 363.5, 89469.7, 544.5, 52, 973.3, 2.3, 9.3
3, 11/01/2019 16:59:14, 130046, 45.3, 131.8, 9.4, 21311.7, 303.3, 6.3, 0.7, 54.9, 541.4, 337.5, 129031.6, 790.3, 46.8, 783.1, 4.3, 7.6
3, 11/01/2019 17:19:15, 130047, 51.7, 126.3, 10.2, 3783.8, 337, 17.9, 1.3, 60.7, 468.5, 323.2, 99473.3, 1128.2, 50.8, 847.5, 9.4, 6.7
3, 11/01/2019 17:40:15, 130048, 40.9, 108.9, 8.2, 3543.6, 212.6, 12.6, 0.5, 51.9, 399.1, 278.7, 73575.3, 1006.3, 45.8, 654, 11.2, 5.5
3, 11/01/2019 17:59:15, 130049, 44.7, 123.1, 9.4, 20907.7, 137.7, 16.6, 0.8, 51.3, 605.5, 315.1, 51868.7, 806.2, 50.2, 743.1, 10, 9.8
3, 11/01/2019 18:19:15, 130050, 38.3, 108.3, 8, 3472.3, 198.7, 7.3, 0.5, 60.4, 344.9, 277.3, 48583.5, 1126.8, 46.2, 601, 9.1, 5.2
3, 11/01/2019 18:39:15, 130051, 32.3, 100.9, 7.3, 4284.7, 154.5, 15.1, 0.5, 48.9, 316.1, 258.3, 57955.2, 1009.8, 46, 548.1, 9.5, 5.4
3, 11/01/2019 19:00:14, 130052, 43.6, 117.1, 9.8, 3899.5, 107.8, 11.1, 1, 42, 370.9, 299.7, 68491.4, 1168.7, 49, 620, 10.5, 11.7
3, 11/01/2019 19:20:15, 130053, 43.4, 111.5, 9.7, 2823.2, 296.6, 17.1, 0.9, 32.3, 351.3, 285.5, 38557.6, 981.2, 41.4, 571.1, 5, 6
3, 11/01/2019 19:40:09, 130054, 31.9, 79.1, 7.1, 4937.8, 137.2, 3.3, 0.5, 25.1, 247.5, 202.4, 45062.7, 1066.1, 37.2, 475.2, 7.1, 5.2
3, 11/01/2019 19:59:09, 130055, 43.8, 89.6, 9.2, 17216.4, 355.8, 20.3, 0.7, 26.3, 322.6, 229.5, 90387.8, 1050, 37.4, 498.4, 5, 7.5
3, 11/01/2019 20:20:09, 130056, 29.6, 71.3, 7.1, 1777.3, 141, 4.7, 0.4, 21.3, 264, 182.5, 29859, 1611.9, 32.4, 356.2, 7.4, 4.8
3, 11/01/2019 20:40:09, 130057, 23.2, 61.4, 5.8, 1398.7, 118.9, 1.2, 0.4, 19.7, 192.1, 157.2, 33074, 763.2, 27.9, 306.6, 4.1, 4.6
3, 11/01/2019 20:59:09, 130058, 34.2, 84.1, 8.1, 18962.8, 153.7, 1, 0.5, 17.2, 252.9, 215.2, 56303, 544.2, 28.2, 410.6, 3.5, 10.2
3, 11/01/2019 21:19:09, 130059, 35, 87.8, 8, 5028.9, 87.7, 1.5, 0.6, 18.6, 401.4, 224.7, 39844.1, 694.5, 27.2, 393.9, 3.2, 5.1
3, 11/01/2019 21:40:08, 130060, 29.8, 67.1, 7.9, 1685.9, 95.7, 0.2, 0.5, 17.9, 209.5, 171.8, 41206.4, 1312.7, 25.6, 301.8, 4.4, 5.6
3, 11/01/2019 22:00:09, 130061, 35.1, 65.8, 8.3, 21392.2, 116.4, 0.3, 0.5, 14.5, 221.9, 168.3, 32947.3, 341.5, 24.2, 292.3, 3.6, 8.6
3, 11/01/2019 22:20:08, 130062, 25.2, 44.6, 6.3, 4610.5, 83.1, 0.1, 0.4, 6.4, 154.1, 114.3, 38838.4, 367.6, 19.8, 226.4, 4.4, 4.7
3, 11/01/2019 22:40:09, 130063, 24.3, 40.2, 6, 4183.1, 54.8, 0.1, 0.4, 4.4, 122.6, 102.9, 38575.9, 309.7, 19.4, 219.7, 3.7, 4.4
3, 11/01/2019 23:00:09, 130064, 26.4, 39.9, 6.2, 21292.4, 52.9, 0.1, 0.4, 4.7, 140.3, 102.3, 28228.9, 348.7, 18.3, 214.5, 2.6, 7.2
3, 11/01/2019 23:19:09, 130065, 59, 69.4, 8.1, 7257.9, 138.7, 27.7, 0.6, 3.5, 250.9, 177.8, 40468.1, 370.7, 20.7, 427.5, 1.5, 4.9
3, 11/01/2019 23:39:09, 130066, 25.5, 58.3, 6.3, 828.1, 106.6, 16.2, 0.5, 0.1, 225.6, 149.4, 26043.3, 299.9, 21.2, 466.8, 1.6, 7.4
4, 11/01/2019 00:00:45, 129995, 48.2, 66.4, 8.5, 22344.6, 187.4, 1.7, 0.6, 8, 266.9, 170.1, 36099, 159.8, 24.6, 450.2, 1.5, 8.3
4, 11/01/2019 00:19:51, 129996, 42, 98.3, 8.3, 16425.6, 141.4, 0.8, 0.5, 9.8, 346.8, 251.7, 66549.5, 704.5, 57.2, 570.3, 3.6, 7
4, 11/01/2019 00:39:50, 129997, 56.1, 121.8, 10, 7357.8, 150.4, 0.3, 0.7, 10.9, 335.9, 311.7, 83982.8, 260.5, 71.5, 716, 2.1, 6.3
4, 11/01/2019 00:59:50, 129998, 62.4, 125.2, 10.8, 4715.4, 145.6, 1, 0.8, 14.7, 361, 320.5, 89852.3, 226, 65.7, 680, 2, 9
4, 11/01/2019 01:19:50, 129999, 69.3, 118.5, 11.7, 2562.7, 343.5, 1, 1.1, 19.2, 386.4, 303.4, 86721, 160.1, 58.3, 680.7, 2.9, 8.1
4, 11/01/2019 01:39:51, 130000, 55.7, 88.6, 10, 2695.1, 366.8, 0.2, 0.7, 11.2, 246.2, 226.8, 72771.5, 81.1, 52.8, 580.8, 2.5, 6.4
4, 11/01/2019 01:59:50, 130001, 63.6, 92.6, 12, 21830.2, 521.3, 1.2, 1.4, 14.1, 285.3, 237, 100466.8, 145.1, 47.2, 632.5, 2.4, 8.5
4, 11/01/2019 02:19:50, 130002, 53.1, 64.1, 10.6, 8108, 487.9, 1.5, 0.7, 10.4, 285.2, 164.1, 42555.5, 190.8, 31.9, 490.5, 2.3, 8
4, 11/01/2019 02:39:50, 130003, 39.6, 44.2, 7.9, 9623.7, 310.2, 0.9, 0.6, 4.9, 144.1, 113.1, 42952.3, 122, 26.9, 381.8, 4.1, 9.1
4, 11/01/2019 02:59:50, 130004, 52.1, 79.3, 9.4, 46235.2, 272.9, 4.9, 1.2, 12.6, 470.1, 202.9, 50740.3, 222, 32.7, 548, 3, 13.5
4, 11/01/2019 03:19:50, 130005, 45.6, 120.9, 9.2, 120461.7, 193.3, 5.5, 0.7, 8.3, 390.5, 309.4, 61145, 148.2, 36.2, 683.2, 3.2, 82.6
4, 11/01/2019 03:39:50, 130006, 46.2, 80.8, 9.3, 39582.4, 283.9, 11.3, 0.7, 14.7, 362.4, 207, 79401.6, 132.1, 37.3, 727, 2.8, 27.3
4, 11/01/2019 03:59:49, 130007, 74.2, 96.8, 12.7, 36331.9, 505.5, 4.1, 2.2, 21.1, 292.2, 247.9, 134681.3, 3370.3, 39.7, 787, 4.4, 11
4, 11/01/2019 04:19:50, 130008, 58.2, 69.5, 9.4, 7254.7, 585.2, 3.8, 0.6, 17, 204.9, 177.8, 116583.9, 4739.8, 38.1, 678, 2.9, 8.6
4, 11/01/2019 04:39:49, 130009, 65.8, 82, 10.7, 7566.7, 422.9, 6.6, 1.4, 19.8, 295.4, 209.8, 119301, 5000.9, 46.1, 825.8, 2.3, 11
4, 11/01/2019 04:59:50, 130010, 55.3, 70.1, 9.1, 20700.6, 527.5, 10.3, 0.7, 19.3, 222.1, 179.4, 101839.9, 3843, 38.3, 697.5, 3.7, 11.6
4, 11/01/2019 05:19:50, 130011, 39.5, 45.8, 7.9, 8785.6, 354.3, 6.6, 0.5, 7.5, 139.7, 117.2, 96156.9, 1524.4, 31.8, 559.5, 5, 11.3
4, 11/01/2019 05:39:50, 130012, 42, 55, 9.5, 8322.5, 165.3, 5.9, 0.6, 11.4, 196.6, 140.9, 56495.2, 6487.8, 32.4, 546.7, 4, 12.1
4, 11/01/2019 05:59:49, 130013, 64.4, 109.2, 12.3, 19886.4, 383.1, 6, 8.7, 35.8, 451.9, 279.6, 108671, 160.9, 41.7, 849.3, 2, 13.3
4, 11/01/2019 06:19:49, 130014, 65.4, 102.7, 12.3, 9272.2, 536.4, 13.8, 5.6, 28.2, 399.6, 263, 104539.8, 272.8, 41.2, 882.4, 2.9, 10.9
4, 11/01/2019 06:39:49, 130015, 36, 59.5, 7, 8429.2, 377.1, 9.6, 0.5, 19.2, 188.2, 152.3, 74297.2, 148.9, 37.2, 662.3, 2.3, 9.2
4, 11/01/2019 06:59:49, 130016, 46.7, 70.3, 9.4, 15403.9, 260.6, 5.5, 2.1, 24.8, 342.6, 179.9, 72502.5, 273, 33.9, 666.4, 2.5, 6.7
4, 11/01/2019 07:19:49, 130017, 42.5, 78.7, 8.1, 5817.3, 128, 0.8, 0.8, 38.7, 252.4, 201.5, 93683, 84, 34, 580.8, 1.8, 6.5
4, 11/01/2019 07:39:49, 130018, 34.4, 67.2, 6.6, 5197.3, 246, 4.7, 0.5, 37.3, 206.5, 172.1, 70130.3, 82, 31, 522.4, 2.9, 5.1
4, 11/01/2019 07:59:49, 130019, 47.2, 80.7, 7.7, 9754.7, 292.1, 7, 0.6, 39.4, 274.9, 206.7, 121754.8, 128, 32, 548.7, 1.9, 5.4
4, 11/01/2019 08:19:48, 130020, 36.3, 78.3, 6.1, 3261.7, 285.3, 3.2, 0.9, 39.1, 293.7, 200.4, 67281.2, 90.7, 30, 501.7, 1.8, 4
4, 11/01/2019 08:39:49, 130021, 31, 70.1, 6.6, 3955.1, 181.7, 7.1, 0.5, 37.8, 196, 179.4, 70917.8, 92.4, 29.6, 474.3, 1.9, 6.7
4, 11/01/2019 08:59:48, 130022, 49.4, 124.1, 9.3, 17813.8, 276.6, 7.2, 1.9, 62.8, 376.8, 317.7, 86937.1, 308.2, 49.6, 758.6, 4.4, 7.1
4, 11/01/2019 09:19:48, 130023, 38.9, 110.2, 7.2, 3231, 263.8, 4.6, 1, 68.8, 310.2, 282, 75596.8, 110, 44.5, 651.8, 2.4, 6.3
4, 11/01/2019 09:39:48, 130024, 34, 83.1, 6.2, 1324, 167.2, 4.9, 0.4, 50.2, 261.5, 212.7, 78756.8, 81, 39.5, 580, 1.8, 4.7
4, 11/01/2019 09:59:49, 130025, 37.7, 81, 7.1, 18329.4, 192.9, 9.6, 0.5, 38.7, 263.5, 207.4, 77614.3, 92.2, 40.2, 613.4, 2.6, 6.9
4, 11/01/2019 10:19:49, 130026, 36.6, 81, 7.5, 1242.6, 247.9, 6.8, 0.5, 37.6, 253.4, 207.5, 84436, 111.1, 40, 584, 2.9, 6.4
4, 11/01/2019 10:39:49, 130027, 44.6, 108.7, 9.5, 2458.7, 231.5, 5, 0.8, 53.4, 386.4, 278.3, 88983.7, 199.8, 47.1, 742.9, 1.8, 8
4, 11/01/2019 10:59:48, 130028, 65.3, 194.1, 12.7, 24922.6, 257.1, 8.1, 7.9, 76.5, 728.2, 496.9, 174046.5, 234, 57.3, 1347.3, 1.3, 13.6
4, 11/01/2019 11:19:48, 130029, 71.1, 180.7, 12.1, 5506.3, 324.3, 24.4, 3.3, 59.7, 833.7, 462.7, 163596.9, 162.1, 62.9, 1565.5, 1.4, 8.1
4, 11/01/2019 11:39:48, 130030, 66.6, 151.7, 12.2, 3348.8, 314.1, 22.5, 6.4, 57.1, 581.9, 388.3, 124144.4, 183.1, 65.6, 1606.7, 1.3, 10.2
4, 11/01/2019 11:59:48, 130031, 67.3, 162.2, 12.5, 14149.3, 238.4, 17.9, 6.6, 54.9, 702, 415.2, 104514.8, 153.9, 58.7, 1384.4, 2.7, 12.2
4, 11/01/2019 12:19:47, 130032, 54, 142.6, 10.1, 3680.9, 196.8, 4.9, 4.4, 42.4, 631.7, 364.9, 134542.2, 172.1, 54, 1211.3, 1.3, 7.7
4, 11/01/2019 12:39:48, 130033, 59.1, 131.4, 11.4, 3860.3, 293.3, 6, 2.5, 44.1, 485.9, 336.5, 88000.7, 209.3, 51, 1135.7, 1.5, 7.2
4, 11/01/2019 12:59:48, 130034, 49.4, 137.4, 9.4, 20476.1, 114.1, 8.2, 0.8, 32.7, 1191.5, 351.8, 98147.6, 176.7, 58.2, 1288.3, 4, 11.3
4, 11/01/2019 13:19:47, 130035, 70.1, 140.7, 12.5, 7072.5, 346.9, 9, 4.3, 37.8, 561.8, 360.1, 77177.1, 192.9, 64.2, 1381.3, 2.9, 11.3
4, 11/01/2019 13:39:48, 130036, 50, 110.4, 9.7, 2598.4, 127.4, 4.9, 1.6, 23.1, 444.1, 282.7, 72012.5, 102.1, 61.7, 1256.6, 3.5, 10.2
4, 11/01/2019 13:59:48, 130037, 40.6, 88.3, 9.6, 27263.5, 193, 12.4, 0.6, 16.9, 370.5, 226, 76505.1, 180, 55.6, 1095.3, 3.9, 16
4, 11/01/2019 14:19:48, 130038, 62.3, 115.5, 13.7, 2788.5, 421.8, 10.4, 2.8, 21.8, 444, 295.7, 66221.1, 158.9, 53.7, 1422.8, 1.8, 17.1
4, 11/01/2019 14:39:47, 130039, 49.8, 90.1, 11.5, 2393, 279.3, 9.7, 0.9, 12.3, 371.5, 230.8, 41726.8, 205, 49.6, 1131.4, 2.4, 15.2
4, 11/01/2019 14:59:47, 130040, 54.5, 102.5, 12.2, 15239.5, 349.6, 6.2, 1.2, 32.6, 395.1, 262.4, 123164.8, 166.6, 55.2, 1166.1, 4.5, 9.3
4, 11/01/2019 15:20:47, 130041, 47, 98.6, 11.2, 2171.6, 262.1, 6.2, 0.7, 36.9, 328.8, 252.3, 42906.4, 101.5, 51.3, 1008.4, 6.8, 12
4, 11/01/2019 15:39:57, 130042, 48.7, 109.3, 10.8, 2319.3, 321, 3.8, 0.7, 53.3, 345.8, 279.7, 109254.1, 120.9, 56, 832.8, 5.7, 11.9
4, 11/01/2019 15:59:57, 130043, 58.9, 119.5, 11.6, 12591.3, 256.2, 5.9, 1.6, 38.7, 373.4, 305.9, 51055, 106.5, 54.3, 1064.9, 7.2, 9.6
4, 11/01/2019 16:20:02, 130044, 63.2, 132.6, 11.8, 1793.4, 99.8, 2.6, 2.4, 37.9, 445.9, 339.6, 55373.7, 129.1, 53.2, 1099.7, 7.3, 8.2
4, 11/01/2019 16:40:02, 130045, 64.7, 136.9, 13.5, 1881.2, 300.7, 3.5, 1.9, 34.4, 434.5, 350.3, 47088.5, 139, 54.8, 1269.2, 6.8, 8.2
4, 11/01/2019 17:00:01, 130046, 53.3, 112.5, 12.2, 12787.5, 168.7, 5.8, 0.9, 22.9, 373.1, 287.9, 66390.1, 156.8, 50.4, 1153.3, 6.8, 9.5
4, 11/01/2019 17:20:02, 130047, 48.2, 90.6, 12.4, 1888, 286.2, 3.7, 0.8, 20.2, 333, 231.8, 54149.9, 198.9, 48.2, 1080.6, 7, 9.6
4, 11/01/2019 17:41:01, 130048, 39.8, 74.1, 10.8, 1552.2, 192.5, 1.1, 0.6, 10.2, 272.1, 189.6, 60472.8, 99.9, 41.6, 761.5, 8.5, 8.9
4, 11/01/2019 18:00:02, 130049, 35.7, 65.2, 9.9, 12905.1, 211.9, 1.2, 0.6, 2.9, 247.5, 167, 49750, 139.5, 39, 675.7, 4, 12
4, 11/01/2019 18:19:57, 130050, 36.5, 68, 10, 985.8, 164.3, 0.8, 0.8, 12.9, 262.7, 174.2, 45941.1, 105.1, 44.9, 781.4, 0.7, 13.2
4, 11/01/2019 18:39:57, 130051, 34.2, 58.9, 9, 1380.9, 68.5, 2.4, 0.6, 2.9, 325.2, 150.8, 36984, 93, 35, 546.1, 0.7, 12.6
4, 11/01/2019 18:59:56, 130052, 30.6, 67, 8.3, 48653.9, 41, 3, 0.6, 0.5, 286.2, 171.4, 52710.9, 112.1, 37.2, 617.5, 2.7, 18.4
4, 11/01/2019 19:19:56, 130053, 33, 64.5, 7.4, 3702.6, 191.7, 4.5, 0.5, 0.1, 205.7, 165.2, 42278, 119.3, 39.8, 671.1, 1.9, 9.4
4, 11/01/2019 19:39:56, 130054, 39.1, 67, 8.8, 1904.5, 331, 5.7, 0.6, 0.1, 228.5, 171.6, 41106.4, 155.4, 36.9, 729.5, 0.5, 8.8
4, 11/01/2019 19:59:56, 130055, 33.6, 96.8, 7.2, 16214.5, 165.6, 2, 0.5, 0.5, 1028.3, 247.9, 74760.5, 156.9, 27.7, 561.8, 2.3, 7
4, 11/01/2019 20:19:56, 130056, 24.5, 39.7, 6.1, 5065.6, 93.8, 0.5, 0.5, 0.2, 119.9, 101.6, 66569.2, 97.8, 24.6, 394.5, 6.5, 5.8
4, 11/01/2019 20:39:56, 130057, 22, 36, 5.5, 4457.6, 61.7, 2.6, 0.4, 0.1, 114.7, 92.3, 40506.8, 98.9, 22.9, 368.4, 2.2, 5.8
4, 11/01/2019 20:59:56, 130058, 34.2, 52.4, 7, 23908.4, 143.7, 5.4, 0.4, 1.7, 386.7, 134.1, 75216.2, 115.1, 24.6, 472.9, 1.9, 8.2
4, 11/01/2019 21:19:56, 130059, 30, 46.2, 6.9, 1902.7, 106.8, 2.7, 0.5, 0.7, 193.7, 118.4, 44839.1, 102.1, 23.5, 450.4, 1.3, 5.9
4, 11/01/2019 21:39:56, 130060, 28.1, 53.2, 7.7, 3732.6, 26, 3.5, 0.6, 0.4, 605, 136.2, 41770.9, 81.2, 25.6, 474.9, 2.8, 7.1
4, 11/01/2019 21:59:55, 130061, 33, 40.1, 7.6, 11891.6, 195.5, 5, 0.5, 0.1, 152.1, 102.6, 30259.8, 83.8, 20.4, 445, 1.3, 6.4
4, 11/01/2019 22:19:56, 130062, 22.6, 28.1, 6.1, 342.2, 37.4, 4.9, 0.5, 0, 101.6, 71.8, 27233.2, 77.1, 18.7, 338.2, 1.2, 6.7
4, 11/01/2019 22:39:56, 130063, 23.8, 27.1, 6.3, 659.9, 127.3, 3.6, 0.5, 0.1, 93, 69.2, 18124, 60.3, 17.4, 309.8, 0.9, 8.2
4, 11/01/2019 22:59:56, 130064, 31.7, 33.3, 7.1, 12924, 341.5, 5.3, 0.5, 0.3, 126.4, 85.3, 17961.1, 97.3, 17, 339.8, 0.5, 7.1
4, 11/01/2019 23:19:55, 130065, 20.9, 28.2, 5, 1124.3, 192, 0.5, 0.4, 0.5, 285.2, 72.1, 31652.7, 98.9, 15.3, 255.7, 0.3, 4.9
4, 11/01/2019 23:39:56, 130066, 23.6, 33.6, 6, 5103.7, 162.6, 0.8, 0.5, 1.1, 176.9, 85.9, 17749, 90.1, 17.8, 349.9, 0.5, 6.2
