HOST, SNAP_ID, TIME, SYS_CPU, SYS_DBTIME, SYS_SYSPCT, SYS_READ, SYS_WRITE, SYS_REDO, SYS_OSWAIT, SYS_RMWAIT, SYS_ACTSESS_MAX, SYS_ACTSESS_AVG, SYS_PGA, SYS_PXRUNS, SYS_PXQCT, SYS_PXSRVT, SYS_UCALLS, SYS_IOWAIT
1, 125283, 02/11/2018 23:59:28, 26.5, 27.9, 7.2, 297.2, 228, 38.3, 0.6, 0, 104, 71.4, 33955, 224.1, 6, 123.6, 150.4, 6.9
1, 125284, 03/11/2018 00:19:28, 30.3, 39.4, 7.4, 11746, 204.6, 31.7, 0.6, 5.3, 152.3, 100.8, 24700.6, 198.8, 11.7, 156.8, 136.3, 9.2
1, 125285, 03/11/2018 00:40:28, 40.7, 53.2, 9.1, 1325.1, 194.3, 26.9, 0.7, 0.6, 238.6, 136.3, 26389.8, 353.9, 16.6, 195.8, 123.7, 9.6
1, 125286, 03/11/2018 00:59:28, 43.5, 46.6, 10.2, 1387, 198.2, 39.3, 0.8, 2, 151.8, 119.2, 22330.7, 708.8, 17.1, 189.2, 151.3, 6.4
1, 125287, 03/11/2018 01:19:27, 30.7, 33.5, 8, 1015.4, 164.3, 33.7, 0.7, 0, 119.9, 85.8, 21349.2, 677.2, 14.4, 168.7, 146.9, 4.6
1, 125288, 03/11/2018 01:39:28, 19.1, 17.5, 5.3, 522.6, 123.6, 29.2, 0.5, 0, 79.8, 44.7, 20870.3, 754.5, 12.8, 156.6, 135.7, 2.3
1, 125289, 03/11/2018 01:59:27, 24.2, 39.2, 6.6, 508.9, 247.2, 46.7, 0.6, 0, 898, 100.4, 20692.3, 835.4, 8.7, 132.6, 154.4, 3
1, 125290, 03/11/2018 02:19:27, 31.5, 30.5, 7.7, 1185.2, 177.7, 35.6, 0.7, 0.6, 157.3, 78, 23216.4, 449.7, 8.2, 144.2, 145.1, 1.4
1, 125291, 03/11/2018 02:39:28, 23.4, 31.5, 6.4, 701, 176.6, 37.4, 0.6, 0.1, 113.6, 80.7, 22820.8, 190.1, 8, 145.4, 174, 1
1, 125292, 03/11/2018 03:00:28, 15.5, 17.8, 5.3, 33.2, 166.9, 27.9, 0.5, 0, 74.6, 45.6, 22197.6, 159.9, 7.6, 138.6, 147.5, 2.9
1, 125293, 03/11/2018 03:19:27, 17.6, 15.8, 5.6, 73.6, 179.4, 36.6, 0.6, 0, 73, 40.3, 22852.6, 164.9, 6.4, 118.9, 148.9, 2.8
1, 125294, 03/11/2018 03:39:27, 19.8, 27.3, 6.7, 35.1, 236.2, 39.5, 0.7, 0, 140.6, 69.8, 22848.9, 191.7, 5, 97.4, 143.5, 10.9
1, 125295, 03/11/2018 03:59:27, 17.7, 18.1, 5.8, 20.6, 259.5, 38.6, 0.6, 0, 107.7, 46.3, 41040, 166.9, 5.1, 97.4, 194.7, 1.8
1, 125296, 03/11/2018 04:19:28, 21.8, 17.8, 6.1, 26.5, 385.2, 37.9, 0.6, 0, 128.6, 45.7, 35459.4, 169.8, 5, 96.4, 151.7, 1.8
1, 125297, 03/11/2018 04:39:27, 23, 23.7, 6.9, 122.7, 451.7, 28.7, 0.6, 0, 79.7, 60.7, 35095.7, 202.3, 4.8, 93.9, 155.8, 3.5
1, 125298, 03/11/2018 04:59:27, 18, 16.3, 6.1, 128, 212.7, 26.3, 0.6, 0, 77.7, 41.7, 33774.9, 209.1, 4.3, 85.1, 162.7, 2.1
1, 125299, 03/11/2018 05:19:27, 16.6, 18.1, 5.2, 34.2, 154.3, 29.8, 0.5, 0, 86.8, 46.3, 32705.9, 182.8, 4, 81.1, 135.4, 2.8
1, 125300, 03/11/2018 05:39:27, 17.9, 20.7, 5.7, 37.6, 167.1, 32.8, 0.6, 0, 116.1, 53, 14545.7, 204, 4, 81.1, 130, 2.9
1, 125301, 03/11/2018 05:59:27, 22.8, 31.2, 6.9, 673.3, 189.8, 29.2, 0.6, 0, 137.5, 80, 13314.7, 178, 3.8, 103.4, 72.8, 9.3
1, 125302, 03/11/2018 06:19:27, 9.9, 25.5, 3.1, 133.5, 114.4, 12.4, 0.3, 0, 86.4, 65.2, 11844.6, 174.7, 3.1, 52.3, 40.8, 15.4
1, 125303, 03/11/2018 06:39:27, 11.7, 25.4, 4.1, 156.3, 105, 14.3, 0.4, 0, 125.6, 64.9, 10438.5, 225, 3, 49, 40.3, 12.7
1, 125304, 03/11/2018 07:00:26, 27.7, 42.2, 8.2, 6615.3, 274.7, 43.5, 0.7, 0, 230.4, 108, 10272.6, 194.3, 2.9, 59.9, 68.4, 15.1
1, 125305, 03/11/2018 07:19:27, 31.8, 44.1, 9.4, 117.5, 300.1, 59.8, 0.8, 0, 202.2, 112.8, 9861.2, 180.7, 2, 33, 90.4, 15.2
1, 125306, 03/11/2018 07:39:27, 33.5, 48.6, 10.1, 109.6, 316, 60.8, 0.9, 0, 172.2, 124.3, 9885.7, 210.4, 2.1, 33.1, 106.9, 14.5
1, 125307, 03/11/2018 07:59:27, 14.2, 37.8, 5.6, 72.2, 140.1, 24, 0.5, 0, 216.8, 96.8, 9988, 177.9, 2.1, 33.5, 78.4, 18.3
1, 125308, 03/11/2018 08:19:27, 19.4, 26.4, 7.2, 5491.5, 180.2, 30.2, 0.7, 0, 91.2, 67.6, 9872.2, 187.2, 2.2, 33.9, 148.7, 10.2
1, 125309, 03/11/2018 08:39:26, 15.6, 19.8, 5.6, 47.8, 151.2, 29.8, 0.6, 0, 123.1, 50.7, 9811.3, 194.4, 2, 33, 120.4, 4.4
1, 125310, 03/11/2018 09:00:26, 16, 27.5, 5.7, 139.2, 186.1, 30, 0.5, 0, 182.4, 70.4, 10229.6, 220.2, 2.6, 41.2, 101.1, 5.4
1, 125311, 03/11/2018 09:20:26, 18.9, 29.3, 6.1, 908.9, 199.9, 33.3, 0.6, 0, 185.7, 75, 10061.6, 202.3, 2.8, 47.4, 109.1, 4.7
1, 125312, 03/11/2018 09:39:26, 16.8, 15.6, 6.3, 60, 178.4, 35.8, 0.6, 0, 59.7, 39.8, 9824.5, 202.9, 2.1, 33.1, 115.8, 5.2
1, 125313, 03/11/2018 09:59:26, 18.9, 17.7, 6.7, 72.6, 192.8, 40.2, 0.6, 0, 74.1, 45.4, 9817.9, 201.9, 2.1, 33.1, 120.7, 5.8
1, 125314, 03/11/2018 10:19:26, 20.1, 19.7, 6.9, 62.3, 221.6, 49.7, 0.7, 0, 95.8, 50.3, 9878.2, 175.3, 2, 33, 124, 4.9
1, 125315, 03/11/2018 10:40:25, 19, 14.8, 6.7, 64.8, 200.2, 40.7, 0.6, 0, 49.5, 37.9, 9891.5, 203.8, 2, 33.1, 121.1, 4.7
1, 125316, 03/11/2018 11:00:25, 16.7, 28.3, 5.8, 49.2, 180.1, 39, 0.6, 0, 227.2, 72.5, 9898.7, 205, 2.2, 33.1, 106.5, 5.3
1, 125317, 03/11/2018 11:19:25, 17.5, 21.2, 6.2, 58.6, 180.1, 39.1, 0.6, 0, 163.7, 54.4, 9880.2, 182.9, 2, 33, 113.3, 4.5
1, 125318, 03/11/2018 11:39:25, 18, 20.1, 6.2, 79.9, 178.6, 38.2, 0.6, 0, 117.5, 51.5, 9925, 205, 2, 33, 112.6, 4.2
1, 125319, 03/11/2018 11:59:26, 19.3, 23.9, 6.5, 101.7, 191.7, 39.7, 0.6, 0, 118, 61.2, 9899.2, 210.7, 2, 33.1, 109.5, 4.9
1, 125320, 03/11/2018 12:19:26, 18.7, 19.5, 6.2, 69, 174.3, 39.2, 0.6, 0, 113.7, 50, 9999.6, 197.2, 2.1, 33, 115.6, 4.2
1, 125321, 03/11/2018 12:39:25, 15.4, 12.1, 5.1, 60, 142.5, 33.1, 0.5, 0, 57.3, 31, 9903.1, 210.3, 2.1, 33.9, 102.6, 3.8
1, 125322, 03/11/2018 12:59:25, 21.2, 14.9, 5.6, 54.1, 460.2, 33.4, 0.5, 0, 58.7, 38.2, 19306.8, 192.2, 2.1, 33.2, 91.6, 4.6
1, 125323, 03/11/2018 13:19:25, 22, 12.8, 5.4, 50.5, 576.1, 31.3, 0.5, 0, 85.1, 32.8, 19280.4, 174.1, 2, 33, 91.9, 4.2
1, 125324, 03/11/2018 13:39:25, 21.5, 12.2, 5.2, 44.4, 585, 29.6, 0.5, 0, 51.8, 31.3, 19297.1, 218.7, 2, 33.1, 89.9, 3.8
1, 125325, 03/11/2018 13:59:26, 20.9, 11.9, 5.1, 43.3, 568.8, 25.9, 0.5, 0, 45.9, 30.5, 19295.7, 185.8, 2.1, 33, 85.2, 4.5
1, 125326, 03/11/2018 14:19:25, 19.9, 12.9, 4.8, 41.6, 566.9, 23.5, 0.4, 0, 104.5, 32.9, 19279.7, 185.5, 2, 33.1, 79.4, 3.7
1, 125327, 03/11/2018 14:39:25, 23.8, 14, 5.3, 42, 547.2, 26.9, 0.5, 0, 52.5, 35.9, 19289.7, 204.3, 2, 33.1, 91.3, 3.5
1, 125328, 03/11/2018 14:59:25, 18.8, 14.2, 4.7, 36.9, 543.1, 19.9, 0.4, 0, 90.8, 36.4, 19283.7, 190.1, 2, 33.1, 75.4, 4.3
1, 125329, 03/11/2018 15:19:25, 19, 10.2, 4.8, 43, 561.1, 19.6, 0.5, 0, 44.8, 26.1, 18905, 179.7, 2, 25.4, 79.2, 3.2
1, 125330, 03/11/2018 15:39:25, 18, 11.6, 4.3, 46.9, 555.1, 19.2, 0.4, 0, 113, 29.7, 18913.3, 206.2, 1, 1, 73, 2.2
1, 125331, 03/11/2018 15:59:25, 16, 7.5, 3.6, 57.6, 577.2, 18.1, 0.3, 0, 37.1, 19.3, 19031.5, 190.2, 1, 1, 40.6, 2
1, 125332, 03/11/2018 16:19:24, 16.9, 10.9, 3.8, 54.6, 593.5, 23.9, 0.4, 0, 105.9, 27.9, 19008.4, 183.2, 1, 1.1, 45.5, 1.6
1, 125333, 03/11/2018 16:39:25, 17, 7.2, 3.8, 53.2, 592.8, 27.3, 0.3, 0, 26.7, 18.3, 18922.2, 217.1, 1, 1.1, 46.3, 1.4
1, 125334, 03/11/2018 16:59:24, 15, 8.6, 3.3, 46, 562.7, 15.8, 0.3, 0, 41.9, 22.1, 18923.4, 186.8, 1.1, 1.1, 35.2, 2
1, 125335, 03/11/2018 17:19:25, 14.3, 8.4, 3, 39.2, 557.9, 13.9, 0.3, 0, 77.2, 21.5, 18888.3, 174.3, 1, 1, 31.2, 1.2
1, 125336, 03/11/2018 17:40:25, 12.8, 3.9, 2.7, 22.7, 571.7, 11.4, 0.3, 0, 18.9, 10, 18927.3, 216.1, 1.1, 1.9, 27.3, 1.1
1, 125337, 03/11/2018 17:59:24, 14.4, 10, 3.3, 410.2, 689.5, 11.2, 0.3, 0, 114, 25.5, 21452.7, 199.8, 8.6, 122.6, 27.1, 3.4
1, 125338, 03/11/2018 18:19:24, 13.7, 7.3, 3.1, 199.1, 643.2, 10, 0.3, 0, 51.1, 18.6, 21575.9, 197.9, 9, 129, 26.4, 1.4
1, 125339, 03/11/2018 18:39:24, 13.5, 5.3, 2.9, 127.6, 598.5, 10.1, 0.3, 0, 23.8, 13.7, 21625.4, 218, 9.1, 129.2, 28.5, 1.4
1, 125340, 03/11/2018 18:59:24, 14.7, 7.6, 3.3, 223.5, 562.3, 11.3, 0.3, 0, 38.8, 19.6, 21773.8, 196.8, 9.1, 129.5, 31.4, 2.4
1, 125341, 03/11/2018 19:19:24, 15.4, 10.5, 3.2, 234.3, 497.6, 13.3, 0.3, 0, 109.1, 26.9, 21716.5, 171.1, 9.1, 129.1, 25.3, 1.6
1, 125342, 03/11/2018 19:39:24, 13.8, 6.4, 2.9, 191.3, 526.5, 8.9, 0.3, 0, 30.9, 16.3, 21454.1, 186.9, 8.9, 126.8, 22.6, 1.4
1, 125343, 03/11/2018 19:59:24, 13.8, 6.7, 2.9, 266.1, 587.8, 10, 0.3, 0, 37.5, 17.3, 21409.2, 178.9, 8.1, 113.1, 25.1, 2.3
1, 125344, 03/11/2018 20:20:23, 12.3, 4.7, 2.3, 287, 589.7, 7.3, 0.2, 0, 33.2, 12, 21381.3, 182, 8.1, 113.1, 16.5, 1
1, 125345, 03/11/2018 20:40:23, 10.7, 2.9, 2, 165.7, 547.7, 5.3, 0.2, 0, 16.3, 7.5, 21405.8, 187.4, 8, 113.1, 12.4, 0.8
1, 125346, 03/11/2018 20:59:23, 15.8, 12.9, 3, 659.7, 519.1, 7.5, 0.3, 0, 96.4, 33.1, 20208.5, 223.9, 8.8, 119.1, 29.9, 3.6
1, 125347, 03/11/2018 21:19:24, 20.8, 44.5, 4.3, 1168.3, 621.8, 7.7, 0.4, 0, 152.9, 113.9, 21689.8, 197.8, 8.4, 119.5, 40.1, 34.8
1, 125348, 03/11/2018 21:39:24, 14.1, 18.8, 3, 455.9, 683.1, 6.4, 0.3, 0, 121.1, 48, 20393.7, 185.4, 9, 129.1, 21.4, 12
1, 125349, 03/11/2018 21:59:24, 11.7, 6.5, 2.3, 25.7, 571.3, 6, 0.2, 0, 47.4, 16.7, 20248, 200.9, 9.1, 129.2, 23.5, 2.6
1, 125350, 03/11/2018 22:19:24, 12.6, 17.4, 2.7, 1531.6, 519.7, 5.1, 0.3, 0, 165, 44.5, 21695.1, 203.7, 8.9, 127.5, 17.4, 7.6
1, 125351, 03/11/2018 22:39:24, 12.6, 9.9, 2.6, 135.9, 617.3, 7, 0.3, 0, 81.8, 25.3, 21841.8, 191, 9.3, 132.2, 27.8, 5.2
1, 125352, 03/11/2018 22:59:23, 21.6, 28.4, 5.2, 287.8, 540, 17.7, 0.5, 0, 202.8, 72.8, 26546.9, 253.8, 10.5, 173.9, 67.2, 5.5
1, 125353, 03/11/2018 23:19:23, 24.6, 21.2, 6.4, 606, 549.6, 18.3, 0.6, 0, 79.3, 54.1, 21587.4, 194.8, 10.8, 193.1, 89.1, 5.9
1, 125354, 03/11/2018 23:39:23, 15.6, 9.9, 3.4, 24.9, 555.1, 15.5, 0.3, 0, 62.9, 25.4, 20914.3, 203.1, 10, 145, 81.7, 1.7
2, 125283, 02/11/2018 23:59:45, 37.3, 30.6, 10.2, 585.6, 471.7, 30.7, 0.8, 0.1, 110.3, 78.3, 46419.5, 282.3, 8.7, 186, 86.5, 2.9
2, 125284, 03/11/2018 00:19:46, 41.9, 40.1, 11.5, 12436.2, 397.1, 26, 0.9, 1.1, 158.9, 102.7, 51580.8, 442, 12.6, 215.2, 105.9, 5.5
2, 125285, 03/11/2018 00:39:45, 52.2, 80.9, 14.3, 1284.3, 364.9, 27.5, 1.1, 14.3, 246.5, 207, 44951, 296.1, 21.1, 293.5, 103.5, 8
2, 125286, 03/11/2018 00:59:45, 44.4, 55.2, 14, 1004, 384.8, 37.2, 1.1, 9.9, 208.3, 141.3, 42852.6, 287, 19.4, 275.3, 121.8, 7.4
2, 125287, 03/11/2018 01:19:45, 30.6, 25.8, 10.5, 703.4, 250.2, 21.1, 0.9, 0, 86.2, 66, 34898.2, 433.3, 15.8, 221.8, 94.2, 5.5
2, 125288, 03/11/2018 01:39:45, 37.5, 27.7, 12, 812.6, 283.7, 28.6, 1, 0.1, 85.7, 70.9, 33972.8, 302.6, 12.8, 209.2, 125.3, 3.1
2, 125289, 03/11/2018 01:59:45, 24.9, 15.7, 9, 568, 236.2, 18.7, 0.8, 0.1, 60.9, 40.2, 32253.4, 280.5, 8.7, 172.2, 99.6, 1.4
2, 125290, 03/11/2018 02:19:45, 22.1, 13.3, 8, 442.4, 218.3, 15.3, 0.7, 0, 62.5, 34.1, 32438.4, 436.9, 8.2, 162.7, 86.2, 0.9
2, 125291, 03/11/2018 02:39:44, 18.9, 9.5, 7.5, 413.3, 209.6, 14.4, 0.7, 0, 30.5, 24.4, 19515, 328.4, 6.8, 145, 77.6, 0.8
2, 125292, 03/11/2018 02:59:44, 14.2, 8.8, 6.2, 16.3, 190.1, 15, 0.6, 0, 47.3, 22.6, 18028.9, 279.9, 5.2, 129.5, 79.2, 1
2, 125293, 03/11/2018 03:19:44, 16.1, 6.9, 7.3, 36.7, 252.2, 16.7, 0.7, 0, 21.5, 17.6, 17701, 409.5, 4, 97, 83.3, 1.3
2, 125294, 03/11/2018 03:39:45, 12.6, 9.6, 5.8, 21.1, 178.5, 13.3, 0.5, 0, 71.3, 24.7, 17394.2, 319.8, 4, 97.1, 68.8, 4.8
2, 125295, 03/11/2018 03:59:45, 12.9, 10, 5.1, 12.3, 274.9, 12.2, 0.5, 0, 55.9, 25.6, 43644.7, 274.8, 4.1, 97.1, 64.5, 1.1
2, 125296, 03/11/2018 04:19:44, 18, 8.6, 6.1, 12.8, 496.6, 12.1, 0.5, 0, 71.2, 22, 43640.1, 390.7, 4.1, 97.2, 65.7, 1.5
2, 125297, 03/11/2018 04:39:44, 27.8, 14, 9.7, 131.3, 514.8, 24.4, 0.9, 0, 70.2, 35.8, 40280.7, 323.3, 4.1, 98.2, 138.4, 1.7
2, 125298, 03/11/2018 04:59:44, 31.6, 20.5, 12.4, 18.3, 356.7, 35.2, 1.1, 0, 83.8, 52.4, 39441, 274.1, 3.4, 74.7, 225.3, 1.4
2, 125299, 03/11/2018 05:19:44, 23, 14.6, 9.4, 85.8, 283.2, 23.8, 0.8, 0, 123.8, 37.5, 39520.5, 373.4, 3, 65.1, 163.5, 1.4
2, 125300, 03/11/2018 05:39:44, 23.1, 16, 9.1, 326.6, 244.8, 21.1, 0.9, 0, 98.4, 41.1, 14178.5, 294.4, 3, 65.1, 150.4, 1.9
2, 125301, 03/11/2018 05:59:44, 19.5, 12.3, 7.7, 85.6, 247.4, 19.4, 0.7, 0, 62.2, 31.5, 14702.7, 240.8, 3, 65.2, 115.5, 1.5
2, 125302, 03/11/2018 06:19:44, 12.5, 8.4, 5.7, 18.5, 193.3, 16.4, 0.5, 0, 47.9, 21.4, 14685.4, 359.8, 3, 65.4, 82.8, 2.4
2, 125303, 03/11/2018 06:39:44, 17.9, 8.6, 8.3, 19.6, 264.9, 19, 0.8, 0, 48.9, 22, 10446.5, 305.3, 2.2, 51.6, 107.6, 1.1
2, 125304, 03/11/2018 06:59:43, 18.1, 10.9, 8.1, 21.2, 267.7, 19.5, 0.8, 0, 88.7, 27.8, 11227.1, 265.7, 1, 33.2, 105.4, 1.3
2, 125305, 03/11/2018 07:19:43, 17.1, 7.9, 7.9, 69.9, 267.2, 17.9, 0.7, 0, 48.6, 20.3, 10357.8, 375.6, 1.1, 34.6, 83.6, 1.1
2, 125306, 03/11/2018 07:39:44, 15.3, 7.3, 7.1, 18.7, 242.2, 17.8, 0.6, 0, 34.3, 18.6, 10357, 304.9, 1, 33.1, 75.8, 0.9
2, 125307, 03/11/2018 07:59:44, 19.6, 15.7, 8.8, 19.6, 293.5, 24.1, 0.8, 0, 131.7, 40.3, 10373.2, 258.6, 1, 33.1, 114.5, 1.4
2, 125308, 03/11/2018 08:19:43, 20.1, 9.7, 9, 15861.4, 299.6, 23.2, 0.8, 0, 40.6, 24.9, 10414.9, 369.4, 1.2, 34.4, 103.3, 1.3
2, 125309, 03/11/2018 08:39:43, 19.1, 10.4, 8.5, 23.9, 303, 24.5, 0.8, 0, 89.6, 26.6, 8386.8, 296.2, 1.1, 32.4, 100.7, 1.3
2, 125310, 03/11/2018 08:59:43, 18.1, 15, 8.1, 5570.5, 269, 21.9, 0.7, 0, 119.4, 38.5, 8324.5, 282.6, 0.1, 1.6, 81.8, 1.8
2, 125311, 03/11/2018 09:19:43, 17.2, 15, 7.7, 10279.6, 269.3, 22.8, 0.7, 0, 103.5, 38.4, 8291.2, 375.1, 0.2, 4, 80.5, 1.8
2, 125312, 03/11/2018 09:39:43, 19.9, 9.3, 9, 21.3, 322.2, 25.5, 0.8, 0, 47, 23.7, 8211, 307.3, 0, 1.1, 89.1, 2.5
2, 125313, 03/11/2018 09:59:43, 19.6, 8, 9, 18.8, 339.3, 25.6, 0.8, 0, 25.2, 20.4, 8195.1, 247.9, 0, 1.1, 85.2, 2.2
2, 125314, 03/11/2018 10:19:43, 20.2, 8.4, 9.3, 18.5, 341.2, 26.7, 0.8, 0, 32.3, 21.4, 8249.2, 362.9, 0.1, 1.2, 87.3, 1.9
2, 125315, 03/11/2018 10:39:43, 25.2, 11.4, 10.6, 1217.9, 419.7, 31.8, 0.9, 0, 50.7, 29.1, 8544.3, 314.3, 0.3, 10.9, 106.7, 1.9
2, 125316, 03/11/2018 10:59:43, 22.2, 16.9, 9.7, 20.8, 359.2, 33.4, 0.8, 0, 160.4, 43.1, 8299.4, 266.2, 0.1, 2.1, 108, 2.2
2, 125317, 03/11/2018 11:19:43, 24.3, 13.6, 10.4, 32.9, 374.9, 36.4, 0.9, 0, 94.3, 34.9, 8506.5, 385.4, 0.1, 2.7, 114.8, 1.8
2, 125318, 03/11/2018 11:39:43, 25.9, 16.3, 10.5, 128.2, 404, 47.7, 0.9, 0, 78.8, 41.8, 8584, 316.2, 1.1, 17.2, 117.6, 1.7
2, 125319, 03/11/2018 11:59:42, 23.4, 14.1, 9.8, 78.4, 344.9, 33.2, 0.9, 0, 68, 36.1, 8492.2, 278.1, 1.1, 17.3, 104.4, 1.7
2, 125320, 03/11/2018 12:19:43, 25, 12.3, 10.4, 48.2, 343.8, 36.5, 1, 0, 61.5, 31.5, 8478.6, 383.1, 1, 17.1, 109.8, 1.8
2, 125321, 03/11/2018 12:39:42, 19.3, 8.1, 8.1, 32.1, 277.1, 29.7, 0.8, 0, 34.6, 20.9, 8638.9, 292.9, 1, 17.1, 86.6, 1.5
2, 125322, 03/11/2018 12:59:43, 27.8, 11.8, 10, 27.2, 566.4, 31.4, 0.9, 0, 51.3, 30.3, 16386, 288.4, 1, 17.1, 108.2, 1.9
2, 125323, 03/11/2018 13:19:42, 26.6, 9.3, 9.1, 34.7, 630.5, 29.3, 0.8, 0, 35.1, 23.8, 16386.4, 367.3, 1, 17.2, 93.2, 1.8
2, 125324, 03/11/2018 13:39:42, 21.9, 7.1, 7.2, 24.5, 593.1, 23.1, 0.6, 0, 33, 18.3, 16395.8, 301.8, 1, 17.1, 79.8, 1.3
2, 125325, 03/11/2018 13:59:42, 26.9, 9.2, 9.3, 26.9, 641.5, 28.6, 0.8, 0, 33.8, 23.7, 16391.1, 249.8, 1, 17.1, 100.2, 1.7
2, 125326, 03/11/2018 14:19:42, 24, 8.8, 8.1, 28.5, 614, 24.1, 0.7, 0, 45.9, 22.6, 16414.6, 382.8, 1.1, 17.7, 89.9, 1.4
2, 125327, 03/11/2018 14:39:42, 17.1, 4.7, 5.3, 27.9, 531.2, 15.8, 0.5, 0, 18.4, 12, 16404.5, 301.9, 1, 17.2, 55.5, 1.4
2, 125328, 03/11/2018 14:59:42, 14.5, 4.6, 4.2, 24.3, 497.7, 13, 0.4, 0, 26.3, 11.7, 16369, 242.3, 1.1, 17.2, 40.6, 1.5
2, 125329, 03/11/2018 15:19:42, 13.7, 3.6, 3.8, 35.1, 496.7, 11.9, 0.4, 0, 13.5, 9.1, 16187.9, 360.6, 0.9, 14.9, 37.9, 1.5
2, 125330, 03/11/2018 15:39:42, 13.2, 4.5, 3.6, 45.7, 496.6, 10.9, 0.3, 0, 43.9, 11.4, 16109, 290.2, 0, 1.2, 32.5, 1.2
2, 125331, 03/11/2018 15:59:42, 14.8, 4.3, 4.4, 48.2, 513.3, 13.1, 0.4, 0, 17.3, 10.9, 16098.9, 262.3, 0.1, 1.5, 45.2, 1.3
2, 125332, 03/11/2018 16:19:42, 14.2, 4.6, 4.1, 18.4, 516.5, 13, 0.4, 0, 32.9, 11.7, 16115.5, 366.7, 0, 1.2, 39.4, 1
2, 125333, 03/11/2018 16:39:42, 13.9, 3.3, 4, 20.2, 504.6, 13.2, 0.4, 0, 17.3, 8.5, 16119.6, 297.5, 0, 1.2, 31.3, 1
2, 125334, 03/11/2018 16:59:42, 14.6, 7.2, 4.3, 20.2, 494.4, 10.4, 0.4, 0, 56.3, 18.4, 16107.7, 243.1, 0.1, 1.3, 37.3, 3.2
2, 125335, 03/11/2018 17:19:42, 13.5, 5.5, 3.9, 18.6, 497.3, 9.5, 0.4, 0, 34.8, 14.1, 16108.9, 373.1, 0, 1.2, 37.3, 2
2, 125336, 03/11/2018 17:39:41, 12, 3.4, 3.3, 15.5, 490.6, 7.5, 0.3, 0, 17.1, 8.6, 16110.6, 296.8, 0, 1.3, 34.6, 1.5
2, 125337, 03/11/2018 17:59:41, 11.6, 3.4, 3.1, 16, 578.8, 7.6, 0.3, 0, 12.1, 8.6, 16115.1, 275, 0, 1.1, 34.1, 1.6
2, 125338, 03/11/2018 18:19:42, 10.8, 3.1, 2.8, 11.9, 552.1, 6.2, 0.3, 0, 16.1, 8, 16114.7, 388.7, 0, 1.1, 28.5, 1.1
2, 125339, 03/11/2018 18:39:42, 10.4, 2.8, 2.5, 12.7, 505.2, 5.8, 0.2, 0, 9.9, 7.1, 16123.1, 314.6, 0, 1.1, 25.1, 1.4
2, 125340, 03/11/2018 18:59:41, 10.7, 3, 2.6, 22.7, 495, 5.4, 0.3, 0, 14.1, 7.7, 16140.2, 263.7, 0, 1.2, 25, 1.3
2, 125341, 03/11/2018 19:19:41, 11.1, 3.6, 2.5, 108.3, 393.4, 4.9, 0.2, 0, 30.4, 9.2, 16143, 366.4, 0.1, 1.2, 16, 0.9
2, 125342, 03/11/2018 19:39:42, 10.1, 2.5, 2.1, 43.6, 456.9, 4.3, 0.2, 0, 14.8, 6.3, 16135.3, 297.9, 0, 1.3, 11.6, 0.8
2, 125343, 03/11/2018 19:59:41, 11.4, 3.5, 2.8, 5474.7, 504.4, 6.6, 0.3, 0, 14.6, 8.8, 16134.2, 257.4, 0.1, 1.9, 29.1, 1
2, 125344, 03/11/2018 20:19:41, 13.2, 3.9, 3.5, 22.4, 523.6, 10.1, 0.3, 0, 17.2, 9.9, 16136.1, 380.4, 0, 1, 41.8, 0.8
2, 125345, 03/11/2018 20:39:41, 10.9, 2.7, 2.7, 8.9, 484.1, 7.8, 0.3, 0, 14.1, 6.9, 16124.3, 294.7, 0, 1.2, 27.3, 0.7
2, 125346, 03/11/2018 20:59:40, 14.4, 6.7, 4.4, 9.1, 499.7, 7.9, 0.4, 0, 37.1, 17.1, 16126.5, 277.2, 0, 1.2, 47.9, 2.4
2, 125347, 03/11/2018 21:19:41, 19.8, 5.6, 7.3, 5.2, 687, 12.4, 0.7, 0, 20.3, 14.4, 16124, 378.2, 0, 1.2, 81.6, 0.8
2, 125348, 03/11/2018 21:39:41, 10.9, 2.7, 3, 13.8, 632.8, 5.3, 0.3, 0, 14.7, 6.8, 17166.1, 290.4, 0, 1.2, 25.1, 0.7
2, 125349, 03/11/2018 21:59:41, 11.1, 3.4, 2.8, 14.2, 516.2, 6.7, 0.3, 0, 16.6, 8.6, 16125.3, 255.4, 0, 1.1, 27.4, 0.8
2, 125350, 03/11/2018 22:19:41, 11.5, 4.7, 2.4, 840.8, 450.9, 2.7, 0.2, 0, 36, 12.1, 17147.5, 394.4, 0.6, 18.6, 6.6, 0.9
2, 125351, 03/11/2018 22:39:40, 11, 2.9, 2.6, 31.4, 520.8, 13, 0.3, 0, 14.9, 7.5, 16185.2, 306.2, 0.4, 10.6, 16.1, 0.9
2, 125352, 03/11/2018 22:59:41, 31.2, 28.8, 6.9, 1829.8, 824.7, 7.8, 0.6, 3.5, 117.9, 73.7, 26057.9, 297.6, 5.7, 92.2, 45.2, 3.1
2, 125353, 03/11/2018 23:19:40, 33.8, 27.2, 8.2, 1909.4, 895.3, 10.8, 0.7, 5.1, 100, 69.7, 31562.4, 378.8, 6, 97.1, 58.8, 3.2
2, 125354, 03/11/2018 23:39:40, 21.9, 14.5, 5.4, 464.7, 713.7, 11.5, 0.5, 0.1, 52.2, 37.2, 31912.8, 284.5, 4, 65.1, 39.8, 3.9
3, 125283, 02/11/2018 23:59:14, 23.1, 28.8, 4.5, 21283.4, 161.9, 0.2, 0.3, 0.1, 170.2, 73.8, 21077.5, 313, 14.5, 271.8, 1, 3
3, 125284, 03/11/2018 00:20:13, 24.1, 61.9, 4.5, 18081.9, 272.7, 2.6, 0.4, 0, 186.3, 158.6, 22888, 696.5, 41.7, 375.3, 3.4, 4
3, 125285, 03/11/2018 00:40:13, 30.5, 52.4, 5.6, 8407.7, 209.8, 2.9, 0.4, 0, 183.2, 134.1, 20872.2, 682.2, 35, 347.1, 1.7, 2.3
3, 125286, 03/11/2018 00:59:13, 33.5, 48.3, 6, 20846.9, 367.2, 0.5, 0.5, 0, 195.5, 123.7, 45919, 234.9, 25, 283.8, 6.4, 4.6
3, 125287, 03/11/2018 01:20:13, 24, 23.5, 4.5, 4542.4, 214.5, 0.4, 0.3, 0, 102.4, 60.3, 36962.6, 166.6, 15.3, 214.5, 6.7, 3.6
3, 125288, 03/11/2018 01:40:13, 17.1, 13.6, 3, 1567, 130.6, 0.2, 0.2, 0, 44.7, 34.9, 46340.9, 233.1, 11.3, 176.3, 3.2, 0.8
3, 125289, 03/11/2018 01:59:13, 30.9, 31.3, 5.7, 19534, 263.2, 2, 0.4, 0, 135.7, 80, 47846.8, 274.8, 15.2, 283.5, 4.4, 4.7
3, 125290, 03/11/2018 02:20:13, 16.6, 14.7, 3.1, 2463.7, 142, 5.6, 0.3, 0, 60.8, 37.7, 34876.5, 167, 13.4, 223.7, 3.8, 1.2
3, 125291, 03/11/2018 02:40:13, 18.9, 16, 3.6, 3656.1, 125.9, 5.8, 0.3, 0, 77, 41.1, 54722.5, 288, 12.6, 307.2, 2.5, 1.5
3, 125292, 03/11/2018 03:00:13, 36.9, 44.1, 5.8, 34787, 161.5, 6.8, 0.4, 0, 187.8, 113, 47677.6, 289.6, 14.5, 330.7, 0.4, 3.5
3, 125293, 03/11/2018 03:19:13, 24.3, 27.6, 4.2, 33185.4, 129.5, 16, 0.6, 1, 207.7, 70.7, 49575.3, 268.3, 12.8, 296.9, 1, 4.7
3, 125294, 03/11/2018 03:39:12, 28.6, 54.9, 5.5, 99303, 166.9, 22.6, 0.4, 0, 217, 140.5, 37096.7, 269.3, 16.3, 455.6, 0.3, 30
3, 125295, 03/11/2018 03:59:12, 63.4, 76.6, 10.9, 22393.7, 442.9, 6.1, 3.3, 5.5, 318.9, 196, 96196.3, 4269.8, 21.5, 630.4, 1.3, 7.4
3, 125296, 03/11/2018 04:19:12, 50, 45.8, 8.3, 7486.4, 635.5, 14.7, 0.5, 0, 174.3, 117.2, 90781.3, 5420.9, 21.2, 548.8, 1.6, 3.1
3, 125297, 03/11/2018 04:39:12, 51.2, 43.7, 7.3, 7055.4, 407.3, 11, 0.5, 0, 171.9, 111.8, 83797.7, 4309.4, 21.1, 427.2, 1, 3.4
3, 125298, 03/11/2018 05:00:13, 54.1, 48.8, 8.8, 23082.2, 616.2, 7.5, 0.6, 0, 190.8, 125, 73182, 2505, 21.3, 509.2, 0.5, 4.8
3, 125299, 03/11/2018 05:19:12, 40.9, 39.1, 7.4, 3450.5, 538.3, 5.3, 0.5, 0.1, 132.7, 100, 94095, 3789.5, 19.1, 505.7, 0.3, 4.6
3, 125300, 03/11/2018 05:40:12, 28.2, 29, 5.6, 2973.5, 247.2, 8.4, 0.4, 0, 111.4, 74.2, 37709.9, 2752.3, 15.2, 477.4, 0.3, 4.9
3, 125301, 03/11/2018 06:00:12, 37.3, 35.9, 6.5, 19977, 521.4, 2.5, 0.5, 0.5, 181.2, 91.9, 65747.2, 271.8, 12.4, 365.7, 0.8, 4.6
3, 125302, 03/11/2018 06:20:12, 26.9, 38.3, 7, 40003.1, 159.9, 6.8, 0.4, 0, 160, 98.1, 57211.4, 1913.6, 25.3, 419.9, 9.3, 15.8
3, 125303, 03/11/2018 06:40:12, 17.9, 20.1, 4.8, 8124.5, 418, 23.2, 0.4, 0, 137.8, 51.6, 63087.1, 623.8, 14.2, 340.4, 2.1, 5.7
3, 125304, 03/11/2018 07:00:12, 30.4, 33.1, 6.5, 24988.4, 133.5, 17.5, 0.5, 0, 117.6, 84.8, 78804.7, 242.1, 13.2, 392.5, 0.5, 6.1
3, 125305, 03/11/2018 07:19:12, 21.1, 23.4, 4.4, 3417.1, 131.2, 9.7, 0.4, 0, 102.1, 60, 42720.7, 325.3, 11.8, 329.7, 0.4, 3.4
3, 125306, 03/11/2018 07:39:11, 23.9, 25.3, 5.3, 2433.1, 318.1, 19.5, 0.3, 0.2, 195.9, 64.9, 81381.4, 308.5, 14.3, 537.4, 1.6, 2.3
3, 125307, 03/11/2018 08:00:11, 42.9, 53.4, 8.7, 54801, 603.2, 17.9, 0.7, 0.2, 216.6, 136.8, 37708.4, 239.4, 25.2, 1006.7, 2.3, 6.2
3, 125308, 03/11/2018 08:19:11, 40.4, 45.9, 8.5, 3545.4, 183.1, 15.1, 0.7, 0.4, 194.1, 117.5, 33374.5, 277.1, 20.8, 843.6, 0.9, 6.8
3, 125309, 03/11/2018 08:40:11, 60.1, 63.4, 11.6, 18139.7, 308.5, 27.6, 1.1, 1, 242, 162.4, 67333.4, 257.9, 22.7, 993.4, 0.4, 6.7
3, 125310, 03/11/2018 09:00:11, 28.3, 29.5, 6.2, 5494.8, 364.8, 15.3, 0.5, 0, 155, 75.4, 45388.7, 252.4, 16.3, 582.1, 1.3, 3.5
3, 125311, 03/11/2018 09:20:11, 18.5, 17.7, 4.3, 1607, 264.9, 6.5, 0.4, 0, 70.6, 45.2, 55730.8, 677.9, 14.4, 498.7, 1.8, 1.5
3, 125312, 03/11/2018 09:40:11, 19.2, 18.9, 4.6, 2883.4, 142.8, 8.7, 0.4, 0, 77.5, 48.3, 39734.2, 1658, 12.5, 392.3, 1.7, 3.6
3, 125313, 03/11/2018 10:00:11, 32, 31.5, 6, 20404.1, 343.5, 3.8, 0.4, 0, 151.3, 80.6, 54756.2, 1251.6, 12.7, 396.7, 1.4, 4.6
3, 125314, 03/11/2018 10:20:11, 21.1, 18.6, 4.5, 5536.3, 180.5, 8.3, 0.4, 0, 87.1, 47.5, 23623.3, 1355.9, 11.2, 339.9, 1.5, 2.5
3, 125315, 03/11/2018 10:40:11, 15, 13.7, 3.4, 3895.1, 128.9, 8.2, 0.3, 0, 65.1, 35, 22639.4, 1363.7, 9.3, 240, 1.4, 2.7
3, 125316, 03/11/2018 11:00:11, 35.1, 43, 5.9, 37871.5, 342.1, 12.1, 0.4, 1.2, 194.1, 110, 47921.1, 1117.8, 14.2, 512, 1.2, 4.5
3, 125317, 03/11/2018 11:19:11, 39.5, 39.9, 7.1, 5878.3, 297.1, 7, 0.6, 0, 135, 102.2, 55421.7, 1000.7, 11.8, 426.6, 1, 5.1
3, 125318, 03/11/2018 11:40:11, 26, 24.4, 5.2, 3616, 183.1, 10, 0.4, 0, 94.2, 62.6, 52808.8, 1624.1, 12.7, 386.3, 1.8, 2.2
3, 125319, 03/11/2018 12:00:10, 27.7, 25.7, 4.2, 17758.9, 250.1, 3.2, 0.3, 0.1, 100.6, 65.8, 19610.5, 492.8, 11, 357.2, 0.6, 2.4
3, 125320, 03/11/2018 12:19:10, 13.2, 14.7, 3, 2060.1, 67.8, 9, 0.3, 0, 90.6, 37.6, 31617.2, 1156.2, 8.6, 239, 1.3, 2.7
3, 125321, 03/11/2018 12:40:11, 15.9, 17.9, 3.4, 1534.4, 94.4, 1.9, 0.3, 0, 119.2, 45.7, 63912.1, 191.5, 7.4, 145, 0.2, 3.1
3, 125322, 03/11/2018 12:59:10, 35, 27.8, 5.7, 15119.9, 557.6, 5.1, 0.4, 0, 94.9, 71.2, 60943.8, 207.2, 8.9, 272.8, 0.9, 2.7
3, 125323, 03/11/2018 13:19:10, 24.8, 17.2, 4.2, 2311, 695.7, 3.7, 0.3, 0, 79, 44, 43567.1, 197.5, 7.7, 230.8, 0.3, 2.7
3, 125324, 03/11/2018 13:40:10, 26.4, 17.6, 4.1, 675.8, 606.4, 3.8, 0.3, 0, 66.2, 45.1, 75778.3, 172.7, 8, 231.7, 0.3, 1.9
3, 125325, 03/11/2018 14:00:10, 22.2, 14, 3.6, 17317.6, 615.5, 1.4, 0.3, 0, 70.8, 35.8, 44936.7, 190.1, 7.2, 170.6, 0.4, 2.5
3, 125326, 03/11/2018 14:20:10, 21.1, 13.5, 3, 2129.8, 542.4, 4.7, 0.3, 0, 61, 34.5, 58423.7, 249.6, 8.1, 201.3, 0.2, 1.4
3, 125327, 03/11/2018 14:40:10, 25.7, 17.9, 4.8, 361.1, 467.3, 6.5, 0.4, 0, 133.6, 45.9, 64086.8, 185, 9.1, 213.1, 0.3, 2.8
3, 125328, 03/11/2018 14:59:10, 34.5, 34.8, 5.9, 20121.8, 485.7, 1.8, 0.5, 0.1, 242.5, 89.2, 65819.5, 234.9, 11.1, 287.1, 0.5, 6.5
3, 125329, 03/11/2018 15:20:10, 19.8, 16.6, 3.3, 6332.4, 526.8, 12.1, 0.3, 0, 75.4, 42.6, 52260.2, 257, 9.5, 209.7, 0.5, 6.6
3, 125330, 03/11/2018 15:40:10, 18.6, 14.6, 3.2, 7180.8, 530, 7.7, 0.2, 0, 68.5, 37.3, 45956.3, 181.9, 9.5, 238, 0.7, 5.8
3, 125331, 03/11/2018 16:00:10, 31.8, 23, 3.9, 23017.8, 457.1, 11.1, 0.3, 0, 92.6, 58.8, 57459.8, 209.6, 10.6, 323.4, 0.3, 3.4
3, 125332, 03/11/2018 16:19:09, 35.2, 28.8, 3.6, 2744, 415.8, 3.6, 0.3, 0, 95.8, 73.7, 69828.7, 137.3, 11.6, 387.6, 0.2, 1.9
3, 125333, 03/11/2018 16:39:10, 19, 10.6, 2.6, 3072.2, 496.3, 10.7, 0.2, 0, 48, 27.1, 40997.2, 199.9, 9.7, 281.2, 0.3, 1.4
3, 125334, 03/11/2018 16:59:09, 29.4, 21.7, 4.7, 20040.7, 483.5, 5, 0.3, 0, 95.5, 55.6, 62488.7, 201.8, 9.8, 300.7, 0.9, 3
3, 125335, 03/11/2018 17:19:10, 22.8, 16.1, 3.4, 8778, 538.2, 12.5, 0.3, 0, 89.1, 41.3, 41240.6, 253.8, 9.4, 290.2, 0.3, 2.7
3, 125336, 03/11/2018 17:40:10, 22.1, 13.6, 3.2, 821.8, 510.1, 7.3, 0.2, 0, 73, 34.9, 64235.3, 173.4, 7.3, 146.1, 0.3, 1.4
3, 125337, 03/11/2018 17:59:09, 19.3, 13.2, 3.3, 17426.1, 697.2, 14.7, 0.3, 0, 86, 33.8, 32188.3, 255.3, 7.7, 213.8, 0.3, 1.7
3, 125338, 03/11/2018 18:19:09, 19.6, 12.9, 3.6, 1430, 666.9, 8, 0.3, 0, 53.8, 33.1, 41620.8, 181.5, 7.6, 192.1, 0.3, 1.5
3, 125339, 03/11/2018 18:39:10, 19.2, 10.8, 2.8, 483.8, 607.1, 11.7, 0.3, 0, 54.9, 27.6, 51317.1, 172.4, 7.4, 149.3, 0.3, 0.7
3, 125340, 03/11/2018 19:00:09, 36.4, 28.9, 5.3, 18422.4, 641.8, 5.4, 0.4, 0.1, 152.3, 73.9, 55666.1, 291.3, 10.4, 291.1, 0.4, 2.4
3, 125341, 03/11/2018 19:19:09, 14.3, 6.3, 2.2, 250, 485.9, 12.9, 0.2, 0, 54.4, 16.2, 45546, 140.1, 8.7, 222.2, 0.3, 0.9
3, 125342, 03/11/2018 19:39:09, 14.2, 5.6, 2.2, 3025.5, 526.5, 12.6, 0.2, 0, 26.5, 14.4, 33627.8, 257.9, 5.9, 145.7, 0.3, 0.6
3, 125343, 03/11/2018 20:00:09, 31.2, 23.9, 4.7, 19840.4, 642.2, 7.8, 0.4, 0.3, 154.3, 61.2, 35658.2, 251.6, 7.3, 240.1, 2.7, 1.5
3, 125344, 03/11/2018 20:20:09, 18.4, 10.2, 2.5, 4507, 524.9, 1, 0.2, 0, 35.1, 26.1, 36999.6, 208.6, 4.6, 85.1, 1.7, 0.6
3, 125345, 03/11/2018 20:40:08, 14.9, 6.7, 2.3, 3885.1, 546.1, 8.4, 0.2, 0, 42.2, 17.2, 42514.4, 230.3, 4.8, 85.3, 0.6, 0.5
3, 125346, 03/11/2018 21:00:08, 26.8, 28.9, 5.2, 23041, 427.5, 7.2, 0.4, 0, 119.9, 74.1, 31090.6, 345.3, 7.4, 238.5, 1.3, 2.3
3, 125347, 03/11/2018 21:19:09, 26.1, 22.4, 4.4, 5185.1, 558.9, 3.3, 0.3, 0, 94.7, 57.2, 51078.8, 287, 5.8, 124.2, 0.9, 0.7
3, 125348, 03/11/2018 21:39:08, 22, 14.1, 3.6, 5171.5, 665.8, 2.2, 0.3, 0, 75, 36.1, 43164.4, 223.7, 7.4, 194.4, 1.4, 1.2
3, 125349, 03/11/2018 21:59:08, 25.1, 16.3, 4, 12591.8, 631.2, 5.4, 0.3, 0.1, 125.6, 41.6, 45837.1, 178, 7.1, 163.5, 0.9, 0.8
3, 125350, 03/11/2018 22:20:08, 16.5, 7.4, 2.4, 1057.5, 508, 7.8, 0.2, 0, 44.1, 19, 33426.6, 154.7, 6.7, 156, 1.1, 0.4
3, 125351, 03/11/2018 22:40:08, 21.4, 12.3, 2.7, 2211.3, 478.2, 3, 0.2, 0, 47.1, 31.5, 53124.1, 185.9, 6, 114, 2, 0.6
3, 125352, 03/11/2018 23:00:08, 18.6, 9.9, 2.3, 15136.9, 498.2, 4.2, 0.2, 0, 67.6, 25.4, 21887.8, 159.4, 6.2, 108.8, 0.7, 0.3
3, 125353, 03/11/2018 23:20:08, 20.5, 12.5, 3.2, 3534.4, 520.3, 4, 0.2, 0, 70.5, 32, 28984.3, 259.9, 6.6, 140.3, 1.3, 0.8
3, 125354, 03/11/2018 23:39:08, 18.9, 9.9, 2.6, 2118.9, 504.2, 6.8, 0.3, 0, 45.2, 25.3, 37682.5, 204.5, 5.9, 137, 1.2, 0.3
4, 125283, 02/11/2018 23:59:24, 22.8, 30.9, 5, 17653.1, 91.2, 3.7, 0.4, 0, 201.7, 79.2, 39488, 383.5, 15.7, 322.1, 0.5, 5.2
4, 125284, 03/11/2018 00:19:24, 33.4, 83.5, 5.3, 12670.7, 35.3, 1.3, 0.4, 0, 257.2, 213.7, 51627.7, 678, 49.9, 383.9, 3.1, 5
4, 125285, 03/11/2018 00:40:23, 38.1, 73.2, 5.9, 6944.9, 83.1, 2.6, 0.5, 0, 268.9, 187.4, 49674, 265.6, 44.1, 401, 3.3, 2.4
4, 125286, 03/11/2018 00:59:23, 43.3, 49.3, 6.9, 17234.3, 269.6, 7.6, 0.5, 0.1, 179.8, 126.2, 59078.8, 269.5, 21.3, 410.7, 0.9, 4.3
4, 125287, 03/11/2018 01:19:23, 24.8, 27.7, 4.6, 2863, 105.1, 3.3, 0.4, 0, 104.9, 71, 22304.2, 217.4, 12.8, 224.8, 3, 3.2
4, 125288, 03/11/2018 01:39:23, 10, 10.5, 2.4, 4759.9, 87.8, 3.1, 0.2, 0, 49, 26.8, 22136.7, 250.1, 8.7, 148.5, 4.7, 2.1
4, 125289, 03/11/2018 01:59:23, 28.8, 30.9, 5.2, 14402.9, 302.7, 5.4, 0.4, 1.2, 201.9, 79, 23472, 187.6, 12.1, 282.3, 3.2, 3.2
4, 125290, 03/11/2018 02:19:23, 9.9, 10.5, 2.6, 2490.9, 62.1, 2.8, 0.2, 0, 55.8, 26.9, 23446.1, 151.4, 8.3, 125.6, 0.5, 1.7
4, 125291, 03/11/2018 02:40:23, 21.1, 23.6, 4.9, 9314.5, 86.9, 2.7, 0.4, 0, 92.5, 60.4, 30018.4, 207.2, 10.2, 189.5, 0.8, 4.2
4, 125292, 03/11/2018 03:00:22, 33.6, 39.8, 6.2, 4916, 207, 3.9, 0.5, 0.1, 156.4, 101.8, 38439.5, 168.2, 14.8, 361.7, 1.7, 5.9
4, 125293, 03/11/2018 03:19:23, 18.9, 22, 3.9, 28766.8, 132.1, 8.4, 0.3, 0, 130.4, 56.3, 34108.8, 310, 11.8, 277.1, 0.9, 5.4
4, 125294, 03/11/2018 03:39:23, 27.5, 57.6, 5.7, 110282.3, 197.2, 26.1, 0.4, 0, 249.4, 147.4, 53645.4, 209.8, 18.1, 505.5, 0.4, 31.6
4, 125295, 03/11/2018 03:59:22, 54.6, 82.4, 9.3, 19783.8, 363.6, 14.8, 2.4, 6.7, 330.1, 210.8, 86742.2, 192.8, 22.8, 727.6, 0.6, 6
4, 125296, 03/11/2018 04:19:22, 71.1, 71.5, 11.4, 7650.2, 957.3, 10, 1.5, 3, 262.1, 183.1, 94178.7, 636.7, 21.9, 652.6, 1.2, 8.9
4, 125297, 03/11/2018 04:39:22, 45.8, 40.9, 7.1, 5614, 567, 14.3, 0.5, 0, 189.3, 104.7, 84989.6, 1144.4, 20.7, 536.1, 2.2, 5.3
4, 125298, 03/11/2018 04:59:22, 50.5, 52, 9.8, 17448, 730, 12.2, 0.9, 2.7, 247.9, 133.1, 87194.8, 856.2, 20.9, 659.6, 2.5, 6.4
4, 125299, 03/11/2018 05:19:22, 28.1, 30.1, 6.2, 7752.8, 371.3, 19, 0.5, 0, 130.8, 77, 90437.2, 1417.2, 17.1, 484.9, 2.6, 5.1
4, 125300, 03/11/2018 05:40:22, 21.3, 28.5, 4.5, 7193.1, 140.4, 8, 0.4, 0, 147.6, 73, 46987, 462.7, 15.2, 488.3, 2.1, 3.2
4, 125301, 03/11/2018 05:59:23, 32.1, 35, 5.8, 17476.6, 322.2, 10.2, 0.4, 0, 143.2, 89.7, 74510.9, 149.4, 13.7, 437.5, 0.4, 5.3
4, 125302, 03/11/2018 06:19:22, 27.3, 34.8, 6, 3379.3, 341.6, 14.9, 0.4, 0.1, 149.9, 89, 71119.9, 267.5, 12.3, 344.2, 0.6, 11.1
4, 125303, 03/11/2018 06:40:22, 28.7, 30.8, 6.2, 8052.9, 174.8, 6.7, 0.5, 0, 96.6, 78.9, 31244.4, 261.2, 11.3, 318, 1.4, 5.7
4, 125304, 03/11/2018 07:00:22, 38.5, 53.7, 8, 20796, 235.4, 5.2, 0.5, 0.3, 190.3, 137.4, 35739.1, 324.3, 13.1, 419.7, 2.6, 8.8
4, 125305, 03/11/2018 07:19:22, 25.4, 34, 6, 4092.6, 205.1, 27.5, 0.5, 0.4, 151.2, 87.2, 28582.2, 396.1, 13.5, 369.3, 1.3, 5.9
4, 125306, 03/11/2018 07:39:22, 35.4, 53.4, 7.9, 6859.9, 225.2, 26.2, 1.6, 4.2, 283.6, 136.8, 126888.4, 326.2, 18.3, 696.1, 0.4, 8.2
4, 125307, 03/11/2018 08:00:22, 43.8, 59.5, 10, 1773.9, 623.6, 27.2, 0.8, 1.2, 214.6, 152.3, 76845.5, 341, 24.8, 985.9, 0.5, 11.3
4, 125308, 03/11/2018 08:19:22, 32, 42.3, 7.2, 7346.1, 253.7, 24.3, 1, 1.4, 244, 108.3, 36850.5, 368.8, 20.3, 731.7, 0.5, 6.1
4, 125309, 03/11/2018 08:39:22, 34.3, 67.6, 7, 6891.3, 328, 38.8, 6, 21.6, 468.3, 173.1, 34477.4, 195.6, 20.5, 870.8, 1.3, 6.6
4, 125310, 03/11/2018 09:00:22, 51.1, 67.1, 9.4, 48300.4, 412.5, 18.1, 1, 1.6, 293.7, 171.7, 62856.8, 218.2, 18.5, 733.8, 1.3, 8
4, 125311, 03/11/2018 09:19:21, 38.8, 41, 9.5, 7135, 367.3, 21.3, 0.5, 0, 144.4, 105, 50234.1, 218.8, 13.5, 479.4, 5.4, 4
4, 125312, 03/11/2018 09:39:21, 30.8, 30, 7.5, 5883.2, 320.1, 18.3, 0.4, 0, 104.5, 76.7, 43171.7, 193.9, 11.9, 456.9, 4.2, 4
4, 125313, 03/11/2018 10:00:22, 23.2, 23.7, 4.4, 14928, 236.1, 11.1, 0.4, 0, 93.3, 60.6, 49905.5, 123.1, 10.3, 373.3, 0.3, 3.4
4, 125314, 03/11/2018 10:19:21, 29.9, 33.7, 5.8, 2510, 297.5, 20.9, 0.5, 1.6, 207, 86.2, 38745.9, 9496.8, 9.4, 298.5, 1.1, 5.2
4, 125315, 03/11/2018 10:40:21, 22.7, 23.2, 4.3, 6041.3, 244.4, 26.2, 0.4, 0, 90.1, 59.5, 30821.6, 215.6, 7.5, 250.1, 2.3, 2.8
4, 125316, 03/11/2018 11:00:21, 56.5, 91.9, 8.9, 28296.8, 420, 19.1, 4.5, 25.6, 387.7, 235.4, 78358.2, 141.1, 17.5, 651.1, 0.7, 5.8
4, 125317, 03/11/2018 11:19:21, 41.4, 55.3, 6.4, 3528.9, 262.1, 23.1, 1.1, 5.8, 318.8, 141.6, 54770.4, 145.1, 12.8, 447.1, 0.3, 3.4
4, 125318, 03/11/2018 11:39:21, 28.1, 27, 4.2, 5112.3, 275.5, 17.9, 0.3, 0, 89.1, 69.2, 38212.1, 127.9, 8.2, 220.2, 0.4, 2.1
4, 125319, 03/11/2018 11:59:21, 47.6, 49.3, 7.2, 17601.1, 279.9, 12.6, 0.5, 2.2, 206.4, 126.3, 65881.5, 151.2, 11.3, 369.9, 0.4, 3.5
4, 125320, 03/11/2018 12:19:21, 24.2, 27.9, 4.5, 5120.3, 250.9, 15.6, 0.4, 0.1, 234.7, 71.5, 34761.9, 151.1, 8, 219.8, 5.7, 3.1
4, 125321, 03/11/2018 12:39:21, 23.3, 22.4, 4.5, 5568.4, 121.7, 17.8, 0.7, 2.7, 186.3, 57.3, 71176, 153, 5.7, 136.5, 7.6, 2.9
4, 125322, 03/11/2018 12:59:20, 39, 40.4, 6.5, 19323.8, 565.8, 19.1, 0.5, 1.4, 247.6, 103.5, 35055.7, 7547.4, 8.1, 250.4, 5.8, 4.4
4, 125323, 03/11/2018 13:19:21, 22.6, 14.9, 3.9, 4613.9, 534.2, 20.9, 0.3, 0, 74.2, 38.1, 67559.6, 11302.8, 6.4, 175.6, 7.6, 2.2
4, 125324, 03/11/2018 13:39:21, 24.5, 19.4, 4, 4800.5, 552.6, 31.6, 0.4, 0.5, 177.1, 49.7, 35827.8, 13822.1, 6, 152.3, 7.4, 1.9
4, 125325, 03/11/2018 13:59:21, 29, 22.7, 5.2, 15368.6, 618.4, 10.4, 0.4, 0, 119.2, 58.2, 61700.9, 12383.2, 5.4, 161.6, 6.9, 3
4, 125326, 03/11/2018 14:19:20, 15.5, 14.2, 3.1, 3954.3, 492, 11.5, 0.3, 0, 78.9, 36.3, 38098.8, 13744.6, 9.9, 232.3, 9.6, 1.3
4, 125327, 03/11/2018 14:40:20, 14.3, 30.5, 3.2, 3352.2, 459.9, 7.5, 0.3, 0, 1038, 78, 31721.4, 12734.1, 3.5, 97.1, 9.9, 1.3
4, 125328, 03/11/2018 14:59:21, 36.6, 35, 6.9, 16957.1, 554.3, 4.6, 0.5, 0.2, 173.5, 89.5, 44304.3, 13242.2, 7.6, 288.1, 4.9, 3.5
4, 125329, 03/11/2018 15:19:35, 16.4, 10.1, 3.5, 1607.5, 466.9, 5.8, 0.3, 0, 58.1, 25.8, 32218.8, 13120.5, 4.8, 171.7, 5.8, 2.1
4, 125330, 03/11/2018 15:39:35, 13.4, 7.4, 2.4, 4012.2, 440, 6.7, 0.2, 0, 36.2, 18.9, 43449.8, 13003.8, 3.5, 95.8, 8.9, 1.2
4, 125331, 03/11/2018 15:59:35, 25.5, 21.8, 4.9, 15494.4, 555.7, 4.4, 0.4, 0.1, 122.4, 55.9, 29550.9, 14076.6, 5.5, 185.1, 5.8, 3.1
4, 125332, 03/11/2018 16:19:35, 17.4, 16, 3.3, 5495.9, 442.2, 2.6, 0.3, 0, 194.1, 41, 29955, 12903.4, 4.2, 137, 4.8, 1.8
4, 125333, 03/11/2018 16:39:35, 17.7, 11.9, 3.1, 5639.8, 428.5, 3, 0.3, 0, 44.1, 30.5, 32458.6, 14448.1, 4.1, 113.6, 5, 2.3
4, 125334, 03/11/2018 16:59:35, 34.4, 30.4, 7.2, 18368.8, 511.6, 8.9, 0.5, 0.5, 172.6, 77.8, 32862.1, 15227.3, 6.2, 199.6, 3, 4.9
4, 125335, 03/11/2018 17:19:34, 17.8, 13.6, 4, 5123.7, 391.4, 4.3, 0.3, 0, 76.2, 34.8, 28816.6, 16769.7, 4.7, 118.6, 4.5, 3
4, 125336, 03/11/2018 17:40:35, 16, 10.7, 2.8, 9945.2, 424.6, 3.3, 0.2, 0, 46.2, 27.5, 31878.2, 17226.6, 3.4, 78.3, 5.4, 3
4, 125337, 03/11/2018 17:59:34, 34.5, 30, 5.8, 21906.3, 573.9, 2.9, 0.4, 0.3, 158.9, 76.7, 42266, 15008.3, 5.8, 184.8, 3, 4.2
4, 125338, 03/11/2018 18:19:39, 22.8, 20.4, 4.5, 8766.7, 534.1, 2.8, 0.3, 0, 120.7, 52.3, 29182, 14566.3, 5.7, 180.4, 3.9, 3
4, 125339, 03/11/2018 18:39:39, 16.2, 11.2, 2.8, 7568.2, 448, 3.1, 0.2, 0, 47.4, 28.7, 34337.4, 15303.9, 3.6, 72, 4, 2.6
4, 125340, 03/11/2018 18:59:39, 24.5, 20.4, 4.1, 18762.8, 493.8, 2.3, 0.3, 0, 94.8, 52.3, 32306.3, 17994.9, 6.2, 192, 2, 3.1
4, 125341, 03/11/2018 19:19:39, 22, 17.8, 3.7, 11586.9, 464.2, 3.4, 0.3, 0, 66, 45.6, 29594.9, 22533.5, 6.2, 174.5, 0.6, 3.9
4, 125342, 03/11/2018 19:39:40, 16.2, 9.3, 2.5, 2370.8, 397.9, 2.2, 0.2, 0, 35.2, 23.8, 29235.9, 20900.2, 6.5, 257.7, 0.4, 1.1
4, 125343, 03/11/2018 19:59:39, 17.4, 12.1, 2.8, 30619.6, 444.2, 3.1, 0.3, 0, 61.9, 30.9, 30928.8, 18416.8, 5, 161.2, 0.5, 2.9
4, 125344, 03/11/2018 20:19:39, 21.4, 15.4, 3.5, 3986.7, 453.2, 0.8, 0.3, 0, 73.3, 39.3, 29761.6, 20220.4, 5.3, 186.9, 0.7, 1.7
4, 125345, 03/11/2018 20:39:39, 18.1, 11.7, 2.8, 3547.9, 423.2, 2.2, 0.2, 0, 48.9, 29.9, 35555.3, 20382.9, 4.9, 149.7, 0.8, 1.9
4, 125346, 03/11/2018 20:59:39, 33.2, 29, 4.8, 21394.2, 512.9, 3.5, 0.4, 0.5, 172.7, 74.2, 41880.8, 18031.8, 7.3, 219, 0.6, 3.8
4, 125347, 03/11/2018 21:19:38, 16.8, 12.6, 3.5, 955.1, 614.8, 6.8, 0.3, 0, 69, 32.3, 26726.4, 18873.9, 5.8, 159.7, 0.8, 1.3
4, 125348, 03/11/2018 21:39:38, 17.2, 10.5, 3.1, 2310.8, 623.9, 3.3, 0.3, 0, 74.4, 26.9, 27508.9, 24144.7, 5.2, 137.3, 2.2, 0.9
4, 125349, 03/11/2018 21:59:38, 20, 15.6, 3.4, 19330.9, 470.6, 3, 0.3, 0, 90.9, 39.9, 30275.4, 27229.1, 5.6, 165.5, 2.4, 2
4, 125350, 03/11/2018 22:19:38, 16.2, 9.5, 3, 4250.3, 486.2, 1.8, 0.2, 0, 45.5, 24.3, 28650.4, 17126.4, 5.1, 94.5, 4.1, 1.1
4, 125351, 03/11/2018 22:39:39, 14.5, 7.6, 2.6, 2063.8, 423.1, 3.4, 0.2, 0, 52.3, 19.4, 50820.4, 20850.7, 4.8, 92.7, 5.4, 1.5
4, 125352, 03/11/2018 22:59:39, 20.7, 14.1, 3.9, 16832.1, 575.7, 6, 0.3, 0, 84.8, 36, 31310.3, 19329.9, 5.2, 125.7, 3.2, 2.2
4, 125353, 03/11/2018 23:19:39, 18.4, 11.2, 3.6, 1157.6, 446.2, 4.4, 0.3, 0, 61.2, 28.8, 35496.3, 19319.8, 5.7, 174.7, 5.8, 1.7
4, 125354, 03/11/2018 23:39:39, 16.4, 10.7, 3.5, 3621.7, 443.8, 5.1, 0.3, 0, 46.8, 27.3, 30905.5, 18173.9, 4.4, 108.9, 6, 2.4
