HOST, TIME, SNAP_ID, SYS_CPU, SYS_DBTIME, SYS_SYSPCT, SYS_READ, SYS_WRITE, SYS_REDO, SYS_OSWAIT, SYS_RMWAIT, SYS_ACTSESS_MAX, SYS_ACTSESS_AVG, SYS_PGA, SYS_PXRUNS, SYS_PXQCT, SYS_PXSRVT, SYS_UCALLS, SYS_IOWAIT
1, 26/01/2019 23:59:23, 131147, 37, 37.3, 10.3, 788.7, 298.5, 54.5, 1, 0, 206.2, 95.5, 46130.3, 103.2, 4.6, 61.5, 140.9, 7.9
1, 27/01/2019 00:19:23, 131148, 36.7, 48.6, 10.4, 4814.6, 320.6, 66.5, 1.1, 10.5, 309.5, 124.3, 49743.5, 80, 9.2, 110.4, 139.6, 10.1
1, 27/01/2019 00:40:23, 131149, 54.2, 87, 14.2, 10381.7, 298.3, 62.2, 1.2, 23.5, 327.9, 222.8, 50767.1, 176.6, 22.9, 258.1, 131.5, 6.3
1, 27/01/2019 00:59:23, 131150, 58.5, 77.9, 16.5, 4907.9, 214.7, 36.6, 1.2, 5.6, 265.2, 199.4, 61920.4, 746.5, 23.5, 379.5, 107.8, 14.9
1, 27/01/2019 01:19:22, 131151, 45.8, 62.5, 12.8, 2992.9, 204.2, 16.8, 1.1, 9.9, 191.4, 159.9, 73834.7, 513.8, 18, 286, 87.8, 16.7
1, 27/01/2019 01:39:23, 131152, 41.7, 50.9, 11.9, 2355, 135.9, 14.1, 1, 2.2, 177.8, 130.3, 47747.9, 629.9, 16.6, 258.3, 69.8, 11.7
1, 27/01/2019 02:00:23, 131153, 30.1, 30.5, 9.2, 1771.8, 164.6, 23.9, 0.9, 0, 132.4, 78.1, 45615.7, 791.3, 9.1, 98.4, 74.9, 7.6
1, 27/01/2019 02:20:23, 131154, 41, 34.8, 10.9, 6522.8, 194.1, 21.6, 0.9, 0.2, 159.6, 89.1, 67281.9, 252.1, 12.3, 148.3, 75.9, 5
1, 27/01/2019 02:39:22, 131155, 62.7, 70.6, 13.1, 11184.1, 189.4, 12.7, 0.9, 4.5, 212.8, 180.7, 81731, 72, 18.8, 306.8, 54, 11.5
1, 27/01/2019 02:59:23, 131156, 49.2, 58.5, 9.9, 6369.4, 190.5, 15.4, 0.8, 2.1, 187.1, 149.7, 73824.9, 84.2, 16.4, 270.5, 50.4, 14.2
1, 27/01/2019 03:19:23, 131157, 36.5, 74.2, 8.2, 2954.6, 112.3, 12.3, 1, 4.6, 318.7, 189.9, 70305.6, 101.2, 20.8, 370.1, 58.1, 41.8
1, 27/01/2019 03:39:23, 131158, 45.6, 61.5, 12, 2883.3, 167.8, 18, 2.8, 5.8, 274.5, 157.5, 73225.6, 83.9, 18, 290.4, 96.7, 11.9
1, 27/01/2019 03:59:22, 131159, 36.4, 61.7, 10.6, 2350.4, 210, 15.9, 0.9, 4.6, 296.5, 157.9, 92003.3, 5554.6, 13, 201.9, 70.9, 20.8
1, 27/01/2019 04:20:23, 131160, 46.7, 61.4, 13.2, 1592.6, 312, 19.4, 1.1, 3.7, 274.2, 157.2, 73833.7, 5749.4, 7.6, 145, 74.6, 19.7
1, 27/01/2019 04:39:22, 131161, 39.5, 62.2, 11.1, 1776.3, 360.2, 28.3, 1, 4.1, 213, 159.3, 70460.6, 4507.5, 4.8, 95.3, 74.7, 18.8
1, 27/01/2019 04:59:22, 131162, 43.7, 64.6, 12.7, 1914, 255.7, 27.5, 1.2, 0, 213.2, 165.4, 65174, 1317.7, 6.4, 120.1, 82.3, 20.6
1, 27/01/2019 05:19:22, 131163, 45.2, 69.3, 13.1, 1150.1, 238.8, 33.5, 1.1, 0, 256.2, 177.4, 60418, 176.9, 5.1, 85, 94.2, 16
1, 27/01/2019 05:40:22, 131164, 41.8, 72.9, 12.5, 602.3, 226.3, 34.1, 1.1, 0, 258.9, 186.7, 47222, 8181.9, 3.2, 65.3, 90.9, 14.3
1, 27/01/2019 05:59:22, 131165, 37.1, 59.2, 11, 355.2, 223.5, 35.9, 1, 0, 224.5, 151.4, 43504.6, 36.3, 1.7, 25.5, 106.5, 15.7
1, 27/01/2019 06:20:22, 131166, 28.7, 50.8, 9, 73.8, 192.5, 34.1, 0.9, 0, 165.8, 130.1, 43767.8, 101.9, 1, 4.1, 100.2, 18.3
1, 27/01/2019 06:39:21, 131167, 32.9, 46.9, 9.5, 2236.2, 201.8, 31.3, 1, 0, 171.2, 120.1, 44551, 231.1, 3.6, 53.1, 85.5, 13.1
1, 27/01/2019 06:59:22, 131168, 31.8, 49.5, 8.1, 6944.6, 218.8, 29.9, 0.8, 0, 201, 126.7, 45414.1, 35.1, 3.1, 50.7, 64.4, 6.8
1, 27/01/2019 07:19:22, 131169, 22.8, 37, 6.8, 141.5, 180.8, 32, 0.8, 0, 181.7, 94.8, 43291.3, 142.5, 1.7, 16.2, 64.8, 5.5
1, 27/01/2019 07:39:22, 131170, 30.1, 43.9, 8.2, 1278.2, 200, 33.9, 0.8, 0, 202, 112.4, 44028.9, 199.4, 3.8, 68.4, 62.2, 5
1, 27/01/2019 07:59:22, 131171, 27.4, 44.3, 8.1, 16113.3, 231.4, 37.1, 0.8, 0, 188.7, 113.5, 43697.5, 49.4, 2, 35.1, 68.8, 7.8
1, 27/01/2019 08:20:21, 131172, 36.1, 42.6, 9, 499.1, 185.3, 35.1, 0.9, 0, 179.6, 109.1, 44480, 39.9, 2.2, 63.4, 69.1, 6.6
1, 27/01/2019 08:40:21, 131173, 26.3, 40.4, 7.6, 2527.2, 203.9, 36.5, 0.8, 0, 191.4, 103.4, 43887.6, 116, 1.5, 29.1, 68.8, 5.4
1, 27/01/2019 09:00:21, 131174, 38.4, 51.1, 10.5, 16795.4, 237.5, 41.5, 0.9, 0, 211.8, 130.9, 44523.8, 102.9, 4.6, 85.5, 78.3, 10.9
1, 27/01/2019 09:19:22, 131175, 26.3, 40.9, 7.6, 1071.7, 227.4, 42, 0.8, 0, 205.3, 104.8, 44444.4, 45.9, 2, 20.1, 81.3, 6
1, 27/01/2019 09:39:22, 131176, 32.6, 34.5, 8.5, 1586.8, 248.4, 43.8, 0.9, 0, 179.7, 88.4, 53853.4, 175.1, 2.5, 31.8, 91.8, 6.3
1, 27/01/2019 09:59:22, 131177, 37.2, 43.4, 9.4, 1218.1, 331.7, 35, 0.9, 0, 148.1, 111.1, 50428, 45.6, 3.6, 71.8, 74, 8.5
1, 27/01/2019 10:20:21, 131178, 30.5, 34.5, 7.9, 855.9, 240.6, 41, 0.8, 0, 155.2, 88.3, 44150.6, 168.2, 2, 35.2, 92.3, 5.1
1, 27/01/2019 10:40:21, 131179, 29.5, 33.8, 8, 1139.7, 188.3, 20.7, 0.8, 0, 134.6, 86.6, 48302.5, 1050.9, 4, 71.3, 59.2, 6.7
1, 27/01/2019 11:00:21, 131180, 24.4, 28.2, 6.7, 192, 190.4, 28.7, 0.7, 0, 114.6, 72.2, 43605.8, 427, 2.1, 22.7, 70.3, 7.1
1, 27/01/2019 11:19:21, 131181, 22.4, 26.5, 6.5, 1300, 157.6, 26.6, 0.7, 0, 118.1, 67.9, 43520, 226.1, 2.7, 35.3, 70, 4.9
1, 27/01/2019 11:39:21, 131182, 19, 18.2, 5.9, 33.4, 146, 28.1, 0.7, 0, 69.4, 46.6, 43692.6, 27.6, 1, 4, 79.4, 4.8
1, 27/01/2019 12:00:21, 131183, 35.5, 36.5, 9.2, 8267.4, 236.9, 38.1, 0.9, 0, 126.1, 93.5, 47246.7, 111.8, 3.8, 73.1, 71.7, 6.6
1, 27/01/2019 12:19:21, 131184, 38.5, 45.5, 8.6, 1428.6, 252.6, 49.3, 0.9, 0, 190.6, 116.5, 45241.7, 107.9, 2.9, 55.3, 80.3, 4
1, 27/01/2019 12:39:20, 131185, 25.8, 22.5, 6.5, 218.7, 216.7, 46.5, 0.7, 0, 78.8, 57.7, 45226.6, 129.8, 2.1, 20.2, 57.2, 4.2
1, 27/01/2019 12:59:21, 131186, 22.4, 21.1, 6.1, 1752.9, 197, 30.6, 0.7, 0, 134.7, 54, 49172.7, 82.2, 2.3, 28.9, 53.6, 4.3
1, 27/01/2019 13:19:20, 131187, 22.8, 21.1, 6.4, 646.9, 196.4, 26.2, 0.7, 0, 85.8, 53.9, 43579.3, 114, 2.4, 37.9, 50, 4.1
1, 27/01/2019 13:39:21, 131188, 22.7, 16.9, 6.4, 1353.7, 160.8, 26.8, 0.7, 0, 114.4, 43.3, 45023.5, 108.9, 2.3, 35.3, 51.2, 4
1, 27/01/2019 13:59:21, 131189, 20.3, 16.3, 6, 500.6, 171.9, 27.5, 0.7, 0, 55.6, 41.8, 45345.4, 142.9, 2.2, 23.2, 53.9, 4.7
1, 27/01/2019 14:20:20, 131190, 18.9, 14.7, 5.2, 1839.3, 140.3, 24.1, 0.6, 0, 76.8, 37.7, 44425.4, 210.5, 3, 42.6, 39.8, 2.2
1, 27/01/2019 14:40:20, 131191, 14.5, 10.4, 4, 186.3, 129.3, 20.8, 0.5, 0, 75, 26.6, 43628.9, 197, 2, 17.8, 33.6, 1.3
1, 27/01/2019 15:00:20, 131192, 26.8, 21.8, 6.9, 2342, 241.8, 34, 0.7, 0, 73.3, 55.9, 45481.2, 70.5, 3.8, 62.9, 39.2, 3.6
1, 27/01/2019 15:19:20, 131193, 17.4, 10.6, 4.6, 1410.4, 144.3, 21.3, 0.6, 0, 71.2, 27.1, 54411.6, 137.4, 2.3, 27.2, 34.4, 1.4
1, 27/01/2019 15:39:20, 131194, 14.8, 10.4, 4.2, 485.2, 126.6, 17.5, 0.6, 0, 55.4, 26.6, 44990.8, 36.3, 2.6, 29.3, 28.8, 1.6
1, 27/01/2019 16:00:20, 131195, 36.4, 33.8, 7.4, 3178.2, 484.2, 30.6, 0.7, 0, 149, 86.5, 81652.2, 58.8, 7.4, 180.2, 39.3, 3.2
1, 27/01/2019 16:19:20, 131196, 37.8, 37.9, 6.8, 931, 523.8, 51.4, 0.7, 0, 173.1, 96.9, 118342.6, 138.6, 11.9, 341.9, 33.2, 2.6
1, 27/01/2019 16:39:19, 131197, 37.4, 32.6, 7.1, 573.2, 584.3, 55.1, 0.7, 0, 126.5, 83.4, 106381.9, 122.7, 12.6, 362.6, 33.9, 1.9
1, 27/01/2019 16:59:20, 131198, 73.6, 77.2, 12.3, 7064.8, 473.7, 49.6, 1.5, 1.4, 277.9, 197.6, 101468, 217.3, 21, 495.9, 34.9, 3.3
1, 27/01/2019 17:19:19, 131199, 78, 77.2, 12.3, 3699.3, 569.7, 41.4, 1.3, 2.6, 267.7, 197.7, 95855.4, 229.1, 19.3, 441, 34.9, 2.7
1, 27/01/2019 17:39:20, 131200, 76.1, 90.9, 11.4, 4501.1, 455.3, 46, 6.1, 18.4, 296, 232.8, 88454.6, 197.7, 23.6, 541.4, 36.6, 3.1
1, 27/01/2019 18:00:19, 131201, 47, 113.3, 11.5, 3953.7, 246.4, 25.7, 1, 0, 417.5, 290, 83226.5, 182.6, 17.4, 317.5, 37, 47.7
1, 27/01/2019 18:19:19, 131202, 46.4, 53, 9.5, 4528.9, 173.1, 19.7, 0.8, 0.1, 196.2, 135.7, 81052.7, 259.8, 17, 309.7, 31.5, 7.4
1, 27/01/2019 18:39:19, 131203, 33.5, 30.6, 7, 629.4, 190.2, 29, 0.7, 0, 120.7, 78.4, 58521.7, 153.3, 15, 264.5, 57.9, 3.6
1, 27/01/2019 18:59:19, 131204, 20, 15.8, 5.3, 2381.5, 132.6, 24.3, 0.6, 0.1, 75.4, 40.5, 55514.4, 267.4, 12.2, 225.7, 41.5, 2.3
1, 27/01/2019 19:20:19, 131205, 32.1, 33, 9.3, 1052.6, 128.5, 22.4, 0.9, 3, 188.2, 84.5, 48303.2, 233.3, 10.3, 193.6, 41.1, 6.1
1, 27/01/2019 19:40:19, 131206, 34.3, 67.3, 9, 1848.6, 254.3, 22.2, 0.8, 0.5, 328.1, 172.4, 81188, 216.5, 11.9, 219.6, 33.6, 35.4
1, 27/01/2019 19:59:20, 131207, 58.1, 131.3, 13.5, 2770.9, 467.6, 20.7, 2.1, 1.3, 455.3, 336, 74501.2, 292.7, 21.7, 512, 28.1, 13.1
1, 27/01/2019 20:20:19, 131208, 79.4, 99.8, 19.4, 2501.8, 703.5, 40.1, 4.9, 6.7, 344.1, 255.5, 85050.6, 291.5, 16.4, 452.2, 122.1, 14.2
1, 27/01/2019 20:39:19, 131209, 75.2, 82.1, 19.9, 2175, 411.4, 33.6, 1.6, 1.1, 287.2, 210.3, 67861.4, 132.4, 13.7, 407.9, 89.8, 20.9
1, 27/01/2019 21:00:19, 131210, 77, 99, 19.8, 1317.9, 372.1, 20.8, 2.1, 0.9, 288.2, 253.4, 78651.3, 161.1, 15.5, 446.4, 76, 33.5
1, 27/01/2019 21:19:18, 131211, 68.9, 73.1, 16.6, 2091.1, 188.7, 9.6, 1.2, 1.2, 255.9, 187.1, 63934.6, 204, 14.7, 411.3, 33.7, 17.1
1, 27/01/2019 21:39:19, 131212, 56.9, 63.9, 15.1, 1923.3, 245.9, 12, 1.1, 0.1, 275.4, 163.5, 58258, 155.8, 11.3, 310.3, 33, 15.7
1, 27/01/2019 22:00:18, 131213, 61.7, 73.7, 15.9, 2149.5, 193.1, 11.2, 1.2, 0.5, 278.3, 188.7, 68304.1, 179.6, 12.4, 340.9, 33.8, 19.1
1, 27/01/2019 22:19:18, 131214, 59.4, 62.8, 15.1, 1219, 179.3, 11.8, 1.1, 0.3, 204, 160.8, 60686.6, 203.1, 11.4, 327.4, 34.7, 15.9
1, 27/01/2019 22:39:19, 131215, 53.8, 55, 14.3, 1558, 219.1, 11.7, 1.1, 0.1, 175.9, 140.9, 73877.4, 155.3, 9.5, 269.1, 39.4, 16.5
1, 27/01/2019 23:00:18, 131216, 47, 51.1, 13.4, 1291.5, 127.4, 12, 1.1, 0, 172, 130.8, 73891.7, 184, 9.5, 260.5, 46.4, 17.1
1, 27/01/2019 23:19:18, 131217, 44.2, 44.2, 13.8, 1311.7, 113.9, 12.5, 1.1, 0, 125.4, 113, 71828.1, 209.5, 8, 224, 67.7, 15.9
1, 27/01/2019 23:39:18, 131218, 41.2, 44.7, 14.1, 1658.9, 121.8, 15.5, 1.2, 0.1, 163, 114.3, 51547.6, 156.4, 8.9, 235.3, 85.4, 16.1
2, 26/01/2019 23:59:48, 131147, 47.8, 55.6, 12.8, 804.2, 99.3, 17.9, 1, 0.8, 185.6, 142.4, 62777.3, 200.2, 7, 157, 79.3, 17.4
2, 27/01/2019 00:19:48, 131148, 34.3, 46.1, 8, 5818.3, 110.2, 27.9, 0.6, 9.8, 205.4, 118, 50057.3, 181.7, 9.6, 162, 60, 9.6
2, 27/01/2019 00:39:48, 131149, 49.2, 82.9, 10.7, 8439.5, 141.9, 26.3, 0.9, 28.2, 248.7, 212.1, 54831.7, 267.5, 20.9, 281.2, 64.7, 5.5
2, 27/01/2019 00:59:48, 131150, 46.8, 74.6, 10, 2151.4, 120.6, 14.3, 0.7, 22.2, 217.5, 191.1, 39598.6, 246.5, 18.9, 242.4, 46, 8.4
2, 27/01/2019 01:19:48, 131151, 48, 66.1, 8.6, 41942.7, 129.4, 5.6, 0.7, 10.6, 285.7, 169.1, 69505, 279.3, 18.6, 264.8, 21.2, 12.4
2, 27/01/2019 01:39:48, 131152, 72.1, 95.5, 12.5, 83232.1, 121.2, 3, 1.8, 14.2, 289.4, 244.4, 48625.4, 388.9, 25.2, 463.9, 9.1, 14.2
2, 27/01/2019 01:59:47, 131153, 50.1, 62.2, 9.2, 33046, 61.9, 3.7, 0.6, 9.6, 195.4, 159.3, 38891.4, 180, 15.3, 240.2, 18.7, 8.8
2, 27/01/2019 02:19:48, 131154, 40.3, 42.2, 8, 1961.9, 40.6, 4, 0.6, 4.1, 131.4, 107.9, 40696.8, 143.4, 9.6, 134.6, 24, 6.1
2, 27/01/2019 02:39:48, 131155, 29.2, 30.6, 6.4, 994.6, 54.6, 4.7, 0.5, 0.5, 116, 78.4, 39709.1, 228.1, 7.9, 97.9, 27.5, 6.8
2, 27/01/2019 02:59:47, 131156, 22.7, 25.5, 4.6, 536.4, 38.3, 4.1, 0.4, 0, 79.9, 65.4, 40685.3, 229.6, 7.1, 96.6, 21.2, 7.6
2, 27/01/2019 03:19:48, 131157, 25.1, 34.9, 4.7, 1030.3, 96.2, 3, 0.4, 0, 175.7, 89.4, 40682.9, 186.2, 10, 168, 10.8, 13.5
2, 27/01/2019 03:39:47, 131158, 24.3, 26.6, 5.4, 673.9, 81, 8.3, 0.4, 0, 91.8, 68.1, 37874.5, 216.5, 6.8, 86.3, 21, 5.3
2, 27/01/2019 03:59:47, 131159, 20.9, 18.1, 3.6, 890.4, 171.1, 6.7, 0.3, 0.2, 71.5, 46.4, 73100, 267.3, 5.6, 54.4, 13.4, 1.2
2, 27/01/2019 04:19:47, 131160, 28.3, 19.5, 5.4, 776.5, 568.5, 12.8, 0.4, 0.3, 86.7, 49.9, 77747.3, 214.4, 7, 102.1, 13.8, 1.7
2, 27/01/2019 04:39:47, 131161, 15.4, 9.6, 2.9, 171.5, 485.2, 17.7, 0.3, 0, 39.7, 24.6, 77337.6, 249.8, 5.3, 67.6, 17.9, 1.2
2, 27/01/2019 04:59:47, 131162, 11.7, 11.7, 3.3, 1453.3, 141.7, 13.9, 0.3, 0, 70.3, 29.9, 78304.1, 197.3, 6.9, 110.7, 11.8, 2.6
2, 27/01/2019 05:19:47, 131163, 10.5, 11.4, 2.9, 1542.5, 74.2, 5.4, 0.3, 0, 49.1, 29.2, 80279.2, 193.2, 5.5, 69, 12.2, 1.3
2, 27/01/2019 05:39:46, 131164, 6.7, 9.7, 2.4, 611.2, 98.3, 22.7, 0.2, 0, 61.7, 24.7, 36518.7, 249.1, 4.3, 54.5, 11, 1.1
2, 27/01/2019 05:59:47, 131165, 67.1, 83.9, 11.7, 2374.8, 499.3, 21.9, 1.1, 7.5, 295.2, 214.8, 114268.2, 196.5, 10.1, 231.8, 79.1, 4.5
2, 27/01/2019 06:19:47, 131166, 75.3, 103.3, 12.2, 740.1, 370.5, 22.5, 1.3, 10.8, 297.6, 264.4, 93747.5, 307.5, 10.6, 235.3, 102, 4.6
2, 27/01/2019 06:39:47, 131167, 85.3, 106.1, 14.7, 1272.9, 239.8, 23.4, 3.2, 3.9, 317.7, 271.5, 76030.7, 327, 11.1, 257.7, 119.5, 5.9
2, 27/01/2019 06:59:46, 131168, 83.7, 98.4, 14, 691.7, 280.2, 23.4, 1, 0, 381, 251.9, 73897.2, 182.5, 10.1, 234.1, 140.9, 4.5
2, 27/01/2019 07:19:46, 131169, 73.9, 97.5, 12.2, 679.1, 366.9, 21.8, 0.9, 0, 548, 249.6, 72927, 65.9, 10.1, 234.9, 138.6, 2.6
2, 27/01/2019 07:39:46, 131170, 62.8, 71.5, 10.6, 2558.9, 307.7, 17.1, 0.8, 0, 213.5, 183.1, 74256.2, 172.7, 10.8, 233.1, 104.2, 3.1
2, 27/01/2019 07:59:47, 131171, 52.6, 58.7, 9.5, 6830.9, 169.6, 17.6, 0.6, 0, 198.3, 150.2, 57811.4, 36.1, 9.3, 211.6, 86.3, 5.7
2, 27/01/2019 08:19:46, 131172, 43.6, 45.2, 7.7, 690.5, 229.3, 14, 0.6, 0, 155.9, 115.8, 47261.2, 39.9, 6.5, 146.9, 66.3, 4.3
2, 27/01/2019 08:39:46, 131173, 33.3, 35.1, 5.6, 124.9, 95, 14.5, 0.4, 0, 120.8, 89.9, 47128.4, 139.1, 4.9, 80.3, 54.1, 3.6
2, 27/01/2019 08:59:46, 131174, 39, 40.6, 7, 24721.4, 165.9, 20.9, 0.5, 0, 131, 104, 51058.8, 246.8, 7, 133.8, 51.4, 5.2
2, 27/01/2019 09:19:46, 131175, 37.1, 37.4, 5.6, 310.8, 134.4, 13.1, 0.5, 0, 129.5, 95.7, 47968.5, 121.4, 4.8, 90.5, 71.4, 2.6
2, 27/01/2019 09:39:47, 131176, 33.2, 34.7, 6.3, 468.1, 93.7, 15.5, 0.5, 0, 141.2, 88.8, 52513.1, 162.2, 4.8, 82.1, 22.4, 8.1
2, 27/01/2019 09:59:46, 131177, 38.2, 38.3, 7.7, 1431.9, 124.9, 14, 0.6, 0, 138.9, 98, 50242, 74.9, 6.2, 128.8, 34.4, 7
2, 27/01/2019 10:19:46, 131178, 33.8, 32.8, 6, 291.2, 75.7, 12.8, 0.5, 0, 104.7, 84.1, 56115, 35.1, 4.8, 108.8, 39, 3.9
2, 27/01/2019 10:39:46, 131179, 33.1, 31.5, 6, 2076.5, 58.2, 9.7, 0.5, 0, 121.1, 80.5, 44919.5, 127, 4.9, 97.6, 25, 4.5
2, 27/01/2019 10:59:46, 131180, 23, 20.4, 3.3, 661.9, 95.5, 7.8, 0.3, 0, 66.8, 52.1, 44683.6, 38, 3.3, 45.7, 19.1, 1.8
2, 27/01/2019 11:19:46, 131181, 31.7, 31.9, 5, 1606.2, 132.4, 7.5, 0.4, 0, 118.7, 81.6, 47871.8, 172.4, 5.8, 102.9, 18, 2.6
2, 27/01/2019 11:39:46, 131182, 21.8, 19.4, 3.2, 470.9, 95.4, 7.5, 0.3, 0, 84.2, 49.6, 36690.2, 144.7, 3.2, 28.8, 19.7, 1.3
2, 27/01/2019 11:59:45, 131183, 24.7, 21.1, 4.3, 1139.9, 93.9, 8.7, 0.3, 0, 88.2, 54.1, 37629.4, 99.8, 4, 41.2, 21.8, 2.2
2, 27/01/2019 12:19:45, 131184, 23.9, 23, 4.2, 1125.3, 101.5, 11.6, 0.3, 0, 88.6, 59, 41850.8, 198.3, 3.6, 36, 49.2, 1.2
2, 27/01/2019 12:39:46, 131185, 22.8, 20.4, 4.2, 329.5, 79.9, 13, 0.4, 0, 69, 52.3, 36484.1, 138.1, 2.8, 27.2, 52.5, 1.4
2, 27/01/2019 12:59:45, 131186, 22.8, 20.2, 4, 733.2, 69.9, 11.9, 0.3, 0, 93.1, 51.6, 45675.9, 96.9, 3, 28.1, 44.2, 1.3
2, 27/01/2019 13:19:45, 131187, 21.8, 20.1, 4, 670.5, 72.6, 9.8, 0.3, 0, 75.4, 51.3, 37667.7, 60.9, 3.2, 26.5, 47.4, 1.2
2, 27/01/2019 13:39:46, 131188, 25.7, 21.8, 4.6, 1802.7, 110.1, 10.1, 0.4, 0, 77.4, 55.8, 41772.8, 194.9, 3.9, 44, 56.2, 1.4
2, 27/01/2019 13:59:46, 131189, 21.3, 18.1, 3.8, 248.4, 74.8, 10.7, 0.3, 0, 61, 46.3, 36514.2, 41, 2.5, 20, 46.3, 1.4
2, 27/01/2019 14:19:45, 131190, 23.7, 21.3, 4, 1276.9, 96.9, 8.3, 0.3, 0, 84.8, 54.6, 40404.8, 147.7, 3.7, 45.7, 20.3, 1.6
2, 27/01/2019 14:39:45, 131191, 18.1, 15.7, 2.8, 183.1, 42.2, 6.5, 0.2, 0, 68.3, 40.2, 36647.5, 125.1, 2.4, 16.2, 16.3, 0.9
2, 27/01/2019 14:59:45, 131192, 21.1, 17.6, 3.4, 1304, 53.6, 5.9, 0.3, 0, 94.2, 45, 36520.7, 130.2, 3.1, 35.3, 14.9, 1.5
2, 27/01/2019 15:19:45, 131193, 19.2, 16, 3, 958.7, 39.6, 6.3, 0.2, 0, 84.8, 41, 43153.6, 107.7, 2.8, 21.6, 19, 1
2, 27/01/2019 15:39:45, 131194, 20.9, 18.9, 3.5, 845.6, 68.4, 6.3, 0.3, 0, 67.2, 48.4, 36726, 183.7, 3, 34.5, 16, 1.4
2, 27/01/2019 15:59:45, 131195, 37.8, 34.1, 6, 2744.8, 263, 8.9, 0.4, 0, 148.5, 87.3, 71582.2, 176.3, 6.1, 110.1, 27.2, 2
2, 27/01/2019 16:19:44, 131196, 33.6, 32.6, 4.9, 698.4, 230.3, 6.7, 0.4, 0, 101.1, 83.3, 74706.5, 40.8, 4.6, 71.3, 22.3, 2.1
2, 27/01/2019 16:39:44, 131197, 36.7, 34.1, 5.4, 2797.6, 283.3, 6.5, 0.4, 0, 164.1, 87.2, 66803.4, 172, 5.9, 103.2, 20.5, 1.7
2, 27/01/2019 16:59:44, 131198, 30.4, 33.3, 5, 744.2, 297, 6.5, 0.4, 0, 111.9, 85.2, 70560.6, 39.9, 4.9, 79.2, 21.6, 2.3
2, 27/01/2019 17:19:45, 131199, 29.2, 26.8, 4.2, 321.1, 402.5, 6.2, 0.3, 0, 85.6, 68.6, 68664.2, 192.6, 4.3, 53, 22, 1.2
2, 27/01/2019 17:39:45, 131200, 43.1, 46.4, 7.1, 2720.9, 350.6, 7.5, 0.5, 2.7, 235.2, 118.7, 65746.8, 420.8, 7.9, 148.2, 21.9, 4.9
2, 27/01/2019 17:59:44, 131201, 33.4, 43.2, 4.1, 676.8, 108.8, 5.1, 0.3, 0, 177.7, 110.6, 72420.1, 110.9, 5.4, 74.6, 15.8, 2
2, 27/01/2019 18:19:45, 131202, 42.2, 43, 6.4, 2338.9, 295.4, 5.7, 0.4, 0.9, 150.9, 110.1, 62270.8, 236.1, 6.9, 127.6, 19.2, 2.7
2, 27/01/2019 18:39:45, 131203, 37.3, 35.3, 5.1, 896.8, 323.6, 5.5, 0.4, 0.9, 113.3, 90.2, 73723.1, 225, 5.8, 88.5, 20.7, 2
2, 27/01/2019 18:59:44, 131204, 39.6, 39, 5.8, 2527.1, 291.9, 6.4, 0.4, 2.7, 129.8, 99.9, 82333.5, 293, 7.7, 130.3, 25.9, 2.3
2, 27/01/2019 19:19:44, 131205, 40.1, 39, 5.7, 1000.3, 307.9, 5.5, 0.4, 2, 114.1, 99.7, 77086.2, 23.8, 7.7, 122.3, 24.1, 1.9
2, 27/01/2019 19:40:44, 131206, 38.6, 38.8, 5.5, 2285.5, 483.6, 9.7, 0.4, 2, 143.6, 99.3, 89891.4, 69.5, 6.8, 116.3, 36.9, 1.6
2, 27/01/2019 19:59:44, 131207, 39, 62.1, 6.4, 1034.7, 419, 8.7, 0.4, 3.7, 220.5, 159, 79090.2, 237, 10.3, 199.2, 30.6, 3.2
2, 27/01/2019 20:20:44, 131208, 42.1, 53.2, 6.8, 804.1, 161.8, 5.4, 0.5, 6.6, 153.5, 136.2, 79699.5, 300.2, 8.7, 175.4, 21.7, 4
2, 27/01/2019 20:39:44, 131209, 39.6, 45.9, 5.9, 785.3, 84.5, 6.1, 0.4, 5.1, 151.7, 117.5, 54640.5, 63.9, 6.4, 128.8, 26.7, 3.4
2, 27/01/2019 20:59:44, 131210, 29.6, 39, 4.8, 1221.5, 36.8, 9, 0.3, 3.4, 174.2, 99.8, 63617.3, 117.9, 4.3, 61.6, 49.6, 6.4
2, 27/01/2019 21:19:44, 131211, 37.9, 45.7, 7.3, 1572.1, 128.8, 15.1, 0.5, 4.6, 200.7, 117.1, 41892.3, 86.8, 7, 132.2, 86.9, 3
2, 27/01/2019 21:39:43, 131212, 36, 40.2, 6.6, 737.6, 371.4, 12.9, 0.5, 0.2, 144.9, 103, 67647.2, 38, 5.3, 93, 77.1, 2.1
2, 27/01/2019 21:59:44, 131213, 41.6, 52.7, 7.2, 3899.3, 277.8, 10.5, 0.5, 5.4, 227.3, 135, 65462.8, 150.6, 7.9, 155.8, 49.6, 2.8
2, 27/01/2019 22:19:43, 131214, 34, 36.2, 6.7, 1458, 295.8, 6.1, 0.5, 0, 111.1, 92.7, 66438.8, 66.1, 5.6, 101.6, 26.9, 5.4
2, 27/01/2019 22:39:44, 131215, 37.5, 42, 6.3, 1553, 269.7, 9.5, 0.4, 6.2, 194.9, 107.5, 74229.3, 117, 6.7, 129.6, 21.5, 4.5
2, 27/01/2019 22:59:44, 131216, 51.3, 57.2, 10.6, 1752, 226.1, 16, 0.7, 3.3, 188.4, 146.5, 64122.6, 118, 8.2, 172, 59.6, 8.6
2, 27/01/2019 23:19:44, 131217, 40.5, 39.5, 7.9, 880.2, 148.9, 25.1, 0.6, 0.4, 134.7, 101, 46330.4, 39.9, 5.9, 110.2, 103.2, 4
2, 27/01/2019 23:39:43, 131218, 38.5, 41.2, 8.1, 2038.1, 128.2, 13.4, 0.6, 2.5, 164.7, 105.4, 41787.3, 140.8, 8.2, 175.7, 85.6, 4.8
3, 26/01/2019 23:59:23, 131147, 17.4, 24.6, 3.8, 26725.7, 49.3, 3.6, 0.3, 0, 196.8, 63, 57398.8, 329.1, 14.3, 132.1, 1.1, 12.8
3, 27/01/2019 00:19:22, 131148, 33.1, 51.8, 6.4, 24620.5, 69.7, 0.6, 0.4, 1, 209.2, 132.7, 73557.6, 453.9, 24.4, 218.2, 2.8, 15.2
3, 27/01/2019 00:40:23, 131149, 34.6, 50.6, 7.7, 6981.7, 42.3, 0.6, 0.5, 0.2, 179.2, 129.5, 81564.4, 673.5, 21.6, 319.6, 3.2, 4.5
3, 27/01/2019 00:59:23, 131150, 31.4, 44, 7.3, 16734.5, 69, 2.7, 0.5, 0, 151, 112.6, 67162.1, 475.1, 21.1, 330.1, 2.1, 5.8
3, 27/01/2019 01:19:22, 131151, 24.2, 29.3, 5.7, 6280.4, 41.1, 0.8, 0.4, 0, 96.9, 75, 70297.2, 306.8, 17, 215.4, 4.2, 4.7
3, 27/01/2019 01:39:23, 131152, 19.8, 26.4, 4.6, 6683.3, 34.6, 0.7, 0.4, 0, 147.3, 67.5, 57139.7, 293.6, 14.4, 185.2, 5.6, 3
3, 27/01/2019 01:59:22, 131153, 27.4, 33.9, 5.6, 17609.1, 132.1, 1.8, 0.4, 1.5, 168, 86.7, 59059.8, 351.1, 17.3, 256.8, 4, 4.2
3, 27/01/2019 02:20:22, 131154, 19.8, 21, 4, 5417.8, 8.9, 1.6, 0.3, 0, 74, 53.9, 58543.3, 207.4, 12.7, 153.5, 2.3, 2.8
3, 27/01/2019 02:39:22, 131155, 17.7, 21.5, 4.2, 4646.8, 28.1, 1.7, 0.3, 0, 88.8, 55, 45501.2, 221.1, 9.9, 127.9, 0.5, 4.9
3, 27/01/2019 02:59:22, 131156, 28.8, 58.7, 6.6, 55772.6, 52.1, 6, 1.5, 3.2, 322.2, 150.3, 62106.5, 289.1, 21, 381.4, 2.1, 26.2
3, 27/01/2019 03:19:22, 131157, 18.5, 78.6, 5.3, 92920.8, 54.9, 3.8, 0.4, 0, 328, 201.3, 57399.8, 287.1, 19.7, 376, 4.1, 58.3
3, 27/01/2019 03:39:22, 131158, 27.6, 36.1, 7.5, 6518.3, 78.9, 7.7, 0.5, 0.1, 161.5, 92.5, 80994.1, 312.8, 20.8, 390.6, 11.8, 6.1
3, 27/01/2019 03:59:22, 131159, 27.8, 29.8, 6.4, 11089.8, 385.9, 19.4, 0.4, 0, 129.8, 76.3, 111323.9, 362.6, 21.9, 399.3, 6.8, 4.6
3, 27/01/2019 04:20:22, 131160, 61.2, 55.2, 10.2, 10582.8, 607.8, 10.7, 1.1, 1.1, 228.8, 141.4, 107115.2, 4818.7, 24.3, 576.2, 5, 4.3
3, 27/01/2019 04:39:21, 131161, 57.8, 58.7, 9.1, 6704.2, 505.7, 9.8, 0.8, 0.3, 240.4, 150.3, 109010.1, 256.8, 24.9, 709.7, 4.2, 3.8
3, 27/01/2019 04:59:22, 131162, 67.5, 75.6, 12.4, 31676.7, 757.6, 11.9, 1, 0.5, 273.9, 193.6, 114265.7, 274, 31.2, 808.9, 8.3, 6.8
3, 27/01/2019 05:19:22, 131163, 47.3, 53.4, 9.2, 5452, 407.1, 20.2, 0.6, 0.1, 206.2, 136.8, 114926.4, 315.6, 26.7, 556.7, 9, 3.9
3, 27/01/2019 05:40:21, 131164, 33.6, 42.4, 7.1, 5610, 342.3, 18.9, 0.5, 0, 154.6, 108.5, 54014.4, 294.7, 23.4, 433.7, 11.6, 6.1
3, 27/01/2019 05:59:22, 131165, 37.5, 45.3, 8, 18919, 306.4, 14.4, 0.6, 1.7, 158.1, 116, 73641.3, 362.1, 26.7, 450.7, 11.8, 5.2
3, 27/01/2019 06:20:21, 131166, 35.5, 39.9, 7.6, 6973.1, 317.6, 7.1, 0.5, 0.1, 167.2, 102.1, 81784.6, 236, 21.1, 511.4, 12.5, 5.6
3, 27/01/2019 06:39:21, 131167, 27.3, 35.4, 6.8, 5584.7, 289.4, 13.4, 0.5, 0, 177.8, 90.6, 51834.1, 271, 18.3, 377.8, 14.5, 3.8
3, 27/01/2019 06:59:21, 131168, 31.3, 45.8, 7.2, 25717.6, 287.5, 20, 0.5, 0, 166.7, 117.2, 66406, 443.7, 24.1, 419.4, 12.1, 5.1
3, 27/01/2019 07:19:22, 131169, 25.5, 39.8, 7.9, 4849.1, 192, 15.6, 0.5, 0, 171.8, 102, 79343.5, 1077.3, 20.4, 477.8, 11.5, 5.2
3, 27/01/2019 07:39:21, 131170, 25.2, 47.7, 6.6, 3845.7, 204, 32.3, 0.5, 0, 217.3, 122, 81146.4, 853.8, 24.8, 563.8, 8.9, 4.4
3, 27/01/2019 07:59:21, 131171, 24.5, 50.8, 5.8, 16099.6, 233.2, 36.2, 0.5, 0, 256, 130.1, 80858.5, 885.7, 23.4, 569.6, 8.2, 4.2
3, 27/01/2019 08:20:21, 131172, 23.3, 39.9, 5.4, 27117.4, 164, 29.6, 0.4, 0, 173.7, 102.2, 60209.9, 1096.9, 17.4, 468.2, 8.8, 3.2
3, 27/01/2019 08:40:21, 131173, 17.1, 23.7, 4, 4118.4, 184.6, 35.8, 0.3, 0, 108.3, 60.6, 57391.6, 1090.4, 16.3, 388.6, 10.4, 1.8
3, 27/01/2019 09:00:21, 131174, 17.7, 24.5, 4.5, 18033.4, 58.6, 7, 0.3, 0, 106, 62.8, 56581.8, 924.5, 15.8, 354.6, 10.2, 4.9
3, 27/01/2019 09:19:21, 131175, 11.6, 15.8, 3, 4358.3, 46.2, 4.1, 0.3, 0, 69.1, 40.5, 55769.7, 1162.7, 13.2, 301.1, 11.2, 1.2
3, 27/01/2019 09:39:20, 131176, 21.2, 24.3, 4.7, 3629.5, 171.9, 18, 0.5, 0, 243.9, 62.2, 53796.6, 1373.9, 16.3, 374.6, 11.8, 1.7
3, 27/01/2019 09:59:21, 131177, 23.4, 28.8, 5.1, 22252, 206.3, 15.5, 0.4, 0, 235.4, 73.8, 49166.5, 1166.3, 17.5, 332.8, 8.8, 4.9
3, 27/01/2019 10:20:21, 131178, 27.6, 30.9, 5.5, 5690, 237, 20.1, 0.6, 0, 235.3, 79, 48503.1, 1009.8, 17.3, 334.4, 6.3, 3
3, 27/01/2019 10:40:21, 131179, 24.1, 26.6, 4.7, 5536.3, 242.3, 16.5, 0.3, 0, 215.9, 68.1, 52931.3, 1421.2, 12.8, 268.5, 6.5, 1.5
3, 27/01/2019 11:00:20, 131180, 24.7, 29.4, 5.4, 50027.8, 100.3, 17.2, 0.4, 0, 177.4, 75.3, 44579.4, 1167.5, 13.5, 289.5, 6.6, 5.3
3, 27/01/2019 11:19:20, 131181, 29.1, 31, 5.7, 5141.8, 152.2, 17.7, 0.5, 0, 254.2, 79.4, 49551.3, 1013.2, 13.6, 299.6, 5, 2.4
3, 27/01/2019 11:39:20, 131182, 17.2, 16, 3.3, 3502.6, 143.9, 20.6, 0.3, 0, 64.1, 40.9, 66452.9, 1781.2, 8.8, 173.1, 5.1, 0.9
3, 27/01/2019 12:00:20, 131183, 27.6, 32.4, 5.6, 20605.5, 147.2, 21, 0.8, 0, 273.1, 82.9, 50598.3, 1123.7, 14.5, 320.1, 4.6, 4.6
3, 27/01/2019 12:19:20, 131184, 20, 21, 5.1, 4502.8, 143, 16.6, 0.4, 0, 123.5, 53.7, 46460.9, 520.4, 10, 240.6, 3.9, 3.5
3, 27/01/2019 12:39:20, 131185, 23.6, 24.7, 5.1, 4446.4, 136.7, 17.3, 0.6, 0, 196.3, 63.1, 50249.4, 654.3, 10.3, 258.7, 3.9, 2.4
3, 27/01/2019 12:59:20, 131186, 21, 17.7, 4, 22359.4, 165.8, 21, 0.3, 0, 82.2, 45.3, 89332.6, 1564.6, 8.9, 195.1, 4.8, 2
3, 27/01/2019 13:19:20, 131187, 15.6, 19.2, 2.8, 4778.7, 161.8, 25.2, 0.2, 0, 210.4, 49.3, 49478.1, 323.3, 8.9, 154.6, 1.9, 1.3
3, 27/01/2019 13:39:20, 131188, 13.9, 14.3, 2.4, 5595.3, 78.9, 6.4, 0.2, 0, 52.4, 36.6, 44795.9, 405.1, 10.7, 190.1, 4.4, 0.4
3, 27/01/2019 13:59:20, 131189, 16.2, 18.3, 2.5, 11451, 34.6, 2.3, 0.2, 0, 81.5, 46.8, 43936.9, 208.6, 14, 264.4, 5.4, 0.3
3, 27/01/2019 14:20:19, 131190, 12.4, 12.2, 1.9, 462.9, 21.2, 0.1, 0.2, 0, 59.7, 31.1, 43320.4, 247.6, 10.4, 196.3, 4, 0.3
3, 27/01/2019 14:40:20, 131191, 9.8, 9.4, 2.1, 9633.6, 6.7, 0.1, 0.2, 0, 39.3, 24.1, 42666.3, 284.2, 8.9, 174.9, 5, 0.4
3, 27/01/2019 15:00:20, 131192, 13.4, 12.5, 2.6, 11269.4, 7.5, 0.2, 0.2, 0, 47.6, 32, 41976, 341.2, 8.8, 143.5, 4.3, 0.5
3, 27/01/2019 15:19:20, 131193, 10.3, 10.3, 2, 4345.6, 10.1, 0.1, 0.2, 0, 44.9, 26.4, 42058, 326.1, 8.1, 128.8, 4.7, 0.4
3, 27/01/2019 15:39:19, 131194, 6.4, 6, 1.5, 3729.8, 2.2, 0.1, 0.1, 0, 26.6, 15.4, 42745.4, 286, 7, 122.1, 4.4, 0.3
3, 27/01/2019 16:00:19, 131195, 9.8, 12.1, 3.1, 17466.8, 2.5, 0.7, 0.3, 0, 58.1, 31, 42389.4, 249.8, 10, 173.9, 4, 2
3, 27/01/2019 16:20:19, 131196, 16.6, 21, 3.7, 5194.5, 32.8, 0.3, 0.3, 0, 100.9, 53.7, 42491.8, 168.2, 8.5, 209.9, 3.8, 1.7
3, 27/01/2019 16:39:19, 131197, 11.2, 13.5, 3.2, 3811.6, 65.5, 0.2, 0.2, 0, 63.2, 34.5, 61353.8, 242.8, 6.3, 140.6, 3.8, 1.3
3, 27/01/2019 16:59:19, 131198, 14.8, 23.1, 4.8, 17687.9, 17.5, 1.7, 0.4, 0, 186, 59.1, 49904.4, 241.9, 10.2, 187.2, 3.2, 4.3
3, 27/01/2019 17:19:19, 131199, 13.9, 14.7, 4.4, 4361.3, 25.8, 1.7, 0.3, 0, 72, 37.7, 50523.5, 235.2, 9.2, 206.3, 6.9, 2.5
3, 27/01/2019 17:39:19, 131200, 10.8, 12.3, 2.9, 4129.4, 15.8, 1.9, 0.3, 0, 51.9, 31.6, 44211.9, 241.6, 8.7, 151.4, 10.2, 2.2
3, 27/01/2019 18:00:19, 131201, 20.3, 40.6, 4.7, 25307.1, 55.3, 4.2, 0.3, 3.4, 158.7, 103.9, 62162.9, 266.5, 16.8, 242.7, 6.3, 4.7
3, 27/01/2019 18:19:19, 131202, 22.1, 25.4, 5.2, 4602.6, 62.7, 1.6, 0.4, 0, 101.1, 65.1, 46445.6, 210.2, 14.5, 213.4, 8.9, 3.3
3, 27/01/2019 18:39:18, 131203, 12.4, 15.6, 3.4, 2370.4, 70.7, 2.8, 0.3, 0, 108.2, 39.8, 46414.3, 232.4, 11.6, 168.6, 15.4, 2.1
3, 27/01/2019 19:00:18, 131204, 29.9, 35.7, 5.9, 15354, 101.2, 4.7, 0.4, 4.3, 141.1, 91.5, 63484.8, 232, 15.4, 263.7, 15.1, 4.6
3, 27/01/2019 19:20:19, 131205, 27.4, 42.9, 4, 1530.7, 231.2, 2.4, 0.3, 16.8, 121.1, 109.7, 44533.7, 179.1, 15.1, 193.3, 13.2, 1.3
3, 27/01/2019 19:40:18, 131206, 18.1, 36.4, 2.5, 833.7, 34.3, 2.6, 0.2, 15.5, 144.2, 93.2, 42898.6, 220, 12.4, 117.7, 8.2, 0.6
3, 27/01/2019 19:59:18, 131207, 19.3, 42.5, 2.8, 17919.4, 39.8, 2.8, 0.2, 13.5, 147.7, 108.9, 62783.1, 269.5, 8.6, 90.5, 4.7, 1.1
3, 27/01/2019 20:20:18, 131208, 16.1, 36.3, 2.1, 3710.2, 14.2, 1.9, 0.2, 16.5, 122.6, 92.8, 41427.9, 216.9, 9.2, 86.1, 5.6, 0.8
3, 27/01/2019 20:39:19, 131209, 15.2, 35, 2, 446.6, 3, 0.4, 0.2, 18.1, 101.3, 89.7, 41673.2, 215.2, 8.8, 65.5, 6.2, 0.8
3, 27/01/2019 21:00:18, 131210, 26.6, 60.5, 4.2, 23854.5, 8.4, 0.5, 0.3, 21.3, 226.3, 154.9, 49337.8, 232.7, 12.4, 189.2, 4.5, 2.4
3, 27/01/2019 21:19:18, 131211, 27.2, 56.8, 4.9, 3002.3, 23.8, 0.3, 0.3, 20.2, 165.7, 145.4, 62425.6, 212.5, 12.2, 169, 4.3, 2.1
3, 27/01/2019 21:39:18, 131212, 22.5, 45.4, 4, 939.8, 65.6, 0.1, 0.3, 14.8, 174.2, 116.1, 63400.3, 176.8, 11.5, 163.9, 3, 1.8
3, 27/01/2019 22:00:18, 131213, 26.9, 46.1, 4, 12651.4, 31.3, 2.9, 0.3, 13.4, 156.1, 117.9, 55193, 183.3, 10.9, 202.3, 3.8, 2.1
3, 27/01/2019 22:19:17, 131214, 18.3, 33.3, 2.6, 247.2, 6.9, 0.2, 0.2, 14.5, 93, 85.2, 44027.5, 169.8, 7.4, 72.9, 1.9, 1.5
3, 27/01/2019 22:39:18, 131215, 19, 33.4, 2.2, 252.3, 24.9, 0.9, 0.2, 14.4, 116.2, 85.5, 44209.1, 176.1, 8, 134.7, 2, 0.5
3, 27/01/2019 23:00:18, 131216, 21.9, 38.4, 3.2, 13953.1, 9.2, 3.1, 0.2, 14.6, 132, 98.4, 44260.1, 155.9, 10.3, 133.9, 2.3, 1.9
3, 27/01/2019 23:19:17, 131217, 21.2, 38.1, 2.9, 4519.3, 19.5, 0.6, 0.2, 16.4, 124, 97.6, 45794, 177.8, 8.6, 129.6, 1.9, 1.6
3, 27/01/2019 23:39:18, 131218, 22.7, 36.9, 2.5, 1924.7, 23.2, 0.3, 0.2, 14.5, 124.9, 94.6, 46085.6, 209.1, 9.3, 225.9, 1.8, 0.5
4, 26/01/2019 23:59:54, 131147, 26.2, 43.1, 4.1, 21258.6, 13.1, 1.5, 0.3, 12.5, 183, 110.4, 45398.7, 240, 12.3, 151.4, 1.4, 9.6
4, 27/01/2019 00:19:54, 131148, 36.8, 60.3, 6, 9402.8, 35.6, 1.7, 0.4, 11.9, 224.9, 154.4, 60984.1, 266.3, 22.9, 222.4, 2.7, 15
4, 27/01/2019 00:40:55, 131149, 50, 62.6, 7.2, 1516, 107.8, 1.4, 0.5, 11.8, 185.4, 160.2, 66816.4, 231.4, 21.8, 279.4, 2.6, 3.1
4, 27/01/2019 00:59:54, 131150, 46.9, 69, 7.4, 19771.7, 75.8, 0.8, 0.5, 19.2, 237.8, 176.5, 85789.5, 215, 26.5, 359.5, 4.3, 5.1
4, 27/01/2019 01:19:54, 131151, 44.4, 65.9, 7.6, 1648, 142, 0.3, 0.5, 20.3, 223.5, 168.7, 82025.6, 108, 22.4, 326.4, 2.3, 6
4, 27/01/2019 01:39:54, 131152, 31.9, 50.3, 5.4, 768.5, 81.5, 1.5, 0.4, 17.7, 144.1, 128.7, 62133.6, 97.9, 16.2, 217, 2.2, 3.7
4, 27/01/2019 01:59:54, 131153, 39.6, 64.9, 7.3, 19481.3, 110, 2.8, 0.5, 19.4, 218.9, 166.1, 52645.3, 177, 20.4, 328.4, 3.1, 5.9
4, 27/01/2019 02:19:54, 131154, 26.5, 40.5, 4.5, 1088.4, 130.6, 1.4, 0.4, 16.6, 140.7, 103.8, 51136.7, 92.8, 12.3, 167.2, 2.9, 2.9
4, 27/01/2019 02:39:54, 131155, 22.8, 36.2, 3.4, 787.2, 49.5, 0.3, 0.3, 14.3, 124.9, 92.8, 60175.7, 86.1, 11.2, 156.4, 2.9, 3.1
4, 27/01/2019 02:59:54, 131156, 38.3, 71.6, 5.8, 85879.1, 72, 5.2, 0.4, 20.1, 289.3, 183.4, 59030.9, 281.7, 15.6, 326.9, 1.8, 16.5
4, 27/01/2019 03:19:54, 131157, 35.9, 93.8, 5.8, 65788.9, 161, 2.9, 0.4, 19.7, 321.2, 240.2, 48838.3, 178.6, 18.3, 429.7, 3.4, 43.5
4, 27/01/2019 03:39:59, 131158, 40, 61.8, 5.8, 1458.5, 83.6, 5.6, 0.4, 21.6, 268.4, 158.1, 66998.4, 207.2, 17.7, 440.9, 7.5, 2.2
4, 27/01/2019 03:59:58, 131159, 38.4, 54, 4.9, 29907.6, 200.3, 12.1, 0.3, 17.1, 209, 138.3, 81940.2, 161, 16.7, 407, 1.9, 3.2
4, 27/01/2019 04:19:58, 131160, 51.5, 56.9, 7, 5290.7, 430.1, 5.5, 0.4, 18.3, 210.8, 145.8, 93133.4, 189.7, 16.1, 481.7, 1.8, 1.4
4, 27/01/2019 04:39:58, 131161, 79.2, 110.1, 11.3, 6216, 486.1, 2.9, 13.6, 32.6, 475.9, 282, 107242.5, 166.7, 26.6, 721.1, 0.8, 6
4, 27/01/2019 04:59:58, 131162, 64.5, 95.8, 9.6, 22228.3, 714.4, 16, 1.8, 17.5, 418.5, 245.2, 102480.1, 179.8, 20.5, 651.5, 6.6, 6.9
4, 27/01/2019 05:19:59, 131163, 47.4, 65.5, 8.1, 2930.5, 441, 18.6, 0.6, 16, 222.6, 167.7, 97961.2, 180, 17.6, 524.8, 3.6, 5.3
4, 27/01/2019 05:39:58, 131164, 40.4, 60.6, 5.9, 754.7, 191.3, 22.5, 0.4, 15.3, 222.4, 155.2, 68349.6, 170.3, 21.8, 785.7, 2, 2.9
4, 27/01/2019 05:59:57, 131165, 40.7, 59.7, 6.8, 18480.7, 217.4, 21.5, 0.5, 16.2, 195.1, 152.8, 53361.9, 129.7, 22, 709.7, 1.2, 5.1
4, 27/01/2019 06:19:58, 131166, 45.7, 59.1, 6.2, 1085.6, 223.9, 23.8, 0.5, 16, 222.9, 151.4, 51585.6, 152.2, 17.7, 659.8, 4.7, 2.1
4, 27/01/2019 06:39:58, 131167, 37, 47.3, 4.9, 1347.3, 179.6, 7.8, 0.3, 14.6, 187.2, 121, 116085.2, 139.8, 14.1, 530.1, 0.4, 2.4
4, 27/01/2019 06:59:58, 131168, 56.3, 60.2, 6.4, 12440.7, 276.8, 13.9, 0.4, 0, 296, 154.1, 86238.1, 129.1, 10.5, 391.7, 0.6, 1.9
4, 27/01/2019 07:19:58, 131169, 74.7, 75.1, 8.4, 4092, 217.3, 7.4, 0.9, 0, 244.4, 192.3, 73423, 114.4, 13.7, 517.3, 0.9, 3
4, 27/01/2019 07:39:58, 131170, 74.3, 80, 10, 2259.4, 227.7, 9.3, 0.7, 0, 239.3, 204.8, 75558, 177.3, 14.5, 410.3, 3.1, 4.6
4, 27/01/2019 07:59:57, 131171, 96.1, 102.7, 11.3, 18430.2, 556.9, 6.9, 7.9, 0.3, 307.3, 262.8, 77696.3, 132.9, 16.6, 648, 1.1, 7.6
4, 27/01/2019 08:19:58, 131172, 89.5, 83.3, 9.8, 8569.9, 624.6, 4.5, 1.7, 0, 254.9, 213.1, 71848.1, 108.9, 12.7, 465.9, 1.6, 2.7
4, 27/01/2019 08:40:58, 131173, 85.1, 79.2, 7.8, 11720.9, 610.7, 1, 0.7, 0, 250, 202.8, 75167.7, 144.2, 10.9, 379.5, 1.9, 2.6
4, 27/01/2019 08:59:57, 131174, 85.4, 76.6, 9.9, 18058.7, 500.1, 6, 0.7, 0, 231.6, 196.1, 81262.6, 83.1, 13.4, 453.7, 1.6, 5.3
4, 27/01/2019 09:19:57, 131175, 81.6, 72.5, 10.4, 3170.1, 381.4, 17.4, 0.8, 0, 213.8, 185.7, 72377.3, 96.1, 11.8, 353.8, 1.6, 3.9
4, 27/01/2019 09:39:57, 131176, 81.5, 72.2, 8.5, 2234.3, 179.8, 9.4, 0.6, 0, 206.4, 184.8, 61877.2, 161.6, 9.6, 283.3, 1.1, 2.2
4, 27/01/2019 09:59:57, 131177, 77, 68.4, 7.2, 25562.4, 251.9, 8.9, 0.4, 0, 191, 175.1, 76589.6, 150.9, 9.9, 303.2, 1.7, 2.6
4, 27/01/2019 10:20:02, 131178, 79.5, 69.3, 7.3, 1193.5, 394.7, 25.9, 0.5, 0, 193.2, 177.5, 68040.7, 123.1, 8.9, 286.9, 0.4, 1.5
4, 27/01/2019 10:40:02, 131179, 73.5, 63, 7, 1325.2, 398.4, 22.7, 0.5, 0, 191.8, 161.2, 58746.8, 125.7, 6.6, 231, 1.4, 1.2
4, 27/01/2019 11:00:02, 131180, 67, 59.3, 6.2, 18490.7, 323.7, 3.7, 0.4, 0, 172.9, 151.8, 60725.5, 144.7, 6.5, 248.1, 2.1, 3.2
4, 27/01/2019 11:20:02, 131181, 56.2, 51.2, 6, 1317.5, 142.5, 3.5, 0.4, 0, 328.9, 131.1, 57162.3, 123.8, 6, 229.4, 2.4, 1.1
4, 27/01/2019 11:40:02, 131182, 49.7, 41.4, 3.9, 2736.5, 32.8, 2.8, 0.3, 0, 152.5, 106.1, 42829, 147.6, 4.4, 122.3, 8.3, 0.8
4, 27/01/2019 12:00:02, 131183, 49.1, 42.2, 4.4, 17552.3, 20.9, 1, 0.3, 0, 146.7, 108.1, 43174.5, 143.8, 5.7, 126.8, 0.9, 1.9
4, 27/01/2019 12:20:01, 131184, 52, 52.6, 5.9, 2736.7, 15, 0.2, 0.4, 0, 170.2, 134.7, 64290.1, 114.2, 6.7, 165.1, 1.4, 2.8
4, 27/01/2019 12:40:01, 131185, 40.6, 32.9, 4.1, 581.8, 28.1, 0.9, 0.3, 0, 119.2, 84.2, 42212.3, 200.8, 5.1, 98.7, 3.8, 1.6
4, 27/01/2019 13:00:02, 131186, 41.8, 37.7, 4.5, 13769.4, 12.2, 0.7, 0.3, 0, 146, 96.5, 41875.3, 101.8, 7, 148.1, 2.4, 3.3
4, 27/01/2019 13:20:02, 131187, 38.1, 30.4, 3.7, 495.9, 10.3, 0.1, 0.2, 0, 89.1, 77.8, 42080.7, 182.6, 5.8, 105.6, 4.1, 1.2
4, 27/01/2019 13:40:02, 131188, 39.5, 31, 3.3, 702.5, 76.6, 0.1, 0.2, 0, 113.8, 79.4, 58643.4, 185.7, 5.2, 109.6, 4.8, 0.5
4, 27/01/2019 14:00:01, 131189, 42.8, 36.8, 4.3, 22704.3, 18.5, 0.8, 0.3, 0, 148.1, 94.1, 40862.6, 174.3, 6, 89.7, 2.8, 3.3
4, 27/01/2019 14:20:01, 131190, 47.1, 39.5, 4.5, 4403.7, 11.2, 0.2, 0.3, 0, 135.6, 101.1, 41672.6, 162.1, 4.6, 105.3, 1.7, 2.4
4, 27/01/2019 14:40:01, 131191, 39.8, 32.4, 3.1, 1060.9, 10.5, 0.2, 0.2, 0, 119.8, 82.9, 40542.2, 116.8, 4.3, 110.6, 2.3, 0.8
4, 27/01/2019 15:00:01, 131192, 42.7, 36.2, 4.5, 18795.1, 20.1, 2.8, 0.3, 0, 152.5, 92.8, 41639.8, 93.9, 6.3, 117.9, 2, 3.2
4, 27/01/2019 15:20:00, 131193, 39.4, 33.2, 3.6, 888.3, 3.1, 0.2, 0.3, 0, 128.9, 85, 39653.3, 182.1, 4.4, 65.2, 2.1, 1.6
4, 27/01/2019 15:40:00, 131194, 42.9, 34.5, 3.2, 549.3, 152, 0.1, 0.2, 0, 102.1, 88.4, 42903.2, 221.6, 3.1, 65.1, 1.3, 0.7
4, 27/01/2019 16:00:01, 131195, 49, 43.9, 4.3, 17962.1, 167, 5.1, 0.3, 0, 212.4, 112.3, 43801.7, 212.8, 4.6, 130.8, 2, 2
4, 27/01/2019 16:20:00, 131196, 52.7, 53.2, 6.7, 2591.6, 68.5, 1.1, 0.4, 0, 221.5, 136.1, 91304.7, 243.2, 6.8, 190.5, 1.5, 3.2
4, 27/01/2019 16:40:01, 131197, 55.7, 52.5, 6.3, 2455.3, 89.3, 3.1, 0.4, 0.1, 199.6, 134.4, 52984.4, 191.3, 7.8, 238.2, 2.4, 3.4
4, 27/01/2019 17:00:00, 131198, 40.2, 49.1, 4.8, 17322.1, 114.4, 5.4, 0.4, 7.9, 194.1, 125.8, 56659.8, 201.7, 7.6, 254.3, 3, 1.7
4, 27/01/2019 17:20:00, 131199, 28, 31.1, 3.3, 2939, 34, 5.8, 0.3, 6.5, 144.2, 79.6, 52499.3, 269.8, 6, 143.2, 7.3, 2.9
4, 27/01/2019 17:40:00, 131200, 31, 31.2, 3.2, 412.1, 39.1, 5.9, 0.2, 5, 162.6, 79.9, 51815.9, 203.2, 6.6, 192.9, 6.4, 1.3
4, 27/01/2019 18:00:00, 131201, 25.3, 35.6, 3.4, 36900.5, 32.1, 3.9, 0.3, 1.9, 173.9, 91.2, 56298.1, 222.8, 9.1, 213.6, 2.3, 2.9
4, 27/01/2019 18:20:00, 131202, 19.3, 16, 3.2, 3558.6, 13.8, 1.7, 0.3, 0, 84.3, 40.9, 56214.4, 271.6, 7.1, 134.1, 5, 2.6
4, 27/01/2019 18:40:00, 131203, 20.5, 15.2, 3.7, 10551.8, 42.2, 0.7, 0.3, 0, 92.4, 39, 56166.8, 259.9, 8, 187.5, 1.6, 3.8
4, 27/01/2019 19:00:00, 131204, 40.5, 35.1, 4.6, 23574.2, 41.3, 0.3, 0.3, 0.1, 156.6, 89.9, 55272.2, 273.2, 10.4, 289.7, 1.6, 3.2
4, 27/01/2019 19:20:00, 131205, 24.1, 20, 3, 7739.8, 44.6, 0.4, 0.2, 0, 133.3, 51.1, 49157.9, 313.3, 9.9, 240.8, 1.7, 1.1
4, 27/01/2019 19:40:00, 131206, 23.8, 18.9, 2.8, 4428.7, 11.3, 0.1, 0.2, 0, 70.9, 48.3, 54982.8, 204.1, 8.9, 248.6, 1.9, 1.2
4, 27/01/2019 20:00:00, 131207, 25.7, 30, 3.5, 38219.1, 10.5, 1.3, 0.3, 0, 135.3, 76.8, 49677, 191.6, 10.9, 290.7, 1.2, 3.7
4, 27/01/2019 20:20:00, 131208, 16.6, 11.1, 2.1, 1692.8, 4.5, 0.2, 0.2, 0, 51.8, 28.5, 46352.2, 261.1, 7.4, 161.5, 1.1, 0.6
4, 27/01/2019 20:40:00, 131209, 17.8, 34.9, 2.7, 4344.9, 19.5, 1.2, 0.2, 0, 1206.4, 89.3, 45294.7, 234.9, 6.3, 164.1, 1.4, 1.5
4, 27/01/2019 21:00:00, 131210, 16, 13.8, 2.8, 22392, 43.2, 2.7, 0.2, 0, 132.1, 35.4, 43956.6, 238.1, 6.1, 155.6, 2, 2
4, 27/01/2019 21:19:59, 131211, 15, 13.8, 3.2, 10095.9, 48.5, 0.2, 0.3, 0, 85.1, 35.4, 48785.8, 338.8, 5.2, 101, 1.3, 2.5
4, 27/01/2019 21:39:59, 131212, 16.1, 13.2, 3.5, 4903, 74.8, 0.3, 0.3, 0, 88.3, 33.7, 57931.5, 263.9, 6.4, 131.8, 1.5, 1.6
4, 27/01/2019 21:59:59, 131213, 17.3, 16.3, 3.8, 22629.7, 39.1, 1, 0.3, 0, 117.7, 41.6, 52552, 263.8, 7.9, 130.7, 2.1, 4.2
4, 27/01/2019 22:19:59, 131214, 14.7, 9.1, 3.3, 4244.2, 82, 0.5, 0.3, 0, 52.4, 23.4, 48021.2, 297.4, 5.7, 124.5, 2.7, 1.4
4, 27/01/2019 22:40:00, 131215, 12.6, 6, 2.1, 4902.7, 86.2, 0.8, 0.2, 0, 39.9, 15.3, 48130.4, 260.5, 3.8, 72.5, 1.1, 0.8
4, 27/01/2019 22:59:59, 131216, 14.1, 8.2, 2.5, 20559.4, 50.6, 0.2, 0.2, 0, 60.7, 21, 47296.6, 289.6, 5.5, 127.1, 2, 1.8
4, 27/01/2019 23:19:59, 131217, 11.7, 6, 2, 349.7, 62.3, 1.3, 0.2, 0, 64.8, 15.3, 45176.3, 296.5, 4.8, 102.1, 2.1, 0.7
4, 27/01/2019 23:39:59, 131218, 10.4, 4.3, 1.7, 2434.3, 41.3, 0, 0.1, 0, 20.5, 11.1, 42768.6, 247.7, 4.1, 54.5, 2.2, 0.5
