HOST, SNAP_ID, TIME, SYS_CPU, SYS_DBTIME, SYS_SYSPCT, SYS_READ, SYS_WRITE, SYS_REDO, SYS_OSWAIT, SYS_RMWAIT, SYS_ACTSESS_MAX, SYS_ACTSESS_AVG, SYS_PGA, SYS_PXRUNS, SYS_PXQCT, SYS_PXSRVT, SYS_UCALLS, SYS_IOWAIT
1, 125211, 01/11/2018 23:59:33, 23.7, 38.7, 8.1, 336.1, 144.7, 25, 0.7, 0, 127.7, 99.2, 10062.4, 228.5, 3.7, 51.6, 74.7, 19.9
1, 125212, 02/11/2018 00:19:33, 25.8, 54.7, 7.3, 5079.3, 125.9, 20.7, 0.6, 6.8, 237.9, 140, 17064.1, 305.9, 9.4, 120.4, 71.1, 21.9
1, 125213, 02/11/2018 00:39:33, 39, 76.7, 10.2, 4901.7, 120.8, 19.4, 0.8, 16.4, 236, 196.2, 11936.1, 239.2, 15.9, 179.4, 75, 20.4
1, 125214, 02/11/2018 00:59:33, 47.9, 84.9, 12.8, 5122, 172.4, 30.6, 1, 6.6, 260.3, 217.3, 13526.6, 794.4, 18.3, 251.9, 89.9, 15.4
1, 125215, 02/11/2018 01:19:33, 45.3, 80.8, 11.5, 2581.5, 161.6, 26.8, 0.9, 1.6, 313.8, 206.8, 15388.9, 651, 13.2, 164.8, 82.8, 11.3
1, 125216, 02/11/2018 01:39:33, 37.3, 56.8, 9.8, 1885.6, 136.4, 17.9, 0.8, 2.3, 215.6, 145.5, 12762.6, 663.6, 11.4, 146.1, 77.1, 9.3
1, 125217, 02/11/2018 01:59:33, 40.7, 48.8, 10.5, 6936.4, 126.5, 29.5, 0.9, 3.3, 174.7, 124.9, 11785.8, 726.4, 8.5, 120.4, 97.1, 9.6
1, 125218, 02/11/2018 02:19:32, 53.8, 61.8, 12.2, 6892.8, 182.9, 29.8, 0.9, 0.6, 245.3, 158.3, 28953.3, 855.3, 12.8, 220, 99.8, 7.2
1, 125219, 02/11/2018 02:39:32, 69, 83.6, 13.9, 6570.2, 138.6, 17.4, 1, 0.3, 259.7, 214, 40204.6, 657, 15.3, 291.1, 98.5, 10.2
1, 125220, 02/11/2018 02:59:32, 57.1, 80.9, 11.7, 3857.7, 173.6, 18.3, 1.1, 0.8, 334.4, 207.2, 48704, 244.8, 15.7, 327.9, 87.8, 9.3
1, 125221, 02/11/2018 03:19:32, 28.9, 39.5, 7.5, 1674.1, 228.8, 28.3, 0.6, 0, 148.1, 101.1, 27096.9, 205.3, 7.2, 145.8, 113.8, 5.9
1, 125222, 02/11/2018 03:39:32, 21, 42.2, 6.5, 248.8, 223.5, 34, 0.6, 0, 155, 108, 23916.7, 208.1, 3, 30.2, 123.9, 24.4
1, 125223, 02/11/2018 03:59:32, 25.3, 33.3, 7.4, 1829.2, 192.2, 35.6, 0.7, 0.7, 167, 85.3, 35781.1, 294.4, 4.3, 72.4, 145.2, 4.1
1, 125224, 02/11/2018 04:19:32, 28.8, 26.6, 8.3, 61.5, 483.2, 37.9, 0.8, 0, 145.4, 68.1, 35638.9, 188.2, 1.9, 14.7, 140.4, 4.1
1, 125225, 02/11/2018 04:39:32, 35.1, 36.8, 8.9, 1517.5, 522.2, 38.7, 0.8, 0.2, 134.3, 94.3, 40982.4, 294.9, 4.1, 62.8, 140.2, 3.7
1, 125226, 02/11/2018 04:59:32, 28.5, 44.7, 7.9, 1143, 280.9, 32.8, 0.7, 1, 214.2, 114.5, 41838.2, 250.6, 3.3, 49.5, 118.4, 3.7
1, 125227, 02/11/2018 05:19:32, 26.8, 33.2, 8.1, 613.3, 197.2, 35.9, 0.7, 0, 153.6, 84.9, 9781.7, 219.3, 2.3, 32.3, 142.1, 4.1
1, 125228, 02/11/2018 05:39:32, 35.5, 37.3, 10, 1566.3, 274.2, 52.4, 0.9, 0.7, 178.6, 95.5, 10392.1, 329.6, 3, 47.6, 173.6, 4.2
1, 125229, 02/11/2018 05:59:32, 41.8, 43.6, 10.1, 754, 264, 40.1, 0.8, 0, 145.3, 111.5, 11810.5, 164.2, 2.7, 58.5, 133, 5.5
1, 125230, 02/11/2018 06:19:32, 26.2, 33.2, 8.1, 1830.8, 234.4, 41.1, 0.7, 0.2, 142.3, 85, 13806.9, 281, 2.8, 45.6, 145.7, 3.3
1, 125231, 02/11/2018 06:39:32, 24.6, 36.3, 7.6, 215.4, 216.2, 36.3, 0.7, 0, 246, 92.8, 9672.1, 192.4, 1.4, 13.8, 134.9, 3.6
1, 125232, 02/11/2018 06:59:32, 39.9, 55.2, 11, 1573.6, 270.8, 48, 0.9, 0.1, 250.5, 141.4, 13851.8, 279.8, 3.1, 57.1, 146.5, 5.6
1, 125233, 02/11/2018 07:19:32, 44.2, 50.1, 11.9, 485.4, 349.5, 64.6, 1, 0, 243.9, 128.2, 9690.6, 154.9, 2.2, 28.8, 156.1, 5.5
1, 125234, 02/11/2018 07:40:31, 59.5, 64.4, 15.2, 1269, 374.8, 77.7, 1.3, 0.3, 291, 164.9, 12710.8, 286.5, 2.8, 45, 165.7, 6.2
1, 125235, 02/11/2018 07:59:31, 49.3, 49.5, 13.4, 5829.7, 421, 82.9, 1.2, 0, 187.9, 126.8, 10915.5, 198.3, 2.9, 54.2, 196.4, 6
1, 125236, 02/11/2018 08:19:31, 33.8, 52.3, 9.8, 1089.2, 319.9, 63.8, 0.9, 0.1, 273, 133.8, 15686.4, 251.6, 2.7, 40.5, 178.4, 3.4
1, 125237, 02/11/2018 08:39:32, 29.6, 31.8, 9.7, 439.8, 299.4, 56.5, 0.8, 0, 125.9, 81.4, 9763.6, 246.1, 1.4, 11.4, 176.4, 4.2
1, 125238, 02/11/2018 08:59:31, 29, 34.7, 8.7, 8887.1, 256.7, 58, 0.8, 0, 170.3, 88.9, 9940.1, 165, 1.1, 2.1, 173.6, 5.5
1, 125239, 02/11/2018 09:19:31, 38.7, 45.1, 11.1, 8805, 319.6, 64, 0.9, 0.5, 258.9, 115.5, 14470.5, 273.9, 3.2, 61.2, 191.2, 5.3
1, 125240, 02/11/2018 09:39:31, 32.3, 42.6, 10.3, 331, 309.8, 54.3, 0.9, 0, 210.1, 109.1, 19244.3, 195.4, 2, 26.1, 171.1, 11.4
1, 125241, 02/11/2018 10:00:31, 56.4, 62.1, 13.5, 4129.7, 332.8, 63.1, 1.1, 0.3, 264.4, 159.1, 26663.4, 280.1, 4.9, 111.5, 183.3, 6.1
1, 125242, 02/11/2018 10:19:31, 48.7, 65, 13.2, 4756.2, 383.3, 73.3, 1.1, 0, 256.9, 166.3, 14141.2, 189.4, 5, 127.1, 212.2, 7
1, 125243, 02/11/2018 10:39:31, 35.7, 47.8, 10.2, 288.6, 451, 76.4, 0.9, 0, 232, 122.3, 10913, 203.6, 1.9, 26.6, 195.6, 5.1
1, 125244, 02/11/2018 10:59:31, 43.5, 53.7, 12, 2422.2, 349.7, 66.4, 1.1, 1.2, 243.9, 137.5, 12949.7, 238.5, 4.1, 90.3, 183.1, 6.9
1, 125245, 02/11/2018 11:20:30, 33.5, 37.8, 10.3, 511.5, 417.2, 77, 0.9, 0, 170, 96.7, 11556.1, 178.2, 2.8, 39.6, 226.4, 4.4
1, 125246, 02/11/2018 11:40:30, 30, 38.5, 8.9, 107.9, 306.2, 66.6, 0.8, 0, 261.3, 98.5, 9795.5, 191.8, 1.7, 12.9, 191.1, 4.8
1, 125247, 02/11/2018 11:59:31, 51.5, 76.6, 15.6, 1516.3, 324.7, 69.3, 1.2, 0, 336, 196, 29264.4, 232, 9.7, 228.8, 174, 12.2
1, 125248, 02/11/2018 12:19:30, 51.3, 66.8, 15.9, 322.6, 346.4, 65.7, 1.3, 0, 272.5, 171, 23236.8, 194.6, 7, 143.9, 160.6, 17.2
1, 125249, 02/11/2018 12:39:30, 44, 58.1, 14, 268.6, 329, 66.2, 1.1, 0, 293.4, 148.7, 43738.1, 203.6, 5.9, 127, 181.1, 13
1, 125250, 02/11/2018 12:59:31, 52.2, 69, 15.7, 558.5, 403.7, 75.1, 1.2, 0, 285.9, 176.6, 46429.7, 185.9, 8.5, 182.4, 185.4, 14.6
1, 125251, 02/11/2018 13:19:30, 55.5, 60.4, 16.2, 756, 393.4, 80.7, 1.3, 0, 285.7, 154.6, 45946.4, 190.2, 8.2, 172.1, 184.8, 12.9
1, 125252, 02/11/2018 13:39:30, 46.8, 54.1, 15, 361.2, 384.4, 77.1, 1.3, 0, 266.8, 138.6, 45966.5, 188.2, 8.2, 154, 170.4, 15.2
1, 125253, 02/11/2018 13:59:30, 43.6, 48.9, 13.2, 644.6, 427.4, 88.3, 1.1, 0, 280, 125.2, 15649.2, 191.9, 8.9, 163.1, 204.4, 10.9
1, 125254, 02/11/2018 14:19:30, 30.2, 40.3, 9.1, 76, 384.6, 87.3, 0.8, 0, 213.1, 103.2, 12011.3, 206.8, 5.8, 109.7, 180.4, 7
1, 125255, 02/11/2018 14:39:30, 30.1, 36, 9.8, 153.8, 369.5, 72.1, 0.9, 0, 132.1, 92.2, 18684.2, 224.5, 4.1, 83.9, 161.4, 10.5
1, 125256, 02/11/2018 14:59:30, 40.1, 44.6, 11.5, 937.4, 412.9, 73.2, 1, 0, 140.4, 114.3, 21163.2, 178.5, 6.2, 121.1, 200.6, 10.1
1, 125257, 02/11/2018 15:19:30, 31.8, 42.4, 10.1, 268, 379.2, 74.4, 0.9, 0, 252.9, 108.5, 17035.9, 183.8, 4.5, 66.1, 215.2, 7.5
1, 125258, 02/11/2018 15:39:30, 34.7, 47, 10.1, 1417.5, 366.9, 67, 0.9, 0, 271, 120.4, 14786.9, 208.4, 5.7, 100.8, 172.7, 11.7
1, 125259, 02/11/2018 15:59:30, 31.4, 45.8, 8.9, 441.3, 312.6, 69.5, 0.8, 0, 252.1, 117.3, 10314.7, 208.9, 4.3, 74.3, 181.4, 7.2
1, 125260, 02/11/2018 16:19:30, 34.5, 35.4, 10.7, 910.7, 336.1, 65.2, 0.9, 0, 191.5, 90.5, 17290.1, 191.1, 4, 66.2, 163.4, 6.6
1, 125261, 02/11/2018 16:39:30, 34.1, 47.5, 9.8, 826.5, 298.5, 65, 0.9, 0, 276.7, 121.6, 11304.6, 205.3, 5.4, 99.9, 155.1, 5.7
1, 125262, 02/11/2018 16:59:30, 31.4, 49, 8.7, 228.7, 318.8, 68.6, 0.8, 0, 238.6, 125.5, 10242.9, 176.1, 3.9, 57.4, 163.4, 4.4
1, 125263, 02/11/2018 17:19:30, 29.4, 28.3, 9.4, 397.1, 338.2, 66.4, 0.8, 0, 116.1, 72.4, 10149, 182.8, 2.9, 41.6, 161.4, 4
1, 125264, 02/11/2018 17:39:29, 29.5, 31.3, 9.2, 510.5, 1316.3, 59.3, 0.8, 0, 139.9, 80.2, 10064.3, 195.1, 2.8, 39.2, 168.3, 5.6
1, 125265, 02/11/2018 17:59:29, 29.9, 33.9, 9.3, 184.7, 994.9, 59.5, 0.8, 0, 148.4, 86.8, 10019.4, 187.9, 3, 40.7, 149.3, 9.3
1, 125266, 02/11/2018 18:19:30, 29.3, 31.4, 9.8, 192.3, 326, 60.9, 0.9, 0, 127.9, 80.5, 10070.6, 184, 3, 40.8, 166.9, 7.9
1, 125267, 02/11/2018 18:39:29, 26.7, 38.5, 8.9, 412.7, 308.4, 57.9, 0.8, 0, 222.9, 98.5, 10190.6, 192.4, 2.8, 39.6, 152.5, 7.8
1, 125268, 02/11/2018 19:00:29, 38.5, 52.4, 10.5, 869, 455.4, 56.6, 0.9, 0, 152.6, 134.1, 72938.6, 192.9, 6.2, 113.5, 134.2, 22
1, 125269, 02/11/2018 19:19:29, 42.3, 54.9, 11.5, 1018, 493.1, 49.5, 0.9, 0, 267.2, 140.6, 33602.4, 203.7, 7.4, 135.9, 143.3, 12.4
1, 125270, 02/11/2018 19:39:29, 28.6, 33.4, 9, 546.7, 276.3, 43.6, 0.8, 0, 129, 85.5, 9917.2, 189.7, 4.1, 74, 151.4, 9.8
1, 125271, 02/11/2018 19:59:29, 23.9, 28.5, 7.8, 614.1, 223.6, 41, 0.8, 0, 170.3, 73, 10046.7, 165.6, 3, 40.8, 170.3, 7.8
1, 125272, 02/11/2018 20:20:29, 23.8, 20, 7.2, 203.1, 199.5, 43.5, 0.7, 0, 69.9, 51.1, 9958.1, 204.4, 2.9, 40.3, 167.5, 3.1
1, 125273, 02/11/2018 20:39:29, 20.3, 18.4, 6.9, 684.2, 173.5, 30.4, 0.6, 0, 62.2, 47.2, 9949.4, 207.3, 3, 41.2, 135.8, 6.2
1, 125274, 02/11/2018 20:59:28, 13.2, 25, 4.5, 243.2, 102.9, 21.4, 0.4, 0, 102, 63.9, 9919.1, 174.1, 3, 40.8, 97.4, 16.4
1, 125275, 02/11/2018 21:19:29, 15.1, 25.2, 5.6, 709.1, 115.5, 16.6, 0.5, 0, 117.6, 64.4, 10061.7, 194.1, 3, 41.4, 91, 13.1
1, 125276, 02/11/2018 21:39:29, 12.8, 22.9, 4.9, 272.5, 102.6, 14.7, 0.5, 0, 79.8, 58.7, 9931.8, 197.6, 2.9, 40.3, 61.3, 13.9
1, 125277, 02/11/2018 21:59:28, 10.3, 22.8, 3.7, 722.1, 87.6, 10.9, 0.3, 0, 75.5, 58.3, 9978.6, 161.3, 3, 41.3, 53, 16.7
1, 125278, 02/11/2018 22:19:28, 15.1, 14.6, 4.9, 450.2, 106.8, 23.4, 0.5, 0, 102.7, 37.3, 10022.1, 193, 3, 40.8, 141.7, 3.4
1, 125279, 02/11/2018 22:39:29, 15.4, 13, 5, 528.4, 125.2, 24.6, 0.5, 0, 50.7, 33.4, 9987.3, 213.1, 3, 39.7, 145.5, 2.9
1, 125280, 02/11/2018 22:59:28, 18.3, 39.5, 5.8, 329.4, 122.3, 27.7, 0.5, 0, 299.9, 101.1, 14722.6, 210.8, 2.8, 64.5, 131.6, 3.4
1, 125281, 02/11/2018 23:19:28, 35.6, 38.3, 10.7, 1033.5, 202.7, 41.2, 0.9, 0, 170.3, 98, 31533, 184.4, 4.5, 125.6, 192.7, 5.4
1, 125282, 02/11/2018 23:39:28, 29.7, 31.2, 8.1, 627.2, 220.9, 30.6, 0.7, 0, 105.9, 79.9, 23341.1, 193.5, 6, 127.9, 169.1, 3.8
2, 125211, 01/11/2018 23:59:50, 30, 31.6, 11.2, 1138.8, 290.3, 15.6, 0.9, 0, 115.2, 80.8, 27709.6, 314.1, 6.2, 131.5, 85.8, 9.2
2, 125212, 02/11/2018 00:19:50, 33.5, 45.4, 11.1, 17128.5, 256.3, 17.1, 1, 5.4, 212.2, 116.1, 31191.2, 421.2, 11.1, 188.4, 92.7, 10.4
2, 125213, 02/11/2018 00:39:50, 48.8, 76.3, 15.9, 3148.2, 291.9, 28.9, 1.2, 2, 232.1, 195.4, 30548.7, 379.9, 19.8, 233.2, 118.9, 19.5
2, 125214, 02/11/2018 00:59:49, 49.1, 67.2, 14.8, 822.4, 334.2, 38.2, 1.2, 0.8, 206.7, 172, 31537.3, 312.3, 18.4, 221.7, 145.7, 19.1
2, 125215, 02/11/2018 01:19:50, 51.8, 82.2, 13.7, 32658.7, 292.5, 29.1, 2.2, 0.9, 276.5, 210.5, 43651.2, 592, 16.6, 253.8, 104.2, 14.4
2, 125216, 02/11/2018 01:39:49, 82.7, 95.9, 17.4, 66366.2, 268.7, 24, 4.6, 0.5, 313.5, 245.6, 40292.1, 421.1, 21.3, 427.1, 102.2, 7.9
2, 125217, 02/11/2018 01:59:50, 54.7, 48.1, 14.1, 42628.3, 288.4, 19.7, 1.1, 0.5, 180.3, 123, 27030.2, 370.1, 12.6, 201.3, 100.3, 5.7
2, 125218, 02/11/2018 02:19:49, 42.6, 38.8, 13.7, 1437.5, 324, 30.7, 1.1, 0, 158, 99.2, 27382.7, 476.8, 8.8, 134.5, 160.8, 4.1
2, 125219, 02/11/2018 02:39:49, 50, 38.8, 15.9, 419.5, 359.6, 44.3, 1.4, 0, 179.2, 99.3, 26628.8, 333.8, 5.4, 84.1, 270.2, 3.8
2, 125220, 02/11/2018 02:59:49, 44.3, 42.7, 14.4, 1648.3, 331.3, 35.8, 1.2, 0.2, 175.3, 109.4, 10865, 332.6, 5.4, 94.9, 216, 3.1
2, 125221, 02/11/2018 03:19:49, 38.9, 33.4, 13.4, 451.3, 343.4, 34, 1.2, 0, 139.9, 85.4, 10777, 387.1, 4.8, 81.1, 197.6, 3.1
2, 125222, 02/11/2018 03:39:49, 27.9, 21.1, 10.9, 99.2, 330.2, 26.3, 1, 0, 79.3, 54.1, 8684.8, 330.3, 2.1, 49.1, 151.1, 8
2, 125223, 02/11/2018 03:59:49, 28, 26.3, 10.2, 707.6, 309.8, 18.9, 0.9, 0, 117.8, 67.2, 41456.1, 259.8, 3.8, 84.1, 95.1, 3
2, 125224, 02/11/2018 04:20:49, 31, 16.9, 9.7, 321.6, 577.4, 16.3, 0.8, 0, 77.7, 43.3, 36508.2, 395, 2.5, 65.9, 72.2, 3.2
2, 125225, 02/11/2018 04:39:49, 27.8, 16.8, 8.4, 960.9, 551.7, 16, 0.7, 0, 116, 43, 36677, 365.7, 3.1, 74.7, 73.9, 1.8
2, 125226, 02/11/2018 04:59:49, 21.3, 23.1, 8.3, 346.4, 281.3, 17.8, 0.7, 0, 146.5, 59.2, 40414.1, 285.5, 2.4, 55.6, 92.2, 2.2
2, 125227, 02/11/2018 05:19:49, 25.3, 45.2, 9, 755.5, 295.3, 16.7, 0.8, 0, 1285.5, 115.7, 9908.2, 412.2, 3.2, 81.9, 65.9, 2.8
2, 125228, 02/11/2018 05:39:49, 25.3, 17.2, 9.4, 744.6, 299.8, 18.6, 0.8, 0, 81.4, 44.1, 13667.3, 329.3, 3, 73.1, 77, 2.5
2, 125229, 02/11/2018 05:59:49, 29.1, 18.3, 10.7, 463.2, 355.1, 22.2, 0.9, 0, 73.8, 46.9, 13841.3, 270.4, 2.5, 63.6, 95, 3.4
2, 125230, 02/11/2018 06:19:49, 24, 20.8, 9.1, 556.9, 292.7, 20.1, 0.8, 0, 100.4, 53.4, 9570.8, 382.3, 2.9, 69.3, 75.5, 2.5
2, 125231, 02/11/2018 06:39:49, 23.9, 22, 9.6, 170.2, 325.9, 23.9, 0.9, 0, 150.9, 56.4, 10505.7, 313.5, 2, 49.3, 84.7, 2.6
2, 125232, 02/11/2018 06:59:48, 32.6, 36.8, 10.6, 957, 463.4, 25.6, 0.9, 0, 175.4, 94.2, 11376.9, 286.4, 4.1, 105.2, 82.8, 3.2
2, 125233, 02/11/2018 07:19:49, 28, 25.8, 10.1, 373.2, 358.1, 26.8, 0.9, 0, 134.4, 66, 10494.3, 382.3, 2.5, 60.5, 89.4, 2.7
2, 125234, 02/11/2018 07:40:49, 33.1, 37.3, 11.5, 1076.4, 362.8, 29.7, 1, 0, 191.8, 95.5, 13053.3, 354.4, 2.9, 77.8, 92.9, 2.8
2, 125235, 02/11/2018 07:59:48, 39.3, 38.5, 13.3, 272.3, 376.4, 42.1, 1.1, 0, 121.2, 98.6, 8734.4, 258.6, 1.9, 58.7, 158.9, 3.9
2, 125236, 02/11/2018 08:19:49, 38.6, 50.3, 12.7, 5858.5, 369.6, 46.8, 1.1, 0, 220.6, 128.9, 13871, 402.6, 2.6, 64, 168.7, 3.3
2, 125237, 02/11/2018 08:39:48, 46.2, 52.4, 14.5, 640.4, 407.7, 49.1, 1.2, 0, 185.2, 134.2, 13529, 341.3, 3.5, 87.5, 158.9, 4.9
2, 125238, 02/11/2018 08:59:48, 41.5, 44.8, 13.9, 211.5, 441.4, 53.3, 1.2, 0, 166.9, 114.6, 12206.4, 271, 2.2, 53.9, 164, 4.5
2, 125239, 02/11/2018 09:19:48, 41.2, 47.2, 14, 430.5, 418.1, 53.2, 1.2, 0, 195.4, 120.8, 11481.2, 412.1, 3, 69.3, 146.3, 3.7
2, 125240, 02/11/2018 09:39:48, 39.3, 45.4, 13.5, 227.2, 422.1, 51.8, 1.1, 0, 199.1, 116.1, 9698.1, 327, 2.1, 51.3, 150, 4.2
2, 125241, 02/11/2018 10:00:48, 45.7, 50.3, 14.4, 377.5, 485.8, 56.2, 1.2, 0, 218.4, 128.9, 18365.2, 285.6, 2.9, 75.3, 155.5, 4.3
2, 125242, 02/11/2018 10:19:48, 46.8, 59.9, 14.3, 1215.4, 444.8, 54.6, 1.2, 0, 225.6, 153.2, 11842.3, 390.7, 3.7, 97.1, 145, 5.2
2, 125243, 02/11/2018 10:39:48, 43.3, 52.7, 13.7, 270.8, 417.8, 57.1, 1.2, 0, 217, 134.9, 10445.2, 323.2, 2.3, 58.7, 156.4, 3.8
2, 125244, 02/11/2018 10:59:48, 45.5, 49, 14.6, 562.7, 433.8, 61.2, 1.2, 0, 218.2, 125.5, 13874, 270.7, 2.6, 65.9, 190.9, 4.9
2, 125245, 02/11/2018 11:19:48, 45.8, 47.7, 14.9, 835.3, 421.7, 62.3, 1.3, 0, 177.5, 122.1, 12242.3, 380.9, 1.5, 44.6, 195, 3.7
2, 125246, 02/11/2018 11:40:48, 45.9, 47, 15.1, 121.9, 422.1, 66.1, 1.3, 0, 230.1, 120.3, 8187, 338.7, 0.2, 6.1, 216.8, 3.7
2, 125247, 02/11/2018 11:59:48, 56.1, 68, 16.8, 1790.9, 429.5, 66.5, 1.4, 0.7, 245.7, 174.2, 14351.9, 381.4, 4.3, 100.4, 214.3, 5.2
2, 125248, 02/11/2018 12:19:48, 50.7, 62.1, 15.8, 498, 425.1, 62.9, 1.3, 0, 237.3, 158.9, 14212.1, 508.2, 3.2, 72.4, 188.4, 5.2
2, 125249, 02/11/2018 12:39:48, 47.9, 51.5, 15.2, 155.5, 426, 64.5, 1.3, 0, 167.6, 131.9, 8423.7, 341.3, 2, 33.1, 207.9, 3.3
2, 125250, 02/11/2018 12:59:48, 52.2, 63.8, 16, 1849.6, 411.9, 63, 1.3, 1.7, 259.5, 163.4, 11092.2, 422.6, 3.5, 80.7, 184.3, 4.8
2, 125251, 02/11/2018 13:19:47, 45.4, 47.2, 15, 263.8, 431.2, 64.5, 1.3, 0, 191, 120.9, 9512.4, 402.3, 1.9, 39, 192, 3.8
2, 125252, 02/11/2018 13:39:47, 45.9, 47.9, 15, 142.1, 425.5, 64.9, 1.3, 0, 234.8, 122.5, 8627, 313.2, 1.7, 28.2, 190.2, 3.5
2, 125253, 02/11/2018 13:59:47, 56.7, 62.2, 17, 1732.8, 431.1, 66.6, 1.4, 1.4, 213.4, 159.2, 13884.1, 384.7, 3.5, 88.6, 199.2, 4.9
2, 125254, 02/11/2018 14:19:47, 52.1, 57.2, 16, 517.5, 458.6, 68, 1.3, 0, 215.9, 146.4, 9423.8, 402.4, 2.6, 60.2, 201.7, 5
2, 125255, 02/11/2018 14:39:47, 51.4, 53.9, 15.8, 1173.2, 433.2, 68.4, 1.3, 0.9, 240.3, 138, 16970.2, 399.9, 2.6, 54.9, 199.8, 4.2
2, 125256, 02/11/2018 14:59:47, 50, 49, 16.1, 914.7, 439.9, 69.1, 1.4, 0, 171.4, 125.4, 9325.4, 324.3, 2.4, 50.9, 202.7, 4.7
2, 125257, 02/11/2018 15:19:47, 44.6, 50.7, 14.4, 163.9, 435.5, 65.5, 1.2, 0, 230.4, 129.7, 10153.5, 417.7, 1.2, 21.2, 189.5, 4.5
2, 125258, 02/11/2018 15:39:47, 52, 60, 15.9, 1452.4, 419, 65.2, 1.3, 1.1, 249.5, 153.5, 10259.9, 441.5, 3, 76, 185.4, 7.2
2, 125259, 02/11/2018 15:59:47, 44.8, 54.8, 14.8, 189.9, 436.9, 65.9, 1.3, 0, 213.4, 140.2, 10929, 292.1, 2, 35.8, 194, 5
2, 125260, 02/11/2018 16:19:47, 46.5, 44.3, 15.3, 954.6, 444.7, 65.5, 1.3, 0, 149.2, 113.4, 10900.3, 487.7, 1.5, 30.8, 186.9, 4.6
2, 125261, 02/11/2018 16:39:46, 48.1, 53.2, 15.4, 799.7, 419.7, 65.3, 1.3, 0, 269.9, 136.2, 12482.4, 363.4, 2.4, 76.5, 188.9, 4.3
2, 125262, 02/11/2018 16:59:47, 45.2, 57, 14.1, 317.4, 406.7, 63.9, 1.1, 0, 278.7, 145.8, 9137, 298.8, 3.5, 45.3, 180.4, 3.6
2, 125263, 02/11/2018 17:19:46, 42.1, 31.9, 13.9, 79.5, 431.3, 65.4, 1.2, 0, 104.5, 81.7, 8669.1, 404.4, 2, 32.4, 168.3, 2.6
2, 125264, 02/11/2018 17:39:46, 33.8, 24.7, 12.8, 44.2, 435, 58.3, 1.1, 0, 116, 63.3, 8666.3, 314.2, 0.4, 6.6, 153.1, 3.3
2, 125265, 02/11/2018 17:59:46, 32.2, 21.7, 12.5, 35.7, 441.1, 57.6, 1.1, 0, 88.6, 55.6, 9184.4, 272.2, 0.3, 5, 141.8, 3.4
2, 125266, 02/11/2018 18:19:46, 28, 17.3, 11.3, 60.5, 1100.9, 48.1, 1, 0, 70.7, 44.3, 8556, 409.4, 0.2, 1.2, 116.5, 2.8
2, 125267, 02/11/2018 18:39:46, 26.5, 25.9, 10.8, 34.3, 926.5, 48.7, 1, 0, 166, 66.2, 8575.6, 307.5, 0.2, 1.2, 111.7, 4.1
2, 125268, 02/11/2018 18:59:47, 27.5, 25.5, 11.2, 7486.5, 608.1, 46.7, 1, 0, 81.8, 65.2, 13391.1, 279.8, 1, 30, 105.7, 8.2
2, 125269, 02/11/2018 19:19:46, 32.7, 31.5, 11.7, 1658.5, 801, 40.7, 1, 0.5, 198.2, 80.6, 15149.2, 510.3, 3.2, 89.2, 103.6, 4
2, 125270, 02/11/2018 19:39:46, 26.9, 17, 10.5, 345.9, 458, 32.3, 0.9, 0, 92.1, 43.5, 14857, 345.9, 2.9, 72.2, 85.9, 3.2
2, 125271, 02/11/2018 19:59:46, 24.2, 17, 9.7, 92.9, 327, 30.9, 0.9, 0, 135.8, 43.6, 13413.3, 273.5, 1.9, 46.7, 89.9, 2.7
2, 125272, 02/11/2018 20:19:46, 18.1, 9.8, 7.7, 26.4, 249.3, 25.5, 0.7, 0, 35.4, 25.2, 13411.4, 392.9, 1, 33.1, 79.7, 2
2, 125273, 02/11/2018 20:39:46, 13.8, 7.7, 5.9, 24.6, 181, 18.1, 0.6, 0, 30.9, 19.8, 13578.8, 312, 1, 33, 73.6, 2.1
2, 125274, 02/11/2018 20:59:46, 22.5, 17.2, 8.1, 217.3, 316.2, 14.2, 0.7, 0, 62.5, 43.9, 32210.4, 265.7, 2, 65, 75, 5.7
2, 125275, 02/11/2018 21:19:46, 23.5, 13.8, 9.7, 89.9, 316.4, 16.8, 0.8, 0, 78.4, 35.2, 18396.1, 386.9, 2, 65.1, 102.5, 2
2, 125276, 02/11/2018 21:39:46, 13.9, 10.2, 5.3, 34.5, 126.3, 9.4, 0.5, 0, 67.9, 26.2, 18399.4, 334.2, 2.1, 65.4, 44.1, 3.8
2, 125277, 02/11/2018 21:59:45, 12.3, 10.9, 4.8, 28.5, 128.1, 8.6, 0.5, 0, 72.5, 28, 17250.2, 276.9, 2, 65, 45.3, 4.9
2, 125278, 02/11/2018 22:19:46, 9.8, 7.1, 3.4, 21, 83.6, 8.7, 0.3, 0, 66.5, 18.1, 17060.2, 412.3, 2, 65, 36, 1.1
2, 125279, 02/11/2018 22:39:46, 8.2, 4.6, 2.9, 20.5, 76.5, 8.2, 0.3, 0, 21.2, 11.8, 15934.4, 315.1, 2, 65, 32.9, 0.8
2, 125280, 02/11/2018 22:59:46, 9.3, 14.6, 3.5, 22.2, 75.6, 7.8, 0.3, 0, 125.7, 37.4, 15936.9, 268, 2.1, 65.3, 44.2, 0.9
2, 125281, 02/11/2018 23:19:45, 27.9, 24.2, 9.5, 506.5, 225.1, 16.1, 0.8, 0.4, 177.7, 62.1, 38908.2, 396.2, 5.3, 121.9, 93.9, 3.1
2, 125282, 02/11/2018 23:39:46, 35.7, 32.3, 10.3, 1156.7, 415.1, 20.7, 0.8, 0.5, 131.6, 82.8, 28338.1, 296.5, 9.5, 205, 59.7, 5.1
3, 125211, 01/11/2018 23:59:59, 26.4, 37.8, 7.4, 19044.6, 14.6, 0.8, 0.5, 0, 208.2, 96.8, 33888.3, 384.6, 20.4, 283.2, 3.2, 6.6
3, 125212, 02/11/2018 00:19:59, 32.8, 101.7, 7.5, 10826.1, 47.5, 1.8, 0.6, 0.2, 365, 260.3, 68108.5, 547.5, 59.2, 478.9, 3.5, 5.3
3, 125213, 02/11/2018 00:39:58, 45.7, 110, 9.8, 3698.2, 114.3, 0.5, 0.7, 0.1, 320.8, 281.6, 65490.7, 175.2, 61, 524.1, 3.3, 6
3, 125214, 02/11/2018 00:59:58, 42.5, 107.4, 8.7, 7813.4, 106, 0.8, 0.6, 0.1, 315.3, 275, 79235.3, 220.2, 61.9, 611.8, 3.1, 7.7
3, 125215, 02/11/2018 01:19:58, 39.6, 84.8, 7.3, 11490.2, 102.4, 0.6, 0.5, 0, 256.4, 217.2, 74859.6, 333.1, 49.5, 521.1, 2.8, 5.8
3, 125216, 02/11/2018 01:39:58, 40.3, 53.1, 7.5, 7927.3, 116.9, 0.4, 0.5, 0, 189.5, 135.8, 39443.6, 335.2, 28.8, 364.8, 5.3, 5.9
3, 125217, 02/11/2018 01:59:58, 47.8, 51.9, 11.6, 17458.8, 252.9, 4.7, 0.8, 0, 228.5, 132.8, 36700.4, 276.7, 25.7, 476.8, 4.8, 10.7
3, 125218, 02/11/2018 02:19:58, 25.3, 26.8, 6.5, 4227.4, 193.2, 1.6, 0.5, 0, 141.4, 68.7, 30066.9, 265.1, 20.1, 324.5, 6.2, 5.7
3, 125219, 02/11/2018 02:39:58, 15.3, 15.6, 3.8, 8390.2, 157.3, 4.5, 0.3, 0, 59.1, 40, 23588.1, 240.9, 18.3, 280.3, 10.5, 3.3
3, 125220, 02/11/2018 02:59:58, 51.5, 63.3, 9.8, 16939.9, 459.1, 5.6, 1.1, 1, 293.8, 161.9, 48694.1, 262.7, 29.1, 595.8, 7.2, 9.7
3, 125221, 02/11/2018 03:19:58, 34.2, 42.2, 6.8, 37270, 83.7, 2, 0.5, 0.1, 163.4, 108.1, 55709.8, 377.5, 21.4, 521.9, 6.6, 5.5
3, 125222, 02/11/2018 03:39:57, 24, 59.5, 5.4, 95618.9, 138.7, 19.1, 0.4, 0, 223.8, 152.3, 74862.2, 288.1, 24, 598.9, 7.2, 39.7
3, 125223, 02/11/2018 03:59:58, 37.7, 61.2, 8.2, 38553.8, 353.3, 22.7, 0.5, 0, 611.1, 156.7, 81381.7, 3145.1, 30, 666, 7.5, 7.2
3, 125224, 02/11/2018 04:19:57, 43.1, 33.5, 7.6, 7495.1, 613.8, 18.3, 0.5, 0, 156.2, 85.7, 68778.6, 5730.8, 24.8, 512.1, 7, 3.9
3, 125225, 02/11/2018 04:39:58, 59.4, 65.8, 9.3, 9002.8, 456, 7.1, 2.4, 3.6, 390.1, 168.4, 82823.4, 5064, 27.6, 656.2, 5, 4.1
3, 125226, 02/11/2018 04:59:58, 64.1, 85, 11.9, 23269.2, 475.5, 7.4, 0.9, 0.3, 304.4, 217.7, 125806.3, 1329.2, 33.9, 789.2, 6.4, 8.1
3, 125227, 02/11/2018 05:19:58, 45.3, 44.3, 9.4, 5063, 396.7, 15.1, 0.6, 0, 168.2, 113.3, 78524.3, 7547.3, 26.5, 577.7, 7.1, 3.8
3, 125228, 02/11/2018 05:39:58, 33.9, 33.5, 7.6, 5077.6, 208.1, 15.8, 0.6, 0, 115.1, 85.8, 72416.4, 437.6, 25.2, 477.9, 6, 3.8
3, 125229, 02/11/2018 05:59:58, 45.3, 46.4, 9.1, 18839.5, 206.7, 13.4, 0.6, 0, 162.4, 118.8, 66793.9, 297.1, 23.2, 526.2, 4.6, 9.4
3, 125230, 02/11/2018 06:19:57, 30.2, 32.3, 7.8, 3578, 434.3, 21.5, 0.5, 0, 131.6, 82.6, 79135.1, 330.3, 22.6, 477, 5.2, 6.1
3, 125231, 02/11/2018 06:39:57, 20.2, 20.8, 5.3, 4123.8, 238.8, 16.1, 0.4, 0, 103.5, 53.2, 49932.5, 233.9, 17.9, 403.1, 6.4, 3.8
3, 125232, 02/11/2018 06:59:57, 30.6, 35.2, 6.1, 25899.8, 328.1, 7.7, 0.5, 0, 121, 90.2, 57196.8, 224.3, 18.1, 452.6, 5.2, 4.4
3, 125233, 02/11/2018 07:19:57, 31.9, 37.7, 7.1, 6014.2, 191.3, 13.8, 0.6, 0.3, 191.2, 96.5, 58384.7, 463.1, 19.4, 433.2, 5.7, 4.8
3, 125234, 02/11/2018 07:39:57, 23.6, 26.8, 4.7, 4795, 298.1, 22.3, 0.3, 0.2, 100.7, 68.7, 38764.1, 471.8, 18.8, 384.5, 6.7, 1.7
3, 125235, 02/11/2018 07:59:57, 44.8, 53.6, 7.4, 17991, 442.4, 21, 0.8, 0.3, 239.3, 137.1, 66089.8, 352.2, 25.9, 529.6, 5.8, 5.1
3, 125236, 02/11/2018 08:19:56, 45.7, 72.6, 7.8, 19538, 399.5, 22.1, 0.7, 0.9, 334.6, 185.8, 122558.2, 361.2, 29.8, 923.8, 6.4, 4.1
3, 125237, 02/11/2018 08:39:57, 52.9, 59.9, 9.5, 18524, 647.5, 45.6, 0.7, 0.7, 194.4, 153.4, 38742.3, 402.5, 33.4, 1073.4, 3.5, 6.4
3, 125238, 02/11/2018 08:59:56, 55, 64.2, 10.4, 8091.2, 291.7, 11.6, 0.7, 0.2, 231.1, 164.3, 81747.3, 367.3, 33.2, 901.4, 2.6, 10.6
3, 125239, 02/11/2018 09:20:02, 61.5, 69, 13.2, 7307.3, 503.1, 14.2, 2.5, 2.7, 302.2, 176.7, 39606.2, 349.3, 31.3, 940.6, 5.7, 6.9
3, 125240, 02/11/2018 09:40:05, 42.6, 43.1, 8.3, 11862.4, 444.9, 15.7, 0.5, 0, 178.4, 110.3, 44840.5, 213.5, 27.4, 911.8, 5.1, 4.1
3, 125241, 02/11/2018 10:00:16, 43.1, 44, 7.7, 18400.8, 426.1, 18.5, 0.5, 0, 174.9, 112.7, 71829.5, 236, 23.4, 733.8, 2.2, 4.5
3, 125242, 02/11/2018 10:20:17, 40.5, 52.3, 6.6, 2325.9, 269.5, 17.1, 0.9, 4.3, 278, 133.8, 54898.2, 244.4, 26.2, 962.7, 3, 3.2
3, 125243, 02/11/2018 10:39:17, 25.5, 25.2, 4.7, 3424, 231.5, 10.5, 0.4, 0, 95.5, 64.6, 49954.3, 287.3, 19.9, 598.4, 2.7, 1.9
3, 125244, 02/11/2018 10:59:16, 35.9, 37, 6.3, 25861.6, 314.3, 16.5, 0.5, 0, 142.9, 94.8, 64153.4, 227.4, 20.7, 611.7, 2.1, 4.7
3, 125245, 02/11/2018 11:20:16, 33.3, 39.7, 6.8, 11658.3, 330.4, 7.6, 0.6, 0, 135.7, 101.6, 64878.3, 386.8, 20, 517.8, 2.6, 3.5
3, 125246, 02/11/2018 11:40:16, 43.5, 48, 8.1, 7726.3, 186, 5.7, 0.6, 0, 180.4, 122.8, 71530.9, 267.5, 25.3, 590.7, 3, 6.3
3, 125247, 02/11/2018 11:59:16, 46.7, 50, 8.3, 27886.7, 221.3, 4.7, 0.6, 0, 174.7, 128.1, 64902.3, 310.5, 26.1, 576.1, 3, 7.7
3, 125248, 02/11/2018 12:19:16, 55.2, 60.2, 9.3, 12836.7, 231.1, 3.4, 0.6, 0.4, 213.6, 154.1, 84303.8, 220, 25.9, 560.6, 3.9, 5.5
3, 125249, 02/11/2018 12:39:16, 47.2, 53, 7.5, 1940.1, 182.1, 3.8, 0.6, 0, 201.7, 135.6, 45794.7, 341, 21.9, 492.9, 3.3, 3.5
3, 125250, 02/11/2018 12:59:16, 42.8, 43.2, 6.8, 14216, 238.9, 2.8, 0.5, 0.1, 154.5, 110.6, 37009, 270.5, 20, 431, 3.3, 3.7
3, 125251, 02/11/2018 13:20:15, 24.1, 21.3, 4, 13020.1, 85.5, 0.3, 0.3, 0, 75.5, 54.6, 25398.7, 309.7, 16.3, 320.2, 3.6, 1.9
3, 125252, 02/11/2018 13:39:15, 19.8, 19.2, 3.6, 12618.1, 66.4, 0.4, 0.3, 0, 87.5, 49, 19736.4, 429.9, 15.1, 267.1, 3.6, 2.1
3, 125253, 02/11/2018 13:59:15, 32.1, 36.3, 6, 22099.2, 37.9, 1.7, 0.5, 0, 154.5, 92.8, 27374.5, 284.4, 18.9, 323.3, 7.7, 5.2
3, 125254, 02/11/2018 14:19:16, 23.7, 27.9, 4.8, 13038.9, 58.9, 2.2, 0.4, 0, 142.4, 71.5, 34438.6, 440.1, 18, 289.1, 8.1, 4.7
3, 125255, 02/11/2018 14:39:15, 42.1, 44.8, 7.4, 6717.2, 265.1, 1.1, 0.5, 0.1, 163.2, 114.8, 44817.5, 555.8, 27.2, 450.2, 19.8, 6.8
3, 125256, 02/11/2018 15:00:16, 36.8, 47.3, 7.6, 22574.7, 186, 2.4, 0.6, 0, 152.8, 121.1, 58649.4, 419.3, 28.5, 459.2, 21.9, 14.5
3, 125257, 02/11/2018 15:20:15, 29.1, 45.3, 6.5, 3310.3, 101.3, 2.6, 0.5, 0, 149.6, 116, 58479, 336.5, 24.8, 422.8, 17.4, 15.1
3, 125258, 02/11/2018 15:39:15, 28.8, 41.7, 5.1, 3558, 213.6, 0.6, 0.4, 0, 129.2, 106.8, 81264.2, 482.6, 21.1, 385.9, 17.9, 12.9
3, 125259, 02/11/2018 16:00:15, 37.8, 57.7, 7.6, 39179.7, 204.9, 1.3, 0.5, 0.1, 208.8, 147.6, 29840, 441.6, 25.9, 465.5, 17.1, 13.5
3, 125260, 02/11/2018 16:19:15, 36.6, 49.1, 8.1, 11461.4, 120.4, 0.7, 0.6, 0.3, 184.8, 125.6, 48166.3, 507, 25, 362.9, 20.2, 11.7
3, 125261, 02/11/2018 16:39:15, 37.3, 51, 7.7, 7133, 162.3, 0.6, 0.6, 0.3, 158.5, 130.7, 50587.6, 434.2, 26.8, 406.4, 18.8, 12.2
3, 125262, 02/11/2018 16:59:15, 42.4, 66.5, 9.1, 22333.2, 176.1, 0.8, 0.6, 0, 192.9, 170.3, 70762.2, 363.9, 27.4, 542.4, 15.8, 14.6
3, 125263, 02/11/2018 17:19:15, 67.2, 77.9, 10.5, 3972.2, 433.6, 1.3, 1, 1, 282.6, 199.4, 48387.7, 319.4, 29.3, 627.4, 16.7, 12.7
3, 125264, 02/11/2018 17:39:15, 47.5, 58.1, 6.7, 3430.6, 268.9, 2.2, 0.4, 0, 189.5, 148.7, 66616.5, 316.9, 27.5, 541.3, 17.7, 10.9
3, 125265, 02/11/2018 18:00:15, 53, 67.4, 8.9, 19970.4, 444.6, 3.5, 0.6, 0.2, 241.5, 172.5, 37858.3, 369.3, 28.2, 707.4, 15.8, 13.9
3, 125266, 02/11/2018 18:19:14, 42.1, 51.2, 6.3, 2358.1, 368.3, 3.6, 0.5, 0, 152.8, 131, 60783.2, 164, 18.7, 459.1, 1.9, 12.1
3, 125267, 02/11/2018 18:40:14, 44.8, 56.1, 7.1, 7198.1, 428, 3.5, 0.5, 0.1, 200, 143.7, 36794.4, 169.5, 18.7, 507.4, 1, 12.4
3, 125268, 02/11/2018 19:00:14, 37.9, 47.8, 5.3, 23075.2, 189.4, 4.6, 0.4, 0, 144.8, 122.4, 53638.9, 237.2, 15.9, 375.3, 1, 12.8
3, 125269, 02/11/2018 19:19:14, 45.8, 48.2, 5.1, 1290.9, 134.5, 2.5, 0.4, 0, 146.3, 123.3, 36950.5, 170.4, 17.8, 502, 1.3, 4.9
3, 125270, 02/11/2018 19:40:15, 32.9, 36.2, 4.3, 4623.1, 148.6, 3.4, 0.4, 0, 115.7, 92.6, 39596.8, 179.3, 16.6, 446.3, 5.4, 5.9
3, 125271, 02/11/2018 20:00:14, 34, 42, 6, 34972.5, 154.1, 9.9, 0.4, 0, 153.2, 107.6, 44122.2, 235.9, 18, 360.6, 12.5, 10.4
3, 125272, 02/11/2018 20:20:14, 37.1, 41.2, 5.9, 4053.1, 185.7, 10.6, 0.5, 0, 149.3, 105.6, 27798.5, 191.8, 15.9, 418.3, 7.5, 8.2
3, 125273, 02/11/2018 20:39:14, 20.3, 27, 4.3, 9102.1, 142.1, 7.7, 0.4, 0, 99.8, 69.1, 28709.2, 175, 13, 349.1, 8.3, 9.9
3, 125274, 02/11/2018 20:59:14, 34.5, 56.8, 6.9, 33859.9, 63.3, 5.1, 0.5, 0, 199.9, 145.4, 44230.5, 178.6, 17.5, 416.9, 8.5, 13.4
3, 125275, 02/11/2018 21:19:14, 26.8, 43, 6.1, 5900.4, 106.4, 12.6, 0.5, 0, 170.5, 110, 43239.7, 282.8, 15, 421.5, 8.4, 9.3
3, 125276, 02/11/2018 21:39:14, 20.6, 27, 5.1, 5059.6, 144.8, 5.8, 0.4, 0.1, 147.7, 69.1, 30553, 234, 13.5, 302.9, 10, 6.3
3, 125277, 02/11/2018 21:59:14, 23.3, 32.5, 5.2, 22978.1, 84, 5.9, 0.4, 0, 155, 83.1, 27739.1, 221.1, 14, 288.4, 9, 11.7
3, 125278, 02/11/2018 22:19:14, 13, 16.3, 2.9, 3362.7, 131.7, 5.8, 0.2, 0, 61.5, 41.8, 25898, 270.1, 9.4, 192.7, 4.2, 5.7
3, 125279, 02/11/2018 22:39:14, 12.1, 15.7, 2.7, 5636, 77.1, 7.6, 0.2, 0, 68.2, 40.1, 24967.2, 305.1, 9.4, 191.2, 1.3, 6.4
3, 125280, 02/11/2018 23:00:13, 22.6, 23.9, 3.1, 19153.2, 57.3, 5.2, 0.3, 0, 98.8, 61.1, 38127.7, 206.8, 11.8, 386.3, 4, 2.8
3, 125281, 02/11/2018 23:20:13, 9.6, 9.1, 2.1, 1184.9, 41.5, 5.2, 0.2, 0, 80.2, 23.4, 22781.8, 226, 9.2, 229.2, 6.6, 1
3, 125282, 02/11/2018 23:39:13, 12.6, 10.3, 2.9, 2019.9, 45.1, 0.2, 0.3, 0, 44.5, 26.4, 23592.2, 275.4, 9.4, 241.6, 1.5, 1.1
4, 125211, 01/11/2018 23:59:19, 37.8, 49.1, 9.3, 19684.6, 172.9, 2.6, 0.6, 0, 172.6, 125.8, 28959.3, 313.1, 15.5, 283.8, 5.9, 12.3
4, 125212, 02/11/2018 00:19:19, 40.6, 80.3, 8.5, 22394.4, 131, 0.8, 0.6, 0, 254.5, 205.5, 55802.1, 681.7, 43.4, 462.5, 5.1, 10.7
4, 125213, 02/11/2018 00:39:19, 54.1, 68.6, 10.4, 13977.8, 138.2, 1, 0.7, 0, 233.2, 175.7, 61497.1, 846.8, 31.2, 476.7, 2.8, 9.6
4, 125214, 02/11/2018 00:59:19, 55.5, 74.6, 11.7, 23330.4, 396.1, 0.6, 0.7, 0.1, 266.2, 190.9, 89805.4, 439.6, 35.4, 537.8, 5.1, 11.1
4, 125215, 02/11/2018 01:19:19, 57.4, 71.3, 12, 11018.2, 275.2, 0.6, 0.7, 0.4, 226.4, 182.4, 76597.5, 278.1, 34.3, 458.7, 12.5, 12.6
4, 125216, 02/11/2018 01:39:19, 44.1, 61.2, 9.2, 3387.6, 396.7, 3.2, 0.6, 0.1, 219.4, 156.7, 64190.3, 103, 31.5, 492, 9.2, 12.6
4, 125217, 02/11/2018 01:59:19, 29.1, 43.8, 7.5, 17015.5, 87.5, 1.7, 0.5, 0, 159.5, 112, 32021.3, 266.4, 22.8, 365.8, 8.9, 12.4
4, 125218, 02/11/2018 02:20:18, 21.2, 31.1, 6.3, 6961.1, 96.8, 1, 0.5, 0, 108.6, 79.7, 41680.4, 169.6, 20.4, 318.7, 6.6, 10.1
4, 125219, 02/11/2018 02:40:19, 16.2, 23.9, 5.2, 3768.6, 55.9, 1.3, 0.4, 0, 91.5, 61.3, 22714.6, 144.7, 17.2, 272.9, 3.6, 7.5
4, 125220, 02/11/2018 02:59:19, 32.2, 42.8, 6.6, 22446.9, 113.1, 5.7, 0.5, 0, 154.5, 109.6, 48975.6, 241.3, 16.7, 296.6, 4, 7.5
4, 125221, 02/11/2018 03:20:18, 31.9, 43.7, 6.4, 16536.5, 162, 6.2, 0.5, 0, 164.7, 111.9, 39412.6, 229.9, 19.4, 386.3, 5.9, 9.5
4, 125222, 02/11/2018 03:39:18, 28.2, 84.6, 6.7, 115515.9, 100, 14.3, 0.5, 0, 320.5, 216.7, 56463.5, 172.1, 23.2, 550.4, 8, 55.8
4, 125223, 02/11/2018 03:59:18, 31.9, 42.7, 6.7, 10934.4, 131.7, 12.5, 0.5, 0, 163.5, 109.2, 79108.9, 282.7, 25.7, 609, 10, 6.5
4, 125224, 02/11/2018 04:20:18, 64.5, 66.9, 12.8, 7834.6, 614.2, 6, 0.7, 0.7, 230.9, 171.2, 85219.8, 888.3, 24.3, 475.5, 10.6, 11.2
4, 125225, 02/11/2018 04:39:23, 79, 84.1, 14.1, 4084.5, 484.9, 8.4, 3.2, 0.9, 292.8, 215.3, 114743.5, 437, 31.6, 727.8, 5.4, 10.2
4, 125226, 02/11/2018 04:59:22, 55.8, 71.4, 11, 19380.2, 846.5, 18.4, 0.8, 0.3, 254.5, 182.9, 102864.3, 430.8, 26.4, 744.9, 2.5, 11.1
4, 125227, 02/11/2018 05:19:22, 28.8, 38.4, 6.2, 6880.1, 383.4, 16.5, 0.5, 0, 154.1, 98.4, 72515.3, 557.1, 20, 596.4, 1.7, 7.4
4, 125228, 02/11/2018 05:39:23, 16.2, 21.7, 3.7, 3322.6, 75.4, 7.4, 0.3, 0, 85.7, 55.5, 53785.7, 710.4, 16, 469.1, 0.8, 3.8
4, 125229, 02/11/2018 06:00:23, 35.4, 45.8, 7.3, 18518, 415.3, 12.5, 0.5, 0, 216.3, 117.4, 59085.3, 217.5, 20.4, 523.3, 1.2, 7.6
4, 125230, 02/11/2018 06:19:28, 32.2, 44.7, 8.2, 5975.6, 268.9, 1.7, 0.6, 0, 164.2, 114.5, 70771, 188.9, 17.7, 408.8, 3.1, 12.1
4, 125231, 02/11/2018 06:39:27, 38.9, 51.2, 10.2, 1879.5, 225.9, 2.5, 0.7, 0, 168.3, 131.1, 58632.6, 182.2, 17.3, 421.1, 2.2, 9.6
4, 125232, 02/11/2018 06:59:28, 51.1, 65.2, 11.1, 21304.7, 320.5, 14.6, 0.7, 0.2, 206.9, 166.9, 76121.8, 198.1, 21.2, 530.2, 2.8, 10.8
4, 125233, 02/11/2018 07:19:28, 32.5, 46.6, 7.3, 4291.3, 79.9, 8.8, 0.5, 0, 179.8, 119.4, 71302.9, 246.7, 19.1, 495.5, 1.6, 8.5
4, 125234, 02/11/2018 07:40:27, 29.2, 39.6, 6.8, 933.5, 221.2, 7.6, 0.5, 0, 171.3, 101.4, 61534.3, 254.9, 18.4, 482.8, 2.4, 6.4
4, 125235, 02/11/2018 08:00:27, 52.7, 64.5, 9.3, 36855.9, 474.4, 1.9, 0.6, 0.4, 202.1, 165.1, 56892.5, 131.5, 23.7, 536.2, 1.9, 9
4, 125236, 02/11/2018 08:19:27, 54.8, 91.2, 10.1, 5420, 337.9, 11.8, 0.9, 0.4, 418.7, 233.5, 123862.6, 193.4, 29.2, 920.4, 1.2, 9
4, 125237, 02/11/2018 08:39:27, 61.5, 73.9, 10.9, 12398.1, 503.3, 16.3, 0.8, 1.4, 244.4, 189.2, 57288.4, 214.9, 27.8, 958.1, 0.9, 7.8
4, 125238, 02/11/2018 08:59:27, 61.7, 83.5, 11.3, 50381.3, 230.2, 12.8, 0.7, 0.8, 275.6, 213.8, 72504.6, 194, 33.3, 979.1, 1.1, 9.9
4, 125239, 02/11/2018 09:19:27, 66.1, 90.6, 11.7, 3784.2, 304.7, 12.8, 3, 5, 348.7, 231.9, 47540.1, 235.2, 33.5, 1046.5, 2.5, 7.6
4, 125240, 02/11/2018 09:39:27, 46.5, 63.1, 8.4, 4951.2, 227.3, 9.1, 0.6, 0, 208.2, 161.5, 76896, 264.3, 27.8, 865.9, 1.5, 12.3
4, 125241, 02/11/2018 10:00:27, 58.1, 76.7, 11.1, 19665.1, 315.5, 25, 1, 0.5, 277.8, 196.2, 75525.8, 272.9, 30.3, 826.4, 4.1, 10.1
4, 125242, 02/11/2018 10:20:27, 49.7, 67.8, 9.4, 17664.1, 256.2, 14.6, 0.8, 0.6, 339.1, 173.7, 49861.2, 526.9, 27.1, 595.6, 8.8, 8.5
4, 125243, 02/11/2018 10:39:27, 37.2, 50.9, 7.3, 9703.5, 155, 2, 0.5, 0, 171.9, 130.3, 58100.5, 1025.8, 26.3, 559.7, 6.8, 7.8
4, 125244, 02/11/2018 10:59:27, 42.9, 72.6, 7.9, 51865.5, 75.5, 4.4, 0.8, 0.7, 468, 185.8, 74433.7, 773, 28.9, 678.5, 5.8, 9.9
4, 125245, 02/11/2018 11:19:26, 68.4, 89.3, 11.7, 15228, 304.4, 18.9, 2.6, 3.4, 319.2, 228.5, 75230.5, 725.5, 28.4, 727.9, 4.5, 9.4
4, 125246, 02/11/2018 11:40:27, 43.2, 63.6, 8.6, 9043.2, 108.6, 10.6, 1, 0.8, 328.9, 162.9, 43908.6, 767.3, 27.2, 711.8, 6.2, 8
4, 125247, 02/11/2018 11:59:27, 55.6, 78.9, 10.5, 23919.3, 276.7, 16.8, 0.7, 0.2, 289.4, 201.9, 87826.1, 673.6, 28.3, 691.7, 3.4, 10.4
4, 125248, 02/11/2018 12:19:26, 41.2, 61.1, 8.5, 8352.3, 82.6, 9.3, 0.6, 0.1, 230.8, 156.5, 39658.7, 835.3, 23.8, 575.8, 2.9, 8.6
4, 125249, 02/11/2018 12:39:26, 33.7, 52, 7, 6712.9, 130.8, 17.7, 0.6, 1.5, 284.7, 133, 35719.9, 682.7, 25.3, 607.9, 2.2, 5.7
4, 125250, 02/11/2018 12:59:27, 25.1, 37.4, 6.1, 23696.6, 146.8, 17.4, 0.4, 0, 132.8, 95.8, 41104.9, 953.5, 23.4, 494.1, 4.4, 7.2
4, 125251, 02/11/2018 13:19:26, 28.5, 38.9, 5.8, 6071.2, 112.3, 6.7, 0.5, 0, 169.4, 99.6, 34144.1, 1116.5, 18.5, 452.8, 3.4, 4.7
4, 125252, 02/11/2018 13:39:26, 28.3, 36.3, 5.8, 1504.7, 164, 18.3, 0.5, 0.6, 207.8, 92.8, 33746.7, 765.4, 18.6, 437.5, 2.7, 4.6
4, 125253, 02/11/2018 13:59:26, 30.5, 42.2, 6.9, 17244.9, 263.1, 14.7, 0.5, 0.1, 177.7, 108.1, 36649.9, 1262.5, 16.1, 387.3, 2, 7.1
4, 125254, 02/11/2018 14:19:26, 22.6, 34, 5.2, 3913.1, 69.3, 6.2, 1.9, 3.9, 275.9, 87, 91924.4, 397.2, 16.5, 351.7, 1.1, 6.8
4, 125255, 02/11/2018 14:39:26, 49.6, 73.4, 8.5, 12651.5, 301.9, 29.9, 0.9, 8.7, 321.4, 187.9, 55201.8, 207.1, 23.8, 680.1, 0.7, 7
4, 125256, 02/11/2018 14:59:26, 58.9, 68, 9.8, 16341.6, 296.8, 11.7, 0.8, 2.4, 283.3, 174.2, 77747.8, 1034.5, 23, 564.1, 4, 7.6
4, 125257, 02/11/2018 15:20:25, 39.7, 50.3, 7.6, 21124.3, 304.4, 15.8, 0.5, 0, 169.6, 128.8, 49093.7, 524.5, 23.6, 401.7, 4, 10.9
4, 125258, 02/11/2018 15:39:25, 31.2, 49.3, 6.8, 47753.5, 211.2, 2.9, 0.5, 3.4, 326.4, 126.3, 57427.9, 374.3, 26.2, 484, 3.1, 11.6
4, 125259, 02/11/2018 15:59:25, 45.1, 59.9, 8.9, 30780.2, 398.9, 19.8, 0.7, 0.4, 251.7, 153.4, 104705.5, 503.7, 27.9, 585.3, 4.9, 10.1
4, 125260, 02/11/2018 16:19:26, 33.5, 46.5, 7.7, 12517.1, 364.3, 16.4, 0.5, 0, 179.6, 119.1, 73878, 434.2, 26, 554.1, 5.4, 10.8
4, 125261, 02/11/2018 16:39:25, 28, 43.1, 7.1, 14886.1, 132.1, 12.5, 0.5, 0, 211.1, 110.3, 43926.5, 539.2, 23.5, 488.8, 5.2, 10
4, 125262, 02/11/2018 16:59:25, 36.1, 58.2, 8.8, 22705.5, 235.4, 8.3, 0.6, 0, 226.4, 148.9, 67937.9, 358.9, 30.9, 647.7, 2.1, 8.3
4, 125263, 02/11/2018 17:19:25, 21.3, 37.4, 5.9, 4731, 197.4, 4, 0.5, 0, 187.8, 95.8, 26222.6, 176.7, 17.3, 419.4, 1, 6
4, 125264, 02/11/2018 17:39:25, 14, 22.2, 4.2, 5326.6, 101.2, 2.4, 0.4, 0, 109, 56.9, 30669.8, 184, 15.7, 387.5, 0.8, 3.9
4, 125265, 02/11/2018 17:59:25, 34, 42.4, 7.1, 19066.3, 219.8, 6.3, 0.5, 0.1, 159.5, 108.6, 50287.5, 189, 21.2, 485.1, 1.5, 7.1
4, 125266, 02/11/2018 18:19:25, 12.2, 17.8, 3.8, 6176.1, 80.4, 3.9, 0.3, 0, 70.8, 45.5, 39089.6, 168.7, 14.4, 311.6, 0.4, 3.6
4, 125267, 02/11/2018 18:39:25, 11.1, 18.8, 3, 6107.5, 69.2, 3.6, 0.3, 0, 91.6, 48, 39086.8, 192.4, 13.4, 317.8, 0.4, 4
4, 125268, 02/11/2018 19:00:25, 30.5, 39.9, 6.8, 18238.6, 246.3, 7.1, 0.5, 0.1, 165.9, 102.2, 35271.6, 146.5, 17.7, 415.8, 2, 9.3
4, 125269, 02/11/2018 19:19:25, 17.8, 23.3, 4.4, 6123.6, 300.2, 4.2, 0.3, 0, 94.6, 59.7, 40232.2, 204.9, 16.2, 367, 2.1, 3.7
4, 125270, 02/11/2018 19:39:24, 12.8, 17.5, 3.5, 8132.3, 88.9, 5.5, 0.3, 0, 82.2, 44.8, 41175.8, 210.7, 13.6, 283, 3.4, 3.5
4, 125271, 02/11/2018 20:00:24, 20.5, 27.8, 5, 11070.5, 228.8, 8.7, 0.4, 0.2, 151, 71.3, 23946.2, 113.8, 14.5, 355, 6.9, 3.5
4, 125272, 02/11/2018 20:20:25, 8.3, 17, 2.5, 5775.7, 43.2, 1.3, 0.2, 0, 196.8, 43.4, 22560.7, 129.7, 9.8, 182.8, 5.4, 2.1
4, 125273, 02/11/2018 20:39:24, 11.9, 18.4, 3.2, 8052.7, 50.4, 1.2, 0.3, 0, 69.3, 47, 48131.4, 206.9, 10.7, 247.1, 3.2, 5.3
4, 125274, 02/11/2018 20:59:24, 33.8, 36.6, 7.6, 14408.7, 196.7, 4.4, 0.5, 0.1, 162.9, 93.8, 65030.1, 164.1, 14.1, 386.1, 2.7, 4.8
4, 125275, 02/11/2018 21:19:24, 18.2, 23.9, 5, 4587.3, 66.2, 6.7, 0.4, 0, 101.9, 61.1, 72437.5, 156.2, 13.4, 359.5, 3.3, 4.4
4, 125276, 02/11/2018 21:39:25, 21.8, 27.6, 5.6, 5632, 132.9, 6.3, 0.4, 0, 101.9, 70.6, 48104.1, 180, 13.6, 432.1, 3.7, 4.8
4, 125277, 02/11/2018 21:59:24, 21.6, 28.3, 4.6, 14360.5, 213.1, 8.4, 0.4, 0, 129, 72.5, 33259.7, 194.5, 10.7, 309.4, 1.4, 5.3
4, 125278, 02/11/2018 22:19:24, 21.6, 26.8, 4.2, 6255.6, 76.9, 7.9, 0.3, 0, 95, 68.6, 30924.6, 154.3, 11.2, 317, 2.5, 5
4, 125279, 02/11/2018 22:39:23, 20.2, 23.7, 3.5, 4845.5, 85.8, 8.3, 0.3, 0, 80.2, 60.7, 25063.5, 128.1, 9.8, 252.5, 3.4, 3.9
4, 125280, 02/11/2018 22:59:24, 27.8, 31.7, 6.1, 15402.1, 219.5, 8, 0.4, 0.2, 140.7, 81.2, 25299.7, 182.1, 11.8, 381, 1.1, 4.3
4, 125281, 02/11/2018 23:19:23, 14.2, 14.5, 3.7, 6494.5, 18.7, 1.8, 0.3, 0, 66.6, 37, 26322.3, 215.4, 9.7, 297.4, 0.8, 3.6
4, 125282, 02/11/2018 23:39:24, 17.2, 18.9, 4.4, 4576.2, 61.4, 2, 0.4, 0, 102.1, 48.3, 25878.7, 208, 8.8, 206.4, 0.5, 3.5
