HOST, TIME, SNAP_ID, SYS_CPU, SYS_DBTIME, SYS_SYSPCT, SYS_READ, SYS_WRITE, SYS_REDO, SYS_OSWAIT, SYS_RMWAIT, SYS_ACTSESS_MAX, SYS_ACTSESS_AVG, SYS_PGA, SYS_PXRUNS, SYS_PXQCT, SYS_PXSRVT, SYS_UCALLS, SYS_IOWAIT
1, 14/01/2019 23:59:25, 130283, 31, 52.3, 10.4, 366.8, 186.9, 46.5, 0.8, 0, 192.7, 133.9, 17119.8, 66.7, 5.3, 167.2, 112, 11.1
1, 15/01/2019 00:19:25, 130284, 31.9, 63.3, 9.3, 6560.9, 200.1, 47, 0.8, 13.7, 222.8, 162.1, 20572.9, 65.6, 11.7, 219.6, 117.5, 17
1, 15/01/2019 00:40:25, 130285, 39.6, 63, 10.9, 2441.6, 199.3, 39.5, 0.9, 18.6, 245.3, 161.2, 13541.4, 115.8, 18.8, 273.1, 113.9, 6.6
1, 15/01/2019 00:59:24, 130286, 55.4, 105.4, 14, 4864.2, 218.5, 35.2, 1.4, 14.8, 390.6, 269.9, 20275, 805, 27.2, 428.6, 98, 10.6
1, 15/01/2019 01:19:25, 130287, 45.6, 79.9, 11.9, 4127.5, 202.3, 35.5, 0.9, 4.3, 307.3, 204.5, 15042.6, 436.3, 21.6, 284.1, 90.9, 10.8
1, 15/01/2019 01:40:25, 130288, 37.9, 57.9, 10.2, 1183.8, 178.7, 35.2, 0.8, 13.2, 189.2, 148.2, 15595, 421.5, 17.8, 226.2, 103.9, 4.2
1, 15/01/2019 01:59:24, 130289, 44, 65.1, 11.1, 7726.4, 231.5, 47.1, 0.8, 11.7, 199.6, 166.7, 13291.1, 471.1, 17.6, 236.4, 113.4, 5.3
1, 15/01/2019 02:19:24, 130290, 57.4, 78.8, 12.8, 7528.9, 189.8, 35.7, 1.7, 7.6, 381.1, 201.8, 38132.1, 577.8, 19.6, 315.5, 84.7, 4.9
1, 15/01/2019 02:39:24, 130291, 75.6, 93.6, 15.2, 5656.9, 149.8, 23.4, 2.6, 10, 343.3, 239.7, 30741.3, 670.3, 22.9, 402.5, 71.6, 5.9
1, 15/01/2019 03:00:25, 130292, 61.2, 87.1, 12.1, 4144.7, 214.1, 20.9, 2.3, 15.3, 330.7, 223, 40622.7, 421.7, 19.7, 360.2, 47.6, 7.8
1, 15/01/2019 03:19:24, 130293, 43.9, 53, 11.6, 2158.9, 236.3, 33.4, 0.9, 0.4, 214.2, 135.7, 22921.5, 73.1, 13.7, 191.2, 57.9, 6.9
1, 15/01/2019 03:40:24, 130294, 29.7, 49, 8.7, 1821.3, 169, 25.4, 0.7, 0.1, 233.3, 125.5, 14032.4, 166.3, 11.9, 194.7, 57.7, 14.5
1, 15/01/2019 03:59:24, 130295, 18, 73.9, 5.7, 740.2, 107.2, 20.9, 0.5, 0, 321.4, 189.2, 17119.3, 81, 11.4, 192.9, 48, 40.4
1, 15/01/2019 04:19:24, 130296, 43.9, 53.4, 12.4, 455.5, 509, 37.2, 0.9, 0, 201.5, 136.7, 50358.5, 38.1, 6.6, 110.1, 90.2, 12.5
1, 15/01/2019 04:39:23, 130297, 44.2, 57.7, 11.4, 252.2, 587.1, 39.4, 0.9, 0, 230.6, 147.6, 49427.3, 32.9, 5.3, 97.2, 72.8, 8.7
1, 15/01/2019 04:59:24, 130298, 42, 64.9, 11, 1553.7, 529.3, 31, 0.8, 0.1, 237.5, 166.1, 54411.7, 156.7, 5.9, 122.4, 64.9, 10.6
1, 15/01/2019 05:19:23, 130299, 34.5, 55.9, 10.4, 600.1, 225.3, 31.5, 0.8, 0, 242.8, 143.1, 49427.8, 54, 4.3, 88.3, 69.6, 8.5
1, 15/01/2019 05:39:24, 130300, 18.9, 49.9, 6.8, 122.4, 103.8, 20.9, 0.6, 0, 325, 127.6, 10796.4, 55.2, 3, 49, 57.6, 6.6
1, 15/01/2019 05:59:24, 130301, 39, 63.1, 11.5, 779.1, 230.5, 38.9, 0.9, 0, 228, 161.4, 22506.1, 24, 4.6, 118.4, 82, 9.9
1, 15/01/2019 06:19:23, 130302, 40, 87.5, 10.9, 1403.2, 229.3, 38.6, 0.9, 0.3, 364.9, 224, 16260.1, 114.3, 6.4, 157.2, 74.9, 7.1
1, 15/01/2019 06:40:23, 130303, 40.9, 74.4, 12.7, 369.7, 269.2, 48.5, 1, 0, 306.3, 190.5, 15044.2, 27.9, 4.2, 86.8, 95.5, 8.5
1, 15/01/2019 07:00:24, 130304, 35.5, 72.5, 11, 232.3, 255.8, 47.1, 0.9, 0, 309.7, 185.7, 10830.2, 40, 3.4, 59.4, 108.1, 16.9
1, 15/01/2019 07:19:24, 130305, 40.1, 79.4, 13, 142.9, 284.8, 52.2, 1.1, 0, 281.6, 203.4, 10842.4, 17.2, 3, 49.2, 119.9, 12.6
1, 15/01/2019 07:40:22, 130306, 41, 77.7, 13, 126, 289.1, 54.7, 1, 0, 270.1, 198.9, 10844, 17.9, 3, 49.2, 137.2, 15.2
1, 15/01/2019 07:59:23, 130307, 47.9, 93.2, 14.6, 1771.8, 334.3, 54.4, 1.1, 0.1, 333.7, 238.7, 12151.7, 118, 6.2, 120.8, 126, 14.8
1, 15/01/2019 08:20:23, 130308, 47.4, 83.9, 14.9, 15068.5, 328.6, 59.6, 1.2, 0, 292.5, 214.8, 10824.3, 97.9, 4.6, 94.1, 130.1, 14.9
1, 15/01/2019 08:39:23, 130309, 52.3, 72.6, 16.9, 3276.4, 341.8, 64.8, 1.3, 0, 293.1, 185.8, 10660.4, 40.9, 2.8, 36, 146.3, 17.1
1, 15/01/2019 09:00:22, 130310, 42.1, 79.4, 13.4, 420.6, 307.4, 59, 1.1, 0, 296.6, 203.2, 10672, 32.6, 3.5, 44.7, 124.8, 16.9
1, 15/01/2019 09:19:23, 130311, 47.7, 72.8, 15.3, 146.9, 350.3, 67.5, 1.2, 0, 286.7, 186.3, 10742.7, 54, 3.2, 37.4, 144.4, 17.9
1, 15/01/2019 09:39:23, 130312, 52, 81.8, 15.8, 1900.1, 355.8, 67.5, 1.2, 0, 288, 209.4, 15270.7, 143.8, 5, 91.8, 144.6, 20.4
1, 15/01/2019 09:59:22, 130313, 39.7, 109.3, 12.1, 840.1, 298.3, 54.3, 1, 0, 333.8, 279.9, 17087.7, 51, 6, 113.4, 122.9, 19.7
1, 15/01/2019 10:19:22, 130314, 59.3, 84.7, 17.1, 17212.7, 380.2, 68, 1.3, 0.6, 322.6, 216.9, 16068.8, 37.1, 5.2, 91.3, 160.7, 11.2
1, 15/01/2019 10:39:22, 130315, 61.5, 78.9, 17.4, 235.4, 420.4, 91.1, 1.4, 0, 283.9, 202, 10687.5, 54.1, 3.7, 50.2, 180.5, 9.1
1, 15/01/2019 10:59:22, 130316, 50.5, 72.9, 15.5, 236.4, 364, 74.2, 1.2, 0, 268.9, 186.6, 42816, 54.3, 3.4, 60.4, 191.4, 13
1, 15/01/2019 11:20:22, 130317, 66.6, 78.2, 19.8, 2615.6, 425.8, 81, 1.6, 0.1, 238.5, 200.1, 49052.8, 180, 7, 175.9, 214.3, 9.9
1, 15/01/2019 11:40:22, 130318, 53.3, 57.5, 17.3, 227.2, 414.6, 75.6, 1.4, 0, 183.6, 147.2, 45127.3, 46.4, 5.5, 133.4, 223.5, 11.5
1, 15/01/2019 11:59:23, 130319, 47.8, 75, 15.4, 432.9, 384.3, 70.8, 1.2, 0, 311.6, 192, 44509, 67.1, 4.6, 108.4, 197.3, 14.8
1, 15/01/2019 12:19:22, 130320, 46.8, 67.3, 13.5, 1317.3, 356, 72.2, 1.1, 1, 358.1, 172.3, 44804.1, 37.9, 3.7, 114.4, 198.6, 7.3
1, 15/01/2019 12:39:22, 130321, 60.1, 84.5, 17.1, 1721, 363.5, 72.9, 1.5, 0.4, 327.1, 216.3, 49758.3, 171.6, 6.3, 188.1, 180.7, 8.4
1, 15/01/2019 12:59:22, 130322, 54.6, 55.5, 16.1, 307.9, 419.9, 88.5, 1.3, 0, 173.3, 142.2, 44421.1, 42.9, 4.1, 125.6, 219, 8.4
1, 15/01/2019 13:20:22, 130323, 45.8, 72.8, 13.3, 257.8, 366, 76.8, 1.1, 0, 281.2, 186.3, 44298.7, 50, 3.6, 107.8, 191.8, 5.6
1, 15/01/2019 13:40:22, 130324, 51.2, 61.6, 15.5, 106, 407.4, 80.2, 1.2, 0, 207, 157.7, 45258.1, 37.9, 3.5, 110.8, 184.6, 12.3
1, 15/01/2019 13:59:22, 130325, 64.7, 94.3, 19, 2245.7, 444.8, 67.3, 1.5, 0, 348.3, 241.4, 15521.7, 57.1, 7.1, 188.5, 162.7, 20.4
1, 15/01/2019 14:20:22, 130326, 52.7, 78.9, 16.6, 402.9, 326.7, 60.5, 1.3, 0, 329, 202, 13493.5, 58.8, 6.2, 130.2, 194, 20
1, 15/01/2019 14:39:22, 130327, 50.7, 61.9, 16.3, 390.5, 348.5, 62.4, 1.3, 0, 197.1, 158.5, 12159.7, 63.1, 4.6, 95.1, 212, 21.5
1, 15/01/2019 14:59:22, 130328, 47.6, 57.7, 14.4, 688.6, 388.3, 72.6, 1.2, 0, 199.2, 147.7, 10817.3, 66.8, 4, 76, 219.7, 16.1
1, 15/01/2019 15:19:21, 130329, 48.1, 71.2, 14.9, 2227.6, 386.9, 67.6, 1.2, 0, 278.5, 182.3, 13962.9, 88.6, 5, 97.5, 196.7, 13.6
1, 15/01/2019 15:40:21, 130330, 50.5, 59, 16.5, 692, 387, 70.9, 1.4, 0, 274.8, 151.1, 11503.1, 41.1, 4.2, 78.1, 210, 12.3
1, 15/01/2019 15:59:21, 130331, 60.9, 72.7, 17.5, 2124.7, 476.3, 63.6, 1.3, 0, 330.7, 186.1, 54890.5, 48.9, 6.2, 131.6, 190.9, 11.3
1, 15/01/2019 16:19:21, 130332, 63.4, 80.8, 16.1, 1448.5, 500, 71.4, 1.4, 2.6, 311.1, 206.8, 75048.8, 55.9, 10.1, 255, 181.3, 9.1
1, 15/01/2019 16:40:21, 130333, 69.5, 79.2, 16.7, 960.6, 422.9, 74.9, 1.6, 1.7, 319.2, 202.6, 84793.9, 86.3, 9.9, 265.6, 182, 8
1, 15/01/2019 16:59:22, 130334, 92.7, 114.2, 20.3, 5351.9, 408.2, 65.3, 16.3, 3.2, 360.8, 292.5, 87846.3, 114.4, 20.8, 457.9, 157.6, 12
1, 15/01/2019 17:20:21, 130335, 88.4, 127, 19.5, 2919.2, 375.4, 64.1, 14.6, 9.8, 503.7, 325.2, 55480.9, 72.7, 17.2, 429.6, 150.8, 6.4
1, 15/01/2019 17:39:21, 130336, 90.8, 108.6, 20.8, 4093.2, 407.1, 76, 14.4, 8.1, 308.7, 278.1, 72126.8, 118.7, 19.7, 426.4, 167, 8.5
1, 15/01/2019 17:59:21, 130337, 77.7, 168.7, 18, 3314.3, 356.4, 66.2, 17.2, 39.6, 594.6, 431.9, 70629.8, 112.9, 26.3, 577.3, 132.5, 17.9
1, 15/01/2019 18:19:20, 130338, 85.2, 122.5, 20.8, 3611.8, 360.6, 68.9, 4.9, 3.4, 553.6, 313.6, 62767.9, 198.3, 27.4, 523.7, 162.5, 16
1, 15/01/2019 18:39:21, 130339, 79.3, 106.8, 20.4, 1920.1, 362, 67.3, 4.9, 1.7, 445.9, 273.4, 63891.8, 183.9, 29.6, 556.4, 178.5, 17.1
1, 15/01/2019 19:00:20, 130340, 57.7, 91, 16.1, 1666.6, 365.5, 63.8, 1.2, 0, 352.6, 233.1, 56761.3, 134.7, 20.5, 359.1, 164.3, 18.1
1, 15/01/2019 19:19:20, 130341, 76.3, 95.2, 20.2, 2645.9, 411.6, 63.3, 5.3, 1.9, 330.1, 243.7, 40656.3, 136.3, 15.7, 285.3, 180.9, 12.3
1, 15/01/2019 19:40:21, 130342, 63.3, 105.2, 18.1, 1278.1, 462.1, 62.7, 1.3, 0, 416.6, 269.3, 53024, 162.1, 12.1, 200.4, 167.3, 25.9
1, 15/01/2019 19:59:21, 130343, 80.1, 135.1, 18.2, 2286.4, 533.3, 46.7, 6.7, 0.2, 440, 346, 60226.4, 147.8, 14.5, 277.8, 118.8, 11.5
1, 15/01/2019 20:20:20, 130344, 74, 107.2, 18, 3984.7, 660.5, 49.1, 2.4, 1.7, 416.9, 274.4, 74088.1, 181, 13, 282, 115.2, 11.8
1, 15/01/2019 20:39:21, 130345, 66.5, 98.4, 16.1, 1566.6, 528.6, 46.9, 2.2, 0.1, 372.8, 252, 69875.8, 65, 12.7, 307.6, 113, 10.2
1, 15/01/2019 20:59:20, 130346, 63.1, 92.5, 13.5, 1403.4, 556.6, 42.8, 1, 0.1, 343.6, 236.8, 73961, 71, 12.6, 294.7, 103, 20.7
1, 15/01/2019 21:19:20, 130347, 75.8, 88.6, 14.9, 865.3, 536.4, 44.3, 1.2, 0.1, 334.7, 226.8, 66963, 93.5, 11, 267, 117.9, 7.9
1, 15/01/2019 21:40:20, 130348, 76.4, 77.1, 15.5, 1497, 588.1, 45.3, 1.2, 0.1, 232, 197.5, 75913.4, 127, 10.5, 250.7, 115.5, 8.6
1, 15/01/2019 22:00:20, 130349, 72.4, 78.7, 13.9, 785.7, 532.7, 44, 1, 0, 229, 201.5, 59223.2, 91.6, 9.2, 220.1, 107, 9.4
1, 15/01/2019 22:19:20, 130350, 66.7, 82.1, 12.8, 1834.4, 451.9, 39.2, 2.1, 1.9, 281.7, 210.3, 59165.7, 199.3, 10.6, 277, 93.8, 7.1
1, 15/01/2019 22:40:20, 130351, 65.2, 68.8, 12.7, 748.3, 302.5, 44, 0.9, 0, 262.6, 176.1, 74919.6, 116.9, 8.3, 199.9, 130.6, 5.9
1, 15/01/2019 22:59:19, 130352, 57.8, 76.8, 12.3, 811.7, 228.8, 39.9, 0.9, 0, 309.3, 196.6, 49176.5, 255, 7.2, 186.8, 122.3, 7.4
1, 15/01/2019 23:19:20, 130353, 79.7, 91.1, 17.9, 2721.2, 269, 39.9, 2.2, 0.8, 296.2, 233.2, 64290.3, 143, 10.6, 288.1, 121.9, 13.4
1, 15/01/2019 23:40:20, 130354, 66.3, 85.2, 13.9, 1166.2, 235.8, 40.5, 1.2, 0.3, 286.8, 218.1, 51601.1, 42.2, 8.8, 241.8, 143.1, 9.3
2, 14/01/2019 23:59:46, 130283, 79.6, 111.8, 20.9, 1964.9, 488.2, 31.1, 8.6, 16.8, 388.7, 286.2, 60489.4, 268.6, 15.6, 319.7, 104, 15.9
2, 15/01/2019 00:19:46, 130284, 81.4, 143.3, 22.9, 7617.9, 363.9, 44.7, 14.3, 26.3, 494.4, 366.9, 59572.4, 231.8, 21.1, 371.7, 129.1, 32.9
2, 15/01/2019 00:39:46, 130285, 86.8, 165.4, 23.9, 11269.4, 408.1, 46.6, 19.9, 52, 483.1, 423.5, 60823.5, 232.4, 30.7, 459.7, 125.5, 12.6
2, 15/01/2019 00:59:46, 130286, 80.7, 155.2, 22.7, 4066.9, 433.4, 38.1, 11.1, 27.6, 487.7, 397.3, 73957.6, 223.8, 26, 433.3, 98.3, 13.5
2, 15/01/2019 01:19:47, 130287, 82.7, 146.5, 21.6, 35023.6, 377.7, 24.2, 24.9, 27.4, 472.1, 375, 70712, 234.9, 24.5, 469.7, 93.3, 8.8
2, 15/01/2019 01:39:46, 130288, 95.8, 166.7, 22.4, 52637.8, 290.1, 20.6, 34.1, 29.9, 476.4, 426.7, 73274.8, 318.3, 28.6, 621, 86, 10.3
2, 15/01/2019 01:59:46, 130289, 96.4, 147, 22.3, 42628.6, 268, 25.5, 20.8, 8.6, 465.1, 376.4, 54196.1, 286.9, 22.9, 476, 119.2, 12.4
2, 15/01/2019 02:19:46, 130290, 89.2, 121.6, 22.1, 10447, 153.2, 26.5, 11.1, 4.3, 389.2, 311.3, 52467.9, 279.8, 18.5, 318.2, 126.1, 8.5
2, 15/01/2019 02:39:46, 130291, 74.7, 96.7, 21, 13343.5, 176.1, 28.9, 4.4, 2, 331.2, 247.5, 30949.4, 309.1, 16, 248.3, 166.7, 8.6
2, 15/01/2019 02:59:46, 130292, 62.9, 91.5, 18.4, 2064, 165, 27.4, 4.3, 9.2, 271.5, 234.1, 32431.9, 213, 13.2, 231.7, 151.6, 8.6
2, 15/01/2019 03:19:46, 130293, 70.4, 87.6, 20.7, 1792.9, 180.8, 32.3, 5, 10, 287.7, 224.4, 31488.2, 175.7, 11.9, 220.1, 192.2, 6.7
2, 15/01/2019 03:39:46, 130294, 61.6, 69.9, 17.7, 1497.1, 183.3, 27.1, 3.8, 5.2, 207.8, 179, 40462.6, 202, 10.8, 223.7, 149.3, 11.1
2, 15/01/2019 03:59:46, 130295, 49.3, 87.8, 14.3, 965.2, 132, 20.6, 4.2, 2.5, 331.5, 224.7, 34902.6, 196.2, 11.4, 247.6, 103.2, 29.3
2, 15/01/2019 04:19:45, 130296, 63.7, 58, 22.1, 1350.3, 282.4, 20, 8.1, 2.6, 177.3, 148.4, 56845.4, 168.9, 8.8, 164.9, 87.3, 9.6
2, 15/01/2019 04:39:46, 130297, 57.8, 54.7, 16.9, 1680.1, 337.9, 22.5, 4.2, 0.8, 203, 140.1, 49844.9, 229, 6.6, 123.1, 99.3, 5.3
2, 15/01/2019 04:59:45, 130298, 62.9, 73.8, 16.4, 4836, 332.8, 20, 3.3, 2.7, 279.9, 188.9, 54078.1, 199.7, 10.9, 239.3, 74.6, 8.8
2, 15/01/2019 05:19:46, 130299, 55.8, 52.4, 16, 305.1, 303.8, 21.6, 2.9, 0, 207.5, 134.2, 50828.1, 165.4, 6.8, 135.7, 98.8, 5.7
2, 15/01/2019 05:39:46, 130300, 49.1, 60.8, 14.7, 387.3, 136.4, 20.4, 2.8, 0, 272.9, 155.6, 23638.1, 221.4, 6.8, 117.1, 82.6, 5.1
2, 15/01/2019 05:59:45, 130301, 83.3, 110.3, 20.2, 2581, 435.3, 19.9, 7.7, 6.5, 325, 282.4, 101434.7, 232.6, 14.8, 342, 63.1, 9.1
2, 15/01/2019 06:19:45, 130302, 82.4, 111.2, 17.6, 1782, 277.3, 17.5, 6.4, 8.2, 399.2, 284.7, 99498.6, 201.3, 16.7, 399.1, 54.7, 6.6
2, 15/01/2019 06:39:45, 130303, 81.4, 108.7, 18.2, 769.4, 172.8, 19.7, 4.1, 3.5, 394.9, 278.3, 79495.8, 220.5, 13, 308.8, 61.5, 7.5
2, 15/01/2019 06:59:45, 130304, 83.9, 124.9, 18.4, 7254, 245.8, 23.5, 7.1, 3.9, 419.8, 319.7, 83709.4, 194.4, 12.8, 329.8, 61.1, 15.9
2, 15/01/2019 07:19:45, 130305, 88.8, 121.8, 18.8, 693.8, 407.3, 27.4, 9.3, 3.4, 511.4, 311.8, 86000.7, 200.4, 12.9, 335.5, 73.4, 6
2, 15/01/2019 07:39:44, 130306, 87.7, 126.9, 17.9, 571.4, 342, 27.7, 5, 2.9, 772.4, 325, 73918, 229.7, 12.3, 313.8, 76.1, 6
2, 15/01/2019 07:59:44, 130307, 84.2, 131.5, 20.5, 17832.8, 327.2, 39.1, 7.8, 1, 432.5, 336.5, 59846.2, 214.7, 15.4, 357.1, 101.3, 9.3
2, 15/01/2019 08:19:45, 130308, 77.4, 116.6, 22.1, 1097.8, 358.9, 49, 5.7, 0.2, 414.9, 298.5, 64966, 167.5, 14.2, 354.2, 117.1, 10.6
2, 15/01/2019 08:39:45, 130309, 78.6, 101.3, 23.5, 593.4, 333.3, 60.3, 5, 0, 370.6, 259.4, 41922.1, 197, 9.9, 250.7, 142, 11.3
2, 15/01/2019 08:59:45, 130310, 77.5, 116.5, 21.4, 6469, 334.7, 56.2, 5.1, 0.1, 407.3, 298.3, 40474.6, 209.4, 9.5, 258.3, 139.4, 10.4
2, 15/01/2019 09:19:44, 130311, 86, 111.7, 23.9, 17130.8, 320.7, 62.3, 7.9, 0, 364, 285.9, 38256.2, 177.3, 8.4, 246.9, 154.2, 11.8
2, 15/01/2019 09:39:44, 130312, 76.2, 109.3, 22.9, 849.5, 418.8, 64.5, 5.2, 0.2, 355.3, 279.7, 46579.9, 218.8, 9.1, 255.3, 153.4, 12
2, 15/01/2019 09:59:44, 130313, 60.5, 133.8, 19.8, 1286.1, 310.5, 54.5, 4.6, 0, 407.3, 342.6, 33100.3, 252.2, 8.8, 205.1, 129, 12.4
2, 15/01/2019 10:19:44, 130314, 67.9, 112.6, 22.4, 1430.4, 323.4, 67.3, 5.5, 0, 345.6, 288.1, 41455, 235.2, 7.2, 179.8, 159.6, 13.2
2, 15/01/2019 10:39:45, 130315, 68.1, 103, 21.2, 445.1, 336, 67.4, 3.5, 0, 344.9, 263.6, 34334.9, 217.1, 7, 181.3, 154.9, 10
2, 15/01/2019 10:59:44, 130316, 60.6, 115.6, 19.6, 367.7, 320.3, 66.8, 4.3, 0, 1183, 296.1, 32645.6, 237.8, 6.2, 176.8, 161.1, 12
2, 15/01/2019 11:19:44, 130317, 71.7, 103.2, 22.5, 863, 306.4, 57.4, 6, 0.9, 322.2, 264.1, 38488.6, 203.3, 9.1, 250.6, 144.9, 10.3
2, 15/01/2019 11:39:44, 130318, 61.7, 86.9, 20.4, 769.4, 287.1, 60.6, 4, 0, 270.7, 222.5, 40247.7, 229.8, 8.1, 219.3, 148.2, 12.3
2, 15/01/2019 11:59:44, 130319, 51.2, 102.4, 17.5, 8417.5, 303.9, 60.5, 3.5, 0, 383.6, 262.2, 38772.9, 196.2, 8.1, 210.6, 138, 17.6
2, 15/01/2019 12:19:44, 130320, 51.1, 73.9, 18.6, 410.9, 283.8, 59.4, 5, 0, 309.2, 189.2, 31022.9, 222.4, 6.7, 164.1, 138.1, 8.8
2, 15/01/2019 12:39:44, 130321, 59.3, 100.9, 19.7, 1592.4, 333.3, 64.3, 4.1, 0.1, 385.7, 258.2, 37361.2, 229.4, 9.9, 229, 149.1, 9.2
2, 15/01/2019 12:59:44, 130322, 65.3, 91.4, 22.2, 649, 341.7, 69.7, 5.3, 0, 292.6, 234, 35826.9, 236.6, 8.8, 212.7, 157.3, 13
2, 15/01/2019 13:19:43, 130323, 51.1, 98, 17, 293.4, 345, 64.3, 4.3, 0, 338.6, 250.8, 32263.7, 214.4, 8.5, 199.7, 130, 6.2
2, 15/01/2019 13:39:43, 130324, 54.8, 82.8, 17.5, 230.7, 349.2, 74.8, 3.4, 0, 255.6, 212, 24987.7, 253.3, 6.2, 133.3, 152.2, 9.2
2, 15/01/2019 13:59:43, 130325, 56.1, 92.1, 18, 1354.7, 335, 70, 3.4, 0.2, 366.7, 235.8, 27472.2, 333, 7.6, 162, 153.8, 8.4
2, 15/01/2019 14:20:43, 130326, 58.1, 90.5, 18.9, 708.5, 372.6, 73.2, 5, 0, 304.1, 231.7, 31291.7, 293.8, 6.8, 162.3, 147, 9.6
2, 15/01/2019 14:39:43, 130327, 56.8, 75.6, 18.1, 351.4, 390.6, 77.6, 3.5, 0, 236.7, 193.6, 26470.9, 294.2, 6, 133.4, 156.8, 9.7
2, 15/01/2019 14:59:43, 130328, 50.8, 73.6, 16.9, 363, 365.5, 75.3, 3.4, 0, 236.4, 188.3, 25899.3, 299.2, 5.1, 75.2, 163.3, 10.5
2, 15/01/2019 15:19:43, 130329, 56.8, 92.2, 18.2, 1545.7, 355.8, 69.6, 3.8, 0.3, 299.4, 236, 30694.3, 372, 8.1, 158.1, 133.9, 10.4
2, 15/01/2019 15:39:43, 130330, 56, 87.2, 17.5, 869.4, 357.7, 74.4, 4.3, 0, 326.6, 223.2, 30753.4, 346.6, 6.7, 121.6, 153.5, 9.1
2, 15/01/2019 15:59:43, 130331, 71.7, 105.6, 19.1, 1064.9, 497.8, 72.7, 5, 3, 400.9, 270.3, 51738.8, 338.3, 9.9, 219.9, 151.3, 8.2
2, 15/01/2019 16:19:43, 130332, 64, 93.5, 19.3, 1090.8, 585.1, 72.1, 5.7, 0.1, 348.5, 239.4, 78882.7, 302.8, 11.4, 294.6, 148.7, 7
2, 15/01/2019 16:39:42, 130333, 70.9, 103.1, 21, 1803.8, 470.9, 66.9, 6.6, 5.7, 340, 264, 73865.5, 366.8, 13.2, 344.9, 150.2, 8.1
2, 15/01/2019 16:59:43, 130334, 71.4, 104, 20.4, 1574.7, 549.6, 69.5, 5.7, 1, 326.2, 266.2, 73944.4, 311.2, 14.4, 375.2, 160.2, 9.9
2, 15/01/2019 17:19:42, 130335, 73.4, 112.8, 20.4, 1422.3, 647.7, 70.9, 4.4, 2.3, 417.5, 288.7, 70284.4, 292.5, 14.2, 372.4, 154.5, 7
2, 15/01/2019 17:39:43, 130336, 66.6, 87.7, 18.8, 748.9, 918, 73.6, 4.9, 0.3, 269.3, 224.6, 68064.2, 400.2, 13.6, 328.4, 157.2, 8.4
2, 15/01/2019 17:59:43, 130337, 69.3, 110, 19.8, 1369.3, 1596.4, 70.5, 3.9, 0.5, 375.9, 281.6, 69284.4, 371, 13.2, 313.2, 145.5, 10.7
2, 15/01/2019 18:19:42, 130338, 63.6, 83.2, 18.4, 1799.4, 708.2, 72.5, 4.6, 0.6, 266, 213, 68575.4, 394, 10.7, 264.5, 128.7, 7.7
2, 15/01/2019 18:39:42, 130339, 64.4, 81.4, 17.8, 1731.6, 619.3, 65.6, 2.7, 2.6, 285.8, 208.5, 72631.4, 392.7, 10.7, 252.8, 120.6, 8
2, 15/01/2019 18:59:42, 130340, 63.1, 99.6, 18.2, 1657.8, 480.1, 60.8, 4.3, 0.7, 444.9, 255, 72127.7, 349.6, 10.7, 244.2, 120.9, 11.9
2, 15/01/2019 19:19:42, 130341, 66.9, 79.7, 19.3, 763.3, 475.9, 59.4, 5, 1, 248.9, 203.9, 72055, 319.7, 8.3, 193.8, 123.5, 7
2, 15/01/2019 19:39:42, 130342, 59.6, 74.8, 16.8, 1019.9, 429.8, 53.3, 4, 2, 293.6, 191.5, 66434.6, 336.8, 7.3, 168.8, 103.4, 8
2, 15/01/2019 19:59:43, 130343, 43.3, 69.5, 15, 472.9, 262.3, 51.4, 4, 0, 295.6, 178, 62985.4, 325.6, 6.8, 148.7, 109.8, 5.4
2, 15/01/2019 20:20:42, 130344, 56.9, 75.6, 17, 1350.5, 299, 56.5, 4.2, 0.4, 261.2, 193.4, 69598.2, 310.3, 7.8, 181.8, 122.9, 3.7
2, 15/01/2019 20:39:43, 130345, 58.3, 76.6, 17.4, 1334.7, 327.5, 59, 3.7, 0.7, 285.4, 196, 71344.5, 364.8, 9.3, 227.4, 136.1, 4.6
2, 15/01/2019 20:59:42, 130346, 38.6, 58, 14.7, 973.7, 300.9, 53.2, 3, 0, 248.5, 148.5, 69010.5, 315.2, 8, 187.3, 136.8, 10.1
2, 15/01/2019 21:19:42, 130347, 44.3, 49.9, 15.8, 484.5, 305.4, 57.5, 3.9, 0, 222, 127.7, 67894.2, 309.4, 7.6, 168.5, 154.5, 5.8
2, 15/01/2019 21:39:42, 130348, 41.7, 38, 15.4, 730.4, 330.2, 63.1, 2.9, 0, 145.8, 97.2, 64419.1, 329.7, 7.1, 155.1, 186.7, 7.1
2, 15/01/2019 21:59:42, 130349, 43.5, 43.4, 15.6, 1539.6, 297.1, 60.2, 4.1, 0, 166.6, 111.2, 62922.5, 307.5, 7.2, 158, 175.5, 4.6
2, 15/01/2019 22:19:42, 130350, 52.4, 59.6, 17.6, 2852.5, 307, 48.7, 4.3, 0, 221.1, 152.5, 65562.4, 344, 11.3, 261.1, 150.3, 6.5
2, 15/01/2019 22:39:42, 130351, 40.3, 44, 14.1, 1068.9, 287.3, 39.7, 2.6, 0, 205.1, 112.5, 59374, 295.6, 9.9, 220.4, 109.2, 6.6
2, 15/01/2019 22:59:41, 130352, 50.6, 69.4, 15.7, 1515.9, 434.2, 34.2, 2.9, 5.1, 351.5, 177.6, 64864.1, 320.3, 15.2, 294.4, 104.5, 5.4
2, 15/01/2019 23:19:41, 130353, 57.4, 62.2, 16.3, 1490.9, 414, 28, 4.4, 5.7, 219.3, 159.2, 59328.9, 304.9, 16.1, 322.8, 94.5, 5.6
2, 15/01/2019 23:39:41, 130354, 48.3, 56, 12.7, 576.9, 390, 25.1, 3, 7.8, 201.7, 143.4, 59166.3, 312.4, 13.6, 259.7, 83.4, 3.5
3, 14/01/2019 23:59:22, 130283, 39.5, 56.3, 9.1, 24132.8, 349, 2.7, 0.6, 6, 244, 144.1, 50950, 590.2, 24.2, 326.8, 10.1, 11.6
3, 15/01/2019 00:19:22, 130284, 49.2, 89.6, 10.3, 20608.8, 138.1, 1.3, 0.6, 9.1, 306.5, 229.4, 71066.7, 916.3, 45.5, 429.5, 10.1, 31.1
3, 15/01/2019 00:40:22, 130285, 52.8, 73.6, 10.9, 7611.4, 159.3, 0.8, 0.7, 14.4, 260.5, 188.4, 72336.2, 866.8, 39.2, 500.6, 9.7, 6.2
3, 15/01/2019 00:59:21, 130286, 39.7, 77.3, 8.8, 22356.7, 151.9, 3.3, 0.5, 21.6, 244, 197.9, 74163.3, 477, 38.6, 511.2, 6.8, 6.4
3, 15/01/2019 01:19:22, 130287, 35.3, 70.3, 8.9, 2003.5, 150.1, 0.8, 0.6, 13.3, 248.3, 180.1, 63699.9, 386.9, 39.7, 472.7, 4.9, 7.8
3, 15/01/2019 01:40:22, 130288, 31.8, 63.3, 9, 6612.5, 143.4, 1.1, 0.6, 7, 195.7, 162.1, 64213, 363.1, 35.2, 405.3, 11.3, 7
3, 15/01/2019 01:59:22, 130289, 34.3, 87, 8.7, 23053.2, 152.8, 2.2, 0.6, 26, 356.5, 222.6, 84820.6, 433.1, 34.2, 470.1, 6.2, 6.9
3, 15/01/2019 02:19:22, 130290, 28.1, 67.9, 8.1, 6279.9, 216.2, 2.4, 0.6, 17.1, 238.5, 173.7, 72924.8, 390.6, 31.4, 449.5, 3.8, 6.1
3, 15/01/2019 02:39:22, 130291, 26, 60.9, 7.5, 6270, 128, 0.7, 0.5, 18.9, 212.5, 156, 59560.8, 329.7, 30, 375.1, 4.3, 5.9
3, 15/01/2019 03:00:21, 130292, 34.5, 68.6, 9.1, 20508.1, 155.7, 5, 0.6, 19.8, 251.7, 175.7, 55347.7, 442.7, 33.2, 452.1, 4.7, 7.5
3, 15/01/2019 03:19:21, 130293, 28.7, 51.9, 8.1, 5197.5, 195.6, 0.8, 0.5, 18.7, 174, 132.9, 41056.4, 297.5, 27.1, 345.7, 5.6, 5.9
3, 15/01/2019 03:40:21, 130294, 35.1, 67, 8.7, 53703.1, 71.6, 3.4, 0.7, 15.9, 357.8, 171.5, 49133.2, 483.3, 27.4, 417.2, 4.3, 20.6
3, 15/01/2019 03:59:21, 130295, 37.4, 129.4, 9.2, 93387.5, 61.8, 9.7, 0.6, 14.9, 410.8, 331.3, 46669, 467.9, 40.3, 720.4, 2.5, 64.5
3, 15/01/2019 04:19:21, 130296, 49.8, 84.7, 10.8, 22402.9, 259.6, 5.2, 0.8, 23.1, 443.5, 216.9, 65706.8, 552.2, 35.7, 552.9, 3.6, 10.6
3, 15/01/2019 04:39:21, 130297, 64.3, 75.6, 11.3, 7560.6, 283.7, 3.1, 0.7, 12.3, 248.9, 193.6, 63360.3, 513.1, 35.3, 452.5, 3.3, 5.8
3, 15/01/2019 04:59:21, 130298, 52.1, 68.1, 10.9, 14355.3, 321, 2.2, 0.8, 7.1, 218.2, 174.3, 64218.6, 407.2, 30.4, 495.3, 3, 8.9
3, 15/01/2019 05:19:21, 130299, 47.4, 59.1, 10.5, 2121.4, 276.4, 1.5, 0.7, 7.4, 177.9, 151.2, 60030.9, 323.2, 29.3, 476.1, 4, 7.7
3, 15/01/2019 05:39:21, 130300, 36.4, 46.8, 8.5, 1354.9, 106, 2.9, 0.6, 3.7, 160.3, 119.7, 48426.6, 323.7, 26.3, 360.3, 7.4, 6.3
3, 15/01/2019 05:59:21, 130301, 35.5, 59.3, 8.8, 14932.6, 106.9, 3.6, 0.6, 13.2, 194, 151.7, 90724.7, 394.3, 33.4, 544.6, 9.5, 7.5
3, 15/01/2019 06:19:20, 130302, 53.4, 71.8, 10.5, 2903.4, 324.2, 6.2, 0.7, 5.8, 240.3, 183.9, 74341.7, 362.1, 28.8, 601.9, 5.6, 6.6
3, 15/01/2019 06:40:20, 130303, 73.6, 93.3, 13, 3722.4, 169, 6.5, 0.9, 13.8, 288.5, 238.9, 59839.1, 273.8, 28.6, 606.5, 5, 4.9
3, 15/01/2019 07:00:20, 130304, 70.9, 137.5, 15.1, 32943.5, 215.5, 4.5, 18.8, 42.3, 424, 352.1, 110832.4, 275.5, 32.7, 1020.8, 3.2, 16.6
3, 15/01/2019 07:19:26, 130305, 80.9, 128.4, 17, 2460.2, 454.1, 7.7, 13.5, 23.9, 394.1, 328.6, 85703.5, 324.3, 37.9, 975.6, 4.7, 12.4
3, 15/01/2019 07:40:25, 130306, 79.8, 102.8, 16.6, 3161.3, 204.6, 6, 2.3, 6.1, 302.2, 263.2, 72863.5, 288.4, 33.2, 813.1, 5.9, 11.6
3, 15/01/2019 07:59:20, 130307, 81.7, 103, 15.5, 21508.1, 278.6, 4.2, 2.5, 9.8, 297.6, 263.7, 68419.2, 420.2, 35.6, 787.8, 3.7, 9.9
3, 15/01/2019 08:20:20, 130308, 78.3, 89.2, 14.7, 4438.4, 457.5, 4.3, 0.9, 2, 261.2, 228.4, 63414.2, 374.1, 31.6, 712, 4.5, 7.1
3, 15/01/2019 08:39:20, 130309, 78.5, 97.3, 14.6, 3259.3, 312.2, 13.9, 1.6, 12, 308.2, 249, 78680.7, 423, 30, 662.3, 3.6, 9.6
3, 15/01/2019 09:00:20, 130310, 78.6, 130.9, 14.8, 16009.4, 372.4, 17.8, 14.9, 30.8, 418.6, 335.1, 78009, 343.3, 35.2, 852.4, 3.2, 12.2
3, 15/01/2019 09:19:19, 130311, 76.5, 108.8, 13.9, 3796.4, 299.4, 37.7, 1.4, 30.7, 340.4, 278.6, 57738.4, 392.5, 35.6, 695.8, 3.1, 7.6
3, 15/01/2019 09:39:25, 130312, 69.3, 114.1, 12.3, 3265.9, 372.2, 43.7, 1.1, 40, 337.1, 292, 53286.3, 311, 37, 672.8, 3.1, 6.1
3, 15/01/2019 09:59:25, 130313, 75.5, 142.6, 12.9, 15018.4, 303.1, 26, 4.4, 43.3, 489.6, 365, 46350.8, 468.4, 43.3, 825.2, 3.3, 6.2
3, 15/01/2019 10:19:25, 130314, 54.9, 105.2, 10.7, 3594.2, 182.4, 39.9, 1.7, 33.3, 396.7, 269.3, 41687.7, 372.7, 36.3, 591.2, 3.8, 7.3
3, 15/01/2019 10:39:25, 130315, 33.2, 87.3, 8.5, 2779.3, 237.6, 49.9, 0.6, 38.6, 283.5, 223.6, 36197.7, 535.6, 40.1, 600.4, 4.8, 8.4
3, 15/01/2019 10:59:25, 130316, 34.5, 100.9, 8.5, 47883.7, 247.4, 48.2, 0.6, 52.1, 362.9, 258.3, 53878.1, 506.6, 40.8, 559.4, 3.3, 11.5
3, 15/01/2019 11:20:24, 130317, 33.3, 95.2, 8, 4818.1, 306.2, 61.2, 0.5, 51.7, 299.7, 243.8, 59040.5, 431.5, 39, 495, 5.1, 7.1
3, 15/01/2019 11:40:24, 130318, 34.5, 94.2, 8.3, 5045.2, 370, 71.2, 0.6, 44.9, 315.7, 241.1, 50928.7, 385.9, 39.5, 501.8, 3.2, 10.8
3, 15/01/2019 11:59:24, 130319, 42.4, 93.6, 9.1, 24128.3, 348.7, 52.6, 0.7, 34, 334.4, 239.7, 76445.9, 501.4, 36.9, 514.5, 2.9, 16.1
3, 15/01/2019 12:19:24, 130320, 70.2, 136.6, 10.9, 8883.5, 441.2, 47.9, 7.2, 55, 409.1, 349.8, 52834.6, 373.4, 41.9, 705.5, 2.6, 6.9
3, 15/01/2019 12:39:24, 130321, 52, 109.2, 9.5, 4677.8, 449, 46.8, 0.6, 44.6, 323.6, 279.5, 65109.7, 260.9, 40.8, 638.2, 2.6, 7.6
3, 15/01/2019 12:59:24, 130322, 60.9, 108.2, 10.9, 16677.7, 495.5, 41.8, 0.9, 43.4, 300.6, 276.9, 74018.4, 446.7, 39.3, 652.4, 2.7, 9.2
3, 15/01/2019 13:19:24, 130323, 39.6, 95.3, 9.3, 3529.6, 225.7, 40, 0.8, 35.7, 289.2, 243.9, 52245.8, 375.1, 37.9, 540.4, 3.4, 7.7
3, 15/01/2019 13:40:24, 130324, 45.1, 95.1, 11.1, 4282.5, 317.1, 44.7, 0.6, 38.9, 298.2, 243.4, 102838.2, 290.3, 38.7, 545.4, 4.4, 12.2
3, 15/01/2019 13:59:24, 130325, 48.6, 102.9, 10.6, 15208.1, 406, 12.5, 0.9, 28.5, 365.6, 263.5, 80699.4, 387.2, 38.5, 580.2, 3.3, 12
3, 15/01/2019 14:20:29, 130326, 32.5, 81.1, 8.9, 5008, 76.4, 6.1, 0.6, 22.4, 288.6, 207.6, 59531.9, 356.1, 32.8, 458.9, 4.7, 12.7
3, 15/01/2019 14:39:29, 130327, 26.9, 69.7, 8.2, 12709, 68.7, 6.4, 0.6, 24.7, 233.2, 178.5, 71202.9, 294.8, 30.2, 411.2, 3.2, 12.8
3, 15/01/2019 14:59:28, 130328, 32.8, 70.9, 8.6, 22108.4, 100.4, 8.1, 0.5, 22.9, 268.6, 181.6, 45112, 337.6, 30.8, 417.9, 3.9, 13.2
3, 15/01/2019 15:19:28, 130329, 29.5, 67.5, 8.5, 22426.3, 76.6, 5.3, 0.5, 9.8, 206.6, 172.9, 41387, 425.6, 27.8, 388.2, 4.1, 12.3
3, 15/01/2019 15:39:29, 130330, 26.1, 59.1, 7.7, 15864.7, 60.1, 10.2, 0.5, 18.8, 185.4, 151.4, 43652.7, 387.2, 28.6, 369.8, 7.6, 10.5
3, 15/01/2019 15:59:29, 130331, 31.5, 64.3, 7.9, 33516, 160.6, 11.9, 0.5, 17.7, 221.5, 164.5, 72297.9, 403.9, 33.3, 499.2, 11.9, 8.6
3, 15/01/2019 16:19:28, 130332, 26.4, 52.9, 7.7, 5673.7, 53.3, 5.5, 0.5, 9.6, 186.3, 135.5, 41366.2, 501.3, 30.4, 396.6, 14.8, 7.7
3, 15/01/2019 16:39:29, 130333, 27.3, 58.2, 7.2, 5666.2, 105.3, 9.2, 0.4, 18.3, 206.2, 148.9, 51005.3, 404.6, 31.3, 415.4, 12, 7.5
3, 15/01/2019 16:59:28, 130334, 26.3, 64.2, 6.7, 18773.4, 104.2, 10.9, 0.5, 17.4, 189.1, 164.3, 70557.8, 362.1, 32.2, 458.7, 10.8, 7.7
3, 15/01/2019 17:20:28, 130335, 39.9, 105.6, 9.3, 2144, 133.6, 10.5, 1.5, 22, 542.7, 270.4, 74344.6, 397.1, 37, 920.7, 6.4, 7.9
3, 15/01/2019 17:39:28, 130336, 34.2, 97.4, 7.3, 6970.8, 255.7, 17.5, 0.5, 47.9, 450.9, 249.3, 79247.4, 368.7, 49.2, 923.3, 4.1, 7.2
3, 15/01/2019 17:59:28, 130337, 38.3, 116.2, 8.3, 23355.4, 114.7, 12.9, 2.6, 51.2, 391.4, 297.5, 78867.2, 525.4, 52.9, 873.4, 4.3, 9
3, 15/01/2019 18:19:28, 130338, 45.4, 116.4, 10.1, 5183.1, 342.2, 12.8, 1.1, 51.4, 390.9, 298, 78275, 428.7, 49.9, 953.7, 3.9, 8.9
3, 15/01/2019 18:39:28, 130339, 36, 93.2, 7.5, 2045.3, 117, 8.8, 0.5, 37.6, 311.5, 238.7, 66271.4, 330.5, 46.7, 1005.7, 5.5, 8.4
3, 15/01/2019 18:59:28, 130340, 37.8, 90.4, 7.7, 30162, 115, 18.6, 0.5, 28.3, 323.5, 231.4, 71514.9, 474.5, 48.3, 1205.7, 6.9, 9.7
3, 15/01/2019 19:19:28, 130341, 37.8, 91.9, 7.8, 6468.9, 179.8, 12.9, 0.6, 33.9, 414.2, 235.3, 74730, 437.9, 48.8, 871.5, 7, 7.1
3, 15/01/2019 19:39:28, 130342, 33.6, 79.1, 7.5, 5669.3, 268.8, 8.6, 0.5, 25.9, 279.3, 202.5, 80424.4, 325, 47.3, 674.9, 3.9, 8.1
3, 15/01/2019 19:59:27, 130343, 37.7, 77.3, 7.7, 13091.1, 198.4, 12.1, 0.6, 20.6, 266.6, 197.9, 106675.6, 419.9, 34.7, 632.4, 0.8, 7.7
3, 15/01/2019 20:20:28, 130344, 41.1, 87.8, 8.4, 1792.7, 290.8, 16.7, 0.5, 21.9, 307.3, 224.7, 58137.1, 314.1, 32, 646, 1.9, 7.7
3, 15/01/2019 20:39:43, 130345, 37.1, 81.4, 6.4, 4564.8, 157.9, 8.8, 0.4, 18.4, 273.1, 208.3, 54956.4, 304.9, 28.6, 558.1, 1.5, 6.6
3, 15/01/2019 20:59:42, 130346, 31.7, 65.4, 6.4, 17831.7, 113.4, 10.3, 0.4, 11.7, 246.5, 167.3, 90588.2, 400.2, 26, 484.5, 2.4, 7.4
3, 15/01/2019 21:19:43, 130347, 29.2, 59.8, 6, 5826.3, 182, 6.1, 0.4, 11.6, 246.1, 153.1, 41619.5, 345.7, 22.2, 354.1, 1.7, 5.7
3, 15/01/2019 21:39:42, 130348, 21.8, 42.5, 5.7, 4733.9, 53.2, 7.5, 0.4, 4.3, 206.5, 108.7, 38742.6, 272.6, 19, 272.9, 3, 8.1
3, 15/01/2019 21:59:42, 130349, 39.3, 64.5, 9.1, 18114.3, 233.6, 9.4, 0.6, 0.8, 250.4, 165.2, 57149.6, 477.7, 27, 525.7, 3.1, 10.7
3, 15/01/2019 22:19:42, 130350, 19.5, 40.1, 5.8, 4971.8, 52.2, 5.8, 0.5, 0.2, 156.5, 102.7, 33353.7, 319.7, 17.8, 261.1, 1.8, 8.1
3, 15/01/2019 22:39:42, 130351, 16, 33.3, 4.6, 4949.9, 51.8, 0.5, 0.4, 0.2, 131.1, 85.2, 33758.5, 285.8, 16.4, 246.4, 0.7, 5.7
3, 15/01/2019 22:59:42, 130352, 23.6, 41.3, 5.6, 17388.2, 184.8, 0.9, 0.4, 0.5, 157.4, 105.8, 65519.2, 339.3, 18.5, 345.4, 0.6, 5.9
3, 15/01/2019 23:19:42, 130353, 12, 29.9, 3.9, 4905.8, 14.2, 0.1, 0.3, 0, 137.6, 76.6, 32250, 378, 15, 223.4, 0.7, 4.9
3, 15/01/2019 23:39:42, 130354, 13.6, 32.5, 4.3, 5194.5, 47.4, 0.1, 0.4, 0.7, 110.1, 83.2, 33419.6, 281, 15.4, 200.9, 0.9, 4.3
4, 14/01/2019 23:59:24, 130283, 26.5, 35.6, 6.2, 19470.8, 34.2, 2.2, 0.4, 0, 160.6, 91.1, 28430.1, 225.3, 23.9, 375.9, 3, 10.9
4, 15/01/2019 00:19:24, 130284, 39.4, 61.9, 9, 21475.5, 88.1, 1.9, 0.6, 0, 270.5, 158.5, 42383.2, 451.6, 38, 448.5, 6.2, 24.1
4, 15/01/2019 00:40:24, 130285, 50.6, 54.3, 10.5, 3427.7, 137.7, 3, 0.7, 0, 181.4, 139, 54241.4, 341.8, 33.6, 465.1, 8.8, 7.4
4, 15/01/2019 00:59:24, 130286, 41.9, 56.8, 8.7, 15053.6, 133.8, 1.3, 0.6, 0.3, 230.6, 145.4, 58008.9, 274.6, 33.3, 450.9, 9.2, 7.8
4, 15/01/2019 01:19:24, 130287, 55.2, 65.8, 11.2, 5839, 288.4, 0.8, 0.9, 0.5, 259.1, 168.5, 65643.7, 235.7, 31.6, 483.3, 8.2, 8.4
4, 15/01/2019 01:40:24, 130288, 36.7, 49.1, 8.1, 7701.2, 174.6, 0.7, 0.6, 2.1, 174.9, 125.8, 48164.8, 155.3, 28.5, 417.9, 10, 6.6
4, 15/01/2019 01:59:23, 130289, 40.2, 57.1, 9, 14566, 225.7, 3.1, 0.6, 3.3, 228.5, 146.2, 63194.4, 163.6, 30.8, 534.6, 7.6, 8.1
4, 15/01/2019 02:19:23, 130290, 49, 61.1, 9.8, 1062.1, 310.2, 1.9, 0.6, 2.3, 240.5, 156.4, 42184.7, 122.4, 28.3, 541.3, 8.2, 6.1
4, 15/01/2019 02:39:23, 130291, 27.9, 33.8, 6.6, 3105.1, 117.5, 1.1, 0.5, 0.1, 125.1, 86.5, 37654.8, 158.9, 22.2, 340.8, 9.6, 5.9
4, 15/01/2019 03:00:23, 130292, 44.2, 57.3, 9.7, 21309, 274.9, 5.6, 0.6, 10.2, 217.4, 146.7, 86915.3, 196.9, 26.3, 386, 9.2, 7
4, 15/01/2019 03:19:24, 130293, 40.1, 51.6, 9.4, 1391.9, 314.2, 7.4, 0.6, 12.4, 183.6, 132.1, 45521.9, 239.4, 22.3, 301.4, 9.5, 7.9
4, 15/01/2019 03:40:23, 130294, 40.5, 85.4, 8.3, 22769.5, 124.8, 8.8, 1.2, 15.2, 1006.7, 218.7, 65025.1, 329.6, 25.5, 363.1, 9.4, 18.2
4, 15/01/2019 03:59:23, 130295, 53.2, 137, 11, 109434.8, 129.7, 12.6, 0.7, 8.7, 488.7, 350.8, 107260.3, 3450.3, 39, 745.5, 4.5, 64
4, 15/01/2019 04:19:23, 130296, 69.2, 75.2, 15, 23342.1, 589.5, 14.5, 1.5, 1.8, 319.3, 192.5, 131223.8, 4104.5, 30.4, 742.9, 4.9, 14.4
4, 15/01/2019 04:39:23, 130297, 50.9, 53.6, 10.1, 7432, 481.1, 5.5, 0.7, 0.6, 240.9, 137.1, 60851.1, 5057.8, 21.6, 498.7, 4.1, 8.5
4, 15/01/2019 04:59:23, 130298, 48.4, 50.8, 9.3, 39673.9, 387.8, 4.2, 0.6, 2.9, 208, 130.1, 60761.6, 4615.5, 24.1, 495.8, 4.6, 11.4
4, 15/01/2019 05:19:23, 130299, 36.1, 35, 7.9, 6031.1, 375.8, 4.8, 0.5, 0.6, 140.8, 89.6, 69217.6, 1304.7, 17.7, 395.6, 6.5, 6.3
4, 15/01/2019 05:39:23, 130300, 29.5, 29.4, 6.4, 6050.8, 147.2, 3.6, 0.4, 0, 111.5, 75.2, 18527.1, 7010.9, 16.2, 318, 7.4, 4.7
4, 15/01/2019 05:59:23, 130301, 41.3, 47.2, 9.6, 24694, 357.1, 11.8, 0.6, 0.1, 177, 120.9, 70833.1, 292.1, 23.6, 529.6, 8.3, 8.7
4, 15/01/2019 06:19:23, 130302, 47.9, 60.9, 10, 7363.2, 170.8, 13.1, 0.7, 1.9, 217, 156, 50759.3, 290.5, 23.7, 584, 4.5, 7.8
4, 15/01/2019 06:40:22, 130303, 67.8, 72.9, 13, 7969.6, 220, 5.5, 0.7, 4.4, 232.2, 186.5, 63475, 160.1, 20.8, 480.2, 4.5, 6.3
4, 15/01/2019 07:00:22, 130304, 82.4, 120.3, 15.7, 19704.9, 249.6, 5, 10.3, 19.5, 353, 308, 67884.5, 166.1, 31.6, 733.8, 5.3, 11.6
4, 15/01/2019 07:19:22, 130305, 84.8, 126.8, 16.2, 6872.9, 304.5, 11.5, 6.4, 15, 378.7, 324.6, 85212.1, 167.4, 32.5, 748.2, 8.6, 8.3
4, 15/01/2019 07:40:22, 130306, 78.7, 142.4, 16, 5036.1, 498.5, 9.3, 25, 38.8, 499.8, 364.5, 66617, 130.4, 34.2, 910.9, 7.4, 8.9
4, 15/01/2019 07:59:22, 130307, 70.4, 98.1, 13.4, 18786.2, 96.4, 3.9, 1.7, 9.9, 301.3, 251.2, 71881.4, 182.8, 32.1, 685.2, 7.8, 7.9
4, 15/01/2019 08:20:22, 130308, 81, 104.8, 16.9, 9329.3, 179.5, 23.3, 2.8, 16.9, 300.6, 268.3, 60135.7, 244.3, 34.3, 736.1, 8.4, 9.6
4, 15/01/2019 08:39:22, 130309, 79.5, 102.6, 15.7, 20705.6, 205.5, 26.2, 1.7, 24.7, 378.7, 262.7, 58797.2, 290.3, 32.7, 695.6, 7.1, 6
4, 15/01/2019 09:00:22, 130310, 79.6, 115.2, 15.8, 24399.9, 182.4, 20.4, 4.9, 25, 421.7, 294.9, 60143.6, 237.7, 36.4, 797.7, 7.7, 7.8
4, 15/01/2019 09:19:22, 130311, 82, 109.6, 17.2, 4368.2, 201.9, 20.9, 4.3, 25.4, 323.9, 280.4, 69706.8, 216, 33.4, 680.5, 7.6, 7.4
4, 15/01/2019 09:39:22, 130312, 73.5, 95.6, 13.9, 5248.4, 195.5, 21.1, 1.3, 24.5, 291.9, 244.8, 51205, 187.8, 35.3, 682.3, 8.5, 3.3
4, 15/01/2019 10:00:21, 130313, 75.8, 115.3, 13.8, 24799.2, 188.9, 17.5, 3.3, 23.8, 389.8, 295.1, 49992.7, 180.1, 41.4, 804.1, 4.3, 5.5
4, 15/01/2019 10:19:22, 130314, 58.1, 91.5, 11.4, 5089.5, 168, 28.1, 3.8, 26.5, 399.4, 234.2, 42719.8, 213.2, 33.2, 667.3, 4.4, 4.4
4, 15/01/2019 10:39:21, 130315, 45.5, 85.6, 10.1, 5031.8, 246.2, 24.8, 1.5, 31.2, 398.4, 219.2, 73386.4, 184.5, 35.6, 703.3, 4.4, 4.4
4, 15/01/2019 10:59:22, 130316, 68, 106.7, 13.3, 17033, 472.3, 3.9, 2.1, 29.6, 394.4, 273.1, 111993.1, 127.7, 33.5, 784.9, 4.2, 9.5
4, 15/01/2019 11:20:21, 130317, 59.1, 77, 11.2, 4392.2, 447.6, 7.4, 0.6, 21.5, 228.8, 197.1, 93652.8, 132, 28.2, 585, 5.1, 5.2
4, 15/01/2019 11:40:21, 130318, 49.6, 72.1, 9.5, 13836.6, 383.9, 26.3, 0.5, 24.9, 211.8, 184.5, 55813.4, 101, 27.5, 545.2, 4.4, 7.4
4, 15/01/2019 11:59:21, 130319, 43.1, 71, 8.8, 41448.3, 242.3, 21.9, 0.5, 12.3, 236.2, 181.6, 71862.7, 111.7, 29.8, 597.2, 4.1, 10.1
4, 15/01/2019 12:19:22, 130320, 65.7, 109.4, 11.7, 7187.9, 242.8, 25.5, 9.3, 21.7, 596.1, 280, 57958.1, 108.1, 33.1, 868.4, 3.3, 6.4
4, 15/01/2019 12:39:21, 130321, 42.3, 54.3, 8.3, 4179.3, 248.4, 27.6, 0.6, 3, 172.3, 139, 46643.5, 127.1, 27.9, 676.7, 4.3, 6.1
4, 15/01/2019 12:59:21, 130322, 44.1, 49.6, 8.5, 22039.6, 262.6, 21.6, 0.6, 4, 162.6, 127.1, 50394.9, 157.1, 27.3, 620, 5.3, 7.4
4, 15/01/2019 13:19:21, 130323, 36.9, 41.8, 7.3, 6413.9, 194.7, 6.7, 0.5, 1.6, 137.2, 107, 55816.3, 128.5, 26.1, 580.5, 6.1, 5.5
4, 15/01/2019 13:40:21, 130324, 42.1, 50, 8.3, 5885.9, 354.9, 22.3, 0.7, 2.6, 258.7, 128, 55674.3, 114.7, 25.4, 619.8, 5.5, 7.8
4, 15/01/2019 13:59:21, 130325, 43, 56, 8.8, 21821.4, 231.2, 11.4, 0.6, 1.6, 302.8, 143.2, 73140.6, 144.6, 27.5, 635.8, 5.4, 9.9
4, 15/01/2019 14:20:21, 130326, 35, 47.8, 7.9, 4179.1, 259.5, 20.1, 0.5, 4.6, 158.1, 122.3, 51894.1, 90.6, 25.4, 503.9, 4.6, 7.1
4, 15/01/2019 14:39:21, 130327, 38.4, 46.4, 7.6, 4518.2, 213.5, 20.9, 0.9, 1.7, 291.2, 118.7, 49375.2, 135.9, 22.3, 487, 0.4, 7.7
4, 15/01/2019 14:59:20, 130328, 44.4, 47.6, 9, 24808.4, 324, 11.7, 0.6, 2.3, 216.7, 121.8, 78912, 168.6, 19.2, 467, 0.6, 7.7
4, 15/01/2019 15:19:21, 130329, 50.5, 54.7, 8.8, 1781.7, 350.5, 6.3, 0.6, 0.5, 198.4, 140.1, 62665.9, 95.3, 18, 556.6, 0.5, 6.8
4, 15/01/2019 15:40:21, 130330, 37.5, 39.4, 6.4, 1508.6, 348.8, 19.5, 0.4, 0.1, 241.3, 101, 67920.9, 66.1, 18.1, 523.7, 0.4, 5.9
4, 15/01/2019 15:59:21, 130331, 36.5, 50.5, 7, 21478.6, 217, 8.3, 0.5, 0.1, 217.5, 129.3, 51179.9, 116.2, 23.9, 542.5, 0.6, 7.4
4, 15/01/2019 16:19:21, 130332, 47.5, 71.4, 8.6, 2898.8, 332.2, 16.3, 0.6, 6.3, 476.6, 182.9, 49226.9, 123, 26.6, 604.3, 1, 4.6
4, 15/01/2019 16:39:20, 130333, 41.6, 44.8, 8, 3376.7, 366.3, 9.8, 0.5, 0.4, 226.6, 114.8, 63620.4, 188.1, 20.8, 487.4, 0.4, 6.1
4, 15/01/2019 16:59:25, 130334, 29.8, 47, 6, 23079.3, 149.2, 17.2, 0.4, 2.1, 221.2, 120.2, 52981.8, 129.4, 26.2, 472.4, 0.6, 5.1
4, 15/01/2019 17:20:25, 130335, 44.1, 86.6, 9.8, 6097.1, 192.6, 16.8, 1, 3.9, 471.6, 221.6, 101231.4, 165.4, 37.6, 1117.6, 0.6, 9.2
4, 15/01/2019 17:39:25, 130336, 57.3, 80.2, 11.8, 10227.3, 364.9, 34.9, 1.3, 5.7, 365.8, 205.4, 88050.7, 151.1, 41, 1177.1, 0.2, 10.6
4, 15/01/2019 17:59:25, 130337, 41.7, 58.7, 9, 15123.1, 236.9, 8.3, 0.6, 1, 209.4, 150.2, 73513.3, 118.9, 33.4, 959.8, 0.2, 11.2
4, 15/01/2019 18:19:25, 130338, 52.5, 71.5, 10.8, 2695.4, 212.9, 9.1, 1.2, 2.6, 262.8, 183.1, 87924.2, 127, 33.5, 957.3, 1.5, 10
4, 15/01/2019 18:39:25, 130339, 41.7, 62.7, 8.6, 37613.1, 169.5, 16.6, 0.6, 0.2, 223.8, 160.4, 75867.1, 109.9, 29.5, 875.2, 1.4, 10.4
4, 15/01/2019 18:59:25, 130340, 45.7, 65.6, 10.2, 57115.3, 142.9, 10.2, 0.9, 1, 283.4, 168, 123712.5, 189.3, 34.2, 1058.1, 3.8, 14
4, 15/01/2019 19:19:25, 130341, 57.3, 75, 11.4, 2933.4, 239.4, 7.8, 0.7, 0.7, 252, 191.9, 65241.9, 135.2, 31.8, 994.7, 1.9, 9.6
4, 15/01/2019 19:40:25, 130342, 30.8, 48.6, 6.5, 1750.6, 39.2, 3.8, 0.5, 0, 223.1, 124.5, 62469.8, 750.7, 23, 645.5, 2.1, 7.2
4, 15/01/2019 19:59:25, 130343, 31.9, 54.1, 6.9, 21161.2, 130.5, 5.8, 0.5, 0, 281.4, 138.4, 61931.1, 479.4, 29.8, 733.7, 3, 5.9
4, 15/01/2019 20:20:24, 130344, 33.5, 50.3, 7.5, 6647.2, 222, 10.3, 0.5, 0, 225.9, 128.8, 58107.4, 743.5, 27.4, 707.7, 3.3, 5.9
4, 15/01/2019 20:39:25, 130345, 27.5, 50.1, 6.2, 1511.3, 80.2, 10.8, 0.5, 0, 235.9, 128.3, 55911.7, 798.6, 24.9, 667.8, 2.8, 5.5
4, 15/01/2019 20:59:24, 130346, 48.3, 77.1, 10.6, 27716.9, 105.3, 7.4, 0.7, 0.6, 312.6, 197.4, 68253.5, 618.7, 26.9, 746.2, 1.9, 10
4, 15/01/2019 21:19:19, 130347, 39.8, 53.4, 8.9, 3943.6, 106.2, 7.8, 0.6, 0.1, 178.3, 136.7, 85692.5, 793, 20.4, 527.3, 1.5, 6.9
4, 15/01/2019 21:40:20, 130348, 33.9, 45.2, 7.3, 2761.2, 101.8, 9.3, 0.5, 0, 184.2, 115.8, 67357.7, 939.9, 19, 396.7, 2.4, 5.8
4, 15/01/2019 22:00:19, 130349, 32.1, 47, 6.8, 20252.9, 104, 18.1, 0.5, 0, 169.5, 120.3, 65656.2, 1010.8, 23.6, 620.1, 2.5, 5.7
4, 15/01/2019 22:19:19, 130350, 25.4, 36, 5.4, 735.4, 88.3, 10.1, 0.4, 0, 146.9, 92.1, 62784.3, 886.4, 17.3, 429.5, 2, 4.7
4, 15/01/2019 22:40:19, 130351, 25.7, 37.8, 5.4, 1279.7, 78.9, 11.5, 0.4, 0, 243.6, 96.7, 61721.5, 878.7, 18.7, 461.2, 1.3, 5.3
4, 15/01/2019 22:59:19, 130352, 27, 40.1, 5.4, 17416.1, 79.3, 9.8, 0.4, 0, 131.8, 102.7, 52793.8, 753.6, 18.1, 458.4, 1.2, 4.6
4, 15/01/2019 23:19:19, 130353, 24.2, 32.6, 5.1, 1886.5, 56.7, 6.4, 0.4, 0, 151.2, 83.6, 47816.6, 1269.8, 16.4, 347, 1.7, 4.3
4, 15/01/2019 23:40:19, 130354, 22.5, 31.4, 4.7, 605.2, 36.7, 1.7, 0.4, 0, 137.5, 80.3, 48293.7, 965.3, 14.4, 263.1, 1.4, 5.4
