HOST, TIME, SNAP_ID, SYS_CPU, SYS_DBTIME, SYS_SYSPCT, SYS_READ, SYS_WRITE, SYS_REDO, SYS_OSWAIT, SYS_RMWAIT, SYS_ACTSESS_MAX, SYS_ACTSESS_AVG, SYS_PGA, SYS_PXRUNS, SYS_PXQCT, SYS_PXSRVT, SYS_UCALLS, SYS_IOWAIT
1, 12/01/2019 23:59:35, 130139, 38.1, 33.4, 9.9, 2037.4, 523.6, 30.2, 0.8, 0.1, 118.6, 85.4, 43306.8, 235.8, 6.8, 152.5, 75.1, 9
1, 13/01/2019 00:19:35, 130140, 47.1, 59.3, 10.7, 5223.8, 570.9, 46.1, 0.8, 11.1, 248.9, 151.8, 50753.6, 213.8, 10.8, 181.6, 115.6, 10.7
1, 13/01/2019 00:39:35, 130141, 54.7, 78.8, 11.8, 4490.1, 510.6, 31, 0.9, 19.9, 262.8, 201.8, 57029.1, 239.3, 19.3, 269.4, 98.3, 6.5
1, 13/01/2019 00:59:35, 130142, 67.4, 101.3, 15.3, 3944.9, 515.3, 23.9, 1.8, 15.6, 323.6, 259.3, 56561.8, 831.7, 26.7, 412.2, 80, 13.7
1, 13/01/2019 01:19:35, 130143, 54.1, 68.9, 12.5, 3213.1, 470.7, 18.8, 0.9, 10.7, 239.5, 176.4, 53226.6, 667.7, 23.6, 325.6, 84.4, 13.3
1, 13/01/2019 01:39:35, 130144, 48.9, 59.6, 10.9, 1208.6, 504.4, 13.9, 0.8, 3, 180.6, 152.5, 52936.2, 746.6, 20.4, 244.8, 64.9, 17.4
1, 13/01/2019 01:59:34, 130145, 56.9, 70.2, 12.1, 1384.3, 511.7, 25.5, 0.9, 7, 208.1, 179.6, 56866.8, 836.6, 21.1, 276.4, 71.7, 16.3
1, 13/01/2019 02:20:34, 130146, 61.3, 65.6, 12.4, 5423.9, 400.9, 17.8, 1.1, 1.2, 230.2, 168, 66422.1, 237.5, 20.9, 300.6, 60.1, 10.6
1, 13/01/2019 02:39:34, 130147, 73.5, 79, 12.7, 5069, 290, 6.1, 1, 6.4, 262.8, 202.4, 76381.2, 183.9, 21.8, 389.6, 23.3, 10.1
1, 13/01/2019 02:59:34, 130148, 58.2, 116, 9.4, 4675.8, 277.6, 5.7, 0.7, 8.1, 433.9, 297, 69779.9, 143.1, 20.9, 386, 15.1, 10
1, 13/01/2019 03:19:34, 130149, 43.4, 95.3, 8.1, 3400.5, 242.8, 12.1, 3.1, 11.7, 489.4, 243.9, 52087.3, 214.4, 25.7, 489.2, 21.3, 40.8
1, 13/01/2019 03:39:34, 130150, 52.8, 123.5, 12.4, 3070.6, 264.1, 20.3, 7.9, 8.8, 927.8, 316.1, 53900.6, 178.9, 27.8, 498.7, 55.5, 66.2
1, 13/01/2019 03:59:34, 130151, 48.6, 68.4, 11, 1866.8, 512.8, 21.6, 0.8, 5.8, 235.5, 175.2, 86668.1, 4023.9, 18, 289.4, 74.9, 19.6
1, 13/01/2019 04:19:34, 130152, 44.4, 65.2, 9.2, 1835.2, 801.6, 10.9, 0.7, 0.7, 215, 166.9, 85735.9, 4778.4, 11.1, 156.5, 43.7, 15.4
1, 13/01/2019 04:39:34, 130153, 46, 64, 10.3, 1857.9, 762.1, 13.5, 0.8, 0.3, 212.3, 163.7, 75925.6, 3231.7, 7.3, 137.6, 57.4, 17.8
1, 13/01/2019 04:59:34, 130154, 37.6, 53.9, 9.5, 1058.7, 566.4, 14.5, 0.7, 0, 159.4, 137.9, 21469.5, 6600.5, 5.5, 96.7, 56.9, 20.2
1, 13/01/2019 05:19:34, 130155, 50.8, 70.5, 12.2, 1007.3, 521.9, 23.1, 0.9, 0.3, 236.3, 180.6, 54764.9, 196.3, 6.8, 147.8, 62.1, 18.7
1, 13/01/2019 05:39:34, 130156, 46.9, 71.8, 11.3, 869.5, 472.7, 21.9, 0.9, 0.1, 253.2, 183.7, 49222.4, 135.8, 6.2, 128.2, 55.9, 19.8
1, 13/01/2019 05:59:34, 130157, 51.3, 84.5, 12.2, 772.5, 539.8, 27.1, 0.9, 0, 290.9, 216.4, 62167.7, 113.3, 6, 157.8, 61.3, 27.4
1, 13/01/2019 06:19:33, 130158, 40.2, 65.6, 8.9, 660, 402.2, 24.7, 0.7, 0.3, 228.2, 167.9, 38716.5, 231.7, 5, 118.7, 67.7, 16.6
1, 13/01/2019 06:39:33, 130159, 32.5, 47.8, 6.9, 1444.6, 715.2, 19.6, 0.6, 0.3, 193.6, 122.5, 51014.8, 170.5, 4.7, 113.3, 43.5, 5.3
1, 13/01/2019 06:59:33, 130160, 49.7, 60.1, 10.9, 495.4, 763.4, 51.6, 0.8, 0, 232.5, 153.9, 47004.8, 120.3, 3.9, 93.2, 71.8, 8.7
1, 13/01/2019 07:19:33, 130161, 33.2, 45.5, 8, 268.3, 685, 37.9, 0.7, 0, 235.2, 116.4, 47198.8, 198.1, 3.1, 66.9, 63.5, 8.6
1, 13/01/2019 07:40:33, 130162, 38.1, 64.2, 8.4, 308.6, 662.1, 34.3, 0.7, 0, 248, 164.4, 46747.9, 140.5, 3.1, 67.2, 68.5, 5.6
1, 13/01/2019 08:00:33, 130163, 47.2, 55.9, 11, 275, 449.1, 37.6, 0.9, 0, 186.9, 143.1, 48809.9, 115.6, 3.8, 89, 65.2, 10.4
1, 13/01/2019 08:19:33, 130164, 36.5, 52.4, 9, 1585.7, 515.6, 30.8, 0.7, 0, 199.9, 134.2, 21003.7, 190.3, 4.6, 98.8, 59.2, 7
1, 13/01/2019 08:40:34, 130165, 17, 26.5, 4, 154.6, 473.6, 15.6, 0.4, 0, 117.3, 67.9, 16782.9, 128, 2.5, 44.3, 48.3, 4.1
1, 13/01/2019 08:59:33, 130166, 19.5, 33.1, 4.8, 703.4, 477.2, 15.1, 0.4, 0, 159.6, 84.8, 18695.8, 179, 3.9, 70.9, 48.8, 6.1
1, 13/01/2019 09:19:33, 130167, 20.6, 23.9, 5.3, 1259.7, 486.6, 18.8, 0.5, 0, 84.9, 61.2, 17838.1, 206.4, 3.2, 55.7, 59.4, 6.8
1, 13/01/2019 09:39:33, 130168, 23.6, 25.3, 5.9, 1330.8, 453.9, 18.2, 0.5, 0, 110.8, 64.8, 23068.3, 248.2, 4.1, 80.9, 62.5, 6.6
1, 13/01/2019 09:59:33, 130169, 31.1, 33.2, 8.8, 266.3, 494.1, 37.1, 0.8, 0, 105.7, 84.9, 20874, 146.4, 3.2, 69.3, 158.7, 7.9
1, 13/01/2019 10:19:33, 130170, 34.5, 35.3, 10.2, 132.2, 653.3, 51.5, 0.9, 0, 134.6, 90.3, 16781.9, 190.6, 2.3, 42, 193.3, 5.1
1, 13/01/2019 10:39:33, 130171, 31.3, 32, 8, 1081.6, 522.8, 36.6, 0.7, 0, 127.6, 82, 27363, 218.7, 2.9, 57.8, 148.9, 5.7
1, 13/01/2019 10:59:32, 130172, 34.4, 34.8, 9.2, 457.4, 544.8, 37.3, 0.8, 0, 128.8, 89.1, 19279, 138.2, 3.3, 72.5, 150.2, 7.5
1, 13/01/2019 11:19:32, 130173, 31, 30.5, 8.9, 1103.4, 521, 29.2, 0.8, 0, 152.8, 78.1, 23697.1, 253.6, 3, 61.3, 118, 11.1
1, 13/01/2019 11:39:33, 130174, 30.4, 32.9, 9.6, 412.5, 498.9, 23.9, 0.8, 0, 115.4, 84.1, 17769.7, 160.1, 3.3, 58.1, 147.3, 12.8
1, 13/01/2019 11:59:33, 130175, 32.8, 32.5, 10.2, 5837.1, 565.7, 26.9, 0.9, 0, 106.8, 83.3, 18708.2, 137.9, 3.1, 50.3, 171.4, 10.3
1, 13/01/2019 12:19:33, 130176, 34.1, 42.3, 10.1, 1696.5, 547.9, 26.1, 0.8, 0, 195.9, 108.3, 21976.1, 226.1, 4.2, 81.2, 154.5, 8.8
1, 13/01/2019 12:39:32, 130177, 29.4, 33.2, 7.8, 491.5, 475.2, 23.4, 0.7, 0, 149.2, 85, 17796.5, 138.5, 3.8, 75.7, 115.2, 6.2
1, 13/01/2019 12:59:32, 130178, 24, 29.3, 5.8, 986.5, 471.1, 19.9, 0.5, 0, 186.6, 75.1, 27572.9, 147.8, 3.5, 65, 69.1, 4.5
1, 13/01/2019 13:20:32, 130179, 20.4, 19.3, 5.5, 445.7, 455.7, 18.5, 0.5, 0, 78.6, 49.5, 16773.9, 215.4, 2.6, 44.2, 73, 5
1, 13/01/2019 13:39:32, 130180, 17.7, 16.5, 4.9, 29.9, 475.8, 18.5, 0.4, 0, 69, 42.2, 16921.6, 141.6, 2, 34, 75.6, 4.4
1, 13/01/2019 14:00:32, 130181, 21.6, 24.5, 5.6, 1470.8, 513.9, 17.6, 0.5, 0, 149.4, 62.6, 16787.1, 177.5, 3.4, 73.7, 69.5, 5.5
1, 13/01/2019 14:19:32, 130182, 21.5, 20, 5.6, 1651.6, 559.2, 17.6, 0.5, 0, 92.1, 51.3, 21321.9, 260.2, 2.5, 48.9, 71.1, 4.5
1, 13/01/2019 14:39:32, 130183, 21.8, 24.2, 5.7, 540, 509.4, 17.5, 0.5, 0, 106.7, 61.8, 16977.9, 155.5, 3, 64.4, 68.2, 4.6
1, 13/01/2019 14:59:32, 130184, 18, 17.9, 4.9, 24.2, 475.8, 22.3, 0.5, 0, 92.7, 45.7, 16779.4, 121.9, 2, 34.2, 85.7, 4.9
1, 13/01/2019 15:19:32, 130185, 22.7, 18.7, 5.8, 1244.7, 529.2, 20.7, 0.5, 0, 84.2, 47.9, 16812.7, 247.3, 2.9, 55.3, 84.4, 2.9
1, 13/01/2019 15:39:32, 130186, 18.8, 14.1, 5, 20.7, 494.5, 21.5, 0.5, 0, 61.3, 36.1, 16870.8, 140.2, 2, 34.1, 87.2, 1.7
1, 13/01/2019 15:59:32, 130187, 38.1, 39.3, 7.6, 3218.3, 751.6, 25, 0.6, 0, 189.7, 100.7, 52639.3, 236.7, 9.3, 243.8, 46.1, 4.1
1, 13/01/2019 16:19:32, 130188, 29.6, 25.8, 5.4, 466.5, 793.8, 47.4, 0.4, 0, 102.9, 66.1, 73899, 221.4, 10.6, 307.7, 37.9, 2.4
1, 13/01/2019 16:39:32, 130189, 28.4, 19.8, 5.1, 237.7, 706.1, 60.9, 0.4, 0, 83.9, 50.6, 72027.6, 153.1, 12.2, 353.2, 26.2, 1.3
1, 13/01/2019 16:59:31, 130190, 59, 54.1, 9.1, 7238, 515.6, 40.5, 0.6, 2.3, 223.2, 138.5, 59993.7, 197.7, 19.7, 447.6, 29.5, 4.3
1, 13/01/2019 17:19:32, 130191, 61.4, 65.8, 8.9, 5577.8, 519.5, 40.7, 0.6, 13.5, 220.4, 168.6, 46788.1, 253.1, 17.6, 432, 27.9, 2.9
1, 13/01/2019 17:39:31, 130192, 48.6, 57.6, 8.4, 4354.5, 470, 17.2, 2.1, 8.7, 242.4, 147.3, 45487.9, 276.3, 17.3, 352.7, 27.3, 4.1
1, 13/01/2019 17:59:31, 130193, 39.8, 60.8, 6.4, 2387.4, 428.7, 13.9, 0.5, 0, 265.3, 155.6, 37493.1, 145.5, 14, 230.9, 29.6, 30.4
1, 13/01/2019 18:20:31, 130194, 24, 22.3, 5.2, 2177, 469.9, 14, 0.4, 1.3, 203.1, 57, 24073.7, 228.4, 13.8, 251.7, 29, 4.6
1, 13/01/2019 18:39:31, 130195, 17.1, 16.5, 3.9, 2132.2, 483.1, 14.9, 0.4, 0, 115.7, 42.2, 23700.4, 35, 11.4, 199.8, 32.3, 5.4
1, 13/01/2019 18:59:31, 130196, 22.5, 24.1, 5.3, 2048.2, 497, 15.5, 0.5, 1.2, 164.8, 61.7, 24173.2, 138.1, 13.2, 241.8, 35.2, 8.7
1, 13/01/2019 19:19:31, 130197, 20.9, 16.4, 4.5, 1621.7, 515.9, 15, 0.4, 1.2, 111.6, 42.1, 24808.2, 127.8, 13.1, 237.3, 32.5, 3.3
1, 13/01/2019 19:39:31, 130198, 20.1, 14.1, 4.1, 569.2, 609.7, 13.6, 0.4, 0, 68.7, 36.1, 61015, 37.9, 12.5, 226.1, 29.1, 2.1
1, 13/01/2019 19:59:31, 130199, 46.9, 71.3, 9, 3085.4, 693.3, 15.7, 0.8, 4.1, 341.7, 182.7, 67022.4, 156.2, 20.2, 436.6, 30.6, 6.2
1, 13/01/2019 20:20:30, 130200, 45.6, 50.7, 9.7, 1949.1, 710.5, 14.9, 0.7, 0.2, 221.4, 129.8, 53540.1, 63.8, 17.2, 390.1, 28.3, 8.7
1, 13/01/2019 20:40:31, 130201, 38.7, 41.4, 6.8, 2583.8, 629.2, 12.5, 1.1, 4.5, 255.1, 106, 70613.6, 46.4, 14.8, 338.8, 26.5, 5.5
1, 13/01/2019 20:59:31, 130202, 67.8, 101.1, 12.3, 2239.5, 445.9, 9.9, 1.9, 20.8, 318.8, 258.8, 79297.7, 112.1, 20.3, 477, 25, 16.2
1, 13/01/2019 21:19:30, 130203, 68.3, 103.2, 11.9, 2969.2, 574.7, 11, 1.7, 7.3, 357.1, 264.3, 49144.4, 82.8, 20.7, 471.1, 33.7, 32.5
1, 13/01/2019 21:40:30, 130204, 74, 93, 14.8, 1428.8, 427.9, 11.1, 2.1, 8.8, 342.9, 238, 50213.9, 57.8, 17.5, 404.1, 35.1, 9.7
1, 13/01/2019 21:59:30, 130205, 65.1, 74.1, 12.8, 1738.2, 722.1, 13.2, 0.8, 0.6, 282.1, 189.8, 63621.3, 71, 13.3, 343.2, 47.6, 10.4
1, 13/01/2019 22:19:31, 130206, 60.2, 63.4, 10.4, 4311.6, 677, 14.9, 0.7, 4.6, 229.9, 162.4, 73817.3, 127.1, 11.8, 327.9, 67.9, 4.5
1, 13/01/2019 22:39:30, 130207, 56.1, 51.8, 10.1, 1013.9, 636.9, 18, 0.7, 0.1, 163.7, 132.5, 73612.2, 18, 8.4, 237.5, 83.7, 5.3
1, 13/01/2019 22:59:30, 130208, 51.4, 50.3, 10.6, 1089.6, 632, 20.3, 0.7, 0, 145.6, 128.8, 51170.6, 42.8, 8.3, 245.4, 77.3, 8.2
1, 13/01/2019 23:19:30, 130209, 57.7, 75.3, 13.4, 2444.4, 482.3, 16.9, 0.9, 3.4, 315.5, 192.8, 69536.5, 115.9, 11.9, 354.1, 77.7, 10.3
1, 13/01/2019 23:39:30, 130210, 47.2, 46.1, 11.4, 1416.2, 605.5, 17.1, 0.8, 0.1, 163, 117.9, 46711.5, 19.1, 8.3, 243.2, 86.4, 8.4
2, 12/01/2019 23:59:56, 130139, 55.2, 58.6, 13.4, 1643.1, 656.6, 23.5, 2.2, 14, 214.8, 149.9, 62536.6, 17128, 12, 250, 81.9, 5.9
2, 13/01/2019 00:19:56, 130140, 45.5, 54.5, 13.1, 11676.7, 770.8, 24.9, 2.2, 14.4, 244.8, 139.5, 82052.3, 16038.5, 14.6, 223.5, 74.6, 6.4
2, 13/01/2019 00:39:55, 130141, 55.9, 91.7, 13.4, 8253.9, 564, 14.6, 3.2, 29.4, 270.3, 234.7, 99174.7, 12912.9, 24.1, 318.3, 47.8, 7.1
2, 13/01/2019 00:59:56, 130142, 57.9, 89.2, 14.6, 2659.4, 577.1, 1.6, 3.2, 20.9, 245.3, 228.3, 100899.3, 12004.6, 24.8, 374, 7.9, 10.4
2, 13/01/2019 01:19:55, 130143, 65.2, 90.1, 14.5, 56227.1, 458, 1.7, 8.8, 26.6, 326.3, 230.6, 84624.9, 15220.2, 25.3, 433.5, 9.6, 10.4
2, 13/01/2019 01:39:55, 130144, 74.6, 83.9, 13.7, 86200.2, 457.6, 2.3, 5, 14.5, 277.9, 214.8, 83324.3, 12464.5, 23.9, 433.3, 10.5, 9.1
2, 13/01/2019 01:59:55, 130145, 47.4, 47.3, 11.6, 9101.4, 524.1, 3.2, 2.7, 2.6, 167.3, 121.2, 77914.9, 12114.7, 15.6, 226.7, 16.8, 12.6
2, 13/01/2019 02:19:55, 130146, 41.1, 37.3, 10, 1428.8, 700.2, 2.3, 2.4, 2.4, 124.2, 95.5, 74050.9, 13361.9, 11.8, 169.4, 15.2, 7.8
2, 13/01/2019 02:39:55, 130147, 39.5, 32.9, 9.4, 1386, 780.1, 2.5, 2, 0.6, 105.9, 84.3, 74233.9, 12207.5, 9.2, 147.4, 10.9, 8
2, 13/01/2019 02:59:55, 130148, 42.7, 56.3, 9.3, 1221.9, 493.1, 1.8, 3, 8.7, 191.2, 144.2, 74737.3, 11495.1, 10.4, 169.3, 7, 5.6
2, 13/01/2019 03:19:55, 130149, 40.4, 55.2, 10.3, 1604.6, 321.5, 4.9, 2.6, 8.2, 310.9, 141.3, 87803.6, 10181.2, 16.2, 306.9, 25.4, 18.8
2, 13/01/2019 03:39:55, 130150, 37.1, 50.1, 9.5, 1640.2, 311.3, 8.5, 2, 6.7, 207.6, 128.2, 84947.6, 8484.8, 14.9, 286.4, 42.8, 19.4
2, 13/01/2019 03:59:55, 130151, 42.5, 39.3, 10.5, 2159.5, 606.1, 6.1, 2.1, 4.9, 140.6, 100.7, 89000.9, 12607, 11, 165.9, 23.4, 8.9
2, 13/01/2019 04:19:55, 130152, 47.9, 29.5, 16.1, 1591.9, 790.2, 2.2, 6.4, 2.5, 120.9, 75.4, 107571, 11596, 9.3, 147.7, 13.4, 4
2, 13/01/2019 04:39:55, 130153, 46.1, 34.7, 11, 2059.5, 860.9, 6.8, 2.5, 1.7, 146.1, 88.7, 93010.7, 12509.6, 9.6, 165.2, 33.2, 4
2, 13/01/2019 04:59:55, 130154, 34.1, 22.5, 8.9, 1591.4, 763.3, 6.3, 2, 0, 72.8, 57.7, 47908.2, 12063.6, 6.5, 130.8, 33.5, 3.2
2, 13/01/2019 05:19:55, 130155, 32, 22.7, 9, 2632.2, 439, 2.3, 1.7, 1.7, 109.2, 58, 47848.2, 13182.4, 6, 112.6, 17.1, 3
2, 13/01/2019 05:39:55, 130156, 29.3, 22.3, 8.3, 704, 534.2, 1.9, 2, 0, 74.9, 57.2, 43394.4, 15906, 4.5, 86.2, 10.3, 4.8
2, 13/01/2019 05:59:55, 130157, 77.9, 85.8, 14.9, 1935.1, 600.8, 9.5, 6.3, 3, 299.6, 219.8, 102883.1, 13514.2, 10.4, 249.8, 38.3, 8
2, 13/01/2019 06:19:55, 130158, 88.7, 111.6, 16.3, 1216.1, 396.9, 21.2, 7.2, 7.5, 326.1, 285.7, 92109.7, 13607.3, 11.2, 264, 87.1, 4.5
2, 13/01/2019 06:39:55, 130159, 89.8, 112.1, 17.3, 1628.2, 372.2, 20.8, 6.2, 2.6, 321.9, 286.9, 81853.1, 14660.2, 11.6, 271.6, 105.6, 4.9
2, 13/01/2019 06:59:55, 130160, 92.2, 106.6, 17.8, 576.9, 410.5, 23.4, 5, 0, 357.1, 272.9, 86826.7, 7854.2, 9.4, 217.1, 122.9, 5.5
2, 13/01/2019 07:19:54, 130161, 93.6, 98.1, 17.9, 713, 505.8, 25.4, 8.1, 0, 499.9, 251.2, 74448.1, 9464.9, 9.8, 220.5, 126.2, 3.1
2, 13/01/2019 07:40:54, 130162, 93.4, 112.9, 17.1, 325.7, 464.9, 20, 5, 0, 663.9, 289, 67228.5, 10886.7, 9.3, 212.3, 138.2, 2.4
2, 13/01/2019 07:59:54, 130163, 72.4, 84.3, 16.2, 1606.1, 443.4, 20.8, 3.6, 0, 261.4, 215.8, 70369.8, 13353.8, 10.5, 226.4, 98.1, 6.2
2, 13/01/2019 08:19:54, 130164, 61.1, 74.9, 14.4, 23886.9, 419.5, 14.4, 3, 0, 238.5, 191.7, 56761.4, 9211.1, 9.3, 198.7, 71.9, 4.3
2, 13/01/2019 08:39:54, 130165, 50.9, 61.6, 11.1, 16946.8, 453.1, 11.2, 2.1, 0, 195.9, 157.7, 44994.3, 12005.5, 6.3, 116.6, 41.7, 2.9
2, 13/01/2019 08:59:54, 130166, 59.9, 65.3, 14, 7586.9, 511, 15, 2.9, 0, 195.5, 167.2, 62103.7, 12043.6, 7.3, 154.1, 72.1, 5.9
2, 13/01/2019 09:19:54, 130167, 64, 56.8, 15.8, 753.2, 449.3, 18.4, 3.2, 0, 175.8, 145.3, 42479.3, 11577.7, 6.5, 136.9, 83.5, 10.5
2, 13/01/2019 09:39:54, 130168, 62.7, 52.3, 14.4, 1074.7, 415.8, 19.7, 2.4, 0, 165.3, 133.9, 50165.7, 13892.1, 6.3, 142.9, 61.7, 6.8
2, 13/01/2019 09:59:54, 130169, 55.8, 47.2, 13.6, 1145.4, 411.5, 22.9, 2.5, 0, 154.1, 120.7, 45553, 14613.5, 6.1, 146.8, 61.4, 8.2
2, 13/01/2019 10:19:54, 130170, 45.4, 34.9, 11.5, 437.1, 398.8, 9, 2.5, 0, 122.8, 89.4, 33199.6, 13124.8, 4.2, 85.7, 32.4, 4.5
2, 13/01/2019 10:39:53, 130171, 40.6, 27.4, 9, 1223.5, 400.6, 9.6, 1.2, 0, 93.2, 70.2, 36728.2, 13602.1, 3.8, 63.6, 36.1, 1.5
2, 13/01/2019 10:59:54, 130172, 38.4, 26.5, 9.2, 647.7, 456.1, 10.1, 1.6, 0, 92.6, 67.9, 26313.5, 11547.4, 3.8, 61.2, 30.3, 3.5
2, 13/01/2019 11:19:53, 130173, 43.3, 29.3, 9.7, 2021.3, 506.7, 10.6, 1.8, 0, 106.7, 75, 36888.4, 16931.8, 4, 75.7, 20.8, 2.4
2, 13/01/2019 11:39:54, 130174, 37.9, 28, 9.1, 560.3, 418.9, 10, 1.9, 0, 91.8, 71.7, 24441.7, 16084.2, 3.4, 55.7, 22.2, 4.4
2, 13/01/2019 11:59:54, 130175, 34.3, 25.7, 8.8, 407.4, 493.8, 15.3, 1.6, 0, 90.8, 65.9, 20225.9, 14097.6, 1.7, 11.6, 26.7, 6.9
2, 13/01/2019 12:19:54, 130176, 39, 29.2, 9.7, 1089.5, 510.8, 17.7, 2.2, 0, 117.4, 74.8, 20466.5, 14464.2, 3, 40.1, 24.5, 2.3
2, 13/01/2019 12:39:53, 130177, 31.7, 17.8, 8, 22.1, 442.7, 11.3, 1.1, 0, 67, 45.6, 20227.9, 15526.8, 1.1, 2.2, 27.2, 0.8
2, 13/01/2019 12:59:53, 130178, 33.9, 22.6, 8.6, 1255.4, 445.8, 11.2, 1.2, 0, 115, 57.9, 24547.4, 13225.2, 2.1, 17.6, 23.6, 1.4
2, 13/01/2019 13:19:53, 130179, 38.2, 25.8, 9.7, 782.8, 438.5, 8.4, 1.9, 0, 77.7, 66, 21376.4, 13836.4, 3.3, 56.4, 19.3, 2.2
2, 13/01/2019 13:39:53, 130180, 32.5, 18.3, 7.8, 117.8, 467.7, 8.8, 1.6, 0, 61.7, 47, 20705, 12774.5, 2, 15.2, 21.4, 1
2, 13/01/2019 13:59:53, 130181, 40.9, 30.1, 10.2, 2129.6, 533.3, 10.3, 3, 0, 126.1, 77, 26107.1, 13918.7, 4.1, 69.2, 30.4, 4.1
2, 13/01/2019 14:19:53, 130182, 36, 21.9, 9, 853.1, 525.7, 7.8, 1.7, 0, 86.8, 56, 25132.7, 15358.2, 3.3, 43.6, 13.9, 1.2
2, 13/01/2019 14:39:53, 130183, 32.5, 20, 8.1, 380.9, 491.3, 6.8, 2.4, 0, 64.2, 51.1, 22129.9, 15865.7, 2.9, 27.6, 16.4, 1.5
2, 13/01/2019 14:59:53, 130184, 31.4, 17.9, 7.8, 101.2, 461.2, 7.3, 2, 0, 55.5, 45.9, 20318, 14219.7, 1.9, 14.1, 19.1, 1.4
2, 13/01/2019 15:19:53, 130185, 39.6, 26.4, 9.8, 2215.5, 498, 6.5, 2.8, 0, 83.9, 67.5, 26240.7, 15539.3, 4.2, 69.2, 18.8, 2.6
2, 13/01/2019 15:39:53, 130186, 32, 17.9, 7.7, 108.1, 466.2, 7.2, 2.1, 0, 65.2, 45.7, 20656.4, 16640.2, 2, 15.7, 22.8, 0.9
2, 13/01/2019 15:59:53, 130187, 49.6, 38.4, 10.7, 2358.8, 651.4, 8, 1.9, 0, 149, 98.4, 58686.7, 15248, 5.6, 122.8, 28, 3.3
2, 13/01/2019 16:19:52, 130188, 49.7, 35.9, 10.1, 984.9, 653.9, 6.3, 2.5, 0, 110.6, 91.9, 73888.9, 14731.2, 4.1, 82.1, 17.7, 2.2
2, 13/01/2019 16:39:53, 130189, 56.9, 41.2, 12, 2399.3, 672.2, 6.4, 2.7, 0, 195.5, 105.4, 74458.8, 17137.8, 6, 123.7, 18.5, 2.4
2, 13/01/2019 16:59:53, 130190, 58.5, 48.1, 11.2, 1348.6, 676.7, 8, 2.8, 0, 272.8, 123.2, 65265.3, 16096.3, 6.2, 143.3, 27.5, 3.6
2, 13/01/2019 17:19:53, 130191, 51.3, 37.4, 9.8, 512.6, 805.3, 7.3, 2.3, 0, 109.3, 95.6, 79203.7, 13173.3, 4.8, 89.6, 26.5, 1.6
2, 13/01/2019 17:39:53, 130192, 63.7, 51, 10.9, 1992.8, 877.2, 6.5, 1.4, 1.3, 164.6, 130.5, 66105.8, 17095.2, 7.2, 149.6, 23.3, 1.8
2, 13/01/2019 17:59:53, 130193, 58.6, 49, 11, 964.2, 604.6, 6.4, 3, 0, 135.4, 125.4, 73183.3, 13491, 5.5, 108.6, 22.2, 6.3
2, 13/01/2019 18:19:53, 130194, 69.2, 55.8, 13.4, 1863.8, 609.3, 6.3, 3.5, 0.4, 160.1, 142.7, 73557.9, 15153.8, 6.9, 150.1, 22.3, 4
2, 13/01/2019 18:39:52, 130195, 67.4, 53.2, 11.2, 677.2, 429.4, 6.4, 2.9, 0.1, 158, 136.2, 74715.9, 15332.4, 6.4, 127, 25.4, 2
2, 13/01/2019 18:59:52, 130196, 58.5, 45.2, 12, 2341.4, 476.5, 7, 3, 0.1, 153, 115.8, 99201.8, 15536.2, 8.2, 165.2, 29.3, 3.2
2, 13/01/2019 19:19:52, 130197, 52.4, 38, 11.4, 1188.3, 642.5, 7.6, 2.8, 0.7, 115.6, 97.2, 85561.3, 16040.8, 7.2, 145, 30.4, 1.7
2, 13/01/2019 19:39:52, 130198, 52.6, 40.1, 10.7, 847, 745.1, 9.9, 1.6, 0.6, 117.2, 102.7, 68744.4, 16862.5, 6.5, 119, 40.8, 2.2
2, 13/01/2019 19:59:52, 130199, 58.4, 73.7, 14.4, 2107.7, 586.4, 11.3, 3.2, 12.5, 254.9, 188.8, 78558.9, 18194.2, 13.4, 328.1, 39.3, 5.6
2, 13/01/2019 20:20:51, 130200, 57, 75.4, 14.7, 761.1, 537, 5.9, 2.6, 28, 220, 193, 79121.6, 15552.6, 13.7, 373.6, 25.1, 7.6
2, 13/01/2019 20:39:52, 130201, 54.7, 66.2, 12.7, 746.9, 360.2, 5.4, 2.7, 21.3, 232.1, 169.3, 59032.4, 17882.1, 11.6, 317.4, 19.2, 6.8
2, 13/01/2019 20:59:52, 130202, 59.5, 61.1, 16.4, 1452, 364.6, 7.6, 2.2, 6.1, 200.8, 156.3, 46226, 14243.5, 9.2, 238, 34.7, 17.4
2, 13/01/2019 21:19:52, 130203, 62.6, 63, 16.9, 1284.3, 386.8, 10.6, 2.4, 9, 209.4, 161.2, 40706.9, 13232.1, 9.9, 235.8, 64.2, 12
2, 13/01/2019 21:39:52, 130204, 65.8, 59.4, 18.3, 812.4, 344.9, 13.1, 2.8, 2.6, 173.6, 152, 40942.4, 14153.5, 7.3, 178, 68.4, 14.3
2, 13/01/2019 21:59:52, 130205, 61.1, 55.3, 17.8, 1891.4, 454.2, 11.1, 3.7, 0.8, 178.6, 141.5, 22934.2, 14500.1, 7.1, 166.1, 57, 15.6
2, 13/01/2019 22:19:51, 130206, 63, 58.8, 18.7, 2239.5, 437.8, 8, 4.1, 1.2, 164.5, 150.6, 30431, 14945, 9.7, 233.5, 31.2, 14.6
2, 13/01/2019 22:39:52, 130207, 57.1, 50.7, 16.6, 1018.6, 387.2, 7.8, 2.1, 0.2, 161.1, 129.9, 23940.9, 17229.6, 7.5, 181.2, 26.9, 15.3
2, 13/01/2019 22:59:51, 130208, 57.5, 51.4, 18, 746.8, 380, 14.5, 2.8, 0.1, 152.2, 131.5, 23820.9, 15710.2, 6.7, 158.9, 67.3, 17.5
2, 13/01/2019 23:19:51, 130209, 63, 64.4, 19.6, 1347.9, 420.9, 18.4, 3, 0.7, 212.7, 164.9, 26547.9, 15126.7, 7.3, 178, 69.5, 16.3
2, 13/01/2019 23:39:51, 130210, 65.1, 57.8, 19.6, 971.9, 410.1, 20.8, 2.6, 0.1, 171.5, 147.9, 22529.5, 15936.5, 6.4, 162.4, 83.1, 16.2
3, 12/01/2019 23:59:23, 130139, 30.2, 30.1, 5.9, 26536.6, 588.4, 3.3, 0.4, 0, 221.6, 77.1, 32839, 395.6, 12.9, 168.3, 1.4, 3.3
3, 13/01/2019 00:19:23, 130140, 51.7, 98.1, 8, 13311.7, 393.3, 0.6, 2.1, 8.3, 391.5, 251.1, 69917.7, 782.3, 44.4, 376.8, 1.9, 5.1
3, 13/01/2019 00:39:22, 130141, 72.6, 117.4, 14.5, 9700.4, 423.4, 0.8, 1, 5.4, 343.2, 300.5, 71658.2, 733.8, 58.8, 600, 3.8, 7.9
3, 13/01/2019 00:59:22, 130142, 76.5, 123.3, 13.9, 22195.9, 651.6, 2.2, 1.5, 4.5, 363.6, 315.7, 72645, 511.5, 56.5, 558.2, 1.5, 7.1
3, 13/01/2019 01:19:23, 130143, 66.4, 104, 14.1, 3545.5, 713.1, 1.4, 0.9, 3.3, 302.7, 266.2, 74784.5, 422.7, 55.1, 460.3, 1.5, 8.5
3, 13/01/2019 01:39:22, 130144, 59.4, 94.1, 12.7, 5405.6, 594.1, 0.4, 0.8, 0.7, 267.1, 241, 72584, 347.9, 52.1, 433.4, 2.8, 8.9
3, 13/01/2019 01:59:22, 130145, 70.6, 89.6, 13.2, 19891.3, 617.7, 1.1, 1.3, 3.2, 291.3, 229.4, 57522.6, 364.3, 43.5, 504.6, 5.1, 11.4
3, 13/01/2019 02:20:22, 130146, 52.8, 53.9, 9.6, 4713.1, 866.7, 0.5, 0.7, 3.1, 176.1, 137.9, 42707.8, 507.7, 29.3, 339.2, 4.8, 7
3, 13/01/2019 02:39:23, 130147, 39.8, 34, 7.6, 7437.8, 911.7, 0.8, 0.5, 0.6, 114.2, 87.1, 42380.6, 331.2, 21.6, 269.2, 6.2, 6.7
3, 13/01/2019 02:59:22, 130148, 43.4, 63.7, 7.2, 25233.2, 677.9, 2.3, 0.5, 0.3, 356, 163, 39987.3, 333.4, 24.7, 369.3, 4.1, 8.4
3, 13/01/2019 03:19:22, 130149, 46.8, 88.1, 9.3, 86102.4, 566.5, 9.6, 0.9, 1.5, 360.5, 225.4, 59454, 527.1, 27.6, 509.6, 5.3, 46.7
3, 13/01/2019 03:39:22, 130150, 44.7, 78.1, 9, 60202.1, 506.1, 0.7, 0.6, 0.4, 317, 199.9, 55179.6, 371.5, 22, 396, 4.7, 41.3
3, 13/01/2019 03:59:22, 130151, 70.6, 70.5, 12.9, 23070.2, 716.6, 3.5, 2.1, 2.2, 255.3, 180.5, 75003.5, 462.5, 24.3, 501.7, 4.6, 11.9
3, 13/01/2019 04:19:22, 130152, 55.7, 50.3, 10.6, 12099.8, 862.6, 10.5, 0.7, 0.2, 161.1, 128.9, 77629.1, 656, 25.7, 535.4, 4.3, 9.7
3, 13/01/2019 04:40:22, 130153, 61, 50.8, 10.4, 6428.6, 793.4, 11.5, 0.8, 0, 162.8, 130.1, 76425.5, 351.7, 25.5, 508.5, 8.9, 7.8
3, 13/01/2019 04:59:21, 130154, 51.2, 43.8, 9.8, 23420, 701.7, 11.3, 0.7, 0.7, 187.6, 112, 74630.5, 505.1, 24.1, 516.2, 12.9, 8.9
3, 13/01/2019 05:20:22, 130155, 66.2, 67.6, 11.1, 5103, 669.7, 6, 1.4, 2.9, 264.7, 173.1, 55305.3, 408.7, 25.7, 780.7, 4, 8.5
3, 13/01/2019 05:39:22, 130156, 51.7, 49.2, 8.8, 1751.4, 619.4, 10.2, 0.6, 0, 160.9, 126.1, 62484.2, 413.6, 17.9, 500.5, 1, 9.5
3, 13/01/2019 05:59:21, 130157, 66.3, 84.9, 10.9, 23450.4, 680, 10.1, 1.8, 3, 281.4, 217.4, 78915.2, 389.9, 22.2, 650.2, 1.2, 18.7
3, 13/01/2019 06:19:21, 130158, 45.7, 1401.7, 8.2, 5706.4, 667.6, 21.3, 0.6, 0.1, 69261, 3588.3, 94761.3, 487.4, 21.1, 669.1, 2.2, 10.3
3, 13/01/2019 06:39:21, 130159, 45.3, 50.6, 8.8, 5307.2, 714.6, 22.5, 0.6, 0.1, 178.3, 129.6, 78150.4, 396, 27.8, 774.3, 6.7, 8.7
3, 13/01/2019 06:59:22, 130160, 55.5, 58.5, 10.1, 26207.4, 861.7, 11.7, 0.7, 0, 241.8, 149.9, 98623.6, 384.3, 22.6, 596.4, 12.6, 5
3, 13/01/2019 07:20:22, 130161, 64.9, 70.6, 13.4, 6174.1, 829.9, 12.6, 2.8, 0.3, 289.4, 180.8, 127409.8, 490.3, 23.6, 759.3, 10.4, 9.2
3, 13/01/2019 07:40:26, 130162, 49, 80.2, 11.7, 2796.8, 627.2, 13, 2.1, 0.3, 381.1, 205.4, 59631.6, 422.2, 23.6, 960.5, 11.7, 9.1
3, 13/01/2019 07:59:31, 130163, 33.2, 35.7, 7.2, 42998.3, 575.8, 14.2, 0.5, 0, 175.9, 91.5, 38732.5, 461, 19.4, 873.4, 12.1, 6.9
3, 13/01/2019 08:19:30, 130164, 44.9, 46.2, 7.9, 4236.1, 440.7, 6.3, 1, 0, 287.2, 118.2, 71306, 448.8, 20.3, 787.2, 11, 4.4
3, 13/01/2019 08:39:31, 130165, 68.5, 85, 14.3, 20625.9, 483, 11.2, 1.7, 0, 302.8, 217.7, 82247, 351.5, 23.4, 709.8, 4.5, 10
3, 13/01/2019 08:59:30, 130166, 51.7, 56, 10, 37824.5, 716.4, 12.8, 0.7, 0, 236.1, 143.3, 50661.5, 741.3, 17.8, 546.4, 4.9, 8
3, 13/01/2019 09:19:30, 130167, 64, 69, 11.9, 10632.4, 666.5, 18.3, 1, 0, 274, 176.6, 67379.8, 1127, 30.5, 719.5, 8.4, 5.2
3, 13/01/2019 09:39:31, 130168, 40.9, 45, 8.7, 4365.1, 559.4, 12.6, 0.6, 0, 201.4, 115.3, 47506.7, 1144.5, 22.6, 516, 7.3, 7.6
3, 13/01/2019 09:59:30, 130169, 49.9, 51.3, 8.7, 35870.3, 595.2, 5.5, 0.6, 0, 184.7, 131.2, 49125.1, 1144.8, 17.5, 443.4, 7, 9.5
3, 13/01/2019 10:19:31, 130170, 52.6, 53.1, 8, 5023.4, 656.4, 16.7, 0.8, 0, 320.6, 136, 47969.8, 1004.6, 16.6, 382.7, 6.7, 3
3, 13/01/2019 10:40:31, 130171, 44.6, 36.7, 7.7, 5857.8, 615.7, 1.5, 0.5, 0, 124, 93.9, 61591.3, 1360.6, 15.4, 342.8, 8, 4.4
3, 13/01/2019 10:59:31, 130172, 65.4, 75.7, 10, 21406.3, 556.8, 9.9, 0.7, 0, 988.5, 193.8, 52184, 1164, 15.9, 388.4, 5.9, 6.6
3, 13/01/2019 11:19:35, 130173, 46.5, 36.8, 7.2, 4851.9, 517.6, 15.4, 0.5, 0, 128.6, 94.2, 65781.1, 1371.3, 13.5, 275.4, 8.3, 3.5
3, 13/01/2019 11:39:35, 130174, 60.2, 56.4, 9.4, 3091.4, 481, 18.1, 0.9, 0.1, 242.8, 144.4, 63591.6, 822.7, 19.2, 443.1, 8.5, 4.6
3, 13/01/2019 11:59:35, 130175, 51.7, 47.5, 7.6, 20668.2, 554.8, 4, 0.5, 0, 195.5, 121.7, 75210.5, 1071.7, 18.4, 511.8, 8.7, 6.6
3, 13/01/2019 12:19:35, 130176, 52.8, 57.7, 9.5, 4498.7, 557.8, 13.4, 0.6, 0, 213.7, 147.7, 93031.2, 1023, 19.5, 625.1, 9.9, 8.4
3, 13/01/2019 12:39:35, 130177, 42.9, 38.3, 8.7, 2275.1, 496.6, 6.3, 0.6, 0, 193.9, 97.9, 57113, 1326.2, 15.9, 475.9, 10.2, 6.4
3, 13/01/2019 12:59:35, 130178, 35, 36.2, 6.2, 19184.8, 524.2, 17.9, 0.4, 0, 206.9, 92.6, 49097.2, 987.3, 14.4, 427.1, 7, 3.2
3, 13/01/2019 13:19:35, 130179, 35, 27, 5.6, 963.9, 503.1, 17.9, 0.4, 0, 96.1, 69.2, 52693.8, 1261.4, 9.3, 283.9, 6.5, 3.2
3, 13/01/2019 13:39:35, 130180, 31.8, 22.4, 4.6, 1674.7, 509.3, 11, 0.4, 0, 78.4, 57.3, 51534.3, 1679.1, 9.8, 290.4, 4.9, 1.9
3, 13/01/2019 14:00:35, 130181, 58, 51, 8.3, 13894.3, 734.4, 17.4, 0.8, 0, 247.1, 130.6, 74614.9, 413.6, 13.3, 490.3, 2.5, 3.9
3, 13/01/2019 14:19:35, 130182, 36.6, 27.2, 5.6, 869.8, 751.8, 13.4, 0.4, 0, 117.6, 69.7, 74282.2, 537.2, 9.2, 347.4, 2.8, 2.2
3, 13/01/2019 14:39:39, 130183, 36, 27.9, 7.1, 1746.1, 792.3, 11.2, 0.5, 0, 101.5, 71.4, 38423.8, 394.1, 8.6, 341.1, 3.3, 3.6
3, 13/01/2019 14:59:39, 130184, 48.9, 59.1, 8.7, 13893.6, 661.1, 17.6, 1.7, 0, 299.4, 151.2, 29126.8, 1263.8, 16.2, 457.5, 8.8, 4.8
3, 13/01/2019 15:19:39, 130185, 38, 32.1, 5.7, 4372.5, 695.4, 15.5, 0.4, 0, 149.3, 82.2, 24819, 634.3, 6.9, 245.6, 2.1, 2.8
3, 13/01/2019 15:39:40, 130186, 38.4, 29.3, 5.2, 4474.2, 637.3, 19.7, 0.8, 0, 238.8, 74.9, 26660.4, 278.9, 7.4, 201.8, 0.3, 2.2
3, 13/01/2019 15:59:39, 130187, 38.4, 29.9, 6.2, 23007.6, 763.6, 4.5, 0.4, 0, 119.9, 76.4, 48375.5, 342.6, 5.6, 168.9, 0.6, 3.8
3, 13/01/2019 16:19:39, 130188, 28.1, 19.6, 4, 2275.9, 619.2, 15.2, 0.3, 0, 63.4, 50.1, 24839.5, 374.6, 4.3, 94.9, 0.9, 2.8
3, 13/01/2019 16:39:39, 130189, 23.4, 15.4, 3.5, 4136.7, 478.7, 0.3, 0.3, 0, 51.3, 39.3, 21041.5, 271.4, 4.2, 111.7, 2.6, 2.6
3, 13/01/2019 16:59:39, 130190, 33.7, 25.9, 6.3, 20910.8, 595.5, 1.1, 0.4, 0, 142.1, 66.3, 27383.5, 386.4, 7, 154.2, 4.1, 4.6
3, 13/01/2019 17:19:39, 130191, 24.4, 17.2, 6.1, 2993.3, 563, 1.6, 0.4, 0, 66.3, 43.9, 44591.6, 360.7, 6.7, 104.3, 5.3, 4.1
3, 13/01/2019 17:39:39, 130192, 21, 14, 5.4, 4147, 439.4, 1.7, 0.4, 0, 47.7, 35.8, 28966, 271.7, 7.1, 129.5, 5.7, 3.5
3, 13/01/2019 17:59:39, 130193, 25.2, 23.1, 5.8, 49692.4, 488.1, 3.5, 0.4, 1, 113.4, 59.1, 30884.5, 411.3, 14.1, 237.7, 7.2, 6.5
3, 13/01/2019 18:19:39, 130194, 16.5, 8.1, 3.9, 4975.2, 565.4, 3.6, 0.3, 0, 36, 20.8, 29261.3, 387, 8.3, 129.3, 5.8, 2.3
3, 13/01/2019 18:39:39, 130195, 13.6, 4.9, 2.8, 4563.5, 531.5, 1.3, 0.2, 0, 32, 12.7, 28910.7, 267.3, 5, 49.4, 4.9, 1.9
3, 13/01/2019 18:59:39, 130196, 23.3, 17.6, 4.4, 37220.8, 574.6, 3.9, 0.3, 0, 69, 44.9, 47963.2, 391.8, 8.4, 155.5, 6.9, 4.3
3, 13/01/2019 19:19:39, 130197, 17.5, 9.8, 3.3, 1861.2, 724.4, 1.3, 0.3, 0, 53.7, 25.1, 30707.8, 362.2, 10.3, 108.7, 6.3, 1.6
3, 13/01/2019 19:39:39, 130198, 13.2, 4.9, 2.4, 1285.6, 663.6, 1.4, 0.2, 0, 17.5, 12.6, 30071.1, 248.2, 7.3, 60.2, 7.7, 1.1
3, 13/01/2019 19:59:38, 130199, 19.3, 12, 3.3, 25716.5, 578.4, 1, 0.2, 0, 52.1, 30.8, 31522.7, 461.6, 6.5, 106.6, 8.4, 2
3, 13/01/2019 20:19:38, 130200, 14.7, 6.6, 2.8, 3753.9, 605, 1.2, 0.2, 0, 41.1, 17, 27444, 392.7, 5, 91.3, 9.3, 1.2
3, 13/01/2019 20:39:39, 130201, 13.1, 4.9, 2.3, 4553.9, 521.5, 0.7, 0.2, 0, 22.9, 12.6, 24667.4, 322.4, 3.3, 39.4, 4.1, 1.4
3, 13/01/2019 20:59:38, 130202, 27.3, 29.6, 5.3, 22920.6, 480.4, 0.7, 0.3, 0, 101.9, 75.7, 58814.8, 495.1, 5.5, 140.6, 3.4, 3.6
3, 13/01/2019 21:19:38, 130203, 22.6, 18.8, 4.4, 3694.3, 520.8, 2.7, 0.4, 0, 91.1, 48, 23888.1, 445.9, 5, 133.8, 2.9, 1.8
3, 13/01/2019 21:40:38, 130204, 15.9, 10.8, 3.3, 4926.4, 559.3, 0.4, 0.3, 0, 82.7, 27.5, 22851.2, 284.9, 3.4, 63.4, 4, 1.9
3, 13/01/2019 21:59:38, 130205, 35.7, 31.6, 6.5, 18919.3, 699.2, 2.2, 0.4, 0.3, 158.9, 80.8, 24439.9, 427.7, 6.1, 163.4, 2.1, 3
3, 13/01/2019 22:19:48, 130206, 17.9, 12.5, 3.6, 2878.2, 505.5, 0.5, 0.3, 0, 44.8, 32, 35024.1, 379.5, 3.7, 69.2, 2.5, 2.4
3, 13/01/2019 22:39:48, 130207, 20.9, 14.1, 4.3, 5144.9, 481.9, 0.6, 0.3, 0, 76.3, 36, 36564.8, 303.1, 5.6, 130, 3.1, 2.4
3, 13/01/2019 22:59:47, 130208, 29.2, 20.7, 5.4, 22534.4, 631.1, 2.3, 0.4, 0.1, 140.2, 53, 28478.7, 433.5, 5.7, 121.2, 1.9, 3.3
3, 13/01/2019 23:19:48, 130209, 15.5, 6.9, 2.7, 4616.7, 509.7, 1.1, 0.2, 0, 30.4, 17.7, 31042, 403.7, 3.9, 53.1, 1.2, 1.3
3, 13/01/2019 23:39:48, 130210, 19.5, 10.3, 3.6, 5408.1, 516.8, 0.3, 0.3, 0, 45.9, 26.3, 32251.2, 350.8, 4.3, 79.6, 1.1, 1.7
4, 12/01/2019 23:59:05, 130139, 20.8, 10.7, 3, 13024.1, 436.2, 0.2, 0.2, 0, 152.9, 27.5, 35807.7, 229.7, 9.2, 123.9, 2.6, 0.8
4, 13/01/2019 00:19:05, 130140, 41.4, 86.7, 6.6, 18503.8, 470.6, 0.5, 0.4, 1.7, 355.6, 221.9, 74571, 458.5, 51.2, 385.9, 4, 4.5
4, 13/01/2019 00:40:04, 130141, 50.1, 115.9, 8, 5594.6, 498.8, 0.7, 0.5, 0.7, 350.2, 296.8, 66158.4, 498.2, 66.1, 560.8, 4.5, 3.1
4, 13/01/2019 01:00:05, 130142, 45.2, 105, 7.7, 17900, 552.5, 0.4, 0.5, 0.1, 311.4, 268.9, 81379.1, 385.4, 55, 520.6, 5.7, 4.5
4, 13/01/2019 01:20:04, 130143, 45, 93.2, 7.5, 7219.6, 515.9, 0.3, 0.5, 0.3, 263.3, 238.7, 82496.5, 141.1, 49, 448.2, 4.5, 4
4, 13/01/2019 01:40:04, 130144, 48.7, 85.6, 9.4, 6750.9, 589.7, 1.6, 0.6, 2.5, 256.9, 219.1, 70174, 96.9, 48.6, 459.1, 5.4, 5.3
4, 13/01/2019 02:00:04, 130145, 61.3, 82.4, 10.7, 19366.3, 703.1, 1, 1.2, 2.2, 282.4, 210.9, 73534.8, 161.8, 40.4, 469, 4, 8.1
4, 13/01/2019 02:20:04, 130146, 50.2, 58.3, 7.9, 6348.6, 524.1, 1.8, 0.5, 1.9, 178.7, 149.2, 63842.7, 128, 32.1, 354.5, 5.3, 3.5
4, 13/01/2019 02:40:04, 130147, 44.2, 42.1, 8.4, 7206.6, 555.8, 1.8, 0.6, 0.7, 137.9, 107.8, 35414.3, 147.1, 24.2, 283.9, 4.3, 9
4, 13/01/2019 03:00:04, 130148, 45.4, 55.7, 7.7, 16961.7, 642.5, 3.2, 0.6, 0.3, 238.2, 142.7, 71591.9, 159.6, 19.3, 400.1, 1.5, 6.7
4, 13/01/2019 03:20:04, 130149, 45.3, 79.8, 8.2, 65935.1, 510.1, 3, 0.6, 2.3, 368.4, 204.3, 68041.8, 310.5, 21, 375.6, 2.1, 47.4
4, 13/01/2019 03:40:04, 130150, 46, 75.7, 8.2, 57276.3, 457.8, 2.6, 0.5, 2, 382, 193.9, 44320.3, 281.3, 20, 374.5, 2.1, 40.9
4, 13/01/2019 04:00:04, 130151, 49.5, 51.4, 8.7, 18823.2, 501.1, 1.8, 0.6, 1.7, 176.3, 131.5, 73446.7, 510.9, 23.6, 425.9, 3.9, 8.9
4, 13/01/2019 04:20:04, 130152, 64.5, 58.3, 11.7, 8517, 636.7, 6.4, 0.8, 0, 221.5, 149.1, 71058.9, 282, 28.7, 628, 3.2, 7.8
4, 13/01/2019 04:40:03, 130153, 57.8, 40.7, 8.9, 7178.7, 640.7, 9.9, 0.6, 0.4, 136.9, 104.1, 79730.4, 283.4, 26.9, 425.2, 10.1, 5.6
4, 13/01/2019 05:00:04, 130154, 57.6, 55, 9.3, 30064.2, 726.4, 7.5, 0.7, 4.5, 190.4, 140.9, 90257.6, 261, 27.1, 530.5, 14.4, 10.7
4, 13/01/2019 05:20:04, 130155, 40.8, 33.1, 7.4, 3517, 575.3, 3.6, 0.5, 0.1, 127.4, 84.8, 32306.2, 245.3, 19.9, 436, 9, 6.2
4, 13/01/2019 05:40:03, 130156, 35.9, 27.4, 6.4, 6121.7, 551.7, 12.4, 0.4, 0, 105.2, 70, 40316.6, 252.9, 20.1, 416.7, 12.6, 5.9
4, 13/01/2019 06:00:04, 130157, 81.7, 87.5, 14.6, 20638.5, 913.1, 10, 5.9, 11, 281, 223.9, 74840.3, 177.1, 24.9, 725.4, 7.9, 12.7
4, 13/01/2019 06:19:09, 130158, 51.8, 46.7, 9.1, 3871.4, 735, 24.7, 0.8, 1.7, 235.2, 119.6, 53778.7, 196, 23.1, 846.2, 12.4, 5.9
4, 13/01/2019 06:40:09, 130159, 38.8, 33.7, 7.9, 2430.4, 496.1, 22.7, 0.5, 0, 142.9, 86.2, 56777.6, 225, 24.3, 717.2, 9, 6.2
4, 13/01/2019 07:00:08, 130160, 54.8, 51.6, 9.9, 19336.9, 567.1, 7.8, 1.1, 0, 252.5, 132.2, 26393.6, 240.2, 22.4, 599.8, 6.2, 7.1
4, 13/01/2019 07:20:08, 130161, 51.4, 48.6, 10.7, 5955.1, 440.2, 3.4, 1.8, 0, 253, 124.4, 59972.1, 177.7, 20, 527.7, 5.3, 8.5
4, 13/01/2019 07:40:08, 130162, 40.3, 50, 8.6, 5879, 408.6, 3.8, 0.7, 0, 166.9, 128.1, 47851.9, 171.9, 18.9, 574.7, 5.4, 5.9
4, 13/01/2019 08:00:08, 130163, 63.2, 60.8, 12.2, 16453.6, 687.4, 18.8, 2.9, 0.2, 314.2, 155.7, 60225, 208.4, 22.5, 686, 6.4, 8.5
4, 13/01/2019 08:19:08, 130164, 78.7, 72.5, 12.6, 2417.7, 952, 24.4, 2.8, 0, 263.9, 185.7, 44202, 182, 21.7, 721.6, 3.3, 5.8
4, 13/01/2019 08:40:08, 130165, 69.5, 63, 11.2, 2429.6, 904, 20.9, 0.7, 0, 215.2, 161.4, 48313.6, 187.1, 20.5, 621.6, 3.5, 4.6
4, 13/01/2019 08:59:07, 130166, 68.8, 63.7, 10.2, 14151.6, 873.5, 23.8, 0.9, 0, 257.2, 163.2, 74127.6, 180.9, 20.8, 734.2, 4, 4.2
4, 13/01/2019 09:20:08, 130167, 78.4, 68.3, 12.2, 2324.8, 628.6, 30.2, 1.3, 0, 215.1, 174.8, 76597.7, 251.2, 24.6, 767.5, 3.8, 4
4, 13/01/2019 09:40:08, 130168, 69.5, 64.2, 10.6, 4310.7, 496.1, 24.9, 2.1, 0.1, 261.5, 164.4, 63878.9, 227.7, 26.7, 938.4, 4.1, 4.5
4, 13/01/2019 10:00:08, 130169, 56.2, 50.8, 9.4, 13509.6, 690.3, 31.2, 1.5, 0.1, 265.5, 130, 49810.7, 204.3, 20.9, 698.1, 3.6, 7.5
4, 13/01/2019 10:19:08, 130170, 50.3, 40.2, 8.5, 1906.2, 601.4, 17, 0.5, 0, 163.2, 102.9, 34807.8, 196, 14.1, 440.1, 3.5, 4.7
4, 13/01/2019 10:40:07, 130171, 47.8, 34.3, 7.5, 2196.7, 608.6, 9.3, 0.5, 0, 117.3, 87.8, 35920, 164.3, 13.5, 366.7, 3.1, 4
4, 13/01/2019 10:59:07, 130172, 48.4, 38.6, 7.8, 43900.4, 611, 7.4, 0.5, 0, 173.7, 98.8, 47575, 202, 13.2, 382.2, 3.9, 5.5
4, 13/01/2019 11:19:07, 130173, 35.4, 23.9, 5.3, 2954.8, 422.5, 5.1, 0.4, 0, 76.5, 61.1, 37055.9, 157.5, 8.9, 284.8, 4.4, 2.6
4, 13/01/2019 11:40:07, 130174, 52.4, 43.4, 7.2, 7406.6, 490.3, 17, 0.5, 0, 212.1, 111.2, 51495.2, 142.9, 10.8, 426.7, 3.5, 4.1
4, 13/01/2019 12:00:07, 130175, 59.9, 46.8, 7.9, 19377.9, 587.6, 12.9, 1, 0, 196.7, 119.7, 51852.8, 193.1, 13.4, 481.5, 0.6, 3.6
4, 13/01/2019 12:20:07, 130176, 46.9, 41.5, 6.2, 5402.8, 434.7, 5.2, 0.4, 0, 153, 106.2, 43310.5, 86, 13.1, 328.6, 1.3, 2
4, 13/01/2019 12:40:07, 130177, 40.3, 28.7, 7.1, 6779.9, 456.8, 4.8, 0.5, 0, 85.1, 73.4, 49210.9, 101.1, 11.5, 328.3, 2.2, 2.8
4, 13/01/2019 13:00:07, 130178, 52.9, 44.4, 9.1, 18206.7, 600, 6, 0.5, 0, 265.1, 113.7, 69552.2, 116.5, 12.2, 398.6, 2.2, 4.3
4, 13/01/2019 13:20:17, 130179, 47.4, 32.1, 7.7, 6230.6, 626.9, 2.9, 0.5, 0, 100.3, 82.3, 74048.6, 98.9, 10.3, 313.3, 2.9, 3.2
4, 13/01/2019 13:40:17, 130180, 33.4, 19.8, 5.3, 5666.1, 511.5, 3.6, 0.3, 0, 93.7, 50.6, 53860.6, 86.1, 8.7, 235.2, 2.7, 2.2
4, 13/01/2019 14:00:16, 130181, 37.1, 26.4, 6.4, 23640.1, 593.4, 0.5, 0.4, 0, 142.1, 67.5, 20783.1, 120.9, 8.8, 230.3, 3.6, 3.2
4, 13/01/2019 14:19:17, 130182, 20, 6.6, 2.9, 5013.5, 525.8, 0, 0.2, 0, 32.8, 16.8, 19725.7, 98.1, 7.5, 143.2, 3, 0.7
4, 13/01/2019 14:39:17, 130183, 22.3, 7.7, 3.3, 5133.2, 481.9, 0, 0.2, 0, 42.9, 19.8, 19609.9, 100.1, 7.1, 164.4, 1.7, 0.6
4, 13/01/2019 15:00:16, 130184, 38, 24.3, 5.4, 25063.2, 464.8, 1.6, 0.4, 0, 112.4, 62.3, 53628.8, 123.9, 9.3, 238.3, 2.3, 2.1
4, 13/01/2019 15:19:26, 130185, 22.9, 9.6, 3.3, 5088.8, 494.4, 0, 0.2, 0, 52.2, 24.6, 19535.6, 97.9, 7.4, 166.7, 2.7, 0.7
4, 13/01/2019 15:39:26, 130186, 24.3, 13.8, 3.8, 4020, 455.1, 3.8, 0.3, 0, 100, 35.2, 20512.1, 93, 8, 174.2, 3.8, 1.8
4, 13/01/2019 15:59:27, 130187, 21.1, 8, 3.6, 13661.3, 579.6, 3.1, 0.3, 0, 50.5, 20.6, 19628, 95.2, 5.6, 165.9, 4.5, 1.7
4, 13/01/2019 16:19:27, 130188, 22.2, 8.1, 2.9, 3676.3, 535.7, 3.2, 0.2, 0, 27.6, 20.7, 20315.4, 101.1, 6, 167.3, 3, 0.6
4, 13/01/2019 16:39:26, 130189, 21.9, 8.2, 3.1, 2300, 539.1, 1.2, 0.2, 0, 60.3, 21.1, 19123.4, 78, 6.3, 227.9, 2.8, 0.8
4, 13/01/2019 16:59:26, 130190, 17.1, 3.4, 2.4, 13337.6, 507.1, 2.8, 0.2, 0, 23.2, 8.8, 19101.5, 92, 6.1, 161.7, 10.6, 0.4
4, 13/01/2019 17:19:26, 130191, 20.8, 6.5, 3.6, 3314, 558.5, 2, 0.3, 0, 38.3, 16.6, 28317.3, 123, 7.3, 173.3, 8.3, 1.3
4, 13/01/2019 17:39:26, 130192, 19.4, 5, 3.3, 1092.2, 432.6, 0.6, 0.3, 0, 16.3, 12.7, 37407.7, 87.8, 6.9, 152.4, 6.2, 1
4, 13/01/2019 17:59:26, 130193, 39.4, 28.6, 6.7, 12413.9, 581.9, 1.8, 0.4, 1.4, 153.9, 73.1, 55742.2, 106.8, 12.1, 284.7, 4.2, 3.8
4, 13/01/2019 18:20:26, 130194, 22.1, 9.1, 3.7, 245.1, 530.4, 0.4, 0.3, 0, 38.1, 23.2, 31086.6, 63.1, 9.6, 192.1, 5.6, 1.1
4, 13/01/2019 18:39:25, 130195, 18, 4.7, 2.9, 48.7, 486.8, 0.5, 0.2, 0, 16.8, 12, 18796.4, 61.9, 7.5, 139.9, 4.6, 1.1
4, 13/01/2019 18:59:26, 130196, 33.9, 21, 5.2, 15534, 575.3, 1.8, 0.3, 0.1, 139.2, 53.7, 20542.2, 113.2, 8.7, 221.3, 4.3, 2.2
4, 13/01/2019 19:19:26, 130197, 24, 10.3, 2.8, 4605.6, 439.3, 0.4, 0.2, 0, 32, 26.3, 45549.7, 92, 7.4, 146.5, 3.3, 0.5
4, 13/01/2019 19:39:26, 130198, 27.3, 12.9, 2.5, 3504.3, 513.9, 0.3, 0.2, 0, 38.5, 33, 45085.7, 82.1, 6.1, 144.9, 3, 0.1
4, 13/01/2019 19:59:25, 130199, 27.4, 13.8, 4.1, 13661.8, 611.9, 1.7, 0.3, 0, 131.8, 35.3, 17531.6, 95.7, 5.1, 143.8, 1.2, 0.6
4, 13/01/2019 20:20:30, 130200, 16, 2.2, 2.1, 2394, 481.9, 0, 0.2, 0, 7.8, 5.5, 17757.1, 79, 5.9, 92.9, 3.2, 0.2
4, 13/01/2019 20:40:30, 130201, 15.5, 1.2, 2, 577.9, 500.8, 0, 0.1, 0, 5.5, 3.1, 18385.3, 72.7, 5.7, 87, 2.3, 0.3
4, 13/01/2019 20:59:30, 130202, 32.8, 19, 4.9, 23108.7, 589.6, 1.6, 0.3, 0.1, 126.4, 48.7, 38405.1, 106, 9.1, 186.4, 2.9, 2.2
4, 13/01/2019 21:19:30, 130203, 20.1, 5.7, 2.7, 2875.4, 482.4, 0.2, 0.2, 0, 18.2, 14.5, 38578.6, 96.1, 7, 166.6, 1.5, 0.4
4, 13/01/2019 21:40:30, 130204, 19.3, 8.8, 3, 3030.8, 523.5, 0.9, 0.2, 0, 62.9, 22.4, 42721.8, 88.4, 8.1, 183.2, 1.4, 1.8
4, 13/01/2019 21:59:30, 130205, 23.7, 11.7, 3.8, 16328.4, 578, 2, 0.3, 0, 55.9, 30.1, 21738.1, 121.9, 9.5, 181.9, 2.2, 2.5
4, 13/01/2019 22:19:30, 130206, 25.7, 21.5, 4.7, 7027.6, 466.4, 4.2, 0.3, 0, 80.7, 55, 40352.1, 106.8, 9, 206.5, 1.7, 6.6
4, 13/01/2019 22:39:29, 130207, 23.1, 13.5, 4.4, 2198.9, 460.8, 4.4, 0.4, 0, 64.9, 34.6, 23592.7, 67.9, 8.9, 162.2, 2.1, 3.8
4, 13/01/2019 22:59:29, 130208, 25, 17, 4.1, 14215.8, 507.1, 3.9, 0.3, 0, 69.2, 43.5, 29705.8, 90.8, 8.1, 175.6, 2, 6.5
4, 13/01/2019 23:19:29, 130209, 19.3, 11.5, 3.2, 3970.9, 538.2, 3, 0.3, 0, 54.2, 29.5, 21194.7, 76, 7, 136.8, 1.4, 6.3
4, 13/01/2019 23:39:29, 130210, 17.4, 6.7, 2.6, 4911.2, 531.3, 4.7, 0.2, 0, 52.3, 17.1, 20145.9, 78, 6.9, 152.4, 1.8, 4.2
