HOST, SNAP_ID, TIME, SYS_CPU, SYS_DBTIME, SYS_SYSPCT, SYS_READ, SYS_WRITE, SYS_REDO, SYS_OSWAIT, SYS_RMWAIT, SYS_ACTSESS_MAX, SYS_ACTSESS_AVG, SYS_PGA, SYS_PXRUNS, SYS_PXQCT, SYS_PXSRVT, SYS_UCALLS, SYS_IOWAIT
1, 126435, 18/11/2018 23:59:17, 15.8, 17.8, 5.9, 211.7, 101.3, 23.5, 0.5, 0, 78.4, 45.5, 23258.6, 217.3, 4.7, 88.3, 129.5, 5.9
1, 126436, 19/11/2018 00:19:16, 15.1, 29.6, 5.7, 147.3, 79.1, 18.5, 0.5, 0, 128, 75.8, 23370, 191.9, 4.1, 72.1, 118.1, 10.7
1, 126437, 19/11/2018 00:39:16, 21, 29.1, 7.3, 389, 140.1, 28.6, 0.7, 0, 146.4, 74.4, 23156.2, 221.9, 4.3, 74.5, 153.3, 6
1, 126438, 19/11/2018 01:00:16, 33.3, 56.3, 10.6, 4620.3, 190.1, 39.7, 0.9, 0, 227.6, 144.2, 23728.3, 813.6, 9.5, 133.5, 129.4, 13.7
1, 126439, 19/11/2018 01:19:16, 21.5, 28.3, 8, 401.8, 152, 29.9, 0.7, 0, 105.4, 72.5, 23695.9, 619.3, 7.2, 99.2, 136.1, 9.4
1, 126440, 19/11/2018 01:39:16, 14.4, 16.6, 5.8, 453.4, 80.1, 18.5, 0.6, 0, 52.4, 42.5, 23777, 696.8, 7.2, 99.2, 90.9, 5.2
1, 126441, 19/11/2018 01:59:16, 14.3, 21, 5.4, 5629.8, 107.1, 25.9, 0.5, 0, 122.8, 53.8, 23715.4, 771.4, 7.4, 102.6, 81.1, 6.1
1, 126442, 19/11/2018 02:20:16, 25.2, 33.5, 6.6, 5530.3, 98.5, 16.3, 0.5, 0, 192.1, 85.9, 33912.7, 447.2, 10.9, 147.9, 73.1, 7.5
1, 126443, 19/11/2018 02:40:16, 56, 61.8, 10.5, 5897, 123.3, 16.6, 0.8, 0.5, 204.3, 158.1, 48359.8, 250.4, 15.6, 261.4, 78.4, 10.4
1, 126444, 19/11/2018 02:59:16, 26.6, 30.5, 5.6, 4175, 121.9, 13.4, 0.5, 0.1, 166.3, 78.2, 41286.1, 219.1, 14.2, 230.6, 68.6, 3.9
1, 126445, 19/11/2018 03:20:16, 10.4, 14.6, 3.5, 248.3, 114.5, 15, 0.3, 0, 99.8, 37.4, 22795.4, 172.4, 6.1, 61.7, 64, 2.6
1, 126446, 19/11/2018 03:39:15, 14.4, 17.1, 4.8, 47.8, 121.2, 23.3, 0.5, 0, 109, 43.9, 20890.7, 202.9, 5.1, 51.1, 94.8, 2
1, 126447, 19/11/2018 04:00:15, 21.1, 28.4, 5.8, 75.2, 360.4, 24.1, 0.5, 0, 149.7, 72.6, 50376.9, 176.9, 5.4, 49.7, 95.7, 2.5
1, 126448, 19/11/2018 04:19:15, 20.3, 16.9, 5.7, 42, 419.4, 22.9, 0.5, 0, 77, 43.4, 50229.8, 183.8, 5.2, 49.5, 103.1, 1.5
1, 126449, 19/11/2018 04:39:15, 15.4, 18.9, 5.2, 41.1, 134.4, 25.3, 0.5, 0, 69.4, 48.3, 50240.7, 190.2, 5, 44.1, 112.4, 1.7
1, 126450, 19/11/2018 05:00:15, 15, 39, 4.9, 39.4, 130.6, 25.9, 0.5, 0, 157.1, 99.8, 19100.4, 173.4, 5.2, 44.4, 112, 19.3
1, 126451, 19/11/2018 05:19:16, 21.2, 24, 6.8, 61, 192.8, 36.2, 0.6, 0, 85.9, 61.4, 19151.9, 196.6, 5.2, 44.1, 109.1, 2.8
1, 126452, 19/11/2018 05:39:15, 17.7, 20.1, 5.8, 50, 153.1, 29.5, 0.6, 0, 78.3, 51.4, 19204.1, 187.7, 5, 44.2, 107.7, 2.4
1, 126453, 19/11/2018 05:59:15, 33.9, 45.2, 9.4, 593.5, 280.4, 45, 0.8, 0, 234.3, 115.7, 19118.3, 184.9, 5.8, 79.8, 101.3, 6
1, 126454, 19/11/2018 06:20:15, 28.7, 33.8, 8.5, 281.6, 272.7, 44.2, 0.7, 0, 201.1, 86.4, 19467.8, 212.3, 7.4, 70.7, 103.6, 4
1, 126455, 19/11/2018 06:39:14, 24, 35.7, 7.4, 169.6, 234.2, 42, 0.6, 0, 221.4, 91.4, 19610.1, 196.9, 7.9, 70.7, 99.4, 3.4
1, 126456, 19/11/2018 07:00:15, 35.8, 58.9, 9.7, 122.5, 302, 64.4, 0.8, 0, 230.9, 150.9, 19456.7, 180.6, 5.7, 58.7, 122.6, 4.9
1, 126457, 19/11/2018 07:19:15, 35.9, 50.1, 9.8, 315.7, 307.3, 65.1, 0.8, 0, 204.6, 128.4, 15400.9, 215.1, 6.2, 57, 125.6, 4
1, 126458, 19/11/2018 07:40:15, 35.1, 60.7, 10.5, 117.5, 318.6, 60.3, 0.9, 0, 257.2, 155.4, 15740.7, 200.5, 6, 60.9, 124.8, 4.2
1, 126459, 19/11/2018 07:59:15, 41.2, 77.1, 11.9, 5427.3, 352.2, 56.6, 0.9, 0.1, 325.4, 197.4, 17841, 191.2, 10.5, 130, 132.4, 5.5
1, 126460, 19/11/2018 08:20:14, 35.7, 52.8, 11.1, 99.1, 324.5, 62.8, 0.9, 0, 183.3, 135.1, 17029.2, 186.1, 8.4, 94.9, 151.3, 4.1
1, 126461, 19/11/2018 08:40:15, 33.1, 65.3, 10.5, 121, 313.5, 61.9, 0.9, 0, 262.5, 167.2, 15717.4, 205.1, 5.6, 60.1, 152.5, 4.5
1, 126462, 19/11/2018 08:59:14, 24.2, 34.1, 8, 101.5, 251.5, 52.9, 0.7, 0, 121.2, 87.3, 15280.6, 185.4, 5.1, 45.1, 153.3, 4.1
1, 126463, 19/11/2018 09:19:14, 24, 34.9, 7.8, 49.4, 238.7, 53.4, 0.7, 0, 136.4, 89.4, 15242.1, 182.2, 5, 44.2, 153.8, 4.4
1, 126464, 19/11/2018 09:39:14, 26.2, 38.3, 8.1, 49.2, 284.5, 65.9, 0.7, 0, 184.1, 98, 14979.4, 200.7, 3.2, 36.1, 158.1, 3.6
1, 126465, 19/11/2018 10:00:14, 30.2, 50.6, 9.4, 57.6, 280.5, 62, 0.8, 0, 241.2, 129.7, 15188.7, 174.7, 3.3, 41.9, 182.1, 4.5
1, 126466, 19/11/2018 10:19:14, 26.5, 45.7, 8.4, 223.1, 264.7, 58.5, 0.8, 0, 280.8, 117.1, 15908.1, 198.9, 2.5, 30.5, 158.8, 3.9
1, 126467, 19/11/2018 10:39:14, 26.5, 42.1, 8.4, 96.5, 256.8, 58.5, 0.8, 0, 252.9, 107.7, 15807.1, 221.9, 7, 65, 162.3, 3.6
1, 126468, 19/11/2018 11:00:14, 23.2, 48.7, 7.3, 119, 243.1, 53.9, 0.7, 0, 273.7, 124.8, 16080.3, 154.6, 7.4, 74.3, 139.1, 4.8
1, 126469, 19/11/2018 11:20:13, 27.4, 51.1, 8.2, 584.9, 270.4, 54.8, 0.7, 0, 269.8, 130.7, 16547.8, 187.8, 9.2, 93.3, 146.7, 5
1, 126470, 19/11/2018 11:40:14, 20.9, 27.8, 7, 89.7, 250, 57.8, 0.7, 0, 155.1, 71.3, 11584.1, 177.9, 9.7, 84.6, 135.4, 4
1, 126471, 19/11/2018 12:00:14, 19.4, 24.7, 6.4, 5576.2, 242.1, 56, 0.6, 0, 121, 63.3, 11469.4, 133.9, 8, 64.1, 125, 4.1
1, 126472, 19/11/2018 12:20:14, 22.1, 49.2, 7.1, 79.7, 1970.1, 53.1, 0.6, 0, 290.9, 126, 11664.8, 196.6, 8.1, 64.2, 117.2, 4.9
1, 126473, 19/11/2018 12:40:13, 26.7, 32.8, 8.2, 96.3, 277.9, 63.3, 0.7, 0, 164.7, 83.9, 11987.6, 180.3, 10, 75.1, 139.1, 6.2
1, 126474, 19/11/2018 12:59:13, 21.5, 26.6, 6.9, 95.5, 260.5, 57.2, 0.6, 0, 119.7, 68, 20375.8, 145.9, 16, 102.4, 122.6, 4.6
1, 126475, 19/11/2018 13:19:13, 21.5, 34.7, 6.7, 160.2, 259.3, 54.1, 0.6, 0, 176.8, 88.8, 21274.1, 143.7, 16.2, 105.6, 121.2, 3.1
1, 126476, 19/11/2018 13:39:13, 23.9, 27.4, 7.4, 203.3, 267.2, 59, 0.6, 0, 175.5, 70.2, 20446.8, 172.9, 16.9, 110.7, 124, 4.6
1, 126477, 19/11/2018 13:59:13, 25.9, 29.8, 8.1, 121.2, 442.4, 103.1, 0.7, 0, 108.5, 76.4, 12145, 168.9, 16.6, 100.7, 131, 4.5
1, 126478, 19/11/2018 14:19:13, 21.7, 23.4, 7.2, 71, 246.6, 57, 0.7, 0, 117.6, 59.9, 12089.7, 197.4, 16, 91.1, 129.7, 4
1, 126479, 19/11/2018 14:39:13, 26.1, 38.4, 7.9, 77.7, 257.8, 56.3, 0.7, 0, 233, 98.4, 12040.7, 194.3, 16.2, 98.7, 133.8, 8.8
1, 126480, 19/11/2018 15:00:13, 23.6, 29.3, 7.3, 368.5, 277.3, 54.6, 0.6, 0, 91.7, 75.1, 19044.7, 148.3, 17, 110.3, 125.4, 8.6
1, 126481, 19/11/2018 15:20:13, 30.1, 35, 8.9, 263, 307.4, 67.1, 0.8, 0, 206.3, 89.5, 20300, 167.6, 17.5, 113.1, 161.7, 4.6
1, 126482, 19/11/2018 15:40:13, 30.9, 54.5, 9, 690.7, 320.3, 63, 0.8, 0, 264.3, 139.5, 20710.7, 177.1, 17.9, 113.9, 147.8, 3.2
1, 126483, 19/11/2018 15:59:13, 29.9, 43.1, 8.7, 806.4, 331.7, 70, 0.8, 0, 180.1, 110.2, 27071.8, 205.8, 20, 176.2, 162.4, 3.7
1, 126484, 19/11/2018 16:20:12, 34.3, 44.7, 9.6, 835.1, 369.6, 71.6, 0.8, 0, 232.3, 114.4, 29049.6, 211.8, 23.9, 223.2, 143.6, 4.3
1, 126485, 19/11/2018 16:40:12, 37.9, 40.3, 10.9, 325.6, 461.7, 77.6, 0.9, 0, 241.3, 103.1, 26081.3, 195.2, 22.2, 220.2, 160.8, 6.6
1, 126486, 19/11/2018 17:00:12, 71.1, 77.8, 15.3, 6758, 350, 61.5, 2.2, 0.4, 295.2, 199.3, 64543.4, 212.3, 28.2, 334.6, 120.8, 7.3
1, 126487, 19/11/2018 17:20:13, 71, 74.8, 15.4, 5034.1, 396.5, 65.6, 2, 0.2, 336.3, 191.6, 59411.9, 265.6, 29.2, 354.2, 117.4, 5.6
1, 126488, 19/11/2018 17:40:13, 48.5, 59.3, 12, 2059.8, 343.3, 66.5, 0.9, 0.1, 215.7, 151.8, 23362.3, 206, 28.4, 347.7, 116, 4.5
1, 126489, 19/11/2018 18:00:13, 36.1, 39.7, 9.9, 2862.1, 327.4, 60.7, 0.8, 0, 160.2, 101.6, 33993.7, 187.7, 27.3, 309.4, 124, 7.5
1, 126490, 19/11/2018 18:19:12, 43.8, 47.8, 11, 3302.7, 347.5, 60.1, 0.8, 0, 242.8, 122.5, 32753.9, 233.4, 27.5, 280.4, 126.6, 5.1
1, 126491, 19/11/2018 18:39:12, 29.3, 27.7, 8.5, 1337.7, 312.7, 61.1, 0.7, 0, 139.9, 71, 22628.5, 218.9, 25.1, 240.6, 108.4, 3.4
1, 126492, 19/11/2018 19:00:12, 42.3, 45.8, 10.4, 2144.1, 299.3, 54.9, 0.9, 0.2, 271.1, 117.4, 22472.5, 189.2, 22, 224.8, 97.2, 5.1
1, 126493, 19/11/2018 19:19:13, 43.7, 42.6, 11.1, 2662.9, 507.3, 54.1, 0.8, 0, 163.6, 109, 23817.9, 288, 14.2, 175.2, 91.9, 8.1
1, 126494, 19/11/2018 19:39:12, 28, 28, 7.5, 3210.8, 277, 52.1, 0.6, 0, 136.7, 71.8, 20115.2, 171.8, 10.4, 98.8, 87.7, 3.3
1, 126495, 19/11/2018 19:59:12, 43, 91.3, 10.2, 2455.2, 361.6, 38.7, 0.8, 0, 373.8, 233.7, 31430.4, 220, 17.4, 296.5, 60.6, 7.3
1, 126496, 19/11/2018 20:19:12, 54.3, 87.9, 13.6, 1786.5, 414.1, 45.6, 0.9, 0.1, 369.6, 224.9, 60803.6, 227.9, 19, 331.9, 65.9, 9
1, 126497, 19/11/2018 20:40:12, 57.7, 67.4, 15.8, 1878.3, 438, 41.5, 1.1, 0.1, 220.4, 172.7, 68583.3, 172.6, 17.2, 316.1, 65.6, 13.7
1, 126498, 19/11/2018 21:00:11, 65.1, 79, 14.6, 2368.3, 407, 37.1, 1, 0, 254.1, 202.1, 30500.2, 151.8, 20.2, 395.2, 57.3, 22.3
1, 126499, 19/11/2018 21:20:12, 62.4, 67.8, 13.5, 1646.6, 355.4, 34.4, 1, 0, 194.9, 173.7, 30676.6, 151.7, 18.2, 336.1, 62.8, 15.8
1, 126500, 19/11/2018 21:39:12, 58.8, 66.3, 13.5, 1296.9, 267, 30.8, 0.9, 0, 200.6, 169.7, 29657.5, 182.7, 15.7, 303.3, 63.3, 17.6
1, 126501, 19/11/2018 21:59:12, 53.3, 63, 11.7, 1704.2, 325.6, 27.4, 0.8, 0, 184.5, 161.3, 44498.9, 194.9, 11.2, 244.2, 67.3, 13.8
1, 126502, 19/11/2018 22:19:12, 46.4, 53.8, 9.7, 1367.5, 235.6, 25.5, 0.7, 0, 151.4, 137.8, 31192, 210.2, 11, 236.4, 46.2, 13.1
1, 126503, 19/11/2018 22:39:11, 35.8, 46.6, 8.6, 1687.9, 165.2, 17.7, 0.7, 0, 152.7, 119.4, 23001.3, 221, 10, 210.4, 31, 15.8
1, 126504, 19/11/2018 23:00:12, 32.6, 49.9, 9.6, 1397.4, 105, 16.4, 0.8, 0, 177.6, 127.8, 27167, 240.4, 9.4, 192.9, 39.3, 15.9
1, 126505, 19/11/2018 23:20:11, 39.5, 56.8, 12.2, 1492.2, 126.2, 20.8, 0.9, 0, 207.1, 145.3, 23553.5, 233.6, 9.3, 214.2, 83, 19.4
1, 126506, 19/11/2018 23:40:11, 34.5, 46.6, 11, 1261.8, 124.6, 17.1, 0.8, 0, 142.1, 119.4, 22094.6, 198.2, 7.8, 184.1, 97, 16.3
2, 126435, 18/11/2018 23:59:22, 21.6, 26.9, 7.3, 940, 105.9, 23.2, 0.6, 0, 89.7, 68.9, 30404.1, 366.1, 10.1, 149.1, 124.8, 11.7
2, 126436, 19/11/2018 00:19:22, 15.3, 31.3, 5.1, 191.8, 105.9, 22.3, 0.5, 0, 129.6, 80.2, 29830.6, 302.8, 8.9, 127, 119.2, 12.4
2, 126437, 19/11/2018 00:39:23, 25.6, 45.2, 8, 149.4, 188.2, 42.6, 0.7, 0, 163.8, 115.8, 29840.5, 269.6, 8.5, 112.5, 185.5, 9
2, 126438, 19/11/2018 00:59:22, 26.2, 38.2, 8.3, 126.9, 247.2, 46.9, 0.7, 0, 141.8, 97.7, 29864.6, 312.3, 8.4, 112.5, 204.3, 8.2
2, 126439, 19/11/2018 01:19:22, 45.8, 44.8, 11, 65158.6, 259.5, 44.5, 0.8, 0, 209.9, 114.7, 52314.6, 381.3, 12, 216, 196.4, 7.2
2, 126440, 19/11/2018 01:39:22, 47.5, 47.8, 10.3, 74803.6, 219.7, 35.4, 0.8, 0, 178.8, 122.3, 36138.2, 342.4, 13.8, 262, 177.1, 6.2
2, 126441, 19/11/2018 01:59:23, 22.1, 26, 6.9, 106.6, 161.7, 35.6, 0.6, 0, 142.2, 66.7, 36119.9, 303.4, 9.5, 128.6, 194.7, 6.5
2, 126442, 19/11/2018 02:20:22, 19.9, 27.1, 6.1, 129.8, 139.9, 30.1, 0.6, 0, 130.6, 69.5, 35986.2, 278.6, 9.1, 121.4, 170.4, 5.6
2, 126443, 19/11/2018 02:40:21, 18, 21.6, 5.6, 132.3, 122.1, 28, 0.6, 0, 112.2, 55.2, 36016.9, 288, 8.4, 112.5, 172.3, 5.6
2, 126444, 19/11/2018 02:59:21, 16.4, 18.3, 5.2, 129, 127.5, 27.4, 0.5, 0, 73.1, 46.9, 36002.7, 316.6, 8.5, 112.7, 161.9, 5.6
2, 126445, 19/11/2018 03:20:22, 22.8, 29.3, 7, 141.5, 166.3, 38.9, 0.7, 0, 210.2, 75.1, 35999.1, 299.9, 8.4, 112.5, 221.3, 6.8
2, 126446, 19/11/2018 03:39:21, 27.3, 28.3, 8.4, 147.6, 196.3, 43.4, 0.8, 0, 104.9, 72.4, 36035.2, 273.7, 8.4, 112.4, 258.6, 6
2, 126447, 19/11/2018 04:00:21, 29.4, 33.8, 8.2, 144.8, 349.5, 36.2, 0.8, 0, 148.1, 86.5, 65746.9, 325.7, 8.5, 112.6, 235.4, 6.2
2, 126448, 19/11/2018 04:19:22, 27.1, 24, 7.3, 122.3, 430.4, 33.2, 0.6, 0, 105.2, 61.4, 65740.3, 290.9, 8.5, 112.7, 188.9, 5.7
2, 126449, 19/11/2018 04:39:21, 19, 22.3, 5.9, 115.9, 145.1, 30, 0.6, 0, 85.3, 57.1, 65750.9, 278.1, 8.5, 112.6, 167.2, 5.8
2, 126450, 19/11/2018 05:00:22, 13.9, 33.8, 4.6, 76.6, 114.9, 25.3, 0.4, 0, 135.8, 86.5, 36032.6, 317.6, 8.5, 112.6, 114.4, 19.6
2, 126451, 19/11/2018 05:19:22, 17.4, 19.7, 5.3, 140.8, 125, 28.5, 0.5, 0, 64.6, 50.5, 36062.9, 292.9, 8.5, 112.6, 130.3, 6
2, 126452, 19/11/2018 05:39:22, 16.8, 19.5, 5.2, 137.1, 127.8, 27.5, 0.5, 0, 93, 49.9, 36093.1, 268.7, 8.4, 112.5, 117.8, 5.9
2, 126453, 19/11/2018 05:59:22, 67.2, 70.9, 13.1, 2018.6, 510.9, 30.9, 1.7, 0.2, 297.6, 181.5, 103215.2, 310.8, 15.4, 292.9, 136.7, 8.1
2, 126454, 19/11/2018 06:19:21, 64.4, 66.6, 11.1, 885.1, 276.7, 26.3, 0.8, 0.1, 262, 170.6, 92680.2, 288.5, 15.9, 317.5, 93.9, 8.5
2, 126455, 19/11/2018 06:39:21, 63.1, 62.4, 9.7, 769.9, 297.8, 27.9, 0.7, 0.1, 246.2, 159.7, 74566.9, 249.2, 15.4, 306.5, 94.1, 6.6
2, 126456, 19/11/2018 06:59:21, 69.2, 89.3, 12.2, 7083.5, 448.3, 35.5, 1.1, 0.1, 508.6, 228.7, 62139.5, 293.4, 16.7, 347.2, 122.9, 7.6
2, 126457, 19/11/2018 07:19:21, 54.4, 65.2, 11.3, 962.1, 461.4, 41, 0.9, 0, 239.3, 166.9, 60831.8, 282.1, 15.9, 321, 138.4, 8.4
2, 126458, 19/11/2018 07:39:21, 40, 59.9, 9.7, 526.9, 279.7, 45.3, 0.8, 0, 245.2, 153.3, 46426.1, 255.2, 12.4, 215.8, 159.1, 7.9
2, 126459, 19/11/2018 08:00:21, 45.1, 81.7, 11.8, 17374.6, 343.2, 51.8, 0.9, 0, 358, 209.2, 41554.1, 312.2, 11.8, 221.7, 184.8, 11.6
2, 126460, 19/11/2018 08:19:20, 45.7, 64.2, 12.4, 509.3, 280.5, 57, 1, 0, 247.2, 164.4, 42642.7, 275.5, 11.3, 228.4, 180.5, 10.1
2, 126461, 19/11/2018 08:40:21, 49.8, 77.4, 12.4, 742.4, 254.7, 53.6, 0.9, 0, 276, 198, 48282, 305.4, 11.4, 264.4, 168.2, 10.3
2, 126462, 19/11/2018 08:59:21, 50, 62.5, 13.4, 639.4, 288, 65.1, 1, 0, 205.8, 160.1, 35818, 303.5, 11.4, 247.8, 197.9, 11.8
2, 126463, 19/11/2018 09:19:21, 36.7, 45.9, 10.4, 162.2, 310.9, 67.6, 0.9, 0, 172, 117.6, 30450.3, 285.8, 9.1, 134.8, 221.6, 9
2, 126464, 19/11/2018 09:39:20, 41.3, 50.1, 10.8, 344.8, 341.8, 67.1, 0.9, 0, 170.9, 128.4, 25917.8, 281.4, 9.3, 142.1, 212.4, 8
2, 126465, 19/11/2018 09:59:21, 39.6, 59.4, 11.6, 153.9, 305.2, 70.6, 0.9, 0, 238.8, 152.1, 25725.3, 303.5, 8.3, 112.4, 240.9, 10.2
2, 126466, 19/11/2018 10:19:20, 41, 59, 11.8, 149.7, 343.9, 75.1, 1, 0, 276.2, 151.2, 25731.1, 291, 8.2, 112.5, 241, 8.6
2, 126467, 19/11/2018 10:39:21, 38.1, 51.2, 11.1, 137.9, 321.7, 71.1, 1, 0, 231, 131, 25734.3, 270.7, 8.2, 112.3, 236.2, 8.3
2, 126468, 19/11/2018 11:00:20, 31.9, 58.1, 9.3, 110, 271.6, 62.9, 0.8, 0, 266.6, 148.8, 27539.7, 326.9, 8.5, 113.6, 200.5, 7.8
2, 126469, 19/11/2018 11:20:20, 39, 67.2, 11.1, 116.7, 305.8, 72, 0.9, 0, 267.2, 172.1, 27487.9, 355, 9.2, 114.8, 230.1, 9.8
2, 126470, 19/11/2018 11:39:20, 34.6, 41.3, 10.5, 76.1, 315.5, 73, 0.9, 0, 177.2, 105.8, 11487.5, 270.4, 10, 103, 231.9, 5.7
2, 126471, 19/11/2018 12:00:20, 32.5, 36.1, 10, 98, 308.5, 71.1, 0.9, 0, 153.7, 92.3, 11390, 345.6, 8.8, 48.3, 217.7, 5.2
2, 126472, 19/11/2018 12:20:20, 30.5, 51.8, 9.4, 114.7, 288.7, 65.2, 0.8, 0, 266.8, 132.5, 11520.1, 328.7, 12.1, 57.1, 215.3, 4.4
2, 126473, 19/11/2018 12:39:20, 32.9, 35.4, 10.4, 117.7, 305.6, 69.8, 0.9, 0, 140.3, 90.6, 11593.1, 260.7, 15.1, 75.3, 240.8, 6.4
2, 126474, 19/11/2018 12:59:19, 30.3, 31.4, 9.6, 97, 302.8, 69.4, 0.8, 0, 134.7, 80.3, 11646.8, 334.5, 15.4, 68.4, 218.1, 4.6
2, 126475, 19/11/2018 13:19:20, 32, 42.9, 9.9, 104.9, 307.9, 71.2, 0.8, 0, 191.4, 109.8, 12094, 324.3, 16.2, 71.5, 216.7, 3.4
2, 126476, 19/11/2018 13:39:20, 38.1, 39.9, 12, 120.2, 353, 78.9, 1, 0, 164.9, 102.1, 12354.1, 302.7, 22.2, 97.1, 265.2, 6.4
2, 126477, 19/11/2018 13:59:20, 37.3, 38.8, 11.7, 119.6, 364.7, 82.7, 1, 0, 135.3, 99.4, 12379.5, 322.3, 24.2, 104.3, 256.4, 5.1
2, 126478, 19/11/2018 14:19:20, 37.5, 35.4, 11.7, 115.8, 353.6, 79.5, 1, 0, 149, 90.6, 12380.7, 312.5, 24.1, 104.2, 257.5, 4.6
2, 126479, 19/11/2018 14:39:19, 36.9, 46.2, 11.4, 113.1, 359.3, 79.9, 1, 0, 240.7, 118.4, 13328.1, 365.5, 20.7, 92.2, 242.2, 6.9
2, 126480, 19/11/2018 14:59:19, 39.3, 39.5, 12.2, 118.6, 377.3, 81.6, 1.1, 0, 134.5, 101.2, 12045.7, 337.1, 20.6, 89.4, 266.4, 7.2
2, 126481, 19/11/2018 15:20:19, 34.9, 36, 11, 114.5, 351.1, 77.4, 0.9, 0, 224, 92.2, 12480.4, 340.1, 20.9, 91.6, 236.6, 4.5
2, 126482, 19/11/2018 15:40:19, 35.6, 54.8, 10.7, 123.1, 329.4, 75.2, 0.9, 0, 263.7, 140.4, 12459.3, 297.1, 24.1, 104.1, 228.3, 3
2, 126483, 19/11/2018 15:59:19, 42.2, 56.2, 12.4, 215.6, 403.6, 77.3, 1, 0, 279.3, 143.9, 14679.6, 353.7, 23.1, 130.2, 243.8, 5
2, 126484, 19/11/2018 16:20:19, 41.4, 45.2, 12.1, 384.5, 424.4, 89.9, 1, 0, 229.5, 115.7, 36639, 347.3, 26.2, 240.4, 239.3, 3.2
2, 126485, 19/11/2018 16:40:19, 51.2, 47.5, 14.5, 488.5, 646.3, 95.2, 1.2, 0, 245.9, 121.5, 41977.7, 287.1, 27.1, 312.2, 248.7, 4.8
2, 126486, 19/11/2018 17:00:19, 41.1, 41.7, 11.9, 253, 528, 90.8, 1, 0, 194, 106.8, 35790.7, 337.5, 27.1, 310.4, 214.5, 4.3
2, 126487, 19/11/2018 17:19:19, 36.3, 35.2, 11.1, 159.5, 460.1, 99.9, 0.9, 0, 173.6, 90.1, 32066.4, 445, 26.2, 267.9, 211.5, 3.9
2, 126488, 19/11/2018 17:40:19, 29, 28.4, 9.2, 160.6, 355.7, 76.1, 0.8, 0, 98.1, 72.7, 31067.7, 441.8, 23.7, 186.6, 182, 3.7
2, 126489, 19/11/2018 18:00:19, 28.2, 22.5, 9.2, 133.7, 317.6, 67.9, 0.8, 0, 72.5, 57.5, 30828.1, 427.2, 22.2, 154.2, 179.1, 4.4
2, 126490, 19/11/2018 18:19:19, 26.5, 26.5, 8.5, 198.5, 293.2, 64.4, 0.8, 0, 151.2, 67.8, 30841.4, 484.2, 22.8, 157.7, 143.8, 3.8
2, 126491, 19/11/2018 18:39:19, 23.3, 19.7, 7.6, 206.5, 280.5, 61.7, 0.7, 0, 95.4, 50.5, 30909.7, 492.8, 22.6, 155.6, 124.6, 3.5
2, 126492, 19/11/2018 18:59:18, 23.8, 23.8, 7.5, 264.7, 267.8, 59.2, 0.7, 0, 141.9, 60.9, 31033, 495.5, 18.2, 139.7, 123.4, 3.8
2, 126493, 19/11/2018 19:19:18, 23.8, 19, 7.3, 428.5, 265.5, 57.9, 0.6, 0, 59.3, 48.6, 17083.4, 495.7, 14.7, 119.6, 105.8, 3.1
2, 126494, 19/11/2018 19:39:19, 18.9, 17, 6, 217.1, 241.8, 50.7, 0.6, 0, 98.7, 43.5, 16882.7, 335.8, 14, 96.1, 78.7, 3
2, 126495, 19/11/2018 19:59:18, 23, 70, 7, 469.3, 201, 46.8, 0.6, 0, 355.5, 179.3, 20047.6, 677.1, 17.9, 214.9, 77.6, 4.2
2, 126496, 19/11/2018 20:19:18, 32.3, 52.3, 10.3, 600.5, 269.9, 58.7, 0.8, 0, 229.7, 133.9, 22766.2, 346.8, 17, 210.4, 87.2, 6.7
2, 126497, 19/11/2018 20:39:18, 32.1, 36.2, 10.1, 633.4, 252.7, 57.2, 0.8, 0, 150.2, 92.8, 18212.5, 312.5, 15.2, 158.9, 98, 8
2, 126498, 19/11/2018 21:00:18, 27.1, 35.1, 9, 348.9, 221, 48, 0.8, 0, 130.4, 89.8, 17780.5, 385, 15.1, 147.1, 108.6, 13
2, 126499, 19/11/2018 21:19:18, 26.8, 29.2, 9, 329.3, 185.5, 39.8, 0.7, 0, 90.4, 74.7, 18049.4, 324.9, 15, 152, 136.8, 8.3
2, 126500, 19/11/2018 21:39:18, 27.8, 31.3, 9.5, 340.9, 179.4, 36, 0.8, 0, 99.5, 80, 18021.6, 303.2, 15, 152.1, 136.8, 9.3
2, 126501, 19/11/2018 21:59:18, 29.9, 40.7, 9.2, 318.2, 174.2, 36.5, 0.8, 0, 160.1, 104.3, 18877.4, 303.1, 15, 152, 105.7, 10.6
2, 126502, 19/11/2018 22:19:18, 23.1, 29.4, 7.7, 1177.6, 141.2, 27.5, 0.6, 0, 103.7, 75.3, 20155.8, 323.9, 15.7, 172.9, 46.7, 10.2
2, 126503, 19/11/2018 22:39:18, 18.5, 24.4, 6.2, 347.7, 158.5, 33.9, 0.5, 0, 94.8, 62.3, 18229.6, 279.5, 15.5, 166.5, 42.8, 11.3
2, 126504, 19/11/2018 23:00:18, 34, 48.4, 9.3, 1719.4, 429.1, 28.2, 0.8, 8.2, 187.7, 123.9, 22256.7, 316.2, 21, 246.4, 60.8, 10.6
2, 126505, 19/11/2018 23:20:18, 40.4, 55.4, 11.3, 1052.2, 435.8, 33, 0.9, 10, 215, 141.7, 23993.8, 300.6, 21, 248, 101, 12.5
2, 126506, 19/11/2018 23:39:18, 41.2, 48.2, 11.7, 1865.8, 493.9, 33.7, 0.9, 6.6, 166.8, 123.3, 33956.3, 258.6, 20.5, 239.1, 108.4, 11.2
3, 126435, 18/11/2018 23:59:17, 28.7, 30.1, 5.6, 25154.7, 217.9, 10.9, 0.4, 0, 145.9, 77, 29351, 353.2, 14.2, 361.1, 1.9, 8.1
3, 126436, 19/11/2018 00:19:18, 27.8, 48, 6, 25294.8, 125.9, 9.1, 0.4, 4.1, 207.2, 122.9, 53933.6, 865.8, 30.6, 388.5, 2.6, 17.2
3, 126437, 19/11/2018 00:39:17, 51.6, 64.5, 9.2, 13319.4, 400.8, 5.5, 0.7, 10.5, 212.4, 165.2, 55299.4, 672.4, 30.3, 534.1, 2.4, 3.2
3, 126438, 19/11/2018 01:00:17, 52.7, 70, 10.4, 22223.4, 675.2, 1.7, 0.6, 11.9, 248.4, 179.3, 45373, 161.3, 32.8, 639.8, 2, 5.3
3, 126439, 19/11/2018 01:19:17, 53, 60, 11.2, 5091, 680, 3, 0.7, 6.9, 189.2, 153.7, 44436.6, 230.5, 25.9, 518.1, 2.4, 7.4
3, 126440, 19/11/2018 01:39:17, 34.2, 40.7, 7.5, 3813, 487.3, 1.3, 0.5, 1, 143.9, 104.1, 41190.3, 203, 21.3, 444, 2.3, 10
3, 126441, 19/11/2018 01:59:17, 42.3, 55.6, 9.5, 60812.9, 461.4, 1.6, 0.6, 1.1, 195.2, 142.3, 44275.6, 371, 21.4, 524.5, 2, 12.1
3, 126442, 19/11/2018 02:20:17, 30.9, 38.8, 7.3, 6151.3, 237.9, 0.4, 0.5, 0, 147.4, 99.4, 33300.5, 264.8, 15.5, 404.6, 0.8, 10.2
3, 126443, 19/11/2018 02:40:17, 18.6, 23.2, 4.8, 5041.7, 106, 0.3, 0.4, 0, 100.8, 59.3, 44951.2, 210.4, 11.9, 338.7, 0.8, 7.5
3, 126444, 19/11/2018 02:59:17, 36.6, 42, 7.2, 14505, 158.8, 4.1, 0.5, 0, 149.2, 107.6, 51604.3, 278.6, 16.2, 429.5, 1.7, 9
3, 126445, 19/11/2018 03:20:17, 39, 58.7, 7.9, 15861.2, 47.6, 0.6, 1, 5.4, 540.6, 150.4, 63369.9, 307.7, 19.2, 523.5, 1.9, 13.6
3, 126446, 19/11/2018 03:39:17, 47.8, 52.5, 9.6, 30150.5, 328.7, 6, 0.6, 1.3, 259.3, 134.5, 88514.3, 284, 20, 579.3, 6, 5.7
3, 126447, 19/11/2018 04:00:17, 62.3, 66.5, 13.5, 27113.2, 517.1, 5.3, 1.1, 0.3, 233.1, 170.1, 94939.6, 541.5, 24.2, 649.1, 5.2, 10.8
3, 126448, 19/11/2018 04:19:16, 56.2, 53.1, 9.5, 13022.6, 532.2, 6.7, 0.7, 0, 205.8, 136, 66072.7, 1018.3, 19.9, 561, 6.4, 6
3, 126449, 19/11/2018 04:39:17, 58.6, 68.1, 10.1, 7006.6, 141.2, 8.3, 0.9, 0.3, 241, 174.5, 67762.6, 714, 25.6, 675.2, 6.7, 6.5
3, 126450, 19/11/2018 05:00:16, 63.8, 108.9, 10.9, 104961.4, 112.2, 4.7, 0.8, 0.3, 442.5, 278.9, 70465.8, 606.9, 33.3, 800.4, 7.3, 39.6
3, 126451, 19/11/2018 05:19:17, 67.5, 69.7, 10.9, 9643.6, 362.4, 7.3, 2.4, 1.5, 302.7, 178.5, 51005.6, 762.5, 24.6, 638.7, 7.7, 4.2
3, 126452, 19/11/2018 05:39:16, 57.2, 63.2, 10.7, 9378.7, 59, 5.8, 2.2, 0.7, 259.3, 161.7, 76224.1, 543.2, 24, 647.8, 7.8, 4.6
3, 126453, 19/11/2018 05:59:16, 49.5, 58.8, 8.8, 21152.5, 221.3, 7.8, 0.6, 7.9, 234.6, 150.4, 71705, 310.8, 27.1, 685.9, 5.9, 4
3, 126454, 19/11/2018 06:20:16, 43.6, 47.6, 7.7, 4692.1, 359.6, 18.5, 0.5, 3.9, 154.7, 121.8, 74518.9, 216.4, 20.8, 598.3, 1.7, 5.7
3, 126455, 19/11/2018 06:39:16, 41.1, 41.4, 7.3, 2123.8, 304.3, 16.1, 0.5, 0.1, 160.8, 106, 49298, 239.7, 18, 488.1, 0.6, 4.5
3, 126456, 19/11/2018 07:00:16, 56.6, 71, 10.6, 18692.2, 124.8, 13.6, 2, 2.5, 370.4, 181.9, 78974.3, 318.6, 27.1, 628.9, 2.9, 6.8
3, 126457, 19/11/2018 07:19:16, 76.9, 114.8, 13.3, 7629.2, 463, 21.1, 4.3, 9.4, 384.4, 293.8, 115048.1, 274.2, 32.9, 930.4, 2.7, 7.4
3, 126458, 19/11/2018 07:39:16, 59.9, 80.6, 10.6, 4805.8, 592.9, 22.1, 2, 0.9, 335, 206.3, 45580.3, 210.5, 25.5, 722.6, 1.6, 8.2
3, 126459, 19/11/2018 07:59:16, 57.5, 85.6, 10.5, 15944.9, 282.1, 14.2, 1.8, 1.2, 398.9, 219.1, 82654.1, 303.8, 40.2, 1157, 0.6, 7.8
3, 126460, 19/11/2018 08:20:16, 70.4, 104.1, 12.9, 7273.4, 350.9, 21.2, 1.9, 1.1, 340.8, 266.6, 80299.8, 309.4, 44.6, 1351.5, 0.9, 10
3, 126461, 19/11/2018 08:39:20, 62.7, 96.2, 11.7, 4360.7, 313.9, 13.7, 1, 0.8, 384.8, 246.3, 123345.7, 226.8, 47.2, 1277.6, 0.5, 9.5
3, 126462, 19/11/2018 09:00:20, 71.2, 97.6, 11.3, 15061.8, 344.2, 9.9, 2.5, 1.6, 385.2, 249.8, 96961.1, 321.4, 42.9, 1231.2, 0.9, 10.1
3, 126463, 19/11/2018 09:19:20, 73.3, 96.8, 12.6, 8358.8, 405.9, 5.8, 2.1, 0.9, 319.3, 247.8, 78980.2, 217.8, 42.4, 1227.9, 2, 9.9
3, 126464, 19/11/2018 09:39:20, 70.3, 98.8, 12.4, 4697.2, 247.5, 9.8, 3, 2.6, 406.9, 252.9, 90169.3, 377, 40.6, 959.2, 3.3, 9.5
3, 126465, 19/11/2018 09:59:25, 64, 81.9, 11.4, 29845.9, 333.8, 6.8, 1.1, 0.9, 304.7, 209.7, 93907.2, 164.8, 34.6, 1055.4, 2.9, 6.8
3, 126466, 19/11/2018 10:19:26, 55.3, 69.9, 9.4, 3383.1, 395.2, 15, 1.3, 0.2, 258.9, 178.8, 76229.3, 163.8, 31.4, 991.2, 3.2, 6.4
3, 126467, 19/11/2018 10:39:25, 50.9, 67.9, 8.7, 5372.8, 365.2, 14.8, 0.8, 0.1, 367.1, 173.7, 79232.9, 210.2, 34.7, 1205.4, 3.8, 5.3
3, 126468, 19/11/2018 11:00:25, 39.9, 68.3, 7.2, 22005.5, 167.3, 16.7, 0.5, 0.1, 281.1, 174.9, 59764.2, 230, 33.3, 1221.2, 1.6, 7.1
3, 126469, 19/11/2018 11:20:25, 41.7, 69.3, 7.6, 8533.7, 179, 28.6, 1.6, 1, 329.7, 177.5, 55319.4, 209.1, 29.4, 1219.7, 1.3, 7.6
3, 126470, 19/11/2018 11:39:25, 53.9, 72, 9.2, 34736.8, 161.3, 11.8, 0.8, 0.4, 337, 184.3, 49003.7, 282.2, 27.6, 1030.7, 5.1, 4.8
3, 126471, 19/11/2018 12:00:24, 58.4, 69.4, 8.4, 57093.1, 114.3, 8.5, 0.6, 0.1, 301.3, 177.6, 43181.6, 287.4, 37.3, 1273.8, 12.9, 5
3, 126472, 19/11/2018 12:20:25, 56.4, 60.1, 7.4, 6117.5, 115.4, 1.9, 0.5, 0.1, 201.5, 153.9, 51179.1, 144.2, 38.1, 1456.5, 14.8, 2
3, 126473, 19/11/2018 12:39:24, 58.4, 68.7, 8.4, 31676.3, 82.9, 2.6, 0.6, 0.1, 290.4, 175.9, 47310.5, 259.4, 38.5, 1388.3, 14.4, 4.7
3, 126474, 19/11/2018 12:59:25, 55.9, 72.6, 10.7, 97627.3, 51.3, 2.5, 0.7, 0, 234.5, 185.8, 36338.6, 318.8, 34.3, 1060.5, 14.2, 12.2
3, 126475, 19/11/2018 13:19:25, 32.3, 97.7, 7.5, 14338.2, 166.7, 7.7, 0.6, 0.1, 549.4, 250, 39792.1, 280.6, 28.5, 983.5, 8.9, 5.9
3, 126476, 19/11/2018 13:39:24, 44.6, 56.7, 9.9, 87759.6, 294.5, 21, 0.7, 0, 233.3, 145.2, 64713.6, 350.3, 30.4, 713.4, 2.2, 12.3
3, 126477, 19/11/2018 13:59:25, 43.8, 53, 9.7, 75845.8, 307.1, 20.3, 0.6, 0, 169.2, 135.8, 38314.7, 233.6, 27.8, 706.9, 1, 10.6
3, 126478, 19/11/2018 14:19:25, 38.1, 44.9, 8.4, 65914.6, 262.3, 3.7, 0.5, 0, 169.7, 114.9, 70514.7, 403.5, 24.5, 509.2, 1.8, 8.5
3, 126479, 19/11/2018 14:39:24, 45.4, 56.3, 8.9, 72408.3, 267.6, 3.1, 0.5, 4.1, 233.4, 144.3, 74909.2, 313.9, 28.2, 387.2, 5.6, 11
3, 126480, 19/11/2018 14:59:24, 57, 79.8, 10.5, 48094.4, 371.6, 11.2, 1.3, 10.9, 379.2, 204.3, 40131.2, 234.7, 34.6, 552.6, 1.4, 11.5
3, 126481, 19/11/2018 15:20:24, 41.8, 57.1, 7.7, 30462.1, 344.1, 5.9, 0.5, 10.4, 187.7, 146.2, 63058, 303.2, 33.2, 539.3, 1, 5.7
3, 126482, 19/11/2018 15:39:24, 47.8, 66.3, 7.6, 10365.2, 401.7, 5.7, 0.6, 8, 236.2, 169.8, 63753.9, 197.5, 36.3, 679.7, 0.8, 4
3, 126483, 19/11/2018 15:59:24, 43.6, 78.8, 7.6, 18467.2, 371.4, 13.2, 0.5, 11.4, 464.2, 201.8, 66034.6, 186.1, 37.2, 775.1, 2.7, 4.9
3, 126484, 19/11/2018 16:20:24, 43.5, 74.4, 8.9, 9446.9, 252, 4.9, 0.5, 5.2, 402.6, 190.5, 55733.7, 299.7, 37.3, 610.7, 3.4, 6.3
3, 126485, 19/11/2018 16:40:24, 38.8, 51.5, 10, 31358.9, 106.2, 4.3, 0.7, 0, 206.8, 131.9, 43534.4, 197.9, 41, 688.2, 2.9, 13.5
3, 126486, 19/11/2018 17:00:23, 50.8, 69.4, 11.7, 24350, 104.7, 8.5, 0.7, 0.2, 222.5, 177.7, 87489.4, 235.3, 42.9, 773.2, 2.2, 11.3
3, 126487, 19/11/2018 17:19:24, 49.4, 59.5, 12.1, 8044.8, 246.8, 5.5, 0.7, 0.1, 201.2, 152.2, 55715.8, 232.1, 34.3, 588, 1.4, 11.5
3, 126488, 19/11/2018 17:39:24, 40.6, 57.2, 9.5, 14687.8, 135, 2.2, 0.6, 1.6, 397.8, 146.3, 53996.7, 215.6, 32.5, 461.9, 1.8, 9.3
3, 126489, 19/11/2018 18:00:23, 36.7, 46.8, 9.3, 43160.9, 166.4, 0.9, 0.6, 0.6, 184.5, 119.8, 43535.9, 269.4, 30.6, 419.4, 1.2, 10.6
3, 126490, 19/11/2018 18:19:24, 24.1, 32.6, 6.2, 17288.4, 94.1, 1.7, 0.5, 0.1, 114.5, 83.5, 38665.2, 151, 29, 342.7, 1.4, 7.8
3, 126491, 19/11/2018 18:39:24, 25.4, 30.9, 6.4, 13202.5, 124.6, 3.4, 0.5, 0, 115, 79, 41044, 214.3, 29.9, 321.7, 0.9, 8
3, 126492, 19/11/2018 18:59:23, 36.3, 45.3, 8.5, 28790.3, 253.8, 7, 0.6, 0, 159.7, 115.9, 41292.9, 258.9, 29.7, 398.2, 2.8, 10.9
3, 126493, 19/11/2018 19:19:23, 20.3, 25, 4.9, 14271.1, 114.7, 4.4, 0.4, 0, 105.9, 64, 35806.6, 185.9, 26.2, 302.4, 1.3, 6
3, 126494, 19/11/2018 19:39:23, 12.5, 15.6, 3.8, 2257, 43.3, 4.7, 0.3, 0, 59.5, 40, 35867.3, 152.1, 24.7, 294.2, 1.6, 4.9
3, 126495, 19/11/2018 19:59:23, 17.1, 23.3, 4.1, 42891.8, 246, 2.7, 0.3, 0, 102.9, 59.6, 40361.6, 113.9, 26.7, 355, 3.9, 4.5
3, 126496, 19/11/2018 20:19:23, 15.2, 19.3, 3.7, 2208.8, 60.6, 6.7, 0.3, 0, 98.9, 49.5, 34676.6, 165.1, 26.1, 326, 5.4, 3.1
3, 126497, 19/11/2018 20:39:23, 11.1, 14, 3.2, 1416.7, 59.8, 6.3, 0.3, 0, 66.2, 35.8, 33784.2, 198.1, 23.2, 259.9, 4.6, 2.7
3, 126498, 19/11/2018 20:59:23, 24.1, 26.7, 5.6, 33387.9, 219.1, 4.2, 0.4, 0, 134.7, 68.4, 45541.1, 94.1, 25.5, 401.9, 4.6, 6.2
3, 126499, 19/11/2018 21:19:23, 17.9, 19.1, 4.5, 37450.1, 194.1, 0, 0.3, 0, 54.2, 48.8, 72401.5, 262, 24.9, 350.7, 5.5, 4.5
3, 126500, 19/11/2018 21:39:22, 16.5, 17.2, 4, 17289.8, 138.4, 2.5, 0.3, 0, 61.2, 44, 54195.5, 190, 23.2, 327.6, 4.7, 3.6
3, 126501, 19/11/2018 21:59:23, 28.5, 31.3, 5.8, 29445, 234.8, 8.4, 0.4, 0.1, 132.6, 80.2, 30640.2, 210.3, 24.7, 390.9, 4.6, 6.2
3, 126502, 19/11/2018 22:19:22, 13.8, 15.5, 3.5, 31641.3, 60.6, 6.2, 0.3, 0, 57.1, 39.6, 23740.5, 220.9, 19.9, 244.9, 4, 4.9
3, 126503, 19/11/2018 22:39:22, 11.7, 14.2, 3.7, 57328.8, 43.4, 7.3, 0.3, 0, 48.8, 36.4, 23814.8, 265.4, 20.8, 239.8, 4.3, 6.4
3, 126504, 19/11/2018 23:00:22, 25.4, 27.8, 5.7, 17819.1, 223.8, 9.7, 0.4, 0, 130.2, 71.1, 12415.3, 211, 22.4, 321.9, 3.9, 5.5
3, 126505, 19/11/2018 23:20:22, 13.3, 15.3, 3.7, 18681.6, 47.9, 6.5, 0.3, 0, 64.3, 39.2, 12341.6, 217.5, 20.3, 241.1, 4.1, 4
3, 126506, 19/11/2018 23:39:23, 16.9, 17.5, 3.5, 25701.3, 36.4, 2, 0.3, 0, 53.5, 44.8, 14121.2, 226.6, 19, 215.2, 3.8, 4
4, 126435, 19/11/2018 00:00:02, 38.6, 48.2, 5.5, 25227.4, 22.9, 0.8, 0.4, 0.2, 251.8, 123.5, 18600.8, 242.1, 17.3, 241.6, 2.4, 14.6
4, 126436, 19/11/2018 00:20:02, 51.9, 75.6, 7.1, 20581.1, 77.8, 1.7, 1.2, 4.4, 285.7, 193.6, 64842.4, 554, 32.7, 422, 3.6, 21.1
4, 126437, 19/11/2018 00:40:02, 71.7, 91.7, 10.2, 5759, 170.7, 0.7, 1.4, 16.7, 286.8, 234.6, 69496, 587.2, 32.7, 495.4, 2, 5.4
4, 126438, 19/11/2018 01:00:02, 58.9, 74.8, 9.9, 17063.2, 321.6, 0.9, 0.6, 8.8, 225.9, 191.4, 75142.6, 347.6, 29.6, 473, 3.2, 6.7
4, 126439, 19/11/2018 01:20:02, 62.8, 75.2, 10.7, 6446.7, 542.4, 1.1, 2.2, 12.7, 276.1, 192.4, 83521.1, 139.7, 29.7, 513.9, 2.1, 6.9
4, 126440, 19/11/2018 01:40:02, 48.3, 61.5, 7.6, 4999.8, 317.5, 0.1, 0.4, 16.9, 176.9, 157.6, 72788.1, 109.5, 27.8, 517.5, 4.7, 3.8
4, 126441, 19/11/2018 01:59:01, 76.4, 87.4, 12.3, 12038.5, 440.3, 3.2, 2.8, 12, 297.3, 223.9, 97339.5, 146.8, 28.4, 680.1, 3.6, 6.5
4, 126442, 19/11/2018 02:20:01, 54.1, 62.5, 10.1, 3818.2, 344.9, 1, 0.9, 5.9, 275.4, 160.1, 30644.4, 127.7, 21.3, 454.2, 1.6, 6.5
4, 126443, 19/11/2018 02:40:02, 39.9, 41.5, 7.6, 8513.5, 341.8, 1.5, 0.6, 0.2, 119.7, 106.2, 25689.5, 127.2, 15, 308.3, 1.4, 8.1
4, 126444, 19/11/2018 03:00:01, 50.8, 56.4, 8.7, 31747.7, 430.2, 5.1, 0.7, 0.2, 262.2, 144.3, 77452.6, 132.1, 18.8, 488.5, 1.3, 10.6
4, 126445, 19/11/2018 03:20:01, 39.9, 54.1, 6.9, 31541.6, 159.7, 2.1, 0.6, 0.8, 311.1, 138.5, 44270.5, 220.3, 21, 516.3, 2.4, 13.9
4, 126446, 19/11/2018 03:40:01, 34.1, 44.1, 7.4, 3814, 228.9, 4.5, 0.5, 0, 136.3, 112.8, 54745.2, 251.7, 21, 477.5, 3.2, 11.7
4, 126447, 19/11/2018 04:00:01, 48.8, 52.5, 8.1, 21289.1, 276.1, 5.9, 0.5, 0, 168.4, 134.3, 69967.4, 6576.9, 24.3, 533.9, 5.7, 7.5
4, 126448, 19/11/2018 04:20:01, 57.9, 50.7, 9.2, 6545.3, 365.8, 6.2, 1.1, 0.1, 226.6, 129.7, 74845, 4260.4, 25.2, 523.8, 6.6, 4
4, 126449, 19/11/2018 04:40:01, 62.5, 76.3, 11.6, 5402.2, 212.5, 7.7, 0.9, 2.5, 356.7, 195.4, 90127.1, 5220.4, 34.1, 963.4, 8.5, 10.4
4, 126450, 19/11/2018 05:00:01, 65.8, 138.9, 13.2, 129863.1, 161.3, 14.7, 1.2, 0.1, 530.3, 355.7, 93069.8, 2405.4, 38.1, 918.6, 10.5, 68.1
4, 126451, 19/11/2018 05:20:01, 71.7, 75.3, 15.2, 2598.8, 157.6, 10.2, 2, 0.4, 306.7, 192.7, 75086.3, 418.3, 29.6, 795, 27.2, 11.9
4, 126452, 19/11/2018 05:40:01, 69.9, 69.9, 16.4, 2490.3, 120.7, 1.6, 2.2, 0.2, 258.4, 178.8, 62512.8, 461, 27.1, 799, 29.5, 8.8
4, 126453, 19/11/2018 06:00:01, 57.6, 59, 12.5, 17244.4, 149.5, 8.9, 0.8, 0.1, 229.1, 151, 72545.2, 383, 24.1, 717.5, 30, 10.6
4, 126454, 19/11/2018 06:20:01, 49.8, 52.5, 12.5, 4263.7, 284.8, 8.3, 0.7, 0.2, 209.8, 134.5, 74428, 183.9, 20.5, 593, 32.1, 11.5
4, 126455, 19/11/2018 06:40:00, 55.1, 61.9, 13.1, 5780.7, 256.9, 7, 1.4, 4.7, 219.2, 158.6, 94622.5, 164.8, 20.8, 529.4, 26.5, 10.7
4, 126456, 19/11/2018 07:00:00, 68.5, 88.1, 14.6, 19473.3, 267.3, 11.8, 2.3, 2.5, 298.7, 225.5, 36667.6, 212.6, 25.8, 621.1, 26.3, 11.4
4, 126457, 19/11/2018 07:20:01, 87.2, 117.2, 18.2, 5430.9, 405.7, 18.1, 10.3, 7.3, 525.5, 300, 68314.1, 326.6, 35.8, 990, 21.1, 14.2
4, 126458, 19/11/2018 07:40:00, 55.5, 78.7, 12.6, 2966.9, 223.6, 20.7, 0.9, 0.6, 337.8, 201.6, 38444.8, 181.7, 29.3, 762.8, 20.5, 9.7
4, 126459, 19/11/2018 08:00:00, 62.1, 107.9, 13.5, 22141.4, 291, 29.1, 1.8, 1.1, 643.6, 276.2, 71015, 328.1, 45.4, 1152.6, 13.4, 12.4
4, 126460, 19/11/2018 08:20:00, 59.3, 108.6, 11.9, 5467.1, 406.4, 37.9, 1.1, 0.6, 520.9, 278, 57376.7, 344.1, 42.1, 1087.9, 8.1, 7.5
4, 126461, 19/11/2018 08:40:00, 54.7, 158.3, 12, 3219.4, 566.1, 33.1, 1.8, 1.9, 1782, 405.3, 61610, 338.1, 43.4, 1114.7, 6.1, 10
4, 126462, 19/11/2018 09:00:00, 67, 136.2, 14.6, 24090.6, 495.6, 29.4, 1.5, 2.3, 657.8, 348.5, 43588.1, 336.7, 48, 1150.5, 5, 15.9
4, 126463, 19/11/2018 09:20:00, 61.4, 123.2, 13, 7949.9, 396.7, 19.3, 1.5, 1.2, 455, 315.3, 50225.9, 381.8, 45.6, 1247.1, 4.6, 14.6
4, 126464, 19/11/2018 09:40:00, 48.6, 78.5, 11.6, 17786.6, 375.4, 15.2, 1.1, 0.2, 305, 200.9, 44576.4, 434, 39.4, 977.9, 5.8, 14.2
4, 126465, 19/11/2018 10:00:00, 64.3, 83.8, 15.5, 6239.6, 405.9, 11, 1.1, 0.2, 254.8, 214.5, 63446.2, 276.8, 34.5, 979.5, 4.6, 16.3
4, 126466, 19/11/2018 10:20:00, 70.9, 111.8, 16.7, 4075.9, 399.7, 19.7, 3.2, 1.2, 441.9, 286.2, 76048.1, 184.2, 45.2, 1180, 4.6, 13.6
4, 126467, 19/11/2018 10:40:00, 76, 108.7, 16.3, 3256.4, 256.4, 9.2, 3.1, 0.7, 425.1, 278.4, 86219.1, 144.1, 43.9, 1155.1, 4.2, 13.3
4, 126468, 19/11/2018 10:59:59, 77.3, 107, 14.9, 41513.1, 432.1, 11.5, 2.5, 0.4, 426, 273.8, 85485.6, 121.1, 38.7, 901.4, 3.8, 13.6
4, 126469, 19/11/2018 11:20:00, 69.9, 125, 13.3, 11069.5, 354, 14, 3.1, 9.8, 744, 320.1, 80902.1, 173.9, 41, 987.4, 3.7, 13.2
4, 126470, 19/11/2018 11:39:59, 72.8, 106, 13.4, 4126.4, 369.7, 25.8, 5.7, 7.9, 358.1, 271.3, 53932.2, 290.9, 45.8, 1210.8, 3.4, 15.8
4, 126471, 19/11/2018 12:00:00, 74.1, 104.5, 12.5, 21468.1, 265.5, 30.9, 3.4, 4.9, 385.6, 267.6, 55044.9, 335.5, 44.6, 1284.9, 3, 17.6
4, 126472, 19/11/2018 12:19:59, 69.8, 106.1, 13.2, 6271.3, 235.8, 11, 4.3, 9.2, 433.1, 271.6, 123123.3, 175.4, 45.7, 1176.4, 1.6, 12.4
4, 126473, 19/11/2018 12:39:59, 84.4, 112.4, 14.1, 6985.6, 373.6, 31.6, 8.5, 8.9, 394, 287.6, 76276.5, 133.9, 46.9, 1312.6, 1.7, 13.6
4, 126474, 19/11/2018 12:59:59, 88.4, 112, 16.4, 23097, 339.8, 9.9, 8.4, 4.5, 391.8, 286.7, 62087.8, 534.3, 45.4, 1322.2, 2, 19
4, 126475, 19/11/2018 13:19:59, 82.4, 101.5, 14.4, 1792.2, 372.5, 18.2, 3.5, 2.2, 398.6, 259.9, 63466.3, 122.1, 40.1, 1113.4, 0.8, 12
4, 126476, 19/11/2018 13:39:59, 57.2, 71.4, 12.2, 14379.2, 252.4, 24.3, 1.2, 0.1, 331.7, 182.8, 38347.6, 747.2, 28.7, 727.5, 1.3, 15.9
4, 126477, 19/11/2018 13:59:59, 67.5, 84.3, 13.8, 28113.4, 368.9, 12.7, 1.4, 0.4, 294, 215.8, 40588.1, 627.9, 29.7, 732.5, 1.6, 17.7
4, 126478, 19/11/2018 14:19:59, 63.6, 87.8, 13.1, 7594, 261.2, 22.9, 5, 7.2, 404, 224.7, 38171.7, 612.8, 30.7, 742.1, 1.2, 13
4, 126479, 19/11/2018 14:39:58, 57.4, 72, 10.5, 2752.6, 318.4, 8.7, 0.7, 0.3, 224, 184.3, 59398.4, 600.6, 27.5, 782.8, 1.7, 14.1
4, 126480, 19/11/2018 14:59:59, 70.8, 84.6, 12.7, 18485.6, 203.2, 15, 0.8, 0.4, 249.5, 216.5, 64677.1, 717.6, 27, 757.3, 1.4, 17.6
4, 126481, 19/11/2018 15:19:59, 65.3, 76.6, 12.1, 3304.3, 272.5, 17, 0.9, 0.2, 240.3, 196, 64430.8, 797.5, 30, 898.6, 1.5, 11.4
4, 126482, 19/11/2018 15:39:59, 56, 78.3, 10.8, 4869.1, 235.1, 16.3, 3.1, 1.8, 357.1, 200.5, 62140, 334.7, 29.9, 757, 1.4, 9.6
4, 126483, 19/11/2018 15:59:59, 76.8, 95.4, 13.4, 26692, 476.7, 13.5, 2.2, 0.7, 482.7, 244.3, 67770.6, 462.7, 29.7, 938.8, 1.5, 9.7
4, 126484, 19/11/2018 16:19:59, 74.5, 88.3, 12.9, 15712.6, 551.4, 7.3, 2.4, 1.2, 394.5, 226, 62494.9, 565.7, 31.1, 873.7, 1.4, 8.9
4, 126485, 19/11/2018 16:40:58, 67.6, 75.2, 13.4, 18654.5, 557, 9.4, 0.8, 0.1, 237.4, 192.5, 64899.6, 613.5, 34.2, 936.3, 2.1, 12.9
4, 126486, 19/11/2018 16:59:58, 59.2, 80.6, 13.2, 31465.8, 381.7, 13.5, 0.8, 0.1, 325.4, 206.4, 62537.7, 955, 32.6, 821.5, 1.8, 15.1
4, 126487, 19/11/2018 17:19:58, 62.7, 90.1, 14.3, 26109.1, 158.8, 8.1, 0.8, 4.3, 279.8, 230.7, 50136.6, 928.8, 29.8, 736.3, 2.4, 18.3
4, 126488, 19/11/2018 17:39:58, 67, 91.1, 14, 17214.8, 406.9, 18.4, 1.7, 1.2, 439, 233.2, 73568.4, 657.8, 29.8, 713.8, 2.6, 11.4
4, 126489, 19/11/2018 18:00:03, 55.8, 65.6, 11.7, 23322.9, 250.8, 11.5, 0.7, 0, 242.5, 167.8, 76909.4, 1026.6, 25.3, 609.3, 2.6, 11.9
4, 126490, 19/11/2018 18:20:02, 39.1, 62.8, 9, 13803.6, 221.1, 21.3, 0.6, 0.4, 344.7, 160.9, 30020.4, 1104.3, 22, 497.2, 1.4, 9.4
4, 126491, 19/11/2018 18:40:03, 42.5, 56.2, 8.5, 17255, 186.1, 9.5, 0.7, 0.6, 363, 143.9, 50821, 338.1, 22.7, 484, 0.6, 8.2
4, 126492, 19/11/2018 19:00:03, 41.7, 53.7, 8.2, 22191.6, 167.6, 14.2, 0.6, 0, 203.1, 137.4, 47916.5, 568.6, 23.6, 480.9, 2, 7.6
4, 126493, 19/11/2018 19:19:03, 29.7, 39.4, 6.9, 23186.5, 303.3, 17.7, 0.5, 0, 129, 100.8, 25114, 1082.5, 21.7, 379, 1.5, 9.4
4, 126494, 19/11/2018 19:40:03, 31.2, 35.9, 6.6, 35750.2, 86.1, 2.7, 0.5, 0, 138.2, 91.9, 18232.9, 215.1, 23.9, 386.2, 0.5, 6.2
4, 126495, 19/11/2018 20:00:02, 29.4, 54.1, 6.3, 24636, 61.4, 8.1, 0.5, 0, 203.5, 138.5, 56312, 140, 24.9, 459.7, 1.3, 8.3
4, 126496, 19/11/2018 20:20:02, 30, 48.1, 6.9, 31231.7, 225.8, 17.5, 0.5, 0.2, 567.3, 123.2, 17645.2, 159.1, 17.6, 345.5, 1.1, 7.3
4, 126497, 19/11/2018 20:40:13, 21.8, 26, 4.8, 38461.1, 94.9, 11.6, 0.4, 0, 84.7, 66.5, 25074.1, 247.7, 15.9, 275.5, 0.9, 5.4
4, 126498, 19/11/2018 21:00:12, 41.9, 58.3, 10.5, 88381.5, 34.6, 3.6, 0.7, 0.1, 242.6, 149.2, 18633.8, 345.5, 21.7, 458.5, 1.3, 17.6
4, 126499, 19/11/2018 21:19:13, 38.7, 41.9, 9.2, 84379.4, 53.6, 9.9, 0.6, 0.1, 141.4, 107.3, 25936.1, 398.1, 16, 382.1, 0.9, 8.8
4, 126500, 19/11/2018 21:39:12, 22.7, 27.5, 6, 103739.1, 53.2, 2.2, 0.4, 0, 82, 70.5, 32025.7, 275.3, 15.3, 324.2, 5, 9.6
4, 126501, 19/11/2018 21:59:12, 32.8, 40.6, 7.5, 106706.9, 26.1, 1.5, 0.5, 0, 156.8, 104, 18253.4, 285.3, 19.7, 396.8, 5.5, 12.9
4, 126502, 19/11/2018 22:19:12, 22.5, 30.2, 5.8, 107107.4, 27.9, 2, 0.4, 0, 90.1, 77.2, 15208.6, 287.9, 14.5, 275.3, 2.3, 12.1
4, 126503, 19/11/2018 22:39:12, 20.5, 25.8, 5.2, 93294.2, 25.1, 1.6, 0.4, 0, 84.1, 65.9, 16557, 271.3, 13.8, 273.1, 6.6, 10.6
4, 126504, 19/11/2018 23:00:12, 25.2, 37.3, 6.9, 104405.3, 29.7, 3.3, 0.5, 0, 166.9, 95.6, 15629, 347.1, 17.7, 347.9, 4.8, 15.1
4, 126505, 19/11/2018 23:20:12, 21.2, 26.4, 5.4, 95380.8, 24.6, 1.3, 0.4, 0, 119.5, 67.5, 15509, 331, 14.4, 268.4, 3.7, 8
4, 126506, 19/11/2018 23:40:12, 21.9, 24, 5.4, 88463.8, 13.9, 1.3, 0.4, 0, 77.5, 61.5, 16012, 477.7, 14, 264.9, 3.6, 7.8
