HOST, SNAP_ID, TIME, SYS_CPU, SYS_DBTIME, SYS_SYSPCT, SYS_READ, SYS_WRITE, SYS_REDO, SYS_OSWAIT, SYS_RMWAIT, SYS_ACTSESS_MAX, SYS_ACTSESS_AVG, SYS_PGA, SYS_PXRUNS, SYS_PXQCT, SYS_PXSRVT, SYS_UCALLS, SYS_IOWAIT
1, 126507, 20/11/2018 00:00:11, 35, 48.2, 10.3, 864.7, 155.4, 30.6, 0.8, 0, 173.9, 123.4, 22244.3, 211.1, 7.5, 137.9, 96, 15.4
1, 126508, 20/11/2018 00:19:11, 29.6, 52.8, 9.2, 762.3, 126.5, 23.3, 0.8, 0, 169.9, 135.1, 21323.7, 214.3, 7, 136.2, 91.5, 23.4
1, 126509, 20/11/2018 00:40:11, 31, 50.7, 9.3, 847.3, 147.5, 24.1, 0.7, 0, 177.3, 129.7, 22154, 198.9, 7.2, 138.5, 103.2, 13.5
1, 126510, 20/11/2018 00:59:11, 46.6, 80.2, 13.8, 3387.1, 174.6, 31.5, 1, 0, 271.4, 205.3, 24001.9, 801.8, 13.9, 264.6, 103.8, 22.3
1, 126511, 20/11/2018 01:19:10, 38.1, 72.5, 10.7, 2304.2, 176.2, 29.8, 0.8, 0, 344.7, 185.5, 31622.9, 610.3, 10.5, 185.9, 93.4, 12.2
1, 126512, 20/11/2018 01:40:11, 23.1, 35.8, 7.3, 724.7, 96.8, 15.6, 0.6, 0, 156.5, 91.5, 21936.1, 727.4, 7.3, 124.9, 66.2, 9.1
1, 126513, 20/11/2018 02:00:10, 20.9, 33.9, 6.2, 718.7, 128.5, 22.2, 0.5, 0, 141.5, 86.8, 21934.6, 768.9, 7.5, 123.9, 47.7, 9.8
1, 126514, 20/11/2018 02:20:10, 18.6, 28, 5.7, 762.7, 112.5, 16.5, 0.5, 0, 89.4, 71.6, 13442.4, 851, 6.7, 115, 38.4, 9.6
1, 126515, 20/11/2018 02:39:11, 14.8, 29.1, 4.7, 696.6, 50.6, 9.6, 0.4, 0, 91.7, 74.6, 12896.1, 210.4, 5.4, 93.3, 41.7, 8.7
1, 126516, 20/11/2018 03:00:11, 17.6, 40, 5.5, 672, 74.7, 15.6, 0.5, 0, 147.1, 102.5, 12882.5, 201.1, 5, 88.2, 41.1, 8.6
1, 126517, 20/11/2018 03:20:11, 30.1, 52.9, 9.1, 686.1, 161, 31.7, 0.8, 0, 229.6, 135.5, 12975.3, 176.4, 5.1, 88.1, 67.2, 11.9
1, 126518, 20/11/2018 03:39:10, 34.3, 47.6, 10.1, 718.4, 171.5, 31.3, 0.9, 0, 194.6, 121.8, 12889, 227.8, 5, 88.1, 85.8, 14.8
1, 126519, 20/11/2018 04:00:10, 40.8, 59.3, 11.6, 644.5, 220.9, 38.8, 0.9, 0, 212.3, 151.8, 47203.8, 213, 5, 88.2, 105.5, 13.8
1, 126520, 20/11/2018 04:20:11, 49, 56.4, 12.6, 593.8, 508.6, 38.8, 1, 0, 192.9, 144.3, 47155, 214.1, 5.9, 90.1, 88.8, 13.6
1, 126521, 20/11/2018 04:39:10, 39.3, 48.2, 9.9, 599.7, 487.2, 30.2, 0.8, 0, 180.4, 123.3, 46861.1, 232.2, 6, 89.1, 83.9, 12.4
1, 126522, 20/11/2018 05:00:10, 26.6, 48.1, 7.2, 268.6, 469.4, 22.3, 0.6, 0, 228.6, 123.2, 46206.8, 213.4, 6.1, 89.2, 61.8, 23.1
1, 126523, 20/11/2018 05:20:10, 25.2, 51.3, 8.3, 124.9, 222.7, 34.1, 0.7, 0, 191.1, 131.5, 45791.4, 169, 5.6, 85.9, 86.6, 12.3
1, 126524, 20/11/2018 05:39:10, 21.7, 37.9, 7.8, 142.3, 159.3, 29.1, 0.7, 0, 218.1, 97, 11162.3, 215, 3.3, 67.3, 93.6, 10.6
1, 126525, 20/11/2018 06:00:10, 41.1, 79.2, 11.7, 745.5, 267.4, 42.9, 0.9, 0, 317.3, 202.7, 23001.7, 203.7, 4.6, 133.4, 94.7, 11.8
1, 126526, 20/11/2018 06:20:10, 35.8, 57, 11.4, 233.8, 272.4, 47.6, 0.9, 0, 271.5, 146, 11381.1, 175.8, 3.8, 78.5, 111, 13
1, 126527, 20/11/2018 06:39:10, 35.4, 52.9, 11.6, 175.1, 290.6, 51.7, 1, 0, 220.6, 135.5, 11180.9, 226, 3, 65.1, 115.7, 13.2
1, 126528, 20/11/2018 07:00:10, 38.3, 66.9, 11.4, 6708.6, 301.1, 53.7, 0.9, 0, 248.1, 171.3, 13949.2, 189.2, 3.9, 93.8, 121.9, 10.8
1, 126529, 20/11/2018 07:19:09, 36.3, 58.9, 11.7, 318, 304, 55.7, 1, 0, 277.3, 150.8, 12153.3, 256.3, 3.5, 68.3, 132.4, 10.3
1, 126530, 20/11/2018 07:40:09, 41.3, 49.8, 13.6, 119, 341.9, 60.4, 1.1, 0, 220.5, 127.5, 10754.6, 192.9, 2, 33.3, 149.1, 11.5
1, 126531, 20/11/2018 08:00:09, 52.3, 71.8, 15.8, 182, 405.8, 67.3, 1.2, 0.1, 340.8, 183.9, 10935.2, 184.9, 5.2, 63.7, 168.7, 11.5
1, 126532, 20/11/2018 08:20:10, 46.5, 62.2, 14.9, 139.5, 364, 68.9, 1.2, 0, 270.3, 159.2, 10850.3, 202.1, 2.9, 34.9, 165.7, 10.9
1, 126533, 20/11/2018 08:40:09, 57.6, 65.5, 17.9, 194.3, 380.7, 73.4, 1.4, 0, 224.8, 167.8, 10971.2, 174.9, 3, 35.1, 188.8, 13.9
1, 126534, 20/11/2018 09:00:09, 54.2, 85.5, 16.2, 189.9, 367.4, 70.7, 1.3, 0, 317, 219, 11341.4, 171.3, 2.9, 32, 170.9, 13.3
1, 126535, 20/11/2018 09:19:09, 37.2, 112.9, 10.7, 366.1, 236.8, 47.9, 0.9, 0, 397.6, 289.1, 11752.2, 237.6, 3.1, 35.4, 112.3, 18.5
1, 126536, 20/11/2018 09:39:09, 59.7, 92.5, 16.3, 641.5, 338.3, 73, 1.3, 0, 325.2, 236.8, 11687.8, 183.5, 3.1, 35.6, 167.5, 14.7
1, 126537, 20/11/2018 10:00:09, 64.7, 86.7, 17.3, 631.6, 366.9, 80.7, 1.3, 0, 327.4, 221.9, 11956.6, 179.2, 3.2, 38.1, 166.9, 18.2
1, 126538, 20/11/2018 10:20:09, 60.8, 80.2, 16.4, 827.5, 351.6, 75, 1.3, 0, 268.1, 205.3, 11776.1, 186.7, 3.5, 43.1, 167.2, 21.1
1, 126539, 20/11/2018 10:40:08, 51.6, 71.2, 14.8, 680.1, 322.2, 64.8, 1.2, 0, 312.1, 182.2, 12464.5, 184.3, 3, 35.2, 163.9, 21.3
1, 126540, 20/11/2018 10:59:09, 43.8, 70.6, 13.1, 952.8, 266.4, 54.7, 1.1, 0, 295.7, 180.7, 14283.2, 202.7, 3.4, 40, 157, 21.6
1, 126541, 20/11/2018 11:20:08, 54.8, 110.1, 15.4, 17915.6, 304.1, 58.8, 1.2, 0.4, 1716, 281.9, 19136.2, 164, 5.5, 81.7, 159.6, 22.2
1, 126542, 20/11/2018 11:39:08, 49.5, 101.5, 13.2, 16341, 241.9, 49.1, 1, 0.9, 372.1, 259.8, 19520.9, 176.7, 4.2, 85.5, 127.7, 14.4
1, 126543, 20/11/2018 12:00:09, 60.3, 91.6, 15.4, 1269.8, 390.2, 57.3, 1.2, 1.1, 324, 234.5, 16625.5, 161.2, 4.8, 93.5, 140.4, 19.4
1, 126544, 20/11/2018 12:20:08, 59.4, 104.6, 15.9, 1035.7, 360.4, 63.6, 1.3, 1.2, 1658.3, 267.7, 30729.7, 165.3, 5.7, 131.6, 155.4, 16.4
1, 126545, 20/11/2018 12:40:08, 55.4, 74.9, 14.2, 826.2, 307.9, 68.5, 1.1, 1, 205.6, 191.7, 31281.2, 193.7, 5, 103.4, 161.1, 14
1, 126546, 20/11/2018 12:59:08, 50.2, 69.6, 12.8, 1048.3, 280.6, 57.1, 1, 0.5, 256.1, 178.1, 30136.3, 193.6, 5, 95.8, 153.7, 12.1
1, 126547, 20/11/2018 13:20:08, 47.5, 85.2, 12, 852.9, 290.8, 55.2, 1, 1.2, 318.1, 218.1, 13937.5, 178.9, 4, 59.6, 134.7, 8.8
1, 126548, 20/11/2018 13:40:09, 64.1, 91.4, 16.9, 896.1, 301.6, 62, 1.4, 2, 365.7, 234.1, 31918.3, 161, 4.2, 58.9, 168.8, 13.3
1, 126549, 20/11/2018 14:00:08, 68, 110.5, 15.6, 3160.8, 333.2, 52.4, 2.9, 2, 406.5, 282.8, 24066.6, 189.4, 5.7, 148.8, 134.3, 13.7
1, 126550, 20/11/2018 14:19:08, 57, 88.7, 13.3, 3218.6, 267.9, 55.5, 1, 1.8, 310, 227.1, 19002, 185.6, 4, 113.5, 142.1, 13.1
1, 126551, 20/11/2018 14:40:08, 61.1, 81.7, 14.7, 3133.4, 330.5, 58.3, 1.1, 0.9, 275.2, 209.1, 20642.1, 184.9, 4, 113.2, 147, 17.2
1, 126552, 20/11/2018 15:00:08, 58.6, 87.6, 14.6, 3007, 324.6, 59.4, 1.2, 0, 337.6, 224.2, 20292.2, 164.9, 4.1, 113.5, 149.7, 18.7
1, 126553, 20/11/2018 15:20:08, 58.3, 85.8, 14.5, 3166.1, 317, 59.1, 1.1, 0, 344.8, 219.7, 20267.4, 153.6, 4.1, 115.7, 157.3, 9.7
1, 126554, 20/11/2018 15:39:08, 59.7, 83.2, 14.9, 2339.1, 328.9, 63.7, 1.1, 0, 318.3, 212.9, 22203.4, 201.8, 4.4, 119.7, 153.4, 8.2
1, 126555, 20/11/2018 15:59:08, 62.2, 68, 16, 2346.3, 346.2, 65.5, 1.2, 0, 242.4, 174, 20508.5, 174.6, 4.1, 114.7, 187.7, 9
1, 126556, 20/11/2018 16:20:07, 68.3, 81.4, 15.6, 2811.3, 291.5, 61.1, 1.3, 0.1, 282.4, 208.3, 21171.5, 170.5, 4.7, 123.4, 180.2, 5.9
1, 126557, 20/11/2018 16:40:08, 57.6, 66.7, 14.3, 2012.5, 328.8, 70.5, 1.1, 0, 262.6, 170.7, 19883, 186, 3.1, 96.7, 190.9, 5.1
1, 126558, 20/11/2018 17:00:08, 73.9, 96, 16.6, 6445.4, 274.5, 56.6, 4.7, 0, 407.1, 245.8, 45490.5, 195.3, 11.9, 223.5, 149.4, 8.2
1, 126559, 20/11/2018 17:20:07, 94.1, 100.3, 20.2, 4618.1, 310.4, 61, 11.1, 0.1, 336.5, 256.7, 44121.6, 203.1, 9.9, 248.3, 167.4, 6.8
1, 126560, 20/11/2018 17:40:08, 82.6, 91.8, 18.9, 3983.9, 325.8, 61.5, 5.5, 0.1, 294.3, 234.9, 30952.1, 214.1, 10.9, 226.4, 161, 8.3
1, 126561, 20/11/2018 18:00:07, 66, 90.7, 15.6, 2760.3, 302.7, 61.3, 2.6, 0.1, 320.8, 232.2, 40291.1, 154.3, 13.2, 278.1, 121.7, 8.7
1, 126562, 20/11/2018 18:19:08, 69.6, 126.4, 17.1, 2748.4, 224.7, 46.1, 2.5, 0, 536.5, 323.5, 23201.1, 265.5, 13.1, 260.5, 158, 25.9
1, 126563, 20/11/2018 18:40:07, 60.3, 78.2, 14.4, 4783.2, 320.1, 66.1, 1.2, 0, 399.5, 200.2, 26847.4, 247.4, 10, 289.4, 172.5, 17
1, 126564, 20/11/2018 19:00:07, 66.1, 65.8, 14.1, 4253.1, 317.2, 62.9, 3.7, 0.2, 251, 168.3, 37686.4, 188.9, 13.7, 267.8, 159.3, 5.7
1, 126565, 20/11/2018 19:20:07, 84.2, 105.8, 18.2, 3523.5, 284.7, 52.3, 11.8, 0.8, 425.4, 270.9, 23589.5, 183.9, 12.1, 258.8, 119.4, 9.4
1, 126566, 20/11/2018 19:40:07, 67.1, 86.1, 17.2, 2932.3, 307.5, 54.5, 1.3, 0, 319.3, 220.5, 22205.6, 189, 11.1, 226, 140.4, 28.6
1, 126567, 20/11/2018 20:00:07, 72.5, 130.5, 15.9, 4181, 488.9, 38.8, 7.3, 0.2, 465.4, 334.1, 26999.5, 261.7, 14.3, 364.7, 88.2, 11.8
1, 126568, 20/11/2018 20:20:07, 67.4, 100.3, 16.4, 3748.3, 437.9, 52, 1.7, 0, 357, 256.6, 48073.6, 210.5, 11.7, 377.8, 106.5, 9.9
1, 126569, 20/11/2018 20:40:06, 79.5, 105.7, 21.6, 2727.4, 355.8, 46.1, 2.9, 0.1, 397.2, 270.6, 46172.8, 442.8, 11.9, 383.8, 103.2, 22.2
1, 126570, 20/11/2018 21:00:07, 83.5, 105.1, 20.8, 1534, 372.8, 39, 4.3, 0, 321.2, 269.1, 57557.9, 266.8, 14, 425.9, 85.7, 34.3
1, 126571, 20/11/2018 21:20:06, 95.3, 105.6, 22.1, 2206.2, 289.4, 43.6, 8.6, 0.1, 323.2, 270.2, 41854.6, 220.2, 14.2, 433.4, 105, 22.8
1, 126572, 20/11/2018 21:39:06, 93.8, 98.2, 22.1, 2461.2, 352.4, 36.1, 5.2, 0.1, 275.8, 251.4, 33922, 346.4, 13.6, 402.8, 108.8, 22.1
1, 126573, 20/11/2018 22:00:06, 80, 89, 19.3, 1077.5, 246, 31.3, 1.7, 0, 268.7, 228, 31433.2, 272.7, 11.5, 358, 95.1, 20.9
1, 126574, 20/11/2018 22:20:06, 67.3, 69.9, 16.4, 1317.7, 293.4, 28.8, 1.1, 0, 203, 179.1, 47218.6, 252.6, 10.6, 340.3, 61.3, 18.2
1, 126575, 20/11/2018 22:40:06, 62.4, 68.6, 15.1, 1156.3, 194.1, 25.9, 1, 0, 209.6, 175.7, 66842.1, 316.3, 10, 321.1, 48.9, 19.1
1, 126576, 20/11/2018 23:00:06, 67.4, 77.9, 16.4, 1327.2, 194.2, 32, 1.1, 0, 236.5, 199.3, 34159.5, 278.6, 10.3, 335.1, 60.8, 20.5
1, 126577, 20/11/2018 23:20:06, 70.6, 81.1, 20.2, 1505.6, 150.8, 33.3, 1.4, 0.4, 249.5, 207.6, 45980.8, 247.3, 10.5, 357.3, 92.4, 22.6
1, 126578, 20/11/2018 23:40:06, 54.3, 64.9, 17, 1459.4, 178.4, 31.5, 1.2, 0, 243.9, 166.1, 24263.6, 287.9, 8.6, 294.1, 107.4, 21.8
2, 126507, 20/11/2018 00:00:17, 35.7, 46.6, 10.5, 1598, 331.2, 37.8, 0.9, 0.4, 160.3, 119.4, 32103.3, 379.6, 19, 217.1, 116.1, 14
2, 126508, 20/11/2018 00:19:18, 20.9, 39, 6.9, 357.7, 159.8, 29.5, 0.6, 0, 132.5, 99.8, 30934.1, 288.2, 17.6, 187.2, 103.8, 20.2
2, 126509, 20/11/2018 00:39:17, 29.7, 50.9, 9.1, 380.3, 257.1, 45.9, 0.8, 0, 186.4, 130.2, 31691.1, 261.9, 17, 168, 136.8, 14.2
2, 126510, 20/11/2018 00:59:17, 34.3, 57.2, 10.7, 374.5, 341.3, 64.1, 0.9, 0, 203, 146.3, 32246.7, 315.2, 18.8, 178, 164.4, 14.2
2, 126511, 20/11/2018 01:19:17, 32.9, 50.2, 9.2, 15247, 269.2, 44, 0.7, 0, 235.4, 128.6, 41153.3, 346.4, 20.5, 219.4, 112.3, 10.2
2, 126512, 20/11/2018 01:39:17, 56.4, 64.1, 11.4, 100219.9, 185.8, 25.8, 0.8, 0, 228.9, 164.1, 40387.1, 369.6, 26.4, 399.2, 79.5, 11.9
2, 126513, 20/11/2018 02:00:17, 28.8, 33.3, 7.5, 20953.6, 162.9, 32.6, 0.6, 0, 147.8, 85.3, 30767.5, 369.9, 22.6, 285.4, 105.8, 8.2
2, 126514, 20/11/2018 02:20:17, 33.1, 31.7, 10.2, 235.8, 224.8, 51.3, 0.9, 0, 100.4, 81.2, 29323.5, 303, 19.4, 199.6, 231.7, 7.5
2, 126515, 20/11/2018 02:39:17, 38.7, 36.1, 11.8, 280.5, 235.2, 50.3, 1, 0, 107.9, 92.3, 13820.6, 256, 18.3, 171.2, 284.7, 7
2, 126516, 20/11/2018 03:00:17, 27.7, 33.2, 8.9, 214.9, 177.3, 38.3, 0.8, 0, 121, 85, 13777.7, 312.5, 18, 147.9, 207.2, 5.4
2, 126517, 20/11/2018 03:20:17, 25.4, 30, 8.4, 246.4, 174.6, 37.5, 0.8, 0, 145.3, 76.8, 13480.1, 318.1, 18.1, 151.8, 190.6, 5.3
2, 126518, 20/11/2018 03:39:17, 22.9, 24.4, 7.8, 247.1, 166.5, 33.2, 0.7, 0, 124.5, 62.4, 13788.6, 278.1, 15.2, 138.8, 161.6, 6.8
2, 126519, 20/11/2018 04:00:17, 22.2, 25.6, 7, 457.6, 210.3, 23, 0.6, 0, 110.4, 65.5, 44170.7, 3664.9, 12.5, 133.4, 105.8, 6.4
2, 126520, 20/11/2018 04:20:16, 31.5, 26.8, 7.7, 292.6, 510.5, 20.2, 0.6, 0, 99.4, 68.7, 46008.9, 5574.2, 10.6, 111.9, 108.3, 6.3
2, 126521, 20/11/2018 04:39:17, 30.7, 26.8, 7.1, 252.9, 515.2, 20.4, 0.6, 0, 98.5, 68.7, 61901.3, 5552.3, 10.1, 114.7, 113.5, 6.2
2, 126522, 20/11/2018 04:59:17, 24.9, 34.2, 6.4, 243.1, 394.4, 20.7, 0.6, 0, 145.5, 87.5, 66930.4, 3767.8, 9.1, 101.3, 86.3, 16.2
2, 126523, 20/11/2018 05:19:16, 22.4, 30.4, 5.9, 267.8, 125.1, 20.4, 0.5, 0, 111.7, 77.7, 68449.9, 1063, 9.2, 101.9, 86.8, 6.7
2, 126524, 20/11/2018 05:39:16, 21.7, 24.9, 6.6, 284.7, 136.9, 28.6, 0.6, 0, 142.6, 63.7, 12886.6, 7219.8, 7.3, 85.8, 107.8, 6.2
2, 126525, 20/11/2018 05:59:17, 59.4, 79.4, 12.7, 2246.4, 494.3, 26.9, 1.2, 0, 318.4, 203.2, 94924.6, 371.6, 13.1, 300.1, 95.9, 9
2, 126526, 20/11/2018 06:20:16, 68, 70.9, 12.3, 1056.6, 314.7, 29.6, 0.9, 0, 264.1, 181.6, 75467.6, 301.8, 11.2, 304.8, 108, 8.6
2, 126527, 20/11/2018 06:39:17, 61.6, 56.1, 11, 825.4, 285.9, 32, 0.8, 0, 232.4, 143.7, 74674.1, 268, 10, 263, 100.3, 7.5
2, 126528, 20/11/2018 07:00:16, 67.2, 79.6, 12.6, 888.5, 458.1, 38, 1, 0.2, 329.1, 203.8, 74853.8, 338.9, 10.5, 274.8, 114.3, 8.1
2, 126529, 20/11/2018 07:19:16, 60, 77.8, 12.8, 974.6, 462.8, 40.3, 0.9, 0, 424.6, 199.1, 38280.3, 299.6, 9.7, 259.6, 120.3, 10.5
2, 126530, 20/11/2018 07:39:16, 42.8, 47.2, 11.6, 751.7, 298.8, 46.3, 0.9, 0, 184.3, 120.8, 59169.4, 260.8, 6.1, 159.4, 138.7, 13.2
2, 126531, 20/11/2018 08:00:16, 48.2, 59.8, 12.4, 491.5, 297.1, 54.5, 1, 0, 282, 153.1, 41370.9, 323.4, 5.4, 135.8, 174.7, 11.4
2, 126532, 20/11/2018 08:20:16, 45.6, 54.5, 11.7, 510.8, 297.6, 54.9, 0.9, 0, 213.2, 139.5, 47917.9, 302.9, 3.9, 122.8, 163.5, 9.4
2, 126533, 20/11/2018 08:39:16, 39.8, 44.7, 11.1, 525.9, 355, 57.3, 0.9, 0, 187.8, 114.4, 31878.7, 266.3, 2.5, 82.4, 160.8, 11.2
2, 126534, 20/11/2018 09:00:16, 38.7, 58.6, 11.1, 360.2, 266.3, 60.9, 1, 0, 263.9, 150.1, 31444.4, 327.4, 2.1, 81.3, 177, 9.5
2, 126535, 20/11/2018 09:19:16, 36.1, 89.1, 10, 546.7, 239.3, 50.1, 0.8, 0, 352.2, 228, 23289.5, 333.1, 2.1, 82.2, 148.7, 9.6
2, 126536, 20/11/2018 09:39:15, 48.1, 69.9, 12.5, 585.7, 352.4, 70.4, 1, 0, 288, 179, 11619.1, 259.4, 1.6, 59.2, 199, 9
2, 126537, 20/11/2018 10:00:16, 41.1, 51.4, 12, 284.7, 336.6, 71.8, 1, 0, 258.4, 131.5, 24632.2, 354.5, 0.4, 10.1, 215.3, 8.2
2, 126538, 20/11/2018 10:20:15, 37.5, 41, 10.8, 290.8, 342.5, 67.5, 0.9, 0, 199.6, 105, 27615.7, 315.9, 1, 33.1, 189.6, 6.8
2, 126539, 20/11/2018 10:39:15, 34.6, 38.6, 9.8, 291.4, 304.9, 63.2, 0.8, 0, 206.5, 98.7, 28216.4, 285.9, 1, 33.1, 180.6, 6
2, 126540, 20/11/2018 10:59:15, 37.7, 45.4, 10.7, 514.8, 317.2, 65.5, 0.9, 0, 247.9, 116.2, 27328.5, 318.9, 1.4, 38.6, 199.5, 6.1
2, 126541, 20/11/2018 11:20:15, 46.6, 55.6, 12.4, 1116.7, 446.6, 72.5, 1, 0, 391.1, 142.4, 32834.3, 335.1, 4.4, 120.2, 179.6, 6.8
2, 126542, 20/11/2018 11:39:15, 56.9, 91.7, 13.7, 1123.2, 364.6, 65.9, 1.1, 0, 361.8, 234.7, 39077.9, 287.3, 6.3, 164.6, 181.5, 5.2
2, 126543, 20/11/2018 12:00:15, 59.6, 74.2, 14.4, 536.6, 356.4, 78, 1.1, 0, 254.2, 190, 29906.2, 336.2, 5.4, 125.9, 207.5, 8.3
2, 126544, 20/11/2018 12:20:15, 58.8, 59.2, 13.9, 524.8, 385.9, 76.6, 1, 0, 225.8, 151.6, 23188.8, 333, 5.1, 127, 213.1, 4.7
2, 126545, 20/11/2018 12:39:15, 50.9, 50.3, 11.7, 584.7, 327.9, 64.6, 0.9, 0, 163.2, 128.7, 31301.8, 363, 5.6, 128.8, 180.5, 4.4
2, 126546, 20/11/2018 12:59:14, 54.4, 64.7, 13.2, 435, 334.2, 70.1, 1, 0, 262.6, 165.6, 29013.5, 343.1, 4.1, 94.2, 213.3, 5.4
2, 126547, 20/11/2018 13:19:14, 46.4, 69.5, 11.1, 454.3, 317.1, 62.5, 0.9, 0, 316.6, 177.9, 29029, 327.1, 4, 97.2, 175.7, 3.5
2, 126548, 20/11/2018 13:42:15, 51, 57.3, 12.2, 493.3, 337.5, 69.1, 0.9, 0, 273.5, 146.6, 31465.4, 342.4, 4.2, 98.5, 193.7, 4.7
2, 126549, 20/11/2018 13:59:15, 50.1, 68.7, 11.7, 736.6, 303.8, 62.4, 0.9, 0, 264.7, 176, 32024.2, 376.2, 4.4, 103.8, 183.3, 5
2, 126550, 20/11/2018 14:19:14, 55.2, 74.6, 12.7, 643.7, 346.9, 66.2, 1, 0, 280, 190.9, 32587.3, 363.9, 5.4, 139.2, 183.9, 5.7
2, 126551, 20/11/2018 14:40:14, 53.4, 62.3, 12, 444.5, 359.7, 68.9, 1, 0, 225, 159.5, 18482.5, 332.1, 4.3, 129.2, 173, 5
2, 126552, 20/11/2018 15:00:14, 48.6, 64.5, 11, 562.7, 323.3, 63.7, 0.9, 0, 255, 165.2, 30994.2, 401.3, 5.3, 106.3, 161.5, 5.5
2, 126553, 20/11/2018 15:19:15, 48, 63.9, 10.9, 499.6, 299.4, 60.9, 0.8, 0, 265.8, 163.6, 25676.2, 416.3, 6.5, 108.4, 152.2, 4.6
2, 126554, 20/11/2018 15:39:14, 41.5, 60.1, 10.3, 938.7, 339, 65.4, 0.9, 0, 274, 153.9, 16264.7, 382.3, 4.9, 78.8, 157.9, 4.5
2, 126555, 20/11/2018 15:59:14, 42.7, 48.8, 11, 519, 306.7, 67.7, 0.9, 0, 218.8, 125, 41302.5, 374.4, 5.4, 91, 175.5, 5.8
2, 126556, 20/11/2018 16:19:14, 41, 50.4, 10.5, 1218.5, 527.8, 60.9, 0.8, 0, 219.3, 129, 42618.1, 362.6, 5.6, 105.3, 149.6, 5
2, 126557, 20/11/2018 16:40:14, 39.7, 46.3, 10.1, 393.9, 310.4, 62.4, 0.8, 0, 189.6, 118.5, 36184, 333.7, 6.1, 121.6, 144.1, 4.4
2, 126558, 20/11/2018 17:00:14, 38.5, 60.4, 10, 283, 288.3, 62.2, 0.8, 0, 295.9, 154.7, 42987.7, 377.6, 5.8, 117.5, 154.2, 5.7
2, 126559, 20/11/2018 17:20:15, 37.7, 42.5, 9.6, 475.7, 297.9, 60.6, 0.8, 0, 162.7, 108.7, 43913.6, 357.7, 4.6, 98.7, 137.3, 5.1
2, 126560, 20/11/2018 17:40:14, 35.9, 39.5, 9, 777, 299.2, 56.1, 0.7, 0, 138.5, 101.1, 32540.7, 394.7, 4.3, 91.8, 121.5, 5
2, 126561, 20/11/2018 17:59:14, 29.8, 46.8, 7.7, 625.1, 308.9, 54, 0.6, 0, 337.7, 119.9, 46730.9, 327.6, 4, 94.6, 101.1, 4.3
2, 126562, 20/11/2018 18:21:14, 36.6, 71.8, 9.5, 799.8, 298.9, 55.6, 0.7, 0, 339.8, 183.7, 40309.3, 406.7, 4.6, 112.2, 127.6, 4.3
2, 126563, 20/11/2018 18:39:14, 26.3, 26.5, 6.9, 590.9, 240.7, 48, 0.6, 0, 119.5, 67.9, 29795.6, 360.1, 3.9, 93.6, 87.2, 3.4
2, 126564, 20/11/2018 19:00:14, 27.5, 30, 7.2, 692.5, 236.4, 49.2, 0.7, 0, 189.9, 76.8, 29075.3, 568.3, 4.1, 89.3, 95.1, 4
2, 126565, 20/11/2018 19:19:13, 26.5, 30.5, 7, 1282.4, 233.8, 46, 0.6, 0, 173.8, 78, 29437, 539, 4.3, 91.6, 82.4, 3.3
2, 126566, 20/11/2018 19:40:13, 27.3, 30, 7, 1405.8, 267.9, 41.9, 0.6, 0, 140.4, 76.8, 29272.1, 373.4, 4.8, 94.3, 77.7, 3.7
2, 126567, 20/11/2018 19:59:13, 26.5, 61.4, 6.6, 6369.3, 193.8, 39.8, 0.5, 0, 271.3, 157.2, 31397.7, 425.8, 5.5, 112.7, 80.3, 3.5
2, 126568, 20/11/2018 20:20:14, 44.8, 73.2, 12.1, 1435.1, 285.6, 57.5, 0.9, 0.1, 268.1, 187.3, 46333.8, 509.8, 10.1, 225, 105.8, 7.1
2, 126569, 20/11/2018 20:40:13, 40.8, 58.5, 10.5, 1513.8, 263.9, 42.2, 0.8, 0, 260.8, 149.7, 31104.8, 236.9, 7.6, 164.7, 69.4, 8
2, 126570, 20/11/2018 21:00:13, 27.8, 39.3, 7.2, 712.4, 186.8, 42.6, 0.6, 0, 172.7, 100.5, 30662.8, 176.8, 4.8, 94.8, 93.6, 8.4
2, 126571, 20/11/2018 21:19:13, 29.6, 35.7, 7.5, 1251.6, 223.1, 42.4, 0.6, 0, 125.2, 91.4, 30946, 215.9, 4.8, 94.4, 119.5, 3.5
2, 126572, 20/11/2018 21:39:14, 30.5, 36.6, 8.1, 765.5, 179.4, 33.5, 0.7, 0, 134.8, 93.6, 31553.6, 96.1, 5.6, 112.4, 142, 4.4
2, 126573, 20/11/2018 21:59:14, 37.4, 48.6, 9.3, 1673.9, 204.2, 34.4, 0.7, 0, 169.3, 124.3, 39241.2, 373, 6.2, 142.5, 120.5, 5.6
2, 126574, 20/11/2018 22:19:13, 39.4, 45, 9.9, 1655.3, 307.8, 59.5, 0.8, 0, 145.9, 115.2, 59678.3, 194, 13.6, 393.1, 76.7, 4.5
2, 126575, 20/11/2018 22:39:13, 31, 35.8, 7.7, 1129.6, 298.9, 60.4, 0.6, 0, 140.1, 91.7, 48761.9, 116.1, 14.6, 427.3, 36.5, 5.3
2, 126576, 20/11/2018 22:59:13, 47, 61, 11.3, 2033, 605.4, 72.2, 0.8, 10, 208.9, 156.2, 56318.3, 142, 19.1, 481.4, 62.4, 8.6
2, 126577, 20/11/2018 23:20:13, 40.9, 54.7, 10.7, 1398.7, 584.9, 60.7, 0.8, 6.7, 164.3, 140, 53126.7, 107.2, 14.9, 351.5, 74.5, 10.1
2, 126578, 20/11/2018 23:40:13, 29.2, 42.8, 7.4, 1074.7, 460.3, 21.6, 0.6, 3.2, 183.8, 109.6, 48655.1, 83.3, 11.3, 251.1, 59.2, 8.1
3, 126507, 20/11/2018 00:00:22, 34.3, 41.1, 6.3, 35732.9, 204.8, 4.4, 0.4, 0.1, 157.4, 105.3, 14494.8, 297, 21.3, 294.7, 1, 8
3, 126508, 20/11/2018 00:19:22, 36.9, 65.9, 8.2, 62058.2, 88.4, 1.4, 0.5, 13.7, 319.2, 168.6, 89714.5, 681, 45.3, 463.8, 4, 20.1
3, 126509, 20/11/2018 00:39:22, 57.1, 115.2, 11.8, 74642, 230.4, 0.9, 2.4, 42.8, 331.1, 294.9, 74807.2, 918.2, 50.6, 692.7, 3.5, 13.7
3, 126510, 20/11/2018 00:59:22, 64.9, 103.2, 12.2, 58499.9, 347.8, 3.5, 2, 26.4, 342.7, 264.1, 94308.2, 549.3, 47.1, 687.6, 5.2, 14.1
3, 126511, 20/11/2018 01:19:22, 55.1, 81.9, 12.3, 62590.9, 755, 0.4, 0.9, 16.5, 263.5, 209.8, 54816.3, 327.7, 40, 577.7, 5, 11.5
3, 126512, 20/11/2018 01:39:22, 50, 71.3, 12.4, 62571.4, 762.7, 0.6, 0.7, 17.4, 205.5, 182.5, 52748.8, 297.3, 35.8, 510, 7, 12
3, 126513, 20/11/2018 01:59:21, 63, 90.6, 13.8, 97860.9, 604.9, 5.1, 1.5, 18.9, 301, 231.8, 109201.9, 339, 36.2, 630.7, 9, 18.7
3, 126514, 20/11/2018 02:19:21, 54.3, 83.4, 12.9, 87567.5, 615.6, 0.7, 1.2, 14.9, 286.7, 213.5, 65631.7, 284, 33.3, 577.5, 5.4, 22.6
3, 126515, 20/11/2018 02:39:21, 46, 67.5, 10.3, 84412, 543.4, 0.3, 0.7, 8.3, 191, 172.8, 50664.9, 280.6, 28.7, 475, 4, 22.7
3, 126516, 20/11/2018 03:00:21, 65.9, 91.5, 13.6, 65282.8, 439.8, 4.9, 1, 11.2, 278.2, 234.1, 60331.9, 277.7, 34.8, 632.8, 4.4, 21
3, 126517, 20/11/2018 03:20:21, 53.8, 80.3, 11.6, 75626.7, 378.2, 3.9, 1, 9.1, 396.1, 205.6, 44804.3, 257.7, 32.3, 571.8, 2.6, 22.3
3, 126518, 20/11/2018 03:39:21, 45.4, 64.8, 11.1, 93410.9, 368.2, 6.9, 0.7, 0.2, 317, 166, 65866, 392.4, 29.6, 536.4, 1.9, 25.4
3, 126519, 20/11/2018 04:00:21, 53, 84.4, 12.8, 69138.7, 175.7, 2.1, 0.7, 3.2, 275, 216.1, 90472, 284, 32.9, 589.1, 10, 32.5
3, 126520, 20/11/2018 04:20:21, 70.7, 91.7, 16.5, 57964.4, 563.2, 2.7, 2.6, 0.5, 336.1, 234.7, 100375.5, 1107.9, 32.2, 705.5, 17.2, 32.9
3, 126521, 20/11/2018 04:39:21, 52.8, 69.7, 13.2, 80373.3, 450.5, 6.1, 0.7, 0.1, 216.9, 178.5, 94478.3, 1270.6, 29.4, 549.2, 19.4, 29.1
3, 126522, 20/11/2018 04:59:21, 65.1, 149.7, 15, 123703.6, 401.6, 11.8, 1.1, 0.1, 464.5, 383.1, 152439.3, 812.2, 36.1, 770.8, 12.5, 94.6
3, 126523, 20/11/2018 05:19:20, 71.9, 104.6, 17.6, 72280.7, 498.5, 10.3, 1.8, 1, 408.7, 267.8, 97214.8, 896.8, 38.3, 929.9, 17.2, 34.2
3, 126524, 20/11/2018 05:39:21, 59.2, 84.5, 15.9, 73484.9, 149.8, 6.7, 0.9, 0.6, 249.1, 216.4, 68364.2, 955.9, 32.9, 616.6, 19.8, 25.1
3, 126525, 20/11/2018 05:59:21, 54.8, 94, 14.2, 62021.9, 285.4, 3, 0.9, 11.4, 277.6, 240.7, 98627.9, 606.2, 40.3, 754.7, 20.9, 21.7
3, 126526, 20/11/2018 06:19:20, 60.3, 80.9, 14.8, 67692.5, 414.4, 3.4, 0.8, 7.2, 289.1, 207.1, 77341.3, 282, 36.4, 714.7, 25.5, 22.1
3, 126527, 20/11/2018 06:39:21, 59.4, 70.9, 14.8, 61847, 381.9, 3.1, 0.8, 0.4, 236.3, 181.4, 104380.8, 284, 30.2, 572, 28.2, 23.8
3, 126528, 20/11/2018 07:00:21, 57.7, 79.2, 14.8, 66402.1, 279, 3.7, 0.9, 1.6, 257.3, 202.8, 70011.2, 241.7, 30.7, 615, 28, 26.3
3, 126529, 20/11/2018 07:19:21, 48.2, 66.6, 14.1, 61486.9, 192.8, 3.6, 0.8, 0.5, 215.7, 170.6, 71505.5, 265.5, 29.2, 524, 30, 26
3, 126530, 20/11/2018 07:39:21, 51.8, 69.9, 14.4, 49732.1, 475.3, 6.9, 0.8, 2.4, 271.6, 178.9, 66108.6, 310.3, 30.5, 559.3, 26.1, 25.6
3, 126531, 20/11/2018 08:00:20, 58.1, 80.7, 15.1, 60869.1, 593.4, 12.9, 1.2, 0.3, 316.2, 206.5, 84539, 418.2, 34.5, 619.5, 16.4, 24.2
3, 126532, 20/11/2018 08:20:20, 47.3, 76.9, 13, 46730.8, 310.3, 23.5, 0.9, 0.5, 258.3, 196.7, 59153.5, 443.9, 35.2, 594.7, 8.9, 21.3
3, 126533, 20/11/2018 08:39:20, 31, 56.5, 9.3, 41870.5, 145.7, 24.1, 0.6, 0, 258.8, 144.6, 62604.1, 380.3, 33.7, 566.1, 8.3, 16
3, 126534, 20/11/2018 08:59:20, 66.3, 92.2, 15.4, 47667.8, 377, 12.2, 1.4, 0.2, 305.9, 236.1, 88732.2, 218, 37.2, 858.2, 5.7, 22.9
3, 126535, 20/11/2018 09:19:20, 52, 105.9, 9.8, 16383.7, 317.8, 5.1, 1.2, 0.5, 341.3, 271, 86692.9, 271.8, 40, 920.9, 5, 12.2
3, 126536, 20/11/2018 09:39:20, 47.8, 78.6, 10.7, 32873.7, 280.8, 14.3, 0.7, 2.5, 265.2, 201.2, 41342.3, 374.4, 42.3, 738.5, 5, 12.7
3, 126537, 20/11/2018 10:00:20, 53.2, 81.1, 11.8, 62090.1, 373.9, 19, 0.8, 1.8, 281.6, 207.7, 83291.4, 334.2, 44.6, 784.6, 6.6, 16.4
3, 126538, 20/11/2018 10:20:20, 53.8, 75.7, 12, 54455.3, 395.9, 23.9, 1.7, 4.4, 277, 193.8, 72893.9, 411.6, 43.1, 735, 5.8, 14.4
3, 126539, 20/11/2018 10:39:20, 38.8, 53.9, 9.9, 71665.8, 257.9, 10.4, 0.6, 1.1, 171.4, 138, 69312, 317.4, 35.2, 534.4, 7.1, 15.2
3, 126540, 20/11/2018 10:59:19, 45.3, 63.1, 10.3, 81121, 282, 9.3, 0.7, 0.1, 197.2, 161.5, 96092.8, 284.4, 36.8, 625.2, 4.9, 18
3, 126541, 20/11/2018 11:19:20, 42.4, 67.1, 9.9, 55627.7, 334.8, 7.1, 0.7, 0, 417.5, 171.9, 41997.5, 336.6, 37, 685.3, 3.2, 16.4
3, 126542, 20/11/2018 11:39:20, 55.8, 112.8, 10.5, 40461.9, 152.3, 6.8, 2.7, 5.3, 518, 288.9, 91043.6, 281.2, 43, 961.9, 3.2, 11.6
3, 126543, 20/11/2018 12:00:19, 65.9, 98.2, 12.9, 66327.7, 434.5, 16.6, 1.9, 3.1, 306.2, 251.4, 118445, 335.8, 49.4, 1164.3, 3.8, 16
3, 126544, 20/11/2018 12:20:20, 84.6, 145, 14.7, 22485.5, 471.2, 10.2, 7, 4.7, 1909.2, 371.2, 56130.6, 271.5, 51.2, 1111.4, 2.8, 11.3
3, 126545, 20/11/2018 12:39:20, 60.6, 81, 11.1, 26876.4, 516.2, 9.7, 1.2, 5.7, 263.7, 207.4, 54930.2, 268.4, 48.6, 1058.8, 3, 10.4
3, 126546, 20/11/2018 12:59:19, 57.3, 100.7, 9.2, 20727.5, 290.2, 16.8, 1.2, 29.3, 310.1, 257.9, 109231.2, 135.1, 50.7, 1243.9, 2.4, 6.2
3, 126547, 20/11/2018 13:19:19, 65.9, 112.5, 9.9, 10516, 311.9, 7.3, 2.6, 15.3, 402, 288.1, 71196.4, 193.2, 47.9, 1234.4, 2.4, 4.5
3, 126548, 20/11/2018 13:42:19, 56.3, 85.4, 8.4, 8511.4, 224.9, 16.4, 0.6, 15.4, 270.9, 218.7, 86020.3, 160.9, 45.2, 1228.1, 2.5, 4.5
3, 126549, 20/11/2018 13:59:19, 51.6, 95.7, 8.3, 27755, 217.1, 5.7, 0.6, 17.1, 315, 245, 85143.2, 244.9, 45.6, 1123.1, 5.2, 6.2
3, 126550, 20/11/2018 14:19:19, 55.2, 103.1, 8.8, 17866.1, 380.7, 2.2, 1.1, 17.6, 414.7, 264, 87719.2, 197.8, 42.9, 890.2, 3.4, 6.7
3, 126551, 20/11/2018 14:40:19, 54.8, 99, 8.8, 11448.4, 303.6, 8.4, 0.8, 23.1, 319.7, 253.5, 71379.4, 245.3, 39.7, 768.5, 4.1, 5.2
3, 126552, 20/11/2018 14:59:19, 57.4, 103, 10, 27267.2, 333.9, 5.4, 1, 24.4, 347.4, 263.7, 105592.6, 284.8, 37.8, 753.1, 1.6, 6.6
3, 126553, 20/11/2018 15:19:18, 64.9, 119.1, 9.9, 15316, 315.4, 12.2, 2.9, 24.7, 390.1, 305, 71659.1, 275.8, 38.8, 808.1, 1, 6.7
3, 126554, 20/11/2018 15:39:19, 58, 97.1, 9.5, 20406.4, 370.2, 11.1, 1.6, 15.7, 350.7, 248.6, 105039.9, 336.8, 38.8, 942.6, 1.5, 6.4
3, 126555, 20/11/2018 15:59:19, 63.9, 82.3, 11.8, 39474.7, 566.1, 7.8, 1.6, 1.4, 305.6, 210.7, 117958, 155.3, 33.1, 852, 2.1, 10.4
3, 126556, 20/11/2018 16:19:18, 59.1, 80.3, 10.7, 25448.1, 581.7, 35.1, 0.6, 1.1, 265, 205.5, 66090.4, 316.7, 36.5, 681.4, 2.1, 7.2
3, 126557, 20/11/2018 16:40:18, 54.8, 78.5, 11.6, 29250.6, 459.8, 13.6, 0.7, 1.1, 289.6, 201, 67232.4, 321.5, 37.1, 914.8, 1.9, 11.2
3, 126558, 20/11/2018 16:59:18, 48.7, 71.7, 10.3, 33258.4, 446.9, 8.2, 0.7, 2, 262.3, 183.4, 72635, 192.8, 34.8, 972.6, 1.4, 10.4
3, 126559, 20/11/2018 17:19:19, 44.7, 61.8, 10.6, 32069.2, 391.2, 5.7, 0.6, 0.9, 245.7, 158.1, 57801.3, 265.7, 31.7, 576.8, 3.3, 16.3
3, 126560, 20/11/2018 17:40:18, 36, 44.8, 8.8, 49276.2, 255.2, 0.9, 0.6, 0.9, 147.3, 114.8, 82548.7, 259.7, 30.7, 462.5, 3.5, 9.5
3, 126561, 20/11/2018 17:59:18, 47.7, 71, 8.6, 21672.6, 331.7, 2.7, 0.7, 1.9, 454.8, 181.8, 87247.8, 146.9, 33.1, 575.6, 2.2, 10.4
3, 126562, 20/11/2018 18:22:18, 34.4, 46, 5.7, 1511.3, 286.7, 3.5, 0.4, 0.4, 179.1, 117.7, 62984, 236.4, 33.2, 582.4, 1.8, 3.6
3, 126563, 20/11/2018 18:39:18, 35.1, 37.7, 5.9, 23054.3, 339.7, 4.2, 0.4, 2.8, 127, 96.5, 48746.5, 216.7, 28.6, 450.5, 1.7, 3.4
3, 126564, 20/11/2018 19:00:18, 40.2, 40.6, 7, 26291.3, 385.5, 3, 0.5, 0.5, 175.4, 103.8, 62178, 183.2, 28.6, 474.5, 3.1, 3.9
3, 126565, 20/11/2018 19:19:18, 25.2, 26.6, 5, 11202.9, 144.4, 1.5, 0.4, 0, 88.4, 68, 51317.7, 227.3, 30.6, 381.9, 2.1, 3
3, 126566, 20/11/2018 19:40:17, 21.8, 27.7, 4.8, 26615.8, 132.2, 0.6, 0.3, 0, 287.4, 70.8, 49472.9, 244.1, 28.5, 320.2, 1.8, 3.3
3, 126567, 20/11/2018 19:59:17, 26.1, 33.9, 5.4, 27583.1, 242.5, 2.7, 0.4, 0, 164.5, 86.9, 46591.4, 244.9, 28.2, 398.3, 3.4, 3.7
3, 126568, 20/11/2018 20:20:18, 25.3, 27.2, 4.9, 20143.4, 90.5, 1, 0.4, 0, 85, 69.6, 54699.2, 220, 26.1, 344.2, 5, 2.8
3, 126569, 20/11/2018 20:39:18, 23.1, 28.7, 4.6, 29564.8, 85.6, 2.3, 0.3, 0.4, 258, 73.4, 43668.7, 317.2, 26.8, 385.7, 4.4, 2.8
3, 126570, 20/11/2018 21:00:18, 29.7, 42.3, 6.7, 36554.4, 64.4, 0.3, 0.5, 0, 139.5, 108.3, 72357.7, 262.5, 25.1, 401.5, 2.8, 6.2
3, 126571, 20/11/2018 21:19:18, 19.5, 24.6, 5.2, 10813.2, 103, 0.8, 0.4, 0, 96.5, 63, 34456.3, 191.5, 23.5, 343.9, 9.1, 3.8
3, 126572, 20/11/2018 21:39:17, 9.4, 10.8, 2.8, 20165.3, 6.1, 0.4, 0.2, 0, 80.8, 27.7, 29406.7, 178.1, 19.8, 191.2, 4.1, 2.2
3, 126573, 20/11/2018 21:59:17, 19, 25.6, 4.8, 26416, 7.3, 1.1, 0.4, 0, 116.2, 65.5, 30263.8, 103, 28.7, 287.6, 4.1, 5.1
3, 126574, 20/11/2018 22:19:17, 10.8, 15.5, 3.4, 31822.5, 10.8, 0.9, 0.3, 0, 59.7, 39.6, 36266.8, 109, 19.5, 185.2, 3.1, 3.3
3, 126575, 20/11/2018 22:39:17, 10.5, 13.5, 3.3, 40442.9, 6.8, 0.1, 0.3, 0, 45.8, 34.6, 41257.2, 120.1, 18.3, 177.4, 3.6, 3.3
3, 126576, 20/11/2018 22:59:17, 20.9, 22.9, 5.2, 37028.2, 192.1, 0.4, 0.4, 0, 139.6, 58.6, 35837.2, 135.1, 20.8, 247.9, 3.2, 4.7
3, 126577, 20/11/2018 23:19:17, 8.9, 8.3, 2.7, 18038.5, 1.4, 0.3, 0.2, 0, 43.2, 21.3, 34796, 82.1, 18.8, 207.8, 3.4, 1.6
3, 126578, 20/11/2018 23:39:17, 11.4, 11.6, 2.3, 23713, 9.8, 0, 0.2, 0, 42.5, 29.6, 36123.5, 77, 18.9, 206.5, 2.8, 1.9
4, 126507, 20/11/2018 00:00:12, 24.3, 31.8, 6.3, 96492.4, 33, 1.3, 0.5, 0, 194.7, 81.4, 21704.5, 470.5, 17.7, 308.8, 3.8, 11.9
4, 126508, 20/11/2018 00:19:12, 38.3, 69.3, 9.1, 85994.7, 50.7, 0.6, 0.6, 2, 235.5, 177.3, 64157.9, 550.3, 45, 523.1, 6.8, 17
4, 126509, 20/11/2018 00:40:11, 55.4, 79, 12.4, 63873.2, 183.5, 0.7, 0.8, 4.9, 222.3, 202.1, 76949.2, 530.9, 43.6, 684.6, 7.5, 15.7
4, 126510, 20/11/2018 00:59:11, 64.1, 106.4, 15.6, 69806.9, 134, 1.8, 0.9, 6, 331.5, 272.4, 85389.2, 630.3, 40.4, 678.2, 3.3, 20.5
4, 126511, 20/11/2018 01:19:11, 48.8, 76, 11, 51428.7, 171.7, 0.5, 0.7, 6.1, 244.5, 194.7, 71791.2, 377.3, 33, 576.6, 3.9, 16.2
4, 126512, 20/11/2018 01:40:11, 48.1, 64.7, 11.7, 57467.1, 107.1, 1.5, 0.7, 1.4, 190.6, 165.6, 54801, 343.6, 31.2, 507.4, 2.6, 20.5
4, 126513, 20/11/2018 02:00:11, 63.2, 80.1, 12.5, 60532.5, 154.9, 1.5, 0.8, 1.3, 235.4, 205, 67937.9, 273.1, 36.9, 691.9, 3.2, 19.8
4, 126514, 20/11/2018 02:20:11, 34.3, 49.5, 8.7, 69495.3, 62.5, 1.5, 0.6, 0, 176, 126.8, 38291.4, 399.4, 31.5, 508.4, 2.6, 16.2
4, 126515, 20/11/2018 02:39:12, 25.5, 42, 7.3, 67406.9, 15.1, 1.4, 0.5, 0, 129.6, 107.5, 43537, 302, 25.9, 471.1, 2.4, 17.1
4, 126516, 20/11/2018 03:00:11, 45.4, 69.8, 11.5, 67077.5, 48.2, 8.3, 0.7, 0, 234.9, 178.8, 77251.6, 416, 32, 617.9, 3.6, 23.5
4, 126517, 20/11/2018 03:20:11, 55.4, 72.5, 12.2, 56321.7, 277.2, 1.2, 0.8, 0, 261.9, 185.5, 42898.1, 342.5, 26.9, 573.4, 2.5, 21
4, 126518, 20/11/2018 03:39:11, 44.6, 55.5, 9.3, 52690.3, 170.1, 5.9, 0.6, 0.3, 189.9, 142.2, 52512.3, 365.2, 23.7, 521, 1.5, 15.8
4, 126519, 20/11/2018 04:00:10, 52.1, 62.1, 11, 74262, 118.4, 11.5, 0.7, 0.1, 201.6, 159, 58295.4, 434.2, 26.6, 625.3, 1.4, 13.5
4, 126520, 20/11/2018 04:20:11, 59.6, 55.1, 11.3, 76846.7, 304.5, 7.3, 1.1, 0.3, 219.2, 141, 61095.5, 396.8, 34, 539.9, 8.3, 9.1
4, 126521, 20/11/2018 04:39:10, 69, 65.7, 11.9, 69961.4, 208.3, 5.5, 0.7, 0, 196, 168.2, 50921.3, 288.5, 39, 556.2, 10.8, 7.5
4, 126522, 20/11/2018 04:59:11, 56.3, 116.6, 11.6, 97490.1, 206.6, 6.6, 0.8, 0.1, 424.1, 298.4, 56903.4, 210, 44.2, 783.4, 7.9, 70.4
4, 126523, 20/11/2018 05:19:10, 64.7, 91.9, 13.3, 65894, 325.2, 9, 2, 5.7, 421.7, 235.4, 52685.7, 434.8, 44.4, 941.9, 6.3, 17.8
4, 126524, 20/11/2018 05:39:11, 50.7, 59.8, 10.9, 65295.5, 168.9, 11.6, 0.7, 0, 222.2, 153.1, 66270.7, 309.9, 32.1, 646.6, 8.2, 10.9
4, 126525, 20/11/2018 05:59:11, 61.1, 81.3, 13.5, 60358.9, 216.8, 4.1, 1.1, 0.1, 273.5, 208, 79766.8, 343, 32.4, 773, 2.4, 18.3
4, 126526, 20/11/2018 06:20:10, 37.5, 51.1, 8.7, 58802.8, 86.1, 3.8, 0.6, 0.2, 199, 130.9, 30312, 343.2, 24.1, 676, 3.9, 16.1
4, 126527, 20/11/2018 06:39:10, 34.8, 48.2, 8.3, 60159.2, 80.8, 5.7, 0.6, 0, 210, 123.3, 21936.6, 362.5, 21.4, 473.9, 4.3, 16.8
4, 126528, 20/11/2018 07:00:10, 41.4, 61.9, 8.9, 60366.9, 165.5, 1.9, 1.1, 1.5, 257.9, 158.4, 81643, 298.5, 23, 482.2, 3.5, 12.7
4, 126529, 20/11/2018 07:20:10, 67.8, 86.2, 15.1, 48133.2, 440.5, 7.6, 1, 0.1, 257.3, 220.6, 52174.3, 231.2, 25.7, 736.2, 0.8, 16.9
4, 126530, 20/11/2018 07:39:10, 50.9, 61.9, 11.5, 75601.5, 157.3, 4.9, 0.6, 0, 205.4, 158.5, 72933.5, 345.9, 23.4, 553.9, 1.1, 17.2
4, 126531, 20/11/2018 08:00:10, 50.6, 74.8, 11.1, 74463.6, 165.4, 5.4, 0.7, 0.3, 282.5, 191.4, 60197.5, 389.8, 30.6, 645.5, 2.9, 19.2
4, 126532, 20/11/2018 08:20:09, 41.4, 62.8, 10.3, 68758.9, 210.6, 13, 0.6, 0.1, 206.2, 160.8, 54776.9, 380.3, 26.3, 594.4, 2.7, 19.1
4, 126533, 20/11/2018 08:39:10, 34.9, 45.6, 8.4, 74072.9, 229.6, 27.1, 0.5, 0, 143.6, 116.7, 48192.5, 329.2, 23.7, 524, 1.2, 16.3
4, 126534, 20/11/2018 09:00:10, 74.6, 124.6, 15.7, 70352.7, 245.9, 12.9, 5, 3.7, 398.8, 318.8, 81061.4, 219.2, 34, 871.1, 1.5, 23.4
4, 126535, 20/11/2018 09:20:09, 57.9, 112.6, 13, 71353.9, 368.3, 8.6, 1.2, 4.6, 370.7, 288.4, 95810.7, 383.8, 31.8, 803, 0.9, 18.1
4, 126536, 20/11/2018 09:40:09, 55.2, 92.8, 13, 63514.9, 245.6, 9.3, 0.7, 7.6, 344.2, 237.6, 83113.9, 358.8, 30.7, 677.2, 1.2, 16.3
4, 126537, 20/11/2018 10:00:10, 54.6, 92.3, 13.5, 52717.6, 128.8, 7.9, 0.7, 14, 280.8, 236.2, 88611.7, 427.5, 35, 721.9, 1.2, 17.7
4, 126538, 20/11/2018 10:20:10, 52.9, 87.1, 12.5, 54404.5, 126.3, 3.8, 0.6, 15.4, 278.3, 222.9, 83100.2, 339.3, 31.3, 588.8, 3.3, 16.3
4, 126539, 20/11/2018 10:40:09, 52.5, 72.2, 12.4, 44782.8, 236.6, 4.5, 0.7, 4.9, 224.3, 184.8, 66361, 241, 30.4, 554.1, 2.9, 16.5
4, 126540, 20/11/2018 10:59:09, 54.6, 79.1, 13.8, 59108.1, 146.1, 10.8, 0.8, 0.5, 265.9, 202.5, 54637.3, 296.7, 35.3, 631.9, 2.4, 25
4, 126541, 20/11/2018 11:20:09, 55.3, 123, 14, 40327.5, 235.8, 14.8, 1.1, 0.3, 2660.2, 314.8, 66552.5, 210.7, 37.3, 706.9, 3, 18.3
4, 126542, 20/11/2018 11:39:09, 49.5, 92.7, 11.5, 24403.5, 210.3, 26.5, 0.8, 0, 333.9, 237.3, 76945.1, 312.3, 43.4, 1140.4, 0.4, 13.8
4, 126543, 20/11/2018 12:00:09, 70.2, 90.1, 13.1, 50406.1, 416.8, 18.8, 0.8, 2, 283.9, 230.6, 102925, 364.1, 48.6, 1213.6, 2.5, 16.6
4, 126544, 20/11/2018 12:20:09, 75.7, 113.7, 14.2, 56694.2, 330.7, 20.4, 3.6, 19.9, 381.1, 291.1, 99227.8, 383.7, 51.7, 1225.7, 0.7, 12.2
4, 126545, 20/11/2018 12:40:09, 77.8, 111.7, 14.6, 88813.7, 347.9, 12.2, 5, 18.4, 386.7, 286.1, 87088, 242.3, 51.4, 1174.7, 0.5, 10.2
4, 126546, 20/11/2018 12:59:09, 73.3, 114.8, 13.6, 66889.4, 212.8, 13.8, 3.2, 16.1, 380.1, 293.8, 85601.6, 285.7, 52, 1280.9, 3.8, 12
4, 126547, 20/11/2018 13:20:08, 69.8, 102, 11.7, 8276.9, 330.4, 25.7, 4.1, 4, 412.8, 261.2, 79025, 158.2, 51.3, 1296.2, 2.2, 7
4, 126548, 20/11/2018 13:40:08, 65.3, 85.8, 12, 38255, 289.9, 11.1, 0.8, 0.2, 280.9, 219.7, 77537.2, 303.2, 42.6, 1039.3, 2.7, 9.6
4, 126549, 20/11/2018 14:00:09, 69.8, 107.8, 12.6, 56529.5, 399.4, 19.4, 2.6, 1.1, 367.2, 275.9, 82624.3, 289, 49.5, 1053.6, 2.9, 11.9
4, 126550, 20/11/2018 14:19:08, 72.8, 96.9, 14.3, 41958.8, 400.7, 29.1, 1.4, 0.8, 302.3, 248.2, 85197.7, 670.8, 46.8, 1082.4, 3.2, 10.5
4, 126551, 20/11/2018 14:40:08, 61.6, 80.7, 12.4, 58543.2, 269.5, 11.7, 0.8, 0.2, 238.7, 206.5, 59289.3, 640, 43.1, 996.9, 2.2, 11.1
4, 126552, 20/11/2018 15:00:08, 57, 94.7, 12.9, 62128.7, 205.9, 20.1, 2.6, 2.8, 436.2, 242.5, 77495.7, 438.2, 44.1, 1094.4, 0.7, 13.2
4, 126553, 20/11/2018 15:20:08, 47.5, 79.7, 11.4, 69101.2, 299.4, 26, 1.1, 0.6, 366, 203.9, 45441.5, 646.3, 41.3, 1096.2, 1.3, 12
4, 126554, 20/11/2018 15:39:09, 42.3, 78.7, 9.2, 58755, 219.2, 17.7, 0.6, 0.1, 515.8, 201.4, 52940.6, 678.3, 40.6, 1046.7, 1, 9.4
4, 126555, 20/11/2018 15:59:08, 58.8, 80.7, 12, 72727.9, 336.8, 27.7, 1.1, 0.5, 312.8, 206.5, 74206.6, 661.1, 36.1, 1040.4, 1.1, 13.7
4, 126556, 20/11/2018 16:20:08, 50.4, 72.9, 11, 65500.8, 178.3, 16.8, 0.7, 0.1, 279, 186.7, 89526.2, 608.7, 38.8, 883.5, 1.1, 11.5
4, 126557, 20/11/2018 16:40:07, 70.9, 96.9, 13.6, 45213.5, 350.8, 14.5, 2.3, 1.2, 376.1, 248, 116466.7, 606, 39.8, 1130.8, 1.3, 10.6
4, 126558, 20/11/2018 17:00:07, 54.1, 94, 10.3, 55025.3, 202.1, 20, 0.7, 0.5, 383.5, 240.7, 75832.2, 701, 39.3, 1175.8, 1.2, 9.7
4, 126559, 20/11/2018 17:20:08, 53, 65.2, 10.8, 41384.6, 419.9, 5.7, 0.7, 0, 195.6, 166.9, 92403.9, 836.6, 32.2, 911.4, 1.1, 12.2
4, 126560, 20/11/2018 17:40:08, 44.5, 53.2, 7.1, 1571.5, 272, 15.1, 0.5, 0, 236.1, 136.2, 63094.2, 613.9, 26.1, 688.7, 1.1, 7.8
4, 126561, 20/11/2018 17:59:08, 41, 61.6, 7.5, 28271.7, 284.3, 8, 0.5, 0.4, 187.2, 157.8, 42590.5, 547.3, 25.5, 621, 1.1, 7.6
4, 126562, 20/11/2018 18:21:08, 48.8, 63.8, 9.9, 13011.7, 142.9, 5.3, 0.6, 2.4, 225.4, 163.4, 58238.5, 567.4, 27.6, 614.2, 1.6, 5.3
4, 126563, 20/11/2018 18:40:07, 55.5, 74.2, 10.2, 5160.9, 357.9, 14.3, 1.6, 8.5, 430.1, 189.9, 60307.5, 1014.7, 28, 580.6, 2.1, 4.8
4, 126564, 20/11/2018 19:00:07, 46.3, 52.9, 8.2, 31072.5, 253.5, 14.1, 0.6, 1.3, 174.4, 135.5, 74632.4, 839, 27.1, 551.7, 2.4, 7.2
4, 126565, 20/11/2018 19:20:07, 32.9, 36.9, 5.9, 18423.1, 337, 10.9, 0.5, 0, 119.9, 94.6, 38974.4, 1115.4, 23, 443.1, 1.7, 4.3
4, 126566, 20/11/2018 19:40:07, 30.6, 38, 5.6, 5543.7, 118.4, 17.2, 0.4, 0, 223.4, 97.3, 36378.1, 819.8, 24.2, 511.2, 1.4, 6.4
4, 126567, 20/11/2018 20:00:07, 21.8, 38.1, 4.5, 37232, 88.2, 5.4, 0.4, 0, 148, 97.5, 43873.7, 245.1, 21.6, 430.3, 1.7, 7.6
4, 126568, 20/11/2018 20:20:07, 20.8, 29.8, 4.2, 7780.1, 166.2, 25.9, 0.4, 0, 100.1, 76.4, 48566, 555.9, 21.4, 456.5, 2.5, 2.6
4, 126569, 20/11/2018 20:40:07, 23.5, 39, 4.6, 1917.4, 147.4, 6.3, 0.4, 0, 255.9, 99.9, 74243, 1151.2, 25.2, 481.1, 2.7, 2.5
4, 126570, 20/11/2018 21:00:07, 33.7, 43.7, 6.3, 27224.6, 270.9, 4.9, 0.5, 0.1, 168.1, 111.9, 72841.4, 91.2, 23.1, 518.7, 1.7, 6.8
4, 126571, 20/11/2018 21:20:07, 19.2, 25.5, 4, 27582.2, 59.3, 4.9, 0.3, 0, 99.9, 65.2, 74576.4, 158.1, 17.8, 362.4, 1.9, 2.3
4, 126572, 20/11/2018 21:39:06, 15.6, 19.2, 3.3, 14272.8, 54, 8.7, 0.3, 0, 65.1, 49.2, 48591.6, 117.1, 15.3, 313.3, 0.6, 1.7
4, 126573, 20/11/2018 22:00:06, 28.9, 34.3, 5.4, 24244.9, 208.9, 8.4, 0.4, 0, 173, 87.7, 55077, 84.1, 17.1, 399.3, 0.6, 2.9
4, 126574, 20/11/2018 22:20:06, 18.3, 26.3, 4.4, 458.9, 63.5, 8.6, 0.4, 0, 121.3, 67.3, 77589.3, 75.1, 16.4, 347.2, 1.3, 2.3
4, 126575, 20/11/2018 22:40:06, 19.4, 25.8, 4.6, 289.7, 66.8, 7.9, 0.4, 0, 95.8, 65.9, 40342.9, 68.9, 15.9, 345.9, 1.4, 3.3
4, 126576, 20/11/2018 23:00:06, 22.5, 30.8, 5.3, 29236.1, 54, 9.4, 0.4, 0, 148.5, 79, 40155.5, 105.1, 18.4, 363.8, 1, 5.1
4, 126577, 20/11/2018 23:20:06, 15.6, 18.9, 3.9, 18826.3, 33.3, 3.9, 0.3, 0, 71.5, 48.4, 37055.5, 109.8, 13.9, 251, 0.5, 2.9
4, 126578, 20/11/2018 23:40:07, 12.9, 19.6, 2.8, 18039.8, 7.2, 1.1, 0.3, 0, 212.9, 50.3, 39283.3, 110, 13.3, 229.6, 0.6, 2.1
