HOST, TIME, SYS_CPU, SYS_DBTIME, SYS_SYSPCT, SYS_READ, SYS_WRITE, SYS_REDO, SYS_OSWAIT, SYS_RMWAIT, SYS_ACTSESS_MAX, SYS_ACTSESS_AVG, SYS_PGA, SYS_PXRUNS, SYS_PXQCT, SYS_PXSRVT, SYS_UCALLS, SYS_IOWAIT
1, 14/11/2018 23:59:26, 30.8, 35.8, 8.3, 560.3, 195.9, 39.2, 0.7, 0, 120.3, 91.7, 20223.5, 337, 5.8, 153, 95.4, 7.9
1, 15/11/2018 00:20:27, 24.8, 35.3, 5.8, 5167.8, 133.5, 26.2, 0.5, 4.3, 144.6, 90.3, 23147.8, 303.3, 7.5, 140.3, 79.7, 5.6
1, 15/11/2018 00:40:27, 36.7, 61.3, 7.7, 2077.2, 125.5, 22.1, 0.6, 19.8, 264.5, 157, 24371.9, 384.8, 15.3, 237.3, 65.8, 3.3
1, 15/11/2018 00:59:26, 53, 93.4, 12.8, 3665.8, 182.3, 28.6, 1.1, 16.6, 369.9, 239, 31716.5, 1011.5, 23.3, 365, 68.9, 9.9
1, 15/11/2018 01:20:27, 42.9, 65.4, 10.1, 2384.5, 128, 21, 0.8, 9.2, 266.1, 167.5, 30362.8, 720.5, 22.6, 311.9, 58.8, 10.3
1, 15/11/2018 01:39:27, 32.9, 51.9, 8, 1137.1, 78.8, 9, 0.6, 7.8, 216.9, 133, 28621.4, 737, 21.6, 286.8, 31.1, 10.4
1, 15/11/2018 01:59:26, 28.8, 54.7, 6.3, 1129.1, 98.7, 18.3, 0.5, 1.8, 339.7, 140, 27248.7, 811.3, 20.3, 273.5, 26.6, 10.4
1, 15/11/2018 02:20:26, 37.2, 109.5, 8, 4968, 109, 18, 0.6, 0.2, 426.7, 280.4, 37235.5, 890.1, 20.6, 287.3, 37.1, 14.4
1, 15/11/2018 02:39:26, 63.5, 93.4, 11.5, 5102.1, 96.5, 14.5, 0.7, 0.5, 277.9, 239, 56403.3, 976.6, 25.7, 418.9, 38.8, 18.2
1, 15/11/2018 02:59:26, 67.7, 101, 13.1, 5013.9, 150.8, 22.8, 1.3, 0.5, 315.9, 258.5, 52700.9, 374.6, 24.3, 401.7, 43.9, 18.5
1, 15/11/2018 03:19:26, 31.7, 65.5, 8.5, 769, 185.3, 30.8, 0.7, 0, 285.7, 167.6, 45466.2, 349.1, 23.4, 399.5, 58.5, 22.6
1, 15/11/2018 03:39:26, 40.2, 72.2, 10.5, 1745.4, 218.9, 37.4, 0.8, 0, 268.7, 184.8, 24274.5, 339.6, 18.9, 388.2, 71.5, 23.1
1, 15/11/2018 03:59:26, 35.5, 67.1, 9.2, 744.7, 274.3, 37.5, 0.8, 0, 238.3, 171.7, 62361.9, 318, 14.2, 201.4, 81.9, 17.9
1, 15/11/2018 04:20:26, 39.9, 57.2, 9.4, 402.3, 565.8, 35, 0.7, 0, 240.5, 146.4, 63556.4, 351.2, 9, 164.2, 61.9, 16.5
1, 15/11/2018 04:39:26, 29.4, 54.5, 6.5, 166.3, 563.5, 27.7, 0.6, 0, 231.1, 139.6, 51101.8, 364.4, 7.2, 144.7, 52.8, 21.8
1, 15/11/2018 04:59:26, 35.4, 38.2, 8, 241.4, 546.6, 33.4, 0.6, 0, 161, 97.8, 56896.5, 355.6, 6, 110.8, 72.8, 8.6
1, 15/11/2018 05:19:26, 29.5, 53.9, 7.3, 453.1, 252.5, 35.6, 0.6, 0, 265.1, 137.9, 50601.3, 317.4, 5.4, 101.2, 68.6, 16.2
1, 15/11/2018 05:39:26, 23.4, 38, 6.5, 547, 175.5, 33.9, 0.6, 0, 188.9, 97.3, 47545.7, 331.1, 4.7, 88.7, 70.9, 8.6
1, 15/11/2018 05:59:25, 40, 69.6, 10.2, 1096.5, 277.4, 40.6, 0.8, 0, 245.9, 178.2, 58185.2, 332.2, 6, 147.5, 90.5, 14.5
1, 15/11/2018 06:20:25, 35.3, 53.1, 9.8, 373.3, 286.6, 43.3, 0.8, 0, 180.9, 136.1, 53189.2, 320.3, 5.1, 95.5, 97.5, 10.2
1, 15/11/2018 06:39:26, 31.9, 49.7, 9.2, 390.2, 283.6, 50.9, 0.8, 0, 174.5, 127.1, 10353.9, 303.5, 4.1, 59.7, 102.4, 9.8
1, 15/11/2018 07:00:25, 38.1, 67.2, 10.6, 593.9, 320.2, 62.9, 0.9, 0, 259.9, 172, 17990.9, 312.8, 4.4, 64.2, 128.8, 12.7
1, 15/11/2018 07:20:25, 44.2, 64.3, 12, 723.3, 399.7, 71.8, 1, 0, 207.5, 164.6, 18544.6, 306.9, 4.5, 74.6, 130.9, 16
1, 15/11/2018 07:39:25, 49.1, 68.8, 13.2, 654.5, 386.5, 71, 1.1, 0, 273.9, 176.2, 13574.5, 329.1, 4.3, 91, 142.6, 16.5
1, 15/11/2018 07:59:25, 61.3, 82.3, 17, 264.4, 459.3, 72.8, 1.3, 0, 270.2, 210.7, 14783.1, 288.9, 5.7, 86.6, 169.1, 17.1
1, 15/11/2018 08:19:25, 54.6, 68.8, 15.7, 498, 458.6, 66.3, 1.2, 0, 213.1, 176.2, 14958.4, 328.1, 4.7, 94.4, 165.4, 26
1, 15/11/2018 08:39:25, 48.4, 97.5, 13.1, 9555.8, 380.8, 53.3, 1, 0, 388.5, 249.6, 25855.7, 281.4, 4.1, 91.9, 129.1, 15.7
1, 15/11/2018 08:59:25, 56.5, 85.2, 16.3, 23176.5, 420.6, 76.6, 1.3, 0, 263.9, 218.2, 36009.8, 331.6, 4.3, 86.5, 167.7, 23.9
1, 15/11/2018 09:19:24, 53.1, 90.8, 14.6, 739.5, 371.2, 71.3, 1.1, 0, 348.9, 232.5, 37537, 385.2, 4, 90.8, 146.1, 23.1
1, 15/11/2018 09:40:24, 34, 93, 9.9, 259.5, 296.3, 63.1, 0.9, 0, 308.3, 238, 37503.6, 282.3, 4, 89.3, 133, 56.7
1, 15/11/2018 09:59:25, 49.3, 71, 14.8, 283.1, 407.7, 73.2, 1.1, 0, 229.5, 181.8, 40790.1, 265.2, 4.9, 120.7, 151.6, 22.1
1, 15/11/2018 10:19:25, 43.7, 80.7, 13.4, 519.1, 359.4, 75.5, 1, 0, 291.9, 206.6, 10458.7, 300, 3.6, 71.1, 146.9, 30.3
1, 15/11/2018 10:39:25, 55.1, 80.9, 16.1, 888.4, 407.2, 71.4, 1.2, 0, 295.1, 207.2, 14449.4, 344.4, 4, 96.1, 165.7, 25
1, 15/11/2018 10:59:25, 38.9, 92.2, 11.8, 257.1, 359.5, 55.5, 1.2, 0, 421.1, 235.9, 17310.2, 357.2, 3.9, 88.3, 122.3, 23.6
1, 15/11/2018 11:19:34, 54.8, 117.1, 13.1, 352.2, 279.9, 46.1, 2.5, 0, 590, 299.8, 11665.6, 315.1, 4.7, 134.1, 108.5, 15.8
1, 15/11/2018 11:39:34, 47.8, 58.2, 10.5, 1721.5, 285.6, 53, 0.8, 0, 249.4, 149, 23725.6, 261.3, 4, 103.5, 87.8, 8.2
1, 15/11/2018 11:59:34, 50.9, 71.6, 10.8, 862, 335.2, 61.9, 0.9, 0, 315.5, 183.3, 10212.2, 257.8, 3.6, 80.7, 114, 10
1, 15/11/2018 12:19:34, 38.4, 79.7, 10, 867.8, 246, 53.4, 0.8, 0, 333.7, 204.2, 10383.2, 294.4, 2.9, 64.3, 112.7, 19.1
1, 15/11/2018 12:39:34, 38.1, 62.3, 10.4, 875.2, 259.5, 55.4, 0.8, 0, 253.8, 159.6, 11902.4, 292.6, 4, 64.6, 141.5, 20.6
1, 15/11/2018 12:59:33, 40.5, 69.4, 11.3, 888.4, 301.6, 59.8, 0.9, 0, 267, 177.6, 12512.2, 251.4, 3, 72.1, 146.9, 20.4
1, 15/11/2018 13:19:34, 43.9, 57.1, 12.1, 685.9, 308.1, 63, 1, 0, 259.3, 146.1, 10982.2, 320.5, 3.3, 76.1, 168.1, 12.7
1, 15/11/2018 13:39:34, 38.5, 55.3, 10.4, 802.4, 280.2, 60.1, 0.9, 0, 207.7, 141.6, 12493.8, 278, 2.7, 51.1, 159.7, 9.2
1, 15/11/2018 13:59:33, 38.6, 51.1, 10.9, 554.4, 300.5, 63.2, 0.9, 0, 186.3, 130.8, 12335, 261.5, 2.6, 53.1, 171.7, 10.3
1, 15/11/2018 14:19:34, 42.2, 48.1, 12, 828.2, 310.8, 61.5, 1, 0, 180.4, 123.2, 12488.4, 285.1, 3.1, 59.3, 175.9, 13.3
1, 15/11/2018 14:39:34, 37.7, 48.7, 10.6, 597.3, 275.6, 59.5, 0.9, 0, 184.8, 124.6, 11648.9, 304, 2.8, 52.2, 171.8, 9.6
1, 15/11/2018 14:59:33, 52.4, 88.5, 13.6, 1210.8, 296.8, 57.6, 1.1, 0, 357.4, 226.5, 17500.3, 303.5, 6.6, 167.5, 153.9, 13.5
1, 15/11/2018 15:19:33, 49.8, 83.3, 12.8, 1137, 313.9, 59.1, 1, 0, 336.2, 213.1, 18591.6, 305.9, 6.7, 159.5, 157.1, 10.6
1, 15/11/2018 15:39:33, 50.4, 66.5, 12.7, 776, 349.2, 66.1, 1, 0, 340.8, 170.3, 17046.2, 270.6, 5.7, 122.5, 187.1, 11.9
1, 15/11/2018 15:59:33, 40.5, 53.7, 11, 278.3, 309.3, 64.5, 0.9, 0, 192.6, 137.4, 12808.9, 254.4, 4.2, 93.5, 187.4, 12.2
1, 15/11/2018 16:19:34, 45.8, 51.6, 12.5, 947.3, 324.4, 66.9, 1, 0, 177.9, 132.1, 12919.4, 285.9, 4.5, 105.1, 188.6, 12.5
1, 15/11/2018 16:39:33, 45.8, 54.9, 12.6, 409.3, 352.2, 68.5, 1.1, 0, 232.2, 140.5, 29568.4, 299.6, 4.5, 108.7, 186, 11.2
1, 15/11/2018 16:59:33, 50.9, 68.3, 12.7, 862.8, 388.9, 61.8, 1, 0, 298.8, 174.9, 29968.4, 257.2, 5, 129, 169, 11.4
1, 15/11/2018 17:19:33, 48.9, 71.5, 12.7, 494.1, 665.8, 146.1, 1, 0, 285.9, 183.1, 29696.4, 290.2, 4.9, 120.1, 159.9, 9.4
1, 15/11/2018 17:39:33, 39.5, 69.1, 10.5, 705.3, 369, 71.5, 0.9, 0, 315, 176.9, 12983.6, 295.5, 4.2, 103.4, 160.2, 9.7
1, 15/11/2018 17:59:33, 30.2, 126.5, 8.4, 3534.9, 184.7, 35.9, 0.7, 0, 474.8, 323.8, 14225.8, 332.2, 11.5, 211.4, 91, 30.1
1, 15/11/2018 18:19:33, 60.4, 92.5, 16.9, 2499.5, 361.3, 68.2, 3.5, 0.2, 344, 236.8, 15031.2, 396.6, 10.8, 211.5, 162.9, 27.6
1, 15/11/2018 18:39:33, 53.2, 77, 15.2, 1792.7, 547, 61.5, 1.2, 0, 320, 197.1, 15616.3, 425.2, 8.2, 195.5, 139.5, 12.9
1, 15/11/2018 18:59:32, 35.4, 45.2, 10.2, 2030.7, 351.7, 66, 0.8, 0, 153.5, 115.6, 13148.5, 302.5, 3.8, 120.5, 157.7, 9.1
1, 15/11/2018 19:20:33, 35, 43.3, 10.2, 632.3, 317.9, 68.8, 0.9, 0, 165.1, 110.7, 13103.9, 329.1, 3.1, 91.3, 161.7, 7.8
1, 15/11/2018 19:40:33, 27.4, 43.2, 7.6, 593.9, 268, 56.5, 0.6, 0, 225.1, 110.6, 11860.4, 350.3, 3.4, 93.6, 105.8, 7.8
1, 15/11/2018 19:59:33, 44.7, 85.7, 11.4, 1841.8, 411.6, 51.5, 0.8, 0, 357.9, 219.3, 25877.2, 389.1, 11.7, 347.4, 83.5, 13.9
1, 15/11/2018 20:19:32, 55.3, 93.9, 15.9, 1758.9, 394.8, 45.6, 1.1, 0.4, 324.4, 240.5, 36916.6, 340.1, 13.4, 424.8, 73.4, 22.3
1, 15/11/2018 20:39:32, 57.9, 78.9, 18.1, 1944.6, 443.4, 45.9, 1.3, 0.1, 241.7, 202.1, 43728.4, 331.2, 12, 365.5, 75.5, 32.2
1, 15/11/2018 20:59:32, 62, 92.7, 15.3, 1292.8, 337.2, 29.9, 1.1, 0, 299.2, 237.3, 42909.9, 308.3, 14.7, 429.5, 58, 40.9
1, 15/11/2018 21:19:32, 60.6, 77.8, 14.2, 1995.5, 372.8, 32.1, 1, 0, 214.5, 199.1, 28558, 310, 13.2, 384.3, 58.6, 30.2
1, 15/11/2018 21:39:32, 60.5, 78.5, 14.4, 1462.3, 293.4, 31.6, 1, 0, 221.5, 201, 27073.4, 277.4, 11.3, 353.1, 56.9, 32.1
1, 15/11/2018 21:59:32, 54.1, 75.3, 12.3, 1189.9, 337.4, 29.5, 0.9, 0, 221.3, 192.8, 40671.1, 270.5, 11, 341.9, 55.2, 30.7
1, 15/11/2018 22:19:31, 44.8, 68.9, 10.4, 1224.2, 178.3, 27.2, 0.8, 0, 245.6, 176.4, 21467, 312.5, 10.1, 310.5, 52.4, 26.9
1, 15/11/2018 22:39:32, 35.4, 54.8, 9.5, 1165.9, 213.3, 33.3, 0.7, 0, 163.5, 140.2, 32912, 299.5, 8.8, 281.6, 67.5, 26.2
1, 15/11/2018 22:59:32, 39.8, 86.8, 12.5, 1281.8, 177.6, 36.5, 1, 0, 374.3, 222.1, 23007.9, 281.9, 8.9, 279.6, 83.8, 31.8
1, 15/11/2018 23:20:32, 42.7, 77.6, 14.6, 1509.8, 170.2, 33.1, 1.1, 0, 397.2, 198.6, 19999.8, 291.7, 8.3, 294.5, 75.2, 40.4
1, 15/11/2018 23:40:32, 27.5, 51.2, 9.5, 1480.2, 110.2, 23, 0.8, 0, 172, 130.9, 20862, 312.7, 7, 272, 59.3, 30.8
2, 14/11/2018 23:59:47, 70.3, 76.9, 22, 1727.4, 405.8, 37, 1.5, 0.4, 250.1, 196.9, 35463, 414.9, 13, 246.8, 121.4, 21.8
2, 15/11/2018 00:19:46, 67, 80.1, 21.4, 3166.5, 390.4, 34, 2.1, 7.6, 332.8, 205.1, 39098.2, 351.7, 15.7, 265.5, 99.8, 18.4
2, 15/11/2018 00:39:47, 74.4, 129.2, 21.5, 17680.4, 317.3, 45.6, 4.4, 34.6, 389.6, 330.8, 37265.6, 340.2, 28, 428.6, 131, 16
2, 15/11/2018 00:59:46, 63.2, 113.9, 17.2, 736.2, 327.5, 47.1, 3.9, 29.3, 371.1, 291.5, 43445.2, 357, 24.4, 359.5, 124, 8.2
2, 15/11/2018 01:19:47, 68.4, 102.5, 17.7, 24869.1, 345.4, 48.6, 6.2, 26.2, 312.8, 262.4, 41043.9, 358.8, 23.8, 343.9, 140.4, 6.7
2, 15/11/2018 01:39:47, 83.2, 110.1, 18.6, 33406, 300.3, 36.7, 8.2, 23.3, 337.7, 281.9, 44754.1, 427.2, 28.8, 471.1, 108.5, 6.1
2, 15/11/2018 01:59:47, 75.1, 130, 15.7, 64561.5, 271.2, 33.3, 6.5, 21.2, 483, 332.7, 40034, 400, 26.9, 455.1, 83.2, 5.5
2, 15/11/2018 02:21:47, 59.1, 131.8, 14.6, 14810.2, 197.4, 31.2, 1.5, 18.8, 433.4, 337.3, 36667.7, 332.4, 21.6, 322.1, 130.2, 5.5
2, 15/11/2018 02:39:46, 73, 102.2, 18.7, 1003.6, 314.7, 50.3, 3.7, 20.1, 299.7, 261.6, 42181.7, 339.1, 16.9, 259.2, 189.6, 9.3
2, 15/11/2018 02:59:46, 69.1, 85.3, 18.4, 448.2, 311.4, 44, 2.1, 10.8, 261.9, 218.4, 41473.6, 340.3, 15.7, 242, 203.4, 7.7
2, 15/11/2018 03:19:46, 68.9, 83.7, 18.5, 541.2, 302.3, 43.6, 1.3, 9.7, 234.2, 214.2, 41938.7, 339.6, 15.3, 239.6, 197.9, 8
2, 15/11/2018 03:39:46, 68.2, 76.9, 18.7, 710.5, 316.8, 40.6, 1.3, 2.4, 232.2, 197, 41860.7, 338.1, 13.5, 207.4, 188.7, 9.7
2, 15/11/2018 03:59:46, 64.5, 87.4, 17.3, 877.1, 310.9, 35.7, 1.2, 7.5, 281.1, 223.7, 73853, 340.7, 14.1, 213.2, 150.2, 7.8
2, 15/11/2018 04:19:46, 71.7, 84, 17.8, 740.5, 513.5, 36.3, 1.7, 15.2, 276.3, 215.1, 74314.6, 321.9, 14.7, 225.8, 157.3, 7.3
2, 15/11/2018 04:39:46, 71.8, 76.8, 17.8, 1172.2, 493, 34.2, 1.2, 3.4, 261.1, 196.7, 72606.9, 319.1, 14.6, 241.5, 149.8, 14.3
2, 15/11/2018 04:59:46, 67.2, 61.6, 17, 1098.7, 530.7, 31.7, 1.1, 3.3, 213.7, 157.8, 71611.5, 327.8, 12.6, 208.4, 98, 11.9
2, 15/11/2018 05:19:46, 52.4, 51.6, 14.2, 423, 549.4, 29.9, 1, 0, 206.6, 132, 66557.5, 330.1, 10.7, 176.3, 90.2, 13.3
2, 15/11/2018 05:39:46, 48.3, 42.7, 13.8, 363.1, 458.8, 32.5, 1, 0, 175.5, 109.3, 66231.2, 336, 9.9, 164.2, 102.9, 9.4
2, 15/11/2018 05:59:45, 80, 102.4, 19.1, 1735.2, 596.3, 30.6, 2.5, 0.1, 332.1, 262.2, 99744.6, 321.9, 17.1, 344.6, 100.5, 13.7
2, 15/11/2018 06:19:45, 85.9, 89.2, 18.6, 997.2, 376.1, 29.5, 2.3, 0.2, 297.9, 228.4, 73431, 318.5, 17.9, 370.5, 100.2, 13
2, 15/11/2018 06:39:46, 89.8, 104.7, 19.4, 762.4, 283.3, 30.4, 1.6, 0.1, 341.7, 268, 87651.1, 313, 17, 354.7, 93.9, 12.2
2, 15/11/2018 06:59:45, 90.3, 107.2, 19, 818.2, 330.4, 33.9, 2.7, 0.2, 337.7, 274.3, 78517.5, 316.8, 16, 330.2, 103.5, 11.1
2, 15/11/2018 07:20:45, 91, 104.2, 19.6, 1230.3, 483.8, 36.6, 4.1, 0.2, 447.8, 266.8, 74043.9, 311.6, 14.8, 320.9, 111.3, 11
2, 15/11/2018 07:39:45, 88.2, 118.7, 19.6, 654.8, 456.1, 39.6, 2.9, 0.1, 522.7, 303.9, 51006.7, 342, 14.7, 307, 122.6, 14.9
2, 15/11/2018 07:59:45, 76, 103.1, 19.8, 16882.7, 372.6, 43.9, 1.4, 0, 321.4, 263.9, 54763.9, 311, 14.3, 275, 146.4, 17.3
2, 15/11/2018 08:19:45, 67.6, 81.6, 17.4, 377.7, 353.4, 46.8, 1.3, 0, 233.8, 209, 49935.8, 419, 11.2, 219.4, 154.2, 10
2, 15/11/2018 08:39:45, 60.5, 94.3, 15, 463.4, 304.1, 41.7, 1.1, 0, 316, 241.4, 39643, 448.2, 8.8, 176.9, 134, 6.6
2, 15/11/2018 08:59:44, 78.6, 104.9, 19.8, 716.1, 365.7, 58.9, 1.4, 0, 319.5, 268.7, 51118.5, 334.2, 8.8, 211.5, 168.6, 11.5
2, 15/11/2018 09:19:44, 69.9, 105.8, 18.1, 1667.7, 368.2, 51.5, 1.3, 0, 367.3, 270.9, 35249.3, 427.6, 8.5, 210.3, 143.4, 12.5
2, 15/11/2018 09:40:44, 58.3, 100.6, 16.5, 421.1, 355.4, 57.8, 1.3, 0, 304.4, 257.6, 44344.1, 357.7, 8.4, 199.9, 160.7, 28.1
2, 15/11/2018 09:59:45, 63, 82.8, 18.4, 444.4, 419.5, 60.8, 1.3, 0, 268, 211.9, 36967.1, 373.1, 8.7, 177.3, 180.6, 11.8
2, 15/11/2018 10:19:45, 59.1, 85.6, 17.4, 889.1, 467.5, 62.2, 1.3, 0, 290.1, 219.1, 26314.1, 379, 8.7, 179.6, 171.4, 12.8
2, 15/11/2018 10:39:45, 64.3, 87.8, 17.4, 694.9, 487.6, 60.2, 1.2, 0, 273.2, 224.8, 27126.3, 346.1, 9.6, 196.3, 168.9, 10.3
2, 15/11/2018 11:50:40, 59.5, 90.1, 13.1, 116.1, 348.5, 76.9, 1.1, 0, 299.1, 230.6, 15375.2, 506.1, 7.8, 234, 172.9, 8.6
2, 15/11/2018 11:59:39, 52.4, 79.9, 12.7, 93.8, 408.1, 88.3, 1.1, 0, 267.5, 204.4, 24976.8, 80.9, 9.6, 286.3, 210.5, 7.9
2, 15/11/2018 12:19:39, 52, 77.3, 13.7, 84.2, 472.4, 100.5, 1.1, 0, 292.7, 197.9, 20182.7, 61, 10.3, 309.4, 216.5, 5.2
2, 15/11/2018 12:39:39, 55, 56.7, 16, 94.5, 551.5, 119.7, 1.3, 0, 184.6, 145.1, 16872.6, 83.8, 8.4, 245.5, 245.5, 4.9
2, 15/11/2018 12:59:39, 48, 64.4, 12.8, 162.3, 440.1, 83.1, 1, 0, 222.7, 164.8, 14639.1, 144.8, 4.8, 131.4, 237.4, 4.2
2, 15/11/2018 13:19:39, 46.4, 44.9, 12.8, 64.8, 357.3, 81.6, 1, 0, 169.3, 114.9, 13694.8, 171.2, 2.7, 67.6, 258.8, 4.5
2, 15/11/2018 13:39:39, 44.4, 44.1, 12, 42, 342.5, 78.8, 1, 0, 156.2, 113, 13821.2, 41.8, 2.1, 49.8, 249.9, 4.1
2, 15/11/2018 13:59:39, 44.7, 42.4, 12.1, 45.2, 340.9, 79.8, 1, 0, 138.7, 108.4, 13932.9, 80.8, 2.2, 49.1, 246.3, 4.8
2, 15/11/2018 14:19:39, 47.2, 41.6, 12.7, 48.4, 335.2, 78.8, 1, 0, 161.4, 106.5, 14134.3, 195.1, 2.2, 48.3, 248.8, 4.8
2, 15/11/2018 14:39:39, 45.2, 44.1, 11.9, 38.4, 329.7, 75.9, 1, 0, 145.5, 112.9, 14047.2, 50, 2.1, 49, 246.3, 4.5
2, 15/11/2018 14:59:39, 60.3, 77.1, 14.5, 2951.2, 312.9, 66.8, 1.1, 0.3, 300, 197.3, 17341.1, 166.8, 7.8, 176.4, 204.8, 5.6
2, 15/11/2018 15:19:38, 52.3, 76.1, 12.8, 2690.4, 304.2, 71.6, 1, 0, 304.9, 194.9, 15790.2, 167.1, 6.3, 147.9, 200.7, 4.3
2, 15/11/2018 15:39:38, 52.4, 65, 13, 2244.7, 330.7, 73.4, 1, 0, 294.4, 166.4, 15490.7, 136, 4.9, 96.8, 205.1, 6
2, 15/11/2018 15:59:39, 50.5, 56.5, 12.6, 1976.5, 322.3, 76.1, 1, 0, 174, 144.5, 16932.5, 143.1, 5.1, 104.5, 203.1, 5.8
2, 15/11/2018 16:19:39, 55.9, 49.9, 14.1, 2201.5, 399.8, 89.4, 1.1, 0, 151.7, 127.8, 15855.5, 99.1, 5.1, 107, 202.1, 6.1
2, 15/11/2018 16:39:38, 51.9, 46, 13.2, 2028.6, 386.8, 87.8, 1, 0, 210.2, 117.8, 15489.8, 60, 5, 95.9, 176.2, 4.9
2, 15/11/2018 16:59:38, 41.7, 48.8, 11.8, 1690.5, 383.6, 85.2, 0.9, 0, 261, 125, 15572.2, 87.2, 3.9, 76.3, 190.7, 5.8
2, 15/11/2018 17:19:38, 37, 47.9, 10.6, 1273, 363, 83, 0.8, 0, 187.2, 122.6, 15505.5, 200.6, 3.4, 67.8, 168.5, 4.9
2, 15/11/2018 17:39:38, 35.4, 48.2, 10.4, 490.5, 614.1, 77.9, 0.8, 0, 245.7, 123.4, 29198.9, 283.6, 4.2, 79.5, 157.4, 5.2
2, 15/11/2018 17:59:38, 24, 89.1, 6.9, 758, 290.5, 45.8, 0.6, 0, 343.8, 228.1, 32405.2, 113.1, 5, 104.6, 98.1, 3.9
2, 15/11/2018 18:19:38, 40.3, 43.3, 12, 1010.3, 686.5, 154.4, 1, 0, 155.1, 111, 15756.1, 244.9, 4.2, 96.4, 182.3, 6.3
2, 15/11/2018 18:39:38, 27.8, 31.7, 8.3, 1259.3, 369.8, 79.5, 0.7, 0, 187.9, 81.2, 19857, 119.9, 4.3, 73.9, 120.4, 4.3
2, 15/11/2018 18:59:38, 29.1, 29.1, 8.1, 2389.8, 283.8, 65.3, 0.7, 0, 98.3, 74.5, 18618.9, 158.4, 4.6, 76.5, 109.3, 5.1
2, 15/11/2018 19:20:38, 28.2, 26.6, 8.5, 2583.6, 338, 72.4, 0.7, 0, 94.6, 68.1, 15757.9, 157.3, 3.2, 65.5, 100.8, 3.9
2, 15/11/2018 19:40:38, 26.9, 30.3, 7.9, 2521.3, 309.4, 64.5, 0.6, 0, 153.8, 77.7, 11570.2, 170.6, 4.1, 73.5, 83.3, 3.2
2, 15/11/2018 19:59:38, 31.1, 51.5, 8.9, 2590.4, 283.5, 61, 0.7, 0, 211, 131.8, 16132.5, 170.1, 7.5, 141.2, 85.6, 6.6
2, 15/11/2018 20:19:38, 38.7, 58.9, 11.1, 2825.3, 309.8, 62.5, 0.8, 0, 252.5, 150.8, 32943, 260.6, 8.5, 171.5, 96.3, 8.2
2, 15/11/2018 20:39:37, 32.8, 38.8, 8.8, 2971.6, 321.4, 58.4, 0.7, 0, 172.7, 99.4, 31787, 74.1, 6.6, 128.4, 59.1, 7.8
2, 15/11/2018 20:59:37, 21.1, 26.8, 5.9, 3329.8, 244.6, 48.8, 0.5, 0, 138, 68.5, 14278.9, 28, 4.9, 81.1, 57.2, 6.9
2, 15/11/2018 21:19:38, 20.3, 21.2, 5.9, 2976, 220.1, 48.6, 0.5, 0, 73.8, 54.4, 11531.4, 345.5, 5.3, 101, 42.5, 5.4
2, 15/11/2018 21:39:37, 20.6, 22.1, 6.1, 3241.8, 194.3, 39.8, 0.5, 0, 72.8, 56.5, 11549, 64, 4.1, 96.4, 50.3, 6.7
2, 15/11/2018 21:59:37, 24.6, 31.6, 6.7, 2830.7, 177.4, 36.9, 0.6, 0, 161, 80.9, 12297.8, 57, 4, 96.2, 55.1, 9.3
2, 15/11/2018 22:19:37, 25.4, 37.2, 7.5, 3639.5, 180.2, 35.9, 0.6, 0, 174.6, 95.2, 13571, 85.9, 4.7, 117, 65.5, 8.2
2, 15/11/2018 22:39:37, 20.6, 23.1, 6.1, 3320.1, 165.9, 32.2, 0.5, 0, 76.6, 59.1, 13518.5, 92.8, 4.6, 108.5, 41.9, 7.2
2, 15/11/2018 22:59:37, 35.8, 54.4, 8.5, 3975.7, 453.5, 22.6, 0.7, 2.7, 232.8, 139.4, 28050.9, 77.9, 9.9, 171.6, 43.5, 8.8
2, 15/11/2018 23:20:37, 38.8, 46.2, 10, 4203.5, 521.1, 25.3, 0.8, 2.4, 183.2, 118.2, 37009, 64, 9.4, 156.9, 64.1, 11.1
2, 15/11/2018 23:40:37, 32.5, 36.8, 9.4, 2479.6, 410, 23.9, 0.7, 0, 143.7, 94.1, 36545.6, 49.4, 7.3, 132.3, 69, 11.3
3, 15/11/2018 00:00:09, 57.2, 84, 13.2, 58302.2, 258.7, 4.2, 0.8, 9.4, 300.3, 214.9, 65738.3, 867.8, 29.8, 532.6, 19.6, 15.4
3, 15/11/2018 00:20:09, 47.1, 95.4, 10.7, 30216.6, 105.4, 2.6, 0.7, 1.2, 296.3, 244.3, 57578.6, 818.9, 51.8, 574.2, 24, 7.4
3, 15/11/2018 00:40:09, 65.3, 113.1, 14.1, 21467.4, 142.5, 1.8, 0.9, 0.2, 328.8, 289.5, 52640.3, 836.6, 57.2, 678.6, 20.3, 9.7
3, 15/11/2018 01:00:08, 62.7, 131.6, 16.3, 27505.3, 165.8, 1.9, 1.1, 2.8, 400.8, 336.8, 81648.1, 595.1, 55.9, 831.9, 17.9, 13.7
3, 15/11/2018 01:20:09, 60.1, 140.1, 16.3, 20386.6, 203.1, 1.7, 1, 2.6, 388.1, 358.7, 90813.5, 319.9, 54.9, 878, 20.2, 14.8
3, 15/11/2018 01:40:09, 62, 122.2, 15.7, 16368.3, 310.4, 1.3, 1, 2.1, 392.2, 312.9, 95486.8, 242.5, 52, 826.8, 24.8, 11.6
3, 15/11/2018 02:00:09, 65.2, 131.3, 13.7, 29192, 393.2, 1.8, 2.8, 10.6, 472, 336.1, 82899, 254, 55.6, 992.4, 16, 10.2
3, 15/11/2018 02:22:08, 49.8, 121.1, 12, 44889.9, 259.1, 1.8, 0.7, 0.5, 513.5, 310.1, 89346.8, 373.9, 49.8, 926.4, 17.4, 12.2
3, 15/11/2018 02:40:08, 49.4, 97.9, 12.6, 60979.7, 232.2, 1.7, 0.8, 1, 507.2, 250.7, 58934, 459.9, 44.2, 726.6, 25.6, 17.6
3, 15/11/2018 02:59:08, 60.4, 115.7, 13.1, 50327.6, 478.6, 1.7, 0.9, 23.3, 333.5, 296.3, 60181.7, 374.9, 45.3, 766.1, 15.2, 12.9
3, 15/11/2018 03:20:08, 71, 137.9, 14.3, 67282.6, 430.4, 4.7, 4.3, 24.5, 521.5, 353, 69614.3, 489.9, 42.8, 806.3, 15.5, 15.8
3, 15/11/2018 03:40:08, 51, 109.5, 11.6, 92023, 287.9, 7.7, 0.8, 0.4, 432.6, 280.4, 49621.1, 416.2, 41.6, 840.4, 23.6, 18.6
3, 15/11/2018 04:00:08, 73.4, 118, 15.6, 68687.1, 429.5, 6.7, 1.2, 8.1, 365.3, 302.2, 89292.4, 4591.1, 46.2, 950.7, 18.3, 16.4
3, 15/11/2018 04:20:08, 79.8, 111.8, 17, 89055.7, 400.2, 7.1, 4.4, 2, 354.3, 286.3, 64561.6, 5849.5, 50.2, 930.4, 27.7, 29.1
3, 15/11/2018 04:40:08, 80.5, 125, 16.6, 93677.5, 255, 3.8, 3.3, 9.3, 357.7, 320, 82134.8, 6700.5, 47.1, 890.8, 20.5, 33.5
3, 15/11/2018 05:00:08, 78.6, 108.6, 16.9, 90766.2, 339.7, 6.9, 1.8, 4.2, 328.1, 277.9, 68696.7, 5394.2, 42.4, 828.1, 23.3, 27.9
3, 15/11/2018 05:20:08, 75, 109.1, 15, 92143.1, 290.4, 2.6, 1.9, 4.7, 313.3, 279.4, 89213.4, 1406.8, 41.1, 804.4, 23.1, 27.5
3, 15/11/2018 05:39:08, 87.1, 117.2, 17.5, 81852.3, 347.3, 2, 6, 9.9, 341.4, 299.9, 72424.2, 806.8, 41, 820.6, 20, 24.8
3, 15/11/2018 06:00:07, 83.6, 132.9, 17.5, 67130.2, 408.3, 6.8, 6.5, 12, 403.3, 340.3, 97555.7, 6725.8, 45.4, 1061.8, 18.2, 24
3, 15/11/2018 06:20:08, 91.8, 145.7, 18.3, 55487.1, 418.4, 7.9, 16.8, 16.5, 465.2, 373.1, 94619.4, 2081.8, 45.8, 1113.8, 15.9, 26.5
3, 15/11/2018 06:40:08, 75.2, 124.1, 17.3, 61057.5, 295.8, 8.7, 2.4, 3.9, 454.4, 317.7, 73834.5, 594.6, 42.4, 1109.7, 22.2, 28.2
3, 15/11/2018 07:00:07, 66.2, 113, 14.5, 85283.1, 190.3, 7.4, 1.2, 6.7, 415.4, 289.3, 94996.9, 365.1, 37.6, 888.2, 23, 20.7
3, 15/11/2018 07:21:07, 56.7, 99.2, 12.9, 58510.7, 185.6, 7.6, 0.9, 18, 310.5, 254.1, 93890.2, 316.1, 34.9, 846.8, 23.4, 16
3, 15/11/2018 07:40:07, 50, 86, 13.4, 74628.3, 226.9, 5.7, 0.8, 7.3, 264.1, 220.1, 106380.8, 342.3, 31.7, 722.7, 22.8, 21.5
3, 15/11/2018 08:00:08, 60.1, 103.4, 17.1, 77927.9, 290.3, 21.3, 1.1, 12.6, 302.2, 264.7, 91714.2, 314.6, 37, 880.2, 16.6, 29
3, 15/11/2018 08:20:08, 36.5, 62.5, 10.9, 69675.9, 117.2, 2.2, 0.7, 1, 202.2, 159.9, 81000, 246.8, 29.7, 696.9, 22, 21.8
3, 15/11/2018 08:39:07, 35, 59.1, 9.6, 3772.6, 343.2, 4.4, 0.7, 0.3, 193.3, 151.4, 84364.7, 260.2, 27.9, 642.1, 15.2, 9.8
3, 15/11/2018 09:00:07, 65.2, 95.9, 16, 16227.9, 431.3, 16, 1.8, 2.2, 329.3, 245.5, 80405.9, 300.6, 36.9, 888.5, 16.8, 22.4
3, 15/11/2018 09:20:07, 58, 90.6, 13.5, 23324.8, 349.8, 28.8, 2.4, 7.8, 306.6, 232, 102094.9, 257.1, 36.6, 812.8, 14.7, 14.5
3, 15/11/2018 09:40:07, 55.4, 139.7, 14.2, 110321, 216.8, 22.3, 0.9, 1.2, 476.1, 357.7, 100234.1, 332.9, 42.5, 963.1, 16.5, 79.5
3, 15/11/2018 10:00:07, 65.8, 92.3, 14.6, 23036.7, 407.2, 21.7, 2.1, 4.2, 338.9, 236.3, 105071.9, 328.8, 42.1, 1052.1, 16.8, 13.9
3, 15/11/2018 10:20:07, 47.3, 78.1, 10.2, 7736.1, 179.9, 19.3, 1.2, 7.7, 256.3, 199.9, 97435.4, 292.1, 39.8, 941.4, 16.4, 13.5
3, 15/11/2018 10:40:06, 40.8, 65.9, 9.8, 6036.9, 138.4, 11.6, 1.1, 1.3, 353.3, 168.6, 94759.1, 428.8, 33.3, 738.6, 18.3, 11.3
3, 15/11/2018 11:00:07, 53.8, 99.1, 13.5, 44947.3, 193.1, 15.3, 1.3, 5.7, 379.7, 253.8, 93548.9, 374.6, 42.1, 971.3, 13.5, 16.1
3, 15/11/2018 11:19:32, 49.1, 83.7, 12.9, 3546.9, 248.6, 22, 1.2, 0.3, 321.1, 214.2, 113620.6, 348.7, 33.9, 824.6, 16.9, 14.5
3, 15/11/2018 11:39:31, 36.7, 72.6, 10, 12163.4, 142.4, 7.9, 0.7, 0.7, 247.5, 185.8, 98290.2, 224.9, 30.8, 726.5, 18.8, 10.6
3, 15/11/2018 11:59:32, 53.7, 91.4, 11, 34807.5, 220.9, 21.4, 0.9, 6.6, 332.8, 233.9, 108495.9, 195.8, 33, 815.3, 14.7, 11.4
3, 15/11/2018 12:19:31, 35.4, 46.6, 8.7, 2127.5, 81.5, 0.8, 0.6, 0.3, 167.5, 119.3, 103062, 165.5, 28.3, 643.2, 17.5, 10.1
3, 15/11/2018 12:39:32, 27.7, 35.5, 7.1, 6717.2, 95.2, 0.6, 0.5, 0.2, 107.1, 90.9, 90304.8, 258.2, 27.4, 613.9, 18.6, 9
3, 15/11/2018 12:59:31, 36.5, 52.9, 10.1, 17899.3, 197.5, 4.2, 0.7, 0.2, 174.5, 135.4, 76885, 249.9, 32.2, 717.4, 17.7, 13.8
3, 15/11/2018 13:19:31, 28.2, 40.3, 7.2, 4889.7, 104, 3.4, 0.5, 0.2, 150.3, 103.2, 67273.8, 305, 29.1, 570, 21.2, 8.5
3, 15/11/2018 13:39:31, 21.5, 26.8, 6.2, 5440.5, 103.4, 3.1, 0.5, 0, 84.2, 68.6, 67452.2, 292.3, 27.5, 510.7, 20.7, 7
3, 15/11/2018 13:59:31, 32.5, 38.1, 8.1, 18888.8, 272.7, 4.4, 0.5, 0.1, 161, 97.4, 66587.8, 317.4, 28.7, 527.3, 18.2, 9.2
3, 15/11/2018 14:19:30, 29.8, 34.6, 6.9, 7509, 149.4, 0.3, 0.5, 0.3, 123.1, 88.5, 91686.6, 681.1, 27.3, 474.2, 19.5, 8.9
3, 15/11/2018 14:39:31, 61.4, 65.4, 11.9, 8262.9, 319.8, 14.4, 0.9, 1.2, 251.6, 167.4, 103889.8, 629.1, 32.6, 708.2, 16.2, 10.4
3, 15/11/2018 14:59:31, 41.8, 52.7, 8.6, 15521.3, 243.4, 7.3, 0.5, 0, 193.5, 134.9, 149194, 221.5, 32.5, 723.5, 17.2, 8
3, 15/11/2018 15:19:31, 35.5, 48.5, 7.9, 6059.6, 220.4, 4.1, 0.5, 0, 167.8, 124, 94498.6, 233.7, 32.2, 614.6, 18.3, 11.6
3, 15/11/2018 15:39:30, 26.6, 34.6, 6.7, 30743.7, 153.7, 0.3, 0.5, 0, 122.1, 88.7, 77755.5, 346.3, 30.1, 529.2, 20.3, 10.1
3, 15/11/2018 15:59:31, 37.9, 67.4, 9.6, 51772.4, 323.8, 0.2, 0.7, 0.3, 1262.6, 172.5, 76019.5, 491.9, 32, 539.3, 20.6, 11.2
3, 15/11/2018 16:19:30, 36.4, 43.7, 10.2, 64321.6, 82.4, 2.3, 0.6, 0.5, 137.3, 112, 71103.7, 493.2, 32.9, 511.1, 23.2, 11.8
3, 15/11/2018 16:39:30, 25.3, 30.3, 7.5, 14832.5, 101.6, 0.8, 0.5, 0.1, 127.8, 77.6, 74370.9, 388.9, 32.3, 498, 19.3, 7.4
3, 15/11/2018 16:59:30, 46.7, 68.4, 13.3, 15404.9, 121.7, 10.9, 3.1, 4.5, 512.1, 175, 113022.8, 386.8, 39.1, 786.6, 15.7, 11.8
3, 15/11/2018 17:19:30, 61.3, 88.8, 15.2, 2974, 350.2, 19.9, 2.2, 0.9, 377.5, 227.4, 101126.2, 300, 44.3, 1209, 16.7, 13.3
3, 15/11/2018 17:39:30, 35.7, 53.2, 10.7, 2177.9, 144.4, 10.7, 0.7, 0.1, 227, 136.1, 82235.4, 429.3, 43.7, 1016.2, 17.8, 9.4
3, 15/11/2018 17:59:30, 39.2, 78.2, 9.1, 19710.7, 134.5, 4.8, 0.5, 1.8, 357.7, 200.3, 89472.4, 286.8, 44.5, 1074.3, 10.6, 7.9
3, 15/11/2018 18:19:29, 34.9, 51.3, 9.5, 22578.9, 137.2, 11.9, 0.6, 0.4, 185.8, 131.3, 72040.6, 356.3, 37.9, 937.7, 21, 11.1
3, 15/11/2018 18:39:30, 25.6, 37.9, 7.6, 2920.6, 623.5, 6.7, 0.5, 0, 165.6, 97, 74104.5, 340.9, 32.2, 752.5, 22, 7.5
3, 15/11/2018 18:59:30, 47.3, 66.5, 10, 16774.3, 165.2, 15.4, 1.6, 1.6, 296.3, 170.4, 84436.9, 389.3, 33.6, 848.3, 19.6, 8.7
3, 15/11/2018 19:20:30, 34.9, 49.6, 8.1, 2370, 311.8, 7, 0.9, 0.3, 350.9, 127.1, 79125.5, 243, 31.9, 1150, 13.1, 6.9
3, 15/11/2018 19:40:30, 28.8, 40.5, 7.5, 4079.1, 91.2, 1.7, 0.5, 0, 148.2, 103.6, 72196, 420, 34.8, 1088.2, 17.1, 7.6
3, 15/11/2018 19:59:29, 41.1, 54.6, 9.5, 48713.3, 263.5, 3.2, 0.7, 0, 216.5, 139.7, 81814.2, 394, 28.3, 657.4, 16.4, 8.8
3, 15/11/2018 20:19:29, 33.8, 46.7, 8.6, 59514, 111.2, 2.8, 0.5, 0, 185.8, 119.7, 84821.5, 484.3, 28.4, 570.1, 17.8, 7.7
3, 15/11/2018 20:39:29, 23.9, 30, 6.7, 71372.9, 46.7, 0.8, 0.4, 0, 109.3, 76.7, 62840.5, 479.4, 22.1, 410.8, 19.2, 8.3
3, 15/11/2018 20:59:29, 43.4, 51.5, 10, 112849.2, 169, 2.9, 0.7, 0.5, 202.4, 131.9, 80947.5, 497.1, 26.5, 584.2, 17.7, 14.7
3, 15/11/2018 21:19:29, 24, 33, 7.3, 126173, 8.8, 0.7, 0.5, 0.1, 158, 84.5, 59173, 534.7, 21.1, 440.5, 13.2, 12.5
3, 15/11/2018 21:39:29, 21.9, 28.5, 6.6, 119792.5, 16, 0.3, 0.4, 0, 106.3, 72.9, 59834.2, 531.4, 16.2, 404.1, 1.8, 12.4
3, 15/11/2018 21:59:29, 33.3, 45.5, 8, 136093.4, 40, 3, 0.5, 0, 169.2, 116.4, 70607.8, 516.2, 20.5, 496.5, 2, 18.8
3, 15/11/2018 22:19:29, 23.8, 38.6, 7.4, 136031.2, 11.3, 0.2, 0.5, 0, 114.1, 98.9, 73914, 449, 18.3, 453, 0.7, 18.9
3, 15/11/2018 22:39:29, 25.4, 40.2, 8.2, 146820.6, 25.5, 1.5, 0.5, 0, 140.4, 102.9, 60320.2, 505.3, 18.5, 480.4, 0.8, 19.8
3, 15/11/2018 22:59:29, 23.8, 47.7, 7, 102652.4, 34.6, 4.7, 0.5, 0, 217, 122.1, 59670.7, 385.5, 17, 473.7, 0.8, 17.8
3, 15/11/2018 23:20:28, 32.5, 51.7, 7.5, 111975.7, 49.6, 0.5, 0.5, 0, 234.8, 132.4, 52084.9, 440.5, 16.2, 430.6, 1.3, 15.3
3, 15/11/2018 23:40:29, 30.4, 47, 8.7, 123803.5, 103.8, 0.3, 0.6, 0.1, 176.5, 120.2, 68529.6, 518.9, 15.7, 459.6, 0.5, 17.6
4, 14/11/2018 23:59:54, 30.8, 85.5, 8.3, 49106.4, 102.3, 3.5, 0.6, 0, 440.9, 219, 70987.9, 320.1, 32.7, 562.4, 6.8, 11.7
4, 15/11/2018 00:19:53, 40, 157.4, 8.7, 12818, 80.4, 3.8, 0.6, 3, 547, 402.8, 87564.6, 252.6, 75.7, 799.4, 7, 6.5
4, 15/11/2018 00:39:53, 55.7, 200, 10.7, 9113.9, 286.9, 4.8, 0.8, 10.3, 553.2, 511.9, 82477.2, 319.5, 98, 1092.4, 7, 4.7
4, 15/11/2018 00:59:53, 65.9, 193.3, 13.2, 23943.4, 445.1, 2.7, 0.9, 3.8, 572.5, 494.7, 88996.9, 326.9, 86.5, 1002.1, 4.9, 7
4, 15/11/2018 01:19:52, 62.3, 167.2, 12.7, 11827.8, 604, 2.9, 0.8, 2.6, 499.6, 428, 90735, 173.7, 81.8, 940.3, 3.9, 8.2
4, 15/11/2018 01:39:53, 58.6, 166.5, 11.3, 14705.8, 426.7, 0.5, 0.7, 0.3, 470.1, 426.3, 73838.5, 193, 77.6, 898.4, 3.3, 8.3
4, 15/11/2018 01:59:53, 60.8, 161.5, 11.7, 22771.8, 316.6, 1.4, 0.8, 0.1, 473.1, 413.4, 64083.1, 314, 72.1, 974.3, 6.7, 11
4, 15/11/2018 02:23:53, 52.1, 151.6, 11, 22990.1, 269.1, 3, 0.7, 0.7, 537.5, 388.2, 67260.1, 456.2, 61.8, 973.6, 6.4, 10
4, 15/11/2018 02:39:53, 44.1, 125.1, 9.6, 36079.6, 155.1, 5.9, 0.7, 0.1, 477.4, 320.3, 70588.5, 223, 56, 942.5, 6.6, 13.8
4, 15/11/2018 02:59:53, 49, 107.6, 11.2, 42376.4, 292.7, 6, 0.7, 0.2, 336.1, 275.5, 74439, 253.3, 50.2, 891.9, 5.3, 16.2
4, 15/11/2018 03:19:48, 40.7, 102, 10.7, 40156.2, 196.5, 2.1, 0.7, 0.1, 314.9, 261.2, 73899.9, 261, 45.4, 820.6, 6, 19.7
4, 15/11/2018 03:39:48, 44.3, 108.4, 10.4, 30943.5, 187.4, 3.3, 0.7, 0.1, 346.8, 277.4, 77574.3, 244.1, 42.4, 893.7, 5.4, 18.9
4, 15/11/2018 03:59:48, 56.1, 120.8, 12.9, 43670, 140.8, 4.8, 1, 0.1, 358, 309.1, 111021, 216.9, 48.2, 1132.2, 5.9, 18.5
4, 15/11/2018 04:19:48, 61.2, 111.6, 12.7, 49480.7, 337.3, 5.5, 0.8, 1, 350.7, 285.6, 82560.3, 516.4, 51.4, 1031.2, 6.4, 18.9
4, 15/11/2018 04:39:48, 48.8, 97.3, 10.7, 48118.3, 335.2, 6.1, 0.7, 0, 307.7, 249.1, 89530.7, 620.3, 49.9, 999.7, 7.8, 20.3
4, 15/11/2018 04:59:47, 50.4, 89.2, 10.8, 39873.5, 433.1, 7, 0.7, 0.4, 256.9, 228.4, 109755.4, 702.4, 41.6, 973.2, 8.2, 17.7
4, 15/11/2018 05:19:48, 47.1, 93.6, 11.1, 48373.3, 586.3, 8.6, 0.7, 0.4, 304.1, 239.7, 86581.6, 691.3, 41.8, 998.2, 8.5, 16.8
4, 15/11/2018 05:39:47, 41.3, 85.7, 10.8, 38277.8, 297.5, 10.5, 0.7, 0, 255, 219.5, 82253.3, 341.4, 38.3, 924.1, 10, 17.5
4, 15/11/2018 05:59:48, 57.3, 114.9, 12.9, 42131.4, 297.8, 10.1, 0.8, 0.1, 379, 294, 86923.6, 242.2, 44.7, 1113.5, 7.9, 20.4
4, 15/11/2018 06:19:47, 74.2, 144.6, 17.6, 36603.9, 205.7, 7.5, 2.3, 0.9, 413.7, 370.3, 86993.2, 256.1, 44.4, 1077.1, 6.1, 23.9
4, 15/11/2018 06:39:47, 76.2, 138.3, 17.2, 19443, 255.3, 8.3, 2.6, 0.6, 450.7, 354, 102183.3, 217.7, 48, 1186.1, 5.8, 18.9
4, 15/11/2018 06:59:47, 72.2, 136.5, 15.7, 29381.9, 470.4, 8.5, 2, 1.5, 428, 349.5, 94829.3, 157, 50.9, 1252.7, 5.8, 22.2
4, 15/11/2018 07:20:03, 46.4, 97.2, 11.5, 25803.5, 347.6, 11.5, 0.8, 2, 337.9, 248.7, 73849.4, 177.3, 41.9, 969.6, 7.1, 17.3
4, 15/11/2018 07:40:02, 35.1, 86.6, 8.8, 27113.5, 71.5, 6.7, 0.6, 0.9, 275.9, 221.8, 62808.8, 203.3, 40.3, 915.3, 8.3, 15
4, 15/11/2018 08:00:02, 36.1, 86.3, 9.2, 29741.5, 318.3, 10, 0.6, 0.4, 268.4, 221, 62148.8, 151.8, 37.1, 865.2, 8.4, 12.9
4, 15/11/2018 08:20:01, 39.6, 82.7, 9.5, 41925.6, 217.5, 6.1, 0.7, 0.7, 260.1, 211.8, 59801.4, 151.8, 33, 686.3, 7.4, 11.3
4, 15/11/2018 08:40:02, 36, 61, 7.1, 21822.6, 188.9, 12.4, 0.5, 0.7, 193, 156.1, 76373.3, 260.1, 29.6, 618.1, 7.2, 6.1
4, 15/11/2018 09:00:01, 69, 125.6, 12.9, 53864.6, 285.1, 11.8, 1.4, 6.2, 920.3, 321.5, 72930.1, 309.4, 37.2, 810.2, 7.4, 13.4
4, 15/11/2018 09:19:57, 42.9, 84.1, 8.7, 39359.8, 136.5, 9.5, 0.6, 3.1, 599.9, 215.4, 69334.8, 346.1, 33.8, 706, 8, 10.6
4, 15/11/2018 09:40:57, 44.4, 116.3, 11, 104970.8, 141.1, 24.3, 0.7, 1.2, 383.3, 297.7, 62383.1, 322.4, 43.2, 875.2, 7.8, 63.5
4, 15/11/2018 09:59:56, 50.7, 129.2, 10.4, 32050.4, 175.8, 15.9, 0.6, 28.3, 2223.1, 330.8, 76515.5, 283.2, 46.7, 937.1, 6.9, 9
4, 15/11/2018 10:19:57, 46, 90.5, 9.7, 22876.9, 126.9, 9.7, 0.6, 24.7, 420.9, 231.8, 76917.4, 193.3, 45, 877.9, 6.2, 10
4, 15/11/2018 10:39:56, 46.6, 76.8, 8.4, 11279.3, 128.7, 12.3, 0.5, 14.7, 248, 196.6, 87120.4, 86, 35.3, 754.3, 6.3, 8.1
4, 15/11/2018 10:59:56, 47.4, 90.9, 10.1, 33864, 156.7, 9.7, 0.6, 9.9, 320.8, 232.7, 75119.7, 172.4, 38.3, 834, 6.1, 12.2
4, 15/11/2018 11:20:12, 49.1, 87.7, 12, 33125.4, 175.9, 11, 0.8, 13.6, 264.7, 224.5, 78009.2, 131.6, 37.7, 740.3, 6.9, 11.6
4, 15/11/2018 11:39:11, 48.6, 65.5, 12.7, 6068.9, 266.7, 13, 0.8, 4.4, 230.3, 167.8, 73958.5, 146.8, 36.9, 741, 5.9, 11.9
4, 15/11/2018 12:00:11, 53, 80.9, 11.2, 6854.7, 351.4, 14.5, 1.7, 5.5, 323.7, 207, 74934.2, 132.5, 35.7, 814.2, 2.7, 10.7
4, 15/11/2018 12:19:10, 51.1, 73.6, 9.4, 23399.9, 215.3, 23.8, 0.9, 0.8, 319.5, 188.4, 43433.6, 197.2, 33.3, 732.4, 2.9, 8.1
4, 15/11/2018 12:40:11, 34.2, 46.4, 7.1, 6123.5, 178.9, 6.4, 0.5, 0.1, 145.9, 118.9, 60936.9, 250.2, 27.8, 579, 0.8, 7.4
4, 15/11/2018 13:00:11, 44.7, 68, 10.4, 20408.9, 286.3, 20.6, 0.7, 0.7, 247.8, 174, 75662.3, 174.9, 30.8, 667.4, 1, 9
4, 15/11/2018 13:20:11, 41.3, 55.5, 8.3, 24682.1, 143.5, 11.2, 0.6, 0.1, 206.4, 142.1, 65955.3, 190.1, 27, 523.8, 1.7, 6.1
4, 15/11/2018 13:39:10, 42.3, 64.5, 8.8, 15238.3, 237.2, 16.9, 1.3, 0.7, 285.7, 165.1, 70562.7, 152.6, 27.9, 577.9, 1.6, 6.5
4, 15/11/2018 14:00:10, 43.7, 63.4, 10.2, 27169.6, 189.5, 15.5, 0.7, 0.1, 200, 162.2, 40746.8, 361.1, 29, 588, 1.6, 11.6
4, 15/11/2018 14:20:10, 31.2, 46.5, 6.9, 2088.1, 150.7, 18.7, 0.6, 0.2, 150.1, 119, 80545, 219.4, 24.9, 533, 1.3, 6.4
4, 15/11/2018 14:40:11, 48.3, 63.2, 8.5, 4388.2, 268.7, 20.7, 0.9, 0.8, 237.9, 161.8, 47130, 248, 30.2, 696.8, 0.6, 6.1
4, 15/11/2018 14:59:10, 55.7, 71.1, 10.3, 21713.5, 332.5, 12.9, 0.7, 0.1, 225.5, 182, 73587.3, 281.8, 36.2, 768, 1.7, 11.8
4, 15/11/2018 15:20:10, 41.3, 56.6, 7.4, 5299.4, 209.3, 19, 0.5, 0.1, 176.6, 144.8, 69390.6, 162.3, 31.7, 672.3, 0.8, 6
4, 15/11/2018 15:39:10, 45.8, 58.9, 8.8, 27174.3, 138.4, 10.3, 1.5, 0.6, 264.3, 150.7, 84729.3, 165.1, 30, 637, 1.3, 6.7
4, 15/11/2018 16:00:10, 57.3, 75.4, 11.3, 65447.1, 258.6, 19.1, 1, 0.3, 290.2, 193.1, 74861.4, 169.1, 35.7, 778.7, 1.3, 12.9
4, 15/11/2018 16:20:10, 45.6, 57.1, 7.6, 6533.7, 272.7, 12, 0.5, 0.1, 183.9, 146.1, 46412.9, 93, 30.8, 680.6, 1.3, 7
4, 15/11/2018 16:39:10, 33.5, 45.9, 6, 6147.3, 295, 19.4, 0.4, 0, 228.4, 117.5, 44561.7, 101.1, 29.8, 635.3, 1.5, 4.6
4, 15/11/2018 16:59:10, 57.9, 84.8, 10.3, 25129.7, 207.3, 17.2, 3.1, 2.1, 391.7, 217.2, 108447.8, 175.3, 37.9, 932.9, 0.8, 9
4, 15/11/2018 17:20:10, 73, 92.4, 12.1, 4565.5, 469.7, 5.1, 1.9, 1.7, 318.4, 236.5, 110440.3, 139.1, 41.5, 1335.8, 1, 7.7
4, 15/11/2018 17:40:09, 56.4, 76.8, 10.1, 5813.5, 272.5, 9.6, 0.6, 0, 270.7, 196.7, 67677.8, 247.5, 42.3, 1213.5, 1.5, 8.7
4, 15/11/2018 18:00:09, 41.5, 97.9, 8.9, 18462.7, 334.8, 12.1, 0.6, 0, 385, 250.5, 89164.7, 219.1, 42.2, 1065, 1.8, 9
4, 15/11/2018 18:20:10, 62.5, 83.6, 12.5, 5342.2, 389.3, 10.9, 2, 1.6, 357.4, 213.9, 49287, 166.5, 38.4, 981, 1.1, 10.3
4, 15/11/2018 18:39:09, 45, 57.8, 9.4, 4983, 305.9, 19.4, 0.7, 1, 261, 148.1, 72122.4, 175.1, 33.8, 876.9, 2.9, 6.4
4, 15/11/2018 18:59:10, 55.8, 71.7, 11.4, 18297, 543.8, 90.1, 0.9, 1, 304.6, 183.5, 65124.7, 206.5, 33.4, 865, 1.3, 8.6
4, 15/11/2018 19:20:09, 66.9, 89.7, 12.8, 3467.9, 537.1, 57.9, 3.2, 7.3, 441.3, 229.6, 42203.2, 349.3, 37.8, 1071.3, 3.1, 7.9
4, 15/11/2018 19:40:09, 53.3, 69.8, 10.3, 1075.3, 361.6, 59, 1.5, 1.2, 260.4, 178.6, 36083.8, 577, 39.6, 1077.3, 4.8, 6.2
4, 15/11/2018 19:59:09, 37.8, 66.6, 9.2, 31423.3, 381.1, 20.2, 0.6, 0, 236.7, 170.5, 50057, 782.2, 37.9, 812.8, 3.4, 10.7
4, 15/11/2018 20:19:09, 27.3, 53.4, 6.6, 4706.2, 204.3, 21.2, 0.5, 0.1, 247.4, 136.7, 36123.9, 722, 35.3, 819.1, 1.9, 9.5
4, 15/11/2018 20:40:09, 22.7, 36.4, 5.4, 1927.6, 156.1, 12.8, 0.4, 0, 129.6, 93.2, 65940.3, 1018.3, 25.8, 596.3, 2.3, 4.5
4, 15/11/2018 21:00:09, 38.3, 57.1, 8, 20158.1, 64.4, 4.6, 0.6, 0.1, 179.1, 146.2, 73309.3, 822.4, 28.2, 725.6, 2.4, 11
4, 15/11/2018 21:19:09, 36.1, 47, 7.7, 2210, 193.1, 40.4, 0.6, 0.1, 149.8, 120.4, 55044.5, 1101.6, 25.4, 673.1, 2.4, 7
4, 15/11/2018 21:40:09, 28.4, 35, 6.2, 1757.4, 108.7, 10.6, 0.4, 0, 118.2, 89.7, 49094.5, 996.7, 21.3, 540.4, 1.9, 4.7
4, 15/11/2018 22:00:09, 40.3, 54.5, 9.2, 21172.3, 237, 8.4, 0.6, 0.1, 187.8, 139.6, 40454.3, 956.5, 25.7, 688.4, 2.2, 13.3
4, 15/11/2018 22:19:09, 20, 33.9, 5, 3584.6, 76.6, 13.3, 0.4, 0, 184.7, 86.8, 37354.9, 1173.4, 21.8, 504.6, 2.5, 6.7
4, 15/11/2018 22:40:09, 22.1, 30.4, 4.8, 3590.7, 74.8, 14, 0.4, 0, 147, 77.8, 31952.7, 1271.5, 20.5, 439.5, 2.7, 6.1
4, 15/11/2018 23:00:09, 31.3, 49, 7, 22816, 195.6, 5, 0.5, 0, 147.1, 125.5, 86007.8, 1051.2, 26.1, 577, 2.4, 11.7
4, 15/11/2018 23:20:09, 18.7, 32.8, 5.3, 2116.7, 69.3, 8.5, 0.4, 0, 145.9, 84.1, 34883.2, 383.1, 22, 490.1, 3.3, 7.1
4, 15/11/2018 23:40:08, 26.3, 39, 7, 5253.4, 134, 10.6, 0.5, 0, 161.1, 99.7, 41925.9, 1312.9, 22.7, 522.8, 3.2, 12.8
