HOST, TIME, SNAP_ID, SYS_CPU, SYS_DBTIME, SYS_SYSPCT, SYS_READ, SYS_WRITE, SYS_REDO, SYS_OSWAIT, SYS_RMWAIT, SYS_ACTSESS_MAX, SYS_ACTSESS_AVG, SYS_PGA, SYS_PXRUNS, SYS_PXQCT, SYS_PXSRVT, SYS_UCALLS, SYS_IOWAIT
1, 03/02/2019 23:59:43, 131723, 61.6, 93.3, 17.9, 1014.7, 153.7, 32.3, 1.4, 0.6, 336, 238.8, 56859.8, 192.4, 9.7, 228.4, 122.2, 24.7
1, 04/02/2019 00:19:42, 131724, 66.2, 106.1, 19.2, 5165.4, 226.3, 38.4, 1.7, 9.8, 377.9, 271.6, 53243.6, 179.2, 15.6, 307.5, 129.5, 41.1
1, 04/02/2019 00:39:42, 131725, 50.5, 109.8, 14.8, 9683, 109.8, 19.1, 1.7, 23, 340.4, 281.1, 50350.2, 237.2, 20.9, 321.4, 93.6, 17.4
1, 04/02/2019 00:59:42, 131726, 66.4, 126.3, 19, 4323.1, 125.3, 17.4, 3.3, 18.7, 412.7, 323.4, 51005.5, 820.8, 24.2, 376.6, 93, 26.8
1, 04/02/2019 01:19:42, 131727, 65.2, 92.7, 19.2, 3242.5, 174.5, 20.3, 1.8, 13.4, 289, 237.4, 50341.3, 610, 20.7, 301.5, 124.7, 24.9
1, 04/02/2019 01:39:42, 131728, 52.3, 72, 13.7, 3818.9, 145.1, 22.2, 1.2, 8.5, 236.7, 184.2, 47268.7, 836.5, 17.9, 258, 128.2, 12.5
1, 04/02/2019 02:00:42, 131729, 45.4, 66, 12, 1126.8, 148, 31.2, 1, 8.6, 272.4, 168.9, 45764.8, 669.4, 12.9, 162.6, 134.1, 8.2
1, 04/02/2019 02:19:42, 131730, 52.3, 60.7, 12.9, 5659, 128.5, 25.4, 1.1, 6.6, 215, 155.4, 56021.1, 617.7, 13.3, 174.9, 124.7, 7.5
1, 04/02/2019 02:39:42, 131731, 79.2, 97.5, 15.8, 6556.6, 119, 16.8, 3.3, 11.9, 309.6, 249.6, 73242.5, 270.2, 20.5, 365.4, 93, 11.5
1, 04/02/2019 02:59:42, 131732, 63.2, 82.1, 13, 5394.8, 158.7, 13.6, 2.1, 9.2, 288.7, 210.1, 69153.8, 276.5, 15.5, 286.6, 79.1, 9.5
1, 04/02/2019 03:19:42, 131733, 30, 57.1, 8, 4598, 167.4, 15.4, 0.8, 0, 248.7, 146.1, 61775.2, 189, 11.3, 162, 65.5, 25.4
1, 04/02/2019 03:39:42, 131734, 27.4, 40.7, 7.5, 887.4, 164.1, 19.7, 0.8, 0, 170.4, 104.1, 52742.6, 187.4, 7.2, 95.2, 70.5, 13.3
1, 04/02/2019 03:59:42, 131735, 28.7, 37.7, 7.8, 3171.4, 246.8, 13.3, 0.7, 0.1, 163.4, 96.5, 75758.1, 292.9, 7.9, 120, 68.9, 8.5
1, 04/02/2019 04:20:41, 131736, 24.1, 28.1, 6.8, 322.6, 301.2, 15.6, 0.7, 0, 156.7, 72, 72123, 187.3, 6.1, 86.1, 75.4, 5.6
1, 04/02/2019 04:39:42, 131737, 22.3, 44.5, 7.4, 462.4, 98.1, 17.8, 0.8, 0, 232.6, 113.9, 68218.1, 201.6, 4.7, 59.6, 70.8, 8.2
1, 04/02/2019 04:59:41, 131738, 25, 40.5, 8.1, 570.4, 114.1, 21, 0.8, 0, 218.3, 103.8, 50532.6, 160.1, 5.5, 79.7, 79.6, 9.5
1, 04/02/2019 05:19:41, 131739, 33.5, 50.7, 10.2, 1749.8, 158, 26, 0.9, 0, 236.9, 129.7, 45398.6, 205.6, 7.2, 103.6, 82.3, 9
1, 04/02/2019 05:39:42, 131740, 32.4, 39.3, 10.1, 475.7, 176.8, 29.7, 1, 0, 147.4, 100.6, 45358.2, 194.5, 5.1, 68.3, 95.2, 10.2
1, 04/02/2019 05:59:42, 131741, 51.8, 69.1, 14.1, 1086.2, 256.4, 35.1, 1.2, 0, 299.2, 177, 45016.6, 157.2, 6.1, 127.4, 107.8, 17.5
1, 04/02/2019 06:19:41, 131742, 33.2, 61.5, 10, 1784, 207.1, 23.3, 0.9, 0, 298.8, 157.4, 48757.1, 206.7, 7.5, 114.3, 88.1, 18
1, 04/02/2019 06:39:41, 131743, 24.1, 60.9, 7.5, 368.4, 158.8, 24.6, 0.8, 0, 309.4, 155.8, 48217.4, 190.4, 4.3, 56.9, 89.8, 15.7
1, 04/02/2019 07:00:40, 131744, 41.6, 76.4, 12.6, 173.3, 271.2, 44.6, 1.1, 0, 323.2, 195.6, 45955.1, 219, 3.4, 32, 152.3, 16.1
1, 04/02/2019 07:19:41, 131745, 36.7, 47.9, 11.1, 264.8, 276.7, 49, 1, 0, 196.1, 122.5, 44127, 170.1, 3.8, 29.5, 138.3, 6.8
1, 04/02/2019 07:39:41, 131746, 31.6, 42.6, 9.5, 61.7, 246.5, 47.8, 0.9, 0, 163, 109.1, 44165.6, 174.3, 3.2, 20.1, 121.8, 6
1, 04/02/2019 07:59:41, 131747, 43.7, 71.9, 11.3, 7562.6, 292.4, 39.2, 1.1, 0.1, 341.6, 184, 48351.2, 200.4, 11.7, 176, 114.1, 8.4
1, 04/02/2019 08:19:40, 131748, 26.6, 35.9, 8.2, 255.2, 189, 38.6, 0.9, 0, 164.4, 91.8, 46095.6, 158.2, 7.3, 80.6, 125, 5.5
1, 04/02/2019 08:40:40, 131749, 28.6, 46.3, 8.3, 222.6, 226.3, 41.5, 0.9, 0, 223.2, 118.6, 44559.2, 151.9, 4.2, 35.6, 126.9, 5.1
1, 04/02/2019 08:59:41, 131750, 32.4, 51, 9.7, 2813.3, 217.6, 46.2, 0.9, 0.1, 229.4, 130.5, 44770.1, 260.2, 5.8, 83.6, 134.4, 7.8
1, 04/02/2019 09:19:41, 131751, 29.8, 44.7, 9.2, 166, 239.3, 52.3, 0.9, 0, 284.5, 114.5, 44190, 196.3, 4, 31.7, 151.7, 6.6
1, 04/02/2019 09:39:40, 131752, 34.8, 59, 10.1, 1286.1, 255.4, 54.7, 1, 0, 275.5, 151, 52329.3, 232.1, 4.8, 52.6, 150.4, 6.5
1, 04/02/2019 09:59:40, 131753, 40.4, 72.6, 11.6, 702.8, 269.3, 50.1, 1.1, 0, 321, 185.8, 49974.8, 178.7, 6.5, 112.1, 140.7, 9.5
1, 04/02/2019 10:19:40, 131754, 42.1, 50.2, 11.9, 546.9, 289.3, 56.4, 1, 0, 251.1, 128.4, 48316.3, 255.8, 5.2, 72.4, 158.3, 7.5
1, 04/02/2019 10:39:40, 131755, 29.9, 53.3, 9.3, 41.5, 238.6, 53.1, 1, 0, 308.9, 136.4, 44281.4, 167.8, 3.2, 21.8, 149.2, 5.7
1, 04/02/2019 10:59:40, 131756, 30.5, 43.7, 9.3, 31.4, 246.9, 55.3, 1, 0, 258, 111.7, 44399.1, 167.1, 3.3, 20.3, 150.7, 7.2
1, 04/02/2019 11:19:40, 131757, 45.2, 60.6, 12.5, 1762.2, 301.4, 57.5, 1.1, 0.1, 228.3, 155.2, 49426.9, 297.6, 6.3, 98.8, 154.5, 7.6
1, 04/02/2019 11:39:40, 131758, 46.9, 48.2, 13.3, 484, 324.1, 65.2, 1.2, 0, 184.9, 123.3, 49703.9, 254, 5.3, 69, 166.3, 7.6
1, 04/02/2019 11:59:40, 131759, 46.5, 45.8, 13.5, 431.3, 329.3, 65.2, 1.2, 0, 170.6, 117.2, 46325.8, 188.9, 4.6, 45.3, 182.8, 9.3
1, 04/02/2019 12:19:40, 131760, 48.3, 69.3, 13.7, 1286.2, 311.9, 62.1, 1.2, 0.1, 294.3, 177.3, 51892.5, 307.7, 6.5, 89.4, 161.5, 7.2
1, 04/02/2019 12:39:40, 131761, 57, 69.5, 16.1, 590.8, 341.3, 65.5, 1.3, 0, 273.3, 178, 49613, 226.2, 6.6, 86.4, 162.8, 11.7
1, 04/02/2019 12:59:39, 131762, 60, 62.6, 16, 461.8, 382.5, 73.6, 1.5, 0, 263, 160.4, 45597.2, 181.9, 5.4, 54.4, 171.3, 10.7
1, 04/02/2019 13:19:40, 131763, 53.5, 56.7, 14, 1390, 328.1, 71.2, 1.2, 0, 301.1, 145.1, 51120.9, 209.1, 6.1, 69.3, 144.2, 8.1
1, 04/02/2019 13:39:40, 131764, 52.7, 65.4, 13.9, 1146.9, 349.5, 72.6, 1.2, 0, 310.1, 167.4, 46557, 212.9, 6.3, 78, 146.2, 7.7
1, 04/02/2019 13:59:40, 131765, 37.5, 60.8, 11.1, 395.8, 286, 56.4, 1, 0, 255.3, 155.5, 48268.1, 181.9, 4.9, 55.2, 136.8, 6.8
1, 04/02/2019 14:20:39, 131766, 37.2, 66.8, 11, 1264.8, 247.2, 52.2, 1.1, 0, 266.3, 170.9, 47278, 235.7, 6.1, 81.4, 132.5, 5.1
1, 04/02/2019 14:39:39, 131767, 33.1, 50.9, 10.7, 587.2, 253.1, 49.5, 1, 0, 225.9, 130.4, 44694.9, 241.2, 4.5, 53.1, 127.5, 9.2
1, 04/02/2019 14:59:39, 131768, 37.2, 51.1, 11.2, 141.4, 271.5, 57, 1, 0, 260.8, 130.9, 44627.8, 185.2, 4.7, 29.4, 140.3, 8.1
1, 04/02/2019 15:19:39, 131769, 29.3, 51.1, 9.4, 51.4, 234.8, 52.1, 0.9, 0, 266.9, 130.7, 44679.1, 222.9, 5.1, 30.2, 115, 7.9
1, 04/02/2019 15:39:40, 131770, 33.6, 67.2, 10, 1411.3, 267.2, 50.9, 0.9, 0, 305.4, 171.9, 50546.2, 275.3, 7.2, 88.9, 101.6, 6.9
1, 04/02/2019 15:59:39, 131771, 52, 70.8, 13.7, 1386.6, 373.4, 58, 1.1, 0.5, 262.6, 181.3, 63377.5, 194, 9, 141.7, 119.2, 9.6
1, 04/02/2019 16:19:39, 131772, 54.2, 66.3, 14, 773.8, 483.2, 68.9, 1.2, 0.1, 310.2, 169.7, 73450.9, 167, 8, 114.5, 118.9, 7.2
1, 04/02/2019 16:39:39, 131773, 49, 56.8, 12.4, 960.4, 490, 56.6, 1, 0, 277.3, 145.4, 92430.9, 175.2, 6.9, 89.6, 112.5, 7.4
1, 04/02/2019 16:59:39, 131774, 85.5, 107.2, 17.7, 6594.6, 428.8, 46.6, 7.2, 1.1, 427.8, 274.4, 99524.7, 193.7, 18.1, 271.9, 108.7, 10.5
1, 04/02/2019 17:19:39, 131775, 86.3, 144.8, 18.1, 6391.1, 385.4, 44.7, 15.6, 16.1, 511.6, 370.8, 77531.3, 314.9, 26, 539.8, 91.9, 8.1
1, 04/02/2019 17:39:39, 131776, 85.1, 104.8, 17.9, 4153.4, 491.1, 52.1, 10.4, 10.2, 363.1, 268.4, 97412.1, 311.9, 22.8, 398.1, 101.4, 8.4
1, 04/02/2019 17:59:39, 131777, 79.3, 105.3, 19.3, 7765.3, 467.6, 55.8, 5.5, 3.4, 393.4, 269.7, 93761.6, 297.4, 24.5, 392.9, 112, 22.1
1, 04/02/2019 18:19:38, 131778, 82.2, 94.8, 18.8, 2189.8, 515.9, 54.1, 8.3, 8.1, 348.3, 242.8, 82605.2, 294.1, 18.3, 298.7, 106.3, 18.8
1, 04/02/2019 18:39:38, 131779, 79.1, 86.1, 18.4, 2822.9, 860.6, 53.6, 2.4, 0.3, 274.2, 220.5, 88113.5, 502.3, 12.4, 199.5, 122.9, 15.2
1, 04/02/2019 18:59:39, 131780, 60.1, 71.7, 13.7, 1840.3, 651.7, 48, 1.2, 5.9, 293.9, 183.6, 78982.9, 335.5, 9.4, 193.4, 86.6, 9.9
1, 04/02/2019 19:19:38, 131781, 52.1, 59.1, 12.7, 1367.5, 504.8, 48.2, 1, 1.5, 223.8, 151.3, 73877.4, 330.9, 7.7, 129.5, 80.9, 6.1
1, 04/02/2019 19:39:38, 131782, 45.9, 42.9, 10.8, 660.8, 283.8, 37.7, 0.9, 0.2, 175.1, 109.8, 75936.3, 316.9, 5.5, 89.6, 69.1, 7
1, 04/02/2019 19:59:39, 131783, 63.7, 91.5, 13.5, 1923.7, 258.2, 29.9, 1.1, 7.6, 360.3, 234.3, 93390.9, 303.2, 14.1, 327.9, 54.8, 8.9
1, 04/02/2019 20:19:38, 131784, 60.6, 109.7, 15, 1942.7, 379.2, 25.2, 1.4, 12.7, 428.5, 280.8, 96423.4, 212.9, 17.4, 453.4, 47.2, 10.1
1, 04/02/2019 20:39:38, 131785, 60.1, 75.9, 16.9, 2152.9, 423.1, 21.1, 1.2, 9.4, 243.3, 194.2, 83135.6, 266.2, 14.4, 369.2, 39.4, 13.6
1, 04/02/2019 20:59:38, 131786, 60.3, 77.7, 13.1, 1374.4, 280.7, 17.5, 1, 0.3, 280, 198.9, 105603.2, 171.9, 15.1, 368, 36.1, 16.9
1, 04/02/2019 21:19:38, 131787, 69.8, 73.9, 14.5, 2407.9, 411.3, 17.3, 1, 0.9, 242.4, 189.1, 66581.5, 214.6, 14.1, 342.5, 32.5, 9.9
1, 04/02/2019 21:39:37, 131788, 64.3, 68.2, 13.9, 2449.9, 264.9, 17.8, 1.1, 1.4, 232.2, 174.7, 69466.9, 221.7, 12.5, 305.5, 34.1, 10.5
1, 04/02/2019 21:59:38, 131789, 52.3, 84.5, 11.2, 1693, 329.3, 12, 0.8, 0.8, 304.2, 216.2, 75924.8, 186.3, 12.5, 334.2, 24.5, 9.6
1, 04/02/2019 22:19:37, 131790, 48.7, 59.9, 10.4, 980.3, 231.6, 10.3, 0.8, 0.1, 209.8, 153.4, 111805.6, 179.8, 10.3, 274.8, 27.7, 7.7
1, 04/02/2019 22:39:38, 131791, 44.1, 54.2, 10.4, 1318.2, 326.8, 11.3, 0.9, 0.1, 236.6, 138.9, 65467.3, 163.3, 8, 221.9, 35.9, 8.9
1, 04/02/2019 22:59:37, 131792, 44.3, 57.5, 11.1, 1162, 141.9, 18.2, 1, 0, 211, 147.3, 89497.7, 184.5, 7.7, 227, 36.6, 11.3
1, 04/02/2019 23:19:37, 131793, 55.2, 72.9, 14.6, 3468.3, 200.8, 15.6, 1.1, 2.5, 258.1, 186.5, 71430.8, 281.4, 11.1, 331.2, 32.3, 15.6
1, 04/02/2019 23:39:37, 131794, 41.9, 52.6, 11.9, 1497, 155.6, 15.8, 1, 0.6, 177.5, 134.7, 53545.3, 177.1, 7.8, 228.5, 57.7, 12.3
2, 04/02/2019 00:00:10, 131723, 47.3, 69.5, 11.1, 2357.7, 349.3, 40.1, 0.8, 0.3, 240.2, 177.8, 62397.2, 341.5, 8.8, 147.4, 150.3, 13.9
2, 04/02/2019 00:20:10, 131724, 47, 84.6, 10, 8972.2, 274.3, 45.3, 0.8, 8.5, 407.5, 216.6, 70823.1, 213.2, 13.3, 197.7, 160, 21.3
2, 04/02/2019 00:40:09, 131725, 55.1, 131.3, 11.5, 6425.7, 312.8, 24.9, 0.8, 18.2, 402.2, 336.1, 69006.4, 275.9, 20.8, 241.5, 117.2, 8.7
2, 04/02/2019 00:59:09, 131726, 56.5, 132.9, 12.3, 2765.1, 262.6, 21.5, 0.8, 1.7, 400.2, 340.2, 82653.5, 310.7, 17, 231.4, 95.8, 13.5
2, 04/02/2019 01:20:09, 131727, 69, 114.9, 13.4, 58849, 170, 22, 2.4, 4.5, 370.7, 294, 72652.4, 265.4, 19, 309.4, 112.3, 13.1
2, 04/02/2019 01:40:09, 131728, 71.9, 106.6, 13.5, 84273.8, 189.7, 22.9, 2, 3.4, 306.8, 272.8, 52424.4, 332.8, 20.6, 394.2, 109.2, 5.6
2, 04/02/2019 02:00:09, 131729, 47.1, 86.7, 10.7, 7984.4, 123.7, 18.4, 0.8, 0.1, 350.3, 221.9, 43323.9, 299.1, 14.8, 187.8, 88.1, 5.7
2, 04/02/2019 02:20:08, 131730, 40.9, 69.1, 9, 848.7, 130.6, 20, 0.7, 0, 211.1, 177, 39741.3, 266.8, 11.1, 117.2, 89.2, 3.5
2, 04/02/2019 02:40:08, 131731, 41.3, 72, 9.5, 7966.5, 104.8, 20.4, 0.7, 0, 231.6, 184.2, 41960.4, 210.1, 13.4, 154, 95, 9.1
2, 04/02/2019 03:00:09, 131732, 59.1, 77, 11.9, 5221.6, 145.5, 22.1, 0.8, 0, 253.1, 197.2, 43038.8, 212, 14.5, 203.4, 107.9, 7.7
2, 04/02/2019 03:19:08, 131733, 44.2, 50.6, 10, 829.7, 180.3, 31.7, 0.8, 0, 151.5, 129.5, 40093.5, 168.2, 9.6, 127.8, 183.7, 8.1
2, 04/02/2019 03:40:08, 131734, 41, 46.3, 10.3, 97.8, 134.2, 30.6, 0.8, 0, 138, 118.4, 38201.3, 202.7, 8.9, 85.8, 197.6, 8
2, 04/02/2019 04:00:08, 131735, 45.8, 62.9, 10, 1569.5, 285.3, 21.5, 0.8, 0.1, 229.8, 161.1, 70781.1, 3429, 11.2, 137, 112.2, 4.8
2, 04/02/2019 04:20:08, 131736, 43.3, 47.9, 9.4, 157.9, 362.3, 21.7, 0.7, 0, 174.3, 122.6, 69451.5, 154.8, 8.5, 98.3, 129.3, 3.7
2, 04/02/2019 04:39:08, 131737, 32.5, 56.7, 7.1, 162.2, 164.3, 21, 0.6, 0, 226.3, 145.2, 69206.3, 4736.5, 6.2, 54.2, 107.8, 3.9
2, 04/02/2019 05:00:08, 131738, 27.7, 38.1, 5.9, 615.5, 83.2, 15.3, 0.5, 0.1, 197.3, 97.6, 39402.7, 2011, 6.6, 64.5, 62.8, 3.7
2, 04/02/2019 05:20:09, 131739, 33.5, 43, 7.3, 1436.8, 126.2, 17.7, 0.6, 0, 162, 110.2, 41391.3, 209.6, 7, 89, 81.2, 3.5
2, 04/02/2019 05:40:08, 131740, 29.3, 31.3, 6.4, 315.1, 89.1, 14.1, 0.5, 0, 98.7, 80.1, 37527.7, 161.5, 5.7, 55.9, 49.2, 3.8
2, 04/02/2019 06:00:08, 131741, 66.2, 101.9, 12.1, 2368.6, 444.8, 16.2, 0.7, 9.4, 357.5, 260.8, 108330.4, 192.8, 13, 256.5, 52.7, 6.8
2, 04/02/2019 06:20:08, 131742, 75, 109.6, 11.6, 2366.8, 363.6, 16.3, 3.5, 12, 353.4, 280.6, 82817.2, 244.4, 16.8, 361.9, 51.7, 4.8
2, 04/02/2019 06:40:08, 131743, 65.3, 80, 9.4, 595, 185.6, 17.1, 0.6, 2.2, 326.4, 204.9, 73837.5, 212.4, 12.2, 237.2, 47.1, 5.5
2, 04/02/2019 06:59:08, 131744, 74.7, 111.9, 10.7, 7039.5, 331.6, 21.6, 0.9, 2.1, 459.3, 286.5, 74351.1, 173.4, 13.6, 281.5, 58.6, 4.4
2, 04/02/2019 07:20:08, 131745, 77, 122.2, 11.9, 738.8, 501.3, 27.5, 1.1, 7, 532.8, 312.8, 68365, 130.8, 13.9, 293.5, 78.5, 4.7
2, 04/02/2019 07:40:08, 131746, 68.2, 98.6, 10.8, 666.8, 301, 26, 0.8, 2.4, 293.9, 252.4, 67020.9, 153.4, 13.4, 268.3, 81.6, 4.5
2, 04/02/2019 07:59:08, 131747, 64.9, 107.6, 12.2, 26734.1, 270.6, 29.9, 4.4, 5.9, 359.8, 275.4, 76516.7, 322.6, 14.1, 292.4, 79.9, 8.7
2, 04/02/2019 08:19:07, 131748, 73.8, 127.6, 13.2, 64852.2, 274.6, 34.9, 5.5, 18.5, 394.9, 326.7, 59409.5, 286.3, 16, 390.2, 85, 5.6
2, 04/02/2019 08:40:07, 131749, 60.7, 94.1, 11, 70632.8, 261.5, 36.4, 0.9, 0.1, 303.4, 240.9, 53804.4, 199.7, 9.8, 200.6, 109.4, 5.1
2, 04/02/2019 08:59:07, 131750, 62.4, 101.8, 12.8, 12526.1, 344.5, 39.7, 0.9, 0.4, 344, 260.7, 71606.3, 243.1, 12.5, 209.4, 107.9, 8.9
2, 04/02/2019 09:19:08, 131751, 55, 93.8, 11.6, 16735.7, 262, 45.1, 0.9, 0, 332.7, 240.1, 49159.7, 160.8, 9.9, 150.2, 125, 7.8
2, 04/02/2019 09:40:07, 131752, 51.9, 84.8, 11.2, 1065.5, 242, 49.5, 0.8, 0, 320.5, 217, 52654.5, 248.1, 8.9, 130.3, 145.4, 6
2, 04/02/2019 09:59:07, 131753, 52.9, 97.1, 11.4, 1077.2, 255, 48.6, 0.8, 0, 359.5, 248.6, 49391.3, 245.5, 10.4, 161.4, 133.3, 8.1
2, 04/02/2019 10:19:07, 131754, 58.5, 82, 11.9, 267.6, 271, 48.3, 0.9, 0, 300.4, 210, 49835.1, 179.9, 8.2, 110, 141.3, 5.5
2, 04/02/2019 10:39:08, 131755, 50.4, 95.8, 11.6, 385.3, 232.8, 47.1, 0.9, 0, 350.6, 245.4, 49634.4, 154.4, 8.1, 108.2, 131.9, 6.8
2, 04/02/2019 11:00:07, 131756, 51.3, 91.4, 11.6, 352.7, 239.3, 50, 0.9, 0, 342.4, 233.9, 49006.9, 215.8, 8.1, 109.8, 135, 8.8
2, 04/02/2019 11:20:07, 131757, 58.3, 95.5, 13.5, 1916.1, 245, 49, 1, 0, 307, 244.5, 53753.1, 378.3, 11.2, 206.3, 140.8, 8.1
2, 04/02/2019 11:40:07, 131758, 54.6, 79.3, 12.4, 296.1, 251, 55.2, 0.9, 0, 251.3, 203.1, 57699.2, 800.3, 8.9, 155.1, 142.8, 7.1
2, 04/02/2019 11:59:07, 131759, 52.9, 83.7, 12.5, 428.9, 268.7, 51.5, 1, 0, 248.6, 214.3, 49866.6, 532.9, 9.4, 137.7, 141.5, 14.6
2, 04/02/2019 12:19:07, 131760, 56.4, 100.8, 11.4, 1784.1, 278.8, 46.6, 0.8, 0.2, 334.8, 258.1, 48379.1, 568.9, 11.2, 161.9, 137.5, 10.8
2, 04/02/2019 12:40:07, 131761, 53.1, 89, 10.7, 427.6, 262.7, 48.8, 0.9, 0, 275.6, 227.8, 47357.2, 486.9, 10.4, 133.4, 147, 9.8
2, 04/02/2019 13:00:06, 131762, 48.2, 77.1, 10.2, 92.2, 268.8, 50.4, 0.8, 0, 269, 197.3, 46336.5, 476.4, 9.6, 112.1, 152, 10.1
2, 04/02/2019 13:20:07, 131763, 45.7, 80.3, 10.2, 1009.5, 279.7, 48.4, 0.8, 0.1, 281.3, 205.6, 50014.6, 500, 9.7, 120.5, 138.4, 9.9
2, 04/02/2019 13:40:07, 131764, 48.1, 92.5, 10.8, 808.6, 284.8, 47.7, 0.8, 0, 328.5, 236.9, 51591.4, 486.4, 10.8, 166.3, 125.9, 10.9
2, 04/02/2019 13:59:06, 131765, 41.3, 91.2, 9.2, 556.2, 280.2, 48.5, 0.8, 0, 270.6, 233.5, 50273.5, 487.8, 10.1, 121.8, 126.5, 9.9
2, 04/02/2019 14:20:06, 131766, 46.6, 105.2, 9.9, 1539.2, 310.4, 47.5, 0.8, 0, 374.2, 269.3, 51102.4, 527.6, 11.8, 174.9, 115.1, 9
2, 04/02/2019 14:40:07, 131767, 48.6, 98.9, 10.3, 661.4, 305.5, 43.1, 0.8, 0, 309.1, 253.2, 49661.5, 493.2, 10.6, 141, 114, 10
2, 04/02/2019 15:00:07, 131768, 48.7, 91.8, 10.3, 847.5, 312, 48.2, 0.8, 0, 299.9, 235, 40120.6, 493.1, 10.5, 117, 121.5, 10.8
2, 04/02/2019 15:20:06, 131769, 43.4, 90.3, 9.4, 536, 305.8, 45, 0.7, 0, 345.9, 231.1, 41170.6, 471.3, 9.2, 76.2, 120.7, 11.5
2, 04/02/2019 15:40:06, 131770, 44, 101.7, 10.2, 1937.8, 325.9, 42.7, 0.8, 0.2, 325.5, 260.4, 41366, 543, 10.4, 124.5, 122.3, 10.6
2, 04/02/2019 16:00:06, 131771, 54.2, 98.3, 11.8, 1640.3, 512.5, 51.8, 0.8, 0.2, 304.9, 251.6, 71917.3, 548.7, 14.1, 211.8, 122, 11.3
2, 04/02/2019 16:20:06, 131772, 51.3, 95.4, 11.1, 1192.4, 499.8, 55.9, 0.8, 0, 339.6, 244.3, 89532.7, 491.1, 15, 247.8, 110, 10.7
2, 04/02/2019 16:40:06, 131773, 54.5, 90.1, 10.6, 567.9, 441.1, 58.1, 0.8, 0.2, 312.5, 230.6, 95541.5, 502, 16.7, 318.2, 107.3, 9.6
2, 04/02/2019 17:00:06, 131774, 52.5, 95.3, 10.4, 762.7, 479.1, 78.6, 0.8, 0, 325.8, 243.9, 94045, 525.6, 18.7, 386.3, 110.5, 10.7
2, 04/02/2019 17:20:05, 131775, 56.1, 102.8, 10.7, 559, 545.5, 88.4, 0.8, 0.3, 368.5, 263.1, 92773.7, 504.6, 19.6, 400.1, 100, 8.7
2, 04/02/2019 17:40:06, 131776, 49.4, 85.1, 9.4, 837.7, 472.1, 85.2, 0.7, 0.1, 279.5, 217.7, 72237.6, 620.1, 16.3, 303.7, 93.5, 8.8
2, 04/02/2019 18:00:05, 131777, 45.4, 77.2, 8.9, 404.4, 435.4, 92.3, 0.7, 0, 231.1, 197.5, 50875.7, 677.7, 15.5, 250.1, 103.7, 11.3
2, 04/02/2019 18:20:06, 131778, 46.1, 81, 9.2, 1168.7, 447.4, 71.3, 0.7, 0, 263.5, 207.5, 71141.4, 638.3, 9.9, 132, 94.3, 9.8
2, 04/02/2019 18:40:06, 131779, 44.9, 78.1, 8.4, 779.8, 436.2, 61.6, 0.6, 0, 261.2, 199.9, 74531.5, 505.6, 9.7, 108.9, 81.1, 9.5
2, 04/02/2019 19:00:05, 131780, 49.7, 86.8, 10, 2261.2, 349.8, 40.2, 0.7, 1.4, 284.8, 222.1, 80116.4, 694.5, 11.8, 172, 79.2, 10
2, 04/02/2019 19:20:05, 131781, 49.7, 87.5, 9.8, 1136.7, 378.7, 35.7, 0.7, 0.3, 283.1, 224.1, 73832, 600, 11.4, 163.5, 79.3, 8.5
2, 04/02/2019 19:40:06, 131782, 44.6, 72.7, 8.5, 1116.6, 349.8, 26.1, 0.6, 0, 222.7, 186.2, 85691.3, 618.5, 9.9, 134.9, 71.7, 8.9
2, 04/02/2019 20:00:05, 131783, 43.7, 82.7, 8.7, 7935.2, 412, 22.7, 0.6, 0.5, 293.3, 211.6, 90617.5, 732.1, 12.6, 224.5, 72.4, 9.6
2, 04/02/2019 20:20:05, 131784, 53.4, 104.1, 12.3, 2197, 412.2, 20.2, 0.9, 1.8, 342.5, 266.5, 88088.7, 553.3, 15.1, 296.4, 59.1, 14.6
2, 04/02/2019 20:40:04, 131785, 58.9, 92.1, 15.3, 967.5, 330.6, 21.8, 1.1, 0.6, 267.2, 235.8, 73794.3, 490.6, 14.2, 254, 66.7, 19.3
2, 04/02/2019 21:00:05, 131786, 61.4, 90.2, 15.2, 848.4, 203.8, 35, 1.1, 0.1, 296.1, 230.8, 83188, 510.1, 11.7, 210.6, 124.3, 20.5
2, 04/02/2019 21:20:05, 131787, 64.7, 86.4, 15.9, 1411.9, 260.4, 29.8, 1.1, 0.9, 255.2, 221.1, 64178.8, 764.6, 11, 215.5, 98.1, 16.5
2, 04/02/2019 21:39:04, 131788, 59.1, 83.4, 14.2, 916, 167.1, 24.9, 1, 3, 264.2, 213.6, 71241.4, 476.1, 11.1, 213.8, 93.2, 16.7
2, 04/02/2019 22:00:05, 131789, 59.7, 108, 13.9, 2819.5, 208.8, 27.4, 1, 4.7, 303.2, 276.5, 56365.4, 516.8, 14.7, 286.1, 94.1, 16
2, 04/02/2019 22:20:05, 131790, 61.4, 85.3, 15.7, 1181.1, 235.6, 33.1, 1.1, 0, 284, 218.4, 53961.8, 461.8, 11.6, 213.4, 123.1, 16.5
2, 04/02/2019 22:40:05, 131791, 62.2, 84.6, 14.3, 948.5, 466.5, 28.6, 1, 0.3, 279.3, 216.6, 73904.2, 462.7, 12.8, 255.2, 91.5, 13.6
2, 04/02/2019 23:00:05, 131792, 80.9, 104.1, 17, 1916.6, 490.5, 29.1, 1.6, 6.4, 342.2, 266.5, 67696.1, 518, 19.3, 363.1, 102, 14.8
2, 04/02/2019 23:20:04, 131793, 72.3, 94, 15.1, 2013.8, 532.4, 26.4, 1.6, 12.4, 300.1, 240.7, 64350.8, 306.6, 19.1, 373.3, 85.6, 7.8
2, 04/02/2019 23:40:04, 131794, 67.6, 80.3, 15.7, 1329.4, 560.8, 28.3, 1.1, 7.7, 267.6, 205.6, 61819.2, 178.7, 16, 282.1, 128.1, 9.6
3, 04/02/2019 00:00:10, 131723, 29.2, 46, 6.7, 31217.3, 218.5, 1.2, 0.5, 0.1, 227.6, 117.9, 48693.6, 206.3, 21.2, 351, 3.4, 11.3
3, 04/02/2019 00:20:09, 131724, 35.4, 63.8, 7.3, 29735.2, 98.5, 1.6, 0.5, 0.5, 256, 163.2, 66173.7, 641.9, 38.7, 394.9, 5.4, 17.9
3, 04/02/2019 00:40:10, 131725, 62.3, 76.3, 11, 7307.5, 201.4, 1.1, 0.8, 6.4, 232.9, 195.3, 73340, 812, 39.7, 528.2, 5.3, 7.1
3, 04/02/2019 00:59:10, 131726, 61.3, 84.2, 11.6, 25830, 375.4, 1.2, 0.9, 10.5, 278.3, 215.6, 89942.8, 305.5, 42.1, 565.1, 4.1, 7.8
3, 04/02/2019 01:20:10, 131727, 54, 62, 9.8, 7142.7, 345.4, 0.4, 0.7, 7.3, 225.4, 158.6, 92571.8, 112, 31.5, 416.6, 3.8, 6
3, 04/02/2019 01:40:10, 131728, 44.8, 51.5, 8.1, 7110.9, 250.2, 0.1, 0.6, 7.3, 163.4, 131.8, 81579.4, 68.6, 26.4, 387.3, 4.7, 7.5
3, 04/02/2019 02:01:10, 131729, 54.6, 62.4, 9.9, 6507.5, 443.3, 0.8, 0.7, 7, 220.8, 159.7, 74968.1, 141.1, 28, 468.7, 3.6, 8.7
3, 04/02/2019 02:20:09, 131730, 32.4, 37.3, 7.1, 7085.6, 281.1, 2.4, 0.5, 2.8, 148.3, 95.6, 58779.9, 110.9, 22.8, 351.1, 5, 7.5
3, 04/02/2019 02:40:10, 131731, 20.3, 27.8, 5.3, 6272, 93.8, 1.7, 0.4, 0.7, 98.6, 71.2, 54241.4, 90.2, 15.8, 235.9, 4.1, 12.6
3, 04/02/2019 03:00:09, 131732, 34.6, 45.4, 8.5, 26771, 210.1, 4.9, 0.6, 0.3, 202.3, 116.3, 55708.3, 161.2, 23.5, 358.4, 3, 10.7
3, 04/02/2019 03:19:09, 131733, 37.7, 90.6, 8.4, 84396.6, 306.6, 5.2, 0.7, 2.2, 446.5, 231.9, 63139.1, 188.6, 23.2, 525.8, 5.7, 56.2
3, 04/02/2019 03:39:30, 131734, 31.3, 70.3, 7.1, 61796.2, 176.3, 3.4, 0.5, 0.7, 297.7, 180, 76388, 141.9, 24.9, 414.6, 3.2, 41
3, 04/02/2019 04:00:29, 131735, 48.4, 51.9, 10.2, 11441.7, 402.9, 5.2, 0.7, 0.9, 190.9, 132.8, 103512.5, 290.5, 25.5, 370.1, 5.3, 9.1
3, 04/02/2019 04:20:29, 131736, 77, 77.8, 14.7, 9392.4, 515.4, 6.6, 3.2, 2.1, 294.2, 199.2, 94301.2, 1134, 30.5, 546.8, 5.6, 7.9
3, 04/02/2019 04:39:29, 131737, 59.1, 75.8, 10.7, 5481.6, 286.7, 9.4, 0.9, 0, 266.7, 194, 103354.8, 140.1, 30.2, 623.8, 4.7, 5.1
3, 04/02/2019 04:59:29, 131738, 43.5, 51, 8.9, 27082.7, 196.3, 17.5, 0.7, 0, 180, 130.7, 79637.4, 78.9, 26.8, 559.7, 6.1, 7.6
3, 04/02/2019 05:19:29, 131739, 52.7, 67.5, 11.5, 6805.3, 268.3, 8.9, 0.9, 0.2, 229.1, 172.9, 102568.7, 100.8, 24.5, 571.8, 5.4, 6
3, 04/02/2019 05:39:29, 131740, 51.1, 58.5, 10.6, 6138, 475, 6.6, 1, 1.9, 243.4, 149.9, 77036.6, 109.8, 24.3, 647.2, 4.9, 5.4
3, 04/02/2019 05:59:29, 131741, 42, 47.4, 9.3, 22305.4, 399.1, 13.9, 0.6, 0.2, 194.2, 121.3, 85061.2, 96, 24.5, 680.8, 1.2, 10
3, 04/02/2019 06:19:29, 131742, 35.3, 41.7, 7.6, 2440.8, 449.9, 16.4, 0.6, 0, 192.6, 106.8, 72291.1, 165.6, 20.4, 577.1, 1.2, 8.8
3, 04/02/2019 06:40:28, 131743, 29, 38.8, 6.8, 1652.9, 425.3, 15.6, 0.7, 0.6, 220.3, 99.2, 74794.2, 115.9, 20.4, 574.6, 1.3, 5.2
3, 04/02/2019 07:00:29, 131744, 52.4, 64.2, 11, 4287.6, 391.9, 17.6, 0.8, 0.4, 228.6, 164.3, 70524.3, 135.8, 29.6, 920.1, 1.4, 9
3, 04/02/2019 07:19:29, 131745, 47.1, 50.7, 9.2, 4463.8, 261.6, 21.2, 0.6, 0, 185.7, 129.8, 76063.6, 69.9, 27.2, 770, 1.4, 8
3, 04/02/2019 07:39:28, 131746, 45.7, 52.4, 12.1, 6052.4, 395.4, 8.1, 0.7, 0.8, 194.1, 134.2, 75922.1, 97.9, 21.9, 615.5, 7.2, 6.5
3, 04/02/2019 07:59:29, 131747, 43.3, 57.2, 9.5, 21400, 336.7, 4.4, 0.6, 0.3, 230, 146.3, 71146.5, 64, 24.4, 623.3, 6.7, 9.6
3, 04/02/2019 08:19:28, 131748, 50.7, 72.3, 11, 8928.2, 446.3, 2.3, 1.3, 16.1, 319.1, 185.1, 104610.9, 191.8, 29.6, 755.6, 5.2, 6.1
3, 04/02/2019 08:40:28, 131749, 51, 65.1, 11.1, 24622.8, 340.2, 2.4, 0.6, 1.7, 228.4, 166.7, 84282.3, 180, 24.2, 541.7, 6.5, 6.8
3, 04/02/2019 08:59:28, 131750, 49.3, 84.9, 9.9, 47339.5, 314.6, 8.2, 0.6, 24.4, 394, 217.4, 73323.2, 150.2, 32.3, 676.5, 8.2, 7.2
3, 04/02/2019 09:19:27, 131751, 51.7, 114.9, 9.6, 17909.6, 280.2, 9, 1.2, 49.2, 622.9, 294.1, 143455.9, 199.8, 38.9, 818.6, 3.7, 4.4
3, 04/02/2019 09:39:27, 131752, 53.9, 115, 11.6, 21721.9, 407.8, 20, 2.2, 32.9, 533.7, 294.4, 100481.1, 321.7, 41.8, 861.6, 4, 7.6
3, 04/02/2019 09:59:27, 131753, 53.4, 108.5, 10.2, 36496.2, 397.6, 10.8, 0.9, 32, 343.6, 277.7, 107391.7, 348.1, 44.3, 853.1, 3.1, 9
3, 04/02/2019 10:19:28, 131754, 52.3, 94.4, 8.7, 6899.8, 334, 20.5, 1, 38, 320.3, 241.8, 110953.8, 224.8, 38.6, 611.8, 4.9, 4.8
3, 04/02/2019 10:39:27, 131755, 63, 116.6, 8.6, 9880.5, 188.3, 3.4, 2.7, 49.2, 371.2, 298.5, 110012.8, 224.1, 42, 655.8, 4.6, 2.5
3, 04/02/2019 11:00:27, 131756, 69, 133.3, 11.6, 26768.2, 371.3, 19.9, 5.3, 46.6, 505.4, 341.4, 119290.3, 242.2, 45.8, 963.2, 3.4, 8.6
3, 04/02/2019 11:19:28, 131757, 62, 107.9, 9.7, 8751.5, 333, 20.3, 1.4, 40.4, 357, 276.1, 113945.1, 204.9, 37.8, 708, 3.3, 5
3, 04/02/2019 11:39:27, 131758, 62.5, 114.4, 10.4, 6181.1, 321.4, 16.4, 2.6, 55.9, 367.2, 292.7, 114653.3, 157.5, 39.4, 689.7, 3.6, 4.3
3, 04/02/2019 11:59:27, 131759, 64.8, 133, 11.3, 29173.8, 397.7, 10.8, 6.1, 66.5, 490.4, 340.5, 99820, 58.9, 37.9, 709.5, 3.2, 3.8
3, 04/02/2019 12:19:27, 131760, 53, 101.2, 9.4, 3702.3, 252.4, 21, 4.3, 40.3, 420.7, 259.1, 94602.3, 270.9, 33.2, 573.8, 4, 4
3, 04/02/2019 12:39:27, 131761, 47.5, 85.4, 8.3, 14487, 321.3, 5, 0.5, 38.9, 251.4, 218.6, 117442.5, 91.8, 30.3, 475.4, 3.5, 3.7
3, 04/02/2019 12:59:27, 131762, 60.2, 106.8, 9.6, 22414.4, 371.6, 13.5, 1, 43.6, 310.4, 273.4, 102057.5, 43, 31, 587, 3.7, 5.8
3, 04/02/2019 13:19:27, 131763, 49.8, 89, 7.4, 4888.5, 159.7, 7.2, 0.5, 37.1, 284.3, 227.7, 89775.9, 108, 30.1, 534.8, 4.4, 3.1
3, 04/02/2019 13:39:27, 131764, 40, 71.4, 6.8, 17690.9, 219, 18.3, 0.7, 21.6, 281, 182.9, 83928.3, 326.9, 30.5, 511.8, 3.8, 3.7
3, 04/02/2019 13:59:27, 131765, 50.9, 97.3, 9.5, 20165.2, 282.4, 2.8, 1, 14.9, 311.9, 249, 90540.9, 280.7, 34.1, 710, 2.7, 6.8
3, 04/02/2019 14:20:27, 131766, 33.1, 65.9, 7.8, 6600, 229.7, 13.4, 0.6, 2.8, 297.4, 168.7, 80417.4, 234.2, 29.7, 522, 3.2, 5.4
3, 04/02/2019 14:40:22, 131767, 34.8, 53.8, 7.5, 3337.6, 283.5, 17.8, 0.5, 5.1, 207, 137.8, 76990.3, 269.4, 28.7, 399.4, 1.7, 5
3, 04/02/2019 14:59:21, 131768, 43.6, 69, 8.5, 44435.5, 218.9, 10.7, 0.8, 5.6, 308.6, 176.7, 92388.3, 195.8, 31.2, 512.8, 1.6, 8.4
3, 04/02/2019 15:19:22, 131769, 39.4, 76.1, 8.2, 27581.8, 284.8, 17, 0.6, 7.1, 288.8, 194.8, 85304.8, 191.1, 33.2, 500, 2.4, 8.1
3, 04/02/2019 15:39:21, 131770, 38.5, 72.9, 8.1, 23429.7, 274.9, 2.9, 0.6, 10.1, 247.4, 186.5, 113711.2, 142, 35.2, 578.3, 2, 7.9
3, 04/02/2019 16:00:22, 131771, 54.6, 76.9, 10.5, 24612.2, 336, 6, 0.7, 6.1, 265.9, 196.9, 107265.5, 152.5, 31.4, 625.2, 3.1, 9.4
3, 04/02/2019 16:19:21, 131772, 53.1, 88.7, 10.8, 3724.3, 307.7, 16.1, 0.7, 30.3, 259.6, 227, 101810.9, 102.1, 31.2, 569.2, 4.3, 6.5
3, 04/02/2019 16:39:22, 131773, 56, 97.6, 12.4, 4258.2, 237.9, 6.4, 0.9, 32.3, 428, 249.8, 124052.3, 95.2, 26.7, 538, 5.2, 7
3, 04/02/2019 17:00:21, 131774, 49.7, 121.3, 10.3, 37688.4, 187.6, 16.2, 2.5, 30.1, 427, 310.5, 62103.6, 116, 33.2, 690.9, 4.9, 9.2
3, 04/02/2019 17:20:22, 131775, 44, 77.8, 9, 3599.9, 130.4, 3.2, 0.5, 23.8, 228.9, 199, 76851.9, 153.3, 26.4, 480.3, 7.4, 3.7
3, 04/02/2019 17:39:21, 131776, 53, 71.8, 8.2, 2194.8, 195.5, 16.6, 0.5, 16.2, 245.6, 183.8, 78919.2, 144.7, 26, 459, 6.1, 3
3, 04/02/2019 18:00:21, 131777, 43.4, 64, 8.4, 37298.3, 207.1, 4.9, 0.5, 14, 266.2, 163.8, 57121.7, 93.8, 22.3, 414.2, 6.2, 6.1
3, 04/02/2019 18:20:21, 131778, 27.1, 46.1, 6.4, 11649.8, 148.6, 2.9, 0.4, 15.4, 185.4, 118.1, 73795.9, 140, 17.3, 301.4, 6.8, 2.5
3, 04/02/2019 18:39:20, 131779, 23.2, 33.5, 5.5, 39783.8, 125.3, 1, 0.3, 9.2, 120.4, 85.8, 56302.9, 118, 15.5, 224.5, 6.3, 2.5
3, 04/02/2019 18:59:21, 131780, 39.7, 54.2, 9, 24022.1, 224.3, 2, 0.7, 5.3, 323.5, 138.7, 58648.3, 114.6, 21.8, 370.8, 9.5, 6.3
3, 04/02/2019 19:19:21, 131781, 29.9, 43.3, 6.9, 2885.9, 200.5, 0.8, 0.4, 2.6, 189.6, 111, 59149, 102.3, 19.8, 309.5, 3.9, 2.7
3, 04/02/2019 19:39:20, 131782, 32.6, 35.1, 6.6, 2833.6, 198.3, 0.7, 0.5, 0.1, 130.6, 89.9, 59666, 128.6, 19.8, 314.5, 3.4, 4.4
3, 04/02/2019 19:59:21, 131783, 31, 37, 6, 39609.3, 327.8, 4.2, 0.4, 0.2, 160.4, 94.8, 58195.8, 86.9, 18, 303.6, 4.4, 5.5
3, 04/02/2019 20:19:20, 131784, 22, 26.7, 4.2, 3734, 197.1, 8.6, 0.4, 0, 121.1, 68.4, 58286.9, 91.9, 19.3, 355.8, 4, 2
3, 04/02/2019 20:39:20, 131785, 27, 27.9, 4.5, 530.8, 220.5, 3.4, 0.4, 0, 107.9, 71.3, 74215.6, 74.8, 18.5, 340.8, 3.2, 1.9
3, 04/02/2019 20:59:20, 131786, 36.3, 42.8, 6.1, 22356, 217.9, 0.4, 0.4, 0.3, 159.7, 109.7, 69051.9, 174.2, 18.9, 472.2, 2.1, 5.8
3, 04/02/2019 21:19:21, 131787, 27.2, 32.6, 5.3, 1296, 206, 0.3, 0.4, 0, 116.6, 83.3, 77838.5, 52.1, 20.6, 474.8, 3.6, 2.6
3, 04/02/2019 21:39:20, 131788, 23.6, 29.3, 5.5, 3828.5, 241, 4.2, 0.4, 0, 112.6, 74.9, 74194.1, 70.9, 18.9, 410.5, 2.7, 3.6
3, 04/02/2019 21:59:20, 131789, 24.1, 36.3, 5.5, 17870.5, 208, 2.6, 0.4, 0, 132.3, 92.8, 75625.8, 60, 18.8, 350.5, 1.3, 5.1
3, 04/02/2019 22:19:20, 131790, 14.6, 17.6, 3.7, 506.8, 218, 8.5, 0.3, 0, 126.9, 45.1, 65261.9, 66.2, 15.8, 277.3, 2.2, 2.6
3, 04/02/2019 22:39:20, 131791, 15.3, 20.9, 4.4, 575.7, 282.9, 5.4, 0.4, 0, 98.8, 53.5, 63570.4, 52, 14.9, 277.1, 1.7, 2.4
3, 04/02/2019 22:59:20, 131792, 17.4, 20.1, 4.5, 17462.3, 241, 3.9, 0.3, 0, 83.8, 51.5, 62161.3, 239.2, 15.5, 250.7, 10.4, 2.7
3, 04/02/2019 23:19:25, 131793, 13.4, 16, 3.6, 1600.2, 192.1, 5.3, 0.3, 0, 87.9, 40.9, 59316.9, 300, 19.2, 261.9, 23.9, 2.1
3, 04/02/2019 23:40:24, 131794, 23.5, 23.3, 5.5, 766.5, 248.2, 5.8, 0.4, 0, 125, 59.7, 52568.7, 267.7, 20.8, 345.9, 23.4, 2
4, 03/02/2019 23:59:51, 131723, 23.5, 25.6, 4.7, 18863.2, 160.2, 3.8, 0.3, 0, 125.8, 65.5, 72814.7, 239.1, 15.7, 332.6, 0.6, 8.4
4, 04/02/2019 00:19:51, 131724, 38.8, 48.8, 6.6, 12018.3, 273.3, 3.3, 0.5, 5.9, 212.8, 125, 128730.3, 385.3, 26.8, 374.1, 1.2, 12
4, 04/02/2019 00:39:51, 131725, 57.4, 79, 8.8, 5877.5, 389, 0.5, 0.6, 19.3, 258, 202.2, 116425.1, 278.2, 36, 611.5, 1.1, 3.9
4, 04/02/2019 00:59:51, 131726, 60, 77, 7.6, 14192.5, 361.7, 1.2, 0.9, 15.4, 275, 197.1, 108483.1, 317.6, 33.7, 619.9, 1, 3.4
4, 04/02/2019 01:19:50, 131727, 56.8, 61, 9.7, 1806.3, 706.7, 4, 0.8, 11.4, 209.9, 156, 92232.4, 110.9, 30.7, 568.2, 0.9, 4
4, 04/02/2019 01:39:50, 131728, 43, 38.9, 7.8, 2331.4, 829.7, 1.6, 0.6, 4.2, 116.5, 99.6, 81634.8, 111.8, 26.9, 454.5, 1.4, 2
4, 04/02/2019 01:59:51, 131729, 63.9, 63, 11, 31207.8, 803.8, 4.1, 2, 3.1, 248.4, 161.3, 136841.1, 160.2, 23.5, 488.3, 0.9, 6.5
4, 04/02/2019 02:19:50, 131730, 55.4, 53.1, 9.5, 2146.8, 434.9, 3.2, 0.7, 0.5, 231.2, 135.9, 68995.1, 120.8, 20, 387, 0.5, 6.3
4, 04/02/2019 02:39:50, 131731, 19.3, 25.1, 4.2, 712, 100.2, 2.9, 0.4, 0, 127.6, 64.3, 75341.5, 100, 17.8, 321.7, 0.2, 14.4
4, 04/02/2019 02:59:51, 131732, 40.8, 43.4, 7.4, 13411.6, 468.7, 9.7, 0.5, 0.1, 183.9, 111.1, 69916.7, 121, 18.2, 351.1, 2.2, 9
4, 04/02/2019 03:19:51, 131733, 45, 90, 7.9, 68364.8, 331, 7.8, 0.5, 0.2, 353, 230.5, 82489.8, 219.1, 24.3, 491, 3.4, 52.6
4, 04/02/2019 03:39:50, 131734, 42.3, 77.7, 8.1, 60461.2, 449.5, 13.5, 0.6, 0.4, 296.3, 198.9, 96033.1, 162.9, 27.8, 557.7, 3.1, 44.4
4, 04/02/2019 03:59:55, 131735, 51.1, 51.9, 9, 30571.5, 687.1, 5.5, 0.9, 1, 241.9, 133, 99666.5, 162.8, 24.5, 568.3, 4.5, 8.2
4, 04/02/2019 04:19:55, 131736, 50.3, 54.4, 9.7, 7277.3, 564.5, 7.3, 1.9, 2, 275, 139.2, 119649.5, 380, 27, 608.7, 6, 9
4, 04/02/2019 04:39:55, 131737, 43.7, 53.2, 9.2, 11228.4, 251, 11.6, 0.7, 0.1, 210, 136.3, 113426, 204.9, 31.6, 635.3, 7.1, 10.6
4, 04/02/2019 04:59:55, 131738, 36.1, 39, 7.3, 30488.7, 203, 18, 0.5, 0.1, 259.7, 99.9, 99203.4, 176.9, 23.6, 500.7, 8.2, 11.5
4, 04/02/2019 05:19:55, 131739, 61.3, 87.9, 11.5, 6371.3, 684.1, 14.7, 4.6, 9.9, 363.3, 224.9, 127357, 135.1, 28.2, 755.8, 6.5, 10.8
4, 04/02/2019 05:39:55, 131740, 42.4, 44.3, 8.1, 2779, 524.1, 12.1, 0.5, 0.1, 170.5, 113.5, 94173.3, 140, 25.8, 659.3, 7.7, 9.4
4, 04/02/2019 05:59:55, 131741, 52.3, 53.4, 9.1, 17779.1, 436.7, 6.7, 0.6, 0.7, 187.2, 136.8, 88807.4, 208.1, 26.1, 579.9, 7.5, 10
4, 04/02/2019 06:19:54, 131742, 28.8, 29, 5.7, 6278.1, 330, 12, 0.4, 0.1, 123.6, 74.1, 84320.7, 222.4, 22.2, 366.1, 8.2, 6.2
4, 04/02/2019 06:39:54, 131743, 32, 37.7, 6.3, 7155.4, 217.6, 18.6, 0.4, 0.1, 138.2, 96.5, 80203.8, 241.6, 23.6, 456.1, 8.5, 8.4
4, 04/02/2019 07:00:55, 131744, 46.4, 60.7, 9.2, 36192.1, 498.2, 27.2, 0.6, 0.9, 211.4, 155.5, 71221.6, 263.3, 33.1, 783.6, 8.3, 8.3
4, 04/02/2019 07:20:04, 131745, 40.8, 40.5, 9.7, 7265.1, 346, 17.7, 0.6, 0, 130.7, 103.7, 79758.6, 249.9, 29.2, 674.4, 6.2, 7.8
4, 04/02/2019 07:40:04, 131746, 50.2, 54.4, 9.6, 4236.2, 420.3, 28.9, 0.7, 2, 237.7, 139.2, 90869.3, 267.2, 31.6, 758.1, 6.7, 4.7
4, 04/02/2019 08:00:04, 131747, 53.3, 67.4, 11.9, 33263.9, 361.7, 39.3, 1.3, 1.1, 237.2, 172.6, 76802.9, 231, 33.5, 813.7, 5.1, 11.1
4, 04/02/2019 08:20:04, 131748, 54.3, 60.9, 12.4, 3513.7, 483, 42, 1.6, 2.1, 277.9, 155.9, 81250.2, 358.5, 34.9, 849.2, 5.5, 6.8
4, 04/02/2019 08:40:05, 131749, 55.8, 58.1, 11.9, 2560.1, 466.5, 37.1, 0.9, 1.4, 237.7, 148.8, 73557.3, 235.3, 31.3, 716.1, 4.7, 6.1
4, 04/02/2019 09:00:04, 131750, 44.8, 56.2, 8.7, 26480.3, 316.3, 34.5, 2.8, 9.5, 299.1, 143.9, 93336.4, 435.5, 34.5, 843.5, 4.1, 5
4, 04/02/2019 09:19:04, 131751, 53.2, 76.3, 10.4, 9183, 308.1, 33.1, 1, 18.6, 291.9, 195.2, 97053.9, 927.7, 39.8, 955.2, 5.1, 5.6
4, 04/02/2019 09:40:04, 131752, 44.4, 73, 9.3, 4788.6, 309.3, 17.3, 0.6, 26.1, 219.3, 187, 92753.7, 770.6, 39.8, 922.6, 5.7, 7.6
4, 04/02/2019 09:59:04, 131753, 59.4, 114.4, 11.4, 17167.6, 316.2, 14.7, 2.8, 47.3, 366.8, 292.9, 92548.1, 668.2, 40.4, 870, 8.9, 6.1
4, 04/02/2019 10:19:28, 131754, 47.6, 94.3, 9.2, 8458.8, 176, 10.1, 0.9, 44.9, 336.7, 241.3, 103013.3, 940.9, 34.3, 622.2, 7.9, 3.4
4, 04/02/2019 10:39:29, 131755, 46, 97.8, 8.5, 6292.7, 190.8, 18.6, 0.8, 48.6, 286.5, 250.3, 107895.1, 909.3, 34.5, 691.6, 6.8, 4.1
4, 04/02/2019 10:59:29, 131756, 67.4, 143.4, 13.5, 46878.3, 379.1, 11.5, 8, 55.6, 482.9, 367.1, 110947.9, 375.7, 44.9, 1081.8, 5, 10.5
4, 04/02/2019 11:19:29, 131757, 50.9, 86.7, 9.7, 9603.8, 377.3, 22.8, 1, 26.2, 322.5, 221.9, 103452.9, 660.2, 35.8, 778.1, 3.8, 5.6
4, 04/02/2019 11:40:28, 131758, 67.1, 84.8, 10.9, 9241.2, 244.1, 6.2, 0.9, 19.4, 258.4, 217, 87634.4, 839.7, 32.1, 784.3, 1.8, 6.1
4, 04/02/2019 11:59:28, 131759, 40.8, 54.4, 7.9, 23146.4, 187.3, 12.6, 0.5, 14, 238.7, 139.2, 93068.7, 1159.8, 28.3, 623.3, 2.5, 5.2
4, 04/02/2019 12:19:29, 131760, 42.4, 44.5, 7.1, 25055.3, 154.5, 7.1, 0.5, 3.4, 166.8, 114, 84512.4, 802.2, 22.1, 503.7, 3, 3.1
4, 04/02/2019 12:39:28, 131761, 36.4, 39.2, 5.8, 5989.1, 125.7, 6.4, 0.4, 0.8, 249.9, 100.4, 76150.8, 920.8, 20.3, 483.3, 2, 4
4, 04/02/2019 12:59:28, 131762, 48.1, 59.3, 7.3, 20223.2, 292.1, 6.2, 0.4, 8.5, 223.3, 151.8, 84020.8, 1050.2, 21.7, 504.6, 1.7, 4.4
4, 04/02/2019 13:19:28, 131763, 38.3, 46.7, 6.6, 9435.3, 177, 11.4, 0.4, 9.5, 143.8, 119.6, 81756.5, 1426.1, 24.1, 472, 4.3, 3.4
4, 04/02/2019 13:39:28, 131764, 47.2, 65.1, 7, 11764.3, 188, 4.5, 0.5, 13.4, 278.5, 166.5, 86085.5, 1102.8, 25, 499.4, 1.9, 3.9
4, 04/02/2019 13:59:28, 131765, 76.6, 116.5, 10.9, 19878.5, 488.9, 2.1, 3.9, 19.3, 381.7, 298.2, 100574.6, 508, 33.1, 813.1, 1, 4.7
4, 04/02/2019 14:20:28, 131766, 52.9, 82.7, 8.8, 3478.3, 348.2, 2.3, 0.7, 5.1, 363.3, 211.7, 109114.5, 563.4, 27.9, 637.6, 2, 6.6
4, 04/02/2019 14:39:28, 131767, 51.7, 68.2, 9.6, 6690.2, 410.4, 0.7, 0.6, 5.4, 205.9, 174.5, 105908.3, 470.8, 25.9, 582.8, 1.7, 10.5
4, 04/02/2019 14:59:28, 131768, 61.5, 84.6, 11.2, 15546.3, 515.6, 1.8, 1, 19.8, 308.1, 216.5, 136757.5, 725.7, 27.5, 703.8, 1.6, 6.5
4, 04/02/2019 15:19:28, 131769, 52, 82.5, 9.6, 2117.9, 274.3, 4.1, 0.8, 18.2, 274.1, 211.1, 116424.1, 840.9, 27.6, 657.2, 2.6, 7
4, 04/02/2019 15:39:28, 131770, 49.9, 72.3, 9.3, 1651.2, 388.8, 2.2, 0.8, 6.1, 276.9, 185.1, 115047.2, 957.2, 26.9, 698, 2.7, 6.7
4, 04/02/2019 16:00:27, 131771, 62.8, 79.4, 10.4, 16384, 399.3, 11.5, 1.5, 11.4, 273.2, 203.3, 106285, 420.1, 31.1, 653.3, 2.1, 5.3
4, 04/02/2019 16:19:27, 131772, 50, 71.5, 8.6, 6499.2, 343.5, 10.1, 0.6, 22.3, 226, 183, 110110, 409.1, 32.2, 565.5, 1.9, 3.7
4, 04/02/2019 16:39:27, 131773, 44.8, 65.5, 7.4, 4813, 229.3, 9.6, 0.5, 19.3, 213.1, 167.6, 89343.4, 406, 30.9, 557.1, 4, 3.5
4, 04/02/2019 16:59:28, 131774, 67, 104.6, 11.7, 19912.3, 369.4, 5.4, 1.7, 27.1, 376.3, 267.8, 108221.8, 269.7, 36.2, 769.5, 3.8, 8.1
4, 04/02/2019 17:20:27, 131775, 59, 90.9, 9.4, 6981.6, 528.8, 9.1, 0.6, 24.8, 276.8, 232.7, 118883.6, 688.5, 33.7, 615.8, 4.3, 3.4
4, 04/02/2019 17:39:27, 131776, 44.3, 76.7, 8.4, 6324.2, 346.9, 1.6, 0.6, 28.2, 216.1, 196.3, 115957, 563.5, 27.7, 470.3, 3.2, 7.9
4, 04/02/2019 17:59:28, 131777, 45.3, 66.7, 7.6, 17126.4, 198.1, 2.9, 0.6, 13.2, 238.8, 170.8, 95422.2, 181.8, 25.7, 500, 1.7, 10
4, 04/02/2019 18:20:27, 131778, 32.2, 41, 6.7, 6018.5, 104.1, 0.9, 0.5, 0.5, 152.1, 105.1, 76032.4, 206.7, 23.7, 433.8, 1.9, 7
4, 04/02/2019 18:39:27, 131779, 25.7, 30.3, 4.7, 2180.5, 82.4, 1.7, 0.4, 0, 172.7, 77.5, 88949.7, 143.3, 20, 349.3, 2, 4.7
4, 04/02/2019 18:59:27, 131780, 31.7, 29.2, 5.3, 14206.7, 237.4, 2.8, 0.4, 0, 107.4, 74.7, 84633.7, 169.7, 19.3, 327.8, 3.6, 2.5
4, 04/02/2019 19:19:26, 131781, 29.5, 33.1, 5.9, 4275.6, 173.9, 0.2, 0.4, 0, 116.9, 84.8, 81943.4, 168.2, 19.3, 334.5, 3.1, 4.7
4, 04/02/2019 19:39:26, 131782, 27.4, 28, 5.7, 5962.7, 274.7, 0.6, 0.4, 0, 120.9, 71.7, 68811.3, 147.9, 18.7, 367.7, 8.3, 4.2
4, 04/02/2019 19:59:27, 131783, 20.4, 20.9, 3.7, 12654.8, 30, 3.2, 0.3, 0, 81.1, 53.5, 56840.2, 198.2, 15.8, 261.2, 3.2, 3.3
4, 04/02/2019 20:19:27, 131784, 19.7, 22.1, 3.9, 3556.2, 42.1, 1, 0.3, 0, 100, 56.5, 59303.8, 168.8, 17.1, 331.7, 3.3, 2.7
4, 04/02/2019 20:39:27, 131785, 30.4, 28.4, 5, 5425.3, 78.7, 0.5, 0.4, 0, 85.7, 72.8, 57082, 157.9, 15.9, 322.2, 1, 2.7
4, 04/02/2019 20:59:26, 131786, 37.2, 55.6, 7.9, 27377.4, 205.2, 3.5, 0.5, 0.1, 209, 142.4, 53804, 224.7, 20.9, 454.8, 1.3, 7.8
4, 04/02/2019 21:19:41, 131787, 27.2, 33.9, 5.5, 5900.7, 63.1, 0.9, 0.4, 0, 148.5, 86.9, 64648.9, 272.1, 16.8, 343.7, 1.6, 4.1
4, 04/02/2019 21:39:41, 131788, 24.2, 23.9, 5.4, 5699.7, 105, 1.6, 0.4, 0, 115.1, 61.1, 48692.8, 230.9, 13.5, 257, 0.8, 4.5
4, 04/02/2019 21:59:41, 131789, 31.7, 37.9, 5.6, 19562.3, 252.9, 5.4, 0.4, 0.1, 164.9, 97, 50253.4, 200.9, 15.6, 351, 0.7, 3.9
4, 04/02/2019 22:19:41, 131790, 17.8, 17.3, 2.9, 4973.5, 103.3, 0.7, 0.3, 0, 100.5, 44.4, 48626.2, 215.9, 10.8, 161.3, 0.6, 1.6
4, 04/02/2019 22:39:41, 131791, 21.4, 24.9, 4.2, 5325.8, 99.5, 0.9, 0.4, 0.1, 121, 63.8, 51261.6, 212, 10.9, 178.2, 0.5, 2.3
4, 04/02/2019 22:59:41, 131792, 30.9, 33.4, 5.8, 18298.3, 247.2, 3.8, 0.4, 0, 137.1, 85.5, 51394.1, 211.4, 11.9, 219.3, 2.5, 2.9
4, 04/02/2019 23:19:41, 131793, 22, 22.7, 4, 4634.4, 50.7, 0.4, 0.3, 0, 87.5, 58, 53424.4, 212.8, 11.3, 209.7, 3.4, 2.8
4, 04/02/2019 23:39:41, 131794, 21.8, 21.2, 4.1, 4719.7, 45.8, 0.8, 0.4, 0, 83, 54.2, 50894.3, 246.8, 12.7, 275.3, 2.7, 2.7
