INSTANCE_NUMBER, SNAP_ID, T_BEG, USR_GROUP, CPU, DBTIME, PGA, OTH_WAIT, PXENQ, PXQTIME, PXQRY, PXREL, REQS, YIELDS, IOWAIT, READ, WRITE
1, 127751, 07/12/2018 06:40:16, ADW_UNLOAD_GROUP, 1058.8, 1369.4, 1.7, 0, 267, 12.5, 5086, 48592, 153758, 848591, 310.6, 136835, 270850.2
1, 127752, 07/12/2018 07:00:33, ADW_UNLOAD_GROUP, 0, 0, 0.9, 0, 0, 0, 0, 0, 590, 0, 0, 0, 0
1, 127753, 07/12/2018 07:20:07, ADW_UNLOAD_GROUP, 0, 0, 2.5, 0, 0, 0, 0, 0, 639, 0, 0, 0, 0
1, 127754, 07/12/2018 07:40:06, ADW_UNLOAD_GROUP, 0, 0, 1.7, 0, 0, 0, 0, 0, 715, 5, 0, 0.1, 5
1, 127755, 07/12/2018 08:00:08, ADW_UNLOAD_GROUP, 0, 0, 2.5, 0, 0, 0, 0, 0, 126, 0, 0, 0, 0
1, 127756, 07/12/2018 08:20:13, ADW_UNLOAD_GROUP, 0, 0, 1.7, 0, 0, 0, 0, 0, 210, 1, 0, 0, 0
1, 127757, 07/12/2018 08:40:00, ADW_UNLOAD_GROUP, 0, 0.1, 1.2, 0.1, 0, 0, 0, 0, 683, 0, 0, 0, 0
1, 127758, 07/12/2018 09:00:17, ADW_UNLOAD_GROUP, 0, 0, 1.7, 0, 0, 0, 0, 0, 653, 0, 0, 0, 0
1, 127759, 07/12/2018 09:20:21, ADW_UNLOAD_GROUP, 0, 0, 0.9, 0, 0, 0, 0, 0, 571, 0, 0, 0, 0
1, 127760, 07/12/2018 09:40:22, ADW_UNLOAD_GROUP, 0, 0, 0.1, 0, 0, 0, 0, 0, 625, 0, 0, 0, 0
1, 127761, 07/12/2018 10:00:09, ADW_UNLOAD_GROUP, 13.3, 15.2, 8289.7, 1.8, 0, 0, 3, 47, 635, 9406, 0.1, 2454.6, 47.1
1, 127762, 07/12/2018 10:20:23, ADW_UNLOAD_GROUP, 6, 8.3, 6313.8, 2.1, 0, 0, 1, 32, 482, 3507, 0.2, 4429.1, 574.1
1, 127763, 07/12/2018 10:40:11, ADW_UNLOAD_GROUP, 0.1, 1.4, 1610.4, 1.2, 0, 0, 0, 0, 313, 61, 0.1, 2, 191.1
1, 127764, 07/12/2018 11:00:06, ADW_UNLOAD_GROUP, 0, 0, 1.7, 0, 0, 0, 0, 0, 381, 0, 0, 0, 0
1, 127765, 07/12/2018 11:20:30, ADW_UNLOAD_GROUP, 0, 0, 0, 0, 0, 0, 0, 0, 263, 0, 0, 0, 0
1, 127766, 07/12/2018 11:40:11, ADW_UNLOAD_GROUP, 0, 0, 0, 0, 0, 0, 0, 0, 376, 0, 0, 0, 0
1, 127767, 07/12/2018 12:00:15, ADW_UNLOAD_GROUP, 6.4, 25.5, 10144.1, 13.6, 0, 0, 1, 32, 637, 5296, 5.5, 625.8, 16600.3
1, 127768, 07/12/2018 12:20:11, ADW_UNLOAD_GROUP, 5.6, 12.6, 8993.4, 2.4, 0, 0, 3, 94, 479, 3002, 4.6, 262.9, 22500.8
1, 127769, 07/12/2018 12:40:09, ADW_UNLOAD_GROUP, 4.7, 11.7, 8780.2, 2.2, 0, 0, 0, 0, 124, 1876, 4.8, 224.5, 20568.8
1, 127770, 07/12/2018 13:00:14, ADW_UNLOAD_GROUP, 3.1, 9.9, 9528.4, 3.3, 0, 0, 0, 0, 390, 956, 3.5, 135.1, 10186.4
1, 127771, 07/12/2018 13:20:01, ADW_UNLOAD_GROUP, 5, 11.7, 20398.4, 2.6, 1, 0, 0, 0, 466, 2521, 4.1, 266.9, 21625.3
1, 127772, 07/12/2018 13:40:10, ADW_UNLOAD_GROUP, 6.3, 13.9, 20638.1, 2, 0, 0, 1, 32, 468, 3993, 5.6, 348, 25653.4
1, 127773, 07/12/2018 14:00:17, ADW_UNLOAD_GROUP, 8.3, 15.7, 16030.7, 0, 0, 0, 0, 0, 600, 6105, 7.4, 422, 27036.8
1, 127774, 07/12/2018 14:20:07, ADW_UNLOAD_GROUP, 5.4, 8.5, 13686.9, 0, 0, 0, 1, 32, 609, 2551, 3.1, 310.8, 14314
1, 127775, 07/12/2018 14:40:15, ADW_UNLOAD_GROUP, 2.4, 4.2, 5.2, 0, 0, 0, 3, 80, 599, 1040, 1.8, 179.2, 8322.4
1, 127776, 07/12/2018 15:00:27, ADW_UNLOAD_GROUP, 3.6, 5.7, 4.8, 0, 1, 0, 3, 25, 160, 1638, 2.1, 501.5, 9455.1
1, 127777, 07/12/2018 15:20:06, ADW_UNLOAD_GROUP, 3, 4.5, 0, 0, 1, 0, 9, 104, 248, 1352, 1.5, 264, 7866.7
1, 127778, 07/12/2018 15:40:15, ADW_UNLOAD_GROUP, 3.6, 5.4, 0.9, 0, 0, 0, 7, 56, 229, 1725, 1.8, 327.8, 10872.3
1, 127779, 07/12/2018 16:00:03, ADW_UNLOAD_GROUP, 3.8, 6.3, 1.7, 0, 1, 0, 5, 40, 784, 1906, 2.5, 275.8, 9380.2
1, 127780, 07/12/2018 16:20:24, ADW_UNLOAD_GROUP, 2.6, 3.6, 2.2, 0, 0, 0, 12, 125, 483, 1163, 1, 615.2, 5453.6
1, 127781, 07/12/2018 16:40:14, ADW_UNLOAD_GROUP, 0.7, 0.8, 0.9, 0, 0, 0, 6, 48, 360, 179, 0.1, 81.7, 81.7
1, 127782, 07/12/2018 17:00:00, ADW_UNLOAD_GROUP, 0.7, 0.8, 2.4, 0, 0, 0, 7, 56, 546, 135, 0.1, 88.7, 88.7
1, 127783, 07/12/2018 17:20:09, ADW_UNLOAD_GROUP, 0.8, 0.9, 1.3, 0, 0, 0, 6, 48, 528, 216, 0.1, 94.6, 95
1, 127784, 07/12/2018 17:40:07, ADW_UNLOAD_GROUP, 1.4, 1.5, 2.7, 0, 1, 0, 10, 70, 362, 420, 0.1, 488.7, 37.5
1, 127785, 07/12/2018 18:00:15, ADW_UNLOAD_GROUP, 0.9, 1.1, 1.9, 0, 0, 0, 12, 96, 540, 176, 0.2, 191.8, 192.6
1, 127786, 07/12/2018 18:20:09, ADW_UNLOAD_GROUP, 1.3, 1.4, 0.8, 0, 0, 0, 21, 154, 540, 346, 0.1, 455.4, 144.5
1, 127787, 07/12/2018 18:40:20, ADW_UNLOAD_GROUP, 1.9, 2, 27.3, 0, 0, 0, 21, 154, 668, 454, 0.1, 442.4, 90.7
1, 127788, 07/12/2018 19:00:16, ADW_UNLOAD_GROUP, 12.2, 13.1, 25885.1, 0.7, 0, 0, 5, 48, 318, 6529, 0.2, 674.5, 100.7
1, 127790, 07/12/2018 19:40:05, ADW_UNLOAD_GROUP, 1.6, 1.8, 0, 0, 0, 0, 15, 113, 491, 298, 0.2, 712, 157.6
1, 127791, 07/12/2018 20:00:08, ADW_UNLOAD_GROUP, 1, 1.3, 2.5, 0, 1, 0, 13, 104, 384, 233, 0.3, 227.4, 228.8
1, 127792, 07/12/2018 20:20:24, ADW_UNLOAD_GROUP, 1.5, 1.6, 1.4, 0, 0, 0, 13, 95, 281, 474, 0.1, 503, 138.7
1, 127793, 07/12/2018 20:40:34, ADW_UNLOAD_GROUP, 1.2, 1.3, 1.3, 0, 0, 0, 6, 48, 292, 280, 0.1, 197.2, 69.4
1, 127794, 07/12/2018 21:00:12, ADW_UNLOAD_GROUP, 1.1, 1.2, 1.7, 0, 0, 0, 7, 56, 278, 207, 0.1, 100.8, 101.2
1, 127795, 07/12/2018 21:20:02, ADW_UNLOAD_GROUP, 0.9, 1, 0.8, 0, 0, 0, 7, 56, 262, 174, 0.1, 81.7, 82
1, 127796, 07/12/2018 21:40:15, ADW_UNLOAD_GROUP, 1.8, 1.9, 0.9, 0, 0, 0, 11, 77, 339, 428, 0.1, 521.5, 64.7
1, 127797, 07/12/2018 22:00:02, ADW_UNLOAD_GROUP, 1, 1.1, 0.8, 0, 0, 0, 7, 56, 246, 191, 0.1, 110.9, 111.8
1, 127798, 07/12/2018 22:20:07, ADW_UNLOAD_GROUP, 1.5, 1.7, 0, 0, 1, 0, 18, 133, 452, 480, 0.2, 447.4, 198.8
1, 127799, 07/12/2018 22:40:11, ADW_UNLOAD_GROUP, 1.5, 1.6, 0.8, 0, 0, 0, 5, 43, 241, 415, 0.1, 340.3, 71.4
1, 127800, 07/12/2018 23:00:09, ADW_UNLOAD_GROUP, 0.9, 1, 0.9, 0, 0, 0, 3, 24, 312, 313, 0.1, 71.2, 71.3
1, 127801, 07/12/2018 23:20:00, ADW_UNLOAD_GROUP, 1, 1.2, 1.7, 0, 0, 0, 10, 80, 315, 339, 0.2, 168.6, 170.7
1, 127802, 07/12/2018 23:40:15, ADW_UNLOAD_GROUP, 1.6, 1.7, 0.9, 0, 0, 0, 12, 89, 326, 345, 0.1, 646.3, 113.3
1, 127751, 07/12/2018 06:40:16, FP_DM_PRIOR, 799.8, 1264.6, 778.7, 0, 105, 3.6, 4009, 97202, 112799, 625791, 464.8, 104015.9, 1399390
1, 127752, 07/12/2018 07:00:33, FP_DM_PRIOR, 0.3, 0.8, 292.6, 0.3, 0, 0, 0, 0, 4, 129, 0.2, 9.1, 489.1
1, 127753, 07/12/2018 07:20:07, FP_DM_PRIOR, 2.6, 3.9, 1043.1, 0.5, 1, 0, 79, 1900, 2043, 2300, 0.8, 792.6, 795.2
1, 127754, 07/12/2018 07:40:06, FP_DM_PRIOR, 2.2, 4.2, 304.4, 1.4, 1, 0, 48, 1224, 1481, 1222, 0.6, 855.5, 846.9
1, 127755, 07/12/2018 08:00:08, FP_DM_PRIOR, 0.5, 0.8, 20.8, 0, 0, 0, 1, 32, 84, 190, 0.3, 80.9, 474.9
1, 127756, 07/12/2018 08:20:13, FP_DM_PRIOR, 0.2, 0.6, 180.2, 0.3, 0, 0, 2, 20, 16, 68, 0.1, 33.3, 420.6
1, 127757, 07/12/2018 08:40:00, FP_DM_PRIOR, 3.9, 9.5, 1581.8, 5, 4, 0, 100, 2620, 2917, 2218, 0.6, 1454.7, 1070.8
1, 127758, 07/12/2018 09:00:17, FP_DM_PRIOR, 1.6, 2.9, 1602.2, 0.9, 1, 0, 26, 616, 818, 585, 0.4, 706.2, 962.7
1, 127759, 07/12/2018 09:20:21, FP_DM_PRIOR, 1.4, 1.7, 3056.4, 0.1, 0, 0, 4, 128, 172, 332, 0.2, 14.7, 543
1, 127760, 07/12/2018 09:40:22, FP_DM_PRIOR, 3, 6.8, 4112.4, 3.1, 16, 0.6, 51, 1136, 1448, 4840, 0.7, 787.4, 510.6
1, 127761, 07/12/2018 10:00:09, FP_DM_PRIOR, 6.9, 11.7, 1534.2, 3, 0, 0, 82, 2160, 2210, 5773, 1.8, 1268.8, 2025.6
1, 127762, 07/12/2018 10:20:23, FP_DM_PRIOR, 1.8, 5.1, 596.8, 2.8, 0, 0, 8, 224, 180, 721, 0.5, 112.4, 1313.9
1, 127763, 07/12/2018 10:40:11, FP_DM_PRIOR, 1.4, 3.1, 454.6, 1.5, 0, 0, 12, 336, 299, 454, 0.2, 71.2, 670.8
1, 127764, 07/12/2018 11:00:06, FP_DM_PRIOR, 2.9, 5.6, 1281.9, 2.4, 4, 0, 74, 1720, 1964, 1049, 0.3, 841.8, 701.8
1, 127765, 07/12/2018 11:20:30, FP_DM_PRIOR, 4.7, 8.4, 1294.7, 3.1, 1, 0, 52, 1416, 1558, 2842, 0.6, 1107.4, 1752.8
1, 127766, 07/12/2018 11:40:11, FP_DM_PRIOR, 2, 3, 1104.7, 0.8, 0, 0, 1, 32, 84, 947, 0.2, 176.6, 902.4
1, 127767, 07/12/2018 12:00:15, FP_DM_PRIOR, 0.3, 1, 31.1, 0.5, 0, 0, 0, 0, 157, 72, 0.2, 9.5, 473.9
1, 127768, 07/12/2018 12:20:11, FP_DM_PRIOR, 0.4, 0.6, 533.4, 0.1, 0, 0, 6, 84, 93, 104, 0.1, 33.8, 324.8
1, 127769, 07/12/2018 12:40:09, FP_DM_PRIOR, 4.6, 8.6, 1306, 3, 4, 0, 78, 1872, 2113, 2569, 1, 1717.2, 3057.6
1, 127770, 07/12/2018 13:00:14, FP_DM_PRIOR, 3.9, 4.5, 1126.5, 0.4, 2, 0.3, 13, 216, 288, 1434, 0.2, 257.5, 420.4
1, 127771, 07/12/2018 13:20:01, FP_DM_PRIOR, 0.2, 0.4, 23.2, 0.1, 1, 0, 2, 64, 70, 66, 0.1, 51.8, 444.9
1, 127772, 07/12/2018 13:40:10, FP_DM_PRIOR, 0.1, 0.5, 189.6, 0.3, 0, 0, 0, 0, 20, 37, 0.1, 4.1, 460.7
1, 127773, 07/12/2018 14:00:17, FP_DM_PRIOR, 2.7, 4.2, 660.7, 0.9, 5, 0, 84, 2016, 2259, 2355, 0.6, 567.5, 825.8
1, 127774, 07/12/2018 14:20:07, FP_DM_PRIOR, 4.5, 6.1, 1092.7, 0.9, 1, 0, 41, 1032, 1088, 1989, 0.7, 1838.3, 2536.4
1, 127775, 07/12/2018 14:40:15, FP_DM_PRIOR, 1.5, 1.6, 785.9, 0.1, 0, 0, 1, 32, 57, 463, 0, 77.8, 90.6
1, 127776, 07/12/2018 15:00:27, FP_DM_PRIOR, 0.1, 0.4, 16, 0.3, 0, 0, 0, 0, 36, 30, 0, 1.8, 181.7
1, 127777, 07/12/2018 15:20:06, FP_DM_PRIOR, 0.1, 0.4, 19.2, 0.2, 0, 0, 0, 0, 20, 25, 0.1, 3, 326.8
1, 127778, 07/12/2018 15:40:15, FP_DM_PRIOR, 0.4, 0.6, 389.7, 0.1, 0, 0, 5, 80, 113, 104, 0.1, 34.3, 397.1
1, 127779, 07/12/2018 16:00:03, FP_DM_PRIOR, 5.3, 7.8, 1072.4, 1.7, 3, 0, 109, 2784, 3185, 4914, 0.8, 1512.8, 864.4
1, 127780, 07/12/2018 16:20:24, FP_DM_PRIOR, 0.7, 1.2, 182.3, 0.4, 0, 0, 15, 252, 330, 187, 0.1, 128.6, 345.4
1, 127781, 07/12/2018 16:40:14, FP_DM_PRIOR, 0.1, 0.4, 3.1, 0.2, 0, 0, 0, 0, 20, 49, 0.1, 3.5, 447.2
1, 127782, 07/12/2018 17:00:00, FP_DM_PRIOR, 0.2, 0.5, 429.3, 0.2, 0, 0, 1, 16, 58, 68, 0.1, 30.9, 409.6
1, 127783, 07/12/2018 17:20:09, FP_DM_PRIOR, 4.3, 7, 1136.7, 1.8, 2, 0, 100, 2464, 2765, 3937, 0.9, 1315.8, 1322.9
1, 127784, 07/12/2018 17:40:07, FP_DM_PRIOR, 5.5, 8.8, 1594.1, 2.2, 0, 0, 3, 96, 116, 2745, 1.1, 489.2, 3454.9
1, 127785, 07/12/2018 18:00:15, FP_DM_PRIOR, 2.2, 2.8, 790.3, 0.5, 0, 0, 1, 16, 80, 676, 0.1, 75.5, 169.6
1, 127786, 07/12/2018 18:20:09, FP_DM_PRIOR, 0.2, 0.3, 2.6, 0, 0, 0, 0, 0, 19, 24, 0.1, 4.6, 588.9
1, 127787, 07/12/2018 18:40:20, FP_DM_PRIOR, 6.3, 6.9, 1779.8, 0, 1, 0, 104, 2760, 3010, 5714, 0.6, 1920.5, 1210.8
1, 127788, 07/12/2018 19:00:16, FP_DM_PRIOR, 3, 6.4, 2038.4, 2.5, 0, 0, 11, 184, 221, 1564, 0.9, 310.6, 1952.7
1, 127790, 07/12/2018 19:40:05, FP_DM_PRIOR, 0.1, 0.3, 2.7, 0.1, 0, 0, 0, 0, 19, 19, 0.1, 3.8, 486.7
1, 127791, 07/12/2018 20:00:08, FP_DM_PRIOR, 5.3, 17.7, 1855, 8.1, 1, 0, 64, 1904, 2167, 4082, 4.3, 302.9, 13647.2
1, 127792, 07/12/2018 20:20:24, FP_DM_PRIOR, 16.9, 38, 4549, 6.2, 0, 0, 13, 368, 425, 22199, 14.9, 1387.9, 50606.8
1, 127793, 07/12/2018 20:40:34, FP_DM_PRIOR, 15.6, 33.8, 3950.5, 4, 0, 0, 2, 64, 32, 19827, 14.2, 1091.1, 58277.9
1, 127794, 07/12/2018 21:00:12, FP_DM_PRIOR, 11.3, 27.6, 2759.1, 6.6, 0, 0, 7, 104, 272, 11551, 9.7, 1400.2, 45164.9
1, 127795, 07/12/2018 21:20:02, FP_DM_PRIOR, 11.1, 26.9, 2730.4, 5.6, 0, 0, 4, 96, 62, 10619, 10.2, 859.5, 45813.1
1, 127796, 07/12/2018 21:40:15, FP_DM_PRIOR, 9.5, 22.6, 2158.4, 3.9, 0, 0, 3, 80, 72, 8322, 9.2, 737.7, 48313.3
1, 127797, 07/12/2018 22:00:02, FP_DM_PRIOR, 12.1, 28.4, 3376.9, 5.8, 0, 0, 12, 216, 324, 12527, 10.5, 1851.2, 46758.9
1, 127798, 07/12/2018 22:20:07, FP_DM_PRIOR, 14, 31.4, 3376.8, 7.2, 0, 0, 1, 16, 0, 15044, 10.2, 1091.1, 50977.4
1, 127799, 07/12/2018 22:40:11, FP_DM_PRIOR, 14.7, 37.8, 4240.9, 10, 0, 0, 9, 240, 408, 20536, 13.1, 1671.1, 44973.8
1, 127800, 07/12/2018 23:00:09, FP_DM_PRIOR, 14, 34.2, 3927, 4.6, 0, 0, 2, 48, 0, 15681, 15.6, 949.1, 45323.3
1, 127801, 07/12/2018 23:20:00, FP_DM_PRIOR, 13.6, 27.4, 2903.4, 1.5, 0, 0, 8, 208, 356, 14724, 12.3, 1633.8, 42519.7
1, 127802, 07/12/2018 23:40:15, FP_DM_PRIOR, 8.5, 18.6, 2665.1, 5.2, 0, 0, 33, 590, 519, 6055, 4.9, 769.8, 26370.3
1, 127751, 07/12/2018 06:40:16, HDP_UNLOAD_GROUP, 219.7, 421.3, 92.6, 0, 7, 0.5, 951, 9410, 17639, 178216, 201.6, 35257.6, 56405.3
1, 127752, 07/12/2018 07:00:33, HDP_UNLOAD_GROUP, 0.3, 0.4, 152.2, 0.1, 0, 0, 0, 0, 0, 64, 0, 15.8, 0
1, 127753, 07/12/2018 07:20:07, HDP_UNLOAD_GROUP, 0.7, 1.2, 182.6, 0.3, 0, 0, 1, 16, 38, 251, 0.2, 190.6, 691.3
1, 127754, 07/12/2018 07:40:06, HDP_UNLOAD_GROUP, 0.2, 0.3, 270.3, 0.1, 0, 0, 0, 0, 10, 65, 0, 10.3, 7.3
1, 127755, 07/12/2018 08:00:08, HDP_UNLOAD_GROUP, 3.1, 3.9, 569, 0.7, 0, 0, 2, 26, 71, 1164, 0.1, 64.8, 51.8
1, 127756, 07/12/2018 08:20:13, HDP_UNLOAD_GROUP, 0.4, 0.5, 369.5, 0.1, 0, 0, 1, 16, 2, 73, 0, 26.4, 22.9
1, 127757, 07/12/2018 08:40:00, HDP_UNLOAD_GROUP, 0.1, 0.1, 9.2, 0, 0, 0, 1, 8, 10, 9, 0, 2, 1.9
1, 127758, 07/12/2018 09:00:17, HDP_UNLOAD_GROUP, 0, 0, 1.2, 0, 0, 0, 0, 0, 10, 12, 0, 0, 0
1, 127761, 07/12/2018 10:00:09, HDP_UNLOAD_GROUP, 0, 0.1, 6.1, 0.1, 0, 0, 0, 0, 22, 3, 0, 0.1, 0.3
1, 127762, 07/12/2018 10:20:23, HDP_UNLOAD_GROUP, 0.8, 2.1, 577.8, 1.1, 0, 0, 1, 16, 18, 263, 0.2, 177.9, 674.3
1, 127763, 07/12/2018 10:40:11, HDP_UNLOAD_GROUP, 0, 0, 0.4, 0, 0, 0, 0, 0, 10, 0, 0, 0, 0
1, 127764, 07/12/2018 11:00:06, HDP_UNLOAD_GROUP, 0, 0, 3, 0, 0, 0, 0, 0, 10, 4, 0, 0, 0
1, 127768, 07/12/2018 12:20:11, HDP_UNLOAD_GROUP, 0.3, 0.4, 16.7, 0.1, 0, 0, 0, 0, 7, 49, 0, 2, 2.8
1, 127769, 07/12/2018 12:40:09, HDP_UNLOAD_GROUP, 0.4, 0.6, 46.3, 0.2, 0, 0, 0, 0, 18, 102, 0, 6.8, 6.7
1, 127770, 07/12/2018 13:00:14, HDP_UNLOAD_GROUP, 0.2, 0.4, 37.5, 0.2, 0, 0, 0, 0, 54, 45, 0, 2.7, 2.3
1, 127771, 07/12/2018 13:20:01, HDP_UNLOAD_GROUP, 0.7, 2.5, 400, 1.6, 0, 0, 1, 16, 36, 228, 0.2, 174.4, 666.3
1, 127772, 07/12/2018 13:40:10, HDP_UNLOAD_GROUP, 0.1, 0.1, 6.6, 0, 0, 0, 0, 0, 18, 19, 0, 4.2, 3.7
1, 127773, 07/12/2018 14:00:17, HDP_UNLOAD_GROUP, 0.1, 0.1, 23.8, 0, 0, 0, 1, 12, 23, 40, 0, 3.3, 1.2
1, 127774, 07/12/2018 14:20:07, HDP_UNLOAD_GROUP, 0.1, 0.2, 2.4, 0.1, 0, 0, 0, 0, 2, 21, 0, 0.5, 3
1, 127775, 07/12/2018 14:40:15, HDP_UNLOAD_GROUP, 0.1, 0.1, 1.6, 0, 0, 0, 0, 0, 14, 17, 0, 0, 0
1, 127776, 07/12/2018 15:00:27, HDP_UNLOAD_GROUP, 0.1, 0.1, 7.7, 0, 0, 0, 0, 0, 30, 9, 0, 4.4, 3.8
1, 127779, 07/12/2018 16:00:03, HDP_UNLOAD_GROUP, 0, 0.2, 15.2, 0.2, 0, 0, 0, 0, 38, 6, 0, 0.1, 0.1
1, 127780, 07/12/2018 16:20:24, HDP_UNLOAD_GROUP, 0.7, 2.4, 520.3, 1.5, 0, 0, 1, 16, 2, 217, 0.2, 177.2, 609.7
1, 127781, 07/12/2018 16:40:14, HDP_UNLOAD_GROUP, 0.1, 0.1, 3, 0, 0, 0, 0, 0, 10, 12, 0, 0, 0
1, 127786, 07/12/2018 18:20:09, HDP_UNLOAD_GROUP, 0.1, 0.1, 2, 0, 0, 0, 0, 0, 2, 7, 0, 0.6, 1
1, 127787, 07/12/2018 18:40:20, HDP_UNLOAD_GROUP, 0.1, 0.1, 1.2, 0, 0, 0, 0, 0, 10, 5, 0, 0, 0
1, 127788, 07/12/2018 19:00:16, HDP_UNLOAD_GROUP, 0.1, 0.1, 4.7, 0, 0, 0, 0, 0, 38, 12, 0, 0.1, 0.1
1, 127791, 07/12/2018 20:00:08, HDP_UNLOAD_GROUP, 0, 0, 0, 0, 0, 0, 0, 0, 10, 0, 0, 0, 0
1, 127792, 07/12/2018 20:20:24, HDP_UNLOAD_GROUP, 0.1, 0.2, 2.5, 0.1, 0, 0, 0, 0, 2, 35, 0, 0.5, 1.6
1, 127793, 07/12/2018 20:40:34, HDP_UNLOAD_GROUP, 0.1, 0.2, 3.3, 0.1, 0, 0, 0, 0, 10, 22, 0, 0, 0
1, 127794, 07/12/2018 21:00:12, HDP_UNLOAD_GROUP, 0, 0, 0.3, 0, 0, 0, 0, 0, 10, 3, 0, 0, 0
1, 127799, 07/12/2018 22:40:11, HDP_UNLOAD_GROUP, 0, 0, 0, 0, 0, 0, 0, 0, 10, 0, 0, 0, 0
1, 127800, 07/12/2018 23:00:09, HDP_UNLOAD_GROUP, 0, 0, 1.9, 0, 0, 0, 0, 0, 14, 1, 0, 0, 0
1, 127801, 07/12/2018 23:20:00, HDP_UNLOAD_GROUP, 0.8, 1.5, 378.9, 0.5, 0, 0, 1, 16, 24, 390, 0.2, 173.6, 667.7
1, 127751, 07/12/2018 06:40:16, ODS_SUPPORT_GROUP, 6.7, 6.8, 2.1, 0, 0, 0, 2, 24, 1820, 1631, 0.1, 17.4, 35.3
1, 127752, 07/12/2018 07:00:33, ODS_SUPPORT_GROUP, 0, 0, 1.6, 0, 0, 0, 0, 0, 10, 5, 0, 0, 0
1, 127753, 07/12/2018 07:20:07, ODS_SUPPORT_GROUP, 0, 0, 4.1, 0, 0, 0, 0, 0, 10, 7, 0, 0, 0
1, 127754, 07/12/2018 07:40:06, ODS_SUPPORT_GROUP, 0, 0, 5.9, 0, 0, 0, 0, 0, 10, 14, 0, 0, 0
1, 127756, 07/12/2018 08:20:13, ODS_SUPPORT_GROUP, 0, 0, 1.4, 0, 0, 0, 0, 0, 8, 2, 0, 0, 0
1, 127757, 07/12/2018 08:40:00, ODS_SUPPORT_GROUP, 0, 0, 0.1, 0, 0, 0, 0, 0, 9, 2, 0, 0, 0
1, 127758, 07/12/2018 09:00:17, ODS_SUPPORT_GROUP, 0, 0, 4.3, 0, 0, 0, 0, 0, 8, 1, 0, 0, 0
1, 127759, 07/12/2018 09:20:21, ODS_SUPPORT_GROUP, 0, 0.1, 2.9, 0.1, 0, 0, 0, 0, 12, 10, 0, 0, 0.1
1, 127760, 07/12/2018 09:40:22, ODS_SUPPORT_GROUP, 0.1, 0.1, 6.5, 0, 0, 0, 0, 0, 17, 16, 0, 0, 0.4
1, 127761, 07/12/2018 10:00:09, ODS_SUPPORT_GROUP, 0, 0, 9.3, 0, 0, 0, 0, 0, 7, 19, 0, 0, 0
1, 127762, 07/12/2018 10:20:23, ODS_SUPPORT_GROUP, 0, 0, 7.8, 0, 0, 0, 0, 0, 8, 5, 0, 0, 1.7
1, 127763, 07/12/2018 10:40:11, ODS_SUPPORT_GROUP, 0, 0, 8.8, 0, 0, 0, 0, 0, 14, 3, 0, 0, 0
1, 127764, 07/12/2018 11:00:06, ODS_SUPPORT_GROUP, 0, 0, 7.5, 0, 0, 0, 0, 0, 10, 1, 0, 0, 0.5
1, 127766, 07/12/2018 11:40:11, ODS_SUPPORT_GROUP, 0, 0, 5, 0, 0, 0, 0, 0, 7, 1, 0, 0, 0
1, 127767, 07/12/2018 12:00:15, ODS_SUPPORT_GROUP, 0, 0, 6.6, 0, 0, 0, 0, 0, 8, 12, 0, 0, 0
1, 127768, 07/12/2018 12:20:11, ODS_SUPPORT_GROUP, 0, 0, 2.5, 0, 0, 0, 0, 0, 8, 0, 0, 0, 0
1, 127769, 07/12/2018 12:40:09, ODS_SUPPORT_GROUP, 0, 0, 5.4, 0, 0, 0, 0, 0, 6, 1, 0, 0, 0
1, 127770, 07/12/2018 13:00:14, ODS_SUPPORT_GROUP, 0, 0, 9.1, 0, 0, 0, 0, 0, 17, 4, 0, 0, 0
1, 127772, 07/12/2018 13:40:10, ODS_SUPPORT_GROUP, 0, 0, 3.4, 0, 0, 0, 0, 0, 9, 7, 0, 0, 0
1, 127773, 07/12/2018 14:00:17, ODS_SUPPORT_GROUP, 0, 0, 9.2, 0, 0, 0, 0, 0, 10, 8, 0, 0, 0
1, 127775, 07/12/2018 14:40:15, ODS_SUPPORT_GROUP, 0.1, 0.1, 7, 0, 0, 0, 0, 0, 34, 18, 0, 0.1, 3.3
1, 127776, 07/12/2018 15:00:27, ODS_SUPPORT_GROUP, 0, 0, 1.9, 0, 0, 0, 0, 0, 8, 2, 0, 0, 0
1, 127780, 07/12/2018 16:20:24, ODS_SUPPORT_GROUP, 0, 0, 0, 0, 0, 0, 0, 0, 9, 0, 0, 0, 0
1, 127781, 07/12/2018 16:40:14, ODS_SUPPORT_GROUP, 0, 0, 1, 0, 0, 0, 0, 0, 8, 0, 0, 0, 0
1, 127782, 07/12/2018 17:00:00, ODS_SUPPORT_GROUP, 0, 0, 1.5, 0, 0, 0, 0, 0, 8, 1, 0, 0, 0
1, 127783, 07/12/2018 17:20:09, ODS_SUPPORT_GROUP, 0, 0, 1.7, 0, 0, 0, 0, 0, 11, 1, 0, 0, 0.1
1, 127784, 07/12/2018 17:40:07, ODS_SUPPORT_GROUP, 0, 0, 0.9, 0, 0, 0, 0, 0, 10, 2, 0, 0, 0
1, 127785, 07/12/2018 18:00:15, ODS_SUPPORT_GROUP, 0, 0, 2, 0, 0, 0, 0, 0, 9, 2, 0, 0, 0.1
1, 127786, 07/12/2018 18:20:09, ODS_SUPPORT_GROUP, 0, 0, 0.7, 0, 0, 0, 0, 0, 9, 0, 0, 0, 0
1, 127787, 07/12/2018 18:40:20, ODS_SUPPORT_GROUP, 0, 0, 0.6, 0, 0, 0, 0, 0, 10, 0, 0, 0, 0
1, 127788, 07/12/2018 19:00:16, ODS_SUPPORT_GROUP, 0, 0, 0.8, 0, 0, 0, 0, 0, 8, 2, 0, 0, 0
1, 127790, 07/12/2018 19:40:05, ODS_SUPPORT_GROUP, 0, 0, 0.7, 0, 0, 0, 0, 0, 7, 2, 0, 0, 0
1, 127792, 07/12/2018 20:20:24, ODS_SUPPORT_GROUP, 0, 0, 1.2, 0, 0, 0, 0, 0, 8, 1, 0, 0, 0
1, 127794, 07/12/2018 21:00:12, ODS_SUPPORT_GROUP, 0, 0, 2.9, 0, 0, 0, 0, 0, 9, 7, 0, 0, 0
1, 127795, 07/12/2018 21:20:02, ODS_SUPPORT_GROUP, 0, 0, 1.4, 0, 0, 0, 0, 0, 8, 3, 0, 0, 0
1, 127796, 07/12/2018 21:40:15, ODS_SUPPORT_GROUP, 0, 0, 0.9, 0, 0, 0, 0, 0, 9, 2, 0, 0, 0
1, 127797, 07/12/2018 22:00:02, ODS_SUPPORT_GROUP, 0, 0, 0.3, 0, 0, 0, 0, 0, 5, 0, 0, 0, 0
1, 127751, 07/12/2018 06:40:16, OTHER_GROUPS, 3011.3, 4087.9, 7839.5, 0, 3, 0.1, 49, 2058, 183941, 4058988, 1076.6, 37897.6, 934900.2
1, 127752, 07/12/2018 07:00:33, OTHER_GROUPS, 22.5, 49.8, 7613.7, 21.7, 0, 0, 2, 48, 648, 29573, 5.6, 134.3, 7767.8
1, 127753, 07/12/2018 07:20:07, OTHER_GROUPS, 22.5, 61.1, 8976.7, 25.9, 0, 0, 0, 0, 832, 35573, 12.7, 163.9, 10912.5
1, 127754, 07/12/2018 07:40:06, OTHER_GROUPS, 28.8, 86, 9144.4, 48.7, 0, 0, 0, 0, 632, 49970, 8.5, 144.4, 7906.1
1, 127755, 07/12/2018 08:00:08, OTHER_GROUPS, 26.6, 94.3, 8278.7, 56.1, 0, 0, 0, 0, 618, 45379, 11.6, 148.6, 8201.1
1, 127756, 07/12/2018 08:20:13, OTHER_GROUPS, 26.6, 74.5, 8211, 35.6, 0, 0, 0, 0, 712, 44216, 12.3, 159.9, 10223.8
1, 127757, 07/12/2018 08:40:00, OTHER_GROUPS, 13.8, 77.8, 7677.2, 55.7, 0, 0, 0, 0, 939, 22429, 8.3, 102.2, 6749.4
1, 127758, 07/12/2018 09:00:17, OTHER_GROUPS, 15.5, 66.9, 8808.2, 38.4, 0, 0, 0, 0, 607, 21111, 13, 142.2, 10382.3
1, 127759, 07/12/2018 09:20:21, OTHER_GROUPS, 15.6, 65.8, 8398, 38.6, 0, 0, 1, 18, 749, 22692, 11.6, 3915, 9688
1, 127760, 07/12/2018 09:40:22, OTHER_GROUPS, 14.6, 68.7, 8145.7, 43.5, 0, 0, 0, 0, 815, 18454, 10.6, 133.1, 8822.2
1, 127761, 07/12/2018 10:00:09, OTHER_GROUPS, 23.1, 85.8, 8927.3, 50.6, 0, 0, 1, 9, 681, 37089, 12.1, 3684, 7753.8
1, 127762, 07/12/2018 10:20:23, OTHER_GROUPS, 22.7, 90.5, 10735.8, 54.8, 0, 0, 2, 64, 887, 34505, 13, 1546.8, 9108.8
1, 127763, 07/12/2018 10:40:11, OTHER_GROUPS, 11.9, 62.2, 7133, 42.2, 0, 0, 0, 0, 739, 17067, 8.1, 147, 5192
1, 127764, 07/12/2018 11:00:06, OTHER_GROUPS, 13.9, 60.5, 8449.1, 35, 0, 0, 0, 0, 637, 17068, 11.6, 109.7, 6568.9
1, 127765, 07/12/2018 11:20:30, OTHER_GROUPS, 15.3, 57.2, 7112.8, 33.1, 0, 0, 0, 0, 722, 19225, 8.8, 108.5, 6344.2
1, 127766, 07/12/2018 11:40:11, OTHER_GROUPS, 15.7, 54.9, 8224.4, 29.7, 0, 0, 0, 0, 650, 20189, 9.5, 116.7, 7042.3
1, 127767, 07/12/2018 12:00:15, OTHER_GROUPS, 19.6, 97.2, 9685.9, 67.6, 0, 0, 0, 0, 698, 32428, 10, 115, 6324.5
1, 127768, 07/12/2018 12:20:11, OTHER_GROUPS, 17, 56.7, 7426.4, 29.9, 0, 0, 1, 16, 700, 27339, 9.8, 114.2, 7337.7
1, 127769, 07/12/2018 12:40:09, OTHER_GROUPS, 17.4, 72.4, 8796, 48, 0, 0, 0, 0, 656, 24075, 7, 92.6, 5163.5
1, 127770, 07/12/2018 13:00:14, OTHER_GROUPS, 18.5, 69, 8067.8, 46.5, 0, 0, 0, 0, 621, 22901, 4, 97, 3721.3
1, 127771, 07/12/2018 13:20:01, OTHER_GROUPS, 16.7, 64.4, 7250.2, 39.3, 0, 0, 0, 0, 675, 25065, 8.4, 105.4, 6580.4
1, 127772, 07/12/2018 13:40:10, OTHER_GROUPS, 19.1, 68.2, 8824.9, 45.6, 0, 0, 0, 0, 734, 26047, 3.5, 107, 4429.7
1, 127773, 07/12/2018 14:00:17, OTHER_GROUPS, 19.8, 72.9, 8930.6, 46.8, 0, 0, 0, 0, 609, 26883, 6.3, 100.8, 4848.5
1, 127774, 07/12/2018 14:20:07, OTHER_GROUPS, 17.1, 82.6, 9778.1, 53.9, 0, 0, 0, 0, 860, 25382, 11.6, 114.5, 7306.7
1, 127775, 07/12/2018 14:40:15, OTHER_GROUPS, 13.7, 60.8, 8327.1, 34.5, 0, 0, 0, 0, 631, 19177, 12.6, 99.6, 6055.6
1, 127776, 07/12/2018 15:00:27, OTHER_GROUPS, 14.5, 81, 9300.3, 50.5, 0, 0, 0, 0, 768, 20172, 16, 98, 6134.3
1, 127777, 07/12/2018 15:20:06, OTHER_GROUPS, 13.6, 69.8, 8410, 38.5, 0, 0, 0, 0, 674, 18452, 17.7, 108, 6564.2
1, 127778, 07/12/2018 15:40:15, OTHER_GROUPS, 15.2, 72.2, 9232.9, 40.6, 0, 0, 0, 0, 613, 21440, 16.4, 107.4, 6828.8
1, 127779, 07/12/2018 16:00:03, OTHER_GROUPS, 19.6, 71.1, 9973.6, 43.3, 0, 0, 0, 0, 660, 28347, 8.2, 111.9, 4922.8
1, 127780, 07/12/2018 16:20:24, OTHER_GROUPS, 18, 78.8, 8851.4, 55, 0, 0, 0, 0, 817, 29447, 5.8, 99.3, 4690.9
1, 127781, 07/12/2018 16:40:14, OTHER_GROUPS, 17, 61.6, 8267.6, 38.4, 0, 0, 0, 0, 689, 27594, 6.2, 95.3, 5340.1
1, 127782, 07/12/2018 17:00:00, OTHER_GROUPS, 16.8, 56.4, 8446.8, 33.5, 0, 0, 0, 0, 612, 26997, 6.1, 103.7, 5033.9
1, 127783, 07/12/2018 17:20:09, OTHER_GROUPS, 19, 56, 8484.8, 30.2, 0, 0, 0, 0, 748, 31017, 6.8, 123.4, 6969.1
1, 127784, 07/12/2018 17:40:07, OTHER_GROUPS, 19, 51, 7800.3, 28.2, 0, 0, 0, 0, 646, 30797, 3.8, 105.4, 5259.2
1, 127785, 07/12/2018 18:00:15, OTHER_GROUPS, 16.9, 62.4, 8954.9, 41.5, 0, 0, 0, 0, 792, 28073, 4, 107.5, 5161
1, 127786, 07/12/2018 18:20:09, OTHER_GROUPS, 18.8, 33.5, 7046.3, 11.1, 0, 0, 0, 0, 653, 29049, 3.6, 113.9, 6082.5
1, 127787, 07/12/2018 18:40:20, OTHER_GROUPS, 16.9, 37, 8664.2, 16.9, 0, 0, 0, 0, 611, 22964, 3.2, 112.4, 5839.6
1, 127788, 07/12/2018 19:00:16, OTHER_GROUPS, 17.8, 45.1, 7574.6, 22.7, 0, 0, 0, 0, 603, 28634, 4.6, 91, 4508.9
1, 127789, 07/12/2018 19:20:33, OTHER_GROUPS, 17.2, 58.3, 25782.1, 38.1, 0, 0, 0, 0, 1657, 20991, 3, 97.5, 4716.4
1, 127790, 07/12/2018 19:40:05, OTHER_GROUPS, 13.1, 34, 7040.2, 18.2, 0, 0, 0, 0, 689, 19598, 2.7, 92.8, 4584.9
1, 127791, 07/12/2018 20:00:08, OTHER_GROUPS, 15.8, 43.7, 9056.2, 23.8, 0, 0, 0, 0, 656, 22945, 4.1, 100, 4534.3
1, 127792, 07/12/2018 20:20:24, OTHER_GROUPS, 17.6, 49.6, 8065.2, 29.2, 0, 0, 0, 0, 815, 24455, 2.8, 73.9, 3247.7
1, 127793, 07/12/2018 20:40:34, OTHER_GROUPS, 16.6, 33.4, 7282.4, 13.9, 0, 0, 0, 0, 765, 19147, 2.9, 76.3, 3280.2
1, 127794, 07/12/2018 21:00:12, OTHER_GROUPS, 15.1, 33.8, 7731.8, 11.9, 0, 0, 0, 0, 589, 15902, 6.8, 73.4, 2937.7
1, 127795, 07/12/2018 21:20:02, OTHER_GROUPS, 24.4, 43.8, 8014.4, 18, 0, 0, 0, 0, 668, 37503, 1.4, 57.5, 1793.7
1, 127796, 07/12/2018 21:40:15, OTHER_GROUPS, 20.1, 30, 6687.2, 8.4, 0, 0, 0, 0, 608, 25475, 1.5, 65.3, 2611.2
1, 127797, 07/12/2018 22:00:02, OTHER_GROUPS, 15.9, 30.9, 7439.9, 12.3, 0, 0, 0, 0, 547, 18309, 2.7, 67.7, 2338.4
1, 127798, 07/12/2018 22:20:07, OTHER_GROUPS, 16.9, 31.5, 7265.8, 12.7, 0, 0, 0, 0, 676, 19820, 1.9, 64.5, 2011.3
1, 127799, 07/12/2018 22:40:11, OTHER_GROUPS, 17.8, 30.5, 7367, 11, 0, 0, 0, 0, 598, 21275, 1.7, 57.8, 1727.7
1, 127800, 07/12/2018 23:00:09, OTHER_GROUPS, 31.4, 56, 10517.2, 20.8, 0, 0, 0, 0, 656, 52108, 3.8, 250.5, 7644
1, 127801, 07/12/2018 23:20:00, OTHER_GROUPS, 28.7, 49.7, 11407.6, 13.7, 0, 0, 0, 0, 692, 46538, 7.3, 665.7, 19952
1, 127802, 07/12/2018 23:40:15, OTHER_GROUPS, 13.6, 38.4, 8771.3, 19.8, 0, 0, 1, 64, 607, 15719, 5, 136.4, 5023
2, 127752, 07/12/2018 07:00:33, ADW_UNLOAD_GROUP, 3.1, 3.3, 684.9, 0.2, 0, 0, 1, 32, 425, 1421, 0, 158, 44.4
2, 127753, 07/12/2018 07:20:07, ADW_UNLOAD_GROUP, 2.2, 3.2, 112.2, 1, 0, 0, 0, 0, 210, 784, 0, 192.8, 4.7
2, 127754, 07/12/2018 07:40:06, ADW_UNLOAD_GROUP, 0, 0, 0, 0, 0, 0, 0, 0, 127, 1, 0, 0.1, 4.5
2, 127755, 07/12/2018 08:00:07, ADW_UNLOAD_GROUP, 0, 0.1, 0.3, 0.1, 0, 0, 0, 0, 728, 0, 0, 0, 0.6
2, 127756, 07/12/2018 08:20:12, ADW_UNLOAD_GROUP, 0, 0, 0, 0, 0, 0, 0, 0, 588, 0, 0, 0, 0
2, 127757, 07/12/2018 08:40:00, ADW_UNLOAD_GROUP, 0, 0, 0.1, 0, 0, 0, 0, 0, 148, 0, 0, 0, 0
2, 127758, 07/12/2018 09:00:17, ADW_UNLOAD_GROUP, 0, 0, 0, 0, 0, 0, 0, 0, 188, 0, 0, 0, 0
2, 127759, 07/12/2018 09:20:21, ADW_UNLOAD_GROUP, 0, 0, 0, 0, 0, 0, 0, 0, 254, 0, 0, 0, 0
2, 127760, 07/12/2018 09:40:22, ADW_UNLOAD_GROUP, 0, 0, 0.1, 0, 0, 0, 0, 0, 203, 2, 0, 0, 0
2, 127761, 07/12/2018 10:00:09, ADW_UNLOAD_GROUP, 0.2, 0.2, 0, 0, 0, 0, 1, 4, 463, 34, 0, 1118.9, 71.6
2, 127762, 07/12/2018 10:20:22, ADW_UNLOAD_GROUP, 0.2, 0.2, 0.2, 0, 0, 0, 3, 12, 527, 31, 0, 872.8, 153.2
2, 127763, 07/12/2018 10:40:11, ADW_UNLOAD_GROUP, 0.1, 0.1, 0, 0, 0, 0, 1, 4, 347, 10, 0, 412.8, 79.5
2, 127764, 07/12/2018 11:00:06, ADW_UNLOAD_GROUP, 0.2, 0.2, 0.1, 0, 0, 0, 2, 8, 499, 32, 0, 1276.5, 97.8
2, 127765, 07/12/2018 11:20:25, ADW_UNLOAD_GROUP, 0.2, 0.2, 0, 0, 0, 0, 2, 8, 544, 49, 0, 1377.5, 118.6
2, 127766, 07/12/2018 11:40:11, ADW_UNLOAD_GROUP, 0.3, 0.3, 0, 0, 0, 0, 3, 12, 474, 50, 0, 2565.6, 139.2
2, 127767, 07/12/2018 12:00:19, ADW_UNLOAD_GROUP, 0.3, 0.3, 0.5, 0, 0, 0, 2, 8, 513, 21, 0, 1799.2, 86.1
2, 127768, 07/12/2018 12:20:06, ADW_UNLOAD_GROUP, 0.2, 0.2, 0, 0, 0, 0, 2, 8, 401, 21, 0, 1814.8, 113.2
2, 127769, 07/12/2018 12:40:09, ADW_UNLOAD_GROUP, 0, 0, 0.1, 0, 0, 0, 0, 0, 711, 0, 0, 0, 0
2, 127770, 07/12/2018 13:00:14, ADW_UNLOAD_GROUP, 0.2, 0.2, 0, 0, 1, 0.1, 2, 8, 471, 30, 0, 1671.8, 114
2, 127771, 07/12/2018 13:20:01, ADW_UNLOAD_GROUP, 0.2, 0.2, 0, 0, 0, 0, 2, 20, 395, 34, 0, 1106.5, 156.4
2, 127772, 07/12/2018 13:40:10, ADW_UNLOAD_GROUP, 0.2, 0.2, 0.1, 0, 0, 0, 2, 8, 419, 24, 0, 1070.6, 144.6
2, 127773, 07/12/2018 14:00:14, ADW_UNLOAD_GROUP, 0.2, 0.2, 0.1, 0, 0, 0, 2, 8, 227, 34, 0, 875, 116.5
2, 127774, 07/12/2018 14:20:07, ADW_UNLOAD_GROUP, 0.2, 0.2, 0.8, 0, 0, 0, 2, 8, 391, 65, 0, 1786.1, 109.5
2, 127775, 07/12/2018 14:40:15, ADW_UNLOAD_GROUP, 0.2, 0.2, 8.4, 0, 0, 0, 2, 8, 359, 48, 0, 1374.9, 97.1
2, 127776, 07/12/2018 15:00:28, ADW_UNLOAD_GROUP, 0.3, 0.4, 1.1, 0, 0, 0, 2, 8, 718, 67, 0.1, 1485.1, 161.9
2, 127777, 07/12/2018 15:20:06, ADW_UNLOAD_GROUP, 0.2, 0.3, 0.2, 0, 0, 0, 1, 4, 674, 43, 0.1, 527.5, 130
2, 127778, 07/12/2018 15:40:15, ADW_UNLOAD_GROUP, 0.2, 0.2, 6.8, 0, 0, 0, 2, 8, 713, 37, 0, 1133.1, 161.7
2, 127779, 07/12/2018 16:00:06, ADW_UNLOAD_GROUP, 0.1, 0.1, 8.3, 0, 0, 0, 0, 0, 758, 13, 0, 0, 2.5
2, 127780, 07/12/2018 16:20:24, ADW_UNLOAD_GROUP, 0, 0, 0.1, 0, 0, 0, 0, 0, 555, 1, 0, 0, 0
2, 127781, 07/12/2018 16:40:14, ADW_UNLOAD_GROUP, 0, 0.2, 13.8, 0.2, 0, 0, 0, 0, 493, 0, 0, 0, 0
2, 127782, 07/12/2018 17:00:00, ADW_UNLOAD_GROUP, 4.2, 4.8, 999.4, 0.1, 0, 0, 4, 14, 550, 549, 0.5, 164.5, 113.4
2, 127783, 07/12/2018 17:20:08, ADW_UNLOAD_GROUP, 3.6, 4.4, 2717.2, 0.4, 0, 0, 1, 16, 402, 320, 0.4, 54.4, 132.7
2, 127784, 07/12/2018 17:40:07, ADW_UNLOAD_GROUP, 0.8, 1.4, 150.3, 0.3, 0, 0, 3, 48, 543, 117, 0.3, 2.7, 129.3
2, 127785, 07/12/2018 18:00:15, ADW_UNLOAD_GROUP, 0.3, 1.1, 390.2, 0.5, 0, 0, 1, 8, 391, 40, 0.3, 0.6, 72.2
2, 127786, 07/12/2018 18:20:04, ADW_UNLOAD_GROUP, 0, 0.7, 53.2, 0.4, 0, 0, 0, 0, 387, 0, 0.3, 0.8, 99
2, 127787, 07/12/2018 18:40:20, ADW_UNLOAD_GROUP, 0.1, 0.9, 173.8, 0.4, 0, 0, 0, 0, 549, 2, 0.4, 1.8, 231.1
2, 127788, 07/12/2018 19:00:16, ADW_UNLOAD_GROUP, 0.6, 1.6, 1661.2, 0.7, 0, 0, 0, 0, 611, 8, 0.3, 3236.7, 170.2
2, 127790, 07/12/2018 19:40:05, ADW_UNLOAD_GROUP, 0.5, 1.1, 1487.1, 0.3, 0, 0, 0, 0, 431, 5, 0.3, 5, 309
2, 127791, 07/12/2018 20:00:08, ADW_UNLOAD_GROUP, 0.5, 1.3, 1817.1, 0.5, 0, 0, 0, 0, 570, 0, 0.3, 5.3, 404.3
2, 127792, 07/12/2018 20:20:24, ADW_UNLOAD_GROUP, 0.5, 1.3, 1873, 0.5, 0, 0, 0, 0, 628, 0, 0.3, 6.1, 524.7
2, 127793, 07/12/2018 20:40:34, ADW_UNLOAD_GROUP, 0.6, 1.1, 2221.6, 0.1, 0, 0, 0, 0, 619, 6, 0.4, 6.4, 491.3
2, 127794, 07/12/2018 21:00:12, ADW_UNLOAD_GROUP, 4.8, 7.2, 14130.4, 2, 0, 0, 0, 0, 607, 1299, 0.4, 197.6, 353.8
2, 127795, 07/12/2018 21:20:02, ADW_UNLOAD_GROUP, 2.5, 3, 1520, 0, 0, 0, 0, 0, 608, 345, 0.5, 53.9, 500.2
2, 127796, 07/12/2018 21:40:14, ADW_UNLOAD_GROUP, 2.1, 3, 1202.7, 0.4, 0, 0, 0, 0, 549, 129, 0.5, 9.5, 528.7
2, 127797, 07/12/2018 22:00:02, ADW_UNLOAD_GROUP, 1.8, 2.5, 1500.6, 0.3, 0, 0, 0, 0, 655, 87, 0.4, 8.9, 580.1
2, 127798, 07/12/2018 22:20:07, ADW_UNLOAD_GROUP, 1.8, 2.5, 1029.4, 0.3, 0, 0, 0, 0, 488, 80, 0.4, 10.1, 613.4
2, 127799, 07/12/2018 22:40:09, ADW_UNLOAD_GROUP, 1.8, 2.6, 2417.1, 0.3, 0, 0, 0, 0, 631, 68, 0.5, 9.6, 572.1
2, 127800, 07/12/2018 23:00:04, ADW_UNLOAD_GROUP, 1.7, 2.5, 1368.8, 0.4, 0, 0, 0, 0, 539, 69, 0.4, 10.3, 612.4
2, 127801, 07/12/2018 23:20:00, ADW_UNLOAD_GROUP, 1.5, 2.3, 1412.2, 0.5, 0, 0, 0, 0, 581, 93, 0.3, 9.2, 575.7
2, 127802, 07/12/2018 23:40:15, ADW_UNLOAD_GROUP, 1.4, 2.1, 891.7, 0.4, 0, 0, 0, 0, 574, 59, 0.3, 9.8, 649.6
2, 127751, 07/12/2018 06:40:16, FP_DM_PRIOR, 734, 954.8, 1510.2, 0, 62, 2.4, 3742, 89605, 104937, 447578, 220.8, 96796.5, 976749.4
2, 127752, 07/12/2018 07:00:33, FP_DM_PRIOR, 3.7, 4.6, 1375.6, 0.6, 0, 0, 1, 16, 16, 877, 0.3, 243.8, 717.6
2, 127753, 07/12/2018 07:20:07, FP_DM_PRIOR, 2.9, 3.1, 844, 0, 0, 0, 9, 152, 409, 1136, 0.2, 931.1, 759.4
2, 127754, 07/12/2018 07:40:06, FP_DM_PRIOR, 6.4, 9.1, 2127.6, 2.1, 0, 0, 7, 160, 136, 2323, 0.6, 882.3, 3571.3
2, 127755, 07/12/2018 08:00:07, FP_DM_PRIOR, 0.5, 0.5, 309.4, 0, 0, 0, 1, 32, 116, 98, 0, 17.7, 8.3
2, 127756, 07/12/2018 08:20:12, FP_DM_PRIOR, 0, 0, 244.9, 0, 0, 0, 0, 0, 0, 0, 0, 0, 0
2, 127757, 07/12/2018 08:40:00, FP_DM_PRIOR, 2.3, 6.1, 672.8, 3.5, 1, 0, 25, 488, 683, 756, 0.3, 1138.1, 570.3
2, 127758, 07/12/2018 09:00:17, FP_DM_PRIOR, 7.1, 14.2, 2603.9, 5.6, 0, 0, 19, 576, 760, 3298, 1.5, 502.3, 3911.4
2, 127759, 07/12/2018 09:20:21, FP_DM_PRIOR, 5.9, 7.9, 8810.9, 1.6, 1, 0.1, 19, 528, 464, 1665, 0.4, 242.7, 723.4
2, 127760, 07/12/2018 09:40:22, FP_DM_PRIOR, 2.6, 4.2, 5927, 1.5, 3, 0.2, 20, 504, 550, 499, 0.1, 64.4, 202
2, 127761, 07/12/2018 10:00:09, FP_DM_PRIOR, 8.2, 13.2, 7924.1, 4.1, 0, 0, 30, 800, 819, 4600, 0.9, 1112.6, 1240.6
2, 127762, 07/12/2018 10:20:22, FP_DM_PRIOR, 4.2, 7.8, 7701.6, 3.1, 0, 0, 8, 224, 176, 1180, 0.5, 267.6, 1527.8
2, 127763, 07/12/2018 10:40:11, FP_DM_PRIOR, 0.8, 1.4, 2065.9, 0.6, 0, 0, 0, 0, 0, 102, 0, 7.6, 74.1
2, 127764, 07/12/2018 11:00:06, FP_DM_PRIOR, 3, 6.1, 3397.7, 2.7, 0, 0, 24, 584, 689, 1478, 0.4, 170.2, 655.3
2, 127765, 07/12/2018 11:20:25, FP_DM_PRIOR, 4.2, 7.9, 3286.7, 2.9, 0, 0, 9, 208, 214, 2062, 0.8, 1163.8, 1927.1
2, 127766, 07/12/2018 11:40:11, FP_DM_PRIOR, 2, 3.7, 4068.8, 1.4, 0, 0, 12, 336, 317, 334, 0.3, 134, 1020.9
2, 127767, 07/12/2018 12:00:19, FP_DM_PRIOR, 2.5, 2.7, 4603.4, 0.2, 0, 0, 0, 0, 18, 493, 0, 72.9, 19.4
2, 127768, 07/12/2018 12:20:06, FP_DM_PRIOR, 0.4, 0.4, 2881.7, 0, 0, 0, 0, 0, 0, 45, 0, 3.3, 0
2, 127769, 07/12/2018 12:40:09, FP_DM_PRIOR, 5.1, 10.2, 5380.2, 4.5, 2, 0, 44, 1200, 1468, 2411, 0.6, 1169.9, 1079.5
2, 127770, 07/12/2018 13:00:14, FP_DM_PRIOR, 2.1, 6.3, 2804.1, 3.5, 0, 0, 3, 80, 86, 562, 0.7, 191.3, 1831
2, 127771, 07/12/2018 13:20:01, FP_DM_PRIOR, 2.1, 2.7, 3957.2, 0.5, 0, 0, 0, 0, 0, 519, 0.1, 125.5, 259.3
2, 127772, 07/12/2018 13:40:10, FP_DM_PRIOR, 0.5, 0.5, 2828.2, 0, 0, 0, 0, 0, 0, 48, 0, 3.4, 0
2, 127773, 07/12/2018 14:00:14, FP_DM_PRIOR, 2.8, 3.9, 2342.3, 0.9, 0, 0, 2, 32, 222, 1090, 0.2, 165.9, 241.3
2, 127774, 07/12/2018 14:20:07, FP_DM_PRIOR, 5.8, 11.6, 3890.8, 4.7, 0, 0, 16, 384, 423, 2576, 1.1, 725.2, 2529.4
2, 127775, 07/12/2018 14:40:15, FP_DM_PRIOR, 2.5, 3, 4652.3, 0.3, 0, 0, 0, 0, 27, 830, 0.2, 156.6, 488.9
2, 127776, 07/12/2018 15:00:28, FP_DM_PRIOR, 0.4, 0.5, 3696.2, 0.1, 0, 0, 0, 0, 0, 63, 0, 2.6, 0
2, 127777, 07/12/2018 15:20:06, FP_DM_PRIOR, 0.4, 0.4, 2058.1, 0, 0, 0, 0, 0, 0, 67, 0, 2.7, 0
2, 127778, 07/12/2018 15:40:15, FP_DM_PRIOR, 0.4, 0.4, 2477.9, 0, 0, 0, 0, 0, 0, 45, 0, 3, 0
2, 127779, 07/12/2018 16:00:06, FP_DM_PRIOR, 4.9, 9.1, 4267.7, 3.4, 0, 0, 13, 336, 588, 2271, 0.8, 1256.1, 1459.7
2, 127780, 07/12/2018 16:20:24, FP_DM_PRIOR, 2.9, 10.2, 4392.8, 6.6, 0, 0, 2, 32, 0, 1094, 0.7, 252.3, 2170.8
2, 127781, 07/12/2018 16:40:14, FP_DM_PRIOR, 4.3, 8.1, 3804.5, 3.2, 0, 0, 1, 16, 16, 1303, 0.6, 305.6, 1427.8
2, 127782, 07/12/2018 17:00:00, FP_DM_PRIOR, 5.8, 8.3, 2619.1, 1.9, 0, 0, 0, 0, 0, 1540, 0.6, 452.2, 423.3
2, 127783, 07/12/2018 17:20:08, FP_DM_PRIOR, 4.4, 6.2, 1387.2, 1.3, 0, 0, 11, 288, 441, 1874, 0.5, 380.3, 870.3
2, 127784, 07/12/2018 17:40:07, FP_DM_PRIOR, 1.9, 2.2, 468.9, 0.2, 0, 0, 26, 568, 615, 658, 0.1, 519.6, 275.1
2, 127785, 07/12/2018 18:00:15, FP_DM_PRIOR, 0.8, 1.6, 87.9, 0.7, 0, 0, 2, 48, 55, 124, 0.1, 636.9, 112
2, 127786, 07/12/2018 18:20:04, FP_DM_PRIOR, 0.3, 0.4, 10, 0.1, 0, 0, 0, 0, 0, 30, 0, 4.2, 14.4
2, 127787, 07/12/2018 18:40:20, FP_DM_PRIOR, 3, 4.9, 575.2, 1.3, 0, 0, 26, 488, 728, 1073, 0.6, 968.3, 1969.2
2, 127788, 07/12/2018 19:00:16, FP_DM_PRIOR, 1.6, 3.5, 891.5, 1.6, 0, 0, 1, 16, 39, 255, 0.3, 162.7, 1174.4
2, 127790, 07/12/2018 19:40:05, FP_DM_PRIOR, 1.5, 1.6, 261.1, 0, 0, 0, 10, 288, 281, 354, 0.1, 86.5, 231.9
2, 127791, 07/12/2018 20:00:08, FP_DM_PRIOR, 5.5, 17.1, 5248.9, 9.5, 0, 0, 104, 2573, 3011, 3291, 2.1, 667.7, 8751.4
2, 127792, 07/12/2018 20:20:24, FP_DM_PRIOR, 10, 19.9, 13451.7, 7.3, 0, 0, 140, 3251, 3474, 8405, 2.6, 2710.5, 11497.5
2, 127793, 07/12/2018 20:40:34, FP_DM_PRIOR, 3.1, 3.2, 1196.1, 0, 0, 0, 4, 55, 143, 608, 0.1, 194.9, 1418.7
2, 127794, 07/12/2018 21:00:12, FP_DM_PRIOR, 5.8, 11.5, 1791.5, 3.6, 0, 0, 105, 2648, 2922, 6623, 2.1, 1124.5, 2571.3
2, 127795, 07/12/2018 21:20:02, FP_DM_PRIOR, 13.4, 21.2, 2900.8, 6.1, 0, 0, 33, 792, 896, 10655, 1.7, 1444.7, 7803.2
2, 127796, 07/12/2018 21:40:14, FP_DM_PRIOR, 9.7, 14.8, 2078.2, 3.8, 0, 0, 1, 16, 68, 5295, 1.3, 303.5, 6743.3
2, 127797, 07/12/2018 22:00:02, FP_DM_PRIOR, 12.5, 19.1, 20931, 3.4, 0, 0, 131, 3296, 3854, 15903, 3.2, 2207.4, 9102.3
2, 127798, 07/12/2018 22:20:07, FP_DM_PRIOR, 8.1, 11.6, 21240.1, 3.2, 0, 0, 4, 92, 95, 2430, 0.3, 350.7, 6681.4
2, 127799, 07/12/2018 22:40:09, FP_DM_PRIOR, 7.5, 8.5, 4086.3, 0.4, 0, 0, 149, 3656, 3807, 4276, 0.6, 2330.4, 1749.6
2, 127800, 07/12/2018 23:00:04, FP_DM_PRIOR, 3.1, 4.1, 5805.5, 0.7, 0, 0, 4, 80, 122, 626, 0.3, 283, 1215
2, 127801, 07/12/2018 23:20:00, FP_DM_PRIOR, 5.4, 6.9, 5050.2, 0.9, 0, 0, 134, 3256, 3333, 5484, 0.6, 1834.9, 1487.3
2, 127802, 07/12/2018 23:40:15, FP_DM_PRIOR, 3.5, 5, 5408.5, 1.2, 0, 0, 10, 249, 278, 843, 0.3, 316.7, 1296.6
2, 127755, 07/12/2018 08:00:07, HDP_UNLOAD_GROUP, 1.2, 2, 229.9, 0.7, 0, 0, 0, 0, 22, 236, 0.1, 19.7, 10.3
2, 127756, 07/12/2018 08:20:12, HDP_UNLOAD_GROUP, 0.1, 0.1, 120.2, 0, 0, 0, 0, 0, 0, 7, 0, 2.2, 0.1
2, 127772, 07/12/2018 13:40:10, HDP_UNLOAD_GROUP, 0, 0, 2.2, 0, 0, 0, 0, 0, 0, 0, 0, 0, 0
2, 127773, 07/12/2018 14:00:14, HDP_UNLOAD_GROUP, 0.1, 0.1, 17, 0, 0, 0, 1, 16, 20, 28, 0, 4.9, 1.9
2, 127766, 07/12/2018 11:40:11, ODS2EXA_GROUP, 0, 0.6, 15.7, 0.6, 0, 0, 0, 0, 5, 0, 0, 74.3, 0
2, 127767, 07/12/2018 12:00:19, ODS2EXA_GROUP, 0, 0.9, 24.8, 0.9, 0, 0, 0, 0, 0, 1, 0, 107, 0
2, 127768, 07/12/2018 12:20:06, ODS2EXA_GROUP, 0, 0.7, 18.3, 0.7, 0, 0, 0, 0, 0, 1, 0, 102.3, 0
2, 127769, 07/12/2018 12:40:09, ODS2EXA_GROUP, 0, 0.5, 12.5, 0.5, 0, 0, 0, 0, 0, 0, 0, 63.8, 0
2, 127770, 07/12/2018 13:00:14, ODS2EXA_GROUP, 0, 0.4, 9.7, 0.4, 0, 0, 0, 0, 0, 1, 0, 65.4, 0
2, 127771, 07/12/2018 13:20:01, ODS2EXA_GROUP, 0, 0.4, 10.8, 0.4, 0, 0, 0, 0, 0, 0, 0, 63.7, 0
2, 127772, 07/12/2018 13:40:10, ODS2EXA_GROUP, 0, 0.4, 12, 0.4, 0, 0, 0, 0, 0, 0, 0, 67.5, 0
2, 127773, 07/12/2018 14:00:14, ODS2EXA_GROUP, 0, 0.4, 10.2, 0.4, 0, 0, 0, 0, 0, 0, 0, 59, 0
2, 127774, 07/12/2018 14:20:07, ODS2EXA_GROUP, 0, 0.4, 11.8, 0.4, 0, 0, 0, 0, 0, 1, 0, 53.4, 0
2, 127775, 07/12/2018 14:40:15, ODS2EXA_GROUP, 0, 0.4, 9.9, 0.4, 0, 0, 0, 0, 0, 2, 0, 41.4, 0
2, 127776, 07/12/2018 15:00:28, ODS2EXA_GROUP, 0, 0.4, 10.7, 0.4, 0, 0, 0, 0, 0, 2, 0, 46.2, 0
2, 127777, 07/12/2018 15:20:06, ODS2EXA_GROUP, 0, 0.4, 10, 0.4, 0, 0, 0, 0, 0, 1, 0, 44.6, 0
2, 127778, 07/12/2018 15:40:15, ODS2EXA_GROUP, 0, 0.4, 10.8, 0.4, 0, 0, 0, 0, 0, 0, 0, 58.1, 0
2, 127779, 07/12/2018 16:00:06, ODS2EXA_GROUP, 0, 0.4, 11.6, 0.4, 0, 0, 0, 0, 0, 1, 0, 49.5, 0
2, 127780, 07/12/2018 16:20:24, ODS2EXA_GROUP, 0, 0.4, 10.7, 0.4, 0, 0, 0, 0, 0, 2, 0, 54, 0
2, 127781, 07/12/2018 16:40:14, ODS2EXA_GROUP, 0, 0.4, 10.8, 0.4, 0, 0, 0, 0, 0, 1, 0, 45.5, 0
2, 127782, 07/12/2018 17:00:00, ODS2EXA_GROUP, 0, 0.4, 10, 0.4, 0, 0, 0, 0, 0, 2, 0, 44.6, 0
2, 127783, 07/12/2018 17:20:08, ODS2EXA_GROUP, 0, 0.4, 11.6, 0.4, 0, 0, 0, 0, 0, 0, 0, 56.4, 0
2, 127784, 07/12/2018 17:40:07, ODS2EXA_GROUP, 0, 0.4, 10.7, 0.4, 0, 0, 0, 0, 0, 1, 0, 67.7, 0
2, 127785, 07/12/2018 18:00:15, ODS2EXA_GROUP, 0, 0.4, 10.7, 0.4, 0, 0, 0, 0, 0, 0, 0, 76.4, 0
2, 127786, 07/12/2018 18:20:04, ODS2EXA_GROUP, 0, 0.4, 10.2, 0.4, 0, 0, 0, 0, 0, 0, 0, 72.7, 0
2, 127787, 07/12/2018 18:40:20, ODS2EXA_GROUP, 0, 0.4, 11.2, 0.4, 0, 0, 0, 0, 0, 0, 0, 80.7, 0
2, 127751, 07/12/2018 06:40:16, ODS_SUPPORT_GROUP, 7, 7.4, 0.7, 0, 0, 0, 10, 150, 2302, 1690, 0.4, 1433.1, 287.1
2, 127755, 07/12/2018 08:00:07, ODS_SUPPORT_GROUP, 0, 0, 1.9, 0, 0, 0, 0, 0, 10, 5, 0, 0, 0
2, 127756, 07/12/2018 08:20:12, ODS_SUPPORT_GROUP, 0, 0, 1.9, 0, 0, 0, 0, 0, 8, 1, 0, 0, 0
2, 127757, 07/12/2018 08:40:00, ODS_SUPPORT_GROUP, 0, 0, 1.4, 0, 0, 0, 0, 0, 7, 0, 0, 0, 0
2, 127758, 07/12/2018 09:00:17, ODS_SUPPORT_GROUP, 0, 0, 0.3, 0, 0, 0, 0, 0, 8, 3, 0, 0, 0
2, 127759, 07/12/2018 09:20:21, ODS_SUPPORT_GROUP, 0, 0, 2, 0, 0, 0, 0, 0, 8, 4, 0, 0, 0
2, 127760, 07/12/2018 09:40:22, ODS_SUPPORT_GROUP, 0, 0, 3.4, 0, 0, 0, 0, 0, 19, 0, 0, 0, 0.1
2, 127761, 07/12/2018 10:00:09, ODS_SUPPORT_GROUP, 0, 0, 4.9, 0, 0, 0, 0, 0, 11, 7, 0, 0.1, 0.1
2, 127762, 07/12/2018 10:20:22, ODS_SUPPORT_GROUP, 0, 0, 5.8, 0, 0, 0, 0, 0, 8, 3, 0, 0, 0
2, 127763, 07/12/2018 10:40:11, ODS_SUPPORT_GROUP, 0, 0.1, 2.4, 0.1, 0, 0, 0, 0, 12, 7, 0, 0.1, 0.6
2, 127764, 07/12/2018 11:00:06, ODS_SUPPORT_GROUP, 0.1, 0.1, 37, 0, 0, 0, 0, 0, 12, 10, 0, 0, 1.3
2, 127765, 07/12/2018 11:20:25, ODS_SUPPORT_GROUP, 0.1, 0.1, 29.4, 0, 0, 0, 0, 0, 15, 7, 0, 0, 1.4
2, 127766, 07/12/2018 11:40:11, ODS_SUPPORT_GROUP, 0, 0, 0.1, 0, 0, 0, 0, 0, 9, 3, 0, 0, 0
2, 127767, 07/12/2018 12:00:19, ODS_SUPPORT_GROUP, 0, 0.1, 11.2, 0.1, 0, 0, 0, 0, 8, 2, 0, 0, 0
2, 127768, 07/12/2018 12:20:06, ODS_SUPPORT_GROUP, 0, 0, 2.7, 0, 0, 0, 0, 0, 8, 2, 0, 0, 1.1
2, 127769, 07/12/2018 12:40:09, ODS_SUPPORT_GROUP, 0, 0, 3.9, 0, 0, 0, 0, 0, 12, 3, 0, 0, 0
2, 127770, 07/12/2018 13:00:14, ODS_SUPPORT_GROUP, 0, 0, 1.9, 0, 0, 0, 0, 0, 13, 0, 0, 0, 0
2, 127771, 07/12/2018 13:20:01, ODS_SUPPORT_GROUP, 0, 0, 1.9, 0, 0, 0, 0, 0, 18, 4, 0, 0, 0
2, 127772, 07/12/2018 13:40:10, ODS_SUPPORT_GROUP, 0, 0.3, 9.2, 0.3, 0, 0, 1, 8, 17, 8, 0, 0.3, 31.6
2, 127773, 07/12/2018 14:00:14, ODS_SUPPORT_GROUP, 0.1, 0.6, 65.4, 0.4, 0, 0, 2, 16, 24, 25, 0.1, 14.8, 56
2, 127774, 07/12/2018 14:20:07, ODS_SUPPORT_GROUP, 0.3, 0.3, 72.1, 0, 0, 0, 3, 24, 37, 88, 0, 42.3, 0.3
2, 127776, 07/12/2018 15:00:28, ODS_SUPPORT_GROUP, 0.1, 0.1, 16.2, 0, 0, 0, 1, 8, 16, 23, 0, 14.5, 0.1
2, 127777, 07/12/2018 15:20:06, ODS_SUPPORT_GROUP, 0, 0, 2.1, 0, 0, 0, 1, 28, 81, 7, 0, 0.6, 0.8
2, 127778, 07/12/2018 15:40:15, ODS_SUPPORT_GROUP, 0, 0, 3.4, 0, 0, 0, 0, 0, 15, 2, 0, 0, 0
2, 127779, 07/12/2018 16:00:06, ODS_SUPPORT_GROUP, 0, 0.2, 15, 0.2, 0, 0, 0, 0, 18, 9, 0, 0.3, 27.6
2, 127780, 07/12/2018 16:20:24, ODS_SUPPORT_GROUP, 0.2, 0.2, 19.7, 0, 0, 0, 3, 44, 32, 28, 0, 29, 6.7
2, 127781, 07/12/2018 16:40:14, ODS_SUPPORT_GROUP, 0.1, 0.1, 8.8, 0, 0, 0, 1, 8, 17, 18, 0, 14.5, 0.1
2, 127782, 07/12/2018 17:00:00, ODS_SUPPORT_GROUP, 0, 0, 1.3, 0, 0, 0, 0, 0, 8, 3, 0, 0, 0
2, 127783, 07/12/2018 17:20:08, ODS_SUPPORT_GROUP, 0, 0, 1.2, 0, 0, 0, 0, 0, 9, 0, 0, 0, 0
2, 127785, 07/12/2018 18:00:15, ODS_SUPPORT_GROUP, 0.4, 0.4, 518, 0, 0, 0, 1, 8, 16, 20, 0, 15.5, 0
2, 127786, 07/12/2018 18:20:04, ODS_SUPPORT_GROUP, 0.3, 0.3, 55.2, 0, 0, 0, 4, 32, 40, 19, 0, 49.4, 0.1
2, 127787, 07/12/2018 18:40:20, ODS_SUPPORT_GROUP, 0.1, 0.1, 1.3, 0, 0, 0, 0, 0, 10, 3, 0, 0, 1.7
2, 127788, 07/12/2018 19:00:16, ODS_SUPPORT_GROUP, 0, 0, 0.8, 0, 0, 0, 0, 0, 8, 0, 0, 0, 0
2, 127791, 07/12/2018 20:00:08, ODS_SUPPORT_GROUP, 0, 0, 1.6, 0, 0, 0, 0, 0, 10, 3, 0, 0, 0
2, 127792, 07/12/2018 20:20:24, ODS_SUPPORT_GROUP, 0, 0, 0.3, 0, 0, 0, 0, 0, 8, 1, 0, 0, 0
2, 127793, 07/12/2018 20:40:34, ODS_SUPPORT_GROUP, 0, 0, 0.5, 0, 0, 0, 0, 0, 10, 0, 0, 0, 0
2, 127794, 07/12/2018 21:00:12, ODS_SUPPORT_GROUP, 0, 0, 0.5, 0, 0, 0, 0, 0, 7, 0, 0, 0, 0
2, 127795, 07/12/2018 21:20:02, ODS_SUPPORT_GROUP, 0, 0, 0.8, 0, 0, 0, 0, 0, 8, 3, 0, 0, 0
2, 127797, 07/12/2018 22:00:02, ODS_SUPPORT_GROUP, 0, 0, 0.3, 0, 0, 0, 0, 0, 9, 0, 0, 0, 0
2, 127799, 07/12/2018 22:40:09, ODS_SUPPORT_GROUP, 0, 0, 0.3, 0, 0, 0, 0, 0, 8, 0, 0, 0, 0
2, 127800, 07/12/2018 23:00:04, ODS_SUPPORT_GROUP, 0, 0, 0.6, 0, 0, 0, 0, 0, 9, 0, 0, 0, 0
2, 127802, 07/12/2018 23:40:15, ODS_SUPPORT_GROUP, 0, 0, 0.3, 0, 0, 0, 0, 0, 10, 1, 0, 0, 0
2, 127751, 07/12/2018 06:40:16, OTHER_GROUPS, 2226.6, 2852.4, 8098, 0, 0, 0, 51, 2066, 179141, 3196132, 625.8, 42532.6, 590498.3
2, 127752, 07/12/2018 07:00:33, OTHER_GROUPS, 12.3, 24, 11845.6, 8.5, 0, 0, 7, 208, 768, 9549, 3.2, 2447.5, 4081
2, 127753, 07/12/2018 07:20:07, OTHER_GROUPS, 7.9, 19, 8865.5, 7.8, 0, 0, 0, 0, 657, 6945, 3.3, 96.7, 4860.7
2, 127754, 07/12/2018 07:40:06, OTHER_GROUPS, 8.3, 31.4, 8980.6, 20.1, 0, 0, 0, 0, 598, 8025, 3, 65.1, 3641.8
2, 127755, 07/12/2018 08:00:07, OTHER_GROUPS, 11.5, 56.3, 9262.8, 40.6, 0, 0, 0, 0, 719, 23726, 4.2, 83.4, 4347.8
2, 127756, 07/12/2018 08:20:12, OTHER_GROUPS, 10.4, 30.4, 8532.9, 17, 0, 0, 2, 25, 851, 13752, 3, 3314.5, 4619.2
2, 127757, 07/12/2018 08:40:00, OTHER_GROUPS, 11, 56.8, 9224.7, 42.8, 0, 0, 0, 0, 922, 26895, 3, 89.3, 4029.9
2, 127758, 07/12/2018 09:00:17, OTHER_GROUPS, 16.2, 50.6, 9128.3, 28.8, 0, 0, 0, 0, 585, 27071, 5.6, 115.2, 5981.3
2, 127759, 07/12/2018 09:20:21, OTHER_GROUPS, 13.7, 44, 9117, 26.1, 0, 0, 0, 0, 873, 20989, 4.2, 116.6, 4635.3
2, 127760, 07/12/2018 09:40:22, OTHER_GROUPS, 13.3, 52.9, 10051.8, 35.8, 0, 0, 0, 0, 661, 20655, 3.8, 128.1, 4948.8
2, 127761, 07/12/2018 10:00:09, OTHER_GROUPS, 17.4, 53.7, 9262, 30.2, 1, 0, 1, 9, 615, 34220, 6.1, 156, 5753.4
2, 127762, 07/12/2018 10:20:22, OTHER_GROUPS, 15.9, 64.7, 10532.5, 44.2, 0, 0, 0, 0, 793, 23496, 4.6, 125.3, 4919.3
2, 127763, 07/12/2018 10:40:11, OTHER_GROUPS, 15.3, 53.1, 8311.5, 33.3, 0, 0, 0, 0, 614, 35181, 4.5, 216.2, 3325
2, 127764, 07/12/2018 11:00:06, OTHER_GROUPS, 21.7, 55.8, 12180.9, 27.9, 0, 0, 1, 32, 734, 38494, 6.2, 1182.8, 4385.7
2, 127765, 07/12/2018 11:20:25, OTHER_GROUPS, 16.2, 45.6, 8518.7, 24.9, 0, 0, 2, 64, 752, 25858, 4.5, 926.3, 4156.2
2, 127766, 07/12/2018 11:40:11, OTHER_GROUPS, 16, 44.2, 9370.8, 23.7, 0, 0, 0, 0, 632, 24586, 4.5, 105.3, 4865.1
2, 127767, 07/12/2018 12:00:19, OTHER_GROUPS, 16.8, 72, 10565.9, 50.9, 0, 0, 0, 0, 665, 31024, 4.3, 99.7, 3949
2, 127768, 07/12/2018 12:20:06, OTHER_GROUPS, 14, 33.8, 7360.1, 16.2, 0, 0, 0, 0, 832, 22969, 3.6, 96.9, 4251.8
2, 127769, 07/12/2018 12:40:09, OTHER_GROUPS, 16.1, 58, 10425.6, 38, 0, 0, 1, 32, 756, 31377, 3.9, 132.3, 4052.2
2, 127770, 07/12/2018 13:00:14, OTHER_GROUPS, 15.1, 53.1, 8419.1, 33.4, 0, 0, 0, 0, 741, 27424, 4.6, 98.4, 4020.4
2, 127771, 07/12/2018 13:20:01, OTHER_GROUPS, 15.2, 53.1, 9200.7, 34.2, 0, 0, 0, 0, 673, 26050, 3.7, 100.3, 4195.8
2, 127772, 07/12/2018 13:40:10, OTHER_GROUPS, 15.5, 60, 10246.7, 40.8, 0, 0, 0, 0, 887, 26897, 3.7, 108.3, 4345
2, 127773, 07/12/2018 14:00:14, OTHER_GROUPS, 17.3, 55, 8637.5, 32.8, 0, 0, 0, 0, 776, 30621, 4.9, 103.4, 4513.3
2, 127774, 07/12/2018 14:20:07, OTHER_GROUPS, 21.5, 70.3, 10257.7, 43.8, 0, 0, 0, 0, 750, 45084, 5, 121.8, 5072.1
2, 127775, 07/12/2018 14:40:15, OTHER_GROUPS, 20, 53.4, 8216, 27.5, 0, 0, 0, 0, 645, 33594, 5.9, 703.2, 5354.1
2, 127776, 07/12/2018 15:00:28, OTHER_GROUPS, 25.8, 73.6, 9110.9, 38.8, 0, 0, 0, 0, 635, 48341, 9, 1609, 6869.7
2, 127777, 07/12/2018 15:20:06, OTHER_GROUPS, 21.3, 68.8, 8531.8, 39.9, 0, 0, 0, 0, 671, 38723, 7.6, 907, 6285.8
2, 127778, 07/12/2018 15:40:15, OTHER_GROUPS, 17.7, 61.2, 9085.1, 37.8, 0, 0, 1, 22, 632, 30386, 5.7, 464.3, 5815
2, 127779, 07/12/2018 16:00:06, OTHER_GROUPS, 21.5, 67.9, 9958.3, 40.1, 0, 0, 0, 0, 649, 37112, 6.3, 513.3, 5963.7
2, 127780, 07/12/2018 16:20:24, OTHER_GROUPS, 19.7, 72.1, 8782.7, 47.8, 0, 0, 0, 0, 653, 35166, 4.6, 457.8, 5165.3
2, 127781, 07/12/2018 16:40:14, OTHER_GROUPS, 20.8, 61.5, 8970.5, 35.7, 0, 0, 0, 0, 687, 34601, 5, 441.4, 5202.5
2, 127782, 07/12/2018 17:00:00, OTHER_GROUPS, 19.8, 49.1, 7982.1, 24.1, 0, 0, 0, 0, 1305, 33682, 5.2, 95.5, 4010.1
2, 127783, 07/12/2018 17:20:08, OTHER_GROUPS, 16.7, 45.7, 9702.1, 24.7, 0, 0, 0, 0, 906, 23341, 4.3, 120.7, 4411
2, 127784, 07/12/2018 17:40:07, OTHER_GROUPS, 12.7, 35.1, 8643.2, 19.5, 0, 0, 0, 0, 636, 16111, 2.9, 105.5, 4103.8
2, 127785, 07/12/2018 18:00:15, OTHER_GROUPS, 10.6, 37.7, 8726.9, 24.5, 0, 0, 0, 0, 599, 13583, 2.6, 101.9, 3507.1
2, 127786, 07/12/2018 18:20:04, OTHER_GROUPS, 9.5, 19, 7389, 7.3, 0, 0, 0, 0, 634, 9010, 2.2, 114, 4154.9
2, 127787, 07/12/2018 18:40:20, OTHER_GROUPS, 9.2, 22.7, 9561.6, 11.3, 0, 0, 0, 0, 601, 6968, 2.2, 114.5, 4101.5
2, 127788, 07/12/2018 19:00:16, OTHER_GROUPS, 8.2, 25.7, 7525.2, 14.3, 0, 0, 0, 0, 598, 8738, 3.2, 93, 3237.5
2, 127789, 07/12/2018 19:20:32, OTHER_GROUPS, 7.3, 25.1, 12128.1, 16.1, 0, 0, 0, 0, 1848, 5668, 1.7, 100.1, 3508.8
2, 127790, 07/12/2018 19:40:05, OTHER_GROUPS, 5, 17.7, 6781.6, 11.1, 0, 0, 0, 0, 557, 3703, 1.6, 73, 3114.7
2, 127791, 07/12/2018 20:00:08, OTHER_GROUPS, 8.6, 23.6, 9155.2, 12.2, 0, 0, 1, 16, 651, 7749, 2.8, 1502.8, 3261.7
2, 127792, 07/12/2018 20:20:24, OTHER_GROUPS, 8.2, 33.9, 8447.3, 22.3, 0, 0, 1, 16, 690, 10874, 3.4, 69.5, 2887.4
2, 127793, 07/12/2018 20:40:34, OTHER_GROUPS, 5.9, 13.7, 6427.7, 5.4, 0, 0, 0, 0, 587, 4492, 2.4, 63.8, 2966.2
2, 127794, 07/12/2018 21:00:12, OTHER_GROUPS, 6.9, 23.1, 9068.4, 8.7, 0, 0, 0, 0, 578, 5503, 7.5, 66.2, 3234.7
2, 127795, 07/12/2018 21:20:02, OTHER_GROUPS, 6.9, 25.1, 8176.7, 14.8, 0, 0, 0, 0, 651, 6941, 3.4, 57.3, 2699.9
2, 127796, 07/12/2018 21:40:14, OTHER_GROUPS, 5.9, 14.6, 6781.4, 6.9, 0, 0, 0, 0, 589, 4396, 1.8, 52, 2464.8
2, 127797, 07/12/2018 22:00:02, OTHER_GROUPS, 7.3, 15.9, 6593.1, 7.4, 0, 0, 0, 0, 716, 11695, 1.2, 48.7, 1090.9
2, 127798, 07/12/2018 22:20:07, OTHER_GROUPS, 2.6, 8.9, 6658.8, 5.6, 0, 0, 0, 0, 774, 725, 0.7, 17.9, 828.7
2, 127799, 07/12/2018 22:40:09, OTHER_GROUPS, 3.2, 8.6, 6520.9, 4, 0, 0, 0, 0, 720, 1176, 1.4, 42.5, 1257.6
2, 127800, 07/12/2018 23:00:04, OTHER_GROUPS, 3.9, 16.4, 9086.1, 11.7, 0, 0, 0, 0, 553, 2578, 0.8, 42, 1765.8
2, 127801, 07/12/2018 23:20:00, OTHER_GROUPS, 4.9, 16, 7779.9, 9.6, 0, 0, 0, 0, 692, 4376, 1.5, 66.1, 3805.8
2, 127802, 07/12/2018 23:40:15, OTHER_GROUPS, 3.5, 13.8, 8506.8, 9.4, 0, 0, 0, 0, 596, 2489, 0.9, 45, 2591.7
3, 127751, 07/12/2018 06:40:16, ADW_UNLOAD_GROUP, 19.2, 23.7, 0, 0, 2, 0.1, 22, 392, 14710, 8291, 4.5, 1263.5, 7937.4
3, 127752, 07/12/2018 07:00:33, ADW_UNLOAD_GROUP, 0, 0, 0.1, 0, 0, 0, 0, 0, 47, 0, 0, 0, 0
3, 127753, 07/12/2018 07:20:07, ADW_UNLOAD_GROUP, 0, 0, 0, 0, 0, 0, 0, 0, 51, 0, 0, 0, 0
3, 127755, 07/12/2018 08:00:08, ADW_UNLOAD_GROUP, 0, 0, 0, 0, 0, 0, 0, 0, 52, 3, 0, 0, 0
3, 127756, 07/12/2018 08:20:13, ADW_UNLOAD_GROUP, 0, 0, 0, 0, 0, 0, 0, 0, 53, 11, 0, 0, 0
3, 127759, 07/12/2018 09:20:22, ADW_UNLOAD_GROUP, 0, 0, 0, 0, 0, 0, 0, 0, 51, 13, 0, 0, 0
3, 127761, 07/12/2018 10:00:09, ADW_UNLOAD_GROUP, 0, 0.1, 0.8, 0.1, 0, 0, 0, 0, 57, 3, 0, 0, 0
3, 127762, 07/12/2018 10:20:32, ADW_UNLOAD_GROUP, 0, 4.2, 228.4, 4.2, 0, 0, 0, 0, 63, 1, 0, 0, 0
3, 127763, 07/12/2018 10:40:11, ADW_UNLOAD_GROUP, 0, 0.2, 30.4, 0.2, 0, 0, 0, 0, 44, 1, 0, 0, 0
3, 127764, 07/12/2018 11:00:06, ADW_UNLOAD_GROUP, 0, 0, 0.1, 0, 0, 0, 0, 0, 63, 1, 0, 0, 0
3, 127766, 07/12/2018 11:40:11, ADW_UNLOAD_GROUP, 0, 0, 0, 0, 0, 0, 0, 0, 58, 3, 0, 0, 0
3, 127767, 07/12/2018 12:00:23, ADW_UNLOAD_GROUP, 0, 0, 0, 0, 0, 0, 0, 0, 53, 0, 0, 0, 0
3, 127769, 07/12/2018 12:40:09, ADW_UNLOAD_GROUP, 0, 0, 0, 0, 0, 0, 0, 0, 52, 1, 0, 0, 0
3, 127770, 07/12/2018 13:00:15, ADW_UNLOAD_GROUP, 0, 0, 0, 0, 0, 0, 0, 0, 51, 1, 0, 0, 0
3, 127771, 07/12/2018 13:20:01, ADW_UNLOAD_GROUP, 0, 0, 0, 0, 0, 0, 0, 0, 53, 1, 0, 0, 0
3, 127772, 07/12/2018 13:40:10, ADW_UNLOAD_GROUP, 0, 0, 0, 0, 0, 0, 0, 0, 57, 1, 0, 0, 0
3, 127773, 07/12/2018 14:00:17, ADW_UNLOAD_GROUP, 0, 0, 0, 0, 0, 0, 0, 0, 49, 1, 0, 0, 0
3, 127774, 07/12/2018 14:20:11, ADW_UNLOAD_GROUP, 0, 0.1, 2.4, 0.1, 0, 0, 0, 0, 78, 1, 0, 0, 0
3, 127775, 07/12/2018 14:40:15, ADW_UNLOAD_GROUP, 0, 0, 0, 0, 0, 0, 0, 0, 137, 0, 0, 0, 0
3, 127776, 07/12/2018 15:00:27, ADW_UNLOAD_GROUP, 0, 0, 0, 0, 0, 0, 0, 0, 55, 2, 0, 0, 0
3, 127778, 07/12/2018 15:40:15, ADW_UNLOAD_GROUP, 0, 0, 0, 0, 0, 0, 0, 0, 78, 2, 0, 0, 0
3, 127779, 07/12/2018 16:00:03, ADW_UNLOAD_GROUP, 0, 0, 0, 0, 0, 0, 0, 0, 376, 5, 0, 0, 0.2
3, 127780, 07/12/2018 16:20:24, ADW_UNLOAD_GROUP, 0, 0, 0, 0, 0, 0, 0, 0, 139, 0, 0, 0.7, 0
3, 127781, 07/12/2018 16:40:14, ADW_UNLOAD_GROUP, 0, 0, 0, 0, 0, 0, 0, 0, 47, 0, 0, 0, 0
3, 127783, 07/12/2018 17:20:15, ADW_UNLOAD_GROUP, 0, 0, 0, 0, 0, 0, 0, 0, 57, 2, 0, 0, 0
3, 127784, 07/12/2018 17:40:07, ADW_UNLOAD_GROUP, 0, 0, 0, 0, 0, 0, 0, 0, 57, 0, 0, 0, 0
3, 127787, 07/12/2018 18:40:20, ADW_UNLOAD_GROUP, 0, 0, 0, 0, 0, 0, 0, 0, 54, 1, 0, 0, 0
3, 127790, 07/12/2018 19:40:05, ADW_UNLOAD_GROUP, 0, 0, 0, 0, 0, 0, 0, 0, 53, 3, 0, 0, 0
3, 127797, 07/12/2018 22:00:02, ADW_UNLOAD_GROUP, 0.7, 0.8, 502.6, 0, 0, 0, 0, 0, 147, 134, 0.1, 19.6, 116.8
3, 127798, 07/12/2018 22:20:07, ADW_UNLOAD_GROUP, 0.4, 0.4, 5.6, 0, 0, 0, 0, 0, 53, 67, 0, 0, 0
3, 127799, 07/12/2018 22:40:09, ADW_UNLOAD_GROUP, 0.4, 0.4, 17.1, 0, 0, 0, 0, 0, 59, 59, 0, 0, 0.3
3, 127800, 07/12/2018 23:00:04, ADW_UNLOAD_GROUP, 0.1, 0.2, 2.6, 0.1, 0, 0, 0, 0, 58, 10, 0, 4, 15
3, 127802, 07/12/2018 23:40:15, ADW_UNLOAD_GROUP, 0, 0, None, 0, 0, 0, 0, 0, 54, 2, 0, 0, 0
3, 127751, 07/12/2018 06:40:16, DM_TECH_GROUP, 1616.6, 1985.7, 9400.1, 0, 138, 5.6, 18809, 269592, 283003, 1324279, 369.1, 118665.1, 553670.9
3, 127752, 07/12/2018 07:00:33, DM_TECH_GROUP, 7.4, 19, 8525.9, 10.8, 0, 0, 107, 1592, 1600, 2391, 0.8, 393.5, 1097.2
3, 127753, 07/12/2018 07:20:07, DM_TECH_GROUP, 5.5, 17.4, 7884.9, 11.6, 0, 0, 23, 344, 365, 1266, 0.3, 293.8, 633.7
3, 127754, 07/12/2018 07:40:05, DM_TECH_GROUP, 5.7, 17.1, 7422.3, 11.2, 0, 0, 56, 832, 939, 2101, 0.2, 225.2, 253.3
3, 127755, 07/12/2018 08:00:08, DM_TECH_GROUP, 6.1, 19.2, 2742.8, 10.9, 0, 0, 448, 6472, 6371, 2993, 2.2, 1674.9, 3710.7
3, 127756, 07/12/2018 08:20:13, DM_TECH_GROUP, 8.4, 22.2, 13465.3, 11.2, 0, 0, 447, 6198, 6818, 3275, 2.6, 1892.5, 4807.5
3, 127757, 07/12/2018 08:40:00, DM_TECH_GROUP, 2.9, 13.1, 5670.8, 10, 0, 0, 29, 400, 466, 511, 0.2, 430.1, 418.1
3, 127758, 07/12/2018 09:00:17, DM_TECH_GROUP, 1.2, 11, 570, 9.5, 0, 0, 33, 528, 541, 248, 0.3, 114.4, 452.5
3, 127759, 07/12/2018 09:20:22, DM_TECH_GROUP, 1.1, 10.5, 532.3, 9.2, 2, 0.2, 10, 100, 225, 286, 0.2, 765.4, 209.4
3, 127760, 07/12/2018 09:40:22, DM_TECH_GROUP, 1.4, 12.4, 715.6, 10.7, 0, 0.1, 1, 10, 75, 516, 0.3, 145, 585.2
3, 127761, 07/12/2018 10:00:09, DM_TECH_GROUP, 0.9, 10.4, 531.9, 9.3, 0, 0, 3, 48, 72, 254, 0.2, 84.3, 180.3
3, 127762, 07/12/2018 10:20:32, DM_TECH_GROUP, 2.6, 21.1, 2892.1, 17.8, 0, 0, 17, 298, 444, 748, 0.7, 247.4, 1734.2
3, 127763, 07/12/2018 10:40:11, DM_TECH_GROUP, 2.7, 14.1, 8527.3, 10.3, 0, 0, 3, 60, 163, 824, 1.1, 190.5, 2985.4
3, 127764, 07/12/2018 11:00:06, DM_TECH_GROUP, 3.4, 15.3, 6943.7, 11.6, 0, 0, 11, 152, 152, 1342, 0.3, 107.4, 400.8
3, 127765, 07/12/2018 11:20:24, DM_TECH_GROUP, 1.8, 11.2, 2492.4, 9.2, 0, 0, 0, 0, 16, 490, 0.2, 137.2, 442.3
3, 127766, 07/12/2018 11:40:11, DM_TECH_GROUP, 2, 11.6, 3246.8, 9.4, 0, 0, 1, 32, 0, 590, 0.2, 108.1, 521.6
3, 127767, 07/12/2018 12:00:23, DM_TECH_GROUP, 2.4, 13.9, 3485.7, 11.3, 0, 0, 1, 16, 32, 774, 0.2, 202.9, 434
3, 127768, 07/12/2018 12:20:11, DM_TECH_GROUP, 2, 10.4, 1866.9, 8.2, 0, 0, 3, 48, 48, 690, 0.2, 207.9, 446.1
3, 127769, 07/12/2018 12:40:09, DM_TECH_GROUP, 1.4, 11.9, 3805.5, 10.3, 0, 0, 2, 40, 1, 399, 0.2, 101.3, 406.4
3, 127770, 07/12/2018 13:00:15, DM_TECH_GROUP, 1.6, 11.1, 3018.8, 9.3, 1, 0, 2, 11, 31, 574, 0.2, 85.1, 415.8
3, 127771, 07/12/2018 13:20:01, DM_TECH_GROUP, 1.4, 10.2, 3754.6, 8.6, 0, 0, 5, 50, 111, 518, 0.2, 410.5, 329
3, 127772, 07/12/2018 13:40:10, DM_TECH_GROUP, 1.4, 11.1, 2726, 9.5, 0, 0, 0, 0, 0, 524, 0.2, 216.5, 434.4
3, 127773, 07/12/2018 14:00:17, DM_TECH_GROUP, 1.8, 11.1, 2448.2, 8.9, 0, 0, 0, 0, 0, 618, 0.4, 165.7, 461.5
3, 127774, 07/12/2018 14:20:11, DM_TECH_GROUP, 1.8, 11.9, 5615.1, 9.9, 0, 0, 1, 8, 10, 717, 0.2, 218.6, 204.3
3, 127775, 07/12/2018 14:40:15, DM_TECH_GROUP, 1.6, 11.3, 12545.9, 9.5, 0, 0, 0, 0, 19, 504, 0.2, 88.1, 187.9
3, 127776, 07/12/2018 15:00:27, DM_TECH_GROUP, 1.2, 12.8, 14837.1, 11.5, 0, 0, 0, 0, 0, 448, 0.1, 92.2, 281.1
3, 127777, 07/12/2018 15:20:06, DM_TECH_GROUP, 2.2, 13.8, 14822.4, 11.4, 0, 0, 1, 16, 8, 726, 0.2, 109.3, 348.1
3, 127778, 07/12/2018 15:40:15, DM_TECH_GROUP, 2, 13.9, 13398.6, 11.8, 0, 0, 1, 8, 0, 660, 0.1, 94.9, 294.6
3, 127779, 07/12/2018 16:00:03, DM_TECH_GROUP, 1, 13.2, 17809.3, 12, 0, 0, 0, 0, 4, 434, 0.2, 84.9, 282.9
3, 127780, 07/12/2018 16:20:24, DM_TECH_GROUP, 2.8, 18.8, 13852.2, 15, 0, 0, 5, 108, 239, 1247, 1, 258.4, 3041.2
3, 127781, 07/12/2018 16:40:14, DM_TECH_GROUP, 3.3, 22.6, 27869.4, 18, 0, 0, 4, 72, 0, 1269, 1.3, 227.9, 4107.7
3, 127782, 07/12/2018 17:00:00, DM_TECH_GROUP, 1.1, 12.4, 16461.6, 11.1, 0, 0, 2, 36, 17, 407, 0.2, 101.5, 323.3
3, 127783, 07/12/2018 17:20:15, DM_TECH_GROUP, 1.1, 12.6, 17810, 11.4, 0, 0, 0, 0, 0, 484, 0.1, 98.9, 346.2
3, 127784, 07/12/2018 17:40:07, DM_TECH_GROUP, 1.1, 11.6, 18129.2, 10.4, 0, 0, 0, 0, 12, 519, 0.1, 108.7, 372
3, 127785, 07/12/2018 18:00:16, DM_TECH_GROUP, 1.2, 13.9, 21335.3, 12.5, 0, 0, 1, 16, 13, 507, 0.2, 85.8, 395
3, 127786, 07/12/2018 18:20:03, DM_TECH_GROUP, 1.3, 10.6, 14104.6, 9.2, 0, 0, 0, 0, 1, 553, 0.1, 103, 410.3
3, 127787, 07/12/2018 18:40:20, DM_TECH_GROUP, 1.3, 13.4, 21108.4, 12, 0, 0, 0, 0, 0, 656, 0.1, 126.6, 480.5
3, 127788, 07/12/2018 19:00:16, DM_TECH_GROUP, 1, 12.1, 19141.6, 11, 0, 0, 0, 0, 5, 572, 0.1, 122.4, 436.2
3, 127790, 07/12/2018 19:40:05, DM_TECH_GROUP, 1, 11.1, 16854.5, 10, 0, 0, 0, 0, 0, 427, 0.1, 108, 363.3
3, 127791, 07/12/2018 20:00:10, DM_TECH_GROUP, 1.2, 13.7, 19820, 12.3, 0, 0, 1, 12, 33, 530, 0.2, 127.9, 423.3
3, 127792, 07/12/2018 20:20:24, DM_TECH_GROUP, 1.1, 12.3, 21089.6, 11.1, 0, 0, 0, 0, 0, 517, 0.1, 117.4, 432.6
3, 127793, 07/12/2018 20:40:34, DM_TECH_GROUP, 1.2, 12.2, 19825.4, 10.9, 0, 0, 0, 0, 2, 512, 0.1, 123.5, 453.2
3, 127794, 07/12/2018 21:00:12, DM_TECH_GROUP, 1.1, 11.5, 19280.2, 10.2, 0, 0, 0, 0, 1, 472, 0.2, 114.3, 415.3
3, 127795, 07/12/2018 21:20:02, DM_TECH_GROUP, 1.5, 14.4, 20549.7, 12.6, 0, 0, 5, 120, 178, 700, 0.3, 146.2, 999
3, 127796, 07/12/2018 21:40:14, DM_TECH_GROUP, 1.7, 14.1, 23509, 12.1, 0, 0, 1, 24, 0, 723, 0.3, 203.4, 1493.5
3, 127797, 07/12/2018 22:00:02, DM_TECH_GROUP, 2.2, 13.5, 19607.9, 11.1, 0, 0, 0, 0, 47, 862, 0.2, 218.1, 400
3, 127798, 07/12/2018 22:20:07, DM_TECH_GROUP, 1.4, 12.4, 18237.8, 10.9, 0, 0, 0, 0, 0, 578, 0.1, 141.5, 512.2
3, 127799, 07/12/2018 22:40:09, DM_TECH_GROUP, 1.4, 12.5, 18931.7, 11, 0, 0, 0, 0, 0, 657, 0.1, 146.6, 542.5
3, 127800, 07/12/2018 23:00:04, DM_TECH_GROUP, 1.4, 12.5, 19294.4, 10.9, 0, 0, 0, 0, 3, 563, 0.2, 129.5, 495.1
3, 127801, 07/12/2018 23:20:00, DM_TECH_GROUP, 1.4, 13.1, 21894.4, 11.6, 0, 0, 0, 0, 0, 707, 0.1, 155, 586.3
3, 127802, 07/12/2018 23:40:15, DM_TECH_GROUP, 1.3, 12, 18738.8, 10.6, 0, 0, 0, 0, 0, 445, 0.1, 130.3, 466
3, 127751, 07/12/2018 06:40:16, OTHER_GROUPS, 557.4, 587.9, 46724, 0, 0, 0, 3609, 23532, 184603, 364992, 30.5, 64102.1, 28027.8
3, 127752, 07/12/2018 07:00:33, OTHER_GROUPS, 0.8, 52.1, 39586.7, 51.2, 0, 0, 0, 0, 670, 314, 0.1, 12.5, 22.5
3, 127753, 07/12/2018 07:20:07, OTHER_GROUPS, 0.8, 45.8, 27815.7, 45, 0, 0, 0, 0, 602, 244, 0, 10.5, 18
3, 127754, 07/12/2018 07:40:05, OTHER_GROUPS, 0.9, 39.8, 21683.7, 38.8, 0, 0, 0, 0, 722, 492, 0.1, 9.2, 20.1
3, 127755, 07/12/2018 08:00:08, OTHER_GROUPS, 0.8, 39.1, 29674.8, 38.2, 0, 0, 0, 0, 519, 475, 0.1, 11.3, 22.3
3, 127756, 07/12/2018 08:20:13, OTHER_GROUPS, 0.8, 43.3, 27539.1, 42.4, 0, 0, 0, 0, 622, 440, 0.1, 13.9, 20.8
3, 127757, 07/12/2018 08:40:00, OTHER_GROUPS, 0.8, 55.7, 27319, 54.9, 0, 0, 0, 0, 837, 263, 0, 10.5, 25.2
3, 127758, 07/12/2018 09:00:17, OTHER_GROUPS, 0.8, 86.1, 40484.5, 85.3, 0, 0, 0, 0, 643, 519, 0, 8.6, 26.7
3, 127759, 07/12/2018 09:20:22, OTHER_GROUPS, 0.9, 119.5, 50691.9, 118.5, 0, 0, 0, 0, 612, 1686, 0.1, 9.6, 27.1
3, 127760, 07/12/2018 09:40:22, OTHER_GROUPS, 0.9, 126, 59631.9, 125, 0, 0, 0, 0, 607, 2050, 0.1, 8.3, 29.1
3, 127761, 07/12/2018 10:00:09, OTHER_GROUPS, 0.8, 105.3, 59615.6, 104.5, 0, 0, 0, 0, 687, 496, 0, 9, 27.3
3, 127762, 07/12/2018 10:20:32, OTHER_GROUPS, 1, 112.2, 65616.6, 111.1, 0, 0, 0, 0, 647, 466, 0.1, 10.5, 47.8
3, 127763, 07/12/2018 10:40:11, OTHER_GROUPS, 0.8, 67.2, 38904.4, 66.4, 0, 0, 0, 0, 555, 474, 0, 4.2, 30.4
3, 127764, 07/12/2018 11:00:06, OTHER_GROUPS, 0.9, 77, 45985.4, 76, 0, 0, 0, 0, 704, 541, 0.1, 22.3, 38.8
3, 127765, 07/12/2018 11:20:24, OTHER_GROUPS, 0.9, 59.5, 34680, 58.5, 0, 0, 0, 0, 771, 353, 0.1, 21.8, 67.1
3, 127766, 07/12/2018 11:40:11, OTHER_GROUPS, 0.8, 60.3, 23644.5, 59.4, 0, 0, 0, 0, 564, 417, 0.1, 9.6, 48.7
3, 127767, 07/12/2018 12:00:23, OTHER_GROUPS, 0.9, 91, 58830.3, 90, 0, 0, 0, 0, 624, 553, 0.1, 18.2, 49.5
3, 127768, 07/12/2018 12:20:11, OTHER_GROUPS, 1.1, 73.5, 58645.5, 72.3, 0, 0, 0, 0, 593, 521, 0.1, 19.7, 33.6
3, 127769, 07/12/2018 12:40:09, OTHER_GROUPS, 1.2, 75, 55990.9, 73.8, 0, 0, 0, 0, 554, 469, 0, 11.1, 26.9
3, 127770, 07/12/2018 13:00:15, OTHER_GROUPS, 1.1, 71.8, 65761.6, 70.6, 0, 0, 0, 0, 522, 616, 0.1, 11.5, 23.7
3, 127771, 07/12/2018 13:20:01, OTHER_GROUPS, 0.9, 50.9, 61609.2, 50, 0, 0, 0, 0, 602, 500, 0, 8.1, 21.3
3, 127772, 07/12/2018 13:40:10, OTHER_GROUPS, 0.9, 40, 37552.5, 39.1, 0, 0, 0, 0, 619, 315, 0, 14.4, 21.4
3, 127773, 07/12/2018 14:00:17, OTHER_GROUPS, 0.8, 41.8, 33268.3, 41, 0, 0, 0, 0, 596, 310, 0, 5.4, 22.3
3, 127774, 07/12/2018 14:20:11, OTHER_GROUPS, 0.9, 54.5, 44993, 53.6, 0, 0, 0, 0, 754, 448, 0, 6, 18.5
3, 127775, 07/12/2018 14:40:15, OTHER_GROUPS, 0.8, 56.3, 38154.8, 55.4, 0, 0, 0, 0, 839, 397, 0.1, 7.4, 29.2
3, 127776, 07/12/2018 15:00:27, OTHER_GROUPS, 0.8, 47.8, 42050.1, 47, 0, 0, 0, 0, 563, 277, 0, 11.8, 22.5
3, 127777, 07/12/2018 15:20:06, OTHER_GROUPS, 0.8, 50.7, 65411.2, 49.9, 0, 0, 0, 0, 616, 313, 0, 10.7, 21.6
3, 127778, 07/12/2018 15:40:15, OTHER_GROUPS, 0.8, 48.2, 41218, 47.3, 0, 0, 0, 0, 681, 479, 0.1, 28.4, 23.9
3, 127779, 07/12/2018 16:00:03, OTHER_GROUPS, 0.9, 51.7, 45833.8, 50.8, 0, 0, 0, 0, 659, 423, 0, 6.7, 23.2
3, 127780, 07/12/2018 16:20:24, OTHER_GROUPS, 0.9, 58, 40296, 57.1, 0, 0, 0, 0, 584, 384, 0, 3.6, 14.4
3, 127781, 07/12/2018 16:40:14, OTHER_GROUPS, 0.8, 54, 39378.8, 53.2, 0, 0, 0, 0, 588, 295, 0, 4, 16.1
3, 127782, 07/12/2018 17:00:00, OTHER_GROUPS, 0.9, 53.2, 36103.5, 52.3, 0, 0, 0, 0, 531, 339, 0, 5.3, 19.9
3, 127783, 07/12/2018 17:20:15, OTHER_GROUPS, 1.4, 47.3, 38078, 45.9, 0, 0, 0, 0, 652, 443, 0, 2.5, 16.9
3, 127784, 07/12/2018 17:40:07, OTHER_GROUPS, 0.9, 40.7, 31219.1, 39.8, 0, 0, 0, 0, 553, 249, 0, 3.6, 19.2
3, 127785, 07/12/2018 18:00:16, OTHER_GROUPS, 0.8, 53.9, 52457.6, 53.1, 0, 0, 0, 0, 531, 305, 0, 4.4, 17.5
3, 127786, 07/12/2018 18:20:03, OTHER_GROUPS, 0.8, 37.3, 31013, 36.5, 0, 0, 0, 0, 703, 256, 0, 4.8, 16.9
3, 127787, 07/12/2018 18:40:20, OTHER_GROUPS, 0.8, 34.8, 32739.8, 34, 0, 0, 0, 0, 676, 183, 0, 5.1, 30.5
3, 127788, 07/12/2018 19:00:16, OTHER_GROUPS, 0.8, 25.5, 10040.5, 24.7, 0, 0, 0, 0, 522, 211, 0, 2.8, 17.6
3, 127789, 07/12/2018 19:20:33, OTHER_GROUPS, 0.8, 67.1, 36151.5, 66.3, 0, 0, 0, 0, 737, 279, 0, 4.1, 28.5
3, 127790, 07/12/2018 19:40:05, OTHER_GROUPS, 0.8, 22.2, 8384, 21.4, 0, 0, 0, 0, 481, 108, 0, 5.9, 20.3
3, 127791, 07/12/2018 20:00:10, OTHER_GROUPS, 0.8, 25.3, 9961.7, 24.5, 0, 0, 0, 0, 557, 78, 0, 2, 23
3, 127792, 07/12/2018 20:20:24, OTHER_GROUPS, 0.8, 20.7, 8669.2, 19.9, 0, 0, 0, 0, 587, 170, 0, 7.7, 20
3, 127793, 07/12/2018 20:40:34, OTHER_GROUPS, 0.8, 20.4, 9075, 19.6, 0, 0, 0, 0, 524, 234, 0, 2.7, 22.1
3, 127794, 07/12/2018 21:00:12, OTHER_GROUPS, 0.7, 12.4, 7118, 11.7, 0, 0, 0, 0, 526, 206, 0, 10.3, 20.3
3, 127795, 07/12/2018 21:20:02, OTHER_GROUPS, 0.8, 11.8, 7197.6, 11, 0, 0, 0, 0, 720, 155, 0, 3.9, 15
3, 127796, 07/12/2018 21:40:14, OTHER_GROUPS, 0.8, 11.6, 7392.6, 10.8, 0, 0, 0, 0, 700, 181, 0, 8.4, 25.9
3, 127797, 07/12/2018 22:00:02, OTHER_GROUPS, 0.8, 10.9, 6580.7, 10.1, 0, 0, 0, 0, 500, 237, 0, 4.2, 17.4
3, 127798, 07/12/2018 22:20:07, OTHER_GROUPS, 0.8, 14.5, 5576, 13.7, 0, 0, 0, 0, 589, 248, 0, 3.7, 17.4
3, 127799, 07/12/2018 22:40:09, OTHER_GROUPS, 0.8, 16.4, 5996.8, 15.6, 0, 0, 0, 0, 528, 182, 0, 4.9, 19.7
3, 127800, 07/12/2018 23:00:04, OTHER_GROUPS, 0.8, 14.8, 11006.3, 14, 0, 0, 0, 0, 624, 177, 0, 7.3, 19.6
3, 127801, 07/12/2018 23:20:00, OTHER_GROUPS, 0.8, 25.4, 13514.4, 24.6, 0, 0, 0, 0, 595, 178, 0, 5.3, 16.4
3, 127802, 07/12/2018 23:40:15, OTHER_GROUPS, 0.8, 62.4, 11840, 61.6, 0, 0, 0, 0, 552, 316, 0, 4, 19.8
3, 127751, 07/12/2018 06:40:16, SZB_SANDBOX_GROUP, 2792.6, 3043.1, 18432.3, 0, 202, 12.3, 16271, 918649, 1491803, 2295761, 250.5, 451162.5, 343739.4
3, 127752, 07/12/2018 07:00:33, SZB_SANDBOX_GROUP, 20.7, 21.6, 31409.7, 0.4, 0, 0, 7, 367, 1896, 5560, 0.5, 3983.4, 781.8
3, 127753, 07/12/2018 07:20:07, SZB_SANDBOX_GROUP, 6.5, 9.2, 15997.4, 2.4, 0, 0, 6, 352, 572, 1958, 0.3, 803.7, 409.4
3, 127754, 07/12/2018 07:40:05, SZB_SANDBOX_GROUP, 34.2, 56.1, 23257.1, 15.3, 0, 0, 6, 303, 1830, 26090, 6.6, 2318, 12464.3
3, 127755, 07/12/2018 08:00:08, SZB_SANDBOX_GROUP, 22.5, 28.2, 38999.6, 4, 0, 0, 4, 207, 696, 14462, 1.7, 4263.9, 1616.2
3, 127756, 07/12/2018 08:20:13, SZB_SANDBOX_GROUP, 19, 29.1, 15070.1, 6.9, 0, 0, 15, 635, 1050, 7925, 3.2, 753.7, 5981.4
3, 127757, 07/12/2018 08:40:00, SZB_SANDBOX_GROUP, 4.4, 7.7, 2081.3, 2.2, 0, 0, 4, 175, 3561, 967, 1.1, 240.4, 2016
3, 127758, 07/12/2018 09:00:17, SZB_SANDBOX_GROUP, 8.5, 11.8, 4261, 2.6, 0, 0, 17, 639, 1464, 3922, 0.7, 3173.8, 891.9
3, 127759, 07/12/2018 09:20:22, SZB_SANDBOX_GROUP, 19.6, 43.9, 31373.7, 20.9, 9, 0.6, 27, 556, 2281, 29911, 3.4, 3504.8, 3731.4
3, 127760, 07/12/2018 09:40:22, SZB_SANDBOX_GROUP, 19.2, 29.5, 31912.3, 7.7, 10, 1.2, 42, 1930, 4278, 18874, 2.6, 5103.7, 2691.2
3, 127761, 07/12/2018 10:00:09, SZB_SANDBOX_GROUP, 14.3, 26.3, 12725.5, 9.9, 0, 0, 28, 955, 3234, 6163, 2.1, 773.2, 2508.7
3, 127762, 07/12/2018 10:20:32, SZB_SANDBOX_GROUP, 11.1, 29.5, 26753.2, 16.6, 0, 0, 66, 1914, 4114, 4238, 1.8, 1622.6, 3589.7
3, 127763, 07/12/2018 10:40:11, SZB_SANDBOX_GROUP, 12.6, 24.5, 23051.7, 10, 0, 0, 58, 1803, 4052, 6629, 1.9, 861.8, 2769.5
3, 127764, 07/12/2018 11:00:06, SZB_SANDBOX_GROUP, 20.7, 33.5, 14375, 10.4, 0, 0, 21, 736, 2588, 9488, 2.4, 3579, 3029.5
3, 127765, 07/12/2018 11:20:24, SZB_SANDBOX_GROUP, 8.9, 17.3, 8910.9, 6.9, 0, 0, 59, 1496, 3756, 3734, 1.5, 1581.3, 3438.9
3, 127766, 07/12/2018 11:40:11, SZB_SANDBOX_GROUP, 12, 17.9, 11578.3, 4.2, 0, 0, 104, 3006, 5233, 8605, 1.7, 1111.6, 2462.3
3, 127767, 07/12/2018 12:00:23, SZB_SANDBOX_GROUP, 18.1, 31.7, 7396.9, 12, 0, 0, 59, 1548, 4965, 7723, 1.6, 6593.3, 1271.4
3, 127768, 07/12/2018 12:20:11, SZB_SANDBOX_GROUP, 17.3, 18.3, 5667.9, 0, 0, 0, 251, 3814, 5778, 6298, 1, 3323, 1057.8
3, 127769, 07/12/2018 12:40:09, SZB_SANDBOX_GROUP, 10.2, 24.4, 7431.8, 13, 0, 0, 81, 1853, 5153, 4371, 1.2, 4462.4, 2053.9
3, 127770, 07/12/2018 13:00:15, SZB_SANDBOX_GROUP, 25.3, 40.9, 14213.2, 13.6, 0, 0, 54, 1571, 4534, 13163, 2, 6709.7, 2622.1
3, 127771, 07/12/2018 13:20:01, SZB_SANDBOX_GROUP, 29.9, 40.5, 16430.2, 8.7, 0, 0, 42, 1304, 2078, 16310, 1.9, 959.9, 2555.3
3, 127772, 07/12/2018 13:40:10, SZB_SANDBOX_GROUP, 18.5, 25.8, 8101.5, 6, 0, 0, 63, 1627, 4250, 10036, 1.3, 1327.4, 1838.8
3, 127773, 07/12/2018 14:00:17, SZB_SANDBOX_GROUP, 14.8, 23.7, 11645.7, 5.8, 0, 0, 67, 1811, 8855, 7675, 3.1, 7595.2, 1166.3
3, 127774, 07/12/2018 14:20:11, SZB_SANDBOX_GROUP, 22.3, 27.9, 18694.2, 4.6, 0, 0, 349, 18863, 19999, 11297, 1, 2722.2, 841.1
3, 127775, 07/12/2018 14:40:15, SZB_SANDBOX_GROUP, 19.7, 22.7, 33072.4, 0.5, 0, 0, 486, 28568, 30252, 8689, 2.5, 1707.7, 2298.7
3, 127776, 07/12/2018 15:00:27, SZB_SANDBOX_GROUP, 11.9, 13.2, 13968.5, 0.3, 0, 0, 555, 32266, 35441, 3816, 1, 1924.3, 1330.5
3, 127777, 07/12/2018 15:20:06, SZB_SANDBOX_GROUP, 6.2, 7.3, 7349.6, 0, 0, 0, 687, 42081, 44129, 2216, 1.1, 435.2, 1823.7
3, 127778, 07/12/2018 15:40:15, SZB_SANDBOX_GROUP, 14.8, 16, 4822.2, 0, 0, 0, 616, 37691, 38901, 8911, 1.2, 4228.9, 1572.4
3, 127779, 07/12/2018 16:00:03, SZB_SANDBOX_GROUP, 23.4, 27.4, 14767, 2.1, 0, 0, 449, 27088, 29466, 14688, 1.9, 4168.8, 1551.7
3, 127780, 07/12/2018 16:20:24, SZB_SANDBOX_GROUP, 8, 14.2, 2463.2, 4.3, 0, 0, 439, 26443, 28228, 2856, 1.9, 626.7, 3480.2
3, 127781, 07/12/2018 16:40:14, SZB_SANDBOX_GROUP, 8.3, 13.3, 3737.5, 3.6, 0, 0, 668, 40531, 42257, 2767, 1.4, 1025.6, 2664.2
3, 127782, 07/12/2018 17:00:00, SZB_SANDBOX_GROUP, 10.9, 12.2, 6753, 0, 0, 0, 731, 43655, 48575, 3726, 1.3, 1936.9, 1229.2
3, 127783, 07/12/2018 17:20:15, SZB_SANDBOX_GROUP, 15.5, 16.3, 8724.8, 0, 0, 0, 620, 36204, 39044, 5121, 0.8, 430.5, 673.4
3, 127784, 07/12/2018 17:40:07, SZB_SANDBOX_GROUP, 6.1, 7, 1383.1, 0, 0, 0, 617, 37179, 39763, 1685, 0.9, 571.9, 1103.4
3, 127785, 07/12/2018 18:00:16, SZB_SANDBOX_GROUP, 17.6, 19.6, 12236.8, 0.9, 0, 0, 496, 29603, 32407, 6320, 1.1, 4972.9, 961.3
3, 127786, 07/12/2018 18:20:03, SZB_SANDBOX_GROUP, 9.5, 10.7, 1586.1, 0, 0, 0, 1106, 67171, 69957, 3437, 1.2, 822.7, 1338.6
3, 127787, 07/12/2018 18:40:20, SZB_SANDBOX_GROUP, 6.8, 7.6, 1111.4, 0, 0, 0, 932, 55431, 59382, 2051, 0.8, 1031.3, 974.1
3, 127788, 07/12/2018 19:00:16, SZB_SANDBOX_GROUP, 9.6, 10.7, 6772.2, 0, 0, 0, 932, 56221, 60252, 3703, 1.1, 1026.1, 993.9
3, 127790, 07/12/2018 19:40:05, SZB_SANDBOX_GROUP, 10.7, 16.8, 2607.6, 0, 0, 0, 259, 14464, 38993, 5659, 6.1, 6917.2, 6669.1
3, 127791, 07/12/2018 20:00:10, SZB_SANDBOX_GROUP, 8.7, 11.2, 1987, 0.4, 0, 0, 194, 11932, 25440, 2626, 2.1, 5848.6, 2325
3, 127792, 07/12/2018 20:20:24, SZB_SANDBOX_GROUP, 9.4, 11.2, 8342.1, 0, 0, 0, 967, 61728, 71938, 4552, 1.8, 2600, 2031.6
3, 127793, 07/12/2018 20:40:34, SZB_SANDBOX_GROUP, 10.5, 16.9, 6574.7, 4.2, 0, 0, 927, 58656, 87095, 4414, 2.2, 4531.8, 2643.9
3, 127794, 07/12/2018 21:00:12, SZB_SANDBOX_GROUP, 21.6, 25, 12625.5, 1.9, 0, 0, 29, 976, 11078, 9104, 1.5, 9412.3, 1263.3
3, 127795, 07/12/2018 21:20:02, SZB_SANDBOX_GROUP, 19.4, 22.5, 3096.8, 2, 0, 0, 14, 592, 2321, 6998, 1.1, 2932.1, 1277.3
3, 127796, 07/12/2018 21:40:14, SZB_SANDBOX_GROUP, 11, 12.8, 3279.8, 1, 0, 0, 31, 880, 1716, 2638, 0.8, 6176.9, 1057.3
3, 127797, 07/12/2018 22:00:02, SZB_SANDBOX_GROUP, 16.6, 17.4, 14722.9, 0.2, 0, 0, 43, 2144, 8157, 4251, 0.6, 2818.1, 712
3, 127798, 07/12/2018 22:20:07, SZB_SANDBOX_GROUP, 7.8, 8.6, 5211.3, 0, 0, 0, 64, 2128, 36494, 2150, 0.8, 4505, 992.3
3, 127799, 07/12/2018 22:40:09, SZB_SANDBOX_GROUP, 5.8, 8.5, 3373.5, 1.9, 0, 0, 24, 800, 1344, 2189, 0.8, 8603.6, 824.7
3, 127800, 07/12/2018 23:00:04, SZB_SANDBOX_GROUP, 11.1, 15.6, 10529.8, 3.7, 0, 0, 21, 736, 1542, 2933, 0.8, 1734.2, 2061.8
3, 127801, 07/12/2018 23:20:00, SZB_SANDBOX_GROUP, 1.8, 2.3, 799.9, 0.2, 0, 0, 41, 1072, 1506, 354, 0.3, 255.2, 707.7
3, 127802, 07/12/2018 23:40:15, SZB_SANDBOX_GROUP, 3.7, 5.3, 1314, 1.1, 0, 0, 40, 1392, 2321, 1297, 0.5, 253.2, 762.8
4, 127751, 07/12/2018 06:40:16, ADW_UNLOAD_GROUP, 7.9, 11.5, 0, 0, 1, 0, 15, 308, 15582, 2099, 3.6, 929.6, 5414.9
4, 127753, 07/12/2018 07:20:07, ADW_UNLOAD_GROUP, 0, 0, 0, 0, 0, 0, 0, 0, 52, 0, 0, 0, 0
4, 127754, 07/12/2018 07:40:06, ADW_UNLOAD_GROUP, 0, 0, 0, 0, 0, 0, 0, 0, 54, 2, 0, 0, 0
4, 127757, 07/12/2018 08:40:00, ADW_UNLOAD_GROUP, 0, 0, 0, 0, 0, 0, 0, 0, 55, 1, 0, 0, 0
4, 127759, 07/12/2018 09:20:21, ADW_UNLOAD_GROUP, 0, 0, 0, 0, 0, 0, 0, 0, 52, 1, 0, 0, 0
4, 127760, 07/12/2018 09:40:22, ADW_UNLOAD_GROUP, 0, 0, 0, 0, 0, 0, 0, 0, 54, 6, 0, 0, 0
4, 127761, 07/12/2018 10:00:09, ADW_UNLOAD_GROUP, 0, 0, 0, 0, 0, 0, 0, 0, 54, 4, 0, 0, 0
4, 127762, 07/12/2018 10:20:22, ADW_UNLOAD_GROUP, 0, 0, 0, 0, 0, 0, 0, 0, 70, 2, 0, 0, 0
4, 127763, 07/12/2018 10:40:11, ADW_UNLOAD_GROUP, 0.1, 0.3, 3.4, 0.2, 0, 0, 0, 0, 50, 22, 0, 5.8, 6.6
4, 127764, 07/12/2018 11:00:06, ADW_UNLOAD_GROUP, 0.4, 0.8, 0, 0, 0, 0, 0, 0, 101, 80, 0.4, 9.4, 862.7
4, 127765, 07/12/2018 11:20:30, ADW_UNLOAD_GROUP, 0.2, 0.4, 0, 0, 0, 0, 0, 0, 46, 38, 0.2, 3.8, 319.3
4, 127767, 07/12/2018 12:00:15, ADW_UNLOAD_GROUP, 0.1, 0.2, 0, 0, 0, 0, 0, 0, 57, 3, 0.1, 1.3, 113.3
4, 127768, 07/12/2018 12:21:08, ADW_UNLOAD_GROUP, 0.1, 0.2, 0, 0, 0, 0, 0, 0, 47, 12, 0.1, 0.9, 100.8
4, 127769, 07/12/2018 12:40:09, ADW_UNLOAD_GROUP, 0.1, 0.2, 0, 0, 0, 0, 0, 0, 58, 13, 0.1, 0.8, 83.9
4, 127770, 07/12/2018 13:00:15, ADW_UNLOAD_GROUP, 0.1, 0.2, 0, 0, 0, 0, 0, 0, 48, 3, 0.1, 0.7, 62.6
4, 127772, 07/12/2018 13:40:10, ADW_UNLOAD_GROUP, 1.2, 2.4, 0, 0, 0, 0, 0, 0, 59, 268, 1.2, 26.3, 2142
4, 127773, 07/12/2018 14:00:17, ADW_UNLOAD_GROUP, 0.1, 0.3, 0, 0, 0, 0, 1, 32, 50, 25, 0.2, 2.4, 198.1
4, 127774, 07/12/2018 14:20:07, ADW_UNLOAD_GROUP, 0, 0, 0.3, 0, 0, 0, 0, 0, 98, 1, 0, 0, 0
4, 127775, 07/12/2018 14:40:15, ADW_UNLOAD_GROUP, 0, 0, 0, 0, 0, 0, 0, 0, 120, 0, 0, 0, 0
4, 127776, 07/12/2018 15:00:28, ADW_UNLOAD_GROUP, 0, 0, 0, 0, 0, 0, 0, 0, 61, 6, 0, 0, 0
4, 127777, 07/12/2018 15:20:05, ADW_UNLOAD_GROUP, 0, 0, 0.4, 0, 0, 0, 0, 0, 47, 1, 0, 0, 0
4, 127778, 07/12/2018 15:40:15, ADW_UNLOAD_GROUP, 0, 1.1, 95.8, 1.1, 0, 0, 0, 0, 82, 1, 0, 0, 0
4, 127779, 07/12/2018 16:00:03, ADW_UNLOAD_GROUP, 0, 0.1, 151.5, 0.1, 0, 0, 0, 0, 376, 8, 0, 0, 0
4, 127780, 07/12/2018 16:20:24, ADW_UNLOAD_GROUP, 0, 0.1, 148, 0.1, 0, 0, 0, 0, 160, 4, 0, 0, 0.1
4, 127781, 07/12/2018 16:40:13, ADW_UNLOAD_GROUP, 0, 0.1, 115.1, 0.1, 0, 0, 0, 0, 50, 5, 0, 0, 0
4, 127782, 07/12/2018 17:00:00, ADW_UNLOAD_GROUP, 0, 0.1, 78.4, 0.1, 0, 0, 0, 0, 64, 3, 0, 0, 0
4, 127783, 07/12/2018 17:20:09, ADW_UNLOAD_GROUP, 0, 0.1, 116.1, 0.1, 0, 0, 0, 0, 59, 3, 0, 0, 0
4, 127784, 07/12/2018 17:40:05, ADW_UNLOAD_GROUP, 0, 0, 0, 0, 0, 0, 0, 0, 54, 1, 0, 0, 0
4, 127785, 07/12/2018 18:00:15, ADW_UNLOAD_GROUP, 0, 0, 0, 0, 0, 0, 0, 0, 53, 0, 0, 0, 0
4, 127788, 07/12/2018 19:00:16, ADW_UNLOAD_GROUP, 0, 0, 0, 0, 0, 0, 0, 0, 54, 2, 0, 0, 0
4, 127791, 07/12/2018 20:00:08, ADW_UNLOAD_GROUP, 0, 0, 0, 0, 0, 0, 0, 0, 54, 1, 0, 0, 0
4, 127792, 07/12/2018 20:20:24, ADW_UNLOAD_GROUP, 0, 0, 0, 0, 0, 0, 0, 0, 54, 0, 0, 0, 0
4, 127793, 07/12/2018 20:40:34, ADW_UNLOAD_GROUP, 0, 0, 0, 0, 0, 0, 0, 0, 51, 0, 0, 0, 0
4, 127794, 07/12/2018 21:00:12, ADW_UNLOAD_GROUP, 0, 0, 0, 0, 0, 0, 0, 0, 47, 0, 0, 0, 0
4, 127795, 07/12/2018 21:20:02, ADW_UNLOAD_GROUP, 0, 0, 0, 0, 0, 0, 0, 0, 51, 1, 0, 0, 0
4, 127797, 07/12/2018 22:00:02, ADW_UNLOAD_GROUP, 0.1, 0.2, 4.7, 0.1, 0, 0, 0, 0, 75, 18, 0, 9.3, 11.3
4, 127799, 07/12/2018 22:40:09, ADW_UNLOAD_GROUP, 0, 0, 0, 0, 0, 0, 0, 0, 51, 0, 0, 0, 0
4, 127800, 07/12/2018 23:00:04, ADW_UNLOAD_GROUP, 0, 0, 0, 0, 0, 0, 0, 0, 52, 0, 0, 0, 0
4, 127801, 07/12/2018 23:20:00, ADW_UNLOAD_GROUP, 0, 0, 0, 0, 0, 0, 0, 0, 51, 1, 0, 0, 0
4, 127802, 07/12/2018 23:40:15, ADW_UNLOAD_GROUP, 0, 0, 0, 0, 0, 0, 0, 0, 52, 0, 0, 0, 0
4, 127751, 07/12/2018 06:40:16, DM_TECH_GROUP, 1264.6, 1528.8, 19331.8, 0, 50, 1.9, 5405, 78585, 92403, 1006594, 264.2, 90014.6, 388732.6
4, 127752, 07/12/2018 07:00:33, DM_TECH_GROUP, 14.9, 22.1, 35318.2, 6.5, 0, 0, 25, 360, 384, 8834, 0.7, 1399.2, 885.9
4, 127753, 07/12/2018 07:20:07, DM_TECH_GROUP, 7.6, 11, 19502, 3.2, 0, 0, 22, 296, 298, 2590, 0.2, 447.6, 735
4, 127754, 07/12/2018 07:40:06, DM_TECH_GROUP, 4.9, 8.2, 23309, 3.1, 0, 0, 0, 0, 0, 1869, 0.2, 33.4, 554.9
4, 127755, 07/12/2018 08:00:08, DM_TECH_GROUP, 5.2, 10.3, 23396.5, 4.5, 0, 0, 112, 1644, 1656, 1751, 0.6, 174.6, 838.3
4, 127756, 07/12/2018 08:20:13, DM_TECH_GROUP, 8.6, 13.7, 32367.5, 4.1, 0, 0, 79, 1162, 1368, 2767, 1, 470.8, 1603.1
4, 127757, 07/12/2018 08:40:00, DM_TECH_GROUP, 5.1, 9.9, 28256.3, 4.5, 0, 0, 16, 218, 268, 1005, 0.3, 250.9, 981.8
4, 127758, 07/12/2018 09:00:17, DM_TECH_GROUP, 5, 8.1, 25293.6, 2.8, 0, 0, 12, 176, 184, 1280, 0.3, 97.1, 841.1
4, 127759, 07/12/2018 09:20:21, DM_TECH_GROUP, 4.5, 8.3, 31069.4, 3.4, 1, 0, 2, 32, 18, 1123, 0.4, 45.6, 854.9
4, 127760, 07/12/2018 09:40:22, DM_TECH_GROUP, 4.9, 8.6, 22727.7, 3.4, 3, 0.1, 58, 830, 1004, 1332, 0.3, 268.4, 729.7
4, 127761, 07/12/2018 10:00:09, DM_TECH_GROUP, 7.4, 19.2, 19339.7, 9.5, 1, 0, 351, 5096, 5048, 3098, 2.3, 1503.4, 4086.9
4, 127762, 07/12/2018 10:20:22, DM_TECH_GROUP, 11, 23.1, 41127.5, 7.1, 6, 0, 335, 4692, 4833, 5554, 5, 863.2, 12586
4, 127763, 07/12/2018 10:40:11, DM_TECH_GROUP, 3.8, 13.3, 20300, 8.4, 0, 0, 49, 736, 746, 1106, 1.1, 337.1, 3114.7
4, 127764, 07/12/2018 11:00:06, DM_TECH_GROUP, 5.4, 15.3, 25872, 6.8, 0, 0, 4, 56, 59, 2397, 3.1, 337.8, 6131.4
4, 127765, 07/12/2018 11:20:30, DM_TECH_GROUP, 5.4, 10.8, 34884.6, 2.9, 0, 0, 23, 328, 328, 1786, 2.5, 237.5, 4870.6
4, 127766, 07/12/2018 11:40:11, DM_TECH_GROUP, 5.1, 8.2, 22735.9, 2.7, 0, 0, 63, 960, 1021, 1486, 0.4, 62.6, 1050.1
4, 127767, 07/12/2018 12:00:15, DM_TECH_GROUP, 4.1, 6.9, 24834.3, 2.5, 0, 0, 8, 112, 97, 998, 0.3, 42.5, 619.3
4, 127768, 07/12/2018 12:21:08, DM_TECH_GROUP, 6.1, 9.8, 18884.1, 3.3, 0, 0, 1, 24, 78, 2772, 0.4, 32.3, 753.8
4, 127769, 07/12/2018 12:40:09, DM_TECH_GROUP, 4.6, 9.6, 22706.7, 4.6, 0, 0, 42, 634, 698, 2023, 0.4, 100.7, 816.2
4, 127770, 07/12/2018 13:00:15, DM_TECH_GROUP, 4.9, 14.3, 8791.2, 7.1, 16, 0.7, 312, 4520, 4482, 2587, 2.3, 1471.7, 3538.5
4, 127771, 07/12/2018 13:20:00, DM_TECH_GROUP, 3.5, 9.3, 5249.7, 4.8, 0, 0, 408, 5664, 5680, 1120, 1, 397.9, 1994.2
4, 127772, 07/12/2018 13:40:10, DM_TECH_GROUP, 3.4, 8.2, 22106.6, 4, 0, 0, 3, 25, 38, 970, 0.8, 161.9, 2055.6
4, 127773, 07/12/2018 14:00:17, DM_TECH_GROUP, 4.7, 9.1, 18563.5, 3.1, 0, 0, 48, 688, 662, 1753, 1.3, 490.2, 3255.6
4, 127774, 07/12/2018 14:20:07, DM_TECH_GROUP, 4.3, 9, 7691.1, 3.5, 0, 0, 25, 352, 583, 1522, 1.2, 84.5, 3504.2
4, 127775, 07/12/2018 14:40:15, DM_TECH_GROUP, 3.1, 6.6, 5296.4, 2.9, 1, 0, 48, 674, 708, 788, 0.6, 896.3, 1047.5
4, 127776, 07/12/2018 15:00:28, DM_TECH_GROUP, 2.1, 5.2, 4840.9, 2.6, 0, 0, 12, 170, 238, 489, 0.5, 159.4, 1037
4, 127777, 07/12/2018 15:20:05, DM_TECH_GROUP, 1.6, 4.6, 5244.5, 2.7, 0, 0, 2, 26, 108, 439, 0.3, 55.5, 801
4, 127778, 07/12/2018 15:40:15, DM_TECH_GROUP, 0.7, 3.1, 4437.4, 2.3, 0, 0, 2, 32, 98, 198, 0.1, 5, 590.6
4, 127779, 07/12/2018 16:00:03, DM_TECH_GROUP, 3.9, 10.1, 5232.2, 4, 0, 0, 418, 6088, 6112, 1788, 2.2, 1501.6, 3790.9
4, 127780, 07/12/2018 16:20:24, DM_TECH_GROUP, 5.1, 16.2, 6847.8, 7.9, 4, 0, 364, 5068, 5200, 2509, 3.2, 842.5, 7580.5
4, 127781, 07/12/2018 16:40:13, DM_TECH_GROUP, 5.3, 18.5, 23737.3, 9.3, 0, 0, 27, 368, 388, 2903, 3.9, 316.5, 10104.9
4, 127782, 07/12/2018 17:00:00, DM_TECH_GROUP, 5.7, 11.6, 13905.9, 2.8, 0, 0, 5, 108, 93, 2263, 3.1, 247.6, 5378.6
4, 127783, 07/12/2018 17:20:09, DM_TECH_GROUP, 2.8, 8.3, 12854.9, 2.5, 0, 0, 1, 12, 0, 572, 3, 166.4, 6718.3
4, 127784, 07/12/2018 17:40:05, DM_TECH_GROUP, 2.6, 4, 13113.5, 1, 2, 0, 105, 1584, 1677, 399, 0.4, 120.4, 824.1
4, 127785, 07/12/2018 18:00:15, DM_TECH_GROUP, 2.7, 6.8, 2072.7, 2.5, 1, 0, 674, 9560, 9481, 855, 1.6, 1494.2, 2740.2
4, 127786, 07/12/2018 18:20:13, DM_TECH_GROUP, 1.1, 3, 9524.8, 1.5, 0, 0, 23, 336, 296, 209, 0.4, 323.2, 2246.3
4, 127787, 07/12/2018 18:40:20, DM_TECH_GROUP, 1.2, 2.9, 294.1, 1.1, 0, 0, 87, 1280, 1248, 219, 0.6, 305.7, 2521.4
4, 127788, 07/12/2018 19:00:16, DM_TECH_GROUP, 2.9, 6.8, 344.8, 2.2, 0, 0, 740, 10536, 10563, 1021, 1.7, 1617.7, 3250.2
4, 127790, 07/12/2018 19:40:05, DM_TECH_GROUP, 0.3, 0.6, 211.2, 0.2, 0, 0, 30, 468, 495, 55, 0.1, 11.8, 42.1
4, 127791, 07/12/2018 20:00:08, DM_TECH_GROUP, 2.9, 6.5, 513.3, 0.8, 0, 0, 744, 10556, 10645, 1035, 2.8, 1856.5, 5059.5
4, 127792, 07/12/2018 20:20:24, DM_TECH_GROUP, 1.9, 2.8, 2230.7, 0.4, 0, 0, 92, 1366, 1389, 257, 0.5, 392.9, 2409.4
4, 127793, 07/12/2018 20:40:34, DM_TECH_GROUP, 0.6, 0.8, 29.6, 0.1, 0, 0, 79, 1168, 1339, 144, 0.1, 403.8, 134.8
4, 127794, 07/12/2018 21:00:12, DM_TECH_GROUP, 3, 5.5, 479.4, 0, 0, 0, 716, 10208, 10163, 1403, 2.5, 1724.7, 6882.3
4, 127795, 07/12/2018 21:20:02, DM_TECH_GROUP, 4.3, 17, 4707.5, 10.6, 0, 0, 57, 808, 1028, 3413, 2.1, 558.2, 6230.8
4, 127796, 07/12/2018 21:40:15, DM_TECH_GROUP, 5, 10.3, 17272.5, 2.9, 0, 0, 25, 436, 465, 2290, 2.4, 385.8, 10728.6
4, 127797, 07/12/2018 22:00:02, DM_TECH_GROUP, 4.6, 9.4, 10764, 1.1, 0, 0, 798, 11392, 11256, 2025, 3.7, 2203.1, 13409.1
4, 127798, 07/12/2018 22:20:07, DM_TECH_GROUP, 0.1, 0.1, 40.5, 0, 0, 0, 38, 528, 483, 12, 0, 107.7, 76.9
4, 127799, 07/12/2018 22:40:09, DM_TECH_GROUP, 0, 0.6, 18.7, 0.6, 0, 0, 3, 48, 115, 0, 0, 0.9, 1.1
4, 127800, 07/12/2018 23:00:04, DM_TECH_GROUP, 2.1, 4.4, 219.5, 1.1, 0, 0, 782, 11168, 11135, 506, 1.2, 1745.8, 3956.7
4, 127801, 07/12/2018 23:20:00, DM_TECH_GROUP, 0.6, 2.1, 201.1, 1.2, 0, 0, 62, 880, 835, 133, 0.3, 431.1, 2344
4, 127751, 07/12/2018 06:40:16, OTHER_GROUPS, 566.3, 647.5, 33357.7, 0, 3, 0.4, 3619, 24230, 210800, 263197, 81.2, 69040.1, 56286.3
4, 127752, 07/12/2018 07:00:33, OTHER_GROUPS, 1.2, 62, 41003, 60.7, 0, 0, 0, 0, 590, 419, 0.1, 13.6, 158.8
4, 127753, 07/12/2018 07:20:07, OTHER_GROUPS, 1.2, 58.9, 27674.7, 57.6, 0, 0, 0, 0, 627, 322, 0.1, 9.6, 78.6
4, 127754, 07/12/2018 07:40:06, OTHER_GROUPS, 1.2, 57.1, 30248.6, 55.8, 0, 0, 0, 0, 627, 602, 0.1, 5.4, 61.7
4, 127755, 07/12/2018 08:00:08, OTHER_GROUPS, 1.2, 52.1, 30079.8, 50.7, 0, 0, 0, 0, 577, 517, 0.2, 17.4, 143.6
4, 127756, 07/12/2018 08:20:13, OTHER_GROUPS, 1.3, 36.2, 25170.6, 34.7, 0, 0, 0, 0, 680, 475, 0.2, 10.4, 250.7
4, 127757, 07/12/2018 08:40:00, OTHER_GROUPS, 1.1, 31.8, 28424.1, 30.5, 0, 0, 0, 0, 992, 264, 0.2, 13.6, 194.2
4, 127758, 07/12/2018 09:00:17, OTHER_GROUPS, 1.1, 32.5, 25382.7, 31.1, 0, 0, 0, 0, 519, 273, 0.3, 22.7, 244.6
4, 127759, 07/12/2018 09:20:21, OTHER_GROUPS, 1.3, 29.8, 25015.8, 28.3, 0, 0, 0, 0, 619, 350, 0.2, 32.8, 157.6
4, 127760, 07/12/2018 09:40:22, OTHER_GROUPS, 1.1, 26.9, 16206.3, 25.6, 0, 0, 0, 0, 633, 340, 0.2, 31.2, 77.8
4, 127761, 07/12/2018 10:00:09, OTHER_GROUPS, 1.1, 51.9, 16323.7, 50.6, 0, 0, 0, 0, 571, 382, 0.2, 20.8, 181.3
4, 127762, 07/12/2018 10:20:22, OTHER_GROUPS, 1.6, 76.6, 21838.6, 74.7, 0, 0, 0, 0, 807, 449, 0.3, 22.2, 294.6
4, 127763, 07/12/2018 10:40:11, OTHER_GROUPS, 1, 60, 17154.8, 58.9, 0, 0, 0, 0, 577, 360, 0.1, 11.8, 180.5
4, 127764, 07/12/2018 11:00:06, OTHER_GROUPS, 1.2, 67.7, 30788.9, 66.3, 0, 0, 0, 0, 646, 478, 0.2, 15.4, 247.3
4, 127765, 07/12/2018 11:20:30, OTHER_GROUPS, 1.5, 57.7, 19832.7, 56, 0, 0, 0, 0, 671, 579, 0.2, 21.5, 126.2
4, 127766, 07/12/2018 11:40:11, OTHER_GROUPS, 1.2, 50.7, 20431.5, 49.4, 0, 0, 0, 0, 755, 520, 0.1, 5.2, 163.4
4, 127767, 07/12/2018 12:00:15, OTHER_GROUPS, 1.1, 61.4, 23617.3, 60.1, 0, 0, 0, 0, 771, 383, 0.2, 18.6, 177.3
4, 127768, 07/12/2018 12:21:08, OTHER_GROUPS, 1.3, 50.1, 20086.2, 48.6, 0, 0, 0, 0, 647, 530, 0.2, 24.7, 259.2
4, 127769, 07/12/2018 12:40:09, OTHER_GROUPS, 1.2, 45.3, 22702.1, 43.9, 0, 0, 0, 0, 599, 770, 0.2, 14.1, 227.5
4, 127770, 07/12/2018 13:00:15, OTHER_GROUPS, 1.2, 49.4, 14341.2, 48, 0, 0, 0, 0, 563, 748, 0.2, 27.8, 191.9
4, 127771, 07/12/2018 13:20:00, OTHER_GROUPS, 1.3, 50.4, 24166.8, 48.9, 0, 0, 0, 0, 787, 304, 0.2, 15.8, 152.2
4, 127772, 07/12/2018 13:40:10, OTHER_GROUPS, 1.2, 52.6, 17347.3, 51.2, 0, 0, 0, 0, 661, 311, 0.2, 23.3, 182.7
4, 127773, 07/12/2018 14:00:17, OTHER_GROUPS, 1.1, 41.2, 20039.2, 39.9, 0, 0, 0, 0, 583, 278, 0.2, 25.4, 221.5
4, 127774, 07/12/2018 14:20:07, OTHER_GROUPS, 1.4, 43.5, 18105.3, 41.9, 0, 0, 0, 0, 737, 413, 0.2, 21.9, 240.1
4, 127775, 07/12/2018 14:40:15, OTHER_GROUPS, 1.1, 37.4, 15327.1, 36.1, 0, 0, 0, 0, 702, 283, 0.2, 23.6, 249.1
4, 127776, 07/12/2018 15:00:28, OTHER_GROUPS, 1.1, 61, 35219.6, 59.6, 0, 0, 0, 0, 771, 283, 0.3, 7, 182
4, 127777, 07/12/2018 15:20:05, OTHER_GROUPS, 1.3, 47.4, 26364.5, 46, 0, 0, 0, 0, 948, 394, 0.1, 17.2, 132.9
4, 127778, 07/12/2018 15:40:15, OTHER_GROUPS, 1.1, 45.5, 17286.7, 44.3, 0, 0, 0, 0, 754, 303, 0.1, 12.6, 102.6
4, 127779, 07/12/2018 16:00:03, OTHER_GROUPS, 1.3, 42.3, 15261, 40.8, 0, 0, 0, 0, 811, 520, 0.2, 17.2, 218
4, 127780, 07/12/2018 16:20:24, OTHER_GROUPS, 1.4, 34.7, 11865.6, 33.2, 0, 0, 0, 0, 638, 398, 0.1, 12.9, 194.7
4, 127781, 07/12/2018 16:40:13, OTHER_GROUPS, 1.5, 39.6, 15441, 37.9, 0, 0, 0, 0, 806, 432, 0.2, 9.2, 301.5
4, 127782, 07/12/2018 17:00:00, OTHER_GROUPS, 1.6, 51, 15710.5, 49.1, 0, 0, 0, 0, 580, 497, 0.3, 21.5, 185.6
4, 127783, 07/12/2018 17:20:09, OTHER_GROUPS, 1.5, 53, 19024.3, 51.4, 0, 0, 0, 0, 698, 292, 0.1, 5.1, 134.5
4, 127784, 07/12/2018 17:40:05, OTHER_GROUPS, 1.1, 43.2, 17910.3, 42, 0, 0, 0, 0, 746, 363, 0.1, 12.4, 97.2
4, 127785, 07/12/2018 18:00:15, OTHER_GROUPS, 1.1, 42.4, 17706.8, 41.1, 0, 0, 0, 0, 566, 213, 0.2, 32, 248.4
4, 127786, 07/12/2018 18:20:13, OTHER_GROUPS, 1.2, 35.3, 17555.1, 33.9, 0, 0, 0, 0, 599, 156, 0.2, 17.7, 445.9
4, 127787, 07/12/2018 18:40:20, OTHER_GROUPS, 1.1, 40.3, 21358.1, 39, 0, 0, 0, 0, 572, 182, 0.2, 19.4, 131.2
4, 127788, 07/12/2018 19:00:16, OTHER_GROUPS, 1.1, 37.7, 17631.6, 36.4, 0, 0, 0, 0, 556, 255, 0.2, 21.9, 246.9
4, 127789, 07/12/2018 19:20:33, OTHER_GROUPS, 1.3, 59.5, 24792.3, 58, 0, 0, 0, 0, 761, 188, 0.2, 14.5, 321
4, 127790, 07/12/2018 19:40:05, OTHER_GROUPS, 1.1, 36.3, 18577.4, 35, 0, 0, 0, 0, 547, 161, 0.2, 16.5, 201.7
4, 127791, 07/12/2018 20:00:08, OTHER_GROUPS, 1.1, 40.9, 22874.8, 39.7, 0, 0, 0, 0, 759, 194, 0.1, 16, 105.1
4, 127792, 07/12/2018 20:20:24, OTHER_GROUPS, 1.1, 39.6, 21372.6, 38.4, 0, 0, 0, 0, 633, 134, 0.1, 4.2, 71
4, 127793, 07/12/2018 20:40:34, OTHER_GROUPS, 1, 38.8, 20006.9, 37.7, 0, 0, 0, 0, 575, 122, 0.1, 9.4, 102.4
4, 127794, 07/12/2018 21:00:12, OTHER_GROUPS, 1.1, 48.3, 20219.7, 47, 0, 0, 0, 0, 693, 396, 0.2, 5.6, 301.8
4, 127795, 07/12/2018 21:20:02, OTHER_GROUPS, 1.3, 39.2, 18951, 37.2, 0, 0, 0, 0, 629, 260, 0.7, 17, 1537.6
4, 127796, 07/12/2018 21:40:15, OTHER_GROUPS, 1.2, 31.3, 13636.4, 29.9, 0, 0, 0, 0, 591, 271, 0.2, 5.3, 205.2
4, 127797, 07/12/2018 22:00:02, OTHER_GROUPS, 1.2, 32.4, 18124.3, 31.1, 0, 0, 0, 0, 541, 145, 0.1, 8.7, 303.6
4, 127798, 07/12/2018 22:20:07, OTHER_GROUPS, 1.2, 31.3, 17654, 29.9, 0, 0, 0, 0, 637, 139, 0.2, 6.7, 479.6
4, 127799, 07/12/2018 22:40:09, OTHER_GROUPS, 1.1, 31.2, 18845, 30, 0, 0, 0, 0, 563, 103, 0.1, 6.6, 258.2
4, 127800, 07/12/2018 23:00:04, OTHER_GROUPS, 1, 24.5, 17042.9, 23.3, 0, 0, 0, 0, 550, 118, 0.2, 13.9, 843.1
4, 127801, 07/12/2018 23:20:00, OTHER_GROUPS, 1.2, 26.8, 17841.1, 25.4, 0, 0, 0, 0, 772, 111, 0.2, 7.8, 663.3
4, 127802, 07/12/2018 23:40:15, OTHER_GROUPS, 1.1, 34.2, 18621.1, 33, 0, 0, 0, 0, 704, 94, 0.1, 3.8, 59.3
4, 127751, 07/12/2018 06:40:16, SZB_SANDBOX_GROUP, 2757.9, 2998, 5778.9, 0, 312, 19.7, 28757, 1679788, 2144174, 1772899, 240.1, 349403.9, 304970.8
4, 127752, 07/12/2018 07:00:33, SZB_SANDBOX_GROUP, 6.4, 9.7, 5835.6, 2.1, 0, 0, 7, 448, 1210, 3668, 1.2, 1577.3, 3097.8
4, 127753, 07/12/2018 07:20:07, SZB_SANDBOX_GROUP, 8.2, 11.4, 14809.4, 1.9, 0, 0, 6, 384, 570, 3079, 1.3, 354.6, 3663
4, 127754, 07/12/2018 07:40:06, SZB_SANDBOX_GROUP, 32.5, 50.4, 19799.9, 15.6, 0, 0, 1, 64, 2288, 23014, 2.3, 997.3, 3623.9
4, 127755, 07/12/2018 08:00:08, SZB_SANDBOX_GROUP, 25.6, 43, 16231.6, 13.2, 0, 0, 1, 32, 1026, 15057, 4.2, 2908, 6844.2
4, 127756, 07/12/2018 08:20:13, SZB_SANDBOX_GROUP, 24.4, 29.3, 19896.5, 1.8, 0, 0, 4, 203, 500, 14329, 3.1, 1317.3, 4761
4, 127757, 07/12/2018 08:40:00, SZB_SANDBOX_GROUP, 10.3, 21.3, 10301.2, 8.1, 0, 0, 49, 1408, 1676, 3740, 2.9, 506.8, 5105.5
4, 127758, 07/12/2018 09:00:17, SZB_SANDBOX_GROUP, 15.4, 17.9, 8805.1, 0.6, 0, 0, 111, 2478, 3823, 9614, 1.9, 2376.7, 2483.6
4, 127759, 07/12/2018 09:20:21, SZB_SANDBOX_GROUP, 27.4, 46.9, 36058, 16.3, 4, 0, 107, 2856, 4186, 15918, 3.2, 1114, 3186.9
4, 127760, 07/12/2018 09:40:22, SZB_SANDBOX_GROUP, 31.4, 41.9, 55687.9, 8.1, 36, 1, 67, 1523, 3306, 16230, 2.4, 1352.1, 3316.1
4, 127761, 07/12/2018 10:00:09, SZB_SANDBOX_GROUP, 16.2, 28.8, 18310.7, 10.8, 0, 0, 84, 2220, 3885, 9360, 1.8, 4976.9, 2256
4, 127762, 07/12/2018 10:20:22, SZB_SANDBOX_GROUP, 20.9, 29.5, 12243.2, 7.1, 3, 0, 102, 2704, 105919, 7098, 1.5, 699.5, 1896.3
4, 127763, 07/12/2018 10:40:11, SZB_SANDBOX_GROUP, 8.1, 14.8, 9421.5, 5.9, 0, 0, 89, 2116, 3486, 3374, 0.8, 353.2, 768.6
4, 127764, 07/12/2018 11:00:06, SZB_SANDBOX_GROUP, 19.8, 34.3, 14225.5, 13, 0, 0, 67, 1628, 3079, 10742, 1.5, 6015.8, 1623.3
4, 127765, 07/12/2018 11:20:30, SZB_SANDBOX_GROUP, 29.7, 41.8, 21299.2, 8.5, 0, 0, 24, 1128, 2046, 15859, 3.6, 592.6, 4438.4
4, 127766, 07/12/2018 11:40:11, SZB_SANDBOX_GROUP, 16, 27.4, 7602.9, 8.3, 0, 0, 16, 438, 1733, 14389, 3.1, 892.4, 6249.9
4, 127767, 07/12/2018 12:00:15, SZB_SANDBOX_GROUP, 17.4, 29.4, 10601.4, 9.8, 0, 0, 2, 96, 1250, 9833, 2.2, 1698.4, 3876.5
4, 127768, 07/12/2018 12:21:08, SZB_SANDBOX_GROUP, 32.7, 39.1, 16463, 5.1, 0, 0, 30, 1150, 1759, 19231, 1.3, 816.7, 1601.7
4, 127769, 07/12/2018 12:40:09, SZB_SANDBOX_GROUP, 24.3, 44.8, 19790, 18.6, 1, 0, 26, 896, 3097, 41566, 1.9, 2049.4, 2073.8
4, 127770, 07/12/2018 13:00:15, SZB_SANDBOX_GROUP, 34.1, 40.8, 24431.8, 4.2, 3, 0.4, 4, 256, 2717, 44351, 2.5, 6284.6, 974.4
4, 127771, 07/12/2018 13:20:00, SZB_SANDBOX_GROUP, 22.1, 27.4, 16806.6, 3.8, 0, 0, 4, 224, 2862, 8717, 1.5, 1704.1, 2642.9
4, 127772, 07/12/2018 13:40:10, SZB_SANDBOX_GROUP, 22.6, 29.2, 21042.6, 5.8, 1, 0, 16, 336, 793, 7724, 0.8, 924.7, 1441.8
4, 127773, 07/12/2018 14:00:17, SZB_SANDBOX_GROUP, 25, 32.6, 17033.8, 6.5, 0, 0, 50, 1452, 8248, 12257, 1.1, 3133.1, 1747.6
4, 127774, 07/12/2018 14:20:07, SZB_SANDBOX_GROUP, 30.6, 40.7, 17221.9, 8.1, 0, 0, 51, 1616, 2065, 26462, 2, 2603.6, 2550.4
4, 127775, 07/12/2018 14:40:15, SZB_SANDBOX_GROUP, 20.2, 32.7, 10900.1, 10.8, 2, 0.1, 26, 856, 1539, 15821, 1.7, 1019.7, 2019.5
4, 127776, 07/12/2018 15:00:28, SZB_SANDBOX_GROUP, 15.1, 23.7, 12485.8, 7.3, 0, 0, 10, 398, 1387, 5137, 1.3, 4331.8, 1926.8
4, 127777, 07/12/2018 15:20:05, SZB_SANDBOX_GROUP, 21.2, 24.5, 14487.1, 2.3, 0, 0, 16, 598, 629, 9262, 1, 1055.7, 1156.3
4, 127778, 07/12/2018 15:40:15, SZB_SANDBOX_GROUP, 13.6, 18.7, 5046.8, 4.3, 0, 0, 28, 623, 1010, 6432, 0.8, 2899, 1188.4
4, 127779, 07/12/2018 16:00:03, SZB_SANDBOX_GROUP, 37.9, 51, 29926.5, 10.4, 0, 0, 20, 774, 2346, 56577, 2.7, 3511.5, 3301.6
4, 127780, 07/12/2018 16:20:24, SZB_SANDBOX_GROUP, 40.1, 40.7, 19543.8, 0, 3, 0, 10, 480, 1595, 20706, 0.6, 1561.8, 666.1
4, 127781, 07/12/2018 16:40:13, SZB_SANDBOX_GROUP, 25, 29.6, 18817.4, 3.6, 1, 0, 10, 640, 1025, 17940, 1, 434, 1627.4
4, 127782, 07/12/2018 17:00:00, SZB_SANDBOX_GROUP, 30, 31.6, 12520.3, 0.9, 0, 0, 12, 704, 1689, 14403, 0.7, 3895, 856.2
4, 127783, 07/12/2018 17:20:09, SZB_SANDBOX_GROUP, 21.6, 24.6, 9018, 2.5, 0, 0, 8, 512, 1109, 9861, 0.5, 603.6, 667.4
4, 127784, 07/12/2018 17:40:05, SZB_SANDBOX_GROUP, 25.3, 31.4, 8559.1, 4.5, 0, 0, 20, 704, 2771, 18677, 1.6, 1373.5, 2580.1
4, 127785, 07/12/2018 18:00:15, SZB_SANDBOX_GROUP, 16.2, 20.5, 7674.8, 2.8, 0, 0, 22, 852, 2453, 6194, 1.5, 1119.3, 1457
4, 127786, 07/12/2018 18:20:13, SZB_SANDBOX_GROUP, 8.2, 9, 3583.9, 0, 0, 0, 39, 1660, 2135, 2379, 0.8, 414.5, 2080.5
4, 127787, 07/12/2018 18:40:20, SZB_SANDBOX_GROUP, 10.2, 13.9, 6096.7, 2.4, 0, 0, 5, 320, 746, 3526, 1.3, 1406.8, 4398
4, 127788, 07/12/2018 19:00:16, SZB_SANDBOX_GROUP, 18.6, 47.5, 24722, 25.7, 0, 0, 20, 768, 1946, 13145, 3.2, 2709.7, 5570.6
4, 127790, 07/12/2018 19:40:05, SZB_SANDBOX_GROUP, 13.5, 17.5, 4816.7, 2.2, 0, 0, 48, 2348, 3246, 5999, 1.8, 2159.7, 3190.8
4, 127791, 07/12/2018 20:00:08, SZB_SANDBOX_GROUP, 25.2, 27.5, 12401.3, 1.6, 0, 0, 17, 896, 2646, 11770, 0.7, 9651.7, 578.7
4, 127792, 07/12/2018 20:20:24, SZB_SANDBOX_GROUP, 6.8, 10, 5186.4, 2.5, 0, 0, 20, 1120, 5974, 2343, 0.7, 3202.5, 1188.6
4, 127793, 07/12/2018 20:40:34, SZB_SANDBOX_GROUP, 6.3, 7.7, 2137, 0.7, 0, 0, 25, 1368, 1550, 1641, 0.7, 2471.3, 977.8
4, 127794, 07/12/2018 21:00:12, SZB_SANDBOX_GROUP, 13.3, 17.3, 1778.8, 2.8, 0, 0, 87, 5116, 6449, 6532, 1.2, 2423.9, 651.8
4, 127795, 07/12/2018 21:20:02, SZB_SANDBOX_GROUP, 11.3, 14.4, 2983.7, 2.4, 0, 0, 44, 2448, 3786, 5732, 0.7, 1776.2, 898.4
4, 127796, 07/12/2018 21:40:15, SZB_SANDBOX_GROUP, 9.6, 12, 1313, 2.1, 0, 0, 41, 2112, 2843, 4740, 0.3, 1571.7, 248.7
4, 127797, 07/12/2018 22:00:02, SZB_SANDBOX_GROUP, 12.2, 12.6, 1353.1, 0, 0, 0, 26, 1536, 3075, 4116, 0.4, 1599.1, 575.1
4, 127798, 07/12/2018 22:20:07, SZB_SANDBOX_GROUP, 4.4, 5, 1586.4, 0, 0, 0, 44, 2167, 2601, 745, 0.6, 334.4, 435.9
4, 127799, 07/12/2018 22:40:09, SZB_SANDBOX_GROUP, 2.6, 3.7, 1543.3, 0.9, 0, 0, 3, 111, 257, 220, 0.2, 73.4, 201.2
4, 127800, 07/12/2018 23:00:04, SZB_SANDBOX_GROUP, 5, 5.2, 847.8, 0, 0, 0, 8, 303, 1042, 1080, 0.2, 1650.4, 280.6
4, 127801, 07/12/2018 23:20:00, SZB_SANDBOX_GROUP, 9.2, 9.8, 1366.8, 0, 0, 0, 41, 2287, 4136, 3785, 0.6, 406, 703.1
4, 127802, 07/12/2018 23:40:15, SZB_SANDBOX_GROUP, 4.4, 4.6, 1103, 0, 0, 0, 44, 2784, 3304, 502, 0.2, 167.9, 254.5
