HOST, TIME, SNAP_ID, SYS_CPU, SYS_DBTIME, SYS_SYSPCT, SYS_READ, SYS_WRITE, SYS_REDO, SYS_OSWAIT, SYS_RMWAIT, SYS_ACTSESS_MAX, SYS_ACTSESS_AVG, SYS_PGA, SYS_PXRUNS, SYS_PXQCT, SYS_PXSRVT, SYS_UCALLS, SYS_IOWAIT
1, 21/01/2019 23:59:49, 130787, 37, 50.5, 10.6, 1903.3, 226.6, 45.1, 0.9, 0.1, 176.2, 129.3, 37751, 194.5, 8.8, 202.7, 112.4, 9.8
1, 22/01/2019 00:19:49, 130788, 41.1, 79.1, 10.3, 11633.3, 228.4, 40.8, 0.9, 12.2, 352, 202.5, 65856.5, 96.6, 13.4, 244.5, 101.4, 13.8
1, 22/01/2019 00:39:49, 130789, 53.1, 99.2, 12.7, 9865.3, 351.9, 39.8, 1.6, 24.7, 345.1, 253.8, 63249.3, 90, 22.2, 288.9, 107.5, 6.7
1, 22/01/2019 00:59:48, 130790, 65.1, 97.9, 16.1, 5374.6, 380.5, 26.8, 1.4, 8, 290.7, 250.7, 73750.5, 723.6, 24.2, 394.3, 90.2, 17.9
1, 22/01/2019 01:19:49, 130791, 75, 99.6, 17.1, 4000.9, 352, 36.3, 2.4, 8.1, 296.1, 255, 70024.5, 402.4, 22.9, 364.3, 99.3, 19.3
1, 22/01/2019 01:39:48, 130792, 54.2, 73.1, 12.8, 2241.9, 148.7, 20.7, 1.1, 9.8, 232.5, 187.2, 37148.1, 466.7, 18.7, 312.2, 92.5, 8.8
1, 22/01/2019 01:59:49, 130793, 49.4, 68.5, 11.5, 2363.1, 155.3, 28.6, 1, 5.9, 253.7, 175.5, 30649, 537.4, 13.3, 236.2, 83.5, 8.6
1, 22/01/2019 02:19:48, 130794, 50.1, 55.8, 12.4, 6575.9, 128.2, 25.5, 1, 3.5, 193.2, 142.7, 34085.4, 659.2, 13.6, 226.5, 81.6, 6.2
1, 22/01/2019 02:39:48, 130795, 71.2, 82, 14.8, 5359.5, 186.1, 18.8, 1.3, 9.8, 293.3, 210, 41552.3, 433.2, 19.5, 362.3, 82.7, 6
1, 22/01/2019 02:59:48, 130796, 71.8, 120.4, 15, 6195.8, 142.2, 19, 8.1, 23.4, 384.3, 308.3, 46156.1, 122.2, 21.9, 467, 58.2, 11.3
1, 22/01/2019 03:19:48, 130797, 34.1, 91.1, 9.5, 1645.2, 134.8, 24.1, 0.9, 3.8, 322.6, 233.1, 51115.4, 36.2, 13.6, 258.2, 75.6, 49.8
1, 22/01/2019 03:39:48, 130798, 54.1, 72.6, 14.3, 2881.1, 248.5, 33.8, 1.1, 7.7, 247.3, 185.8, 36047.9, 41, 12.4, 203.7, 79.3, 17.2
1, 22/01/2019 03:59:48, 130799, 36, 55.9, 10, 604.9, 225.2, 25.8, 0.9, 1.6, 234.4, 143.2, 48534, 51.1, 9.7, 151.5, 78.9, 8.2
1, 22/01/2019 04:19:48, 130800, 48, 62.9, 12.9, 1811.9, 401, 34.4, 1.1, 2, 216.2, 161, 40847.3, 173.1, 7.9, 170.4, 86.5, 7.4
1, 22/01/2019 04:39:48, 130801, 36.6, 46.9, 10.4, 308.4, 396.3, 35, 1, 0, 181.9, 120, 39459.8, 119, 5.1, 99.3, 68.6, 11.1
1, 22/01/2019 04:59:48, 130802, 33.4, 54.7, 9, 1836.2, 287.6, 25.3, 0.9, 2.8, 214.2, 140.1, 40862.9, 51, 7.1, 133.6, 59.3, 18.8
1, 22/01/2019 05:19:48, 130803, 36.9, 53.4, 10.1, 2901.2, 203.5, 29.5, 0.9, 0.3, 266.3, 136.7, 61347, 168.9, 6.1, 127.5, 65.7, 7.1
1, 22/01/2019 05:39:48, 130804, 34.3, 51, 9, 924.7, 237.7, 27.1, 0.9, 0, 206.7, 130.5, 40951.2, 72.9, 5.2, 97.9, 61.5, 6.6
1, 22/01/2019 05:59:48, 130805, 43.8, 65.1, 11.5, 1862.1, 304.3, 39.3, 1, 1.3, 300.2, 166.7, 41861.9, 259.5, 5.3, 99.8, 76.7, 10.1
1, 22/01/2019 06:19:48, 130806, 44.5, 62.9, 11.2, 1788.2, 253.4, 35.3, 1, 0.7, 277.7, 161.1, 35680.8, 229.6, 7, 145, 70.7, 6.7
1, 22/01/2019 06:40:48, 130807, 34, 68.6, 9.2, 824.8, 275.3, 25.7, 0.9, 0, 319.3, 175.7, 45060.3, 60, 5.6, 128.6, 63.2, 6.2
1, 22/01/2019 06:59:47, 130808, 56.1, 68.4, 13.6, 7205, 287.7, 41.3, 1.2, 0, 272.9, 175.1, 46642.4, 64.9, 5.6, 130.3, 100.9, 9.9
1, 22/01/2019 07:19:48, 130809, 57.4, 68.3, 15.1, 1144.9, 371, 49.8, 1.2, 0.6, 256.9, 174.8, 44995.7, 131.1, 6.1, 134.6, 105, 9
1, 22/01/2019 07:39:47, 130810, 56.5, 86.5, 15, 1699.2, 308.7, 51.2, 1.2, 0.1, 330.2, 221.4, 17569.6, 95, 6.6, 151.5, 104.5, 8
1, 22/01/2019 07:59:47, 130811, 51.2, 76.1, 14.8, 634.9, 318.4, 54.8, 1.2, 0, 333.2, 194.9, 15463.2, 65, 6.3, 109.8, 124, 16
1, 22/01/2019 08:19:47, 130812, 49.9, 58.5, 15, 222.5, 350.6, 60.4, 1.3, 0, 214.2, 149.9, 10613.5, 56, 2.6, 48.7, 133.8, 9.5
1, 22/01/2019 08:39:47, 130813, 43, 51.6, 13.5, 114.1, 306, 61.6, 1.2, 0, 246.7, 132, 10636, 54.8, 2, 37.3, 155.7, 9.2
1, 22/01/2019 08:59:47, 130814, 29.9, 56.1, 9.3, 1219.8, 218.7, 46.5, 1, 0.1, 418.5, 143.6, 16365.8, 91.2, 3.6, 74, 108.5, 7.9
1, 22/01/2019 09:19:47, 130815, 38.8, 84.2, 11.5, 1936.6, 238.8, 45.3, 1.1, 0, 416.8, 215.5, 11505, 120.7, 5.5, 113.5, 126.2, 8.4
1, 22/01/2019 09:40:47, 130816, 33.9, 67.8, 10.9, 86.8, 241, 50.9, 1.1, 0, 261.5, 173.6, 11977.1, 51.6, 2.5, 47.6, 135.8, 7.9
1, 22/01/2019 09:59:47, 130817, 41, 76.3, 12.5, 789.9, 350.1, 54.7, 1.1, 0.3, 293.9, 195.3, 15002.4, 43.9, 4, 79.5, 133.4, 17.8
1, 22/01/2019 10:19:47, 130818, 44.5, 65.4, 12.8, 952.9, 307.8, 58.5, 1.1, 0, 210.3, 167.3, 15847.4, 182.7, 4.4, 90.8, 165.8, 12.3
1, 22/01/2019 10:39:47, 130819, 41.9, 78, 12.5, 173.7, 292.1, 63.2, 1.1, 0, 314, 199.6, 11483, 76.1, 2.8, 58.2, 131.8, 13.7
1, 22/01/2019 10:59:46, 130820, 39.9, 90.9, 11.2, 916.5, 284.1, 64.1, 1, 1.2, 405.3, 232.6, 18406, 141.8, 4.1, 90.3, 117.7, 14
1, 22/01/2019 11:19:46, 130821, 50.2, 112.6, 13.5, 1244.8, 565.2, 59.4, 1.2, 0.1, 448.8, 288.2, 16339.2, 121, 6.7, 166.1, 117.9, 17.1
1, 22/01/2019 11:39:47, 130822, 48.8, 80.8, 14.1, 2573.6, 859.7, 58.2, 1.2, 0.1, 338.9, 206.9, 13300, 38, 5, 101.2, 129.6, 20.1
1, 22/01/2019 11:59:46, 130823, 39.4, 87.1, 11.9, 6675.3, 232.9, 49.5, 1.1, 2.1, 338.1, 223.1, 16321.5, 109.7, 5.5, 102.5, 111.1, 27.3
1, 22/01/2019 12:19:46, 130824, 45.1, 77.5, 13.7, 1426.7, 284.6, 53.7, 1.2, 0.3, 354.2, 198.4, 12852.4, 96, 6.2, 132.7, 130.1, 16.1
1, 22/01/2019 12:39:46, 130825, 38.2, 73.7, 12.3, 214.6, 259.8, 51.5, 1.1, 0, 329.9, 188.6, 12958.9, 33.9, 4.8, 87.1, 132.7, 14
1, 22/01/2019 12:59:46, 130826, 44.5, 68.6, 13.1, 213.8, 341.7, 59, 1.2, 0, 265.5, 175.6, 16529.5, 21.9, 4.4, 75.6, 136.3, 15.4
1, 22/01/2019 13:19:46, 130827, 52.7, 76.1, 14.8, 2130.6, 300.9, 54, 1.4, 3.4, 310.8, 194.7, 21831.8, 150.1, 7.9, 170.1, 129.8, 18.6
1, 22/01/2019 13:39:46, 130828, 52.4, 73, 14.1, 1685, 397.4, 55, 1.2, 0, 270.1, 186.9, 29633.7, 51, 8.9, 174.8, 126.2, 21.2
1, 22/01/2019 13:59:46, 130829, 43.1, 65.8, 12.4, 462.5, 367.6, 67.6, 1.2, 0, 354.3, 168.5, 17688.7, 67, 6.2, 101.8, 133.6, 22.5
1, 22/01/2019 14:19:46, 130830, 42.5, 71.7, 12.9, 2586.8, 332.7, 54.6, 1.2, 0.1, 346.3, 183.6, 19251.2, 154.1, 6.8, 125, 128, 20.7
1, 22/01/2019 14:39:46, 130831, 43.3, 58.1, 13.4, 247.4, 350.6, 62, 1.2, 0, 288.8, 148.7, 18267.5, 29.9, 5.7, 102.7, 160, 6.9
1, 22/01/2019 14:59:45, 130832, 53.5, 68.9, 16.4, 120.8, 370.8, 71.9, 1.4, 0, 277.7, 176.4, 18507, 31.1, 5.6, 107.4, 176.5, 9.9
1, 22/01/2019 15:19:46, 130833, 67.6, 62.6, 19.8, 1046.3, 416, 78.9, 1.6, 0.2, 203.9, 160.2, 24728, 59, 6.2, 126.4, 189.8, 10
1, 22/01/2019 15:39:46, 130834, 73.7, 82.1, 20.2, 687.9, 406.1, 79.1, 1.7, 0, 280.8, 210.1, 21383.2, 40.2, 6.3, 112.9, 188.5, 10.2
1, 22/01/2019 15:59:46, 130835, 69.5, 83.9, 17.6, 801.6, 442.5, 72, 1.9, 0.2, 286.9, 214.8, 42070.7, 43.9, 6.4, 123.3, 174.3, 10.5
1, 22/01/2019 16:19:46, 130836, 70.8, 76.7, 18.4, 1004.3, 463.7, 65.2, 1.6, 0.1, 317.4, 196.4, 47994.4, 62.9, 5, 100.4, 176.7, 9.5
1, 22/01/2019 16:39:46, 130837, 70.4, 97.2, 17, 1899.6, 497.1, 59.7, 2.5, 5.5, 341.5, 248.9, 73788, 75.4, 6.8, 162.9, 159.6, 8.4
1, 22/01/2019 16:59:45, 130838, 87.6, 113.6, 19.8, 5820.1, 415.4, 61.1, 14.6, 1.5, 335.7, 290.8, 76414.5, 108.1, 15.2, 295, 142.8, 12.6
1, 22/01/2019 17:19:45, 130839, 92.3, 135.8, 20.3, 3580.3, 377.4, 52, 31.2, 3.5, 487.1, 347.6, 57665, 120, 15.1, 337.8, 140, 12.3
1, 22/01/2019 17:39:46, 130840, 95.8, 112.4, 21.1, 3097, 445.1, 61.8, 19.8, 3.5, 333.3, 287.7, 53243, 106.2, 14.1, 299.4, 159.4, 10.5
1, 22/01/2019 17:59:45, 130841, 93.6, 214.2, 21.2, 5753, 354.7, 51.7, 40.6, 30.3, 1455.4, 548.4, 66305.2, 117.1, 29.9, 613.2, 126.5, 30.7
1, 22/01/2019 18:19:45, 130842, 94.3, 148.3, 21.8, 4943.3, 370, 55, 38.1, 12.4, 532.5, 379.6, 64891.9, 150.2, 23, 487.3, 144.3, 14.8
1, 22/01/2019 18:39:45, 130843, 85.4, 130.3, 21.6, 1587.5, 429.9, 55.1, 8.3, 1, 460.1, 333.5, 51441.6, 138.3, 19.2, 349.7, 118.6, 34.7
1, 22/01/2019 18:59:45, 130844, 81.8, 106.5, 20.1, 1868.8, 518.5, 56, 5.8, 0.3, 383.1, 272.6, 34387.7, 128.9, 15.9, 264.3, 115.7, 17.4
1, 22/01/2019 19:19:45, 130845, 79.7, 84.8, 18.7, 1986, 720.3, 56.1, 2.4, 1.1, 332.3, 217.1, 47290.7, 154.9, 9.3, 201.8, 123.7, 12.8
1, 22/01/2019 19:39:45, 130846, 63, 67.8, 13.3, 1513.3, 425.1, 56.2, 1.1, 1.6, 310.9, 173.6, 63964.2, 218.1, 7, 139.6, 113.7, 7.1
1, 22/01/2019 19:59:44, 130847, 73.3, 120.8, 14.1, 1639.6, 374.7, 45.8, 5.6, 8.1, 448.4, 309.2, 69206.5, 83.3, 14.8, 290.2, 81.9, 9.4
1, 22/01/2019 20:19:44, 130848, 68.7, 115.9, 14.8, 1044.1, 494.1, 47.6, 2.3, 8, 409.9, 296.8, 73814.2, 83.8, 12.9, 330.8, 104.5, 8.2
1, 22/01/2019 20:39:44, 130849, 70.8, 113.3, 15.7, 1797.1, 447.4, 45.1, 1.9, 16.8, 359.8, 290, 72642.2, 136.7, 15.1, 364.6, 101.3, 9.8
1, 22/01/2019 20:59:44, 130850, 74.4, 98.1, 14.2, 1353.2, 624, 30.6, 2.3, 5.7, 363.5, 251.1, 73989.2, 163, 14.5, 365.6, 66.9, 19.6
1, 22/01/2019 21:19:44, 130851, 77.5, 77.2, 13.9, 1288.8, 425.6, 32.9, 1.5, 5.2, 255.4, 197.6, 86229, 167.1, 12.7, 336.5, 73.5, 6.9
1, 22/01/2019 21:39:44, 130852, 76.7, 82.1, 14.8, 2702.3, 558.3, 25.9, 1.8, 6.2, 271.1, 210.2, 94047.5, 194, 13.9, 359, 65.6, 7.9
1, 22/01/2019 21:59:44, 130853, 64.6, 81.3, 11.7, 1142, 473.5, 18.4, 0.9, 3, 282.2, 208.2, 68247, 126.8, 11.6, 314.9, 47.9, 7.5
1, 22/01/2019 22:20:44, 130854, 57.4, 67.1, 11, 882.2, 512.6, 18.9, 0.9, 0.8, 211.5, 171.7, 74083.6, 169.3, 10.3, 279.8, 49.9, 6.9
1, 22/01/2019 22:39:44, 130855, 56.4, 58.1, 10.4, 1121.1, 475.7, 19.1, 0.9, 0.7, 176.1, 148.7, 54773.3, 46.1, 9.2, 238.4, 45.9, 8.6
1, 22/01/2019 22:59:44, 130856, 56.3, 74.7, 10.6, 1423.1, 239.9, 23, 0.9, 6.6, 293.3, 191.3, 81283.3, 82.9, 11.9, 293.7, 45.4, 8.2
1, 22/01/2019 23:19:44, 130857, 58.8, 82.9, 12.2, 1199.7, 212.3, 26.7, 1.1, 7.4, 343.9, 212.3, 59633, 68, 12.7, 299.7, 77.1, 7.6
1, 22/01/2019 23:39:44, 130858, 51.8, 65.6, 11.2, 881.9, 196.2, 28.2, 1, 4.5, 269.3, 168, 54377.2, 343.3, 9.5, 240.5, 105.2, 6.7
2, 21/01/2019 23:59:13, 130787, 64, 80, 17.4, 1613.1, 198.7, 38.1, 1.1, 1.2, 258.1, 204.8, 27878.3, 241, 11.8, 308.9, 133.2, 16.2
2, 22/01/2019 00:19:12, 130788, 57.6, 99.5, 15.9, 6282.5, 196.4, 45, 1.4, 8.5, 450.1, 254.8, 27732.2, 239.6, 13.9, 290.6, 143.8, 18.1
2, 22/01/2019 00:39:12, 130789, 55.2, 113.9, 13.1, 1823.9, 189.6, 39, 1, 23.8, 348.7, 291.6, 28056.7, 223.9, 24, 358.5, 100, 5.8
2, 22/01/2019 00:59:13, 130790, 58.1, 104.2, 13.9, 1371.1, 163.1, 28.9, 1.1, 18.1, 333.5, 266.7, 25708.1, 247.9, 22.2, 319.6, 111.4, 8.6
2, 22/01/2019 01:20:12, 130791, 78.9, 125.1, 18.2, 41546.8, 208.6, 30.5, 11.3, 12.2, 448.2, 320.3, 57659.8, 394.8, 27.6, 501.5, 122.1, 14.2
2, 22/01/2019 01:40:11, 130792, 87.1, 108, 18.5, 63967.1, 194.3, 25.2, 6.8, 6.5, 339, 276.5, 34775.6, 326.5, 28.6, 551.8, 106.5, 11.7
2, 22/01/2019 02:00:12, 130793, 64.2, 83.4, 15.3, 33592.8, 162.9, 32.3, 1.1, 0.6, 304.9, 213.6, 26716.3, 271, 17.9, 324.4, 154.1, 8
2, 22/01/2019 02:20:11, 130794, 66, 68.6, 15.9, 987.8, 183.9, 35.2, 1, 0.7, 206.7, 175.6, 27276.4, 260.2, 15.4, 281.1, 193.5, 4.7
2, 22/01/2019 02:39:12, 130795, 54.4, 59.2, 13.4, 1134.1, 152, 31.4, 1, 0, 201.8, 151.6, 28211.6, 233.7, 13.3, 273.1, 171.2, 5.1
2, 22/01/2019 02:59:12, 130796, 55.1, 66.8, 13.4, 1141.7, 178.1, 29.6, 0.9, 0, 260.8, 170.9, 30825.1, 235.6, 14.6, 313, 153.9, 6.4
2, 22/01/2019 03:20:11, 130797, 40.5, 65.4, 9.9, 315.4, 126.1, 26.5, 0.8, 0, 216.7, 167.4, 30842.7, 218.2, 12.8, 293.5, 127.5, 23.2
2, 22/01/2019 03:39:12, 130798, 46, 50.8, 11.4, 365.9, 146.8, 25.9, 0.8, 0, 172.8, 130.1, 22031.6, 204.3, 11.6, 266.3, 116.1, 9.7
2, 22/01/2019 04:00:11, 130799, 41.3, 50.4, 10.2, 252.7, 199.1, 23, 0.7, 0, 196.4, 129.1, 73788.2, 207.2, 11.3, 245.4, 117.6, 5
2, 22/01/2019 04:19:11, 130800, 51.9, 48.5, 11.2, 1385.1, 572.1, 18.4, 0.7, 0, 156.5, 124, 79697.1, 191.3, 12, 248.8, 70.3, 5.7
2, 22/01/2019 04:40:12, 130801, 53.6, 51.8, 12.1, 459.3, 541.4, 19.7, 0.8, 0, 185.9, 132.7, 75638.5, 263.3, 11, 233, 78, 10.6
2, 22/01/2019 04:59:11, 130802, 41.3, 43.4, 10.4, 580.2, 576.9, 18.5, 0.7, 0.2, 161.6, 111, 75829.9, 299.7, 9.4, 210.6, 52.6, 13
2, 22/01/2019 05:19:11, 130803, 40.9, 58.8, 12.7, 2321.5, 279, 31.2, 0.9, 0.4, 257.4, 150.5, 81175.5, 312.1, 13, 290.3, 92.8, 11.8
2, 22/01/2019 05:39:11, 130804, 29.9, 54.6, 10.6, 676.4, 157.8, 31.1, 0.8, 0, 265.2, 139.7, 29720.7, 298.9, 11.8, 263, 55.6, 10.6
2, 22/01/2019 06:00:12, 130805, 32.9, 56.3, 11.4, 624.7, 187.4, 33.1, 0.8, 0, 272.7, 144.2, 18819.5, 310.6, 10.9, 213, 60.5, 12.6
2, 22/01/2019 06:20:11, 130806, 27.4, 41.4, 8.9, 1800.5, 198.2, 32.4, 0.6, 0.2, 220.6, 105.9, 19490, 348.7, 10.8, 210.2, 57.9, 6.4
2, 22/01/2019 06:40:11, 130807, 21.1, 50.8, 7.6, 414, 161.7, 33.5, 0.6, 0, 217.8, 130, 16078.2, 282.7, 9.2, 165.3, 52.8, 4.9
2, 22/01/2019 06:59:11, 130808, 29.9, 40.1, 9.3, 441.7, 355.5, 38.4, 0.7, 0, 188, 102.6, 17933.1, 280.3, 9.1, 176.6, 65.9, 7.6
2, 22/01/2019 07:19:10, 130809, 31.8, 41, 9.9, 664.3, 255.9, 42.3, 0.7, 0, 157.4, 105.1, 24233.1, 257.9, 8.9, 179.8, 75.2, 6.9
2, 22/01/2019 07:40:11, 130810, 27.1, 50.7, 9.1, 864.8, 215.6, 37.9, 0.7, 0, 211.1, 129.9, 17548.5, 205.2, 8.8, 167.4, 79.9, 5.2
2, 22/01/2019 07:59:10, 130811, 77.4, 119.3, 17.6, 58993.8, 314.4, 41.2, 7.5, 9.6, 438.8, 305.3, 59583.9, 256.9, 20.2, 456, 99.5, 16.4
2, 22/01/2019 08:20:10, 130812, 76.9, 156.1, 17.3, 41292.1, 491.4, 45.6, 26.6, 51.3, 447.2, 399.5, 93015.7, 252.8, 25.5, 672.1, 103.7, 11.6
2, 22/01/2019 08:39:10, 130813, 86.3, 150.2, 20, 37961.8, 453.2, 55.9, 23.5, 30.3, 513.3, 384.4, 91393, 205, 21.2, 540.1, 123.9, 13.9
2, 22/01/2019 08:59:10, 130814, 81.1, 172.1, 16.4, 25985.8, 410.1, 52.4, 16.7, 29.9, 587, 440.5, 89176.2, 218.8, 19.9, 516.2, 102.4, 7.8
2, 22/01/2019 09:20:10, 130815, 89.7, 173.9, 18.8, 13488, 340.9, 52.8, 25.1, 13.5, 579.6, 445.1, 88973, 218.6, 20, 509.6, 129.1, 10.9
2, 22/01/2019 09:40:10, 130816, 89.7, 159.1, 18.3, 855.1, 343.8, 60.6, 13.5, 3, 504.7, 407.3, 100309, 164, 15.3, 386.2, 140.7, 9.5
2, 22/01/2019 10:00:10, 130817, 89, 139.9, 19.6, 557.9, 362.9, 62, 8, 1.4, 447.5, 358.1, 75506.4, 165, 14.9, 363.8, 143.9, 12.7
2, 22/01/2019 10:20:10, 130818, 85.5, 121.1, 18.8, 724.7, 411, 61.7, 3, 0.3, 490.6, 310.1, 74093.2, 124.7, 13.1, 311.4, 148.1, 9
2, 22/01/2019 10:40:10, 130819, 83.6, 141, 17.5, 703.4, 488.6, 57.8, 4.1, 1.4, 552, 361, 64267.8, 221.1, 12.5, 287.3, 136.2, 7.7
2, 22/01/2019 11:00:10, 130820, 59.3, 124.7, 14.2, 647.6, 419, 57.4, 1, 0.1, 405.1, 319.2, 63101.4, 191.6, 12.6, 298.6, 132.5, 11
2, 22/01/2019 11:19:10, 130821, 58.9, 132.3, 14, 1630.8, 354, 50.7, 1, 0.1, 442.7, 338.7, 40648.3, 176.7, 12.6, 287.9, 138.4, 10.9
2, 22/01/2019 11:40:10, 130822, 63.5, 110, 15.8, 506.8, 430.5, 65.1, 1.1, 0.1, 362.3, 281.6, 44725.7, 245.5, 9.6, 221.4, 147, 13
2, 22/01/2019 12:00:10, 130823, 58, 117.6, 14.6, 9045.1, 363.4, 59.5, 1, 0.1, 400.2, 301.1, 46965.2, 173.9, 9.4, 214.6, 133.7, 21.7
2, 22/01/2019 12:20:09, 130824, 62.8, 101.5, 15.5, 1481.2, 435.4, 57.5, 1.1, 0.1, 346.4, 259.8, 62760.8, 178.7, 10.7, 260.8, 141.3, 9.7
2, 22/01/2019 12:40:10, 130825, 54.2, 93.4, 13.6, 267.9, 282.4, 56.8, 0.9, 0, 336.8, 239.1, 60977.2, 243, 8.2, 198.9, 141.2, 7.1
2, 22/01/2019 12:59:09, 130826, 54.1, 81.5, 13.6, 344.1, 382.1, 58.7, 1, 0, 339.8, 208.6, 60294.3, 199.7, 8.2, 191, 134.4, 8.4
2, 22/01/2019 13:19:09, 130827, 50.4, 69.3, 13.6, 17746.4, 324.5, 58.2, 1, 0, 254.8, 177.4, 49583.4, 205.8, 9.7, 228.7, 127.3, 10.2
2, 22/01/2019 13:40:09, 130828, 44.9, 53.3, 12.4, 527.9, 301.2, 55.4, 0.9, 0, 194, 136.4, 35778.1, 240.7, 8, 197.4, 127.5, 10.6
2, 22/01/2019 14:00:09, 130829, 45.2, 60.2, 12.5, 506.7, 281.9, 56.6, 0.9, 0, 254.3, 154, 31485.6, 189, 6.8, 154.4, 128.3, 11.1
2, 22/01/2019 14:20:10, 130830, 48.4, 86.8, 13.4, 554.8, 277.3, 54.9, 0.9, 0, 401.7, 222.1, 36921.6, 173.9, 8.5, 197.5, 118.1, 11.6
2, 22/01/2019 14:40:09, 130831, 53.5, 89.6, 15.2, 744, 279.7, 56.5, 1.1, 0, 337.9, 229.5, 36724.5, 258.5, 8.8, 205.3, 128.2, 11.7
2, 22/01/2019 15:00:10, 130832, 49.6, 79.9, 13.2, 861.2, 302.7, 56.3, 0.9, 0, 307.9, 204.6, 33701.9, 218.8, 7.6, 155.8, 126.9, 8.8
2, 22/01/2019 15:20:10, 130833, 55.5, 71.9, 15.5, 2233.6, 253.6, 58.3, 1.1, 0.2, 281, 184.1, 35220.2, 284.5, 8.7, 193.3, 127.6, 12.1
2, 22/01/2019 15:39:10, 130834, 50.6, 71, 14.1, 2420.2, 281.3, 55.3, 1, 0, 256.9, 181.8, 34138, 272.8, 7.3, 192.8, 125.8, 10.9
2, 22/01/2019 15:59:09, 130835, 57.4, 89.4, 14.2, 945, 348.2, 61.5, 1, 0, 333.7, 228.9, 57274, 192.8, 8.5, 214.8, 147.9, 10.8
2, 22/01/2019 16:19:09, 130836, 61.1, 82.2, 16.4, 1112.8, 386.4, 57.5, 1.2, 0, 320.5, 210.5, 62276.9, 175, 6.6, 158.5, 131.4, 11.3
2, 22/01/2019 16:39:09, 130837, 65.6, 111, 16.8, 2505.9, 338.2, 54.9, 2, 8.8, 378.6, 284.2, 67441.4, 340.4, 12, 281.5, 121.3, 12.3
2, 22/01/2019 16:59:09, 130838, 58.1, 76.8, 17, 831.6, 366.2, 56.1, 1, 0.1, 323.3, 196.7, 63610.4, 400.6, 9.1, 197.8, 117.8, 12.5
2, 22/01/2019 17:21:09, 130839, 57.6, 81.4, 17.3, 893.8, 404, 59.2, 1, 0.1, 375.5, 208.4, 63764.1, 182, 7.9, 172.1, 130, 13
2, 22/01/2019 17:39:09, 130840, 53, 60.2, 16.4, 781.6, 399.5, 54.6, 1, 0, 220, 154.2, 63542.9, 250.8, 8.4, 166.8, 117.2, 11.8
2, 22/01/2019 18:00:09, 130841, 54.7, 79.2, 16, 2538.2, 504.7, 53.7, 1, 1.1, 317.3, 202.7, 68133.3, 268.7, 9.5, 180.6, 113.4, 11.4
2, 22/01/2019 18:20:09, 130842, 56.3, 73.3, 17.1, 2607.3, 454.1, 52.2, 1, 0.1, 293.8, 187.7, 66685.6, 212.6, 9.6, 191.1, 103.4, 12.6
2, 22/01/2019 18:39:09, 130843, 52.2, 63.3, 15.5, 2043.9, 442.8, 52.7, 0.9, 0, 220.9, 162.1, 68782.2, 243.2, 8, 154.8, 99.8, 10.4
2, 22/01/2019 19:00:08, 130844, 48.1, 59.5, 14.9, 1374.3, 357.1, 53.3, 0.9, 0, 234.9, 152.4, 68983.7, 248, 8.3, 151.6, 105.1, 9
2, 22/01/2019 19:20:08, 130845, 45.7, 48.9, 13.6, 496.9, 270.5, 60.1, 0.8, 0, 219.5, 125.1, 68787.3, 228.4, 6.2, 118.7, 131.8, 3.7
2, 22/01/2019 19:39:09, 130846, 51.2, 61.2, 14.6, 1979.1, 325.7, 59.6, 0.8, 3.9, 268.5, 156.8, 74697, 339.2, 7.8, 166.1, 121.8, 4.1
2, 22/01/2019 20:00:08, 130847, 43.7, 75.1, 14, 6751.5, 313.6, 60.5, 0.9, 0, 286.5, 192.2, 56524.1, 291, 10.3, 209, 135.8, 6.9
2, 22/01/2019 20:20:08, 130848, 47.7, 94.7, 15.8, 752.5, 283.1, 59.5, 1, 0, 326.8, 242.3, 32346.6, 229.6, 15.6, 401.8, 134.2, 6.3
2, 22/01/2019 20:41:08, 130849, 49.7, 76.1, 17.2, 1260.1, 233.4, 42.7, 1.1, 0.2, 280.9, 194.7, 31322.7, 307.5, 13.4, 341.5, 114.5, 10.9
2, 22/01/2019 21:00:08, 130850, 57.3, 79.5, 19.8, 1145.1, 186.7, 33.3, 1.2, 0.6, 272.9, 203.4, 31029.4, 209.9, 10.8, 263.5, 91, 23.7
2, 22/01/2019 21:19:08, 130851, 59.5, 68.6, 21.2, 1468.1, 169.5, 28.6, 1.3, 0.2, 198.6, 175.6, 31711.4, 145.9, 10, 237.9, 100.4, 19.9
2, 22/01/2019 21:40:08, 130852, 52.2, 61.3, 18.5, 2717.8, 133.7, 21.2, 1.1, 3.9, 205, 156.9, 31728.1, 248.5, 12, 279.4, 101.1, 16.4
2, 22/01/2019 22:00:07, 130853, 53.6, 73.6, 18.4, 2167.7, 114.8, 20.5, 1.1, 0, 260.8, 188.5, 28603.3, 203.2, 10.6, 232.9, 104, 19.4
2, 22/01/2019 22:20:07, 130854, 63, 68.6, 19, 1659, 132.9, 21.5, 1.1, 0.1, 238.5, 175.7, 31519.3, 181.2, 10, 228.9, 100.6, 14.8
2, 22/01/2019 22:39:08, 130855, 59.8, 65.4, 18.4, 955, 109, 16.4, 1.1, 0.1, 209.9, 167.5, 29698.9, 226.6, 9.9, 229.3, 63.6, 17.4
2, 22/01/2019 22:59:07, 130856, 62.3, 79.2, 19.1, 2915.8, 108, 15.2, 1.1, 0.6, 294.2, 202.7, 32099.1, 297, 11, 278, 61.2, 18.6
2, 22/01/2019 23:20:08, 130857, 69.7, 94.1, 20.1, 1534.1, 214.5, 21.6, 1.4, 10, 336.4, 240.9, 60743.3, 169.6, 12.9, 344.1, 84.2, 14.9
2, 22/01/2019 23:39:07, 130858, 62.9, 77.5, 18.9, 1007.3, 162.7, 24.2, 1.1, 0.7, 276.9, 198.5, 37724.3, 217.6, 10.6, 270.8, 64.7, 16.6
3, 21/01/2019 23:59:34, 130787, 35.7, 48.3, 8.9, 20275.9, 284.9, 49.9, 0.6, 3.2, 208.7, 123.8, 51894.1, 323.4, 26.4, 449.2, 20, 13
3, 22/01/2019 00:19:34, 130788, 35.4, 63.9, 7.7, 12930.4, 235.2, 30.4, 0.5, 4.5, 259.7, 163.7, 67732.3, 384.4, 36.3, 472, 17.9, 21.7
3, 22/01/2019 00:39:34, 130789, 58.9, 75.4, 11.5, 13736.9, 231.2, 34, 0.8, 9, 238.1, 193, 76110.2, 404.8, 39.4, 532.2, 13.9, 12.4
3, 22/01/2019 00:59:35, 130790, 50.2, 78.4, 10.3, 16105.4, 268.8, 34, 0.7, 20.8, 229.3, 200.7, 73708.7, 611.7, 43.1, 482.9, 10.9, 7.6
3, 22/01/2019 01:19:34, 130791, 43.2, 61, 9.2, 5910.5, 332.3, 37, 0.7, 16.7, 165.3, 156, 70510.3, 297.4, 39, 433.4, 11.3, 6.7
3, 22/01/2019 01:39:34, 130792, 38.3, 63.8, 8.8, 5401.7, 306.2, 45.4, 0.6, 21.2, 254.8, 163.3, 51092.6, 358.3, 39.4, 386.8, 11, 6.7
3, 22/01/2019 01:59:34, 130793, 44.7, 82, 10.2, 20083.5, 321.3, 40.6, 0.7, 26.4, 273.9, 210, 57060.6, 317.5, 43.8, 561.7, 8.5, 8.3
3, 22/01/2019 02:19:34, 130794, 36.3, 66.6, 8.2, 3538.2, 374.4, 47.3, 0.5, 27, 227, 170.5, 55171.8, 247.6, 37.3, 444.7, 8.8, 5.6
3, 22/01/2019 02:39:34, 130795, 26.5, 57.1, 6.3, 6240.4, 284.9, 9.2, 0.4, 30.3, 168, 146.2, 58949.2, 182.6, 34.2, 356.8, 8.4, 5.7
3, 22/01/2019 02:59:34, 130796, 40.6, 78.2, 9.4, 21106.8, 334.5, 15.5, 0.6, 31.4, 276.9, 200.3, 56065.7, 383.4, 41.9, 528.4, 9.9, 9.2
3, 22/01/2019 03:20:34, 130797, 36.6, 121.9, 8.6, 101310.8, 261.9, 18, 0.5, 29.8, 413.3, 312, 64763.6, 377.7, 46.5, 709.4, 12.4, 59.3
3, 22/01/2019 03:39:33, 130798, 39.2, 82.5, 8.9, 27369, 277.7, 19.9, 0.6, 33.8, 294.2, 211.1, 66412.9, 288.4, 41.3, 594.6, 9.9, 14.9
3, 22/01/2019 04:00:34, 130799, 50, 84.3, 10.5, 19872.7, 354.9, 18.8, 1, 29.4, 255.2, 215.9, 101871.1, 5058.1, 42.8, 699.6, 8, 6.2
3, 22/01/2019 04:19:34, 130800, 51.7, 88.4, 11.5, 5543.1, 565.6, 12.8, 0.8, 30.1, 384.7, 226.4, 98132.4, 5089.9, 48.1, 727.9, 12.4, 6.1
3, 22/01/2019 04:39:33, 130801, 56.4, 90.3, 11.5, 4927.3, 491.5, 12.7, 1, 32.8, 278.3, 231.2, 107851.9, 5135.1, 49.6, 702.2, 14.5, 9.4
3, 22/01/2019 04:59:33, 130802, 48.8, 77.1, 10.1, 25611.7, 673.1, 15.9, 0.6, 29.6, 262.7, 197.3, 89594.8, 3717.4, 44.4, 700.5, 15.6, 10.1
3, 22/01/2019 05:19:33, 130803, 45.6, 79.2, 10.4, 10001.9, 441.3, 13.5, 0.9, 27.9, 321.2, 202.9, 110662.6, 446.5, 43.2, 659.4, 16.5, 6.3
3, 22/01/2019 05:39:33, 130804, 59.6, 117.7, 12.9, 7095.8, 566.1, 18.5, 3.2, 35.9, 385.9, 301.2, 94090.2, 7263.2, 50.8, 903.8, 13.6, 7.9
3, 22/01/2019 05:59:33, 130805, 54.5, 117.3, 10.6, 24391.1, 400.9, 14.4, 4.7, 51.8, 387.4, 300.4, 93896.6, 388.1, 54.6, 855.8, 13.4, 8.3
3, 22/01/2019 06:19:33, 130806, 35.8, 83.5, 9, 2746.1, 541.6, 11.9, 0.6, 40.9, 289.6, 213.8, 92213.1, 325.3, 49.2, 778.4, 10.2, 6
3, 22/01/2019 06:39:33, 130807, 28.9, 72, 7.8, 1485.5, 337.7, 8.8, 0.5, 31.8, 312, 184.4, 84389.6, 224.2, 45, 671.9, 12.2, 5.4
3, 22/01/2019 06:59:33, 130808, 41.1, 84.6, 10.3, 24532.3, 441.8, 8.9, 0.7, 40.7, 263.5, 216.7, 67161.5, 288.8, 49.5, 690.9, 9.9, 6.9
3, 22/01/2019 07:19:33, 130809, 30.2, 77.1, 8.1, 6407.5, 158.1, 3.8, 0.5, 42.9, 257.7, 197.4, 62599.6, 274.5, 45.5, 573.6, 11.4, 5.7
3, 22/01/2019 07:39:33, 130810, 27.9, 60.6, 6.6, 4451, 230.5, 3.4, 0.5, 26.9, 214.1, 155.3, 61407.9, 250, 41.3, 528.1, 14.1, 3.4
3, 22/01/2019 07:59:33, 130811, 37.2, 77.3, 9.9, 28216.2, 184.4, 10.7, 0.6, 28.8, 286.7, 197.9, 59943.3, 253.2, 46.4, 646.8, 10.8, 10.4
3, 22/01/2019 08:19:33, 130812, 26.7, 60.4, 7.7, 3307.6, 275.3, 6.1, 0.5, 30, 191.1, 154.7, 62325.4, 256.3, 41.1, 509.7, 14.3, 4.6
3, 22/01/2019 08:39:32, 130813, 24.7, 56.5, 7.2, 22599.8, 119, 6.4, 0.5, 29.8, 311.3, 144.8, 53373.3, 248.8, 40.3, 480, 14, 5.6
3, 22/01/2019 08:59:32, 130814, 30.4, 71.3, 7.9, 19617.6, 239.4, 4.9, 0.6, 29, 248.7, 182.5, 66129.4, 275.1, 43, 538.1, 12.5, 5.1
3, 22/01/2019 09:21:32, 130815, 26.9, 73.8, 7.4, 1574.3, 158.8, 2.1, 0.5, 19.4, 257.3, 188.9, 53326.7, 210, 37.4, 446.3, 14.2, 5.1
3, 22/01/2019 09:39:32, 130816, 52.7, 132.6, 13.2, 4575.2, 513.1, 5.5, 5.3, 48.6, 718, 339.5, 88231.7, 334.4, 57.5, 1299.4, 6.9, 8.4
3, 22/01/2019 09:59:32, 130817, 36, 86.4, 8.4, 19883.9, 401.3, 15.5, 0.6, 28.3, 505.7, 221.2, 74072.9, 223.4, 47, 957.1, 2.5, 9.4
3, 22/01/2019 10:20:33, 130818, 45.4, 98.5, 10.3, 2896.1, 372, 18.3, 1, 29.4, 434.9, 252.1, 54857.4, 302, 48.5, 1073.6, 0.9, 9.1
3, 22/01/2019 10:39:32, 130819, 36.7, 79.8, 8.5, 3086.9, 205, 8.3, 0.6, 17.5, 282.8, 204.2, 47828.2, 308.4, 39.9, 776.9, 0.5, 6.6
3, 22/01/2019 10:59:32, 130820, 54.9, 109, 10.4, 34957.4, 561.2, 8.8, 1.4, 25.5, 357.5, 279, 66999.8, 337.3, 49.6, 1111.8, 1.1, 8.6
3, 22/01/2019 11:19:32, 130821, 53.4, 111, 10.7, 13891.8, 674.1, 11.3, 1.3, 26.1, 357.9, 284.1, 73108, 351.1, 51.6, 1177.7, 1.2, 9.2
3, 22/01/2019 11:39:32, 130822, 41.1, 87.4, 8.6, 6935.2, 392.5, 8.8, 0.5, 32.7, 307.8, 223.7, 60624.4, 399.1, 43, 799, 3.1, 7.8
3, 22/01/2019 11:59:31, 130823, 40.7, 102.1, 10, 28377, 275.1, 11.2, 0.6, 42.9, 350.5, 261.4, 76573.1, 362.1, 41.8, 702.1, 3.1, 10.3
3, 22/01/2019 12:19:31, 130824, 37.7, 96.9, 8.4, 36154.9, 99.3, 12.8, 0.5, 49.7, 300.6, 248.2, 55143.3, 325, 41.7, 779.3, 2.7, 5.4
3, 22/01/2019 12:39:32, 130825, 24, 70.4, 6.6, 12165.9, 75.2, 8.5, 0.4, 37.4, 211.1, 180.2, 72690.6, 341.7, 34.9, 632.9, 2.4, 3.2
3, 22/01/2019 12:59:32, 130826, 41.9, 91.5, 9.6, 25318.9, 276.8, 10, 0.7, 40.7, 293.3, 234.1, 69831.7, 1035.2, 36.3, 708.7, 4, 4.6
3, 22/01/2019 13:19:32, 130827, 33.4, 69.1, 9, 11142, 232.7, 10, 0.6, 28.7, 235.1, 177, 53643.6, 1130.2, 32.1, 587, 6.6, 6.6
3, 22/01/2019 13:39:31, 130828, 25.3, 65.7, 7.4, 26913.3, 77.5, 8.7, 0.4, 19.2, 666.5, 168.3, 48232.2, 1226.3, 27.1, 415.8, 3.1, 6.7
3, 22/01/2019 13:59:31, 130829, 47, 78.9, 9.9, 21879, 230.4, 8.2, 0.8, 25.5, 267, 202.1, 79828.8, 714.5, 35.7, 685.7, 2, 6.8
3, 22/01/2019 14:19:31, 130830, 35.6, 62.6, 8.8, 17278.9, 239.2, 4.2, 0.5, 16, 208.5, 160.1, 54641.7, 870.8, 31.9, 577, 3.2, 8.1
3, 22/01/2019 14:39:36, 130831, 33.5, 53.6, 8.4, 12976, 312.1, 4.2, 0.5, 10.8, 172.1, 137.2, 44665.2, 888.7, 28.3, 534.6, 3, 6.6
3, 22/01/2019 14:59:41, 130832, 35.4, 49.7, 7.1, 34424.2, 158.2, 4.7, 0.4, 7.1, 260.9, 127.2, 69110.8, 1060.3, 27.3, 528.8, 2.6, 4.6
3, 22/01/2019 15:19:41, 130833, 30.2, 39.4, 6.6, 15143.2, 256.7, 0.9, 0.5, 5.2, 136.5, 100.9, 41720.3, 1147.4, 24.5, 460.5, 2.4, 5.2
3, 22/01/2019 15:39:46, 130834, 22.7, 29.1, 5, 15625.1, 15.1, 0.5, 0.4, 2.8, 94.3, 74.6, 40412, 1055.7, 23.2, 339.5, 3.4, 3.3
3, 22/01/2019 15:59:46, 130835, 32.8, 49.1, 7.5, 55344.6, 116.3, 4.6, 0.5, 7.3, 163.6, 125.8, 69524.8, 923.4, 28, 433.4, 3.3, 7.3
3, 22/01/2019 16:19:51, 130836, 24.7, 30.9, 6.1, 6088.5, 25.8, 0.9, 0.4, 4.4, 116.6, 79.1, 35683.6, 1367.9, 24.5, 343.8, 3.4, 3.9
3, 22/01/2019 16:39:50, 130837, 22.9, 37.7, 5.8, 10733.4, 20.3, 0.6, 0.4, 8, 137.3, 96.4, 38397.9, 1006.6, 26.2, 344.7, 3.5, 3.6
3, 22/01/2019 16:59:51, 130838, 33.5, 55.3, 7.1, 28056, 181.6, 3.1, 0.5, 12.1, 198.7, 141.6, 62159.1, 811.7, 29.7, 458.6, 2.8, 5.6
3, 22/01/2019 17:20:51, 130839, 21.7, 47.7, 4.8, 11191.4, 106.3, 0.6, 0.4, 18.1, 150.2, 122.2, 42116.3, 1263.3, 29.1, 403.5, 2.4, 3.9
3, 22/01/2019 17:39:51, 130840, 22.6, 52.5, 5, 14699.3, 108.4, 11.2, 0.4, 24.5, 160, 134.4, 48850.9, 1194.4, 29.6, 420.4, 2, 3
3, 22/01/2019 17:59:51, 130841, 22.9, 48.6, 4.8, 19659, 91.1, 3.2, 0.4, 15.6, 152.6, 124.3, 48811.4, 447.8, 31.6, 485.6, 4.1, 3.5
3, 22/01/2019 18:19:51, 130842, 22, 46.5, 4.7, 14754.5, 103.9, 8, 0.4, 16.1, 142, 119.1, 50294, 456.4, 26.4, 377, 1.4, 3.9
3, 22/01/2019 18:39:51, 130843, 23.5, 55.8, 5.2, 15132.3, 84.3, 14.4, 0.4, 14.9, 315.4, 142.7, 49658.4, 1453.6, 25.3, 358.9, 1.7, 5.2
3, 22/01/2019 18:59:50, 130844, 32.5, 65, 7, 24644.7, 116.1, 4.4, 0.5, 13, 213.1, 166.3, 51549, 340.2, 31.5, 487.8, 1.5, 5.9
3, 22/01/2019 19:19:50, 130845, 43.2, 98.2, 8.2, 6604.2, 226.3, 41.8, 2.3, 18.3, 602.6, 251.4, 63273.6, 224.7, 32.5, 747.7, 1.4, 8.3
3, 22/01/2019 19:39:51, 130846, 56.1, 132.7, 8.8, 3421.3, 337.4, 82.1, 5.1, 34.8, 489.4, 339.6, 54092.6, 183.7, 36.1, 1117.5, 0.6, 10.7
3, 22/01/2019 19:59:50, 130847, 53.8, 143.6, 8.4, 15660.7, 348.3, 85.1, 4, 37.9, 533.7, 367.6, 52757.8, 190, 36.1, 1071.8, 1.4, 13.2
3, 22/01/2019 20:19:50, 130848, 45.7, 118.1, 7, 2890.9, 323.8, 78.6, 3.6, 29.3, 594.3, 302.4, 45850.7, 215.4, 31.2, 871.6, 2.1, 6.3
3, 22/01/2019 20:39:50, 130849, 23.9, 42, 5.7, 8019.2, 103.3, 19.7, 0.5, 0.1, 158.3, 107.6, 41480.1, 248.3, 22.8, 318.1, 1.8, 4.9
3, 22/01/2019 20:59:50, 130850, 38.4, 54.9, 7.6, 17247.7, 248.6, 15.5, 0.5, 1, 294.1, 140.6, 31563.1, 217.2, 23.7, 403.1, 0.7, 7.2
3, 22/01/2019 21:19:55, 130851, 34.1, 54.2, 6.2, 5531.1, 165.8, 30.4, 0.5, 2.6, 420, 138.8, 58464.7, 199.1, 23.3, 466.4, 0.2, 4.2
3, 22/01/2019 21:39:55, 130852, 34.2, 63.1, 6.2, 4661.9, 225.7, 50.2, 0.8, 10.6, 424.5, 161.5, 47855.8, 223.1, 24, 599.2, 0.2, 4.5
3, 22/01/2019 21:59:55, 130853, 33.7, 49.1, 7, 17460.9, 266.5, 22.7, 0.6, 0.3, 203.5, 125.6, 38894.9, 178.8, 24.4, 411.6, 0.4, 5.3
3, 22/01/2019 22:19:55, 130854, 47.9, 107.9, 7, 2914.1, 342.4, 87.1, 2.7, 30.8, 455.2, 276.3, 43300.9, 193.4, 31.6, 997.8, 0.3, 8.3
3, 22/01/2019 22:39:55, 130855, 46.2, 106.5, 7.2, 3245.1, 354.8, 85.4, 3.1, 32.3, 482.7, 272.7, 43280.7, 162.1, 28, 829.6, 0.4, 9
3, 22/01/2019 22:59:54, 130856, 21.1, 36, 5.6, 18230.4, 165.2, 17.3, 0.4, 0.1, 161.3, 92.1, 35635.9, 240.5, 24.8, 438.6, 16.2, 5
3, 22/01/2019 23:19:54, 130857, 42.6, 102.8, 7, 6743.4, 307.6, 78.4, 2.1, 22.9, 552.9, 263.1, 41808.1, 278, 33.8, 1040.8, 16.6, 6.2
3, 22/01/2019 23:39:54, 130858, 50.4, 126.6, 7.1, 6347.8, 330.1, 81.6, 4.3, 43.9, 480.3, 324.2, 38508.6, 231.1, 35.2, 1133.4, 14.8, 8.6
4, 21/01/2019 23:59:46, 130787, 40.4, 61.9, 7.6, 29852.2, 231.7, 2.7, 0.5, 9.8, 356.6, 158.5, 37029.9, 340.1, 29.1, 404.3, 7.1, 17.1
4, 22/01/2019 00:19:46, 130788, 33.6, 77.4, 6.7, 27560.2, 110.8, 1.2, 0.5, 11.9, 330.7, 198.2, 47486.6, 396, 43.9, 415.2, 9, 27.1
4, 22/01/2019 00:39:46, 130789, 52.9, 81.8, 9.7, 4951.9, 122.1, 1.5, 0.6, 16.3, 263.9, 209.5, 51933.2, 892.1, 43.8, 474.9, 6.1, 7.6
4, 22/01/2019 00:59:46, 130790, 60, 95.5, 11.7, 23935.9, 284, 4.1, 1.2, 22.4, 331.7, 244.5, 73936.8, 173.1, 40.9, 571.5, 4.6, 10.6
4, 22/01/2019 01:20:01, 130791, 41.1, 68.6, 8.2, 2800.1, 69, 1.3, 0.6, 21.2, 231.8, 175.5, 65521.8, 144.9, 34.9, 420.8, 5.4, 8.1
4, 22/01/2019 01:40:01, 130792, 38.5, 61.2, 7.7, 4295.3, 84.3, 0.9, 0.6, 20.1, 182.2, 156.8, 39650.9, 131.9, 33.4, 445, 9.6, 6.7
4, 22/01/2019 02:00:01, 130793, 46.6, 81.1, 9.1, 18396, 308.9, 5.1, 0.7, 24.9, 289.8, 207.5, 110467.6, 190.1, 33, 524.2, 4.4, 9.1
4, 22/01/2019 02:20:01, 130794, 43.8, 71.5, 8.2, 4249.9, 74.8, 2, 1.1, 25.9, 293, 183, 49484, 163.6, 29.5, 425.9, 3.4, 6.2
4, 22/01/2019 02:39:05, 130795, 29.5, 57.3, 6.1, 5746.9, 28.7, 1.2, 0.5, 21.7, 327.5, 146.8, 36174.2, 168.6, 24.8, 334.5, 3.4, 6.6
4, 22/01/2019 03:00:06, 130796, 44.8, 75.1, 8, 21060.7, 237.2, 6.5, 0.7, 22.1, 271.2, 192.2, 35501.3, 175.9, 32.2, 465.8, 12.2, 6.8
4, 22/01/2019 03:20:05, 130797, 38.3, 160.7, 8.3, 126866.2, 88.9, 13.5, 1.1, 32.8, 656.3, 411.4, 52358.3, 303.6, 42.8, 739.4, 5.3, 88.4
4, 22/01/2019 03:40:05, 130798, 33.7, 76.4, 6.8, 25019.8, 169.6, 9.8, 0.5, 27.6, 369.2, 195.6, 38263.4, 230, 33.1, 508, 4.6, 15.7
4, 22/01/2019 04:00:11, 130799, 33.2, 74.2, 6.6, 35560.1, 88.8, 1.8, 0.4, 27, 292, 190, 66059.2, 277.9, 35.3, 528.5, 4.1, 6.7
4, 22/01/2019 04:19:11, 130800, 60.4, 90.5, 11, 7128.4, 408.1, 2.4, 2.9, 31.6, 318.9, 231.7, 80765.4, 323.9, 42.1, 577.5, 5.5, 5.9
4, 22/01/2019 04:40:10, 130801, 59.5, 93.1, 10.4, 11495.4, 237, 1.1, 0.9, 35.3, 335.8, 238.4, 83188.9, 183.3, 42.5, 521.8, 2.7, 8.1
4, 22/01/2019 04:59:10, 130802, 51.4, 92.4, 8.5, 25260.7, 268, 2.6, 1.1, 38.2, 361.1, 236.7, 94756.7, 259, 38, 507.9, 3.3, 6.8
4, 22/01/2019 05:19:10, 130803, 71, 107.1, 10.4, 4692.9, 153.8, 4.1, 1.7, 28.5, 337.9, 274.2, 89982.4, 153.9, 39.1, 696.9, 4.4, 5.7
4, 22/01/2019 05:39:10, 130804, 64.4, 109, 12.3, 4028.7, 324.6, 4.9, 1.7, 27, 429.1, 279.1, 77490.5, 149.3, 42.2, 911.8, 4.1, 7.6
4, 22/01/2019 06:00:10, 130805, 52.1, 84.5, 9.6, 14164.5, 285.5, 13, 0.8, 22.5, 327.4, 216.2, 75063, 158.5, 37.2, 861.8, 4.1, 7.2
4, 22/01/2019 06:20:20, 130806, 44.1, 77.2, 8.8, 6160.8, 339, 14.7, 0.7, 24, 288.8, 197.6, 65771, 236.9, 35.3, 729.2, 4, 6.5
4, 22/01/2019 06:40:25, 130807, 35.3, 63.9, 6.6, 5911.3, 301.8, 7.9, 0.5, 20.6, 196.6, 163.7, 66322, 200.3, 35.5, 586.4, 4.6, 5.3
4, 22/01/2019 06:59:25, 130808, 49.3, 76.5, 9, 15105.8, 405.1, 28.3, 0.5, 20.9, 253.1, 195.7, 52956.5, 144.8, 34.7, 711.5, 4.5, 7.4
4, 22/01/2019 07:19:25, 130809, 41.2, 68.8, 8, 2441.7, 281.8, 39.9, 0.7, 17.4, 270, 176.3, 50693.7, 391.1, 36, 742.5, 3.8, 6.4
4, 22/01/2019 07:40:24, 130810, 35.5, 62.4, 5.5, 3915.5, 253.2, 33.9, 0.4, 15.4, 221.4, 159.8, 82276.1, 221.8, 31.3, 546.1, 2.4, 4.1
4, 22/01/2019 08:00:25, 130811, 51.1, 81.5, 8.9, 25627.5, 327.7, 29.9, 1.2, 17.3, 338.2, 208.6, 85232, 256.9, 34.5, 727, 3.5, 8.4
4, 22/01/2019 08:19:24, 130812, 48.8, 77.5, 8.3, 21568.6, 471.3, 26.1, 0.5, 12.7, 362.8, 198.4, 75578.7, 211.4, 32.1, 764.7, 4.8, 5.6
4, 22/01/2019 08:40:24, 130813, 45.5, 77.3, 7.2, 4359.1, 314.8, 36.3, 0.6, 24.7, 267.1, 197.8, 70600.9, 232.1, 28.3, 566.5, 2.1, 6.1
4, 22/01/2019 08:59:25, 130814, 49.5, 94.6, 9.2, 17161.1, 229.2, 31, 3.4, 21.4, 376.3, 242.1, 74884.9, 189.7, 33.1, 688.7, 2, 7.6
4, 22/01/2019 09:22:24, 130815, 32.3, 68.9, 6.2, 21332.1, 205.5, 11.7, 0.5, 17, 262.1, 176.5, 86728, 140.1, 31.2, 626.7, 1.9, 6.4
4, 22/01/2019 09:39:24, 130816, 44.2, 91, 8.2, 21522.1, 210.1, 21.4, 0.7, 17.2, 469, 232.9, 95023.2, 264.6, 36.9, 1025.7, 1.6, 6.9
4, 22/01/2019 09:59:24, 130817, 46.3, 96, 8.6, 16708, 292.1, 34.7, 0.6, 23, 335.1, 245.8, 65163.9, 308.8, 40.1, 1017.2, 3.4, 7.1
4, 22/01/2019 10:20:24, 130818, 51.5, 102.2, 10.8, 17663.2, 339, 23.2, 4, 35.5, 483.6, 261.7, 101388.8, 241.5, 39.4, 1001.8, 8.3, 7
4, 22/01/2019 10:39:23, 130819, 38.6, 98.2, 8.2, 7683, 187.5, 5.3, 1.5, 28.2, 663.4, 251.5, 67654.7, 209.8, 39.9, 839.1, 11.1, 6
4, 22/01/2019 11:00:24, 130820, 68.8, 169.8, 13.4, 49536.9, 349.1, 33.5, 14.7, 38.1, 617.6, 434.7, 102214.5, 218.2, 51.7, 1378.3, 5.8, 11.7
4, 22/01/2019 11:20:24, 130821, 69.2, 115.6, 12.1, 10051.1, 411.3, 23.5, 7, 14.8, 413, 296, 153028.3, 251.2, 48.9, 1261.5, 2.2, 9.5
4, 22/01/2019 11:40:24, 130822, 70.6, 115.3, 13.3, 28570.8, 167.1, 12.4, 3.3, 17.5, 438.4, 295.1, 98757.8, 200.1, 49.2, 1331.4, 2.5, 11.3
4, 22/01/2019 11:59:23, 130823, 64.7, 100, 11.7, 19848.5, 224.9, 14.1, 0.7, 8.4, 465.8, 256, 91890.7, 105, 45.8, 1132.5, 3.1, 13.5
4, 22/01/2019 12:19:24, 130824, 60.4, 89.4, 11.1, 4259.9, 231, 26.9, 0.7, 4.8, 355.5, 229, 69604.8, 180, 42.3, 1125.1, 3.6, 8.1
4, 22/01/2019 12:39:23, 130825, 65.4, 92.8, 11.3, 6197.2, 309.3, 9, 1.7, 8.9, 306, 237.5, 116201.6, 119.1, 36.6, 994.2, 2.8, 6.6
4, 22/01/2019 12:59:24, 130826, 62.2, 93.7, 10.4, 18960.6, 357.7, 16.4, 4.3, 18.2, 377.7, 239.9, 69388.9, 138.3, 37.4, 967.4, 2.6, 6.9
4, 22/01/2019 13:19:23, 130827, 42, 58.4, 8.3, 17872, 372.9, 2.6, 0.6, 5.7, 241.9, 149.6, 65297.8, 159.9, 31.5, 719.2, 3.9, 9.7
4, 22/01/2019 13:39:23, 130828, 57, 70.8, 9.8, 24233.9, 308.9, 18.4, 0.7, 7.8, 269.8, 181.3, 111482.2, 119, 28.9, 665.1, 2.9, 9.8
4, 22/01/2019 13:59:23, 130829, 48, 65.8, 9.1, 27984.2, 218.6, 6.6, 0.7, 7.9, 237.4, 168.3, 77135, 214.4, 26, 583.3, 2.2, 9.5
4, 22/01/2019 14:20:23, 130830, 64.7, 112.3, 12.3, 6621, 329.7, 20.4, 5, 26, 427.4, 287.4, 99015.4, 159.9, 35.7, 882.9, 2.1, 10.4
4, 22/01/2019 14:40:23, 130831, 46.8, 71.4, 9.3, 9204.3, 166.6, 7, 0.6, 9.5, 224.3, 182.8, 92924.3, 157.1, 28.2, 668.1, 3, 7.8
4, 22/01/2019 15:00:22, 130832, 42.2, 60.8, 9.1, 21488.8, 278.8, 13.2, 0.6, 0.8, 507.3, 155.6, 114822.6, 126.4, 26, 605.9, 4.9, 10.3
4, 22/01/2019 15:19:22, 130833, 33.2, 44.2, 7.7, 23052.1, 152.9, 7.3, 0.5, 0.2, 173.8, 113.2, 108368.7, 174.4, 20.9, 461.9, 3.1, 8.7
4, 22/01/2019 15:39:22, 130834, 36.6, 51.1, 6.9, 7073.2, 175.9, 17.4, 0.9, 2.6, 295.5, 130.7, 55667.3, 140.7, 22.7, 518.4, 1.4, 6.3
4, 22/01/2019 15:59:23, 130835, 31.4, 44.8, 6.1, 21608.5, 224.2, 8.8, 0.4, 0, 179.6, 114.7, 64829.6, 159.2, 22.2, 488.7, 1, 7.4
4, 22/01/2019 16:19:23, 130836, 28.2, 40.7, 5.9, 9773.5, 154.7, 15.4, 0.4, 0, 152.2, 104.2, 63175.7, 115.1, 22.2, 444.3, 1.4, 6.5
4, 22/01/2019 16:39:23, 130837, 29.4, 47.4, 6.1, 3477.5, 136.7, 17.9, 0.5, 0.1, 221.4, 121.4, 60648.7, 134.8, 24.1, 518.7, 0.5, 6.2
4, 22/01/2019 16:59:22, 130838, 28.6, 50.6, 6.9, 35033.2, 93.7, 4.8, 0.5, 0.1, 316.4, 129.6, 73950.4, 156.9, 26, 583.5, 0.8, 8.3
4, 22/01/2019 17:20:22, 130839, 23.8, 44.6, 5.4, 8874.4, 132.8, 20.1, 0.4, 0, 181.3, 114.2, 41085.1, 157.7, 23.3, 500.4, 0.4, 7.2
4, 22/01/2019 17:39:22, 130840, 29.8, 47.7, 5.9, 13762.5, 102.7, 2.3, 0.4, 0, 406.5, 122.1, 46366.3, 282.6, 22, 495.5, 0.6, 6.8
4, 22/01/2019 18:00:23, 130841, 22.1, 33.5, 4.7, 29861.7, 33.5, 1.5, 0.4, 0.4, 121.1, 85.8, 63311.5, 176.8, 24.8, 476.5, 0.7, 6.4
4, 22/01/2019 18:19:22, 130842, 36, 52.6, 6.7, 12185.3, 255, 10.8, 0.5, 6.3, 247.1, 134.8, 48384.4, 112, 32.5, 586, 0.3, 5.1
4, 22/01/2019 18:39:22, 130843, 23.9, 37.3, 4.7, 10118.6, 148.1, 15.3, 0.4, 2.6, 138.1, 95.6, 38361.7, 184.5, 29.3, 491.1, 0.3, 5.3
4, 22/01/2019 19:00:22, 130844, 35.2, 47.1, 6.5, 29120.4, 139.8, 2.6, 0.5, 5.9, 226.9, 120.7, 110231.6, 297.5, 26.7, 491.5, 2, 6
4, 22/01/2019 19:19:22, 130845, 40.6, 60.6, 8.6, 9060.6, 293.6, 1.5, 0.6, 8.9, 287, 155.2, 76447.7, 226, 31.4, 527, 1.8, 6.9
4, 22/01/2019 19:39:32, 130846, 30.4, 43, 6.9, 5955.4, 130.4, 2.5, 0.5, 6.6, 139.3, 110.1, 47763.4, 180.7, 27.9, 407.8, 2, 6.5
4, 22/01/2019 20:00:32, 130847, 30.7, 50.8, 6.8, 39607.6, 73, 6.4, 0.5, 2, 180, 130, 102175.1, 184, 26.6, 445.9, 1.9, 9.4
4, 22/01/2019 20:20:31, 130848, 34.1, 54.7, 8, 7262, 231, 7.1, 0.5, 1.4, 218.5, 140.1, 43397.8, 153, 26, 477.9, 3.1, 7.5
4, 22/01/2019 20:40:31, 130849, 23.3, 39.5, 5.9, 2405.7, 36.5, 4, 0.4, 0.9, 345.9, 101.2, 42643.4, 85.3, 22.5, 400.4, 2.5, 5.6
4, 22/01/2019 20:59:32, 130850, 39.3, 57.1, 8.6, 32016.5, 25.8, 2.2, 0.7, 7.2, 191.3, 146.2, 57882.3, 250.8, 26.7, 505.9, 2.4, 8.5
4, 22/01/2019 21:19:31, 130851, 36.3, 48.6, 8.4, 5686.6, 19.7, 0.9, 0.7, 6.8, 152.6, 124.5, 61290, 195.9, 23.7, 442.5, 2.7, 5.6
4, 22/01/2019 21:39:31, 130852, 26.1, 35.7, 5.5, 3775, 23.5, 0.2, 0.4, 0.1, 124.7, 91.5, 58937.5, 99.2, 22.2, 400.9, 2.6, 5.4
4, 22/01/2019 21:59:31, 130853, 21.3, 32.3, 4.6, 21183.3, 92.9, 0.7, 0.4, 0, 114.2, 82.8, 53207.4, 190.6, 21.9, 382.8, 2.5, 5.1
4, 22/01/2019 22:20:31, 130854, 20, 29.5, 4.7, 5265.4, 186.4, 0.5, 0.4, 0.1, 102.9, 75.6, 53010, 133.5, 19.9, 336.4, 2.1, 5.5
4, 22/01/2019 22:39:32, 130855, 21.2, 33.7, 4.7, 6127, 81.3, 3.3, 0.4, 0.1, 161.3, 86.2, 50982, 167.9, 19.1, 326.3, 1.2, 8.7
4, 22/01/2019 22:59:31, 130856, 34.4, 51.4, 6, 21875.9, 119, 2, 0.4, 0.3, 399.8, 131.5, 45624.6, 163.9, 20.1, 386.1, 5.3, 7.4
4, 22/01/2019 23:20:31, 130857, 28.4, 57.6, 7.4, 3816.4, 159.7, 1.4, 0.8, 0.7, 293.3, 147.4, 49124.6, 179, 20.7, 462.9, 4.4, 6.7
4, 22/01/2019 23:39:31, 130858, 25.4, 37.1, 5.8, 3181, 89.5, 0.5, 0.4, 0.1, 161.2, 94.9, 52284, 219.6, 16.3, 325.6, 3.9, 6.6
