HOST, TIME, SNAP_ID, SYS_CPU, SYS_DBTIME, SYS_SYSPCT, SYS_READ, SYS_WRITE, SYS_REDO, SYS_OSWAIT, SYS_RMWAIT, SYS_ACTSESS_MAX, SYS_ACTSESS_AVG, SYS_PGA, SYS_PXRUNS, SYS_PXQCT, SYS_PXSRVT, SYS_UCALLS, SYS_IOWAIT
1, 19/01/2019 23:59:59, 130643, 49, 55.8, 10.3, 1574.1, 570.1, 25.4, 0.9, 5.7, 210.9, 142.7, 49341.2, 139.9, 6.6, 167.7, 85.2, 8.8
1, 20/01/2019 00:19:59, 130644, 54.6, 72.9, 12.3, 5623, 529.7, 44.1, 1.4, 12.3, 318.8, 186.5, 44680.5, 92.6, 11.4, 174.8, 120.2, 14.2
1, 20/01/2019 00:39:59, 130645, 56.2, 79.3, 12.1, 14355.2, 494.8, 42.6, 1.7, 21.3, 291.5, 203.1, 28309.9, 137.1, 17.8, 218.1, 114.1, 5.7
1, 20/01/2019 00:59:59, 130646, 75.5, 104.9, 17.4, 5502.2, 488.2, 43.7, 2.8, 6.8, 348.8, 268.5, 59731.3, 827.4, 25.7, 402.8, 108.5, 12.8
1, 20/01/2019 01:19:59, 130647, 58.8, 77.4, 13.6, 2789.5, 452.8, 19.6, 1.1, 4.5, 291.1, 198.1, 50884.1, 354, 21.3, 309, 83.5, 13.9
1, 20/01/2019 01:39:59, 130648, 49.2, 50.8, 12.4, 1521.9, 438.2, 18.7, 1.1, 0.8, 170.5, 130.1, 26022.4, 536.7, 15, 221.2, 95.8, 10.1
1, 20/01/2019 01:59:59, 130649, 45.9, 41.4, 10.3, 6977.9, 512.7, 32, 0.9, 0.1, 134.3, 106.1, 22839.6, 671.1, 11.1, 130.7, 107.5, 4.1
1, 20/01/2019 02:19:58, 130650, 50.8, 45.7, 10.4, 6936.1, 460.4, 22.1, 0.9, 1.3, 166.9, 117, 47958, 973.4, 12.4, 162.9, 73.1, 3.9
1, 20/01/2019 02:39:58, 130651, 64.4, 57.2, 11.3, 5335.9, 392.2, 9.5, 0.9, 3.8, 177.5, 146.3, 43071.7, 96.1, 17.4, 265.6, 44.4, 3.6
1, 20/01/2019 02:59:58, 130652, 58.9, 74.6, 9.3, 5123, 356.7, 11.6, 2.3, 20.3, 289.5, 191, 59805.1, 47.9, 18.8, 318.5, 22, 8.1
1, 20/01/2019 03:19:58, 130653, 24.6, 52.2, 5.9, 2093.3, 114.1, 7.1, 0.7, 3.3, 260.9, 133.7, 55762.6, 33, 16.2, 244.8, 13.9, 29.4
1, 20/01/2019 03:39:58, 130654, 45.5, 57.9, 10.1, 3054.3, 502.8, 16.6, 0.9, 6.6, 223.8, 148.3, 65595.6, 99, 19.7, 283.9, 39.6, 12.6
1, 20/01/2019 03:59:58, 130655, 37.8, 58.7, 8.1, 974.3, 556.8, 17.2, 0.7, 0, 217.8, 150.3, 65038.3, 91.1, 17.2, 236.5, 42.6, 7.1
1, 20/01/2019 04:19:58, 130656, 39.7, 33.9, 8.5, 1525.3, 729.1, 15.9, 0.8, 0.2, 113.8, 86.8, 47256, 62, 7.9, 86.8, 46.8, 6.4
1, 20/01/2019 04:39:58, 130657, 34.5, 44.5, 7.1, 3634.7, 706.7, 11.5, 0.7, 3.8, 212.7, 113.8, 48056.9, 51.1, 6.8, 80.6, 39.6, 13.3
1, 20/01/2019 04:59:58, 130658, 35.1, 41.3, 8.4, 2988, 542.4, 14, 0.8, 1.5, 151.1, 105.6, 51240.3, 157.9, 5.9, 96.9, 42, 9.7
1, 20/01/2019 05:19:58, 130659, 40.6, 44.1, 10.1, 554.6, 552, 22.6, 0.9, 0, 160.4, 112.8, 20723.6, 61.9, 4.1, 65.5, 49.7, 7.1
1, 20/01/2019 05:39:58, 130660, 33.9, 32.8, 8.3, 205.4, 554.5, 20.2, 0.8, 0, 148.9, 84, 19664.9, 55, 2.9, 31.7, 51.3, 7.3
1, 20/01/2019 05:59:58, 130661, 48.6, 59, 12.3, 2216, 550.8, 32, 1, 0, 197.5, 150.9, 23818.7, 178.8, 4.4, 86.4, 61.8, 11.8
1, 20/01/2019 06:19:58, 130662, 39.7, 42.5, 9.5, 263.1, 598.5, 34.8, 0.9, 0, 159.1, 108.7, 19377.7, 55, 2, 27.6, 68, 7.1
1, 20/01/2019 06:39:57, 130663, 31.1, 38.8, 7.7, 61.7, 586.4, 31.7, 0.8, 0, 189.4, 99.4, 19374.3, 57.1, 1, 3.3, 58.8, 6.2
1, 20/01/2019 06:59:58, 130664, 37.5, 44.5, 9.3, 55.1, 679.1, 39.1, 0.9, 0, 179.8, 114, 20323, 64.2, 1.4, 8.9, 67.8, 7.8
1, 20/01/2019 07:19:58, 130665, 48.3, 57.3, 10.9, 1687.3, 618.5, 46.6, 1, 0, 210.2, 146.7, 24007.3, 128.2, 4.4, 81.3, 66.5, 7.2
1, 20/01/2019 07:39:57, 130666, 46.4, 58.2, 10.7, 345.7, 533.3, 46, 0.9, 0, 206.9, 148.9, 23487.2, 29, 3.1, 62.5, 65.7, 6
1, 20/01/2019 07:59:58, 130667, 30.7, 37.2, 7.4, 149.7, 639.3, 29.8, 0.8, 0, 211.5, 95.4, 19412.9, 53.1, 1.4, 12.9, 61.8, 7.6
1, 20/01/2019 08:19:57, 130668, 35.8, 38.6, 8.9, 6747.2, 591.8, 32.5, 0.8, 0, 211.3, 98.8, 21492.5, 148.7, 2.2, 32.9, 63.4, 7
1, 20/01/2019 08:39:57, 130669, 40, 54.6, 10, 826.8, 573.4, 38.2, 0.9, 0, 215.5, 139.8, 19528.8, 89.9, 2.6, 53.5, 67, 7.3
1, 20/01/2019 08:59:58, 130670, 33.8, 40.7, 8.6, 402.8, 565.5, 32.4, 0.9, 0, 161.7, 104.3, 19931.3, 54.9, 1.6, 12.9, 65.3, 11.3
1, 20/01/2019 09:19:57, 130671, 36, 44.3, 8.4, 1394.1, 576.3, 27.5, 0.8, 0, 167.3, 113.3, 20274.6, 148.3, 3.4, 59.4, 58.5, 6.5
1, 20/01/2019 09:39:57, 130672, 29, 31.5, 7.1, 185.8, 599.7, 23.6, 0.7, 0, 150.4, 80.6, 21807, 54.9, 3, 23.1, 60.2, 6.2
1, 20/01/2019 09:59:57, 130673, 37.2, 42.9, 8.4, 532.9, 721.3, 36.9, 0.8, 0, 199.9, 109.9, 23110.3, 44, 3.7, 40, 61.8, 7.4
1, 20/01/2019 10:19:57, 130674, 31.9, 32.4, 7, 2340, 583.3, 18, 0.7, 0, 119.2, 82.9, 21669.6, 123, 5.4, 84.4, 50.3, 6.1
1, 20/01/2019 10:39:57, 130675, 21.8, 24.1, 5.5, 173.4, 481.5, 17.5, 0.6, 0, 120.8, 61.6, 25256.4, 55, 2.3, 35.2, 54.6, 6.4
1, 20/01/2019 10:59:57, 130676, 26.2, 27.2, 5.4, 193.5, 561, 13.9, 0.6, 0, 94, 69.7, 25639.1, 52.8, 3.1, 83, 51.3, 8
1, 20/01/2019 11:19:57, 130677, 40.7, 37, 7.1, 2186.8, 718.7, 14.6, 0.7, 0, 128.8, 94.8, 53483.8, 70, 3.8, 105.6, 50.8, 7
1, 20/01/2019 11:39:57, 130678, 34, 33.6, 5.8, 98.8, 481.7, 15.2, 0.6, 0, 139.3, 85.9, 34501.3, 57.1, 2.2, 69.9, 52.8, 5.7
1, 20/01/2019 11:59:57, 130679, 27.2, 33.5, 6.3, 1662.9, 579.8, 23.1, 0.7, 0, 188, 85.8, 26420.8, 67.1, 3, 65.1, 55.7, 5.2
1, 20/01/2019 12:19:57, 130680, 26.3, 25, 6.2, 647.2, 524.1, 20, 0.7, 0, 127.9, 64.1, 26604.7, 89.1, 3.2, 59.2, 57, 5.2
1, 20/01/2019 12:39:56, 130681, 23.7, 21.1, 6, 28.9, 614.9, 23.7, 0.7, 0, 88.7, 53.9, 26507, 55, 2, 35.2, 59.1, 5
1, 20/01/2019 12:59:56, 130682, 29.7, 24.4, 7.5, 1184.2, 642.8, 26.8, 0.8, 0, 102.8, 62.5, 28061.5, 89.9, 3, 54.4, 61.6, 6.3
1, 20/01/2019 13:19:57, 130683, 25.1, 20.4, 6.5, 32.8, 645, 24, 0.8, 0, 75, 52.3, 26569.2, 51.2, 2.2, 36.6, 56.5, 4.9
1, 20/01/2019 13:39:56, 130684, 27.3, 25.4, 6.2, 530.3, 598.8, 18.8, 0.7, 0, 109.4, 65.1, 39251.6, 99.9, 2.7, 41.9, 46.9, 4.3
1, 20/01/2019 13:59:56, 130685, 34.5, 42.2, 8.5, 1096.6, 552, 19.9, 0.8, 0, 228.8, 108, 28084.3, 61.9, 3.5, 54.3, 63.2, 6.6
1, 20/01/2019 14:19:56, 130686, 35.3, 34, 8.7, 1205, 587, 27.3, 0.8, 0, 167, 87, 25839, 81.2, 2.7, 30.8, 105.6, 5
1, 20/01/2019 14:39:56, 130687, 42.8, 44.2, 9.2, 861.4, 566.2, 25.7, 0.8, 0, 166.2, 113.1, 25292.7, 59.2, 3.6, 62.4, 115.1, 7
1, 20/01/2019 14:59:56, 130688, 36.3, 35.9, 9, 152.9, 623.4, 21.7, 0.9, 0, 173, 91.9, 19556.5, 55, 1.8, 15.9, 94.2, 9.3
1, 20/01/2019 15:19:56, 130689, 35.7, 43, 8.9, 1333.2, 656, 23.6, 0.9, 0, 174.1, 110, 23467.4, 143.2, 3, 57.7, 87, 13.3
1, 20/01/2019 15:39:56, 130690, 31.7, 41.4, 8.4, 178.8, 571.4, 17.2, 0.9, 0, 240, 106.1, 20032.5, 58.1, 1.4, 13.5, 72.4, 13.7
1, 20/01/2019 15:59:55, 130691, 53.3, 56.6, 12.3, 2743.7, 689.3, 17.5, 1, 0, 190.1, 144.8, 69425.5, 50.8, 5.8, 128, 65, 18.5
1, 20/01/2019 16:19:56, 130692, 50.8, 52.2, 11, 1196.6, 766.4, 14.4, 0.9, 0, 196.3, 133.6, 72196.6, 41.9, 4.8, 106.3, 46.5, 17.7
1, 20/01/2019 16:39:56, 130693, 45.3, 46, 9.6, 471.6, 801.2, 13.9, 0.9, 0, 142.2, 117.8, 69816.3, 49.7, 3.9, 80.9, 43.6, 17
1, 20/01/2019 17:00:55, 130694, 80.8, 92.3, 14.9, 8817.8, 627.1, 13.1, 3.2, 2, 329.2, 236.4, 76002.2, 108.4, 16.4, 301.4, 39.5, 15.4
1, 20/01/2019 17:19:56, 130695, 81, 91.7, 13.6, 5407.3, 579.6, 15.3, 2.1, 7, 270.5, 234.9, 79431.4, 154.4, 14, 278.1, 38.8, 19.1
1, 20/01/2019 17:39:55, 130696, 78.5, 100.3, 13.3, 2731.4, 683.5, 15.2, 7, 12, 365.8, 256.7, 71326.5, 193.1, 17, 339.1, 49.2, 16.3
1, 20/01/2019 17:59:55, 130697, 58.8, 61.4, 11.6, 1292.2, 836.7, 18.1, 1, 0, 247.3, 157.2, 70324.3, 261, 11.3, 182, 71.4, 12.8
1, 20/01/2019 18:19:56, 130698, 51.7, 87.1, 9.7, 1793.1, 704.1, 13.5, 0.9, 0, 369, 223.1, 66765.7, 132, 7.1, 153.2, 38.1, 10.2
1, 20/01/2019 18:39:55, 130699, 48.1, 49, 10.2, 518.9, 603.4, 14.3, 0.9, 0, 150, 125.5, 57966.8, 119, 4, 75.9, 48.7, 16.6
1, 20/01/2019 18:59:55, 130700, 44.8, 52.2, 9.8, 1264.4, 500.7, 15.9, 0.9, 0, 228.1, 133.6, 63483.9, 204.2, 4.6, 92, 55.3, 15.7
1, 20/01/2019 19:19:55, 130701, 39.3, 42.4, 9.7, 774.6, 614.7, 15.6, 0.9, 0, 155.9, 108.5, 41125.7, 187.2, 5.5, 100.3, 56.6, 15.3
1, 20/01/2019 19:39:55, 130702, 37.1, 40.3, 8.9, 793.7, 710.5, 16.4, 0.9, 0, 129.7, 103.1, 64583.7, 232.1, 4.8, 88.8, 55.9, 14.8
1, 20/01/2019 19:59:55, 130703, 63.1, 88.8, 12.7, 3550.3, 621.6, 17.8, 1.2, 4.5, 297.6, 227.3, 75172.8, 153.8, 11.1, 260, 47.5, 22.2
1, 20/01/2019 20:19:54, 130704, 68.3, 91.1, 13.6, 2324.1, 835.4, 17.9, 2.2, 20.5, 294.3, 233.3, 85673.8, 66, 15, 378.4, 84.4, 8.3
1, 20/01/2019 20:39:54, 130705, 62.9, 96.3, 12, 1611.3, 696.5, 13, 1.1, 13.1, 355.9, 246.4, 65865.4, 33, 12, 283.6, 52.1, 8.2
1, 20/01/2019 20:59:54, 130706, 77.8, 86.3, 12.6, 1239.8, 697.6, 12.9, 2.1, 5.8, 267, 220.8, 75006.3, 318.8, 13.8, 346.2, 54.5, 12.7
1, 20/01/2019 21:19:55, 130707, 80.1, 82.2, 12.4, 1997.3, 660.6, 12.4, 2, 6.4, 279.5, 210.4, 57921.8, 74.9, 12.6, 343.3, 56.8, 4.3
1, 20/01/2019 21:39:55, 130708, 81, 76.7, 13.8, 1145.3, 582.5, 16.8, 1.4, 4.2, 227.1, 196.4, 71549.1, 40.9, 11.9, 304.8, 72.8, 5.9
1, 20/01/2019 21:59:55, 130709, 72.9, 77.3, 13.1, 1211.1, 590.7, 18.2, 2.2, 3.3, 250.9, 197.8, 63179.6, 87.1, 9.8, 258.1, 87.5, 9
1, 20/01/2019 22:19:54, 130710, 72, 79.5, 13.1, 2194.3, 549.3, 22.5, 2.9, 13, 296, 203.4, 69299.5, 139, 11.8, 317.2, 118.1, 6.3
1, 20/01/2019 22:39:54, 130711, 58.5, 46.6, 10.4, 808.3, 549.8, 16.6, 0.9, 0, 142.5, 119.3, 28677, 54, 6.9, 174.7, 79.6, 5.9
1, 20/01/2019 22:59:54, 130712, 47.5, 40.6, 8.9, 1964.6, 521.5, 13.9, 0.8, 1.7, 156.5, 103.9, 43755.8, 163.3, 6.8, 161.2, 53.5, 6.4
1, 20/01/2019 23:19:54, 130713, 47.2, 42.9, 10.4, 1470.3, 592.7, 13, 0.9, 0.1, 145.3, 109.8, 30936.2, 85.1, 7.1, 170.3, 78.9, 6
1, 20/01/2019 23:39:54, 130714, 36, 25.5, 8.1, 937.3, 584.5, 16.9, 0.8, 0, 126.1, 65.3, 20729.8, 62.2, 4, 80.5, 108.3, 3.8
2, 19/01/2019 23:59:22, 130643, 51.5, 55.4, 15.4, 1315.8, 358.7, 11.9, 0.9, 0.2, 178.6, 141.9, 30510.9, 241.7, 9.8, 252.4, 41, 16.7
2, 20/01/2019 00:20:22, 130644, 45.5, 56.4, 11.5, 1982, 395.6, 26, 0.7, 11.6, 221.4, 144.4, 27943.3, 227.8, 12.8, 230.1, 45.8, 9.2
2, 20/01/2019 00:40:22, 130645, 50, 74, 12.7, 7509.7, 354.9, 25.8, 0.7, 26.2, 218, 189.3, 27215.2, 185.2, 19.6, 262.6, 50.3, 5.6
2, 20/01/2019 00:59:21, 130646, 57.3, 70.9, 13.7, 2107.9, 373, 25.4, 0.7, 15.1, 214.2, 181.4, 31115.6, 302.2, 18.8, 292.4, 52.5, 6.7
2, 20/01/2019 01:19:22, 130647, 60.5, 71.1, 14.6, 39860.3, 302.9, 10.9, 1, 6, 287.6, 182.1, 54393.3, 280.3, 19.1, 326.2, 43, 9.4
2, 20/01/2019 01:39:22, 130648, 88.9, 92.7, 17.7, 69358.1, 298.1, 13.6, 5.5, 6.8, 279.9, 237.3, 39985.6, 288.5, 22.9, 478.5, 59.5, 7.1
2, 20/01/2019 01:59:21, 130649, 59.3, 53.3, 13.2, 34865.7, 290.1, 11.4, 0.7, 0, 203.3, 136.4, 26263.4, 265.8, 15.5, 270, 39.3, 6.6
2, 20/01/2019 02:19:22, 130650, 54.6, 53.4, 14.6, 6542.9, 390.9, 25.9, 0.9, 0, 227.2, 136.7, 31739.3, 185.6, 12.4, 192.8, 103.8, 7.2
2, 20/01/2019 02:39:21, 130651, 71.6, 71.3, 18.9, 828.9, 426.8, 35.5, 1.1, 0, 212.4, 182.5, 31341.4, 149.9, 11.6, 195.5, 156.4, 9.2
2, 20/01/2019 02:59:21, 130652, 56.6, 58.1, 15, 314, 465.1, 31.8, 0.9, 0, 219.8, 148.7, 27767.7, 256.7, 7.1, 140.9, 155.7, 10.6
2, 20/01/2019 03:20:22, 130653, 31.5, 36.8, 8.5, 129.8, 168.9, 23.7, 0.6, 0, 126.2, 94.2, 27472.9, 209.7, 6.3, 105.3, 139.7, 15.8
2, 20/01/2019 03:39:21, 130654, 44, 39.8, 11.1, 1123.8, 375.6, 20.2, 0.7, 0.1, 183.6, 101.8, 30652.6, 240.4, 5.3, 103.6, 111.8, 6.3
2, 20/01/2019 04:00:22, 130655, 45.2, 44.8, 9.9, 1506.9, 346.6, 14.8, 0.6, 2.1, 166.4, 114.7, 62997.7, 232.8, 6, 107.2, 63.2, 1.7
2, 20/01/2019 04:19:21, 130656, 53.7, 35.3, 10.9, 949.6, 575.6, 14.1, 0.6, 2.4, 114, 90.4, 62994.2, 179, 5.1, 84, 67.9, 1
2, 20/01/2019 04:39:21, 130657, 39.9, 25, 8, 439.6, 669, 8.8, 0.4, 0.7, 106.4, 63.9, 63867.2, 160.3, 3.8, 60.9, 30.7, 1.2
2, 20/01/2019 04:59:21, 130658, 37.8, 26, 8, 897.4, 495.6, 7.3, 0.4, 0, 101.5, 66.6, 65314.7, 263.6, 5.4, 106.2, 44.8, 2
2, 20/01/2019 05:20:21, 130659, 33.1, 23.2, 7.9, 174.5, 360.1, 9.8, 0.4, 0, 85.6, 59.5, 25591.6, 178, 3.7, 54.1, 66.9, 0.8
2, 20/01/2019 05:39:21, 130660, 31.7, 22.4, 7.8, 54.6, 369.2, 11.6, 0.4, 0, 89.3, 57.3, 25551.5, 132.4, 3.2, 51.9, 64.1, 1.4
2, 20/01/2019 05:59:21, 130661, 71.7, 73.7, 13.4, 2203.5, 658.9, 14, 0.9, 3.6, 262.7, 188.7, 95745.8, 225.9, 13, 303.5, 28.6, 4.3
2, 20/01/2019 06:20:21, 130662, 67.7, 64.8, 10.7, 1060.5, 434.2, 11.5, 0.5, 5, 203.2, 166, 97499, 183.3, 11.8, 282.7, 18, 3
2, 20/01/2019 06:39:21, 130663, 67.1, 63.2, 10.3, 675.9, 422.8, 14.2, 0.5, 1.8, 272.4, 161.8, 96512.9, 133.1, 11, 261.1, 25.9, 3
2, 20/01/2019 07:01:21, 130664, 70.3, 58.5, 12.5, 731.7, 474.6, 21.9, 0.6, 0, 254.1, 149.7, 71611.5, 211.2, 10.5, 253, 45, 4.3
2, 20/01/2019 07:19:21, 130665, 72.1, 71.2, 12.2, 1181.8, 524.3, 23.9, 0.6, 0, 341.8, 182.3, 53988, 243.1, 12.1, 291.7, 39.2, 3.6
2, 20/01/2019 07:40:21, 130666, 47.1, 41.7, 9.9, 903.3, 384.9, 22, 0.5, 0, 148.5, 106.8, 73989.1, 173.5, 9.7, 229.9, 37.8, 2.2
2, 20/01/2019 08:00:21, 130667, 42.6, 37.2, 8.8, 649.4, 434.2, 16.7, 0.4, 0, 142.7, 95.1, 44904.7, 232.9, 8.4, 197.3, 28, 4.1
2, 20/01/2019 08:19:20, 130668, 43.9, 35.1, 8.9, 471.7, 459.2, 22.3, 0.4, 0, 149.5, 89.7, 65783.1, 183.3, 6.3, 154.8, 18, 2.8
2, 20/01/2019 08:39:21, 130669, 44.9, 44.9, 9.3, 16965.4, 463.7, 14.7, 0.5, 0, 164, 114.8, 44644.6, 134.6, 7.8, 186.6, 13.3, 5
2, 20/01/2019 09:00:20, 130670, 36.3, 30, 7.8, 22610.3, 397, 18.4, 0.4, 0, 95.9, 76.7, 38844.8, 212.8, 5.3, 122.7, 16.6, 3.9
2, 20/01/2019 09:20:20, 130671, 40.1, 36.3, 9.1, 999.1, 419.8, 15.2, 0.5, 0, 138, 92.9, 42873.7, 210, 5.7, 134.3, 23.7, 2.7
2, 20/01/2019 09:40:20, 130672, 39.4, 33.2, 9.3, 548.7, 373.3, 10.2, 0.5, 0, 100.4, 84.9, 38612.8, 138, 3.7, 90.8, 21.5, 4.3
2, 20/01/2019 09:59:20, 130673, 37.7, 34.2, 9, 633.7, 343.1, 7.1, 0.5, 0, 119.9, 87.6, 39525.2, 244.9, 3.3, 85.9, 14.3, 5.8
2, 20/01/2019 10:19:20, 130674, 49.2, 43.1, 10.7, 1787.5, 381.8, 8, 0.6, 0, 141.3, 110.4, 44373.6, 242.3, 5.8, 154.1, 19.7, 5.2
2, 20/01/2019 10:39:20, 130675, 40.8, 40.5, 8.1, 366.2, 397.4, 12.3, 0.5, 0, 142.4, 103.6, 38993.8, 129.1, 4.4, 117.5, 29.1, 8
2, 20/01/2019 11:00:20, 130676, 38.4, 36.1, 7.3, 400.9, 376, 12.1, 0.4, 0, 130.7, 92.3, 33828.6, 219, 3.6, 85.6, 25.2, 7.1
2, 20/01/2019 11:19:20, 130677, 47.8, 41.4, 9.8, 2145.2, 388.6, 12, 0.5, 0, 148, 106, 37189.3, 274.8, 4.5, 104.7, 19.4, 6.6
2, 20/01/2019 11:39:20, 130678, 42.7, 36.6, 8.8, 537.9, 415.2, 13.5, 0.5, 0, 124.4, 93.6, 32704.1, 131.6, 4, 78.5, 23.9, 3.6
2, 20/01/2019 12:00:20, 130679, 39.6, 54.2, 9.1, 7011.3, 409.1, 18.1, 0.5, 0, 284.1, 138.9, 36569, 303.3, 3.4, 59.5, 38.3, 2.1
2, 20/01/2019 12:19:19, 130680, 50.1, 51.2, 10.3, 1108.9, 466.5, 13.3, 0.5, 0, 208.7, 131.1, 30511.5, 190, 5.2, 130.4, 23.7, 2.9
2, 20/01/2019 12:39:19, 130681, 41.9, 54.6, 9, 348.1, 385.6, 10.9, 0.5, 0, 173.3, 139.8, 20896.6, 151.2, 3.3, 60.8, 23.3, 2.3
2, 20/01/2019 12:59:20, 130682, 40.4, 49.5, 9.1, 1598.4, 385.5, 10.6, 0.5, 0, 187, 126.6, 24548.1, 297.9, 3.3, 59.9, 20.5, 2
2, 20/01/2019 13:19:20, 130683, 38.4, 44.9, 8.8, 520.5, 383, 9.6, 0.5, 0, 144.7, 115, 20817.7, 170.6, 3, 51, 36.6, 1.8
2, 20/01/2019 13:39:19, 130684, 33.3, 24.4, 7.4, 1880.3, 368.7, 8.7, 0.4, 0, 90.1, 62.5, 21783.8, 215.5, 2.8, 38.2, 28.5, 1.3
2, 20/01/2019 13:59:19, 130685, 34.6, 27.3, 8.1, 491.9, 378, 10.4, 0.4, 0, 113.5, 70, 20014.9, 228.1, 2.6, 29.6, 32.5, 2
2, 20/01/2019 14:19:19, 130686, 35.1, 26.4, 7.6, 1177.9, 379.5, 10.7, 0.4, 0, 120, 67.7, 20493.9, 236, 3, 42.1, 37.4, 1.3
2, 20/01/2019 14:40:20, 130687, 30.6, 23.5, 6.9, 441.3, 380.4, 10.3, 0.4, 0, 110.2, 60.1, 18841.2, 178.7, 2.7, 24.4, 43.2, 1.4
2, 20/01/2019 14:59:19, 130688, 28.1, 18.3, 6.4, 12.1, 470.2, 9.7, 0.4, 0, 70.9, 46.9, 18883.7, 213.9, 2, 5.1, 33.5, 0.9
2, 20/01/2019 15:20:19, 130689, 32.9, 25.8, 7.2, 2043.3, 462.8, 8.3, 0.4, 0, 92.1, 66.1, 19908.2, 208.3, 4, 45.1, 21.1, 1.5
2, 20/01/2019 15:40:19, 130690, 31.2, 24, 6.7, 136.1, 406.2, 8.7, 0.4, 0, 133.1, 61.5, 20844.9, 140.5, 3, 21.1, 28, 1.1
2, 20/01/2019 15:59:19, 130691, 42.5, 31, 8.5, 2314.1, 473.8, 9.7, 0.5, 0, 138.5, 79.5, 42666.5, 342.7, 4.9, 83.5, 33.1, 1.7
2, 20/01/2019 16:19:19, 130692, 36.6, 25.9, 7.3, 350.9, 494.6, 8.7, 0.4, 0, 74.5, 66.3, 58691.1, 177.5, 3, 37, 26.3, 1.6
2, 20/01/2019 16:40:19, 130693, 36.3, 25.5, 7.1, 106.1, 423.9, 8.2, 0.4, 0, 74.2, 65.3, 61481.9, 144.2, 3, 37.1, 24.9, 1.4
2, 20/01/2019 17:00:19, 130694, 46.7, 43.1, 9.1, 1598.7, 410.9, 9.8, 0.5, 0.9, 148.3, 110.2, 64282.6, 342.8, 5.6, 107.3, 32.7, 2.1
2, 20/01/2019 17:19:19, 130695, 38.9, 31.1, 7.6, 354.6, 374.9, 8.3, 0.4, 0, 95, 79.5, 60385.8, 194.2, 2.8, 59.1, 27.7, 2.4
2, 20/01/2019 17:39:18, 130696, 33.7, 25.4, 6.9, 423.4, 442.2, 10.8, 0.4, 0, 86.6, 65, 46854.7, 174.8, 2, 33.4, 26.8, 1.7
2, 20/01/2019 17:59:18, 130697, 37, 31.4, 7.6, 667.2, 504.2, 11.4, 0.4, 0, 100.9, 80.5, 60095.9, 240.4, 3.1, 45.7, 25.1, 3.3
2, 20/01/2019 18:19:19, 130698, 42.3, 57.8, 8.6, 1938, 557, 7.7, 0.4, 0.8, 249.3, 148, 65045.7, 330, 6.6, 132.4, 24.1, 2.5
2, 20/01/2019 18:40:18, 130699, 44, 34.5, 8.2, 567.3, 517.2, 8, 0.5, 0.2, 112.3, 88.2, 59749.1, 172.4, 4.5, 74.1, 29.7, 2.1
2, 20/01/2019 19:00:18, 130700, 42.6, 35.5, 8.2, 2369.5, 548.5, 9.2, 0.4, 1.5, 130.5, 90.8, 70881.9, 370.3, 4.3, 81.6, 36.8, 1.4
2, 20/01/2019 19:19:18, 130701, 44.8, 39.2, 9, 666.3, 653.5, 13.5, 0.5, 2.8, 158.5, 100.3, 87190, 224.2, 4.4, 95.8, 27.3, 2.4
2, 20/01/2019 19:39:18, 130702, 49.4, 42.9, 9.4, 415.4, 680.9, 20.7, 0.5, 1.8, 164.8, 109.9, 64637.9, 169.7, 5, 119.8, 41.4, 1.8
2, 20/01/2019 20:00:18, 130703, 53.5, 64.3, 12.5, 845.9, 386.8, 20.2, 0.7, 1.1, 219.9, 164.7, 74045.4, 333.2, 10.7, 290.6, 41.8, 7.7
2, 20/01/2019 20:20:18, 130704, 60.1, 64.5, 15.1, 1106.7, 391.5, 17.8, 0.9, 5.9, 185.2, 165.2, 65027.9, 285.3, 10.9, 286.8, 32.7, 11.7
2, 20/01/2019 20:39:18, 130705, 62.7, 68.9, 17.5, 968.9, 297.7, 15.8, 1, 2.4, 233, 176.5, 63596.4, 222, 8.3, 231.2, 25.9, 17.3
2, 20/01/2019 20:59:18, 130706, 59.7, 63.2, 16.8, 770.1, 358.2, 19.6, 1, 0.2, 179.6, 161.7, 56441.2, 243.6, 7.7, 215.8, 43.3, 23.1
2, 20/01/2019 21:19:18, 130707, 55.4, 52.7, 16.6, 743.7, 385.7, 17.9, 1.1, 0, 148.9, 134.9, 44958.2, 179.9, 6.4, 174.3, 64.2, 15.7
2, 20/01/2019 21:39:17, 130708, 61.2, 55.6, 17.1, 937.6, 548.7, 18.8, 1, 0.2, 178.6, 142.3, 55236.7, 153, 7, 194.2, 75.1, 14.2
2, 20/01/2019 22:00:17, 130709, 62.6, 62.2, 16, 2133.7, 455.5, 16.5, 0.9, 2.2, 181.1, 159.3, 62197.1, 263.6, 7.7, 205.5, 74.1, 13.1
2, 20/01/2019 22:20:18, 130710, 69.3, 79.1, 17.3, 1981, 486.8, 16.7, 1.1, 17, 267.6, 202.5, 70096, 231.8, 11, 289.5, 93.1, 11.1
2, 20/01/2019 22:39:18, 130711, 70.9, 70.4, 19.8, 1121.6, 504, 18.5, 1.2, 2.8, 208.7, 180.4, 68495.3, 146.8, 10, 283.9, 96.9, 17.3
2, 20/01/2019 22:59:18, 130712, 71.8, 76.1, 18.9, 1170.3, 441, 21.4, 1.4, 6.1, 279.8, 194.9, 64276.1, 272.5, 9.9, 281.7, 91.1, 16.3
2, 20/01/2019 23:19:18, 130713, 76.2, 82.1, 20.8, 1036.4, 472.5, 25.5, 1.8, 5.6, 305.7, 210.2, 59007.5, 202.7, 9.5, 256.6, 121, 16.2
2, 20/01/2019 23:39:17, 130714, 71.4, 65.6, 19.6, 892.6, 382.8, 26.2, 1.2, 0.2, 178, 167.9, 58924.1, 162, 7.2, 197, 114.2, 16.3
3, 19/01/2019 23:59:10, 130643, 28, 26.3, 5.2, 18846.7, 658.3, 47.9, 0.4, 0, 156.4, 67.5, 52848.8, 15458.9, 17.1, 316.3, 0.4, 10.8
3, 20/01/2019 00:20:10, 130644, 33.7, 50.2, 6, 5458, 554.2, 32.7, 0.4, 0.2, 261.6, 128.4, 73563.8, 16115.4, 26, 360.4, 1.3, 17.6
3, 20/01/2019 00:40:11, 130645, 50.2, 53.3, 10.6, 4755.9, 563.1, 40.4, 0.6, 0.4, 161.6, 136.4, 72997.6, 13757.7, 25.9, 336, 2.6, 6.9
3, 20/01/2019 00:59:10, 130646, 46, 61.7, 9.7, 17043.2, 576.6, 41.5, 0.6, 3.5, 182.1, 158, 73116.3, 12618.1, 30.9, 358.6, 4.5, 9.1
3, 20/01/2019 01:20:11, 130647, 40.8, 51.8, 9.3, 4476.4, 613.7, 37.6, 0.6, 0.5, 165.8, 132.7, 74238, 14449.9, 26.5, 290.2, 4.9, 9
3, 20/01/2019 01:39:10, 130648, 36.6, 41.1, 8.7, 5826.6, 598.5, 41.2, 0.6, 0.5, 135.9, 105.3, 40016.4, 15007, 24.9, 277, 6.8, 7.1
3, 20/01/2019 02:00:10, 130649, 64, 64.9, 12.6, 17083.5, 536.5, 31.6, 0.8, 0.2, 232.2, 166.1, 64620.8, 12916.3, 28.9, 483.4, 6.4, 9.2
3, 20/01/2019 02:20:10, 130650, 61.4, 55.9, 10.8, 4195.6, 452.1, 31.3, 0.6, 0.2, 188.5, 143, 54432.6, 13417, 25, 369.2, 4.4, 6.7
3, 20/01/2019 02:40:10, 130651, 36.6, 32, 8.1, 1470, 588, 44, 0.6, 0.2, 120.6, 82, 52371.5, 15420.7, 20.8, 284.6, 3.7, 6.2
3, 20/01/2019 03:00:09, 130652, 52.2, 75.1, 10.7, 61772.8, 506.7, 37.4, 0.7, 1.4, 332.3, 192.3, 73747, 11991, 26.6, 469.7, 2, 24.7
3, 20/01/2019 03:20:09, 130653, 50.5, 113.9, 10.9, 85156.4, 261.6, 33.7, 0.8, 3.5, 343.3, 291.5, 64766, 8723.1, 30.5, 632.9, 1.6, 61.7
3, 20/01/2019 03:39:14, 130654, 51.5, 57.1, 10, 3968.2, 555.6, 15.1, 0.6, 7.9, 192.1, 146.3, 58954.4, 14240.4, 25.7, 513.5, 1.5, 8.9
3, 20/01/2019 04:00:19, 130655, 50, 69.2, 10.3, 43561.5, 478.5, 14.8, 0.6, 3.2, 257.5, 177.2, 97981.8, 13251.3, 28.4, 522.9, 2.6, 10
3, 20/01/2019 04:19:20, 130656, 66.4, 62, 12.6, 14697.7, 572.9, 12.7, 1.2, 4.4, 248.8, 158.8, 89160.6, 12286.7, 30.2, 495.6, 3.1, 7.6
3, 20/01/2019 04:39:19, 130657, 60.1, 56.5, 9.7, 7806.3, 610.8, 12.1, 0.6, 4.6, 214.7, 144.7, 74188.6, 13993.7, 30.2, 477.7, 3.3, 7.6
3, 20/01/2019 04:59:19, 130658, 57.4, 52.1, 11.4, 41905.6, 724.2, 16.6, 0.7, 1.1, 207, 133.3, 77378.6, 12012, 33.2, 578.5, 6.1, 11.2
3, 20/01/2019 05:20:19, 130659, 45.4, 46.2, 9.6, 3565.4, 558.1, 18.2, 0.6, 0, 222.3, 118.2, 48875.1, 14500.8, 27.5, 586.8, 5.7, 7.3
3, 20/01/2019 05:39:19, 130660, 33.7, 27, 6.9, 1268.3, 544.9, 15.7, 0.5, 0, 98.3, 69.2, 61102.2, 14010.9, 20.2, 443.6, 3.6, 5.1
3, 20/01/2019 05:59:19, 130661, 43.7, 38.1, 8.4, 15089.7, 590.6, 22.3, 0.5, 0.1, 167.6, 97.5, 38524.2, 12424, 23.9, 500.3, 8.9, 8
3, 20/01/2019 06:20:19, 130662, 59.3, 57.2, 11.5, 3485.3, 647.8, 16, 1, 3, 269.7, 146.5, 86490.9, 12787, 23.6, 550.1, 8.9, 9.6
3, 20/01/2019 06:39:19, 130663, 42.8, 38.3, 7.8, 4101.7, 889.2, 12.9, 0.5, 0, 172, 98.1, 49750.3, 13035.7, 21.3, 423, 7.6, 5.5
3, 20/01/2019 07:01:23, 130664, 47.4, 48.4, 9.1, 33940.8, 651, 23.1, 0.6, 0, 246.7, 123.8, 36393.5, 14476.1, 19.8, 415.5, 5.6, 6.4
3, 20/01/2019 07:19:24, 130665, 27.3, 29.4, 6.1, 2440.6, 564.6, 15.5, 0.4, 0, 117.3, 75.2, 49696.9, 14081, 16.9, 303.3, 6, 4
3, 20/01/2019 07:39:24, 130666, 36, 36.4, 7.5, 4738.1, 656.2, 12, 0.5, 0, 150, 93.1, 79392.6, 16339.5, 21.4, 409, 9.7, 5.4
3, 20/01/2019 08:00:23, 130667, 31.9, 28.5, 5.4, 3286.6, 669.6, 8, 0.4, 0, 156.8, 73, 45319.3, 12390.1, 18.9, 527.9, 14.6, 5.5
3, 20/01/2019 08:19:23, 130668, 33.4, 23.7, 4.8, 5322, 783.3, 3.4, 0.4, 0, 65.9, 60.7, 49391.5, 16451.5, 17.2, 528.2, 13.2, 2
3, 20/01/2019 08:39:24, 130669, 48.8, 41, 6.4, 5328.3, 681.9, 1.3, 0.5, 0, 165.2, 105.1, 91154.5, 11864.4, 16.7, 422.7, 12.1, 3.3
3, 20/01/2019 08:59:34, 130670, 60.4, 55.7, 9, 5148.9, 640.5, 3.3, 0.6, 0, 216.8, 142.6, 71885.8, 12331.7, 20.2, 502.1, 10.7, 8
3, 20/01/2019 09:20:34, 130671, 38.8, 36, 6.2, 3228.9, 521.8, 24.1, 0.4, 0, 122.7, 92.2, 40115.7, 12860.9, 20.1, 463.2, 13.1, 3.4
3, 20/01/2019 09:39:33, 130672, 66.6, 74.2, 11.8, 5361.8, 861.8, 24.4, 2.7, 0.5, 324.5, 189.9, 60532.3, 13743, 28.9, 1136.9, 4.6, 6.2
3, 20/01/2019 09:59:33, 130673, 79.2, 80.9, 12.6, 32007.3, 803.5, 21.9, 3.4, 0.1, 299.8, 207, 72984.2, 11240.3, 35.4, 1084.8, 3.7, 6.4
3, 20/01/2019 10:19:33, 130674, 60, 58, 9.5, 6920.9, 733.9, 35.5, 0.6, 0, 199.1, 148.4, 51590.9, 14372.4, 27.6, 728.9, 4.2, 4.8
3, 20/01/2019 10:39:33, 130675, 44.6, 46.7, 8, 5327.7, 527.8, 15.3, 4.6, 2.8, 341, 119.6, 142683.7, 14061.4, 23.2, 714.8, 4.9, 6
3, 20/01/2019 10:59:32, 130676, 62.7, 71.3, 10.3, 25540.6, 634.2, 11.4, 2.4, 0.4, 288.2, 182.5, 82981.6, 13205.2, 26.8, 1266.3, 3.3, 11.2
3, 20/01/2019 11:19:47, 130677, 47.6, 46.7, 8.2, 1990.8, 675.3, 5.7, 0.6, 0, 236.3, 119.6, 49204.7, 13644.9, 25.8, 974.2, 5.7, 4.6
3, 20/01/2019 11:39:48, 130678, 33.7, 33.2, 5.8, 1617.4, 568.8, 5.7, 0.5, 0, 160.1, 84.9, 34573.6, 14909.3, 21.8, 756.5, 8, 3.3
3, 20/01/2019 11:59:48, 130679, 36, 34.5, 7.4, 20639.5, 520.6, 10.5, 0.5, 0, 141.2, 88.3, 63605.5, 14842.2, 24.8, 748.3, 6, 5.4
3, 20/01/2019 12:19:47, 130680, 45, 44.9, 7.2, 1278.3, 532.1, 4.7, 0.5, 0, 196.4, 114.8, 68160.8, 16090.3, 21.4, 689.7, 4.7, 4.3
3, 20/01/2019 12:39:48, 130681, 23.1, 23, 4, 1011.1, 472.5, 3.3, 0.3, 0, 108.7, 58.9, 26972.6, 16825.4, 16.8, 490.6, 6.6, 2
3, 20/01/2019 12:59:47, 130682, 34.2, 27.6, 6.8, 19520.3, 624.7, 13.1, 0.4, 0, 163.1, 70.5, 28752.4, 16683.6, 17.1, 529.6, 8.3, 3.6
3, 20/01/2019 13:19:47, 130683, 31.6, 28.7, 6.5, 4999.5, 497, 3.7, 0.5, 0, 190.2, 73.4, 51542.2, 15699.7, 14.8, 372.3, 8.9, 2.8
3, 20/01/2019 13:39:48, 130684, 55.9, 54.8, 11, 6666.1, 601.2, 2.6, 0.7, 0, 186.8, 140.2, 40897.6, 14882.9, 17.3, 490, 6.1, 5.7
3, 20/01/2019 13:59:47, 130685, 41, 39.1, 8, 23399.6, 676.9, 6.1, 0.6, 0, 173.2, 100.2, 36515.7, 14198.3, 13.6, 376.2, 3.1, 5
3, 20/01/2019 14:19:47, 130686, 26.8, 19.2, 4.9, 5365, 672.8, 7.9, 0.4, 0, 99.7, 49.3, 22638.1, 13515.3, 9, 238.3, 2.3, 1.5
3, 20/01/2019 14:39:52, 130687, 26.6, 17.4, 4.8, 4193.8, 669.7, 0.6, 0.3, 0, 72.3, 44.6, 25058.7, 15319.1, 8.8, 229.2, 2, 1.6
3, 20/01/2019 15:00:02, 130688, 41.2, 34, 7.3, 23351.6, 600.3, 2.1, 0.5, 0, 154.3, 87.1, 36919.3, 15631.2, 12, 245, 1.9, 4.9
3, 20/01/2019 15:20:02, 130689, 24.6, 16.5, 4, 4359.9, 518.8, 0.5, 0.3, 0, 58.5, 42.3, 35655.4, 16493.6, 9.2, 196.8, 1.7, 1.5
3, 20/01/2019 15:40:02, 130690, 23.5, 18.4, 4.2, 6320.5, 471.3, 0.6, 0.3, 0, 73.3, 47.1, 34573.5, 16743.6, 9.5, 205.2, 2.5, 2.1
3, 20/01/2019 16:00:01, 130691, 31.1, 25.8, 6, 26075, 516.4, 2.2, 0.4, 0, 113.5, 66, 21118, 14346.7, 12.1, 264.7, 1.9, 4.6
3, 20/01/2019 16:20:07, 130692, 26.3, 24.2, 4.4, 2812.7, 555, 0.6, 0.4, 0, 103.8, 61.9, 21521.7, 16849.3, 16, 288.6, 1.7, 1.8
3, 20/01/2019 16:40:07, 130693, 29.5, 20.3, 4.2, 3033.1, 662.2, 1.9, 0.3, 0, 72.1, 52, 23249.3, 17965.4, 10.3, 218.2, 2.1, 1.7
3, 20/01/2019 17:00:07, 130694, 35.3, 29.3, 5.6, 23898.7, 752.6, 1.7, 0.4, 0.1, 178.3, 75.1, 22412.9, 14205.4, 11.5, 264.4, 1.7, 3
3, 20/01/2019 17:19:07, 130695, 32.1, 26.5, 4.6, 9233.1, 489.4, 0.8, 0.4, 0, 115.5, 67.8, 24988.2, 15067.6, 9.9, 228.2, 0.4, 2.6
3, 20/01/2019 17:40:06, 130696, 26.2, 23.5, 4.5, 2477.1, 590.4, 4, 0.3, 0, 93, 60.3, 22663.9, 17752.9, 10.7, 240.7, 2.9, 5.4
3, 20/01/2019 18:00:06, 130697, 26, 26.2, 5.4, 43115.6, 524.1, 5.1, 0.4, 1.5, 119.6, 67.1, 36892.6, 11483.4, 17.8, 251.7, 7.7, 7.3
3, 20/01/2019 18:20:06, 130698, 22.5, 25.6, 5.3, 3095.2, 567.9, 4.6, 0.4, 0.1, 108.3, 65.5, 53768.3, 13419.2, 18.8, 234.6, 6.3, 5.9
3, 20/01/2019 18:40:07, 130699, 23.7, 15.3, 5.6, 1712.6, 493.3, 7.1, 0.4, 0, 72.2, 39.2, 37283.8, 16683.8, 17.5, 317.9, 9.4, 3.8
3, 20/01/2019 19:00:07, 130700, 39.1, 39.6, 7.7, 28225.4, 496.1, 4.5, 0.5, 0, 156.9, 101.3, 53924.8, 11810.5, 22.2, 397.9, 9, 7.8
3, 20/01/2019 19:19:06, 130701, 44.2, 36.1, 6.4, 6519.6, 432.4, 3.9, 0.4, 0, 133.6, 92.3, 37683.4, 15281.1, 16, 306.9, 8.8, 3.9
3, 20/01/2019 19:40:05, 130702, 34.2, 25.3, 4.3, 10748.5, 414.9, 1.6, 0.3, 0, 86.1, 64.9, 57481.1, 14670.2, 14.7, 243.7, 6.6, 1.9
3, 20/01/2019 20:00:06, 130703, 38.1, 36.3, 4.9, 23964.6, 446.9, 2, 0.4, 0.8, 135.1, 92.9, 49848.7, 15037.8, 17.8, 320.3, 6.4, 3
3, 20/01/2019 20:20:05, 130704, 25.3, 20.3, 4.1, 4074.7, 512.4, 2.1, 0.3, 1.3, 76.7, 51.9, 39988.1, 15213.3, 15.9, 241.5, 7.3, 1.2
3, 20/01/2019 20:40:05, 130705, 22.7, 17.7, 3.3, 1408.9, 489.2, 1.2, 0.3, 0, 81.1, 45.4, 34160.6, 15356.7, 13.5, 206.5, 5.4, 1
3, 20/01/2019 20:59:06, 130706, 46.4, 49.5, 7.9, 29513.1, 490.7, 2.8, 0.6, 0.4, 169.6, 126.7, 42153, 12816.7, 17.6, 350.4, 6.3, 5.1
3, 20/01/2019 21:20:06, 130707, 37, 35.4, 5.9, 5111, 465.9, 1.2, 0.5, 0.1, 121.2, 90.6, 41265.8, 14042.6, 14.2, 298.8, 6.3, 1.5
3, 20/01/2019 21:40:05, 130708, 25.3, 19.8, 4.6, 11801.3, 531.3, 2.2, 0.3, 0, 71, 50.8, 26362.1, 14285, 12.6, 201, 6.6, 4
3, 20/01/2019 22:00:05, 130709, 36.8, 35.6, 7.3, 21272.3, 623.7, 3.1, 0.5, 0, 175.8, 91.1, 20288.1, 16110.8, 15.8, 252.8, 5.1, 6.6
3, 20/01/2019 22:20:06, 130710, 13.8, 6.7, 2.4, 382.8, 529.5, 1.7, 0.2, 0, 117, 17.1, 19655.2, 16139.2, 8, 81.7, 5.2, 0.6
3, 20/01/2019 22:40:06, 130711, 16.9, 7.8, 2.3, 1593.1, 527.7, 0.5, 0.2, 0, 38.3, 20, 19759, 13734.7, 8.6, 108.8, 4.3, 0.6
3, 20/01/2019 23:00:05, 130712, 26.7, 21.7, 5.2, 22147.5, 641.3, 3.3, 0.4, 0.1, 104.1, 55.6, 20020.3, 17638.4, 12.6, 228.3, 3.1, 4
3, 20/01/2019 23:19:15, 130713, 19, 12.5, 4.1, 2727.7, 618, 0.3, 0.3, 0, 69.4, 32.1, 43880.3, 12405, 9.5, 107, 2.4, 2
3, 20/01/2019 23:39:15, 130714, 23.2, 15.8, 3.9, 1853, 491, 0.3, 0.3, 0, 75.3, 40.4, 37550.1, 16363, 10.1, 161.7, 0.9, 1.6
4, 19/01/2019 23:59:17, 130643, 35.7, 42.6, 6.9, 29624.9, 544.3, 3.5, 0.5, 0, 202, 109, 25668.1, 280.5, 19.4, 350.4, 0.6, 14.9
4, 20/01/2019 00:20:17, 130644, 39.6, 60.8, 7.8, 28703.2, 395.5, 2.3, 0.5, 0.1, 238.4, 155.7, 48893.3, 377.2, 33.7, 324.3, 3.7, 23.1
4, 20/01/2019 00:40:17, 130645, 55, 57.7, 10.4, 4196.4, 352.8, 1.2, 0.7, 0, 189.3, 147.6, 41041.4, 411.5, 28.6, 327.5, 3.1, 6.5
4, 20/01/2019 00:59:17, 130646, 60.8, 65.7, 11.2, 20336.9, 503.2, 2.1, 0.8, 0.3, 237.1, 168.2, 66612.7, 186.5, 25.3, 359.7, 1.2, 7.1
4, 20/01/2019 01:19:17, 130647, 42.6, 46.8, 7.6, 2290.7, 468.5, 0.6, 0.5, 0, 149.8, 119.9, 64140.9, 186.1, 21.3, 260.3, 1.4, 4.2
4, 20/01/2019 01:39:17, 130648, 34.9, 39.5, 6.5, 662.9, 435.6, 0.3, 0.4, 0, 156.7, 101.2, 64079, 130.1, 17.8, 272.5, 1.2, 4.2
4, 20/01/2019 01:59:17, 130649, 57.7, 62.7, 9.4, 18429.8, 521.1, 0.7, 1.2, 2.7, 255.6, 160.5, 69119, 237.1, 22, 415.1, 1.4, 6.1
4, 20/01/2019 02:20:17, 130650, 38.8, 33.6, 5.9, 2908.6, 482.4, 0.8, 0.4, 0.9, 123.4, 86, 44081.6, 173.8, 17.4, 294.1, 2.3, 2.6
4, 20/01/2019 02:39:17, 130651, 33, 26.7, 6, 6579.1, 451.8, 0.8, 0.4, 0.2, 85.5, 68.5, 39603.2, 162.6, 18.3, 262.6, 4.5, 3
4, 20/01/2019 03:00:16, 130652, 47.5, 77, 9.3, 36712.2, 390.7, 2.7, 3.4, 10.7, 686.5, 197.2, 99006.5, 226, 29.7, 496.4, 3.4, 15.6
4, 20/01/2019 03:20:17, 130653, 62, 149.7, 11.7, 114200.8, 349.5, 9.6, 2.3, 6, 508.6, 383.3, 43608.9, 127.3, 33.9, 805.4, 3.9, 76.5
4, 20/01/2019 03:39:16, 130654, 42.4, 44.6, 8.2, 21555.4, 451.9, 7.4, 0.6, 1.9, 181.7, 114.3, 36189.7, 289.2, 22.6, 408.7, 3.4, 8
4, 20/01/2019 04:00:16, 130655, 50.9, 57.1, 9.4, 7071.5, 550.3, 3.1, 0.6, 2.9, 189.8, 146.1, 103334.5, 3434.5, 26.8, 484.8, 2.6, 7.1
4, 20/01/2019 04:19:16, 130656, 62, 51.6, 10.6, 3599.5, 553.9, 3.6, 1.5, 1.4, 269.5, 132.2, 72490, 6903.3, 27.9, 632.1, 2.7, 5
4, 20/01/2019 04:39:16, 130657, 74.4, 71.6, 13.4, 2051.4, 488.1, 4.9, 1.9, 0.1, 290.6, 183.2, 98826.5, 7921.4, 29.6, 765.9, 2.6, 8.3
4, 20/01/2019 04:59:16, 130658, 59.4, 48.7, 10.2, 14322.4, 641.5, 13.3, 0.7, 0, 178.7, 124.6, 114532.7, 1657.3, 23.2, 646.7, 9.9, 6.6
4, 20/01/2019 05:20:16, 130659, 38.9, 31.5, 7.4, 5237, 422.6, 3.6, 0.5, 0, 109.5, 80.8, 64857.5, 7523.3, 17.7, 432, 3, 3.8
4, 20/01/2019 05:39:16, 130660, 37.4, 30.2, 6.5, 6206, 535.2, 4.3, 0.5, 0.3, 125.4, 77.4, 42303.4, 253, 16.7, 369.9, 2.8, 3.2
4, 20/01/2019 05:59:16, 130661, 49.3, 44.8, 8.2, 22408.2, 658.1, 10.7, 0.5, 2.4, 171.1, 114.8, 43728.3, 223, 24.3, 481.5, 7.5, 3.9
4, 20/01/2019 06:20:16, 130662, 50.8, 59.3, 9.5, 6436.2, 766.8, 17, 0.6, 1.2, 306.4, 151.7, 73837.2, 154.3, 20.2, 476.3, 7.1, 5.4
4, 20/01/2019 06:39:21, 130663, 44.3, 44.1, 8.3, 4971.6, 670.2, 17.7, 0.6, 0.8, 154.6, 112.8, 48820, 151.9, 19.3, 424, 2.9, 5.9
4, 20/01/2019 07:00:21, 130664, 44.8, 46.5, 9.5, 14761.6, 588.2, 13.4, 0.6, 0, 155.9, 118.9, 41507, 240.6, 20.7, 459.5, 3.4, 9
4, 20/01/2019 07:19:20, 130665, 63.6, 61.2, 12.4, 9247.6, 446.5, 11.5, 2.6, 0.4, 302.3, 156.6, 94728.1, 190.7, 21, 478.6, 2, 9
4, 20/01/2019 07:39:20, 130666, 51.5, 55.4, 10.8, 4350.4, 483.4, 22.8, 1.2, 0, 201, 141.8, 70901.3, 229.6, 22.3, 528.1, 6.6, 7.4
4, 20/01/2019 08:00:20, 130667, 68.9, 72.4, 13.6, 57451.6, 706.4, 26.3, 1.6, 0, 266.2, 185.4, 70958.7, 197, 21.9, 629.5, 2.8, 11.1
4, 20/01/2019 08:19:36, 130668, 57.5, 53.6, 9.4, 17751.8, 718.7, 28.8, 0.9, 0, 167.3, 137.2, 49962.9, 236.9, 18.1, 520.7, 2.7, 6
4, 20/01/2019 08:39:35, 130669, 57.9, 55.5, 9.7, 1191.8, 694.2, 25.3, 1.4, 0.1, 233.3, 142, 52561.4, 198.2, 19.6, 567.1, 2.7, 5
4, 20/01/2019 08:59:35, 130670, 76, 79, 13.3, 51750.9, 703.5, 17.5, 2.2, 0, 295.1, 202.2, 55139.7, 203.8, 20.8, 559.6, 2.5, 11.8
4, 20/01/2019 09:19:35, 130671, 55.3, 55.1, 9.3, 6922.6, 623.4, 20.8, 4.1, 0.3, 300.9, 141, 44699.8, 172.9, 19.6, 506.1, 3.3, 5.7
4, 20/01/2019 09:39:35, 130672, 75.6, 80.2, 13.8, 3755.1, 857.6, 7.8, 3.1, 0.5, 345.4, 205.2, 76924.9, 208.1, 26.1, 883.9, 5.4, 6.6
4, 20/01/2019 09:59:34, 130673, 57.9, 57.3, 10.1, 18066.4, 550.6, 22.6, 0.6, 0, 203.5, 146.8, 54783.1, 123, 30.2, 1032.9, 5.9, 7.2
4, 20/01/2019 10:19:35, 130674, 60.9, 54.6, 9.3, 2088.5, 509.1, 14.8, 0.7, 0, 201.5, 139.8, 53177.5, 126.1, 23.5, 792.9, 5.4, 3
4, 20/01/2019 10:39:35, 130675, 54.7, 65.9, 8.4, 2607.1, 384.1, 12.1, 3.3, 0.6, 308.4, 168.8, 46750.8, 112.1, 25.2, 856.8, 4.8, 11.5
4, 20/01/2019 10:59:34, 130676, 72.8, 77.9, 11.7, 41317.4, 608.3, 11.5, 7.3, 2.4, 386, 199.5, 88864.9, 165.6, 24.9, 917.9, 4.2, 11.3
4, 20/01/2019 11:19:35, 130677, 66, 58.4, 9.9, 7728.4, 498.1, 22.6, 0.9, 0, 215.3, 149.6, 68191.4, 159.9, 19.4, 685.9, 4.7, 4.6
4, 20/01/2019 11:39:34, 130678, 56.4, 46, 7, 6301, 531, 28.2, 0.4, 0, 160.2, 117.8, 47330.5, 163.9, 17.5, 485.2, 8.3, 1.9
4, 20/01/2019 11:59:35, 130679, 67.9, 63.4, 8.9, 22242.7, 587.7, 16, 1.5, 0, 255.7, 162.4, 62458, 197.5, 19.8, 603.1, 6.1, 2.6
4, 20/01/2019 12:19:34, 130680, 59.8, 55.2, 8.1, 7516.6, 378.2, 22.7, 1.6, 0, 239.2, 141.4, 85289.2, 172.1, 22.1, 599.6, 5.3, 2.1
4, 20/01/2019 12:39:34, 130681, 41.8, 37, 6.8, 6290.6, 643.5, 13.2, 0.5, 0, 165, 94.8, 72776.7, 143.8, 17, 499.3, 4.6, 4.1
4, 20/01/2019 12:59:35, 130682, 52, 46.2, 8.9, 18784.3, 493.3, 32.9, 0.6, 0, 164.8, 118.4, 37049.8, 192.3, 21.3, 572.9, 3.7, 7.6
4, 20/01/2019 13:19:34, 130683, 41.3, 36.4, 7, 3284.2, 435.5, 15.9, 0.5, 0, 208.4, 93.1, 56197.7, 104.9, 17.3, 501.6, 2.8, 4.3
4, 20/01/2019 13:39:34, 130684, 36.2, 36.5, 5.6, 1059.1, 498.8, 21, 0.6, 0, 223.4, 93.4, 48604.5, 120.8, 18.2, 480, 4, 3.3
4, 20/01/2019 13:59:34, 130685, 39.1, 33.9, 6, 13330.3, 479.7, 21, 0.4, 0, 137.8, 86.7, 49055.9, 108.7, 17.8, 475.6, 5.3, 2.7
4, 20/01/2019 14:19:33, 130686, 30.5, 21.7, 4.8, 1871.9, 458, 8.2, 0.4, 0, 76.2, 55.5, 79285.9, 92.4, 14.8, 380.9, 7.2, 2.4
4, 20/01/2019 14:40:34, 130687, 33.7, 30.4, 4.8, 2260.8, 497.6, 20.7, 0.4, 0, 212.2, 77.9, 41428.5, 115, 13.6, 376.7, 5.4, 2.7
4, 20/01/2019 14:59:34, 130688, 29.5, 23, 4.7, 14628.3, 577.4, 18.5, 0.3, 0, 132.9, 59, 28434.9, 124.1, 10.9, 273.4, 5.3, 2.4
4, 20/01/2019 15:19:34, 130689, 34.6, 27.6, 4.9, 3004, 495, 15.5, 0.7, 0, 200, 70.6, 29307.8, 105.1, 13.3, 315.7, 5.9, 2.1
4, 20/01/2019 15:40:33, 130690, 38.5, 28.3, 4.7, 753.4, 445, 16.2, 0.4, 0, 89.9, 72.4, 27507.9, 58.8, 12.7, 318.3, 5.8, 1.6
4, 20/01/2019 15:59:34, 130691, 42, 34.3, 6.3, 12948.8, 493.3, 4.6, 0.4, 0, 123.9, 87.8, 48194.6, 125.3, 14, 346.9, 5.8, 3.4
4, 20/01/2019 16:19:33, 130692, 28.3, 22.8, 4.6, 3670.5, 449, 1, 0.4, 0, 114.9, 58.3, 22782.5, 157.1, 12.6, 309.3, 6.1, 2.1
4, 20/01/2019 16:39:33, 130693, 21, 17.6, 3, 4416.5, 492.7, 0.5, 0.2, 0, 174.6, 45, 21194.8, 119, 9.3, 202.7, 5.2, 1
4, 20/01/2019 17:00:34, 130694, 28.1, 24, 5.7, 14677.5, 496.8, 3.5, 0.4, 0, 81.1, 61.4, 28496.1, 176.9, 12.4, 237.1, 3.3, 3.6
4, 20/01/2019 17:19:33, 130695, 26.8, 25.8, 6, 2380.4, 469.5, 0.7, 0.5, 0, 171.1, 66.1, 27454.6, 134.8, 10.8, 201.3, 3.5, 3.4
4, 20/01/2019 17:39:33, 130696, 24.7, 21.5, 5, 6405.5, 511.5, 0.5, 0.4, 0, 75.4, 55, 30019.9, 116, 9.8, 172.2, 3.5, 3.1
4, 20/01/2019 17:59:33, 130697, 41.7, 42.1, 8, 23249.4, 521.5, 2, 0.6, 1.5, 172.1, 107.8, 39353.3, 140.2, 16.6, 309.9, 4.4, 7
4, 20/01/2019 18:19:33, 130698, 25, 26.4, 4.2, 4489.4, 432.7, 0.2, 0.4, 0, 141.4, 67.5, 33118.9, 158.2, 11.5, 158, 4.8, 2.6
4, 20/01/2019 18:39:33, 130699, 27.2, 20.1, 5.2, 4700.1, 403.2, 0.7, 0.4, 1.1, 83.9, 51.6, 38117.6, 138.1, 12, 224.2, 5, 2.9
4, 20/01/2019 18:59:33, 130700, 44.8, 49.3, 6.8, 22043.3, 602, 1.3, 0.6, 10.9, 204.2, 126.3, 34343, 141.5, 18.2, 307.9, 2.9, 4.4
4, 20/01/2019 19:19:33, 130701, 34.9, 39.8, 5.8, 4604, 633.6, 0.9, 0.5, 10.1, 116.7, 101.8, 37625.4, 123.9, 20.2, 281.3, 3.2, 3
4, 20/01/2019 19:39:33, 130702, 28.1, 28.6, 4.8, 822.3, 470, 1.2, 0.4, 4.7, 87.6, 73.3, 34675.9, 65.2, 18.9, 301.4, 4.1, 3
4, 20/01/2019 19:59:33, 130703, 33.9, 31.8, 5.9, 35822.3, 535.2, 2.9, 0.5, 0.3, 144.9, 81.3, 23175.6, 134.3, 14.1, 276.2, 3.6, 4.7
4, 20/01/2019 20:19:27, 130704, 22.1, 17, 3.6, 3133.3, 468.3, 0.4, 0.3, 0, 75.8, 43.5, 25860.3, 136.1, 11.6, 178.6, 6.6, 1.6
4, 20/01/2019 20:39:27, 130705, 25.6, 24.4, 4, 6020.7, 446.2, 0.4, 0.3, 0.4, 93, 62.4, 28796.5, 136.7, 12.7, 189.4, 6.7, 2.3
4, 20/01/2019 20:59:28, 130706, 41.6, 40.2, 7.8, 18868.7, 601.2, 0.6, 0.6, 0.7, 171.8, 103, 32220.8, 153.2, 16.8, 297.4, 7.1, 4.9
4, 20/01/2019 21:19:28, 130707, 29.2, 26, 4.7, 5733.9, 455.9, 0.8, 0.4, 0.5, 96.1, 66.5, 37658.3, 157.9, 14.4, 256.6, 7.9, 2.3
4, 20/01/2019 21:39:27, 130708, 21.8, 16.9, 3, 4419.2, 424.3, 0.2, 0.3, 0.5, 132.3, 43.2, 35877.8, 106.9, 11.1, 198, 7.6, 1.1
4, 20/01/2019 21:59:27, 130709, 22.1, 14.3, 3, 15830.1, 386.4, 0.5, 0.2, 0, 57.9, 36.7, 20170.7, 139.9, 10, 160.3, 7.7, 1.3
4, 20/01/2019 22:20:28, 130710, 17.9, 9.5, 2.5, 5625.3, 438.5, 0.2, 0.2, 0, 29.7, 24.4, 20253.9, 109.7, 7.4, 92.8, 7.4, 0.8
4, 20/01/2019 22:39:27, 130711, 17.7, 8.6, 2.3, 3528.7, 438.8, 0.5, 0.2, 0, 29.4, 22, 20303.2, 121.3, 6.6, 78.1, 6.9, 0.7
4, 20/01/2019 22:59:27, 130712, 28.5, 19.3, 3.4, 15203.6, 424.2, 0.2, 0.3, 0, 74.7, 49.4, 21051.7, 157.7, 8.4, 167.6, 6.8, 1.1
4, 20/01/2019 23:19:27, 130713, 24.9, 17.6, 3.7, 3351.2, 444.7, 0.1, 0.3, 0, 72.1, 45.1, 30263.8, 117.8, 10, 212.1, 7.7, 1.5
4, 20/01/2019 23:39:27, 130714, 21.5, 12.9, 3.4, 4041.6, 422.1, 0.1, 0.3, 0, 43.9, 33, 22569.4, 103.9, 9.8, 181.7, 8.6, 1.3
