INSTANCE_NUMBER, SNAP_ID, T_BEG, USR_GROUP, CPU, DBTIME, PGA, OTH_WAIT, PXENQ, PXQTIME, PXQRY, PXREL, REQS, YIELDS, IOWAIT, READ, WRITE
1, 125355, 04/11/2018 00:00:03, ADW_UNLOAD_GROUP, 0.5, 1, 873.9, 0.1, 0, 0, 0, 0, 700, 71, 0.4, 12.9, 159.5
1, 125356, 04/11/2018 00:20:07, ADW_UNLOAD_GROUP, 0.7, 2.1, 576.5, 0, 0, 0, 8, 128, 607, 132, 1.4, 368.1, 789.4
1, 125357, 04/11/2018 00:40:12, ADW_UNLOAD_GROUP, 0.9, 5.4, 465, 4, 0, 0, 8, 128, 490, 229, 0.5, 375, 1596.5
1, 125358, 04/11/2018 01:00:23, ADW_UNLOAD_GROUP, 23.3, 47.5, 3637, 15.1, 8, 0.3, 31, 514, 1632, 23227, 9.1, 3531.2, 17185
1, 125359, 04/11/2018 01:20:03, ADW_UNLOAD_GROUP, 7, 48.5, 3036.9, 8.6, 3, 0.3, 21, 242, 880, 4219, 32.9, 1716.3, 9869.8
1, 125360, 04/11/2018 01:40:13, ADW_UNLOAD_GROUP, 2.5, 26.5, 1570.8, 1, 4, 2.6, 4, 64, 694, 865, 23, 222.3, 6227
1, 125361, 04/11/2018 02:00:19, ADW_UNLOAD_GROUP, 7.6, 27.7, 1460.9, 15.9, 10, 1.6, 23, 288, 1263, 6579, 4.2, 611.3, 12025.6
1, 125362, 04/11/2018 02:20:14, ADW_UNLOAD_GROUP, 18.9, 23.3, 6316.9, 0.7, 11, 0.2, 107, 1552, 3403, 21200, 3.7, 4097.5, 12293
1, 125363, 04/11/2018 02:40:27, ADW_UNLOAD_GROUP, 33.4, 39, 21880.4, 4, 11, 0.2, 49, 600, 1799, 50890, 1.6, 5445.4, 3216.5
1, 125364, 04/11/2018 03:00:00, ADW_UNLOAD_GROUP, 25.9, 34.4, 8934.8, 5.1, 15, 1.8, 18, 288, 1392, 40587, 3.4, 3676.6, 7961.2
1, 125365, 04/11/2018 03:20:05, ADW_UNLOAD_GROUP, 4.1, 9, 5492.6, 4.1, 13, 2.7, 29, 317, 1431, 1283, 0.8, 1536.1, 1460
1, 125366, 04/11/2018 03:40:08, ADW_UNLOAD_GROUP, 3.5, 8.9, 11104.7, 2, 0, 0, 24, 340, 1110, 508, 3.4, 230.9, 1510
1, 125367, 04/11/2018 04:00:02, ADW_UNLOAD_GROUP, 2.5, 5.4, 3669.6, 2.8, 0, 0, 16, 204, 1072, 337, 0.1, 321.4, 1451.2
1, 125368, 04/11/2018 04:20:08, ADW_UNLOAD_GROUP, 0, 0, 8, 0, 0, 0, 0, 0, 753, 0, 0, 0, 0
1, 125369, 04/11/2018 04:40:09, ADW_UNLOAD_GROUP, 0, 0, 5.5, 0, 0, 0, 0, 0, 771, 0, 0, 0, 0
1, 125370, 04/11/2018 05:00:18, ADW_UNLOAD_GROUP, 0, 0, 6.9, 0, 0, 0, 0, 0, 767, 0, 0, 0, 0
1, 125371, 04/11/2018 05:20:13, ADW_UNLOAD_GROUP, 0, 0, 7.5, 0, 0, 0, 0, 0, 812, 0, 0, 0, 0
1, 125372, 04/11/2018 05:40:04, ADW_UNLOAD_GROUP, 0, 0, 8.3, 0, 0, 0, 0, 0, 711, 0, 0, 0, 0
1, 125373, 04/11/2018 06:00:25, ADW_UNLOAD_GROUP, 0, 0, 5, 0, 0, 0, 0, 0, 788, 1, 0, 0, 0
1, 125374, 04/11/2018 06:20:42, ADW_UNLOAD_GROUP, 0, 0, 6.1, 0, 0, 0, 0, 0, 791, 0, 0, 0, 0
1, 125375, 04/11/2018 06:40:52, ADW_UNLOAD_GROUP, 0, 0, 6.3, 0, 0, 0, 0, 0, 694, 0, 0, 0, 0
1, 125406, 04/11/2018 17:00:07, ADW_UNLOAD_GROUP, 0, 0, 8.2, 0, 0, 0, 0, 0, 768, 0, 0, 0, 0
1, 125408, 04/11/2018 17:40:01, ADW_UNLOAD_GROUP, 1, 1.1, 60.8, 0, 0, 0, 333, 2616, 3371, 130, 0.1, 87.6, 170.8
1, 125409, 04/11/2018 18:00:04, ADW_UNLOAD_GROUP, 0.8, 1, 27, 0, 0, 0, 294, 2252, 2995, 120, 0.2, 83.7, 137.7
1, 125410, 04/11/2018 18:20:10, ADW_UNLOAD_GROUP, 0.9, 1, 30.6, 0, 0, 0, 236, 1832, 2565, 107, 0.1, 153.5, 74.4
1, 125411, 04/11/2018 18:40:03, ADW_UNLOAD_GROUP, 0.9, 0.9, 511.9, 0, 0, 0, 7, 56, 823, 180, 0, 49.2, 39.9
1, 125412, 04/11/2018 19:00:02, ADW_UNLOAD_GROUP, 0.3, 0.4, 23.8, 0, 0, 0, 289, 2272, 2930, 71, 0.1, 25.1, 433.9
1, 125414, 04/11/2018 19:40:11, ADW_UNLOAD_GROUP, 0, 0, 6.8, 0, 0, 0, 0, 0, 622, 1, 0, 0, 0
1, 125415, 04/11/2018 20:00:13, ADW_UNLOAD_GROUP, 10.6, 14.4, 3015.7, 2.2, 0, 0, 10, 131, 1992, 8266, 1.6, 1770.8, 5171.1
1, 125416, 04/11/2018 20:20:13, ADW_UNLOAD_GROUP, 10.3, 14, 10326.4, 2.9, 0, 0, 1, 16, 314, 9112, 0.8, 1216.8, 8451.6
1, 125417, 04/11/2018 20:40:07, ADW_UNLOAD_GROUP, 8.4, 10.4, 4735.7, 1.4, 0, 0, 3, 80, 637, 4410, 0.6, 1125.8, 6737
1, 125418, 04/11/2018 21:00:16, ADW_UNLOAD_GROUP, 22, 27.3, 5400.6, 3.3, 0, 0, 3, 96, 392, 10613, 2, 815.4, 6321.9
1, 125419, 04/11/2018 21:20:06, ADW_UNLOAD_GROUP, 19.6, 20.4, 9286.7, 0.3, 0, 0, 6, 160, 654, 7573, 0.5, 789.5, 1737.4
1, 125420, 04/11/2018 21:40:05, ADW_UNLOAD_GROUP, 16.6, 16.9, 10620.3, 0.1, 0, 0, 2, 40, 410, 6282, 0.2, 685.7, 176.8
1, 125421, 04/11/2018 22:00:08, ADW_UNLOAD_GROUP, 9.5, 11.2, 6110.1, 1.4, 0, 0, 2, 64, 331, 2520, 0.3, 478, 216.3
1, 125422, 04/11/2018 22:20:15, ADW_UNLOAD_GROUP, 0.1, 0.1, 107.7, 0, 0, 0, 1, 32, 165, 15, 0, 6.2, 37.4
1, 125423, 04/11/2018 22:40:09, ADW_UNLOAD_GROUP, 0, 0, 0.8, 0, 0, 0, 0, 0, 61, 0, 0, 0, 0
1, 125424, 04/11/2018 23:00:19, ADW_UNLOAD_GROUP, 0, 0.1, 5.5, 0, 0, 0, 25, 172, 472, 5, 0.1, 7.3, 53.4
1, 125425, 04/11/2018 23:20:25, ADW_UNLOAD_GROUP, 0, 0, 0, 0, 0, 0, 0, 0, 78, 0, 0, 0, 0
1, 125426, 04/11/2018 23:40:02, ADW_UNLOAD_GROUP, 0, 0, 0.8, 0, 0, 0, 0, 0, 337, 0, 0, 0, 0
1, 125355, 04/11/2018 00:00:03, FP_DM_PRIOR, 0.3, 0.3, 76.8, 0, 0, 0, 0, 0, 0, 22, 0, 5.2, 0
1, 125356, 04/11/2018 00:20:07, FP_DM_PRIOR, 0.3, 0.3, 18.6, 0, 0, 0, 0, 0, 0, 17, 0, 0.4, 0
1, 125357, 04/11/2018 00:40:12, FP_DM_PRIOR, 0.2, 0.3, 2.5, 0.1, 0, 0, 0, 0, 0, 37, 0, 0.2, 0
1, 125358, 04/11/2018 01:00:23, FP_DM_PRIOR, 0.2, 0.3, 2.6, 0.1, 0, 0, 0, 0, 0, 81, 0, 0.2, 0
1, 125359, 04/11/2018 01:20:03, FP_DM_PRIOR, 0.2, 0.3, 4.7, 0.1, 0, 0, 0, 0, 0, 55, 0, 0.2, 0
1, 125360, 04/11/2018 01:40:13, FP_DM_PRIOR, 0.3, 0.3, 78.4, 0, 0, 0, 0, 0, 0, 38, 0, 3.6, 0
1, 125361, 04/11/2018 02:00:19, FP_DM_PRIOR, 0.2, 0.3, 2.7, 0.1, 0, 0, 0, 0, 0, 42, 0, 0.3, 0
1, 125362, 04/11/2018 02:20:14, FP_DM_PRIOR, 0.2, 0.3, 17.8, 0.1, 0, 0, 0, 0, 0, 53, 0, 0.2, 0
1, 125363, 04/11/2018 02:40:27, FP_DM_PRIOR, 0.3, 0.3, 17.4, 0, 0, 0, 0, 0, 0, 42, 0, 0.2, 0
1, 125364, 04/11/2018 03:00:00, FP_DM_PRIOR, 0.3, 0.3, 14.1, 0, 0, 0, 0, 0, 0, 57, 0, 0.3, 0.1
1, 125365, 04/11/2018 03:20:05, FP_DM_PRIOR, 0.3, 0.3, 73.4, 0, 0, 0, 0, 0, 0, 9, 0, 0.9, 23.3
1, 125366, 04/11/2018 03:40:08, FP_DM_PRIOR, 0.1, 0.2, 16.7, 0, 0, 0, 1, 16, 6, 0, 0.1, 1.1, 122.4
1, 125367, 04/11/2018 04:00:02, FP_DM_PRIOR, 0.3, 0.4, 3.2, 0.1, 0, 0, 0, 0, 0, 13, 0, 29.5, 29.6
1, 125368, 04/11/2018 04:20:08, FP_DM_PRIOR, 0.4, 0.4, 3.3, 0, 0, 0, 0, 0, 0, 6, 0, 32.3, 32.3
1, 125369, 04/11/2018 04:40:09, FP_DM_PRIOR, 0.3, 0.4, 3.3, 0.1, 0, 0, 0, 0, 0, 12, 0, 29.6, 29.8
1, 125370, 04/11/2018 05:00:18, FP_DM_PRIOR, 0.3, 0.4, 3.3, 0, 0, 0, 0, 0, 0, 5, 0.1, 29.1, 29.2
1, 125406, 04/11/2018 17:00:07, FP_DM_PRIOR, 0.5, 1.1, 4558.4, 0.6, 0, 0, 1, 32, 0, 45, 0, 1.6, 0
1, 125408, 04/11/2018 17:40:01, FP_DM_PRIOR, 0.5, 0.6, 7014.5, 0.1, 0, 0, 0, 0, 0, 34, 0, 5.7, 0
1, 125409, 04/11/2018 18:00:04, FP_DM_PRIOR, 0.4, 0.4, 1086.5, 0, 0, 0, 0, 0, 0, 59, 0, 14, 0
1, 125410, 04/11/2018 18:20:10, FP_DM_PRIOR, 0.4, 0.5, 248.7, 0.1, 0, 0, 0, 0, 0, 62, 0, 12.3, 0
1, 125411, 04/11/2018 18:40:03, FP_DM_PRIOR, 0.4, 0.4, 43.2, 0, 0, 0, 0, 0, 0, 27, 0, 6, 0
1, 125412, 04/11/2018 19:00:02, FP_DM_PRIOR, 0.4, 0.5, 46, 0.1, 0, 0, 0, 0, 0, 46, 0, 5.4, 0
1, 125414, 04/11/2018 19:40:11, FP_DM_PRIOR, 0.4, 0.4, 42.2, 0, 0, 0, 0, 0, 0, 19, 0, 6.4, 0
1, 125415, 04/11/2018 20:00:13, FP_DM_PRIOR, 0.4, 0.4, 46, 0, 0, 0, 0, 0, 0, 27, 0, 4.4, 0
1, 125416, 04/11/2018 20:20:13, FP_DM_PRIOR, 0.4, 0.5, 49.9, 0.1, 0, 0, 1, 32, 16, 41, 0, 20.9, 28.2
1, 125417, 04/11/2018 20:40:07, FP_DM_PRIOR, 1.6, 1.7, 401.6, 0, 0, 0, 9, 256, 225, 353, 0.1, 87.4, 201.1
1, 125418, 04/11/2018 21:00:16, FP_DM_PRIOR, 0.1, 0.1, 35.6, 0, 0, 0, 0, 0, 10, 4, 0, 1.2, 0
1, 125419, 04/11/2018 21:20:06, FP_DM_PRIOR, 13.8, 23.4, 6303.5, 6.6, 0, 0, 21, 488, 790, 14485, 3, 1648.7, 8507.5
1, 125420, 04/11/2018 21:40:05, FP_DM_PRIOR, 5.1, 7, 3733.2, 1.4, 0, 0, 32, 536, 685, 1712, 0.5, 532.9, 1565.8
1, 125421, 04/11/2018 22:00:08, FP_DM_PRIOR, 8.6, 18, 2324.5, 7.8, 0, 0, 24, 628, 641, 5232, 1.6, 852.1, 5111.8
1, 125422, 04/11/2018 22:20:15, FP_DM_PRIOR, 5.9, 6.6, 2516.7, 0.6, 0, 0, 22, 584, 623, 2542, 0.1, 908.7, 485
1, 125423, 04/11/2018 22:40:09, FP_DM_PRIOR, 0.9, 1.5, 1079.3, 0.6, 0, 0, 2, 32, 20, 112, 0, 59.1, 50.3
1, 125424, 04/11/2018 23:00:19, FP_DM_PRIOR, 0, 0, 35.7, 0, 0, 0, 0, 0, 0, 1, 0, 1.8, 0.1
1, 125425, 04/11/2018 23:20:25, FP_DM_PRIOR, 0.4, 0.4, 87.8, 0, 0, 0, 0, 0, 36, 29, 0, 13.3, 13.4
1, 125426, 04/11/2018 23:40:02, FP_DM_PRIOR, 0.5, 0.6, 191.7, 0, 0, 0, 1, 16, 61, 57, 0.1, 14.4, 43.6
1, 125356, 04/11/2018 00:20:07, HDP_UNLOAD_GROUP, 4.7, 14.7, 741.3, 9.4, 0, 0, 7, 72, 325, 12713, 0.6, 4363.8, 309.7
1, 125357, 04/11/2018 00:40:12, HDP_UNLOAD_GROUP, 12.4, 33.3, 2771.8, 18.8, 0, 0, 28, 232, 410, 20683, 2.1, 3395.6, 1402.7
1, 125358, 04/11/2018 01:00:23, HDP_UNLOAD_GROUP, 11.4, 27.1, 7336.1, 12.6, 0, 0, 93, 752, 1418, 14466, 3.1, 1042, 1885.7
1, 125359, 04/11/2018 01:20:03, HDP_UNLOAD_GROUP, 12.3, 29.2, 9853.2, 13.9, 0, 0, 26, 200, 410, 19156, 3, 955.6, 1518.2
1, 125360, 04/11/2018 01:40:13, HDP_UNLOAD_GROUP, 12.5, 24.6, 9131.5, 10.3, 0, 0, 71, 568, 1126, 17793, 1.8, 1077.6, 1391.3
1, 125361, 04/11/2018 02:00:19, HDP_UNLOAD_GROUP, 12.3, 24.6, 9431.1, 11.2, 0, 0, 59, 468, 914, 13752, 1.1, 1122.6, 1345.9
1, 125362, 04/11/2018 02:20:14, HDP_UNLOAD_GROUP, 10.4, 16.2, 2827.4, 4.1, 0, 0, 59, 480, 882, 7573, 1.7, 793.3, 2876.3
1, 125363, 04/11/2018 02:40:27, HDP_UNLOAD_GROUP, 5.4, 10.6, 5470.9, 3.5, 0, 0, 47, 376, 698, 3027, 1.7, 314.2, 3093
1, 125364, 04/11/2018 03:00:00, HDP_UNLOAD_GROUP, 3.7, 8.6, 6038.1, 3.7, 0, 0, 0, 0, 10, 2260, 1.2, 210, 2655.9
1, 125365, 04/11/2018 03:20:05, HDP_UNLOAD_GROUP, 1.3, 5.6, 1623.6, 3.2, 0, 0, 1, 8, 10, 241, 1.1, 62.2, 3162
1, 125366, 04/11/2018 03:40:08, HDP_UNLOAD_GROUP, 1, 6.4, 9719, 2.2, 0, 0, 0, 0, 18, 160, 3.2, 25.2, 1938.4
1, 125367, 04/11/2018 04:00:02, HDP_UNLOAD_GROUP, 0.9, 6.3, 4655.1, 4.5, 0, 0, 0, 0, 8, 134, 0.9, 26.9, 2474.6
1, 125368, 04/11/2018 04:20:08, HDP_UNLOAD_GROUP, 1.2, 5.5, 3909.3, 3.6, 0, 0, 0, 0, 10, 142, 0.7, 32.6, 2721.3
1, 125369, 04/11/2018 04:40:09, HDP_UNLOAD_GROUP, 1.2, 6, 4802.4, 3.8, 0, 0, 0, 0, 18, 191, 1, 36.6, 3220.7
1, 125370, 04/11/2018 05:00:18, HDP_UNLOAD_GROUP, 1, 6.4, 6257, 4.5, 0, 0, 0, 0, 10, 108, 0.9, 29.5, 2652.3
1, 125371, 04/11/2018 05:20:13, HDP_UNLOAD_GROUP, 1.3, 6.3, 1248.6, 4.4, 0, 0, 0, 0, 10, 292, 0.6, 35.9, 3124.1
1, 125372, 04/11/2018 05:40:04, HDP_UNLOAD_GROUP, 1, 6.5, 3817, 4.8, 0, 0, 0, 0, 18, 167, 0.7, 26.8, 2421.6
1, 125373, 04/11/2018 06:00:25, HDP_UNLOAD_GROUP, 1, 5.9, 4325.9, 4.3, 0, 0, 0, 0, 72, 139, 0.6, 23.4, 1757.4
1, 125374, 04/11/2018 06:20:42, HDP_UNLOAD_GROUP, 1.2, 6.5, 6643.6, 4.2, 0, 0, 0, 0, 10, 196, 1.1, 35.2, 3284.3
1, 125375, 04/11/2018 06:40:52, HDP_UNLOAD_GROUP, 1.4, 6.3, 5231.1, 3.9, 0, 0, 1, 16, 14, 236, 1, 37.9, 3519.8
1, 125406, 04/11/2018 17:00:07, HDP_UNLOAD_GROUP, 0, 0, 0, 0, 0, 0, 0, 0, 10, 0, 0, 0, 0
1, 125411, 04/11/2018 18:40:03, HDP_UNLOAD_GROUP, 1.4, 1.4, 234, 0, 0, 0, 2, 32, 90, 71, 0, 102.3, 6.2
1, 125412, 04/11/2018 19:00:02, HDP_UNLOAD_GROUP, 7.7, 8.8, 9808.4, 1.1, 0, 0, 2, 32, 94, 4044, 0, 921.7, 4.5
1, 125414, 04/11/2018 19:40:11, HDP_UNLOAD_GROUP, 0.3, 0.4, 10460.3, 0.1, 0, 0, 0, 0, 18, 9, 0, 11, 0
1, 125415, 04/11/2018 20:00:13, HDP_UNLOAD_GROUP, 0.4, 0.4, 12627.4, 0, 0, 0, 0, 0, 10, 28, 0, 10.8, 0
1, 125416, 04/11/2018 20:20:13, HDP_UNLOAD_GROUP, 0.4, 0.5, 15624.1, 0.1, 0, 0, 0, 0, 10, 22, 0, 10.6, 0
1, 125417, 04/11/2018 20:40:07, HDP_UNLOAD_GROUP, 0.3, 0.4, 12732.4, 0.1, 0, 0, 0, 0, 16, 19, 0, 11.8, 0
1, 125418, 04/11/2018 21:00:16, HDP_UNLOAD_GROUP, 0.4, 0.7, 16620.7, 0.3, 0, 0, 0, 0, 10, 11, 0, 10.3, 0
1, 125419, 04/11/2018 21:20:06, HDP_UNLOAD_GROUP, 0.5, 0.5, 14612.6, 0, 0, 0, 0, 0, 10, 29, 0, 12.1, 0
1, 125420, 04/11/2018 21:40:05, HDP_UNLOAD_GROUP, 0.4, 0.5, 14426.2, 0.1, 0, 0, 0, 0, 18, 24, 0, 11.4, 0
1, 125421, 04/11/2018 22:00:08, HDP_UNLOAD_GROUP, 0.4, 0.5, 12789.5, 0.1, 0, 0, 0, 0, 10, 15, 0, 11, 0
1, 125422, 04/11/2018 22:20:15, HDP_UNLOAD_GROUP, 0.3, 0.4, 13276.7, 0.1, 0, 0, 0, 0, 10, 19, 0, 10.5, 0
1, 125423, 04/11/2018 22:40:09, HDP_UNLOAD_GROUP, 0.3, 0.3, 12578, 0, 0, 0, 0, 0, 18, 13, 0, 11.3, 0
1, 125424, 04/11/2018 23:00:19, HDP_UNLOAD_GROUP, 0.3, 0.4, 15449.7, 0.1, 0, 0, 0, 0, 10, 27, 0, 10.8, 0
1, 125425, 04/11/2018 23:20:25, HDP_UNLOAD_GROUP, 0.5, 0.5, 8287.2, 0, 0, 0, 4, 64, 56, 130, 0, 49.7, 11.1
1, 125426, 04/11/2018 23:40:02, HDP_UNLOAD_GROUP, 0.3, 0.3, 2631.1, 0, 0, 0, 0, 0, 24, 9, 0, 3.4, 0
1, 125355, 04/11/2018 00:00:03, OTHER_GROUPS, 12.5, 21.5, 15303.6, 6, 0, 0, 0, 0, 7033, 8706, 3, 1460.8, 2069.5
1, 125356, 04/11/2018 00:20:07, OTHER_GROUPS, 13, 39.9, 17591.5, 13.9, 0, 0, 0, 0, 6371, 8396, 13, 1392.7, 3016.2
1, 125357, 04/11/2018 00:40:12, OTHER_GROUPS, 14.2, 29.3, 15931.7, 12.8, 0, 0, 0, 0, 6371, 10442, 2.3, 1110.8, 2351.8
1, 125358, 04/11/2018 01:00:23, OTHER_GROUPS, 16.9, 38.1, 15836.3, 18.1, 0, 0, 0, 0, 5880, 14679, 3.1, 735.7, 2241.9
1, 125359, 04/11/2018 01:20:03, OTHER_GROUPS, 13.7, 27.4, 15265.6, 10.7, 0, 0, 2, 46, 6809, 9850, 3, 1033.9, 2237.5
1, 125360, 04/11/2018 01:40:13, OTHER_GROUPS, 8, 12.4, 13695.4, 2.4, 0, 0, 0, 0, 6639, 3236, 2, 1031.1, 595.1
1, 125361, 04/11/2018 02:00:19, OTHER_GROUPS, 10.2, 23.9, 18785.9, 11.1, 0, 0, 0, 0, 6081, 5784, 2.6, 921.2, 994.7
1, 125362, 04/11/2018 02:20:14, OTHER_GROUPS, 11, 17.3, 13712.9, 4.5, 0, 0, 0, 0, 6636, 7326, 1.8, 774.4, 1294.8
1, 125363, 04/11/2018 02:40:27, OTHER_GROUPS, 8.7, 17.2, 15882.4, 6.8, 0, 0, 0, 0, 5811, 5248, 1.7, 734.4, 1050.9
1, 125364, 04/11/2018 03:00:00, OTHER_GROUPS, 7.8, 12.1, 14833.6, 2.5, 0, 0, 0, 0, 5393, 4360, 1.8, 937.6, 856.6
1, 125365, 04/11/2018 03:20:05, OTHER_GROUPS, 7.5, 10.8, 14927.6, 1.4, 0, 0, 0, 0, 8690, 1011, 1.9, 1631.3, 901.8
1, 125366, 04/11/2018 03:40:08, OTHER_GROUPS, 11.1, 24.3, 15313.2, 4.3, 0, 0, 0, 0, 7390, 4300, 8.9, 1622, 2851.7
1, 125367, 04/11/2018 04:00:02, OTHER_GROUPS, 9.2, 15.4, 25864.1, 3.9, 0, 0, 0, 0, 10381, 1373, 2.3, 1635.1, 746.7
1, 125368, 04/11/2018 04:20:08, OTHER_GROUPS, 11.7, 14.3, 32324.5, 0, 0, 0, 0, 0, 7120, 1652, 2.6, 1845.4, 842.2
1, 125369, 04/11/2018 04:40:09, OTHER_GROUPS, 8.8, 14, 15151.2, 2.9, 0, 0, 0, 0, 6902, 1578, 2.3, 1975.2, 1385.6
1, 125370, 04/11/2018 05:00:18, OTHER_GROUPS, 9.3, 19.6, 15766.9, 8.6, 0, 0, 0, 0, 10205, 2547, 1.7, 2338.6, 1448.5
1, 125371, 04/11/2018 05:20:13, OTHER_GROUPS, 13.2, 31.2, 16859.6, 13.5, 0, 0, 0, 0, 6879, 7375, 4.5, 1631.9, 4693.7
1, 125372, 04/11/2018 05:40:04, OTHER_GROUPS, 11.7, 40.1, 16002.2, 19.5, 0, 0, 0, 0, 6003, 6485, 8.9, 1410.5, 4925.8
1, 125373, 04/11/2018 06:00:25, OTHER_GROUPS, 19.5, 53.3, 17770.1, 19.6, 0, 0, 1, 64, 7355, 16240, 14.2, 1842, 9370.2
1, 125374, 04/11/2018 06:20:42, OTHER_GROUPS, 13.5, 35.9, 15575, 9.4, 0, 0, 0, 0, 6295, 7280, 13, 1307.7, 6529
1, 125375, 04/11/2018 06:40:52, OTHER_GROUPS, 16.3, 37, 15610.2, 7.1, 0, 0, 0, 0, 6982, 9851, 13.6, 1245.6, 6307
1, 125376, 04/11/2018 07:00:10, OTHER_GROUPS, 29.4, 71.5, 4629.1, 20.3, 0, 0, 2, 48, 9353, 33863, 21.8, 1953.7, 15693
1, 125377, 04/11/2018 07:20:08, OTHER_GROUPS, 9, 25.7, 2011.1, 8.2, 0, 0, 2, 20, 4806, 6229, 8.5, 1039.7, 5841.3
1, 125378, 04/11/2018 07:40:09, OTHER_GROUPS, 11.3, 32.6, 3519.8, 11.2, 0, 0, 0, 0, 7112, 5556, 10.1, 1615.2, 7149.5
1, 125379, 04/11/2018 08:00:29, OTHER_GROUPS, 9.4, 30.6, 2737.6, 12.1, 0, 0, 1, 3, 7222, 3833, 9.1, 1325.4, 5800
1, 125380, 04/11/2018 08:20:17, OTHER_GROUPS, 17.4, 42.6, 3164.8, 11.8, 0, 0, 0, 0, 7929, 16487, 13.4, 1706.7, 10434.1
1, 125381, 04/11/2018 08:40:34, OTHER_GROUPS, 11.3, 29.7, 2096.7, 2.9, 0, 0, 0, 0, 7240, 5892, 15.5, 1812, 5732.8
1, 125382, 04/11/2018 09:00:04, OTHER_GROUPS, 14.1, 36, 3701.2, 2, 0, 0, 1, 18, 6858, 9991, 19.9, 4712.2, 6774.3
1, 125383, 04/11/2018 09:20:07, OTHER_GROUPS, 13.2, 34.6, 3372.3, 4.8, 0, 0, 2, 18, 6239, 8928, 16.6, 2558.3, 6793.3
1, 125384, 04/11/2018 09:40:31, OTHER_GROUPS, 13.1, 26, 2764.4, 4.6, 0, 0, 0, 0, 6778, 11295, 8.3, 1179.2, 6500.7
1, 125385, 04/11/2018 10:00:02, OTHER_GROUPS, 12.1, 15.4, 2707.1, 0, 0, 0, 1, 32, 6450, 6068, 3.3, 1479.1, 4273.8
1, 125386, 04/11/2018 10:20:07, OTHER_GROUPS, 10.1, 15.5, 3285.1, 2.5, 0, 0, 0, 0, 6646, 3972, 2.9, 1559.9, 5105.6
1, 125387, 04/11/2018 10:40:13, OTHER_GROUPS, 10.6, 20.6, 16114.9, 7, 0, 0, 0, 0, 11332, 3755, 3, 1542.4, 4825.3
1, 125388, 04/11/2018 11:00:17, OTHER_GROUPS, 10.3, 13.9, 2400.5, 0, 0, 0, 0, 0, 7952, 3624, 3.6, 1499.4, 4418
1, 125389, 04/11/2018 11:20:25, OTHER_GROUPS, 15.2, 17.4, 3183.3, 0, 0, 0, 25, 672, 7873, 4499, 2.2, 2572.9, 2321.9
1, 125390, 04/11/2018 11:40:04, OTHER_GROUPS, 17.2, 19.4, 5058.8, 0, 0, 0, 11, 336, 8665, 9368, 2.2, 1723.1, 3833.2
1, 125391, 04/11/2018 12:00:18, OTHER_GROUPS, 18.4, 22.5, 7403.3, 0, 0, 0, 6, 160, 7233, 11184, 4.1, 1603.6, 5069.1
1, 125392, 04/11/2018 12:20:05, OTHER_GROUPS, 12.1, 14, 5633.3, 0, 0, 0, 12, 384, 8303, 3683, 1.9, 1826.3, 1649
1, 125393, 04/11/2018 12:40:13, OTHER_GROUPS, 14.9, 18.1, 5724.4, 0.8, 0, 0, 59, 1472, 10317, 8884, 2.4, 1871.6, 4074.9
1, 125394, 04/11/2018 13:00:07, OTHER_GROUPS, 16.5, 20.7, 11204, 0.3, 0, 0, 21, 576, 8089, 13418, 3.9, 1947.2, 10236.9
1, 125395, 04/11/2018 13:20:22, OTHER_GROUPS, 16, 20.2, 19704.2, 1.2, 0, 0, 9, 244, 7953, 11916, 3, 1658.6, 4799.9
1, 125396, 04/11/2018 13:40:31, OTHER_GROUPS, 16.1, 19.7, 8382.3, 0.8, 0, 0, 6, 160, 7664, 12986, 2.8, 1474.7, 6192
1, 125397, 04/11/2018 14:00:02, OTHER_GROUPS, 16.2, 19.7, 6516.3, 0, 0, 0, 11, 302, 7676, 14391, 3.5, 1372.4, 10363.3
1, 125398, 04/11/2018 14:20:06, OTHER_GROUPS, 15, 18, 7828.4, 0, 0, 0, 0, 0, 7393, 12809, 3, 1530.7, 16203.7
1, 125399, 04/11/2018 14:40:11, OTHER_GROUPS, 13.4, 16.9, 6356.9, 0.7, 0, 0, 2, 64, 7996, 9436, 2.8, 1852.7, 12583.5
1, 125400, 04/11/2018 15:00:07, OTHER_GROUPS, 13.8, 21.1, 9108.7, 4.2, 0, 0, 1, 32, 7220, 9216, 3.1, 1678, 7174.2
1, 125401, 04/11/2018 15:20:01, OTHER_GROUPS, 14.1, 19.8, 8182.5, 2.5, 0, 0, 1, 32, 8017, 10719, 3.2, 1560.7, 6955.1
1, 125402, 04/11/2018 15:40:13, OTHER_GROUPS, 13.4, 16.1, 4870.9, 0, 0, 0, 0, 0, 7308, 8691, 2.7, 1575.6, 5642.2
1, 125403, 04/11/2018 16:00:03, OTHER_GROUPS, 13.6, 23.1, 7460.5, 6.3, 0, 0, 1, 32, 8180, 9667, 3.2, 1645.6, 7657.1
1, 125404, 04/11/2018 16:20:11, OTHER_GROUPS, 14.2, 21.8, 6928.7, 4.9, 0, 0, 0, 0, 8519, 11390, 2.7, 1525.1, 8472.3
1, 125405, 04/11/2018 16:40:25, OTHER_GROUPS, 21, 23.6, 6820.8, 0, 0, 0, 0, 0, 8912, 24925, 2.6, 1460.7, 7756
1, 125406, 04/11/2018 17:00:07, OTHER_GROUPS, 16.8, 24, 15068.8, 4.9, 0, 0, 0, 0, 7891, 17620, 2.3, 1609.1, 1643.2
1, 125407, 04/11/2018 17:20:20, OTHER_GROUPS, 10.3, 27.6, 20144.1, 15.5, 0, 0, 0, 0, 8939, 4844, 1.8, 1345.5, 1156.3
1, 125408, 04/11/2018 17:40:01, OTHER_GROUPS, 10.2, 14.8, 14542.9, 2.7, 0, 0, 0, 0, 7822, 4564, 1.9, 1408.6, 1167.8
1, 125409, 04/11/2018 18:00:04, OTHER_GROUPS, 11.3, 20.1, 15255.3, 6.1, 0, 0, 0, 0, 7800, 6045, 2.7, 1485.5, 2744.2
1, 125410, 04/11/2018 18:20:10, OTHER_GROUPS, 11.6, 22.8, 15637.6, 9.1, 0, 0, 0, 0, 7486, 6325, 2.1, 1431.3, 3234.6
1, 125411, 04/11/2018 18:40:03, OTHER_GROUPS, 11.3, 17.2, 15049.1, 3.9, 0, 0, 0, 0, 7403, 6139, 2, 1321.1, 2483.7
1, 125412, 04/11/2018 19:00:02, OTHER_GROUPS, 11.5, 19.2, 15349.6, 4.9, 0, 0, 0, 0, 7307, 6705, 2.8, 1266.3, 1808.5
1, 125413, 04/11/2018 19:20:08, OTHER_GROUPS, 11.9, 29.4, 27948.8, 15.5, 0, 0, 0, 0, 9482, 6625, 2, 1338.3, 2363.2
1, 125414, 04/11/2018 19:40:11, OTHER_GROUPS, 11.7, 16.6, 15287.8, 2.5, 0, 0, 0, 0, 8547, 7245, 2.4, 1604.6, 3349.7
1, 125415, 04/11/2018 20:00:13, OTHER_GROUPS, 8.2, 25.1, 11244.4, 14.2, 0, 0, 2, 32, 4062, 4398, 2.7, 2263.1, 3164.3
1, 125416, 04/11/2018 20:20:13, OTHER_GROUPS, 4.4, 13, 5655.6, 7.6, 0, 0, 0, 0, 7976, 2101, 1, 48.3, 2968.3
1, 125417, 04/11/2018 20:40:07, OTHER_GROUPS, 4.1, 9, 5600.3, 4, 0, 0, 0, 0, 792, 2157, 0.9, 33.4, 2726.8
1, 125418, 04/11/2018 21:00:16, OTHER_GROUPS, 3.5, 12.9, 6498, 7.7, 0, 0, 0, 0, 826, 1856, 1.7, 21, 1115.5
1, 125419, 04/11/2018 21:20:06, OTHER_GROUPS, 3.2, 8.9, 5807.7, 5.1, 0, 0, 0, 0, 883, 1089, 0.6, 17.4, 885.5
1, 125420, 04/11/2018 21:40:05, OTHER_GROUPS, 2.3, 8.4, 5791.8, 5.8, 0, 0, 0, 0, 969, 726, 0.3, 17.5, 683.2
1, 125421, 04/11/2018 22:00:08, OTHER_GROUPS, 2.5, 17, 7409.5, 13.4, 0, 0, 0, 0, 988, 1251, 1.1, 20.1, 1025.2
1, 125422, 04/11/2018 22:20:15, OTHER_GROUPS, 2.7, 8.6, 5571.2, 4.7, 0, 0, 0, 0, 1009, 1551, 1.2, 24.8, 1600
1, 125423, 04/11/2018 22:40:09, OTHER_GROUPS, 2.8, 7.4, 4805.1, 3.5, 0, 0, 0, 0, 773, 2431, 1.1, 36, 1503.2
1, 125424, 04/11/2018 23:00:19, OTHER_GROUPS, 6.3, 17.6, 8576.9, 10, 0, 0, 0, 0, 903, 7604, 1.3, 380.4, 13045.8
1, 125425, 04/11/2018 23:20:25, OTHER_GROUPS, 6.6, 13.1, 7587.9, 5.8, 0, 0, 1, 64, 998, 7591, 0.7, 510.4, 9362.3
1, 125426, 04/11/2018 23:40:02, OTHER_GROUPS, 4, 7.9, 5866.1, 3.6, 0, 0, 0, 0, 671, 5251, 0.3, 30.9, 862.4
2, 125355, 04/11/2018 00:00:02, ADW_UNLOAD_GROUP, 0, 0, 2.7, 0, 0, 0, 0, 0, 140, 0, 0, 0, 0
2, 125356, 04/11/2018 00:20:07, ADW_UNLOAD_GROUP, 0, 0.2, 6.4, 0.2, 0, 0, 0, 0, 363, 0, 0, 0, 0
2, 125357, 04/11/2018 00:40:11, ADW_UNLOAD_GROUP, 0, 0.1, 3.5, 0.1, 0, 0, 0, 0, 507, 0, 0, 0, 0
2, 125358, 04/11/2018 01:00:17, ADW_UNLOAD_GROUP, 0, 0, 4.5, 0, 0, 0, 0, 0, 362, 0, 0, 0, 0
2, 125359, 04/11/2018 01:20:03, ADW_UNLOAD_GROUP, 3.2, 5.8, 514.1, 2.5, 17, 1.3, 6, 176, 914, 1274, 0.1, 4848.3, 171.6
2, 125360, 04/11/2018 01:40:14, ADW_UNLOAD_GROUP, 17.6, 19, 6081.8, 1.2, 79, 2.2, 81, 2358, 3906, 8595, 0.2, 14345.3, 136.1
2, 125361, 04/11/2018 02:00:20, ADW_UNLOAD_GROUP, 16.2, 17.7, 5710.4, 0.9, 50, 0.7, 83, 2214, 4309, 9121, 0.6, 7811.4, 917.7
2, 125362, 04/11/2018 02:20:14, ADW_UNLOAD_GROUP, 0.6, 0.9, 322.4, 0, 0, 0, 2, 48, 174, 121, 0.3, 24.2, 261.3
2, 125363, 04/11/2018 02:40:27, ADW_UNLOAD_GROUP, 0, 0, 7, 0, 0, 0, 2, 20, 97, 1, 0, 0.9, 0.1
2, 125364, 04/11/2018 03:00:00, ADW_UNLOAD_GROUP, 0, 0, 2, 0, 0, 0, 0, 0, 63, 0, 0, 0, 0
2, 125365, 04/11/2018 03:20:04, ADW_UNLOAD_GROUP, 0, 0, 4.9, 0, 0, 0, 0, 0, 63, 0, 0, 0, 0
2, 125366, 04/11/2018 03:40:08, ADW_UNLOAD_GROUP, 0, 0, 5.6, 0, 0, 0, 0, 0, 66, 0, 0, 0, 0
2, 125367, 04/11/2018 04:00:03, ADW_UNLOAD_GROUP, 0, 0, 5.1, 0, 0, 0, 0, 0, 63, 0, 0, 0, 0
2, 125368, 04/11/2018 04:20:08, ADW_UNLOAD_GROUP, 0, 0, 3.8, 0, 0, 0, 0, 0, 65, 0, 0, 0, 0
2, 125369, 04/11/2018 04:40:09, ADW_UNLOAD_GROUP, 0, 0, 3.9, 0, 0, 0, 0, 0, 64, 1, 0, 0, 0
2, 125370, 04/11/2018 05:00:18, ADW_UNLOAD_GROUP, 0, 0, 2.6, 0, 0, 0, 0, 0, 65, 0, 0, 0, 0
2, 125371, 04/11/2018 05:20:13, ADW_UNLOAD_GROUP, 0, 0, 6.1, 0, 0, 0, 0, 0, 70, 1, 0, 0, 0
2, 125372, 04/11/2018 05:40:04, ADW_UNLOAD_GROUP, 0, 2, 858.7, 2, 0, 0, 0, 0, 69, 1, 0, 0, 0
2, 125373, 04/11/2018 06:00:25, ADW_UNLOAD_GROUP, 30.2, 39.6, 58818.4, 7.4, 0, 0, 0, 0, 446, 22218, 2, 1819, 5143.9
2, 125374, 04/11/2018 06:20:42, ADW_UNLOAD_GROUP, 36.6, 38.6, 57270.9, 0.6, 0, 0, 2, 56, 139, 17855, 1.4, 652.4, 4162.3
2, 125375, 04/11/2018 06:40:52, ADW_UNLOAD_GROUP, 29.2, 32, 56604.1, 1.8, 0, 0, 0, 0, 56, 11121, 1, 596.1, 3521.5
2, 125406, 04/11/2018 17:00:06, ADW_UNLOAD_GROUP, 0, 0, 5.8, 0, 0, 0, 0, 0, 55, 0, 0, 0.1, 0.2
2, 125408, 04/11/2018 17:40:01, ADW_UNLOAD_GROUP, 0, 0, 2.4, 0, 0, 0, 0, 0, 56, 1, 0, 0, 0
2, 125409, 04/11/2018 18:00:04, ADW_UNLOAD_GROUP, 0, 0, 3.3, 0, 0, 0, 0, 0, 53, 0, 0, 0, 0
2, 125410, 04/11/2018 18:20:11, ADW_UNLOAD_GROUP, 0, 0, 5.1, 0, 0, 0, 0, 0, 55, 1, 0, 0, 0
2, 125411, 04/11/2018 18:40:03, ADW_UNLOAD_GROUP, 0, 0, 3.2, 0, 0, 0, 0, 0, 54, 0, 0, 0, 0
2, 125412, 04/11/2018 19:00:02, ADW_UNLOAD_GROUP, 0.2, 0.3, 7.3, 0.1, 0, 0, 0, 0, 213, 1, 0, 0.9, 121.6
2, 125414, 04/11/2018 19:40:11, ADW_UNLOAD_GROUP, 0, 0, 2.8, 0, 0, 0, 0, 0, 206, 0, 0, 0, 0
2, 125415, 04/11/2018 20:00:13, ADW_UNLOAD_GROUP, 0, 0, 3.5, 0, 0, 0, 0, 0, 545, 0, 0, 0, 0
2, 125416, 04/11/2018 20:20:13, ADW_UNLOAD_GROUP, 0, 0, 0, 0, 0, 0, 0, 0, 755, 0, 0, 0, 0
2, 125417, 04/11/2018 20:40:07, ADW_UNLOAD_GROUP, 0, 0, 0.8, 0, 0, 0, 0, 0, 765, 0, 0, 0, 0
2, 125418, 04/11/2018 21:00:16, ADW_UNLOAD_GROUP, 0, 0, 1, 0, 0, 0, 0, 0, 776, 0, 0, 0, 0
2, 125419, 04/11/2018 21:20:06, ADW_UNLOAD_GROUP, 0.1, 0.1, 16.6, 0, 0, 0, 0, 0, 791, 7, 0, 0, 0
2, 125420, 04/11/2018 21:40:05, ADW_UNLOAD_GROUP, 0.1, 0.1, 14.6, 0, 0, 0, 0, 0, 813, 11, 0, 0, 0
2, 125421, 04/11/2018 22:00:08, ADW_UNLOAD_GROUP, 0.4, 0.5, 374.8, 0.1, 0, 0, 0, 0, 845, 16, 0, 1.3, 1.8
2, 125422, 04/11/2018 22:20:15, ADW_UNLOAD_GROUP, 3.5, 4.3, 2874.4, 0.1, 0, 0, 15, 480, 1245, 526, 0.7, 404.9, 132.9
2, 125423, 04/11/2018 22:40:09, ADW_UNLOAD_GROUP, 1.7, 1.7, 283.9, 0, 0, 0, 33, 984, 1796, 444, 0, 438.9, 35.2
2, 125424, 04/11/2018 23:00:19, ADW_UNLOAD_GROUP, 0.2, 0.2, 40.5, 0, 0, 0, 3, 72, 827, 13, 0, 1.4, 1.9
2, 125425, 04/11/2018 23:20:26, ADW_UNLOAD_GROUP, 0, 0, 0, 0, 0, 0, 0, 0, 731, 0, 0, 0, 0
2, 125426, 04/11/2018 23:40:02, ADW_UNLOAD_GROUP, 0, 0, 0.1, 0, 0, 0, 0, 0, 500, 0, 0, 0, 0
2, 125355, 04/11/2018 00:00:02, FP_DM_PRIOR, 0.4, 0.4, 5, 0, 0, 0, 0, 0, 0, 22, 0, 12.7, 12.7
2, 125356, 04/11/2018 00:20:07, FP_DM_PRIOR, 0.1, 0.2, 2.1, 0.1, 0, 0, 0, 0, 4, 12, 0, 5.1, 5.1
2, 125357, 04/11/2018 00:40:11, FP_DM_PRIOR, 0, 0, 2.4, 0, 0, 0, 0, 0, 0, 0, 0, 0, 0
2, 125358, 04/11/2018 01:00:17, FP_DM_PRIOR, 0, 0, 2.4, 0, 0, 0, 0, 0, 0, 0, 0, 0, 0
2, 125359, 04/11/2018 01:20:03, FP_DM_PRIOR, 0, 0, 2.7, 0, 0, 0, 0, 0, 0, 0, 0, 0, 0
2, 125360, 04/11/2018 01:40:14, FP_DM_PRIOR, 0.1, 0.1, 57.5, 0, 0, 0, 0, 0, 1, 12, 0, 4.1, 5.2
2, 125361, 04/11/2018 02:00:20, FP_DM_PRIOR, 0.3, 0.4, 894.7, 0.1, 0, 0, 0, 0, 0, 55, 0, 15.8, 16.1
2, 125362, 04/11/2018 02:20:14, FP_DM_PRIOR, 0.2, 0.3, 640.4, 0, 0, 0, 0, 0, 0, 16, 0.1, 7.7, 8.2
2, 125363, 04/11/2018 02:40:27, FP_DM_PRIOR, 0, 0, 2.1, 0, 0, 0, 0, 0, 0, 0, 0, 0, 0
2, 125364, 04/11/2018 03:00:00, FP_DM_PRIOR, 0.2, 0.3, 508.5, 0.1, 0, 0, 0, 0, 1, 17, 0, 18.8, 18.8
2, 125365, 04/11/2018 03:20:04, FP_DM_PRIOR, 0.2, 0.3, 615.1, 0.1, 0, 0, 0, 0, 0, 8, 0, 11.5, 11.6
2, 125366, 04/11/2018 03:40:08, FP_DM_PRIOR, 0.1, 0.3, 34.2, 0.1, 0, 0, 0, 0, 8, 5, 0.1, 33.7, 32.9
2, 125367, 04/11/2018 04:00:03, FP_DM_PRIOR, 0, 0, 29.8, 0, 0, 0, 0, 0, 0, 1, 0, 1.3, 0
2, 125368, 04/11/2018 04:20:08, FP_DM_PRIOR, 0, 0.1, 27.7, 0.1, 0, 0, 0, 0, 0, 2, 0, 1.6, 0
2, 125369, 04/11/2018 04:40:09, FP_DM_PRIOR, 0, 0.1, 30.5, 0.1, 0, 0, 0, 0, 1, 4, 0, 1.6, 0
2, 125370, 04/11/2018 05:00:18, FP_DM_PRIOR, 0, 0.1, 28.1, 0.1, 0, 0, 0, 0, 4, 1, 0, 2, 0.4
2, 125371, 04/11/2018 05:20:13, FP_DM_PRIOR, 0, 0.1, 28.2, 0.1, 0, 0, 0, 0, 0, 0, 0, 1.8, 0
2, 125372, 04/11/2018 05:40:04, FP_DM_PRIOR, 0, 0.1, 27, 0.1, 0, 0, 0, 0, 0, 0, 0, 1.5, 0
2, 125373, 04/11/2018 06:00:25, FP_DM_PRIOR, 0.1, 0.1, 27.9, 0, 0, 0, 0, 0, 2, 19, 0, 1.5, 0
2, 125374, 04/11/2018 06:20:42, FP_DM_PRIOR, 0.1, 0.1, 26.6, 0, 0, 0, 0, 0, 0, 20, 0, 1.4, 0
2, 125375, 04/11/2018 06:40:52, FP_DM_PRIOR, 0.1, 0.1, 30.2, 0, 0, 0, 0, 0, 0, 10, 0, 1.4, 0
2, 125406, 04/11/2018 17:00:06, FP_DM_PRIOR, 1.6, 4.7, 419.8, 2.6, 0, 0, 2, 64, 68, 450, 0.5, 247.7, 11846.5
2, 125408, 04/11/2018 17:40:01, FP_DM_PRIOR, 2.1, 6.3, 553.1, 3.6, 0, 0, 0, 0, 0, 627, 0.6, 357.2, 17133.1
2, 125409, 04/11/2018 18:00:04, FP_DM_PRIOR, 1.8, 6.3, 554.7, 3, 0, 0, 0, 0, 0, 486, 1.5, 311.7, 14811.8
2, 125410, 04/11/2018 18:20:11, FP_DM_PRIOR, 0.8, 2.5, 225.4, 1.5, 0, 0, 2, 64, 44, 215, 0.2, 153.2, 7459.9
2, 125411, 04/11/2018 18:40:03, FP_DM_PRIOR, 0, 0, 1.7, 0, 0, 0, 0, 0, 0, 0, 0, 0, 0
2, 125412, 04/11/2018 19:00:02, FP_DM_PRIOR, 0, 0, 1.5, 0, 0, 0, 0, 0, 0, 0, 0, 0, 0
2, 125414, 04/11/2018 19:40:11, FP_DM_PRIOR, 0, 0, 2.6, 0, 0, 0, 0, 0, 0, 0, 0, 0, 0
2, 125415, 04/11/2018 20:00:13, FP_DM_PRIOR, 0, 0, 2.1, 0, 0, 0, 0, 0, 0, 0, 0, 0, 0
2, 125417, 04/11/2018 20:40:07, FP_DM_PRIOR, 0.4, 0.4, 92.7, 0, 0, 0, 0, 0, 10, 17, 0, 11.8, 7.3
2, 125418, 04/11/2018 21:00:16, FP_DM_PRIOR, 0.4, 0.7, 44.9, 0.3, 0, 0, 0, 0, 0, 22, 0, 11.2, 0
2, 125419, 04/11/2018 21:20:06, FP_DM_PRIOR, 9.5, 15.9, 3977.3, 4.4, 0, 0, 27, 564, 860, 5130, 2, 993.2, 8396.4
2, 125420, 04/11/2018 21:40:05, FP_DM_PRIOR, 6.9, 8.8, 1408.7, 1.5, 0, 0, 13, 248, 366, 3673, 0.4, 266, 1306.5
2, 125421, 04/11/2018 22:00:08, FP_DM_PRIOR, 7.9, 10.8, 1426.8, 2.6, 0, 0, 30, 696, 924, 3580, 0.3, 610.1, 850.5
2, 125422, 04/11/2018 22:20:15, FP_DM_PRIOR, 6.8, 7.7, 10485.9, 0.8, 0, 0, 5, 144, 169, 2640, 0.1, 90.7, 888.5
2, 125423, 04/11/2018 22:40:09, FP_DM_PRIOR, 6.1, 6.6, 16287.8, 0.5, 0, 0, 0, 0, 0, 762, 0, 47.2, 130.4
2, 125424, 04/11/2018 23:00:19, FP_DM_PRIOR, 2.8, 3, 16472.1, 0.2, 0, 0, 1, 32, 32, 272, 0, 37.7, 136.1
2, 125425, 04/11/2018 23:20:26, FP_DM_PRIOR, 0.5, 0.6, 872.6, 0.1, 0, 0, 1, 32, 18, 33, 0, 4.8, 139.8
2, 125426, 04/11/2018 23:40:02, FP_DM_PRIOR, 0.1, 0.1, 2.1, 0, 0, 0, 0, 0, 43, 6, 0, 3.7, 83.8
2, 125355, 04/11/2018 00:00:02, HDP_UNLOAD_GROUP, 2, 5.1, 7849.4, 3.1, 0, 0, 0, 0, 0, 391, 0, 221.2, 0
2, 125356, 04/11/2018 00:20:07, HDP_UNLOAD_GROUP, 5.1, 16, 9449.3, 7.2, 0, 0, 30, 248, 615, 3687, 3.7, 4307, 745.6
2, 125357, 04/11/2018 00:40:11, HDP_UNLOAD_GROUP, 11.9, 39.1, 23819.2, 15.3, 0, 0, 57, 452, 998, 14785, 11.9, 1027.5, 2310.7
2, 125358, 04/11/2018 01:00:17, HDP_UNLOAD_GROUP, 11.7, 39.6, 34744.4, 12.1, 0, 0, 33, 260, 540, 11615, 15.8, 825, 3013.7
2, 125359, 04/11/2018 01:20:03, HDP_UNLOAD_GROUP, 10.8, 38.9, 35863.1, 11.2, 0, 0, 19, 152, 328, 7536, 16.9, 611.1, 4989.5
2, 125360, 04/11/2018 01:40:14, HDP_UNLOAD_GROUP, 12.1, 43.3, 39778, 13.4, 0, 0, 4, 40, 48, 17790, 17.8, 528.7, 4145.7
2, 125361, 04/11/2018 02:00:20, HDP_UNLOAD_GROUP, 12.2, 39.8, 36470.7, 11.7, 0, 0, 2, 12, 0, 12852, 15.9, 576, 3574.5
2, 125362, 04/11/2018 02:20:14, HDP_UNLOAD_GROUP, 10.5, 32.4, 28253.1, 6.5, 0, 0, 1, 8, 16, 9356, 15.4, 589.5, 4838.9
2, 125363, 04/11/2018 02:40:27, HDP_UNLOAD_GROUP, 3.4, 23, 13573.9, 4.3, 0, 0, 1, 16, 2, 820, 15.3, 107.1, 7447.8
2, 125364, 04/11/2018 03:00:00, HDP_UNLOAD_GROUP, 2.3, 21.7, 17600.7, 4.3, 0, 0, 0, 0, 0, 415, 15.1, 85.3, 7520.4
2, 125365, 04/11/2018 03:20:04, HDP_UNLOAD_GROUP, 2.2, 19.9, 10145.2, 4.1, 0, 0, 0, 0, 0, 419, 13.6, 82.7, 7433.9
2, 125366, 04/11/2018 03:40:08, HDP_UNLOAD_GROUP, 1.5, 21.5, 18015.9, 2.4, 0, 0, 0, 0, 0, 227, 17.6, 54.7, 4377.5
2, 125367, 04/11/2018 04:00:03, HDP_UNLOAD_GROUP, 1.9, 21.9, 20874.9, 5.3, 0, 0, 0, 0, 0, 314, 14.7, 75.8, 6673.5
2, 125368, 04/11/2018 04:20:08, HDP_UNLOAD_GROUP, 2.5, 20.3, 12465.6, 4.4, 0, 0, 0, 0, 0, 481, 13.4, 86.9, 7439.9
2, 125369, 04/11/2018 04:40:09, HDP_UNLOAD_GROUP, 2.4, 20.2, 15290.2, 4.6, 0, 0, 0, 0, 0, 466, 13.2, 87.1, 7185.4
2, 125370, 04/11/2018 05:00:18, HDP_UNLOAD_GROUP, 2.1, 21, 16078.6, 5.2, 0, 0, 0, 0, 0, 320, 13.7, 85.2, 7241.6
2, 125371, 04/11/2018 05:20:13, HDP_UNLOAD_GROUP, 2.6, 22.3, 12125.1, 6.1, 0, 0, 0, 0, 0, 520, 13.6, 107.6, 8791.2
2, 125372, 04/11/2018 05:40:04, HDP_UNLOAD_GROUP, 2.1, 21.7, 21349.4, 7.2, 0, 0, 0, 0, 0, 360, 12.4, 72.8, 6225.3
2, 125373, 04/11/2018 06:00:25, HDP_UNLOAD_GROUP, 2.8, 20.9, 9880.5, 2.8, 0, 0, 0, 0, 130, 595, 15.3, 65.7, 4956.5
2, 125374, 04/11/2018 06:20:42, HDP_UNLOAD_GROUP, 3.7, 22.3, 2109.6, 3.6, 0, 0, 0, 0, 0, 690, 15, 83.8, 6536.1
2, 125375, 04/11/2018 06:40:52, HDP_UNLOAD_GROUP, 3.9, 22.1, 2223.9, 4, 0, 0, 0, 0, 0, 766, 14.2, 91, 7031.5
2, 125406, 04/11/2018 17:00:06, HDP_UNLOAD_GROUP, 1.4, 11.8, 1639.8, 1.4, 0, 0, 0, 0, 0, 168, 9, 75.4, 5191.8
2, 125408, 04/11/2018 17:40:01, HDP_UNLOAD_GROUP, 1.5, 11.4, 1564.8, 1, 0, 0, 0, 0, 0, 180, 8.9, 80.8, 5783.4
2, 125409, 04/11/2018 18:00:04, HDP_UNLOAD_GROUP, 1.2, 12.1, 1634.8, 1.1, 0, 0, 0, 0, 0, 174, 9.8, 69.4, 4658.8
2, 125410, 04/11/2018 18:20:11, HDP_UNLOAD_GROUP, 1.2, 10.9, 1676.9, 1, 0, 0, 0, 0, 0, 134, 8.7, 71.9, 4822.4
2, 125411, 04/11/2018 18:40:03, HDP_UNLOAD_GROUP, 0.4, 2.6, 772.4, 0.2, 0, 0, 5, 40, 0, 32, 2, 27.9, 1135.8
2, 125412, 04/11/2018 19:00:02, HDP_UNLOAD_GROUP, 0.2, 0.2, 958.5, 0, 0, 0, 0, 0, 0, 3, 0, 11.6, 0
2, 125414, 04/11/2018 19:40:11, HDP_UNLOAD_GROUP, 0.1, 0.2, 847.6, 0.1, 0, 0, 0, 0, 0, 5, 0, 10.9, 0
2, 125415, 04/11/2018 20:00:13, HDP_UNLOAD_GROUP, 0.5, 0.5, 633.3, 0, 0, 0, 7, 80, 80, 83, 0, 71.6, 12.8
2, 125416, 04/11/2018 20:20:13, HDP_UNLOAD_GROUP, 1.3, 1.4, 83.2, 0, 0, 0, 35, 280, 538, 130, 0.1, 205.6, 23.4
2, 125417, 04/11/2018 20:40:07, HDP_UNLOAD_GROUP, 2.3, 2.3, 235.2, 0, 0, 0, 2, 16, 46, 169, 0, 233.2, 1
2, 125418, 04/11/2018 21:00:16, HDP_UNLOAD_GROUP, 0.2, 0.3, 27.5, 0, 0, 0, 13, 104, 192, 10, 0.1, 26.2, 2.8
2, 125355, 04/11/2018 00:00:02, OTHER_GROUPS, 9.6, 18.3, 12897.4, 6, 0, 0, 0, 0, 6212, 5011, 2.7, 1112.6, 1047.6
2, 125356, 04/11/2018 00:20:07, OTHER_GROUPS, 10.2, 22.5, 14166.9, 9.6, 0, 0, 0, 0, 5459, 6201, 2.7, 1035.8, 780
2, 125357, 04/11/2018 00:40:11, OTHER_GROUPS, 10.8, 23.6, 12986.5, 10.9, 0, 0, 0, 0, 5538, 5581, 1.9, 882.3, 816.5
2, 125358, 04/11/2018 01:00:17, OTHER_GROUPS, 9.9, 24.8, 12764.5, 12.4, 0, 0, 1, 14, 5175, 4577, 2.5, 841.2, 1677
2, 125359, 04/11/2018 01:20:03, OTHER_GROUPS, 12.1, 28.4, 12614, 13.5, 0, 0, 0, 0, 5888, 5968, 2.8, 783.1, 4157.9
2, 125360, 04/11/2018 01:40:14, OTHER_GROUPS, 9.9, 23.8, 12588.2, 10.4, 0, 0, 0, 0, 5733, 4530, 3.5, 670.2, 1015.1
2, 125361, 04/11/2018 02:00:20, OTHER_GROUPS, 8.6, 18.6, 13098.7, 8.1, 0, 0, 0, 0, 5128, 3694, 1.9, 674.9, 639.1
2, 125362, 04/11/2018 02:20:14, OTHER_GROUPS, 8.9, 14.9, 11582.9, 4.4, 0, 0, 0, 0, 5804, 3684, 1.6, 809.8, 806.2
2, 125363, 04/11/2018 02:40:27, OTHER_GROUPS, 8.7, 15.9, 12568.9, 5.3, 0, 0, 0, 0, 5001, 3103, 1.9, 1005.2, 845.9
2, 125364, 04/11/2018 03:00:00, OTHER_GROUPS, 8.6, 15.6, 12435.4, 5.2, 0, 0, 0, 0, 4765, 2833, 1.8, 1064.3, 788.6
2, 125365, 04/11/2018 03:20:04, OTHER_GROUPS, 7.9, 13.8, 12210.6, 4.1, 0, 0, 0, 0, 7445, 2439, 1.8, 1300.7, 956.9
2, 125366, 04/11/2018 03:40:08, OTHER_GROUPS, 7.4, 13, 11937.1, 2.1, 0, 0, 0, 0, 6399, 1986, 3.5, 1468.5, 1145.3
2, 125367, 04/11/2018 04:00:03, OTHER_GROUPS, 9.1, 14.9, 25783.1, 3.6, 0, 0, 0, 0, 8928, 2416, 2.2, 1426.7, 959.1
2, 125368, 04/11/2018 04:20:08, OTHER_GROUPS, 12.5, 17.9, 34626.4, 2.3, 0, 0, 0, 0, 6381, 4055, 3.1, 1647.4, 1052.6
2, 125369, 04/11/2018 04:40:09, OTHER_GROUPS, 8, 14, 12211.8, 3.8, 0, 0, 0, 0, 5883, 2834, 2.2, 1292.8, 788.7
2, 125370, 04/11/2018 05:00:18, OTHER_GROUPS, 7.5, 13.8, 12488.9, 4.5, 0, 0, 0, 0, 9097, 2164, 1.8, 1827.4, 717.7
2, 125371, 04/11/2018 05:20:13, OTHER_GROUPS, 8.3, 16.5, 14041.6, 6.1, 0, 0, 0, 0, 5860, 2674, 2.1, 1428.5, 833.7
2, 125372, 04/11/2018 05:40:04, OTHER_GROUPS, 8.1, 25, 12988.2, 13.4, 0, 0, 0, 0, 5115, 3577, 3.5, 1082.1, 1067.1
2, 125373, 04/11/2018 06:00:25, OTHER_GROUPS, 11.4, 28.5, 11799.5, 12, 0, 0, 0, 0, 6267, 7540, 5.1, 838.5, 1365.5
2, 125374, 04/11/2018 06:20:42, OTHER_GROUPS, 12, 30.7, 12804.4, 12.8, 0, 0, 0, 0, 5411, 6964, 5.9, 643, 2057.9
2, 125375, 04/11/2018 06:40:52, OTHER_GROUPS, 11.3, 26.7, 12408.7, 9.9, 0, 0, 0, 0, 6410, 5774, 5.5, 639.6, 2303
2, 125376, 04/11/2018 07:00:10, OTHER_GROUPS, 73.9, 124.2, 43026, 24.3, 0, 0, 2, 48, 7427, 87270, 26, 1689.3, 11732.9
2, 125377, 04/11/2018 07:20:07, OTHER_GROUPS, 31.5, 63, 13678.6, 19.5, 0, 0, 3, 94, 3941, 45097, 12, 1020.9, 7188.5
2, 125378, 04/11/2018 07:40:09, OTHER_GROUPS, 37.8, 89.9, 16437.7, 36.9, 0, 0, 2, 62, 5385, 62099, 15.2, 1237.1, 10695.3
2, 125379, 04/11/2018 08:00:20, OTHER_GROUPS, 35, 74, 11591.3, 23.7, 0, 0, 1, 4, 5659, 56775, 15.3, 946.1, 9863.6
2, 125380, 04/11/2018 08:20:17, OTHER_GROUPS, 30.4, 66.9, 12691.7, 19.8, 0, 0, 1, 30, 6218, 43355, 16.7, 1276.4, 10578.9
2, 125381, 04/11/2018 08:40:34, OTHER_GROUPS, 20.2, 46.6, 10244.4, 8.8, 0, 0, 1, 32, 5726, 21133, 17.6, 1389.8, 10636.2
2, 125382, 04/11/2018 09:00:04, OTHER_GROUPS, 22.7, 51.6, 10772.4, 8.5, 0, 0, 0, 0, 5305, 24554, 20.4, 1078, 11879.7
2, 125383, 04/11/2018 09:20:08, OTHER_GROUPS, 26.1, 55.4, 12248.4, 10, 0, 0, 2, 48, 4707, 32256, 19.3, 1800.9, 19196.6
2, 125384, 04/11/2018 09:40:31, OTHER_GROUPS, 31.1, 60.7, 10171.8, 9, 0, 0, 3, 48, 5506, 42582, 20.6, 1470.1, 22083.3
2, 125385, 04/11/2018 10:00:02, OTHER_GROUPS, 33, 57.9, 17351.6, 6.1, 0, 0, 6, 144, 4808, 38497, 18.8, 1326.8, 20737.5
2, 125386, 04/11/2018 10:20:08, OTHER_GROUPS, 24.5, 47.9, 8094.8, 7, 0, 0, 1, 32, 5059, 25769, 16.4, 1150.5, 16721.1
2, 125387, 04/11/2018 10:40:13, OTHER_GROUPS, 19.9, 47, 15037.4, 11.7, 0, 0, 0, 0, 9972, 13674, 15.4, 1163.3, 10884.3
2, 125388, 04/11/2018 11:00:14, OTHER_GROUPS, 19.7, 32.4, 6137, 0, 0, 0, 2, 48, 6263, 13447, 12.7, 1309.2, 8702.2
2, 125389, 04/11/2018 11:20:25, OTHER_GROUPS, 14.1, 32.2, 5127.5, 2.9, 0, 0, 15, 416, 6047, 7561, 15.2, 1183.4, 9183
2, 125390, 04/11/2018 11:40:03, OTHER_GROUPS, 11.7, 27.2, 3187, 2.8, 0, 0, 10, 288, 6756, 4859, 12.7, 1159.5, 7307.2
2, 125391, 04/11/2018 12:00:18, OTHER_GROUPS, 12, 25.4, 3396.1, 0, 0, 0, 0, 0, 5410, 5875, 13.4, 1312.2, 7700.3
2, 125392, 04/11/2018 12:20:05, OTHER_GROUPS, 8.5, 20.1, 2359.5, 0, 0, 0, 8, 224, 6199, 2019, 11.6, 1450, 7321.4
2, 125393, 04/11/2018 12:40:13, OTHER_GROUPS, 12.8, 31.9, 3580.3, 5.2, 0, 0, 94, 2848, 9883, 8278, 13.9, 1966.4, 14402
2, 125394, 04/11/2018 13:00:06, OTHER_GROUPS, 24.2, 55.3, 11350.6, 13.2, 0, 0, 21, 640, 6404, 33561, 17.9, 2252.4, 61774
2, 125395, 04/11/2018 13:20:22, OTHER_GROUPS, 24.3, 51.2, 6940.2, 9.9, 0, 0, 8, 256, 6157, 32522, 17, 2108.8, 73397.7
2, 125396, 04/11/2018 13:40:35, OTHER_GROUPS, 19.8, 40.4, 4936.9, 6.2, 0, 0, 9, 256, 5845, 21928, 14.4, 1811.1, 61997.7
2, 125397, 04/11/2018 14:00:02, OTHER_GROUPS, 18, 42.2, 4502.1, 6.5, 0, 0, 2, 64, 5842, 18718, 17.7, 1642.6, 56508.6
2, 125398, 04/11/2018 14:20:06, OTHER_GROUPS, 18.9, 46, 5393.9, 12.6, 0, 0, 0, 0, 5723, 21842, 14.5, 1894, 63857.9
2, 125399, 04/11/2018 14:40:11, OTHER_GROUPS, 17.9, 38.6, 4563.4, 4.4, 0, 0, 0, 0, 6252, 19285, 16.3, 2139.6, 70251.4
2, 125400, 04/11/2018 15:00:07, OTHER_GROUPS, 16.6, 40.8, 4765.8, 8.2, 0, 0, 0, 0, 5459, 17242, 16, 1877.8, 57663.2
2, 125401, 04/11/2018 15:20:01, OTHER_GROUPS, 19.1, 46.5, 5842, 10.2, 0, 0, 0, 0, 6181, 21383, 17.2, 2153.8, 72475
2, 125402, 04/11/2018 15:40:13, OTHER_GROUPS, 13, 28.7, 3474.1, 4.8, 0, 0, 14, 448, 5897, 10802, 10.9, 1658.8, 37790.4
2, 125403, 04/11/2018 16:00:04, OTHER_GROUPS, 9.8, 24.2, 3681.7, 1.8, 0, 0, 4, 128, 6292, 4339, 12.6, 1491.4, 11027.4
2, 125404, 04/11/2018 16:20:11, OTHER_GROUPS, 10.3, 23, 3302.2, 1.4, 0, 0, 0, 0, 6450, 5066, 11.3, 1365.6, 12754.1
2, 125405, 04/11/2018 16:40:25, OTHER_GROUPS, 10.1, 20.1, 2572.9, 0, 0, 0, 0, 0, 6718, 4724, 10, 1484.3, 14201.5
2, 125406, 04/11/2018 17:00:06, OTHER_GROUPS, 7.6, 11.6, 12583, 2.3, 0, 0, 1, 14, 6742, 2304, 1.7, 1561.4, 1097.8
2, 125407, 04/11/2018 17:20:20, OTHER_GROUPS, 7.7, 32.5, 14890.1, 23.2, 0, 0, 0, 0, 7676, 2274, 1.6, 1187, 1081.9
2, 125408, 04/11/2018 17:40:01, OTHER_GROUPS, 7.4, 10.7, 11960.5, 1.4, 0, 0, 0, 0, 6477, 2047, 1.9, 1217.7, 1126.8
2, 125409, 04/11/2018 18:00:04, OTHER_GROUPS, 7.3, 11, 12258.1, 1.8, 0, 0, 0, 0, 6494, 1886, 1.9, 1298.9, 1106.9
2, 125410, 04/11/2018 18:20:11, OTHER_GROUPS, 7.2, 11.1, 13173.4, 2.2, 0, 0, 0, 0, 6236, 1826, 1.7, 1419.8, 1206
2, 125411, 04/11/2018 18:40:03, OTHER_GROUPS, 7, 9.2, 12384.2, 0.4, 0, 0, 0, 0, 6393, 1598, 1.8, 1262.4, 1010.3
2, 125412, 04/11/2018 19:00:02, OTHER_GROUPS, 6.9, 9.8, 12040.3, 1, 0, 0, 0, 0, 6198, 1497, 1.9, 1226.1, 1119.7
2, 125413, 04/11/2018 19:20:08, OTHER_GROUPS, 7.3, 10.9, 13135.9, 1.8, 0, 0, 0, 0, 8235, 1791, 1.8, 1242.7, 1114.6
2, 125414, 04/11/2018 19:40:11, OTHER_GROUPS, 7.1, 9.4, 11842, 0.4, 0, 0, 0, 0, 7370, 1605, 1.9, 1340.7, 1159.5
2, 125415, 04/11/2018 20:00:13, OTHER_GROUPS, 4.1, 10.1, 8608.9, 4.8, 0, 0, 1, 14, 3392, 1076, 1.2, 627.1, 1337
2, 125416, 04/11/2018 20:20:13, OTHER_GROUPS, 2.1, 7, 4197, 4.3, 0, 0, 0, 0, 6781, 738, 0.6, 20.2, 1191.2
2, 125417, 04/11/2018 20:40:07, OTHER_GROUPS, 2, 5.9, 4346.1, 3.2, 0, 0, 0, 0, 778, 659, 0.7, 21.1, 1359.6
2, 125418, 04/11/2018 21:00:16, OTHER_GROUPS, 2.9, 10.5, 5222.4, 5.7, 0, 0, 0, 0, 793, 1782, 1.9, 32.7, 1152.1
2, 125419, 04/11/2018 21:20:06, OTHER_GROUPS, 5.1, 15.3, 5075.6, 9.5, 0, 0, 0, 0, 878, 2871, 0.7, 29.5, 697.5
2, 125420, 04/11/2018 21:40:05, OTHER_GROUPS, 4, 13.4, 5145.5, 8.7, 0, 0, 0, 0, 854, 1986, 0.7, 36, 549.7
2, 125421, 04/11/2018 22:00:08, OTHER_GROUPS, 1.5, 9.2, 5371.9, 7.2, 0, 0, 0, 0, 855, 319, 0.5, 19.7, 560.9
2, 125422, 04/11/2018 22:20:15, OTHER_GROUPS, 3.3, 11.6, 4650.5, 7.6, 0, 0, 0, 0, 885, 1549, 0.7, 32.2, 1001.8
2, 125423, 04/11/2018 22:40:09, OTHER_GROUPS, 4.5, 13.9, 4820, 8.3, 0, 0, 0, 0, 744, 3044, 1.1, 33.7, 1393.6
2, 125424, 04/11/2018 23:00:19, OTHER_GROUPS, 4.8, 17.3, 5535.3, 11.3, 0, 0, 0, 0, 789, 4717, 1.2, 60.8, 3565.5
2, 125425, 04/11/2018 23:20:26, OTHER_GROUPS, 5.4, 15, 4306.3, 8.3, 0, 0, 0, 0, 846, 5710, 1.3, 42.8, 1997.5
2, 125426, 04/11/2018 23:40:02, OTHER_GROUPS, 5.1, 15.3, 4810.3, 9.2, 0, 0, 0, 0, 650, 5247, 1, 32.7, 1199.6
3, 125355, 04/11/2018 00:00:04, ADW_UNLOAD_GROUP, 6, 7.1, 12611.7, 1, 0, 0, 0, 0, 51, 929, 0.1, 485.1, 610.3
3, 125356, 04/11/2018 00:20:08, ADW_UNLOAD_GROUP, 0.3, 1.1, 2900.6, 0.8, 0, 0, 0, 0, 57, 106, 0, 3.7, 0
3, 125357, 04/11/2018 00:40:12, ADW_UNLOAD_GROUP, 0.5, 0.5, 931, 0, 0, 0, 0, 0, 46, 298, 0, 3.7, 0
3, 125358, 04/11/2018 01:00:17, ADW_UNLOAD_GROUP, 0.4, 0.5, 885.5, 0.1, 0, 0, 0, 0, 52, 164, 0, 5.1, 0
3, 125359, 04/11/2018 01:20:03, ADW_UNLOAD_GROUP, 3, 3.5, 3028.3, 0.3, 0, 0, 1, 32, 83, 785, 0.2, 78.3, 245
3, 125360, 04/11/2018 01:40:14, ADW_UNLOAD_GROUP, 0.6, 1.1, 443.8, 0.1, 0, 0, 0, 0, 52, 70, 0.4, 6.1, 733.1
3, 125361, 04/11/2018 02:00:21, ADW_UNLOAD_GROUP, 0.8, 1.2, 5571.3, 0.3, 0, 0, 0, 0, 52, 167, 0.1, 7.7, 209.1
3, 125362, 04/11/2018 02:20:14, ADW_UNLOAD_GROUP, 0.4, 0.4, 98.9, 0, 0, 0, 0, 0, 55, 21, 0, 0.9, 0
3, 125363, 04/11/2018 02:40:27, ADW_UNLOAD_GROUP, 0.4, 0.4, 106.9, 0, 0, 0, 0, 0, 48, 10, 0, 1.8, 0
3, 125364, 04/11/2018 03:00:00, ADW_UNLOAD_GROUP, 3.8, 4.5, 4821.4, 0.7, 1, 0.1, 1, 32, 84, 915, 0, 207.4, 0.7
3, 125365, 04/11/2018 03:20:05, ADW_UNLOAD_GROUP, 5.6, 6.6, 9825.5, 0.5, 0, 0, 0, 0, 51, 1384, 0.5, 332.8, 640.1
3, 125366, 04/11/2018 03:40:08, ADW_UNLOAD_GROUP, 3.1, 4.7, 9229.9, 1.6, 0, 0, 0, 0, 53, 336, 0, 199.4, 31
3, 125367, 04/11/2018 04:00:03, ADW_UNLOAD_GROUP, 0.4, 0.4, 1034, 0, 0, 0, 0, 0, 51, 148, 0, 3.4, 0
3, 125368, 04/11/2018 04:20:08, ADW_UNLOAD_GROUP, 0.4, 0.5, 588.6, 0.1, 0, 0, 0, 0, 52, 95, 0, 5.5, 0.3
3, 125369, 04/11/2018 04:40:09, ADW_UNLOAD_GROUP, 2.5, 3.2, 2839, 0.5, 0, 0, 1, 32, 85, 661, 0.2, 80, 169.3
3, 125370, 04/11/2018 05:00:18, ADW_UNLOAD_GROUP, 0.6, 1.1, 951.4, 0.2, 0, 0, 0, 0, 50, 109, 0.3, 4, 466
3, 125371, 04/11/2018 05:20:13, ADW_UNLOAD_GROUP, 0.7, 1, 5335.3, 0.3, 0, 0, 0, 0, 57, 180, 0, 6.3, 94.7
3, 125372, 04/11/2018 05:40:04, ADW_UNLOAD_GROUP, 0.3, 0.4, 88.7, 0.1, 0, 0, 0, 0, 51, 37, 0, 0.8, 0
3, 125373, 04/11/2018 06:00:25, ADW_UNLOAD_GROUP, 0.3, 0.4, 37.1, 0.1, 0, 0, 0, 0, 86, 16, 0, 0.6, 0
3, 125374, 04/11/2018 06:20:42, ADW_UNLOAD_GROUP, 1.7, 1.7, 2554.8, 0, 0, 0, 1, 32, 85, 269, 0, 123.4, 0.2
3, 125375, 04/11/2018 06:40:53, ADW_UNLOAD_GROUP, 6.2, 7.7, 15554.7, 1.4, 0, 0, 0, 0, 45, 1249, 0.1, 411.4, 197.3
3, 125406, 04/11/2018 17:00:03, ADW_UNLOAD_GROUP, 0.2, 15, 11947.7, 14.8, 0, 0, 0, 0, 51, 15, 0, 0, 0.2
3, 125408, 04/11/2018 17:40:01, ADW_UNLOAD_GROUP, 1.7, 2.3, 5373.3, 0.5, 0, 0, 0, 0, 52, 252, 0.1, 88.5, 577.2
3, 125409, 04/11/2018 18:00:04, ADW_UNLOAD_GROUP, 0.7, 1.4, 172.5, 0, 0, 0, 2, 34, 108, 79, 0.7, 146.2, 399.3
3, 125410, 04/11/2018 18:20:11, ADW_UNLOAD_GROUP, 5.4, 5.5, 9892.9, 0.1, 0, 0, 1, 32, 84, 1066, 0, 354.1, 4.8
3, 125411, 04/11/2018 18:40:03, ADW_UNLOAD_GROUP, 4.2, 5.4, 9610.4, 1.1, 0, 0, 0, 0, 51, 459, 0.1, 400.7, 703.8
3, 125412, 04/11/2018 19:00:02, ADW_UNLOAD_GROUP, 0.4, 0.5, 682.2, 0.1, 0, 0, 0, 0, 55, 63, 0, 9.1, 0.2
3, 125414, 04/11/2018 19:40:11, ADW_UNLOAD_GROUP, 1, 1, 952.7, 0, 0, 0, 1, 32, 200, 62, 0, 96.6, 29.3
3, 125415, 04/11/2018 20:00:13, ADW_UNLOAD_GROUP, 6, 7, 15930.1, 0.9, 0, 0, 0, 0, 129, 1153, 0.1, 464.6, 655.2
3, 125416, 04/11/2018 20:20:13, ADW_UNLOAD_GROUP, 2.4, 2.6, 5327.3, 0.2, 0, 0, 0, 0, 52, 142, 0, 215.9, 3.8
3, 125417, 04/11/2018 20:40:07, ADW_UNLOAD_GROUP, 1.7, 2, 3572, 0.2, 0, 0, 1, 32, 83, 255, 0.1, 97.6, 525.9
3, 125418, 04/11/2018 21:00:16, ADW_UNLOAD_GROUP, 1.7, 1.7, 3057.2, 0, 0, 0, 1, 32, 84, 453, 0, 159.6, 0
3, 125419, 04/11/2018 21:20:06, ADW_UNLOAD_GROUP, 6.6, 7.2, 15154.3, 0.5, 0, 0, 0, 0, 88, 1463, 0.1, 570.2, 785.2
3, 125420, 04/11/2018 21:40:05, ADW_UNLOAD_GROUP, 0.8, 1, 1501.9, 0.2, 0, 0, 0, 0, 105, 33, 0, 41.4, 0
3, 125421, 04/11/2018 22:00:08, ADW_UNLOAD_GROUP, 2.7, 3.1, 5376.1, 0.3, 0, 0, 1, 32, 88, 427, 0.1, 99, 628.6
3, 125422, 04/11/2018 22:20:15, ADW_UNLOAD_GROUP, 0.4, 0.5, 154, 0.1, 0, 0, 0, 0, 54, 4, 0, 3.8, 0
3, 125423, 04/11/2018 22:40:09, ADW_UNLOAD_GROUP, 6.5, 6.8, 11784.1, 0.3, 0, 0, 1, 32, 84, 1593, 0, 656.3, 448.1
3, 125424, 04/11/2018 23:00:19, ADW_UNLOAD_GROUP, 1.9, 2, 3015.5, 0, 0, 0, 1, 32, 84, 137, 0.1, 157.9, 23.8
3, 125425, 04/11/2018 23:20:26, ADW_UNLOAD_GROUP, 1.7, 1.9, 2709.1, 0.2, 0, 0, 1, 32, 83, 402, 0, 151.4, 344.2
3, 125426, 04/11/2018 23:40:02, ADW_UNLOAD_GROUP, 5.6, 6.4, 10252.2, 0.8, 0, 0, 0, 0, 53, 1651, 0, 647.5, 441.6
3, 125355, 04/11/2018 00:00:04, DM_TECH_GROUP, 0.8, 1.3, 49.5, 0.1, 0, 0, 460, 6544, 6570, 63, 0.4, 301.5, 835.8
3, 125356, 04/11/2018 00:20:08, DM_TECH_GROUP, 9.8, 32.4, 14229, 21.2, 0, 0, 138, 2088, 3089, 3956, 1.4, 1112.6, 1592.1
3, 125357, 04/11/2018 00:40:12, DM_TECH_GROUP, 27.9, 70.5, 50299.6, 37, 0, 0, 182, 2658, 3565, 27063, 5.6, 2213.7, 5040.7
3, 125358, 04/11/2018 01:00:17, DM_TECH_GROUP, 22.6, 47.3, 28872.9, 20.2, 0, 0, 779, 11216, 11998, 10370, 4.5, 2924.1, 5442
3, 125359, 04/11/2018 01:20:03, DM_TECH_GROUP, 22.4, 45.6, 38023.6, 19.1, 0, 0, 70, 1004, 1251, 12687, 4.1, 1554.4, 4434
3, 125360, 04/11/2018 01:40:14, DM_TECH_GROUP, 16.8, 44.1, 34006, 21.7, 0, 0, 91, 1364, 1640, 6561, 5.6, 1416.5, 9462.2
3, 125361, 04/11/2018 02:00:21, DM_TECH_GROUP, 17.3, 37.7, 23345.5, 14.3, 0, 0, 75, 1126, 1359, 6736, 6.1, 1349.9, 9164.4
3, 125362, 04/11/2018 02:20:14, DM_TECH_GROUP, 15.9, 31.7, 24188.9, 10.7, 0, 0, 47, 684, 864, 4295, 5.1, 874.2, 5477.5
3, 125363, 04/11/2018 02:40:27, DM_TECH_GROUP, 15.8, 29.6, 32090.4, 9.3, 0, 0, 16, 240, 336, 3278, 4.5, 1115, 2101.7
3, 125364, 04/11/2018 03:00:00, DM_TECH_GROUP, 11.1, 24.5, 17216.5, 9.2, 0, 0, 29, 418, 563, 2578, 4.2, 568.5, 730.3
3, 125365, 04/11/2018 03:20:05, DM_TECH_GROUP, 11.6, 20.1, 14244.7, 4, 0, 0, 136, 1942, 2550, 4314, 4.5, 1291.5, 1108.9
3, 125366, 04/11/2018 03:40:08, DM_TECH_GROUP, 2.3, 14.8, 20307.6, 8.5, 0, 0, 113, 1648, 2145, 273, 4, 156.4, 342.8
3, 125367, 04/11/2018 04:00:03, DM_TECH_GROUP, 5.9, 16.1, 15988.1, 8.4, 0, 0, 618, 8768, 8695, 1805, 1.8, 1529.9, 3002.5
3, 125368, 04/11/2018 04:20:08, DM_TECH_GROUP, 4.7, 9.7, 15792.5, 4.1, 0, 0, 47, 736, 679, 630, 0.9, 529.2, 1528.7
3, 125369, 04/11/2018 04:40:09, DM_TECH_GROUP, 6.8, 10.9, 6233.2, 2.1, 0, 0, 70, 974, 1265, 1558, 2, 829.5, 3006.2
3, 125370, 04/11/2018 05:00:18, DM_TECH_GROUP, 6.4, 12.6, 5765.2, 4.5, 0, 0, 120, 1710, 1820, 1517, 1.7, 736.5, 2179.1
3, 125371, 04/11/2018 05:20:13, DM_TECH_GROUP, 14.9, 21.1, 20113.1, 3.9, 0, 0, 45, 658, 958, 3530, 2.3, 1438.6, 4629.4
3, 125372, 04/11/2018 05:40:04, DM_TECH_GROUP, 9.6, 16, 23289.5, 5.9, 0, 0, 22, 344, 520, 2520, 0.5, 755.8, 126.7
3, 125373, 04/11/2018 06:00:25, DM_TECH_GROUP, 7.9, 15.2, 7219.2, 4.4, 0, 0, 758, 10760, 10894, 2984, 2.9, 1551.1, 3673.9
3, 125374, 04/11/2018 06:20:42, DM_TECH_GROUP, 4.2, 10.6, 7206.3, 4.8, 0, 0, 65, 944, 989, 664, 1.6, 784, 3228.1
3, 125375, 04/11/2018 06:40:53, DM_TECH_GROUP, 3.4, 7.1, 5521.1, 3, 0, 0, 71, 1080, 1196, 480, 0.7, 115.5, 268.4
3, 125406, 04/11/2018 17:00:03, DM_TECH_GROUP, 2.6, 4.8, 244.6, 0.2, 0, 0, 613, 8760, 8786, 912, 2, 1436.2, 4983
3, 125408, 04/11/2018 17:40:01, DM_TECH_GROUP, 3.3, 9, 22337, 4.5, 0, 0, 28, 452, 486, 909, 1.2, 271.2, 6891.7
3, 125409, 04/11/2018 18:00:04, DM_TECH_GROUP, 3.7, 9.9, 3556, 3.1, 0, 0, 395, 5616, 5653, 1030, 3.1, 1589.4, 11432.6
3, 125410, 04/11/2018 18:20:11, DM_TECH_GROUP, 0.5, 0.8, 29, 0.2, 0, 0, 50, 763, 767, 24, 0.1, 7.2, 462.1
3, 125411, 04/11/2018 18:40:03, DM_TECH_GROUP, 0.6, 0.7, 10.3, 0, 1, 0, 2, 32, 91, 20, 0.1, 3.7, 386
3, 125412, 04/11/2018 19:00:02, DM_TECH_GROUP, 2.9, 5.5, 256, 1, -1, 0, 846, 12070, 11996, 651, 1.6, 2062.7, 6679.7
3, 125414, 04/11/2018 19:40:11, DM_TECH_GROUP, 0.3, 0.3, 6, 0, 0, 0, 26, 408, 563, 9, 0, 4.7, 237
3, 125415, 04/11/2018 20:00:13, DM_TECH_GROUP, 2.2, 4.6, 242.5, 0.6, 0, 0, 822, 11690, 11522, 315, 1.8, 2069.4, 6560.6
3, 125417, 04/11/2018 20:40:07, DM_TECH_GROUP, 0.2, 0.2, 96.9, 0, 0, 0, 7, 108, 289, 7, 0, 12.4, 18.3
3, 125418, 04/11/2018 21:00:16, DM_TECH_GROUP, 2.9, 5.1, 2963.3, 0.7, 0, 0, 843, 12028, 11911, 399, 1.5, 2166.2, 6171.1
3, 125419, 04/11/2018 21:20:06, DM_TECH_GROUP, 0.2, 0.2, 2.6, 0, 0, 0, 0, 0, 59, 8, 0, 16.3, 20.6
3, 125421, 04/11/2018 22:00:08, DM_TECH_GROUP, 1.7, 5.3, 285.9, 2.5, 0, 0, 761, 10840, 10744, 289, 1.1, 1574.9, 3521.1
3, 125422, 04/11/2018 22:20:15, DM_TECH_GROUP, 2.4, 6.1, 4229.3, 3.3, 0, 0, 66, 1016, 1105, 514, 0.4, 605.4, 8423.7
3, 125423, 04/11/2018 22:40:09, DM_TECH_GROUP, 1.1, 2.4, 554.2, 1.2, 0, 0, 51, 760, 930, 169, 0.1, 136.8, 3256.1
3, 125424, 04/11/2018 23:00:19, DM_TECH_GROUP, 2.7, 6, 3308.4, 1.4, 0, 0, 802, 11432, 11228, 730, 1.9, 2107.1, 9082.8
3, 125355, 04/11/2018 00:00:04, OTHER_GROUPS, 8, 19.8, 13761.4, 11, 0, 0, 14, 92, 7134, 1194, 0.8, 4425.1, 133.7
3, 125356, 04/11/2018 00:20:08, OTHER_GROUPS, 17.7, 63.7, 16316, 44.2, 0, 0, 456, 2372, 21740, 10400, 1.8, 6820.3, 1674.2
3, 125357, 04/11/2018 00:40:12, OTHER_GROUPS, 18.3, 49.3, 14701.9, 29.8, 0, 0, 214, 1448, 7903, 12853, 1.2, 2920.9, 1379.2
3, 125358, 04/11/2018 01:00:17, OTHER_GROUPS, 12.8, 39.3, 13736.6, 25.7, 0, 0, 341, 2712, 8493, 7359, 0.8, 2237.3, 185.7
3, 125359, 04/11/2018 01:20:03, OTHER_GROUPS, 9.5, 31.7, 13312.9, 21.8, 0, 0, 59, 432, 6743, 4079, 0.4, 1764.3, 98.1
3, 125360, 04/11/2018 01:40:14, OTHER_GROUPS, 9.1, 27.3, 13519.6, 17.7, 0, 0, 6, 24, 6183, 2791, 0.5, 1761.8, 110.2
3, 125361, 04/11/2018 02:00:21, OTHER_GROUPS, 8.7, 19.8, 13056.8, 10.6, 0, 0, 4, 16, 5574, 3268, 0.5, 1117.3, 103.9
3, 125362, 04/11/2018 02:20:14, OTHER_GROUPS, 9.2, 15.2, 11852.1, 5.5, 0, 0, 7, 28, 6229, 2759, 0.5, 1322.4, 105.3
3, 125363, 04/11/2018 02:40:27, OTHER_GROUPS, 6.6, 8.4, 12473, 1.1, 0, 0, 1, 4, 5483, 779, 0.7, 1013.9, 129
3, 125364, 04/11/2018 03:00:00, OTHER_GROUPS, 6.7, 9.8, 13447.6, 2.6, 0, 0, 0, 0, 5083, 1422, 0.5, 782, 91.9
3, 125365, 04/11/2018 03:20:05, OTHER_GROUPS, 6.6, 8, 11603.5, 0.9, 0, 0, 0, 0, 8193, 1470, 0.5, 963.6, 104.5
3, 125366, 04/11/2018 03:40:08, OTHER_GROUPS, 6.6, 9, 13462.5, 1.7, 0, 0, 0, 0, 6897, 960, 0.7, 1340, 143.5
3, 125367, 04/11/2018 04:00:03, OTHER_GROUPS, 9.4, 11.7, 31590.2, 1.5, 0, 0, 0, 0, 8407, 2495, 0.8, 1053.8, 134.3
3, 125368, 04/11/2018 04:20:08, OTHER_GROUPS, 24.6, 28.3, 54536.3, 2.4, 0, 0, 18, 124, 5861, 14940, 1.3, 3824.2, 177
3, 125369, 04/11/2018 04:40:09, OTHER_GROUPS, 25.1, 26.5, 42913.3, 0.4, 0, 0, 2, 16, 6556, 14635, 1, 1990.8, 156.5
3, 125370, 04/11/2018 05:00:18, OTHER_GROUPS, 18.5, 23.3, 14308, 4.3, 0, 0, 4, 28, 8035, 9569, 0.5, 1852.6, 97.2
3, 125371, 04/11/2018 05:20:13, OTHER_GROUPS, 19.9, 24.4, 14629, 3.9, 0, 0, 0, 0, 6451, 8933, 0.6, 1690.3, 129.2
3, 125372, 04/11/2018 05:40:04, OTHER_GROUPS, 14.9, 19.3, 13093.9, 4, 0, 0, 5, 40, 5776, 8231, 0.4, 1237.6, 82.7
3, 125373, 04/11/2018 06:00:25, OTHER_GROUPS, 6.7, 9.5, 11393.7, 2.3, 0, 0, 0, 0, 6061, 2357, 0.5, 800.8, 82
3, 125374, 04/11/2018 06:20:42, OTHER_GROUPS, 6.6, 9.2, 12496.7, 1.9, 0, 0, 0, 0, 5985, 957, 0.7, 969.6, 118
3, 125375, 04/11/2018 06:40:53, OTHER_GROUPS, 7.2, 9.8, 13812.8, 1.9, 0, 0, 3, 52, 6407, 1280, 0.7, 949.8, 165.1
3, 125376, 04/11/2018 07:00:10, OTHER_GROUPS, 46.6, 56, 33832.6, 0, 1, 0, 895, 13210, 21710, 36473, 9.4, 10941.7, 22626.4
3, 125377, 04/11/2018 07:20:08, OTHER_GROUPS, 23.3, 29.1, 25570.6, 2, 0, 0, 32, 884, 5558, 17693, 3.8, 4815.1, 8230
3, 125378, 04/11/2018 07:40:10, OTHER_GROUPS, 41.1, 59, 48762.5, 13.7, 0, 0, 29, 622, 7470, 34368, 4.2, 2847.2, 9031.9
3, 125379, 04/11/2018 08:00:29, OTHER_GROUPS, 52.6, 69.2, 40433.2, 8.1, 8, 0.5, 37, 1229, 10620, 46699, 8.5, 3209.7, 11876.5
3, 125380, 04/11/2018 08:20:17, OTHER_GROUPS, 46.8, 61.8, 30562.1, 10.4, 0, 0, 100, 3212, 11261, 33918, 4.6, 7091.9, 6176.4
3, 125381, 04/11/2018 08:40:33, OTHER_GROUPS, 51.9, 58, 33051.3, 2.2, 0, 0, 90, 2368, 10003, 46472, 3.9, 10574, 4966.4
3, 125382, 04/11/2018 09:00:04, OTHER_GROUPS, 48.1, 56.3, 36119.6, 3.9, 0, 0, 61, 1623, 9771, 44373, 4.3, 8159.7, 4319
3, 125383, 04/11/2018 09:20:07, OTHER_GROUPS, 43.4, 49.1, 32998.3, 2.8, 0, 0, 87, 3563, 13300, 37763, 2.9, 5780.1, 2129.5
3, 125384, 04/11/2018 09:40:31, OTHER_GROUPS, 34.2, 36.6, 25317.1, 0, 0, 0, 50, 1066, 8297, 19113, 2.4, 1922.1, 3196.2
3, 125385, 04/11/2018 10:00:02, OTHER_GROUPS, 33.4, 41, 33374.4, 3.6, 0, 0, 790, 12486, 18345, 21006, 4, 7048.8, 6936.3
3, 125386, 04/11/2018 10:20:08, OTHER_GROUPS, 42, 45.9, 29073.1, 0, 0, 0, 173, 5846, 36668, 32680, 3.9, 2818.4, 5963.3
3, 125387, 04/11/2018 10:40:13, OTHER_GROUPS, 43.7, 60.3, 45657.9, 11.7, 0, 0, 58, 1478, 11972, 40046, 4.9, 3236.6, 8528.3
3, 125388, 04/11/2018 11:00:14, OTHER_GROUPS, 35.6, 40.5, 25074.7, 0, 0, 0, 834, 12470, 20200, 20822, 4.9, 6456.4, 7656.4
3, 125389, 04/11/2018 11:20:25, OTHER_GROUPS, 23.5, 26.2, 11923.8, 0, 0, 0, 165, 2719, 9673, 8892, 2.7, 2454.4, 2777.1
3, 125390, 04/11/2018 11:40:03, OTHER_GROUPS, 28.1, 29.8, 19042.4, 0, 0, 0, 48, 1058, 15910, 19065, 1.7, 3353, 1250.4
3, 125391, 04/11/2018 12:00:18, OTHER_GROUPS, 24.2, 26.7, 13721.8, 0, 0, 0, 82, 1967, 13224, 12922, 2.5, 6652.1, 1710.3
3, 125392, 04/11/2018 12:20:05, OTHER_GROUPS, 55.5, 66.2, 33453.3, 2.8, 0, 0, 58, 1654, 10519, 120989, 7.9, 7012.3, 9660.1
3, 125393, 04/11/2018 12:40:13, OTHER_GROUPS, 41, 46, 40457.3, 0, 0, 0, 34, 998, 9119, 29216, 5, 5187.6, 8686
3, 125394, 04/11/2018 13:00:04, OTHER_GROUPS, 40.3, 44.4, 29399.4, 0, 0, 0, 793, 12254, 19769, 24056, 4.1, 5703.1, 6260.9
3, 125395, 04/11/2018 13:20:22, OTHER_GROUPS, 35.1, 37.8, 21440.9, 0, 0, 0, 136, 2500, 9575, 22179, 2.7, 6082, 3394.8
3, 125396, 04/11/2018 13:40:35, OTHER_GROUPS, 33.5, 36.1, 16165.9, 0, 0, 0, 101, 3406, 11116, 21508, 2.6, 7327.1, 2514.6
3, 125397, 04/11/2018 14:00:03, OTHER_GROUPS, 28.2, 31.8, 9561.1, 0, 0, 0, 911, 13549, 20867, 15740, 3.6, 8928.1, 8469.4
3, 125398, 04/11/2018 14:20:06, OTHER_GROUPS, 42.4, 45.5, 18803.5, 0.9, 0, 0, 62, 1404, 8831, 73728, 2.2, 3144, 2835.4
3, 125399, 04/11/2018 14:40:11, OTHER_GROUPS, 49.1, 52.5, 26721.2, 0, 0, 0, 95, 3126, 11804, 39442, 3.4, 3080, 3887.8
3, 125400, 04/11/2018 15:00:07, OTHER_GROUPS, 36.8, 42.2, 21409.5, 0, 0, 0, 785, 12858, 20200, 29677, 5.4, 8168.6, 9271.4
3, 125401, 04/11/2018 15:20:00, OTHER_GROUPS, 28.5, 31.2, 15832.6, 0, 0, 0, 99, 2783, 10515, 14767, 2.7, 4396.6, 3245.1
3, 125402, 04/11/2018 15:40:13, OTHER_GROUPS, 20.8, 23.1, 8986, 0, 0, 0, 82, 2128, 9500, 9757, 2.3, 2431.4, 2053.1
3, 125403, 04/11/2018 16:00:04, OTHER_GROUPS, 39.5, 43.4, 28375.3, 0, 0, 0, 517, 8682, 16467, 28256, 3.9, 5009.2, 6833.6
3, 125404, 04/11/2018 16:20:11, OTHER_GROUPS, 23.1, 25.8, 6973.9, 0, 0, 0, 79, 2588, 11229, 12727, 2.7, 5261.8, 3028.2
3, 125405, 04/11/2018 16:40:25, OTHER_GROUPS, 17, 18.8, 6477.4, 0, 0, 0, 35, 1042, 8267, 4489, 1.8, 4000.4, 2057.7
3, 125406, 04/11/2018 17:00:03, OTHER_GROUPS, 21.6, 22.6, 11521.6, 0, 0, 0, 0, 0, 7510, 16471, 1, 1913.3, 681.1
3, 125407, 04/11/2018 17:20:20, OTHER_GROUPS, 6.7, 34.7, 21418.4, 27.1, 0, 0, 0, 0, 7161, 660, 0.9, 974.8, 140.8
3, 125408, 04/11/2018 17:40:01, OTHER_GROUPS, 6.5, 7.6, 12162.2, 0.2, 0, 0, 0, 0, 7120, 604, 0.9, 1178.7, 139.4
3, 125409, 04/11/2018 18:00:04, OTHER_GROUPS, 6.6, 8.2, 12503.4, 0.8, 0, 0, 0, 0, 7199, 1113, 0.8, 1036.9, 132.5
3, 125410, 04/11/2018 18:20:11, OTHER_GROUPS, 6.6, 7.5, 12656.3, 0, 0, 0, 0, 0, 6882, 733, 0.9, 1293.2, 133.1
3, 125411, 04/11/2018 18:40:03, OTHER_GROUPS, 6.6, 7.5, 12703.9, 0, 0, 0, 0, 0, 6942, 694, 0.9, 1291.7, 152.5
3, 125412, 04/11/2018 19:00:02, OTHER_GROUPS, 6.6, 8.1, 12464.1, 0.6, 0, 0, 0, 0, 6877, 780, 0.9, 1227.3, 155.8
3, 125413, 04/11/2018 19:20:08, OTHER_GROUPS, 6.5, 19.3, 21321, 12, 0, 0, 0, 0, 8186, 451, 0.8, 1349.6, 149.1
3, 125414, 04/11/2018 19:40:11, OTHER_GROUPS, 6.6, 7.7, 12308.3, 0, 0, 0, 0, 0, 8056, 270, 1.1, 1422.5, 170.7
3, 125415, 04/11/2018 20:00:13, OTHER_GROUPS, 3.1, 4.5, 7966.4, 1, 0, 0, 0, 0, 3895, 248, 0.4, 607.2, 95.9
3, 125416, 04/11/2018 20:20:13, OTHER_GROUPS, 0.1, 1.2, 3781.8, 1.1, 0, 0, 0, 0, 7870, 1, 0, 22.1, 41.2
3, 125417, 04/11/2018 20:40:07, OTHER_GROUPS, 0, 0.9, 3256.4, 0.9, 0, 0, 0, 0, 843, 3, 0, 15.3, 30
3, 125418, 04/11/2018 21:00:16, OTHER_GROUPS, 0.1, 1.7, 4004.4, 1.6, 0, 0, 0, 0, 943, 7, 0, 12.9, 32.6
3, 125419, 04/11/2018 21:20:06, OTHER_GROUPS, 0.1, 2, 3544.7, 1.9, 0, 0, 0, 0, 797, 1, 0, 9.5, 17.3
3, 125420, 04/11/2018 21:40:05, OTHER_GROUPS, 0, 1, 3355, 1, 0, 0, 0, 0, 765, 0, 0, 12.6, 29.4
3, 125421, 04/11/2018 22:00:08, OTHER_GROUPS, 0.1, 2.3, 3599.6, 2.2, 0, 0, 0, 0, 804, 12, 0, 12.6, 26.5
3, 125422, 04/11/2018 22:20:15, OTHER_GROUPS, 0.1, 2.2, 3566.2, 2.1, 0, 0, 0, 0, 810, 3, 0, 12.7, 33.5
3, 125423, 04/11/2018 22:40:09, OTHER_GROUPS, 0, 1.6, 3183.2, 1.6, 0, 0, 0, 0, 752, 0, 0, 10.4, 16.6
3, 125424, 04/11/2018 23:00:19, OTHER_GROUPS, 0.1, 2, 3791.8, 1.9, 0, 0, 0, 0, 826, 6, 0, 5.4, 29
3, 125425, 04/11/2018 23:20:26, OTHER_GROUPS, 1.5, 2.8, 7161.9, 1, 0, 0, 8, 240, 1080, 283, 0.3, 384.7, 469.9
3, 125426, 04/11/2018 23:40:02, OTHER_GROUPS, 0.6, 1.2, 12274.2, 0.6, 0, 0, 0, 0, 577, 17, 0, 12.4, 28.3
3, 125355, 04/11/2018 00:00:04, SANDBOX_GROUP, 1.6, 2, 994.9, 0.4, 0, 0, 6, 172, 289, 154, 0, 1601.6, 47.9
3, 125356, 04/11/2018 00:20:08, SANDBOX_GROUP, 6.8, 13.7, 3476, 6.8, 0, 0, 13, 328, 430, 1420, 0.1, 9574.7, 241.3
3, 125357, 04/11/2018 00:40:12, SANDBOX_GROUP, 6.5, 11.3, 3449.1, 4.7, 0, 0, 13, 368, 433, 1929, 0.1, 2753.5, 177
3, 125358, 04/11/2018 01:00:17, SANDBOX_GROUP, 6.3, 10.1, 3154, 3.1, 0, 0, 23, 636, 669, 2057, 0.7, 4189.5, 1477.3
3, 125359, 04/11/2018 01:20:03, SANDBOX_GROUP, 7.3, 13.1, 2821.6, 4.6, 0, 0, 21, 568, 650, 1802, 1.2, 3942.7, 2611.8
3, 125360, 04/11/2018 01:40:14, SANDBOX_GROUP, 6, 9.9, 3620.9, 2.9, 0, 0, 9, 236, 367, 1084, 1, 2287.8, 2022.8
3, 125361, 04/11/2018 02:00:21, SANDBOX_GROUP, 4.8, 7.7, 2790.8, 2.3, 0, 0, 11, 304, 245, 1159, 0.6, 2934.6, 974.4
3, 125362, 04/11/2018 02:20:14, SANDBOX_GROUP, 3.3, 3.8, 2235.2, 0.1, 0, 0, 17, 426, 463, 548, 0.4, 1940.3, 559.3
3, 125363, 04/11/2018 02:40:27, SANDBOX_GROUP, 6.4, 8.7, 3231.3, 1.4, 0, 0, 3, 64, 235, 1116, 0.9, 5522.7, 2164.4
3, 125364, 04/11/2018 03:00:00, SANDBOX_GROUP, 12.2, 17.9, 7414.6, 4.2, 0, 0, 36, 750, 799, 4764, 1.5, 6608.1, 2093.1
3, 125365, 04/11/2018 03:20:05, SANDBOX_GROUP, 5.9, 6.9, 3960.1, 0.1, 0, 0, 15, 319, 324, 1635, 0.9, 1328.7, 1414.6
3, 125366, 04/11/2018 03:40:08, SANDBOX_GROUP, 3.2, 6.3, 3597.5, 1.3, 0, 0, 1, 16, 6, 496, 1.8, 322.4, 459.1
3, 125367, 04/11/2018 04:00:03, SANDBOX_GROUP, 3.7, 4.6, 3312.8, 0.5, 0, 0, 6, 120, 605, 748, 0.4, 1688.6, 454.3
3, 125368, 04/11/2018 04:20:08, SANDBOX_GROUP, 4.9, 5.8, 5838.4, 0.4, 0, 0, 22, 612, 796, 1070, 0.5, 5327.7, 595.6
3, 125369, 04/11/2018 04:40:09, SANDBOX_GROUP, 6.6, 9.4, 3266.1, 2.2, 0, 0, 30, 780, 892, 2329, 0.6, 4286.5, 607
3, 125370, 04/11/2018 05:00:18, SANDBOX_GROUP, 6.1, 7.8, 4290.7, 1.1, 0, 0, 25, 618, 664, 1699, 0.6, 4368.6, 605
3, 125371, 04/11/2018 05:20:13, SANDBOX_GROUP, 5.3, 6.2, 4564.3, 0.5, 0, 0, 14, 352, 340, 1254, 0.4, 1981.6, 634.4
3, 125372, 04/11/2018 05:40:04, SANDBOX_GROUP, 3.3, 5.8, 3166.5, 2.2, 0, 0, 3, 28, 121, 968, 0.3, 70.1, 550.2
3, 125373, 04/11/2018 06:00:25, SANDBOX_GROUP, 14.3, 15.9, 10322.9, 0.4, 0, 0, 6, 144, 426, 5962, 1.2, 1623.4, 1516.3
3, 125374, 04/11/2018 06:20:42, SANDBOX_GROUP, 7.9, 13.4, 14590.7, 4.9, 0, 0, 5, 136, 186, 2091, 0.6, 550.5, 1478.7
3, 125375, 04/11/2018 06:40:53, SANDBOX_GROUP, 5.8, 10.3, 17194.2, 4, 0, 0, 32, 968, 1105, 1211, 0.5, 2327.9, 1195.3
3, 125406, 04/11/2018 17:00:03, SANDBOX_GROUP, 7.3, 11.5, 5821.2, 0.8, 0, 0, 7, 182, 176, 1714, 3.4, 896.7, 3929.1
3, 125408, 04/11/2018 17:40:01, SANDBOX_GROUP, 1, 1.5, 819.6, 0.3, 0, 0, 1, 32, 10, 69, 0.2, 4.2, 390.7
3, 125409, 04/11/2018 18:00:04, SANDBOX_GROUP, 9.4, 15.9, 16113.6, 4.4, 0, 0, 25, 633, 753, 5965, 2.1, 4117.9, 5886.3
3, 125410, 04/11/2018 18:20:11, SANDBOX_GROUP, 2.8, 5.3, 4524.9, 1.9, 0, 0, 21, 596, 573, 556, 0.6, 3748, 3357.1
3, 125411, 04/11/2018 18:40:03, SANDBOX_GROUP, 2, 3.2, 1584.1, 0.7, 0, 0, 14, 384, 361, 276, 0.5, 2091.4, 2398.1
3, 125412, 04/11/2018 19:00:02, SANDBOX_GROUP, 1.9, 3.3, 782, 0.8, 0, 0, 9, 234, 246, 313, 0.6, 1242, 1690.5
3, 125414, 04/11/2018 19:40:11, SANDBOX_GROUP, 1.4, 1.9, 715.7, 0.2, 0, 0, 2, 60, 98, 75, 0.3, 983.1, 532.1
3, 125415, 04/11/2018 20:00:13, SANDBOX_GROUP, 1.8, 2.2, 585.9, 0.2, 0, 0, 20, 560, 587, 230, 0.2, 3133.1, 418.2
3, 125416, 04/11/2018 20:20:13, SANDBOX_GROUP, 1.3, 2, 945, 0.5, 0, 0, 3, 88, 125, 36, 0.2, 1128.1, 361.1
3, 125417, 04/11/2018 20:40:07, SANDBOX_GROUP, 1.1, 1.4, 672.8, 0.2, 0, 0, 0, 0, 46, 62, 0.1, 3.5, 405.3
3, 125418, 04/11/2018 21:00:16, SANDBOX_GROUP, 1.3, 1.8, 862.7, 0.3, 0, 0, 3, 36, 89, 65, 0.2, 826.9, 363.7
3, 125419, 04/11/2018 21:20:06, SANDBOX_GROUP, 1.4, 1.6, 434.2, 0, 0, 0, 18, 504, 530, 117, 0.2, 2801.8, 359.3
3, 125420, 04/11/2018 21:40:05, SANDBOX_GROUP, 1.2, 1.7, 934.8, 0.4, 0, 0, 2, 60, 100, 45, 0.1, 954, 373
3, 125421, 04/11/2018 22:00:08, SANDBOX_GROUP, 2.4, 2.8, 370.9, 0.2, 0, 0, 11, 300, 339, 617, 0.2, 2809.4, 353.9
3, 125422, 04/11/2018 22:20:15, SANDBOX_GROUP, 1.2, 1.7, 1011.8, 0.3, 0, 0, 14, 392, 425, 122, 0.2, 2188.4, 374.8
3, 125423, 04/11/2018 22:40:09, SANDBOX_GROUP, 0.9, 1.3, 1739.9, 0.2, 0, 0, 0, 0, 51, 44, 0.2, 3.1, 390.9
3, 125424, 04/11/2018 23:00:19, SANDBOX_GROUP, 2.8, 3.4, 738.4, 0.1, 0, 0, 40, 882, 1020, 837, 0.5, 4467.3, 580.9
3, 125425, 04/11/2018 23:20:26, SANDBOX_GROUP, 1.2, 1.5, 496.5, 0, 0, 0, 9, 256, 271, 99, 0.3, 2087.8, 813.1
3, 125426, 04/11/2018 23:40:02, SANDBOX_GROUP, 0.9, 1.5, 832, 0.5, 0, 0, 0, 0, 5, 234, 0.1, 4.2, 533.9
3, 125355, 04/11/2018 00:00:04, SZB_SANDBOX_GROUP, 4.2, 4.5, 941.4, 0, 0, 0, 16, 942, 2305, 701, 0.3, 1773.1, 279.3
3, 125356, 04/11/2018 00:20:08, SZB_SANDBOX_GROUP, 2.3, 2.7, 104.8, 0, 0, 0, 39, 1760, 2083, 442, 0.4, 164.5, 219.4
3, 125357, 04/11/2018 00:40:12, SZB_SANDBOX_GROUP, 2.3, 3, 346.6, 0.4, 0, 0, 21, 1102, 1485, 654, 0.3, 194, 167.7
3, 125358, 04/11/2018 01:00:17, SZB_SANDBOX_GROUP, 1.5, 4.3, 705, 2.7, 0, 0, 6, 302, 734, 364, 0.1, 3922.1, 87.5
3, 125359, 04/11/2018 01:20:03, SZB_SANDBOX_GROUP, 12.3, 13.3, 4004.2, 0.6, 0, 0, 12, 640, 934, 3185, 0.4, 305.5, 256
3, 125360, 04/11/2018 01:40:14, SZB_SANDBOX_GROUP, 0.8, 1.2, 120.5, 0.3, 0, 0, 8, 251, 357, 95, 0.1, 155.1, 58.7
3, 125361, 04/11/2018 02:00:21, SZB_SANDBOX_GROUP, 17.8, 23.3, 11193.8, 3.8, 0, 0, 12, 600, 2441, 7022, 1.7, 4071.2, 3076
3, 125362, 04/11/2018 02:20:14, SZB_SANDBOX_GROUP, 7.8, 8.4, 1760.2, 0, 0, 0, 7, 306, 767, 2147, 0.6, 346.7, 803.7
3, 125363, 04/11/2018 02:40:27, SZB_SANDBOX_GROUP, 1.9, 2.3, 893.6, 0.2, 0, 0, 7, 323, 372, 152, 0.2, 102.4, 243.6
3, 125364, 04/11/2018 03:00:00, SZB_SANDBOX_GROUP, 11.3, 17.8, 2978.5, 5.9, 0, 0, 8, 430, 2226, 2304, 0.6, 3804.1, 584.8
3, 125365, 04/11/2018 03:20:05, SZB_SANDBOX_GROUP, 10.1, 10.5, 2369.7, 0, 0, 0, 3, 142, 3763, 8465, 0.4, 10165.7, 155.7
3, 125366, 04/11/2018 03:40:08, SZB_SANDBOX_GROUP, 16.2, 61.5, 8618.9, 44, 0, 0, 1, 32, 1612, 7799, 1.3, 15217.3, 624.3
3, 125367, 04/11/2018 04:00:03, SZB_SANDBOX_GROUP, 28.7, 46.5, 10508, 14.6, 0, 0, 7, 366, 6021, 17038, 3.2, 2711.3, 3973.2
3, 125368, 04/11/2018 04:20:08, SZB_SANDBOX_GROUP, 13.4, 16.9, 7230.6, 2.4, 0, 0, 4, 206, 27408, 4801, 1.1, 814.2, 889
3, 125369, 04/11/2018 04:40:09, SZB_SANDBOX_GROUP, 8.6, 10.1, 2868.3, 0, 0, 0, 4, 224, 18118, 3059, 1.5, 608, 2054.4
3, 125370, 04/11/2018 05:00:18, SZB_SANDBOX_GROUP, 15.6, 28.8, 13255.7, 10, 0, 0, 8, 350, 9915, 8950, 3.2, 3697.1, 5046.6
3, 125371, 04/11/2018 05:20:13, SZB_SANDBOX_GROUP, 7.9, 11.8, 18690.7, 3.3, 0, 0, 1, 14, 8205, 1847, 0.6, 194.8, 1033.7
3, 125372, 04/11/2018 05:40:04, SZB_SANDBOX_GROUP, 23.4, 43.6, 29486.9, 16.8, 0, 0, 1, 32, 7946, 22482, 3.4, 1466.4, 6740.9
3, 125373, 04/11/2018 06:00:25, SZB_SANDBOX_GROUP, 22.5, 28.9, 16575.1, 3.4, 0, 0, 1, 14, 11758, 18354, 3, 4674.7, 4589
3, 125374, 04/11/2018 06:20:42, SZB_SANDBOX_GROUP, 15.3, 17.9, 18492.4, 1.1, 0, 0, 3, 160, 3791, 7065, 1.5, 709.4, 2539.6
3, 125375, 04/11/2018 06:40:53, SZB_SANDBOX_GROUP, 12.7, 16, 10818.3, 2.3, 0, 0, 3, 110, 1633, 1891, 1, 384.1, 2374.5
3, 125406, 04/11/2018 17:00:03, SZB_SANDBOX_GROUP, 6.5, 8.1, 1176.3, 0.9, 0, 0, 13, 576, 1967, 2472, 0.7, 6117.7, 1061.4
3, 125408, 04/11/2018 17:40:01, SZB_SANDBOX_GROUP, 7.6, 8, 725.2, 0, 0, 0, 28, 1600, 3937, 2009, 0.4, 304.1, 631.6
3, 125409, 04/11/2018 18:00:04, SZB_SANDBOX_GROUP, 7.4, 7.7, 384.1, 0, 0, 0, 33, 2080, 3622, 1998, 0.3, 3242, 240.4
3, 125410, 04/11/2018 18:20:11, SZB_SANDBOX_GROUP, 2.4, 2.7, 97.1, 0, 0, 0, 27, 1312, 1715, 328, 0.3, 131.3, 357.3
3, 125411, 04/11/2018 18:40:03, SZB_SANDBOX_GROUP, 3.4, 3.7, 468.3, 0, 0, 0, 68, 3368, 4257, 488, 0.3, 459.3, 495.7
3, 125412, 04/11/2018 19:00:02, SZB_SANDBOX_GROUP, 8.1, 10.7, 1266.6, 1.2, 0, 0, 141, 4016, 10495, 3458, 1.4, 3004.2, 1922.6
3, 125414, 04/11/2018 19:40:11, SZB_SANDBOX_GROUP, 5.4, 6.4, 1968.4, 0, 0, 0, 96, 2168, 6103, 1790, 1, 435.4, 1936.8
3, 125415, 04/11/2018 20:00:13, SZB_SANDBOX_GROUP, 5.2, 6.1, 1960.2, 0.4, 0, 0, 90, 2144, 5937, 1815, 0.5, 2251.6, 1126.6
3, 125416, 04/11/2018 20:20:13, SZB_SANDBOX_GROUP, 3, 4.1, 565.3, 0.8, 0, 0, 81, 2008, 17756, 489, 0.3, 494, 789.9
3, 125417, 04/11/2018 20:40:07, SZB_SANDBOX_GROUP, 3.4, 3.6, 337.3, 0, 0, 0, 91, 3260, 15986, 5683, 0.2, 233.9, 735.8
3, 125418, 04/11/2018 21:00:16, SZB_SANDBOX_GROUP, 11.1, 13.1, 8465, 1.2, 0, 0, 32, 1328, 8022, 2110, 0.8, 2165.6, 3390.5
3, 125419, 04/11/2018 21:20:06, SZB_SANDBOX_GROUP, 5.6, 6.2, 1090.9, 0, 0, 0, 77, 3928, 13607, 1190, 0.6, 330.9, 1845.7
3, 125420, 04/11/2018 21:40:05, SZB_SANDBOX_GROUP, 3.8, 4.1, 800.8, 0, 0, 0, 71, 3816, 4984, 474, 0.3, 301.8, 863.7
3, 125421, 04/11/2018 22:00:08, SZB_SANDBOX_GROUP, 13.9, 14.3, 8829.7, 0, 0, 0, 64, 3040, 4167, 3436, 0.4, 2186, 701.6
3, 125422, 04/11/2018 22:20:15, SZB_SANDBOX_GROUP, 4.4, 4.8, 1613.3, 0, 0, 0, 129, 5600, 7372, 669, 0.4, 508.3, 780.2
3, 125423, 04/11/2018 22:40:09, SZB_SANDBOX_GROUP, 2.7, 3, 610.2, 0, 0, 0, 25, 1408, 1757, 1132, 0.3, 979.9, 525.4
3, 125424, 04/11/2018 23:00:19, SZB_SANDBOX_GROUP, 10.4, 11.7, 10293.6, 1, 0, 0, 24, 1504, 1955, 2284, 0.3, 3860.6, 423.1
3, 125425, 04/11/2018 23:20:26, SZB_SANDBOX_GROUP, 1.8, 2, 154.9, 0, 0, 0, 12, 704, 1033, 654, 0.2, 55.8, 350.9
3, 125426, 04/11/2018 23:40:02, SZB_SANDBOX_GROUP, 1.5, 1.6, 90.3, 0, 0, 0, 8, 480, 699, 125, 0.1, 19.5, 147.7
4, 125355, 04/11/2018 00:00:03, ADW_UNLOAD_GROUP, 0.3, 0.3, 6.4, 0, 0, 0, 0, 0, 51, 16, 0, 0.3, 0.3
4, 125356, 04/11/2018 00:20:07, ADW_UNLOAD_GROUP, 0.2, 0.4, 6.4, 0.2, 0, 0, 0, 0, 52, 20, 0, 0.3, 0.3
4, 125357, 04/11/2018 00:40:12, ADW_UNLOAD_GROUP, 0.2, 0.3, 4.8, 0.1, 0, 0, 0, 0, 56, 57, 0, 0.3, 2.5
4, 125358, 04/11/2018 01:00:27, ADW_UNLOAD_GROUP, 0.2, 0.3, 7.2, 0.1, 0, 0, 0, 0, 47, 42, 0, 0.2, 0.2
4, 125359, 04/11/2018 01:20:03, ADW_UNLOAD_GROUP, 0.3, 0.4, 3.5, 0.1, 0, 0, 0, 0, 52, 47, 0, 1, 2.2
4, 125360, 04/11/2018 01:40:14, ADW_UNLOAD_GROUP, 0.3, 0.3, 8.6, 0, 0, 0, 0, 0, 52, 37, 0, 0.3, 0.6
4, 125361, 04/11/2018 02:00:24, ADW_UNLOAD_GROUP, 0.2, 0.4, 3.7, 0.2, 0, 0, 0, 0, 51, 21, 0, 0.2, 0.3
4, 125362, 04/11/2018 02:20:13, ADW_UNLOAD_GROUP, 0.3, 0.3, 6.2, 0, 0, 0, 0, 0, 57, 17, 0, 0.3, 2.3
4, 125363, 04/11/2018 02:40:27, ADW_UNLOAD_GROUP, 0.4, 0.5, 12.8, 0.1, 0, 0, 0, 0, 46, 20, 0, 10.6, 12.7
4, 125364, 04/11/2018 03:00:00, ADW_UNLOAD_GROUP, 0.3, 0.4, 5, 0.1, 0, 0, 0, 0, 52, 50, 0, 1.9, 19.2
4, 125365, 04/11/2018 03:20:05, ADW_UNLOAD_GROUP, 0.3, 0.4, 12.4, 0.1, 0, 0, 0, 0, 51, 19, 0, 3.5, 7.3
4, 125366, 04/11/2018 03:40:08, ADW_UNLOAD_GROUP, 0.3, 0.4, 12, 0.1, 0, 0, 0, 0, 52, 16, 0, 1.2, 6.6
4, 125367, 04/11/2018 04:00:03, ADW_UNLOAD_GROUP, 0.3, 0.5, 9.1, 0.2, 0, 0, 0, 0, 51, 27, 0, 0.5, 6.3
4, 125368, 04/11/2018 04:20:08, ADW_UNLOAD_GROUP, 0.3, 0.4, 5.9, 0.1, 0, 0, 0, 0, 52, 31, 0, 0.3, 1.9
4, 125369, 04/11/2018 04:40:09, ADW_UNLOAD_GROUP, 0.3, 0.3, 5.7, 0, 0, 0, 0, 0, 51, 63, 0, 0.4, 1.7
4, 125370, 04/11/2018 05:00:18, ADW_UNLOAD_GROUP, 0.3, 0.4, 6, 0.1, 0, 0, 0, 0, 52, 43, 0, 0.3, 1.5
4, 125371, 04/11/2018 05:20:13, ADW_UNLOAD_GROUP, 0.3, 0.4, 7.7, 0.1, 0, 0, 0, 0, 57, 18, 0, 0.4, 3.5
4, 125372, 04/11/2018 05:40:04, ADW_UNLOAD_GROUP, 0.3, 0.4, 5.4, 0.1, 0, 0, 0, 0, 51, 34, 0, 0.3, 1
4, 125373, 04/11/2018 06:00:25, ADW_UNLOAD_GROUP, 0.3, 0.3, 7.4, 0, 0, 0, 0, 0, 57, 45, 0, 0.3, 2.4
4, 125374, 04/11/2018 06:20:44, ADW_UNLOAD_GROUP, 0.4, 0.6, 15.4, 0.1, 0, 0, 0, 0, 53, 42, 0.1, 5.9, 40.5
4, 125375, 04/11/2018 06:40:52, ADW_UNLOAD_GROUP, 0.3, 0.4, 6.2, 0, 0, 0, 0, 0, 47, 40, 0.1, 0.8, 93.8
4, 125406, 04/11/2018 17:00:06, ADW_UNLOAD_GROUP, 0.2, 0.4, 6.3, 0.1, 0, 0, 0, 0, 52, 11, 0.1, 0.8, 90.5
4, 125408, 04/11/2018 17:40:01, ADW_UNLOAD_GROUP, 0.2, 0.3, 4, 0, 0, 0, 0, 0, 52, 3, 0.1, 1.5, 179.9
4, 125409, 04/11/2018 18:00:04, ADW_UNLOAD_GROUP, 0.4, 0.8, 141.5, 0.3, 0, 0, 0, 0, 125, 39, 0.1, 13.6, 125.8
4, 125410, 04/11/2018 18:20:11, ADW_UNLOAD_GROUP, 0.1, 0.2, 1, 0, 0, 0, 0, 0, 52, 0, 0.1, 3.1, 394.2
4, 125411, 04/11/2018 18:40:03, ADW_UNLOAD_GROUP, 0.2, 0.6, 8.8, 0.3, 0, 0, 0, 0, 51, 3, 0.1, 2.1, 246.7
4, 125412, 04/11/2018 19:00:02, ADW_UNLOAD_GROUP, 0.1, 0.3, 3.9, 0, 0, 0, 0, 0, 54, 2, 0.2, 1.7, 215.1
4, 125414, 04/11/2018 19:40:11, ADW_UNLOAD_GROUP, 0.2, 0.5, 7.9, 0.2, 0, 0, 0, 0, 168, 1, 0.1, 1.5, 164.9
4, 125415, 04/11/2018 20:00:13, ADW_UNLOAD_GROUP, 0.2, 0.5, 6.9, 0.1, 0, 0, 0, 0, 105, 3, 0.2, 14.4, 214.8
4, 125416, 04/11/2018 20:20:13, ADW_UNLOAD_GROUP, 0.3, 0.6, 8.1, 0.1, 0, 0, 0, 0, 52, 12, 0.2, 23.5, 289.3
4, 125417, 04/11/2018 20:40:07, ADW_UNLOAD_GROUP, 0.3, 0.5, 8.6, 0, 0, 0, 0, 0, 51, 14, 0.2, 2.5, 294
4, 125418, 04/11/2018 21:00:16, ADW_UNLOAD_GROUP, 0.3, 0.5, 7, 0.1, 0, 0, 0, 0, 52, 30, 0.1, 1, 118.5
4, 125419, 04/11/2018 21:20:06, ADW_UNLOAD_GROUP, 0.3, 0.4, 25.1, 0, 0, 0, 0, 0, 91, 12, 0.1, 1.4, 152.2
4, 125420, 04/11/2018 21:40:05, ADW_UNLOAD_GROUP, 0.3, 0.5, 16.9, 0.1, 0, 0, 0, 0, 108, 7, 0.1, 1.6, 182.2
4, 125421, 04/11/2018 22:00:08, ADW_UNLOAD_GROUP, 0.3, 0.5, 12, 0.1, 0, 0, 0, 0, 53, 13, 0.1, 2.4, 137.7
4, 125422, 04/11/2018 22:20:15, ADW_UNLOAD_GROUP, 0.3, 0.6, 8.5, 0.2, 0, 0, 0, 0, 54, 14, 0.1, 1.7, 134.7
4, 125423, 04/11/2018 22:40:09, ADW_UNLOAD_GROUP, 0.3, 0.6, 8.9, 0.1, 0, 0, 0, 0, 55, 13, 0.2, 1.9, 203.8
4, 125424, 04/11/2018 23:00:19, ADW_UNLOAD_GROUP, 0.4, 0.5, 9.6, 0, 0, 0, 0, 0, 52, 26, 0.1, 3.1, 135.7
4, 125425, 04/11/2018 23:20:26, ADW_UNLOAD_GROUP, 0.2, 0.4, 6.9, 0.1, 0, 0, 0, 0, 53, 11, 0.1, 2.3, 257.5
4, 125426, 04/11/2018 23:40:02, ADW_UNLOAD_GROUP, 0.1, 0.1, 4.5, 0, 0, 0, 0, 0, 52, 2, 0, 0.7, 0.8
4, 125355, 04/11/2018 00:00:03, DM_TECH_GROUP, 3, 5.8, 768.3, 1.2, 0, 0, 292, 4144, 4217, 736, 1.6, 1534.3, 4270.4
4, 125356, 04/11/2018 00:20:07, DM_TECH_GROUP, 9.9, 24, 19673.2, 10.6, 0, 0, 174, 2612, 2882, 6263, 3.5, 1390.1, 8551.1
4, 125357, 04/11/2018 00:40:12, DM_TECH_GROUP, 13.4, 40.1, 28098.8, 20.6, 0, 0, 101, 1542, 1681, 9461, 6.1, 934.8, 14820.8
4, 125358, 04/11/2018 01:00:27, DM_TECH_GROUP, 15.7, 44.4, 41894, 20.9, 0, 0, 319, 4612, 4748, 10248, 7.8, 1586, 14198.3
4, 125359, 04/11/2018 01:20:03, DM_TECH_GROUP, 18.5, 38.4, 43011.7, 12.8, 0, 0, 111, 1664, 1630, 9704, 7.1, 1451, 10896.1
4, 125360, 04/11/2018 01:40:14, DM_TECH_GROUP, 17.9, 27.9, 20002.7, 5.6, 0, 0, 89, 1288, 1525, 7065, 4.4, 2537.5, 2906.2
4, 125361, 04/11/2018 02:00:24, DM_TECH_GROUP, 16.4, 33.8, 8148.7, 11.7, 1, 0, 766, 10988, 11521, 5679, 5.7, 3089, 6007.2
4, 125362, 04/11/2018 02:20:13, DM_TECH_GROUP, 16.7, 29.9, 8351.9, 6.8, 0, 0, 274, 3944, 4108, 5985, 6.4, 1742.2, 11538.3
4, 125363, 04/11/2018 02:40:27, DM_TECH_GROUP, 14.8, 28.6, 13921.9, 9.2, 0, 0, 26, 432, 356, 3223, 4.6, 797.3, 6264.7
4, 125364, 04/11/2018 03:00:00, DM_TECH_GROUP, 15.1, 32.1, 9280.4, 8.8, 0, 0, 770, 10948, 11099, 5549, 8.2, 2269.8, 9691.4
4, 125365, 04/11/2018 03:20:05, DM_TECH_GROUP, 10.3, 21.7, 11454.7, 6.5, 0, 0, 61, 852, 905, 2311, 4.9, 882.4, 4764.9
4, 125366, 04/11/2018 03:40:08, DM_TECH_GROUP, 4.7, 21, 13388, 11.3, 0, 0, 92, 1396, 1264, 638, 5, 277.1, 794.2
4, 125367, 04/11/2018 04:00:03, DM_TECH_GROUP, 11, 24.1, 22179.3, 10.3, 0, 0, 100, 1416, 1423, 1983, 2.8, 1130.5, 805.8
4, 125368, 04/11/2018 04:20:08, DM_TECH_GROUP, 8.6, 22.8, 22291, 10.2, 0, 0, 13, 188, 183, 1550, 4, 884.2, 2160.3
4, 125369, 04/11/2018 04:40:09, DM_TECH_GROUP, 10.2, 21.7, 16833.6, 6.6, 0, 0, 24, 340, 521, 4933, 4.9, 690.8, 3736.1
4, 125370, 04/11/2018 05:00:18, DM_TECH_GROUP, 7.1, 17.4, 23409.7, 6.2, 0, 0, 58, 868, 1024, 2480, 4.1, 678.6, 4033.7
4, 125371, 04/11/2018 05:20:13, DM_TECH_GROUP, 3.6, 9.6, 1590, 2.7, 0, 0, 13, 216, 331, 670, 3.3, 188.3, 1026.4
4, 125372, 04/11/2018 05:40:04, DM_TECH_GROUP, 1.5, 6.8, 1050.6, 2.7, 0, 0, 8, 136, 113, 324, 2.6, 96.5, 927.5
4, 125373, 04/11/2018 06:00:25, DM_TECH_GROUP, 1.8, 6.4, 3684.7, 2, 0, 0, 8, 120, 291, 434, 2.6, 89.3, 642
4, 125374, 04/11/2018 06:20:44, DM_TECH_GROUP, 1, 5.9, 427.3, 2, 0, 0, 0, 0, 0, 136, 2.9, 28.7, 747.3
4, 125375, 04/11/2018 06:40:52, DM_TECH_GROUP, 1.1, 5.6, 687.7, 1.2, 0, 0, 29, 400, 372, 187, 3.3, 94.4, 687.8
4, 125406, 04/11/2018 17:00:06, DM_TECH_GROUP, 1.2, 2.4, 107.3, 0.3, 0, 0, 236, 3360, 3315, 158, 0.9, 609.1, 1831.5
4, 125408, 04/11/2018 17:40:01, DM_TECH_GROUP, 1.7, 4.3, 13789.7, 2.2, 0, 0, 9, 148, 263, 231, 0.4, 168.9, 4055.6
4, 125409, 04/11/2018 18:00:04, DM_TECH_GROUP, 1.9, 3.3, 2875, 0.7, 0, 0, 433, 6148, 6102, 431, 0.7, 598.1, 711.6
4, 125410, 04/11/2018 18:20:11, DM_TECH_GROUP, 0.2, 0.5, 76.2, 0.1, 0, 0, 0, 0, 0, 2, 0.2, 6.2, 332.4
4, 125411, 04/11/2018 18:40:03, DM_TECH_GROUP, 0.2, 0.5, 84.3, 0.1, 0, 0, 0, 0, 0, 1, 0.2, 6.4, 349.4
4, 125412, 04/11/2018 19:00:02, DM_TECH_GROUP, 0.2, 0.4, 45.9, 0, 0, 0, 0, 0, 8, 4, 0.2, 6.1, 315.8
4, 125414, 04/11/2018 19:40:11, DM_TECH_GROUP, 0.2, 0.5, 96.9, 0.1, 0, 0, 0, 0, 0, 2, 0.2, 5.9, 293.8
4, 125415, 04/11/2018 20:00:13, DM_TECH_GROUP, 0.2, 0.6, 1126.2, 0.3, 0, 0, 0, 0, 7, 9, 0.1, 4.7, 226.1
4, 125416, 04/11/2018 20:20:13, DM_TECH_GROUP, 0.2, 0.5, 107.4, 0.1, 0, 0, 2, 36, 0, 4, 0.2, 6.4, 276.6
4, 125417, 04/11/2018 20:40:07, DM_TECH_GROUP, 0.1, 0.4, 24.4, 0.2, 0, 0, 0, 0, 0, 1, 0.1, 2.6, 330.4
4, 125418, 04/11/2018 21:00:16, DM_TECH_GROUP, 0.4, 0.7, 71.5, 0, 0, 0, 5, 86, 313, 45, 0.3, 17.2, 354.8
4, 125419, 04/11/2018 21:20:06, DM_TECH_GROUP, 0.1, 0.4, 25.4, 0.2, 0, 0, 5, 72, 96, 1, 0.1, 2.1, 267.5
4, 125420, 04/11/2018 21:40:05, DM_TECH_GROUP, 0.1, 0.4, 24, 0.2, 0, 0, 0, 0, 0, 0, 0.1, 2.1, 271.6
4, 125421, 04/11/2018 22:00:08, DM_TECH_GROUP, 0.1, 0.4, 27.5, 0.2, 0, 0, 1, 16, 27, 0, 0.1, 3.9, 249.4
4, 125422, 04/11/2018 22:20:15, DM_TECH_GROUP, 2.7, 7.3, 6044.4, 4, 0, 0, 4, 72, 148, 974, 0.6, 396.2, 4176.1
4, 125423, 04/11/2018 22:40:09, DM_TECH_GROUP, 1.7, 4.2, 15436.3, 2, 0, 0, 3, 60, 50, 402, 0.5, 149.9, 2778.2
4, 125424, 04/11/2018 23:00:19, DM_TECH_GROUP, 0.5, 0.8, 1307.3, 0.2, 0, 0, 0, 0, 9, 52, 0.1, 28.4, 405.9
4, 125425, 04/11/2018 23:20:26, DM_TECH_GROUP, 0.2, 0.5, 68.6, 0.1, 0, 0, 0, 0, 0, 1, 0.2, 6.6, 371.1
4, 125426, 04/11/2018 23:40:02, DM_TECH_GROUP, 0.2, 0.5, 64.8, 0.2, 0, 0, 5, 72, 96, 7, 0.1, 6.6, 368.8
4, 125355, 04/11/2018 00:00:03, OTHER_GROUPS, 7.3, 18, 12063.1, 9.2, 0, 0, 66, 264, 1588, 1355, 1.5, 2306.3, 586.4
4, 125356, 04/11/2018 00:20:07, OTHER_GROUPS, 15.5, 74.8, 15535.4, 57.8, 0, 0, 188, 1072, 2864, 6722, 1.5, 9776, 449
4, 125357, 04/11/2018 00:40:12, OTHER_GROUPS, 27.2, 77.2, 16437.2, 48.6, 0, 0, 611, 4144, 7686, 25659, 1.4, 5064.5, 1480.5
4, 125358, 04/11/2018 01:00:27, OTHER_GROUPS, 21.1, 55.8, 14256.6, 33.5, 0, 0, 219, 1740, 2909, 16110, 1.2, 2095.9, 1253.6
4, 125359, 04/11/2018 01:20:03, OTHER_GROUPS, 19, 45.6, 13444, 25.3, 0, 0, 98, 684, 2205, 11717, 1.3, 1820.1, 1456.6
4, 125360, 04/11/2018 01:40:14, OTHER_GROUPS, 17.5, 27.9, 11899.8, 8.4, 0, 0, 38, 180, 1703, 11031, 2, 2548.3, 3203.3
4, 125361, 04/11/2018 02:00:24, OTHER_GROUPS, 10, 15.4, 12483.6, 3.8, 0, 0, 8, 44, 1557, 3850, 1.6, 1015.3, 2621.7
4, 125362, 04/11/2018 02:20:13, OTHER_GROUPS, 5.8, 7.8, 10283.4, 1.4, 0, 0, 1, 4, 1857, 688, 0.6, 657.2, 135
4, 125363, 04/11/2018 02:40:27, OTHER_GROUPS, 5.7, 8.2, 10874.4, 2, 0, 0, 0, 0, 931, 488, 0.5, 712.3, 115.3
4, 125364, 04/11/2018 03:00:00, OTHER_GROUPS, 5.8, 9.7, 12230.9, 3.3, 0, 0, 0, 0, 778, 1173, 0.6, 606.4, 297.7
4, 125365, 04/11/2018 03:20:05, OTHER_GROUPS, 5.9, 8.1, 10422.5, 1.5, 0, 0, 0, 0, 783, 1064, 0.7, 774.1, 401.8
4, 125366, 04/11/2018 03:40:08, OTHER_GROUPS, 5.8, 8.9, 11903.4, 1.9, 0, 0, 0, 0, 718, 525, 1.2, 1113.1, 188.3
4, 125367, 04/11/2018 04:00:03, OTHER_GROUPS, 8.1, 12.1, 29850.7, 3, 0, 0, 0, 0, 2651, 1344, 1, 966.9, 246.5
4, 125368, 04/11/2018 04:20:08, OTHER_GROUPS, 18.9, 22.3, 45874.6, 2.1, 0, 0, 31, 240, 3041, 8261, 1.3, 1884.3, 233.8
4, 125369, 04/11/2018 04:40:09, OTHER_GROUPS, 25.4, 27.7, 30851.3, 1.4, 0, 0, 14, 112, 2089, 21982, 0.9, 1777, 174.5
4, 125370, 04/11/2018 05:00:18, OTHER_GROUPS, 5.8, 9.7, 12124.4, 3.4, 0, 0, 1, 8, 3224, 1420, 0.5, 924.1, 247.5
4, 125371, 04/11/2018 05:20:13, OTHER_GROUPS, 6.3, 9.7, 12382.8, 2.6, 0, 0, 0, 0, 1006, 674, 0.8, 1118.5, 458
4, 125372, 04/11/2018 05:40:04, OTHER_GROUPS, 5.4, 9.5, 11310.2, 3.5, 0, 0, 0, 0, 750, 1393, 0.6, 723.8, 195.5
4, 125373, 04/11/2018 06:00:25, OTHER_GROUPS, 5.7, 8.5, 10072.4, 2.1, 0, 0, 0, 0, 960, 1475, 0.7, 717.9, 170.1
4, 125374, 04/11/2018 06:20:44, OTHER_GROUPS, 5.8, 8.8, 11801.9, 2.4, 0, 0, 0, 0, 805, 1043, 0.6, 739.5, 113.5
4, 125375, 04/11/2018 06:40:52, OTHER_GROUPS, 6.3, 9, 11646.4, 1.4, 0, 0, 2, 96, 1471, 1771, 1.3, 795.9, 223.2
4, 125376, 04/11/2018 07:00:10, OTHER_GROUPS, 48.5, 67.9, 20124, 8.8, 0, 0, 235, 4940, 10007, 42698, 10.6, 13813.8, 6915.9
4, 125377, 04/11/2018 07:20:08, OTHER_GROUPS, 22.5, 32.2, 22767.3, 2.6, 0, 0, 91, 2326, 4223, 23885, 7.1, 5458.9, 12687.6
4, 125378, 04/11/2018 07:40:09, OTHER_GROUPS, 31.6, 45.6, 7886.4, 8.3, 0, 0, 82, 1948, 6244, 17984, 5.7, 5535.3, 5322.3
4, 125379, 04/11/2018 08:00:29, OTHER_GROUPS, 64.9, 117.6, 39701.5, 42.6, 50, 2.1, 160, 2889, 6416, 169368, 10.1, 10751.3, 7810
4, 125380, 04/11/2018 08:20:17, OTHER_GROUPS, 74.6, 94.5, 29156.8, 11.3, 2, 0, 656, 11312, 14026, 149186, 8.6, 9869.6, 7552.2
4, 125381, 04/11/2018 08:40:34, OTHER_GROUPS, 54.1, 70.1, 29652.5, 6.5, 0, 0, 279, 5136, 11452, 48148, 9.5, 4139.4, 10879.2
4, 125382, 04/11/2018 09:00:04, OTHER_GROUPS, 50.1, 68.6, 16656.5, 11.7, 0, 0, 153, 4434, 110911, 50588, 6.8, 5890.1, 5262.1
4, 125383, 04/11/2018 09:20:08, OTHER_GROUPS, 46.8, 62.8, 17961.5, 9.5, 1, 0, 257, 6762, 10086, 44093, 6.5, 7680.1, 4220.4
4, 125384, 04/11/2018 09:40:35, OTHER_GROUPS, 35.3, 45.6, 12617.1, 4.8, 0, 0, 214, 5016, 13020, 26022, 5.5, 6803.4, 6993.9
4, 125385, 04/11/2018 10:00:02, OTHER_GROUPS, 73.1, 93.9, 43023.4, 11.3, 0, 0, 197, 5522, 10890, 175735, 9.5, 10660.8, 9278.2
4, 125386, 04/11/2018 10:20:08, OTHER_GROUPS, 57.5, 62.3, 42310.3, 0, 2, 0, 317, 15964, 17916, 66658, 4.8, 7389.4, 5274
4, 125387, 04/11/2018 10:40:15, OTHER_GROUPS, 33.1, 41.6, 44436.2, 5, 0, 0, 876, 53112, 60369, 19030, 3.5, 7254.8, 3605.7
4, 125388, 04/11/2018 11:00:14, OTHER_GROUPS, 30.8, 35.8, 29916.6, 0, 0, 0, 1081, 63832, 69560, 19263, 5, 11143.5, 5285.2
4, 125389, 04/11/2018 11:20:25, OTHER_GROUPS, 28.6, 32.2, 27773, 0, 0, 0, 1138, 68064, 73292, 18867, 3.6, 10495.1, 5430.7
4, 125390, 04/11/2018 11:40:03, OTHER_GROUPS, 19, 21.3, 4555.5, 0, 0, 0, 1262, 72318, 80585, 7705, 2.3, 6518.1, 2720.2
4, 125391, 04/11/2018 12:00:18, OTHER_GROUPS, 42.9, 49.3, 24329.8, 0, 2, 0, 1419, 50697, 57563, 28895, 6.4, 11143.7, 8017.2
4, 125392, 04/11/2018 12:20:05, OTHER_GROUPS, 33, 43.7, 17443.3, 7.1, 0, 0, 818, 45223, 49075, 25589, 3.6, 4887.9, 7295.5
4, 125393, 04/11/2018 12:40:13, OTHER_GROUPS, 27.8, 31.4, 14359.7, 0, 0, 0, 1134, 70152, 87192, 19701, 3.6, 8957.6, 8417.5
4, 125394, 04/11/2018 13:00:18, OTHER_GROUPS, 36.8, 41.3, 35475.4, 0, 0, 0, 652, 38180, 40696, 22917, 4.5, 8749.7, 5993.2
4, 125395, 04/11/2018 13:20:22, OTHER_GROUPS, 25.2, 29.3, 18885.2, 0, 0, 0, 1333, 81612, 83107, 14813, 4.1, 4813.8, 8300.8
4, 125396, 04/11/2018 13:40:35, OTHER_GROUPS, 19.4, 21.2, 19235, 0, 0, 0, 519, 26988, 28315, 41564, 1.8, 1536.1, 1738.1
4, 125397, 04/11/2018 14:00:02, OTHER_GROUPS, 20.8, 23.3, 9190.7, 0, 0, 0, 1144, 67776, 76629, 5999, 2.5, 4767.3, 3744.9
4, 125398, 04/11/2018 14:20:06, OTHER_GROUPS, 14.2, 16.4, 8043.2, 0, 0, 0, 186, 8247, 36040, 3774, 2.2, 5532.8, 11038.6
4, 125399, 04/11/2018 14:40:11, OTHER_GROUPS, 20.4, 24.2, 3838.1, 0, 0, 0, 100, 3912, 12504, 10312, 3.8, 9026, 5483
4, 125400, 04/11/2018 15:00:05, OTHER_GROUPS, 41.7, 45.1, 23458.8, 0, 0, 0, 146, 3768, 12348, 22852, 3.4, 7785, 4203.2
4, 125401, 04/11/2018 15:20:01, OTHER_GROUPS, 23, 26.6, 10192.1, 0, 0, 0, 46, 2064, 63726, 10137, 3.6, 7323.6, 6501.9
4, 125402, 04/11/2018 15:40:13, OTHER_GROUPS, 20.8, 23.3, 8607.2, 0.1, 0, 0, 75, 2396, 68475, 9514, 2.4, 11430.1, 3637.2
4, 125403, 04/11/2018 16:00:04, OTHER_GROUPS, 31, 35.3, 11754.4, 0.2, 0, 0, 449, 7942, 11420, 15365, 4.1, 7829.8, 5392.7
4, 125404, 04/11/2018 16:20:11, OTHER_GROUPS, 27.5, 29.8, 7042.5, 0, 0, 0, 61, 2863, 5102, 10585, 2.3, 5721, 3554.8
4, 125405, 04/11/2018 16:40:25, OTHER_GROUPS, 16.1, 18.1, 5041.8, 0, 0, 0, 77, 3536, 10139, 3566, 2, 4305.3, 2648
4, 125406, 04/11/2018 17:00:06, OTHER_GROUPS, 10.8, 11.5, 11253.4, 0, 0, 0, 0, 0, 789, 2634, 0.7, 2663, 362.2
4, 125407, 04/11/2018 17:20:20, OTHER_GROUPS, 5.8, 31, 18560.4, 24.4, 0, 0, 0, 0, 1262, 535, 0.8, 853.8, 342.1
4, 125408, 04/11/2018 17:40:01, OTHER_GROUPS, 5.6, 7, 11353.1, 0.5, 0, 0, 0, 0, 748, 294, 0.9, 1130.7, 154.1
4, 125409, 04/11/2018 18:00:04, OTHER_GROUPS, 5.7, 8.2, 10666.1, 1.7, 0, 0, 0, 0, 806, 629, 0.8, 915.3, 370.5
4, 125410, 04/11/2018 18:20:11, OTHER_GROUPS, 5.7, 6.6, 11213.4, 0, 0, 0, 0, 0, 810, 213, 0.9, 1253.6, 361.4
4, 125411, 04/11/2018 18:40:03, OTHER_GROUPS, 5.6, 6.4, 11634.1, 0, 0, 0, 0, 0, 724, 230, 0.8, 1209.4, 151.1
4, 125412, 04/11/2018 19:00:02, OTHER_GROUPS, 5.7, 8.4, 11383, 1.9, 0, 0, 0, 0, 941, 502, 0.8, 979, 399.3
4, 125413, 04/11/2018 19:20:08, OTHER_GROUPS, 5.7, 12.6, 19257.7, 6, 0, 0, 0, 0, 1010, 298, 0.9, 1147.4, 326
4, 125414, 04/11/2018 19:40:11, OTHER_GROUPS, 5.5, 6.3, 10828.2, 0, 0, 0, 0, 0, 763, 428, 0.8, 1345.4, 148.5
4, 125415, 04/11/2018 20:00:13, OTHER_GROUPS, 2.6, 3.8, 6977.8, 0.8, 0, 0, 0, 0, 774, 484, 0.4, 474.7, 349.2
4, 125416, 04/11/2018 20:20:13, OTHER_GROUPS, 0.3, 1.3, 3397.1, 0.9, 0, 0, 0, 0, 981, 9, 0.1, 3.5, 226.1
4, 125417, 04/11/2018 20:40:07, OTHER_GROUPS, 0.1, 1, 3699.8, 0.9, 0, 0, 0, 0, 742, 8, 0, 2.4, 32.3
4, 125418, 04/11/2018 21:00:16, OTHER_GROUPS, 0.4, 2.1, 3606.3, 1.5, 0, 0, 0, 0, 787, 47, 0.2, 3.1, 305.8
4, 125419, 04/11/2018 21:20:06, OTHER_GROUPS, 0.3, 1.7, 3791.1, 1.3, 0, 0, 0, 0, 954, 6, 0.1, 6.3, 206.8
4, 125420, 04/11/2018 21:40:05, OTHER_GROUPS, 0.1, 0.9, 3328.9, 0.8, 0, 0, 0, 0, 822, 1, 0, 4.2, 25.7
4, 125421, 04/11/2018 22:00:08, OTHER_GROUPS, 0.2, 2.2, 3649.9, 1.9, 0, 0, 0, 0, 839, 15, 0.1, 3.1, 303.9
4, 125422, 04/11/2018 22:20:15, OTHER_GROUPS, 0.4, 3, 4292.4, 2.4, 0, 0, 0, 0, 856, 24, 0.2, 5.4, 369.5
4, 125423, 04/11/2018 22:40:09, OTHER_GROUPS, 0.1, 2.7, 3681.3, 2.5, 0, 0, 0, 0, 690, 3, 0.1, 5.2, 423.1
4, 125424, 04/11/2018 23:00:19, OTHER_GROUPS, 0.3, 2.3, 3927.6, 1.9, 0, 0, 0, 0, 762, 10, 0.1, 4.6, 338.6
4, 125425, 04/11/2018 23:20:26, OTHER_GROUPS, 1.1, 2.2, 3744.9, 1, 0, 0, 4, 128, 996, 112, 0.1, 170.5, 195.1
4, 125426, 04/11/2018 23:40:02, OTHER_GROUPS, 1.2, 2.1, 3452.7, 0.9, 0, 0, 1, 16, 747, 316, 0, 78.7, 27.2
4, 125355, 04/11/2018 00:00:03, SANDBOX_GROUP, 7.9, 10.1, 10956.7, 0.7, 0, 0, 14, 380, 388, 2957, 1.5, 3355.2, 4792.7
4, 125356, 04/11/2018 00:20:07, SANDBOX_GROUP, 1.4, 3.2, 3218, 1.8, 0, 0, 4, 88, 116, 230, 0, 881.5, 6.6
4, 125357, 04/11/2018 00:40:12, SANDBOX_GROUP, 2, 3.2, 312.2, 1.1, 0, 0, 12, 196, 211, 702, 0.1, 610.2, 102.2
4, 125358, 04/11/2018 01:00:27, SANDBOX_GROUP, 4.6, 15.1, 2181.7, 8.2, 0, 0, 11, 131, 205, 2047, 2.3, 1264.1, 5941.4
4, 125359, 04/11/2018 01:20:03, SANDBOX_GROUP, 6.4, 13.4, 13518.6, 5.5, 0, 0, 5, 56, 64, 1864, 1.5, 600.8, 2555.1
4, 125360, 04/11/2018 01:40:14, SANDBOX_GROUP, 6.4, 11.9, 17594.3, 5, 0, 0, 15, 388, 593, 2357, 0.5, 2429, 1179.8
4, 125361, 04/11/2018 02:00:24, SANDBOX_GROUP, 5.1, 8.5, 5223.7, 3, 0, 0, 27, 712, 865, 1366, 0.4, 4843.2, 108
4, 125362, 04/11/2018 02:20:13, SANDBOX_GROUP, 9.1, 12, 7361.4, 0.2, 0, 0, 19, 508, 852, 2210, 2.7, 2763.5, 7629.2
4, 125363, 04/11/2018 02:40:27, SANDBOX_GROUP, 12.2, 18.7, 10040.7, 1.4, 0, 0, 22, 588, 1130, 2935, 5.1, 3957.6, 12209.6
4, 125364, 04/11/2018 03:00:00, SANDBOX_GROUP, 20.6, 27.8, 18023.1, 2.2, 0, 0, 18, 351, 497, 7905, 5, 3084.4, 4409.3
4, 125365, 04/11/2018 03:20:05, SANDBOX_GROUP, 13, 13.8, 8952.2, 0, 0, 0, 23, 534, 767, 4130, 0.8, 3677.8, 650.1
4, 125366, 04/11/2018 03:40:08, SANDBOX_GROUP, 6.6, 14.8, 3856.6, 6.6, 0, 0, 25, 672, 1086, 1393, 1.6, 6153.8, 206.7
4, 125367, 04/11/2018 04:00:03, SANDBOX_GROUP, 6.6, 9.5, 7924.1, 2.4, 0, 0, 22, 528, 754, 1503, 0.5, 3346.8, 711.6
4, 125368, 04/11/2018 04:20:08, SANDBOX_GROUP, 3.7, 4.1, 6234.1, 0.3, 0, 0, 10, 144, 383, 797, 0.1, 702.9, 67.9
4, 125369, 04/11/2018 04:40:09, SANDBOX_GROUP, 8, 12, 1763.6, 3.9, 0, 0, 13, 278, 464, 4909, 0.1, 4449.5, 32.5
4, 125370, 04/11/2018 05:00:18, SANDBOX_GROUP, 3.7, 5.4, 1501.2, 1.5, 0, 0, 12, 233, 837, 1097, 0.2, 2153.5, 136
4, 125371, 04/11/2018 05:20:13, SANDBOX_GROUP, 4.9, 5.1, 1390.9, 0, 2, 0, 32, 699, 1271, 1067, 0.2, 3446.2, 210.1
4, 125372, 04/11/2018 05:40:04, SANDBOX_GROUP, 6.9, 11.8, 1837.6, 4.5, 0, 0, 37, 992, 2072, 2554, 0.4, 3495.9, 93.5
4, 125373, 04/11/2018 06:00:25, SANDBOX_GROUP, 10.8, 18, 2220.9, 6.6, 0, 0, 62, 1666, 2382, 5324, 0.6, 6159.9, 351.2
4, 125374, 04/11/2018 06:20:44, SANDBOX_GROUP, 9.7, 16.8, 3058.2, 5, 0, 0, 48, 1350, 1819, 2853, 2.1, 4679, 5263.3
4, 125375, 04/11/2018 06:40:52, SANDBOX_GROUP, 14.7, 20.8, 3368.3, 3.3, 0, 0, 16, 400, 994, 7316, 2.8, 3318.9, 4205.4
4, 125406, 04/11/2018 17:00:06, SANDBOX_GROUP, 0.9, 1.2, 54.8, 0, 0, 0, 20, 564, 590, 171, 0.3, 3562, 485.4
4, 125408, 04/11/2018 17:40:01, SANDBOX_GROUP, 1.1, 1.4, 56.2, 0, 0, 0, 25, 624, 701, 164, 0.3, 3915.2, 526
4, 125409, 04/11/2018 18:00:04, SANDBOX_GROUP, 8.8, 11, 14348, 1.2, 0, 0, 12, 292, 408, 3016, 1, 8499.5, 1578.8
4, 125410, 04/11/2018 18:20:11, SANDBOX_GROUP, 1.2, 2.3, 5259.5, 0.7, 0, 0, 4, 72, 41, 84, 0.4, 352.1, 1792.9
4, 125411, 04/11/2018 18:40:03, SANDBOX_GROUP, 1.2, 1.8, 6233.7, 0.3, 0, 0, 13, 314, 346, 69, 0.3, 2870.9, 564
4, 125412, 04/11/2018 19:00:02, SANDBOX_GROUP, 1.3, 1.8, 9785.4, 0.2, 0, 0, 16, 432, 469, 159, 0.3, 2985.5, 364.7
4, 125414, 04/11/2018 19:40:11, SANDBOX_GROUP, 0.9, 1.1, 4828.2, 0, 0, 0, 19, 532, 568, 112, 0.2, 2963.9, 372.4
4, 125415, 04/11/2018 20:00:13, SANDBOX_GROUP, 0.6, 0.9, 8304.4, 0.1, 0, 0, 2, 64, 146, 49, 0.2, 2099.9, 322.7
4, 125416, 04/11/2018 20:20:13, SANDBOX_GROUP, 0.5, 0.7, 3937.8, 0, 0, 0, 20, 536, 551, 39, 0.2, 4103.7, 369.3
4, 125417, 04/11/2018 20:40:07, SANDBOX_GROUP, 0.7, 0.9, 936.8, 0.1, 0, 0, 23, 640, 673, 97, 0.1, 4376.9, 376
4, 125418, 04/11/2018 21:00:16, SANDBOX_GROUP, 7.2, 9.4, 11254.5, 1.9, 0, 0, 28, 686, 721, 2153, 0.3, 11053.4, 274.7
4, 125419, 04/11/2018 21:20:06, SANDBOX_GROUP, 0.4, 0.8, 2144.3, 0.3, 0, 0, 6, 160, 130, 28, 0.1, 1130, 271.7
4, 125420, 04/11/2018 21:40:05, SANDBOX_GROUP, 0.5, 0.6, 86.5, 0, 0, 0, 20, 564, 595, 63, 0.1, 3739.6, 255
4, 125421, 04/11/2018 22:00:08, SANDBOX_GROUP, 0.4, 0.6, 58.6, 0.1, 0, 0, 14, 348, 377, 45, 0.1, 2266, 237.4
4, 125422, 04/11/2018 22:20:15, SANDBOX_GROUP, 0.4, 0.5, 35.8, 0, 0, 0, 6, 172, 209, 56, 0.1, 1429.9, 153.6
4, 125423, 04/11/2018 22:40:09, SANDBOX_GROUP, 0.6, 0.7, 48.2, 0, 0, 0, 21, 592, 638, 138, 0.1, 3879.5, 278
4, 125424, 04/11/2018 23:00:19, SANDBOX_GROUP, 1.7, 3.5, 318, 1.2, 0, 0, 28, 498, 792, 229, 0.6, 1688, 520.3
4, 125425, 04/11/2018 23:20:26, SANDBOX_GROUP, 0.6, 0.7, 204.7, 0, 0, 0, 12, 336, 385, 55, 0.1, 1764.8, 419.4
4, 125426, 04/11/2018 23:40:02, SANDBOX_GROUP, 2.5, 5.8, 467.2, 3, 0, 0, 24, 640, 788, 1209, 0.3, 4267.6, 9961.8
4, 125355, 04/11/2018 00:00:03, SZB_SANDBOX_GROUP, 10.5, 11.1, 7018.2, 0, 0, 0, 64, 2848, 4238, 1666, 0.6, 3459.8, 797.8
4, 125356, 04/11/2018 00:20:07, SZB_SANDBOX_GROUP, 1.9, 2.3, 737.6, 0, 0, 0, 30, 1240, 2040, 360, 0.4, 149.1, 461.2
4, 125357, 04/11/2018 00:40:12, SZB_SANDBOX_GROUP, 1.2, 1.5, 556.2, 0.1, 0, 0, 12, 456, 722, 403, 0.2, 80.5, 429.3
4, 125358, 04/11/2018 01:00:27, SZB_SANDBOX_GROUP, 2.2, 7.3, 1166.2, 4.9, 0, 0, 8, 304, 818, 712, 0.2, 7038.5, 336.1
4, 125359, 04/11/2018 01:20:03, SZB_SANDBOX_GROUP, 1.5, 1.8, 584.5, 0, 0, 0, 14, 568, 1184, 514, 0.3, 34.1, 308.9
4, 125360, 04/11/2018 01:40:14, SZB_SANDBOX_GROUP, 0.9, 1.2, 1404.9, 0.2, 0, 0, 11, 400, 733, 175, 0.1, 17, 123.3
4, 125361, 04/11/2018 02:00:24, SZB_SANDBOX_GROUP, 8.5, 13, 2303.5, 3.2, 0, 0, 6, 232, 2556, 3262, 1.3, 1610.3, 1956.4
4, 125362, 04/11/2018 02:20:13, SZB_SANDBOX_GROUP, 2.4, 2.8, 1476.8, 0, 0, 0, 7, 262, 1236, 483, 0.4, 186.4, 949.2
4, 125363, 04/11/2018 02:40:27, SZB_SANDBOX_GROUP, 0.6, 1, 68.3, 0, 0, 0, 188, 7520, 7546, 164, 0.4, 13.5, 484.5
4, 125364, 04/11/2018 03:00:00, SZB_SANDBOX_GROUP, 7.5, 9.2, 3522.9, 0.9, 0, 0, 14, 672, 1348, 2898, 0.8, 3342.5, 609.7
4, 125365, 04/11/2018 03:20:05, SZB_SANDBOX_GROUP, 7.7, 9.2, 2379.5, 1, 0, 0, 13, 316, 4004, 5808, 0.5, 6710.2, 287.7
4, 125366, 04/11/2018 03:40:08, SZB_SANDBOX_GROUP, 10.6, 28.5, 4309.7, 15.3, 0, 0, 144, 3148, 9695, 4732, 2.6, 14165.8, 1759.5
4, 125367, 04/11/2018 04:00:03, SZB_SANDBOX_GROUP, 11.5, 20.8, 8678.1, 7.6, 0, 0, 81, 1920, 6691, 6276, 1.7, 4863.8, 2592.4
4, 125368, 04/11/2018 04:20:08, SZB_SANDBOX_GROUP, 9.4, 10.7, 3088.7, 0, 0, 0, 105, 2224, 24528, 5339, 1.3, 4382.3, 1041.1
4, 125369, 04/11/2018 04:40:09, SZB_SANDBOX_GROUP, 7.4, 9.4, 4651.2, 1.2, 0, 0, 32, 804, 13706, 2815, 0.8, 5057.4, 856.8
4, 125370, 04/11/2018 05:00:18, SZB_SANDBOX_GROUP, 26.4, 37.2, 14099.5, 7.8, 0, 0, 28, 1136, 16628, 18465, 3, 7343.8, 4345.2
4, 125371, 04/11/2018 05:20:13, SZB_SANDBOX_GROUP, 12.1, 15.5, 7817.4, 2.1, 0, 0, 57, 1588, 24920, 5400, 1.3, 6537.6, 1644.3
4, 125372, 04/11/2018 05:40:04, SZB_SANDBOX_GROUP, 27.9, 51.7, 23729.7, 19.5, 0, 0, 37, 908, 4120, 29270, 4.3, 4204.3, 7875.9
4, 125373, 04/11/2018 06:00:25, SZB_SANDBOX_GROUP, 26.9, 32.7, 21847.6, 4.2, 0, 0, 40, 1132, 4316, 23200, 1.6, 5629.2, 1736.8
4, 125374, 04/11/2018 06:20:44, SZB_SANDBOX_GROUP, 22, 27.5, 20915.4, 3.4, 0, 0, 50, 1180, 6306, 14017, 2.1, 4403.9, 3289.4
4, 125375, 04/11/2018 06:40:52, SZB_SANDBOX_GROUP, 8.8, 9.9, 4600.4, 0.4, 0, 0, 109, 2552, 6288, 4893, 0.7, 3360, 1434.3
4, 125406, 04/11/2018 17:00:06, SZB_SANDBOX_GROUP, 13.7, 19.1, 13619.3, 4.7, 0, 0, 57, 3024, 40922, 3272, 0.7, 5172.1, 841.3
4, 125408, 04/11/2018 17:40:01, SZB_SANDBOX_GROUP, 3.8, 4.2, 832.2, 0, 0, 0, 54, 2424, 3809, 837, 0.4, 2446.8, 2171.4
4, 125409, 04/11/2018 18:00:04, SZB_SANDBOX_GROUP, 9.6, 10.1, 7432, 0.1, 0, 0, 30, 1216, 2369, 1592, 0.4, 1988.2, 521.9
4, 125410, 04/11/2018 18:20:11, SZB_SANDBOX_GROUP, 1.1, 1.3, 933.4, 0, 0, 0, 61, 2424, 2918, 141, 0.2, 37.1, 479.4
4, 125411, 04/11/2018 18:40:03, SZB_SANDBOX_GROUP, 1.7, 2, 164.1, 0, 0, 0, 207, 8712, 8999, 499, 0.3, 167.7, 268.6
4, 125412, 04/11/2018 19:00:02, SZB_SANDBOX_GROUP, 12.6, 13.2, 7678.5, 0, 0, 0, 51, 2560, 4141, 2566, 0.6, 3985.4, 1165.1
4, 125414, 04/11/2018 19:40:11, SZB_SANDBOX_GROUP, 3.3, 3.6, 1894.9, 0, 0, 0, 25, 1408, 2301, 622, 0.3, 168.6, 498.6
4, 125415, 04/11/2018 20:00:13, SZB_SANDBOX_GROUP, 10.5, 12.4, 8705.4, 1.7, 0, 0, 21, 1280, 1921, 2096, 0.2, 8292.8, 311.1
4, 125416, 04/11/2018 20:20:13, SZB_SANDBOX_GROUP, 3.6, 4, 1292.6, 0, 0, 0, 51, 2624, 3789, 598, 0.4, 340.1, 729.8
4, 125417, 04/11/2018 20:40:07, SZB_SANDBOX_GROUP, 3.4, 3.6, 419.2, 0, 0, 0, 38, 2304, 3338, 647, 0.2, 200.7, 609.8
4, 125418, 04/11/2018 21:00:16, SZB_SANDBOX_GROUP, 16.2, 16.6, 6884.5, 0, 0, 0, 137, 7744, 10367, 2629, 0.4, 6583.9, 602.1
4, 125419, 04/11/2018 21:20:06, SZB_SANDBOX_GROUP, 8.4, 8.6, 2962.5, 0, 0, 0, 80, 4096, 5229, 863, 0.2, 1899.3, 513.3
4, 125420, 04/11/2018 21:40:05, SZB_SANDBOX_GROUP, 4, 4.9, 2086.8, 0.8, 0, 0, 10, 438, 677, 589, 0.1, 171.7, 1971.9
4, 125421, 04/11/2018 22:00:08, SZB_SANDBOX_GROUP, 6.9, 9.9, 1501.9, 2.8, 0, 0, 4, 206, 758, 910, 0.2, 1494.9, 1109
4, 125422, 04/11/2018 22:20:15, SZB_SANDBOX_GROUP, 13, 13.3, 2125.2, 0, 0, 0, 51, 2464, 3955, 2201, 0.3, 428.7, 289.6
4, 125423, 04/11/2018 22:40:09, SZB_SANDBOX_GROUP, 7.5, 7.9, 1985.8, 0, 0, 0, 45, 2542, 3039, 2576, 0.4, 1141, 1086.8
4, 125424, 04/11/2018 23:00:19, SZB_SANDBOX_GROUP, 5.5, 5.8, 2312.6, 0, 0, 0, 63, 3038, 4362, 1542, 0.3, 3833.4, 527
4, 125425, 04/11/2018 23:20:26, SZB_SANDBOX_GROUP, 2, 2.2, 139.8, 0, 0, 0, 36, 1710, 2100, 403, 0.2, 261.4, 284.3
4, 125426, 04/11/2018 23:40:02, SZB_SANDBOX_GROUP, 1.4, 1.4, 220.3, 0, 0, 0, 6, 320, 437, 237, 0, 48.1, 44
