HOST, TIME, SNAP_ID, SYS_CPU, SYS_DBTIME, SYS_SYSPCT, SYS_READ, SYS_WRITE, SYS_REDO, SYS_OSWAIT, SYS_RMWAIT, SYS_ACTSESS_MAX, SYS_ACTSESS_AVG, SYS_PGA, SYS_PXRUNS, SYS_PXQCT, SYS_PXSRVT, SYS_UCALLS, SYS_IOWAIT
1, 04/01/2019 23:59:16, 129563, 37.5, 41.3, 9.2, 2798.7, 375.6, 31.6, 0.7, 4.2, 141.9, 105.6, 61312, 281.1, 7.5, 165.2, 81.1, 7.8
1, 05/01/2019 00:19:15, 129564, 46.8, 59.1, 10.7, 4818.9, 420.5, 41.5, 2.1, 11.6, 271.7, 151.3, 73954.9, 255.7, 11.1, 184.1, 106.9, 9.9
1, 05/01/2019 00:40:16, 129565, 53.4, 88.2, 11.1, 11970.3, 404.7, 33.6, 1.2, 33.8, 288.8, 225.9, 75359.7, 285.4, 21.2, 298.2, 80.5, 7.9
1, 05/01/2019 00:59:16, 129566, 51.2, 72, 10.4, 1316.7, 477, 24.7, 1.1, 23.3, 230, 184.4, 69075.9, 816, 15.8, 246.7, 69.7, 5.6
1, 05/01/2019 01:19:15, 129567, 46.4, 67.1, 9.8, 1525.3, 457.9, 13.8, 0.7, 18.7, 201.4, 171.8, 73717.8, 767.9, 15.4, 221.9, 60.5, 7.7
1, 05/01/2019 01:39:16, 129568, 49.8, 74.2, 10.2, 2249.9, 399, 13.7, 0.8, 22.7, 215.9, 189.9, 72235.3, 880.7, 17.3, 270, 63.5, 10.9
1, 05/01/2019 02:00:15, 129569, 50.9, 66.7, 10.2, 1398.8, 421.2, 26.8, 0.8, 16.7, 202.1, 170.7, 66587.7, 590.2, 13.7, 225.9, 74, 8.9
1, 05/01/2019 02:20:15, 129570, 40.8, 50.8, 7.4, 1644.7, 232.5, 7.8, 0.6, 13.7, 154.3, 130, 72905.5, 271.2, 10.9, 205.6, 20.2, 4.5
1, 05/01/2019 02:40:15, 129571, 40, 61.1, 7.2, 1939.7, 269.2, 7, 0.5, 10.1, 204.9, 156.3, 67154.4, 199.2, 9.6, 202.8, 34.3, 4.7
1, 05/01/2019 02:59:15, 129572, 28.4, 39.3, 4.8, 1343, 128.6, 8.4, 0.4, 3.9, 141.2, 100.7, 54861.2, 180.3, 5.5, 122.4, 41.8, 7.3
1, 05/01/2019 03:19:15, 129573, 22.6, 42.5, 5.1, 1053.3, 103.6, 10.9, 0.4, 3.3, 163, 108.8, 74495.7, 311.9, 7.4, 178.7, 43.7, 19
1, 05/01/2019 03:40:15, 129574, 38, 53.9, 8.1, 1776.3, 328.7, 14.3, 0.6, 1.5, 224.9, 138.1, 72653.2, 191.1, 5.2, 123.4, 51.2, 3.2
1, 05/01/2019 03:59:15, 129575, 39.3, 47.7, 9.3, 1900.3, 423.7, 14, 0.7, 2.8, 164.5, 122, 73148.2, 5033.6, 6.5, 125.6, 46, 7.1
1, 05/01/2019 04:19:14, 129576, 41.3, 55.4, 10.1, 949, 341.6, 14.8, 0.8, 0.3, 199.6, 141.9, 61818.2, 5815, 4.6, 98.2, 59.5, 10.6
1, 05/01/2019 04:39:15, 129577, 37.6, 56.6, 9.1, 1801.2, 311.9, 13.2, 0.7, 1.9, 187.7, 144.9, 58755.6, 5843.3, 4.9, 103.9, 56.6, 13.7
1, 05/01/2019 04:59:15, 129578, 30.2, 43.4, 9, 1010.8, 283.8, 16.5, 0.7, 0, 125.7, 111.1, 57235.8, 1196.3, 3.7, 56.4, 72, 17.3
1, 05/01/2019 05:20:15, 129579, 33.6, 47.7, 9.1, 587.5, 273.2, 23.1, 0.8, 0, 147.8, 122.2, 57932.2, 7881.6, 3.2, 51.1, 79.3, 18.1
1, 05/01/2019 05:39:14, 129580, 41.9, 46.8, 9.9, 2039.6, 513.5, 25.7, 0.7, 3.7, 174.8, 119.8, 68261.4, 324.9, 4.7, 105.8, 81.9, 5.8
1, 05/01/2019 05:59:15, 129581, 50.2, 64.8, 10.8, 1505.6, 484.1, 27.8, 0.8, 1, 271.6, 166, 42854.2, 199.5, 5.3, 147.9, 59.8, 6.1
1, 05/01/2019 06:19:14, 129582, 37.8, 49.4, 9, 815.1, 450, 38.2, 0.8, 0, 196.8, 126.5, 37412.5, 234.5, 4.1, 79.4, 65.3, 5.7
1, 05/01/2019 06:40:15, 129583, 39.3, 57.7, 9.3, 1385, 415.7, 39.1, 0.7, 0.5, 236.2, 147.7, 38735.4, 266.3, 3.8, 66.1, 62.3, 4.6
1, 05/01/2019 07:00:15, 129584, 44.9, 57.7, 10.8, 7932.3, 255.4, 35.8, 0.8, 0, 201.2, 147.7, 26179.4, 232.9, 3.9, 82.2, 76.5, 7.4
1, 05/01/2019 07:19:14, 129585, 27.5, 32.1, 8.4, 444.7, 225.7, 35.2, 0.7, 0.1, 130.4, 82.3, 18899.2, 301.3, 3, 41.5, 80.7, 4.7
1, 05/01/2019 07:40:14, 129586, 27.5, 35.1, 8.3, 775.9, 229.4, 32.8, 0.7, 0, 163.9, 89.9, 10717.3, 231.4, 2.5, 29.3, 77.2, 4.2
1, 05/01/2019 07:59:14, 129587, 27.3, 36, 7.9, 1613.4, 217.5, 31.2, 0.7, 0.3, 169.2, 92.1, 16085.2, 246.3, 3, 36.1, 71.3, 5.7
1, 05/01/2019 08:20:14, 129588, 17.5, 43.6, 5.5, 18114.2, 146, 21.1, 0.5, 0, 200.9, 111.6, 9691, 232.4, 1.6, 14.5, 56.5, 3.2
1, 05/01/2019 08:39:14, 129589, 13.8, 24.3, 4.7, 16024.3, 103.6, 19.3, 0.4, 0, 123.5, 62.1, 15139.3, 262.8, 1.6, 13.8, 64.2, 3.1
1, 05/01/2019 09:00:14, 129590, 22.3, 31.9, 6.6, 1163.2, 196.5, 23.8, 0.6, 0, 130.6, 81.7, 10905.8, 197.8, 3.4, 56.9, 74.9, 6.1
1, 05/01/2019 09:19:14, 129591, 18.7, 19.1, 4.9, 1439.6, 156.8, 19.2, 0.5, 0.1, 94.9, 48.9, 9845.8, 269.1, 2.6, 35, 75.4, 2.3
1, 05/01/2019 09:39:14, 129592, 10.3, 10.6, 3.5, 18.7, 70.6, 18.4, 0.4, 0, 39.7, 27.1, 9939.9, 250.3, 1.1, 3.4, 78.7, 2
1, 05/01/2019 09:59:14, 129593, 15.7, 15.4, 4.9, 1620.6, 115.8, 20.6, 0.5, 0.1, 82.3, 39.5, 9620.9, 268.9, 2, 23.1, 75.6, 2.9
1, 05/01/2019 10:19:14, 129594, 14.8, 13.9, 4.3, 668.5, 120.9, 18.2, 0.4, 0, 78, 35.6, 32891.2, 224.2, 2.4, 36.7, 70.7, 2
1, 05/01/2019 10:39:13, 129595, 22.6, 26.1, 5.4, 1346.9, 274.2, 15.6, 0.5, 0, 139.1, 66.8, 31034.3, 235.8, 4.6, 99, 58.2, 2.7
1, 05/01/2019 11:00:14, 129596, 18.5, 22.6, 4.8, 2322, 162, 17.4, 0.4, 0, 82.2, 57.8, 31740, 235, 4.4, 83.9, 58.2, 3.2
1, 05/01/2019 11:20:14, 129597, 16.3, 24.7, 4.4, 484.3, 173.8, 17.2, 0.4, 0, 191.1, 63.2, 9799.3, 221.9, 2.6, 40.9, 59.1, 1.7
1, 05/01/2019 11:39:13, 129598, 16.8, 19.3, 4.8, 2201, 141.5, 18.2, 0.4, 0, 128.1, 49.4, 12022.5, 293, 2.8, 42, 62.8, 2.3
1, 05/01/2019 12:00:13, 129599, 15.1, 33.7, 4.4, 1751.2, 1919.7, 18.1, 0.4, 0, 201.5, 86.2, 14048.9, 214.9, 2.9, 38.3, 57.2, 4.1
1, 05/01/2019 12:19:13, 129600, 10.2, 14.4, 2.9, 387.3, 171.3, 14.8, 0.3, 0, 98.5, 36.8, 26875.3, 200.1, 1.9, 25.5, 27.6, 1.5
1, 05/01/2019 12:39:13, 129601, 16.1, 14.5, 3.2, 1299.2, 547.2, 14.4, 0.3, 0, 80, 37.1, 29883.6, 317.9, 3.8, 67.9, 23.7, 1.5
1, 05/01/2019 12:59:13, 129602, 12.8, 13.2, 3.5, 590.5, 218.4, 14.3, 0.3, 0, 52.9, 33.8, 44676.1, 236.9, 4.3, 83.9, 24.9, 2.7
1, 05/01/2019 13:19:13, 129603, 16.9, 17.5, 4.1, 1136.6, 189.1, 14.6, 0.4, 0.5, 133.8, 44.8, 48590.1, 316.2, 4.8, 108.1, 24.7, 2.1
1, 05/01/2019 13:40:13, 129604, 14.2, 12.3, 3.4, 700.3, 282.1, 12.4, 0.3, 0, 53.7, 31.5, 43872.3, 291.6, 4.2, 89.8, 21.9, 1.7
1, 05/01/2019 13:59:13, 129605, 15.4, 16.2, 4, 1809.1, 371.6, 13.2, 0.3, 0, 102.9, 41.6, 43831.6, 265.1, 4.9, 110.2, 23.5, 3.7
1, 05/01/2019 14:19:13, 129606, 8.8, 8.3, 2.6, 218.4, 199.8, 14.5, 0.3, 0, 89.4, 21.2, 43759.1, 342.6, 3.1, 66.6, 22.8, 1.1
1, 05/01/2019 14:39:13, 129607, 15, 13.4, 3.9, 1870.1, 187.9, 13.6, 0.4, 0, 56, 34.4, 28725.6, 359, 4.6, 97.5, 23.2, 2.4
1, 05/01/2019 15:00:13, 129608, 14.5, 12.3, 3.6, 1561.2, 155.9, 12.9, 0.3, 0.5, 88.6, 31.4, 30898.9, 306.2, 3.7, 75, 24.7, 2
1, 05/01/2019 15:20:12, 129609, 7.5, 4.9, 2.4, 190.1, 95.7, 12.4, 0.2, 0, 29.6, 12.6, 26748.2, 239.4, 2.1, 38.2, 23.2, 0.9
1, 05/01/2019 15:40:12, 129610, 11.5, 9.7, 3.4, 2251.2, 129.3, 13.5, 0.3, 0, 54.1, 24.7, 31226.6, 308.5, 3.2, 66.2, 23.5, 1.8
1, 05/01/2019 16:00:13, 129611, 18.8, 19.1, 4.1, 1366.2, 2084.1, 15, 0.4, 0, 89.9, 48.8, 80663.9, 179.2, 3.7, 87.1, 24.9, 4
1, 05/01/2019 16:20:12, 129612, 27.2, 28.4, 4.7, 1235.9, 375.3, 11, 0.4, 2.8, 99.2, 72.6, 74636.7, 263, 5.4, 129.3, 19.6, 2.9
1, 05/01/2019 16:39:12, 129613, 26.1, 25.9, 4.7, 602.7, 915, 10, 0.4, 0.2, 108, 66.3, 73814.6, 320.9, 5.2, 117.5, 19.5, 1.8
1, 05/01/2019 16:59:12, 129614, 29, 27.2, 5.1, 993.1, 351.4, 9.8, 0.4, 1.3, 113.4, 69.7, 70651.2, 300.8, 5.9, 132.5, 20.7, 2.6
1, 05/01/2019 17:20:12, 129615, 27.7, 30.5, 4.7, 1018.1, 448.8, 9.2, 0.4, 0.4, 178.8, 78.2, 62864.8, 310.2, 4.9, 112.6, 20.1, 2.1
1, 05/01/2019 17:40:13, 129616, 28.5, 54.2, 4.6, 1127, 227, 9, 0.4, 5.3, 276.9, 138.9, 74148.4, 322, 7, 161.3, 18.2, 2.7
1, 05/01/2019 17:59:12, 129617, 30.1, 34.2, 5, 1125.5, 254.4, 8.9, 0.4, 4.9, 128.6, 87.6, 72118.3, 237.7, 6.1, 144.7, 19.1, 4.3
1, 05/01/2019 18:20:12, 129618, 23.9, 21.4, 4.6, 1737.1, 327, 10.4, 0.4, 1.1, 82, 54.7, 76486.7, 345, 5.8, 140.2, 25.7, 2.1
1, 05/01/2019 18:40:12, 129619, 23.7, 19.4, 5.2, 469, 584.8, 10.4, 0.5, 0, 70, 49.5, 70093, 296.7, 4.3, 109.1, 28, 0.7
1, 05/01/2019 18:59:12, 129620, 28.5, 27.5, 5.7, 1133.2, 661.8, 9.3, 0.5, 2.3, 111.1, 70.5, 63253.7, 295.8, 5.6, 129.4, 21.9, 2.2
1, 05/01/2019 19:19:12, 129621, 32.2, 30.9, 6.1, 909.4, 359.9, 14.5, 0.5, 1.1, 114.9, 79.1, 73656.9, 248.3, 5.8, 124.1, 27.9, 2.2
1, 05/01/2019 19:40:12, 129622, 30.4, 38.8, 5, 1904.5, 274.9, 8.1, 0.4, 12.4, 190.5, 99.4, 73534.5, 273.8, 7.5, 191, 17.3, 1.4
1, 05/01/2019 20:00:11, 129623, 31.7, 88.8, 5.6, 7089.9, 182.7, 9.2, 0.4, 16.2, 337.1, 227.3, 54781.6, 264.6, 12.3, 318.5, 19.4, 4.6
1, 05/01/2019 20:20:11, 129624, 34.7, 43.8, 7.7, 1432.2, 403.9, 10.1, 0.6, 4.3, 161.5, 112.1, 71448.7, 319.2, 10.3, 265.8, 17.2, 6.3
1, 05/01/2019 20:40:12, 129625, 36.2, 58, 9.1, 1559.7, 253.2, 6.7, 0.6, 9.9, 245.2, 148.4, 69280.2, 205.6, 9.3, 252.7, 11.6, 8.8
1, 05/01/2019 21:00:12, 129626, 32.9, 57.3, 9, 1295.6, 298.5, 8.6, 0.7, 0.2, 259.9, 146.7, 52582, 195.3, 7.9, 196, 23.5, 13.3
1, 05/01/2019 21:19:11, 129627, 38.8, 50.3, 11.1, 1572.7, 403.8, 10.2, 0.8, 1.3, 209.7, 128.7, 53660.6, 262, 7.9, 195.9, 36.2, 8.8
1, 05/01/2019 21:40:11, 129628, 38.7, 46.9, 10.9, 1019.5, 352, 11.9, 0.8, 0.4, 235.3, 120, 38695.4, 218.7, 7.1, 178.2, 40.3, 8.2
1, 05/01/2019 21:59:11, 129629, 39.8, 47.4, 9.7, 1389.6, 201.2, 13.9, 0.7, 4.1, 154.8, 121.4, 55191.8, 202.9, 7.5, 195.5, 55.4, 8.4
1, 05/01/2019 22:19:11, 129630, 30.2, 37.5, 9.7, 951.2, 147.9, 12.9, 0.8, 0, 154, 95.9, 28879, 193.3, 6.2, 164.6, 40.6, 10.3
1, 05/01/2019 22:39:11, 129631, 29.7, 35.4, 9.5, 1202.9, 164.5, 14.6, 0.7, 1.7, 137.4, 90.7, 35036.7, 269.6, 6, 153.5, 40.5, 9.7
1, 05/01/2019 22:59:11, 129632, 38.4, 49.4, 12.2, 1319.3, 247.5, 19.2, 0.9, 0.1, 181.7, 126.5, 34338.4, 199.4, 6.9, 182.9, 56.6, 11.1
1, 05/01/2019 23:19:11, 129633, 46.8, 53.5, 15.3, 1201.1, 210.5, 21.6, 1.1, 0, 182.7, 137, 32909, 243.4, 7, 208.8, 87.2, 11.7
1, 05/01/2019 23:40:11, 129634, 36.9, 46.1, 11.5, 1610.4, 194.4, 19.7, 0.9, 0.6, 189.9, 118, 32530.6, 253.1, 7, 185, 84, 9.2
2, 04/01/2019 23:59:35, 129563, 49.9, 50.4, 12.3, 1235.6, 294.3, 45.1, 2, 2.1, 166.7, 129.1, 36917.2, 127.3, 7.6, 178.3, 132.7, 6.1
2, 05/01/2019 00:19:34, 129564, 46.5, 54.2, 11.6, 7840, 316.9, 46.2, 1.8, 6, 245.9, 138.8, 61178, 78.9, 10.4, 179.2, 113.1, 9.4
2, 05/01/2019 00:39:34, 129565, 63.5, 110.6, 13.5, 6279, 322.6, 40.9, 2.6, 24, 350.5, 283.2, 70055.8, 173.9, 23.9, 327.1, 70, 7.5
2, 05/01/2019 00:59:35, 129566, 57.6, 78.1, 12.3, 2231.8, 244.4, 28.4, 2.2, 4.1, 238.8, 199.9, 70515.5, 88, 21.5, 303.6, 59, 5.6
2, 05/01/2019 01:19:34, 129567, 54.5, 64.2, 10.6, 1137.6, 216.3, 24.1, 1.7, 11.8, 176.8, 164.2, 74171.1, 80, 17.9, 254.4, 69.9, 2.6
2, 05/01/2019 01:39:35, 129568, 49.8, 54.1, 9.1, 2443.8, 132.3, 18.7, 1.4, 5.9, 200.7, 138.6, 51446.2, 181, 17, 243.8, 38.8, 4.2
2, 05/01/2019 01:59:34, 129569, 55.1, 54.2, 11.7, 952.7, 120.7, 25, 1.6, 3.7, 179.6, 138.7, 14246.3, 117.2, 14.9, 178.6, 138.7, 4.6
2, 05/01/2019 02:19:35, 129570, 56.1, 57.6, 12.7, 4192.1, 223.7, 23.7, 1.9, 5.3, 175.7, 147.6, 45071.3, 201.2, 14, 169.1, 163.8, 5.5
2, 05/01/2019 02:39:34, 129571, 41.2, 36, 9.1, 2540.7, 212.6, 17.4, 1.2, 0.1, 111.5, 92, 51225.6, 136.1, 10.9, 131.7, 104.4, 2.1
2, 05/01/2019 02:59:34, 129572, 26.1, 24.4, 7.5, 1487, 262.9, 18.5, 0.9, 0.1, 95.8, 62.5, 53535.1, 49, 10.2, 136.5, 91.1, 3.9
2, 05/01/2019 03:19:34, 129573, 20.7, 39, 6.8, 3081.4, 164.2, 14.3, 1, 1.6, 143.9, 99.8, 56655.8, 113.4, 15.7, 308.5, 66.3, 22.4
2, 05/01/2019 03:39:34, 129574, 23.7, 22, 6.2, 667.7, 346.5, 6.3, 0.8, 0, 69.7, 56.4, 60674.1, 65.2, 8.9, 145.2, 28.1, 2
2, 05/01/2019 03:59:34, 129575, 30.4, 29.9, 7.7, 1404.7, 455.4, 9.2, 0.9, 4.3, 125.3, 76.5, 96160.6, 117, 9, 161.7, 65.6, 2.4
2, 05/01/2019 04:19:34, 129576, 33.8, 21.2, 11.4, 311.5, 656.4, 6.7, 2.4, 0, 79.3, 54.3, 89560.5, 48, 6.9, 124.5, 30.2, 1.6
2, 05/01/2019 04:39:34, 129577, 33.2, 26.1, 7, 1298.6, 388.5, 6.1, 1.1, 1.4, 85.7, 66.9, 89065.4, 92.1, 7, 145.4, 27.4, 2
2, 05/01/2019 04:59:34, 129578, 27.4, 24.2, 6.8, 678.9, 100.1, 6.7, 1, 0.2, 79.5, 62.1, 74474.4, 22.1, 6, 135.1, 30.2, 3.6
2, 05/01/2019 05:19:34, 129579, 12.2, 8.6, 4.9, 363, 49.9, 10.4, 0.6, 0, 40.5, 22.1, 12020.6, 28, 4.6, 91.1, 21.1, 1.9
2, 05/01/2019 05:39:33, 129580, 21.8, 18.4, 6.3, 1803.4, 213.2, 11.2, 0.7, 0.4, 77.1, 47, 12701.5, 94.8, 7.2, 155, 22, 2.4
2, 05/01/2019 05:59:34, 129581, 24.9, 27.1, 5.8, 1854.7, 74.1, 8, 0.6, 0.2, 160.1, 69.3, 11735.2, 122.1, 5.2, 74.4, 31, 1.1
2, 05/01/2019 06:19:34, 129582, 21.5, 18.1, 5.4, 17.1, 46.8, 8.4, 0.8, 0, 70.7, 46.2, 11469.6, 29, 4, 45.1, 35.8, 1.2
2, 05/01/2019 06:39:33, 129583, 23.6, 23.3, 5.4, 215.8, 59.4, 7.2, 1.1, 0.1, 120.8, 59.6, 20107.7, 42.9, 4.8, 63.6, 27.4, 1.6
2, 05/01/2019 06:59:33, 129584, 30.5, 31.2, 7.2, 1129.9, 134.6, 9.2, 0.8, 0, 111.3, 79.9, 12627.7, 28.1, 5.3, 99.2, 43.9, 3.5
2, 05/01/2019 07:19:33, 129585, 25.8, 20.4, 6.3, 689.5, 91.6, 8.7, 0.7, 0.1, 94.4, 52.3, 17377.1, 39.1, 4.2, 66.9, 35.6, 1.8
2, 05/01/2019 07:39:33, 129586, 28, 24.2, 6.2, 1358.2, 98.2, 6.6, 1, 0.4, 98.8, 62, 26366.7, 54, 4.8, 91.9, 20.4, 1.7
2, 05/01/2019 07:59:33, 129587, 34.1, 31, 7.6, 16869.5, 123.6, 12, 1.3, 0, 126.7, 79.4, 25809.1, 48.9, 5.8, 134, 50.1, 2.2
2, 05/01/2019 08:19:33, 129588, 37.1, 43, 8.1, 1131.2, 106, 9.7, 1.6, 0, 180, 110.2, 17843.8, 15.9, 6.6, 169.7, 32.9, 2.4
2, 05/01/2019 08:39:33, 129589, 29.1, 27.2, 6.1, 17499.7, 88.9, 7.6, 0.6, 0.5, 127.4, 69.7, 17541.2, 83.6, 5.7, 112, 29.5, 1.5
2, 05/01/2019 08:59:33, 129590, 26.1, 23.6, 6.2, 736.8, 77.8, 10.5, 0.8, 0, 112.2, 60.4, 11211.1, 49.9, 4.2, 71.1, 48.9, 2.3
2, 05/01/2019 09:19:33, 129591, 28.6, 23.3, 7, 832.6, 87.6, 12.1, 0.8, 0.1, 114.8, 59.6, 16284, 69.9, 4.6, 79.5, 46.8, 2.2
2, 05/01/2019 09:39:33, 129592, 28.3, 22.5, 6.5, 454.7, 121.2, 12.3, 0.6, 0, 73.1, 57.6, 11223.1, 18, 4.4, 71.9, 49.7, 1.6
2, 05/01/2019 09:59:32, 129593, 31.9, 25.3, 7.4, 1224.1, 126.5, 12.2, 1, 0.1, 98.4, 64.8, 16922.7, 39.9, 5, 91.1, 50, 2.7
2, 05/01/2019 10:19:33, 129594, 30, 23.5, 7.2, 1530.2, 107.7, 14, 0.7, 0.3, 103.4, 60.2, 16871.6, 8807.9, 4.5, 70.7, 43.8, 1.8
2, 05/01/2019 10:39:33, 129595, 26, 21.9, 6.8, 43.2, 97.6, 19, 0.8, 0, 107.5, 56, 11242.3, 61.7, 3.1, 43.9, 57.5, 1.7
2, 05/01/2019 10:59:33, 129596, 33.7, 30.4, 8.9, 1388.2, 142.4, 24.5, 1, 0.2, 146.7, 77.7, 11734, 95.3, 4, 70.3, 74.9, 2.7
2, 05/01/2019 11:19:32, 129597, 28.7, 27.5, 8.6, 351.4, 109.3, 22.4, 0.9, 0, 158.2, 70.4, 11195.8, 24.9, 3, 43.2, 74.6, 1.4
2, 05/01/2019 11:39:33, 129598, 39.3, 33.2, 10.4, 1024.2, 174.8, 23.7, 1.3, 0.1, 151.7, 85, 15244.4, 83.3, 4.5, 89.1, 77.4, 2.4
2, 05/01/2019 11:59:33, 129599, 36.6, 40.6, 9.8, 1516.5, 162.6, 27, 1, 0.9, 175.6, 104, 12487.8, 111, 4.5, 79.1, 91.2, 2.7
2, 05/01/2019 12:19:33, 129600, 32.7, 28.4, 9.6, 188.3, 143.8, 26.3, 1.4, 0, 125.6, 72.7, 12368.1, 27.9, 4.1, 60.8, 89.5, 1.7
2, 05/01/2019 12:39:33, 129601, 38.3, 29, 10.2, 1088.3, 188.2, 28.8, 1.1, 0.2, 126.5, 74.2, 19387.6, 68.2, 4.5, 74.3, 106.4, 1.4
2, 05/01/2019 12:59:32, 129602, 41.6, 34.4, 11.6, 413.7, 206.2, 33.6, 1.5, 0, 110.2, 88.2, 15238.5, 27.1, 4.3, 81.6, 128.3, 2.3
2, 05/01/2019 13:19:32, 129603, 33.4, 25.7, 9.7, 1956.7, 160.8, 24.7, 1.4, 0, 112.5, 65.8, 12471.1, 105.4, 4, 63.2, 90.5, 1.3
2, 05/01/2019 13:39:32, 129604, 32.2, 23.4, 9.6, 27.3, 157.2, 35.2, 1.4, 0, 78, 59.8, 11201, 26.1, 3.1, 43.9, 117.4, 1.1
2, 05/01/2019 13:59:32, 129605, 40.8, 33.4, 11.6, 1805.9, 196.6, 32.4, 1.9, 0.1, 128.7, 85.6, 11894.2, 87.7, 4.4, 68.3, 134.3, 2.7
2, 05/01/2019 14:19:32, 129606, 36.9, 29, 10.6, 126.5, 195.5, 32, 1.7, 0, 129.5, 74.2, 12820.9, 21.9, 3, 27.2, 135, 1.6
2, 05/01/2019 14:39:32, 129607, 36.6, 28.9, 10, 1396.2, 170.8, 30.8, 1.4, 0.6, 142, 74, 10907.7, 97.1, 3, 37.5, 102.2, 1.3
2, 05/01/2019 14:59:32, 129608, 33.1, 24, 9.5, 924.1, 140, 24.8, 1.1, 0, 85.6, 61.5, 13104.1, 84.6, 3.1, 31.1, 92.9, 1.4
2, 05/01/2019 15:19:32, 129609, 28.4, 21.2, 8.2, 206.6, 110.3, 17.3, 0.6, 0, 71.2, 54.2, 12817, 20, 3, 27.9, 65.1, 1.1
2, 05/01/2019 15:40:32, 129610, 31.8, 24.2, 8.6, 806.2, 133.5, 19.4, 1, 0.3, 116.5, 62, 12263.4, 91, 3.7, 43.5, 60.3, 1.4
2, 05/01/2019 15:59:32, 129611, 37.4, 30.6, 9.1, 846.6, 258.5, 17.6, 0.9, 0.1, 109.6, 78.3, 44586.8, 30.4, 4.5, 67.7, 52.2, 2.8
2, 05/01/2019 16:20:31, 129612, 43.7, 37, 10.4, 1963.3, 241.8, 18.9, 1.1, 1.9, 153.3, 94.7, 53332.3, 129.7, 4.9, 88.6, 64.6, 1.8
2, 05/01/2019 16:39:32, 129613, 39.1, 31.8, 10.1, 410.6, 256.1, 12.6, 1.1, 0, 96.9, 81.4, 50466, 21.8, 3.8, 67.2, 49, 1.5
2, 05/01/2019 16:59:31, 129614, 35.3, 30, 8.8, 1874.1, 231, 11.5, 1.3, 1.2, 114.5, 76.9, 59056.3, 120, 4.3, 82.5, 36.6, 2
2, 05/01/2019 17:19:31, 129615, 34.7, 29.7, 8.6, 382.1, 384.5, 11.1, 1.3, 0, 108.9, 75.9, 54393.4, 19.9, 3.7, 65.9, 35.6, 1.5
2, 05/01/2019 17:39:32, 129616, 34.5, 43.4, 8.5, 1779.5, 331.6, 10.9, 1.2, 1.5, 220.8, 111.1, 54708.8, 137.3, 4.2, 76.1, 33.7, 1.1
2, 05/01/2019 17:59:31, 129617, 31.2, 24.7, 7.9, 252.3, 218.1, 10.2, 0.8, 0, 68.9, 63.2, 54405.2, 39.9, 3, 43.2, 33.8, 1.8
2, 05/01/2019 18:19:31, 129618, 35.7, 29.3, 8.5, 1790.4, 39.4, 8, 1, 0.9, 137.6, 75.1, 56167.8, 133.6, 4.1, 65, 30.5, 1.3
2, 05/01/2019 18:39:31, 129619, 31.1, 25.8, 7.7, 446.8, 148.5, 7.6, 0.8, 0, 74.9, 66, 41519.5, 23.9, 4, 59.3, 26.6, 2.3
2, 05/01/2019 18:59:31, 129620, 35.4, 30.3, 8.4, 2229.8, 176.9, 7.8, 0.7, 1, 124.4, 77.5, 44682.9, 131.4, 4.4, 77.6, 28.7, 2.7
2, 05/01/2019 19:19:31, 129621, 37.2, 32.3, 8.4, 1134.5, 281.7, 27.2, 0.9, 0.6, 112.7, 82.7, 66107.5, 70, 9.1, 221.7, 22.3, 2.2
2, 05/01/2019 19:39:30, 129622, 27, 20.4, 7.1, 411.7, 235.4, 51.1, 0.9, 0, 72.9, 52.1, 30562.5, 46, 11.6, 311.2, 27.2, 0.7
2, 05/01/2019 19:59:31, 129623, 33.9, 51.4, 9.6, 692.6, 300.2, 46.8, 1.2, 0.8, 197.5, 131.6, 37275.4, 68.7, 13.9, 374.6, 32.5, 2.3
2, 05/01/2019 20:20:30, 129624, 38, 35.3, 11.4, 645.1, 264.6, 43.6, 1, 0.1, 115.7, 90.2, 18181.5, 69, 10.8, 272.9, 24.9, 5.1
2, 05/01/2019 20:40:30, 129625, 35.6, 39, 9.7, 2025, 133.1, 15.9, 1, 1.6, 149.7, 99.9, 21114.1, 153.2, 8.6, 184.3, 19, 4.1
2, 05/01/2019 20:59:30, 129626, 32.1, 36.5, 9.1, 387.5, 110.1, 12.4, 1, 0, 135.4, 93.3, 18758.2, 23, 6.3, 129.9, 50.2, 5.5
2, 05/01/2019 21:19:30, 129627, 41.1, 43.6, 12.4, 1506, 107.5, 15.7, 1.4, 1.4, 149.9, 111.6, 20881.8, 112.4, 7.8, 188.6, 73.9, 4.6
2, 05/01/2019 21:39:30, 129628, 37.9, 38.5, 11.8, 422.5, 102.3, 18.9, 1, 0, 143.3, 98.7, 16458.2, 16, 6.1, 140.9, 77.7, 4.1
2, 05/01/2019 21:59:31, 129629, 39.9, 39.6, 12, 1494.6, 102.6, 15.5, 1, 1.2, 148.3, 101.4, 22092.5, 103.7, 6.6, 142.1, 57.4, 6.1
2, 05/01/2019 22:19:30, 129630, 45.4, 42.6, 13.1, 1039.9, 107.5, 8.8, 1.3, 0.1, 146.6, 109, 22110.3, 28.8, 7.5, 169.6, 19.6, 8.4
2, 05/01/2019 22:39:30, 129631, 45, 42.6, 12.2, 1454.6, 127.5, 10.9, 1.1, 0, 128.8, 109.1, 39434.2, 91.1, 7.9, 179.6, 21.6, 8
2, 05/01/2019 22:59:30, 129632, 57.5, 66, 14.8, 2087.4, 341.5, 19.9, 1.4, 6.5, 201.2, 169, 31958.7, 43, 13.8, 283.2, 62.4, 7.9
2, 05/01/2019 23:19:30, 129633, 62.8, 68.1, 17.2, 1141.1, 389.8, 30.3, 1.5, 6.6, 243.6, 174.4, 27778.7, 16, 11.7, 220.6, 114.1, 7.8
2, 05/01/2019 23:39:30, 129634, 54.4, 59.1, 13.9, 1800.1, 421.3, 25.3, 1, 8, 205.2, 151.2, 28193.6, 81, 12.9, 233.8, 75.6, 4.9
3, 04/01/2019 23:59:55, 129563, 19, 25.2, 3.7, 15698.1, 207.6, 1.8, 0.3, 0, 191.8, 64.5, 22108.3, 427.4, 12.6, 166.5, 0.6, 1.6
3, 05/01/2019 00:19:55, 129564, 27.2, 60, 4.6, 21134.6, 35.6, 0.8, 0.3, 0, 191, 153.5, 20334.2, 781, 37.1, 265, 2.9, 3.1
3, 05/01/2019 00:39:56, 129565, 28.1, 40, 4.9, 9092.6, 30.3, 0.5, 0.4, 0, 160.8, 102.4, 8175.7, 847.9, 23.6, 190.2, 1, 2.1
3, 05/01/2019 00:59:56, 129566, 27.7, 25.3, 4.9, 18560.9, 178.2, 2.8, 0.3, 0.1, 132.5, 64.7, 8099.6, 321.6, 12.5, 177.4, 1.6, 4.5
3, 05/01/2019 01:19:56, 129567, 9.9, 7.1, 1.7, 5284.2, 0.3, 0.1, 0.2, 0, 35.6, 18.3, 7269.9, 264.3, 7.1, 93.3, 0.6, 1.6
3, 05/01/2019 01:39:55, 129568, 7, 3.8, 1.4, 4668.8, 0.4, 0.1, 0.1, 0, 16.8, 9.8, 7330.8, 432.3, 5.3, 85.9, 1.2, 0.8
3, 05/01/2019 01:59:55, 129569, 22.8, 19.7, 3.8, 16206.9, 177, 2.4, 0.3, 0.2, 139, 50.5, 9812.4, 415.9, 8.6, 172.6, 0.8, 1.8
3, 05/01/2019 02:19:55, 129570, 9.2, 6.6, 1.6, 3478.5, 17.9, 2.9, 0.1, 0, 30.5, 16.9, 7248.9, 300.3, 6.2, 101.2, 1.1, 1
3, 05/01/2019 02:39:55, 129571, 13.1, 11.2, 2.6, 7779.3, 16.2, 0.2, 0.2, 0.4, 59, 28.8, 15653.4, 381.1, 7.1, 142.4, 1.1, 1.5
3, 05/01/2019 02:59:55, 129572, 30.5, 40.6, 7, 36306, 194.4, 7.5, 0.4, 1.6, 219.1, 103.9, 75908.7, 458.9, 11.8, 286.9, 2.7, 11.4
3, 05/01/2019 03:19:55, 129573, 23.2, 37.8, 5.6, 30392.9, 65.2, 10, 0.3, 1.1, 163, 96.9, 33893.1, 478.2, 11.2, 272.3, 1.8, 19.4
3, 05/01/2019 03:39:55, 129574, 44.9, 54.4, 9.6, 6385.6, 464.5, 11, 1, 3.5, 259.4, 139.1, 71961.3, 485.4, 12.7, 385.8, 1.6, 2.7
3, 05/01/2019 03:59:54, 129575, 35, 38.5, 8.2, 23316.8, 185.4, 13.5, 0.5, 1, 256.1, 98.6, 87286.6, 4282.5, 14.7, 385.8, 1.9, 2.9
3, 05/01/2019 04:19:55, 129576, 41.5, 33.9, 9.1, 10272.8, 410, 21.1, 0.4, 1.8, 125.4, 86.8, 89606.2, 398.6, 18.9, 421.6, 3.4, 2.5
3, 05/01/2019 04:39:55, 129577, 46.4, 37.2, 9.3, 6839.5, 366.6, 7.1, 0.5, 0.9, 200, 95.2, 65711.7, 370.1, 19.1, 516.8, 3.8, 2.2
3, 05/01/2019 04:59:55, 129578, 46.2, 37.7, 9.8, 15048, 293.7, 2.7, 0.5, 0.7, 167.9, 96.6, 82593.5, 422.9, 17, 461.7, 4.2, 1.7
3, 05/01/2019 05:19:54, 129579, 44.4, 38.9, 8.8, 1573.7, 172.8, 4.8, 0.5, 0.6, 120.9, 99.7, 65047.1, 332.4, 16.7, 467.1, 4.1, 1.3
3, 05/01/2019 05:39:55, 129580, 31.3, 24.8, 7.7, 1567.1, 435.4, 21, 0.4, 0.1, 122.3, 63.5, 56557.2, 374.3, 11.5, 321.5, 4.2, 1.3
3, 05/01/2019 05:59:55, 129581, 26.3, 23.4, 7, 13597.6, 393.3, 25.5, 0.4, 0, 97.1, 60, 32578.8, 368.9, 10.8, 265.1, 4.3, 2.4
3, 05/01/2019 06:19:54, 129582, 43.6, 46.1, 10.6, 2614.3, 324.6, 15.8, 2.7, 3.5, 358.5, 117.9, 74421.8, 365.5, 15.6, 477.2, 4, 3.5
3, 05/01/2019 06:39:54, 129583, 51.7, 66.1, 11.5, 3543.2, 358, 28.9, 1.1, 1.8, 327.3, 169.1, 34894.8, 659.7, 21.5, 817.6, 4.1, 2.6
3, 05/01/2019 06:59:54, 129584, 38.1, 48.5, 8.9, 16653.8, 212.4, 28.1, 2.4, 3.2, 278.1, 124.2, 17620, 619.7, 21.9, 724.2, 4.1, 2.8
3, 05/01/2019 07:19:54, 129585, 31.6, 36.4, 7.4, 4169.2, 185, 37, 0.6, 0.6, 202, 93.2, 27095.4, 652.8, 16.5, 419.6, 3.8, 5.6
3, 05/01/2019 07:39:54, 129586, 35, 41.1, 8.4, 1314.4, 350.3, 39.1, 0.6, 0.8, 221.9, 105.3, 23006.8, 591.3, 16, 508.7, 3, 7.3
3, 05/01/2019 07:59:54, 129587, 36.6, 41, 9, 20997.8, 401.1, 26.3, 0.5, 1.2, 190.6, 104.9, 16043.2, 590.7, 12.9, 389, 1.3, 8.8
3, 05/01/2019 08:20:03, 129588, 32.3, 40.4, 7.6, 6430.6, 451.3, 14.4, 0.4, 0.4, 144.4, 103.4, 66568.6, 489.4, 12, 304.2, 1.4, 10.2
3, 05/01/2019 08:40:04, 129589, 30.5, 39.7, 7.1, 13612.5, 205, 9.2, 0.4, 0.2, 135.7, 101.6, 14717.5, 386.9, 9.7, 247.1, 1.3, 12.5
3, 05/01/2019 09:00:04, 129590, 33.1, 36.6, 7.9, 26272.3, 164.3, 2.5, 0.4, 1.2, 180, 93.7, 24311.6, 387.2, 10.3, 243.5, 1.9, 9.2
3, 05/01/2019 09:19:04, 129591, 20.3, 22.7, 5.2, 7580, 44.5, 0.2, 0.3, 1.5, 87.9, 58.2, 22005.3, 336.5, 7.8, 117.6, 2.4, 7.1
3, 05/01/2019 09:40:04, 129592, 15.3, 17.3, 4.6, 5585, 47.7, 0.1, 0.3, 0.1, 58.5, 44.3, 14408.9, 357.9, 7.6, 102.6, 3.2, 7.8
3, 05/01/2019 10:00:04, 129593, 23.5, 24.7, 6.2, 17845.4, 182.9, 0.8, 0.3, 0.2, 145.1, 63.3, 13692.2, 341.3, 8, 134.1, 3, 8.1
3, 05/01/2019 10:20:04, 129594, 18.7, 22.8, 5.3, 5610.3, 111.5, 1, 0.3, 0.4, 189.5, 58.4, 31395.7, 324.2, 7.4, 153.4, 2.3, 7.5
3, 05/01/2019 10:40:03, 129595, 27.6, 33.4, 6.8, 6690.5, 74.2, 3.8, 0.4, 0.1, 170.2, 85.5, 18168.7, 354.9, 9.3, 226.4, 1.6, 9
3, 05/01/2019 11:00:03, 129596, 59.6, 73.1, 12.3, 40601.9, 412.7, 3.6, 0.8, 6.6, 256.3, 187.2, 26708.8, 327.4, 14.4, 430.2, 1.6, 14.4
3, 05/01/2019 11:20:18, 129597, 47.7, 54.9, 8.9, 3972, 289.9, 2.5, 0.5, 0.1, 178.8, 140.4, 24951.6, 298.5, 12.5, 360.7, 2.3, 13
3, 05/01/2019 11:39:18, 129598, 38.4, 44.5, 7.7, 6584.4, 198.4, 5.9, 0.4, 0, 149.8, 113.8, 25749.7, 325.5, 11.6, 395, 1.4, 13.3
3, 05/01/2019 12:00:18, 129599, 35, 46, 7.4, 23402.2, 293.7, 5.1, 0.4, 0.3, 219.4, 117.8, 30871.8, 245.6, 10.2, 251.9, 0.9, 11.3
3, 05/01/2019 12:19:23, 129600, 30.8, 35.7, 5.9, 16412.6, 85.6, 3.8, 0.4, 0.1, 134.3, 91.4, 24519.6, 344.7, 9.6, 223.9, 1.3, 11.2
3, 05/01/2019 12:39:23, 129601, 34.9, 35.1, 5.9, 6478.1, 69.8, 4, 0.3, 0, 105.6, 89.8, 25411.1, 375.7, 8.3, 218.2, 1.6, 7.8
3, 05/01/2019 12:59:23, 129602, 48.7, 48.8, 8.8, 17810.6, 316.2, 4.9, 0.5, 0.4, 176.4, 125, 39399.5, 260, 9.4, 412.9, 1.3, 8.7
3, 05/01/2019 13:19:22, 129603, 28.6, 29.8, 5.9, 1631.4, 285.7, 5.1, 0.3, 0, 108.4, 76.3, 26829.3, 310.5, 8.2, 360.7, 2.4, 7.7
3, 05/01/2019 13:39:23, 129604, 26.7, 27.1, 5.7, 4629.6, 191.3, 4.7, 0.3, 0, 85, 69.5, 32083.7, 345, 7.5, 296.3, 2.4, 8.1
3, 05/01/2019 13:59:22, 129605, 24.2, 27.3, 5.7, 19166.8, 244.2, 6.1, 0.3, 0, 96.9, 69.8, 14659, 249.1, 7.1, 219.1, 0.9, 9.9
3, 05/01/2019 14:19:22, 129606, 14.2, 17.2, 3.8, 10467.5, 36.1, 6.3, 0.2, 0, 69.8, 44, 15511.3, 326.8, 5.9, 120.9, 0.6, 7.8
3, 05/01/2019 14:39:22, 129607, 10.7, 9.9, 2.7, 4884, 39.8, 7.3, 0.2, 0, 54.9, 25.4, 16318.8, 378.6, 5.6, 109, 0.3, 3.2
3, 05/01/2019 14:59:22, 129608, 25.9, 22.9, 3.5, 20422.2, 71.9, 7.4, 0.2, 0, 96.2, 58.6, 25154.5, 269.4, 8, 219.6, 0.3, 3.3
3, 05/01/2019 15:20:22, 129609, 12.7, 10, 2.5, 956.3, 50.6, 6.7, 0.2, 0, 33.8, 25.6, 14403.7, 379.3, 7.5, 210, 0.2, 1.9
3, 05/01/2019 15:40:22, 129610, 8.7, 5.7, 1.7, 2652.1, 92.8, 8.2, 0.1, 0, 27.5, 14.7, 14298.8, 330.6, 5.2, 98.3, 0.1, 1.2
3, 05/01/2019 15:59:22, 129611, 18.7, 28, 3.6, 21007.9, 291.3, 5.6, 0.3, 0.1, 137.5, 71.8, 13314.9, 305.6, 6.6, 185.6, 0.2, 2.4
3, 05/01/2019 16:20:22, 129612, 13.1, 13.4, 3, 2729.4, 166.8, 2.1, 0.2, 0, 81.6, 34.3, 14930.5, 359.7, 5.1, 122.1, 0.2, 1.5
3, 05/01/2019 16:40:22, 129613, 10.5, 8.1, 2.1, 680.3, 34.7, 0.3, 0.2, 0, 35.8, 20.6, 14011.4, 383.5, 5, 126, 0.1, 1.4
3, 05/01/2019 16:59:22, 129614, 14.1, 11.3, 3.5, 13750.8, 22.9, 3.6, 0.3, 0, 53.3, 28.9, 22827.7, 260, 6.2, 110.9, 0.1, 2.6
3, 05/01/2019 17:19:22, 129615, 12.7, 9.2, 3.1, 3771.9, 12.9, 1.2, 0.2, 0, 50.4, 23.6, 22514.4, 351.7, 7.6, 215.7, 0.2, 1.9
3, 05/01/2019 17:39:22, 129616, 10.2, 8.3, 1.8, 249.3, 22.6, 0.1, 0.1, 0, 42.7, 21.2, 17673.9, 407.9, 5.6, 162, 0.1, 1.1
3, 05/01/2019 17:59:21, 129617, 20.6, 18.2, 3.7, 17244, 202.1, 2.3, 0.3, 0.1, 123.7, 46.7, 24487.2, 296, 6.2, 135.7, 0.2, 2.2
3, 05/01/2019 18:19:27, 129618, 9.7, 6.9, 2, 3663.5, 9, 0.1, 0.2, 0, 23.2, 17.8, 14092.9, 321.7, 5.7, 90.9, 0.1, 1.5
3, 05/01/2019 18:39:27, 129619, 17, 13.7, 1.9, 3924.2, 22, 0.2, 0.2, 0, 75.5, 35.1, 14611.7, 393.3, 5.6, 128.2, 0.1, 1.3
3, 05/01/2019 18:59:27, 129620, 18.8, 16.8, 3, 29646.4, 94.4, 2.8, 0.2, 0, 96.6, 42.9, 17140.5, 294.4, 8.7, 252.6, 0.2, 2.8
3, 05/01/2019 19:19:26, 129621, 10.4, 7.4, 1.9, 3575.1, 16.4, 0.2, 0.2, 0, 34.9, 19.1, 14976.5, 367.6, 9.9, 140.8, 1.3, 1.2
3, 05/01/2019 19:39:27, 129622, 9.9, 8.9, 1.9, 3685.9, 49.2, 5, 0.2, 0, 67.9, 22.9, 13269, 418.8, 8.3, 139, 0.6, 1.4
3, 05/01/2019 20:00:26, 129623, 13.7, 12.1, 2.7, 17887.4, 177.4, 2.1, 0.2, 0, 85.1, 31.1, 11426.6, 270.8, 5.8, 102.6, 2.3, 1.9
3, 05/01/2019 20:20:26, 129624, 14.6, 12.4, 3.4, 6009.7, 90.4, 0.2, 0.2, 0, 63.9, 31.7, 16431.7, 383.7, 7.1, 137.6, 2.9, 1.6
3, 05/01/2019 20:40:26, 129625, 9.7, 6.9, 1.9, 1004.6, 18.4, 0.2, 0.2, 0, 40.8, 17.7, 27553.2, 379.9, 5.8, 119.3, 1.4, 1.3
3, 05/01/2019 20:59:26, 129626, 19.8, 17.5, 3.9, 12719.7, 205.7, 2.8, 0.3, 0.1, 111.7, 44.7, 28804.2, 301.7, 9.7, 308.7, 1.2, 2.1
3, 05/01/2019 21:19:26, 129627, 8.8, 5, 1.8, 1284.6, 4, 0.1, 0.2, 0, 17.4, 12.9, 13291.2, 322.5, 7, 142.1, 1.2, 1
3, 05/01/2019 21:39:26, 129628, 8.5, 5.1, 1.9, 439.3, 8.4, 0.6, 0.2, 0, 19, 13.1, 14437.4, 412.9, 6.9, 133.3, 1.1, 1.1
3, 05/01/2019 21:59:25, 129629, 23.1, 20.2, 4.2, 13510.5, 177.5, 1.9, 0.3, 0, 138.4, 51.6, 15353.3, 280.5, 7.3, 221.3, 0.2, 2.1
3, 05/01/2019 22:19:26, 129630, 18.4, 15.3, 2.8, 724.3, 43.4, 0.6, 0.2, 0, 60.8, 39, 16307.6, 337.5, 8.6, 219.3, 1.2, 1.2
3, 05/01/2019 22:39:26, 129631, 20.7, 17.6, 2.7, 3383.7, 35.2, 0.7, 0.2, 0, 93, 45.2, 14453, 446, 7.3, 223.7, 0.1, 1.1
3, 05/01/2019 22:59:25, 129632, 17.5, 13, 3.5, 16509, 182.1, 1.9, 0.3, 0, 104.3, 33.3, 13018.3, 299.5, 6.2, 148.5, 0.1, 1.5
3, 05/01/2019 23:19:25, 129633, 13.2, 9.8, 2.2, 3605.4, 14.3, 0.1, 0.2, 0, 43.3, 25.1, 12854.8, 357.7, 5.5, 128.4, 0.1, 1.1
3, 05/01/2019 23:39:26, 129634, 9.3, 6.2, 2.3, 3713.7, 9, 0.1, 0.2, 0, 21.6, 15.8, 12751.3, 447.6, 5.1, 102.9, 0.1, 1.3
4, 04/01/2019 23:59:48, 129563, 14.6, 18.2, 2.6, 25258.3, 17.5, 0.3, 0.2, 0, 191.8, 46.7, 27361.2, 231.1, 12.3, 134.8, 0.2, 2
4, 05/01/2019 00:19:48, 129564, 30.3, 68.8, 4.5, 13151.9, 11.5, 0.4, 0.3, 0, 212.6, 176.1, 35857.1, 515.9, 42.9, 266.6, 0.7, 2.7
4, 05/01/2019 00:39:48, 129565, 28.6, 58, 3.8, 4193.7, 31.3, 0.2, 0.3, 0, 194.7, 148.5, 33561.1, 133.4, 36.9, 241, 0.3, 0.8
4, 05/01/2019 00:59:48, 129566, 23.6, 44.6, 4.1, 17567, 21, 0.1, 0.3, 0, 155.7, 114.1, 12361.9, 91.8, 28.7, 211.3, 0.2, 9.2
4, 05/01/2019 01:19:48, 129567, 11.9, 15.8, 2.2, 1544.9, 0.7, 0, 0.2, 0, 96.6, 40.3, 10175.1, 71.1, 13.9, 109.1, 0.2, 0.3
4, 05/01/2019 01:39:48, 129568, 8.7, 8.9, 1.5, 52, 0.3, 0.1, 0.1, 0, 24.3, 22.9, 10187, 67.2, 10.8, 95, 0.2, 0.3
4, 05/01/2019 01:59:48, 129569, 29.7, 28.4, 5, 27216.1, 147.1, 0.5, 0.3, 0, 161.2, 72.8, 20560.5, 195.1, 12.9, 201.2, 1.6, 3.2
4, 05/01/2019 02:19:47, 129570, 11.6, 5, 1.9, 2408.7, 5.1, 0.3, 0.1, 0, 33.1, 12.8, 10403.6, 86.1, 7.6, 123, 1.2, 0.4
4, 05/01/2019 02:39:48, 129571, 9.3, 1.6, 1.6, 1190.4, 1.6, 0.2, 0.1, 0, 10.1, 4.1, 10000.5, 199.3, 6.2, 88.8, 0.2, 0.2
4, 05/01/2019 02:59:48, 129572, 31.2, 54, 5, 96268.4, 74.6, 8.4, 0.6, 3.6, 359.8, 138.2, 30744.4, 357.4, 12.9, 305.4, 0.4, 22.4
4, 05/01/2019 03:19:47, 129573, 29.9, 103.9, 6.1, 136678.6, 138.1, 10.2, 0.4, 0.1, 366.8, 266, 42776.1, 153.7, 15.3, 412.5, 0.3, 79.1
4, 05/01/2019 03:39:48, 129574, 36, 39.8, 6.7, 4124.6, 358.5, 7.4, 0.5, 0.3, 197.6, 101.8, 11978.7, 322.7, 11.5, 357.9, 0.3, 3.5
4, 05/01/2019 03:59:47, 129575, 48.2, 48.4, 8.6, 19827.2, 275.3, 7, 1.3, 3.3, 240, 124, 48839.2, 344.5, 16.9, 530.6, 0.5, 4.4
4, 05/01/2019 04:19:47, 129576, 37.2, 32.6, 6.5, 7674.5, 180.9, 12.3, 0.4, 0, 167.6, 83.4, 45851.8, 410, 16.6, 281.3, 1.4, 2
4, 05/01/2019 04:39:47, 129577, 42.7, 34.2, 7, 9096.7, 257, 7.6, 0.6, 0, 157.5, 87.6, 34886.7, 286.1, 18, 393.7, 2.2, 2.3
4, 05/01/2019 04:59:47, 129578, 35.3, 32.6, 7.1, 34981.3, 269.7, 13.8, 0.5, 0, 181.6, 83.4, 79392.1, 285.9, 15.3, 439.3, 2.1, 7.5
4, 05/01/2019 05:19:46, 129579, 20.5, 15.5, 4, 5456.8, 94.4, 9.1, 0.3, 0, 69.2, 39.8, 12055.9, 321.8, 9.7, 218.1, 0.8, 2.9
4, 05/01/2019 05:39:47, 129580, 29, 23.3, 4.8, 5938.7, 220.2, 3.3, 0.4, 0.7, 151.8, 59.7, 65634.3, 319.9, 10.1, 216.2, 2.3, 2.3
4, 05/01/2019 05:59:46, 129581, 48.2, 50.3, 8.6, 24442, 439.4, 9.3, 0.6, 1.2, 221.2, 128.8, 33315.3, 190.1, 16.7, 366.1, 3.7, 3.8
4, 05/01/2019 06:19:06, 129582, 33.5, 40.1, 6.4, 5872.6, 153.4, 14.9, 0.7, 1.8, 293.6, 102.6, 43538.9, 435.5, 16.4, 335.9, 4.5, 3.9
4, 05/01/2019 06:40:06, 129583, 40.5, 50.7, 9.5, 4583, 266.8, 22.3, 0.6, 0.1, 170.7, 129.8, 31524.8, 228.8, 23.4, 668.4, 3.5, 7.2
4, 05/01/2019 07:00:07, 129584, 53.8, 56.3, 13.3, 25405.2, 411.4, 14, 0.9, 0.6, 202.9, 144.1, 39842, 234.7, 25.8, 895.9, 4.9, 10.5
4, 05/01/2019 07:20:12, 129585, 36.5, 35, 7.8, 3513.7, 214, 17.2, 0.5, 0, 134.5, 89.7, 52334.2, 206.9, 18, 427.8, 5.6, 4.3
4, 05/01/2019 07:40:11, 129586, 29, 25.5, 6.9, 5650.1, 303.8, 14.7, 0.5, 0, 114.6, 65.3, 24741.6, 227.2, 16.5, 499.7, 4.9, 4.6
4, 05/01/2019 07:59:11, 129587, 33.8, 41.2, 7.2, 20898.7, 187.2, 21, 0.5, 0.5, 232, 105.6, 22255.2, 812.3, 19, 532.5, 5.3, 6.2
4, 05/01/2019 08:20:11, 129588, 30.5, 31.8, 6.3, 7835.6, 295, 16.6, 0.4, 0.1, 126.2, 81.5, 63019.9, 826.5, 15.8, 416.7, 4.7, 5.3
4, 05/01/2019 08:40:11, 129589, 31.5, 34.4, 6.6, 3718, 293.1, 25.7, 0.4, 0, 122.7, 88.1, 22238, 1017.5, 14.2, 309.4, 3.3, 8.7
4, 05/01/2019 09:00:11, 129590, 40.9, 44.1, 8.4, 22890.8, 281.1, 26.7, 0.5, 1.8, 278.1, 112.8, 20316.7, 911.6, 18.3, 471.9, 3.7, 6.2
4, 05/01/2019 09:19:16, 129591, 31.7, 24.8, 6.3, 1925.8, 227.4, 15.9, 0.4, 0, 97.6, 63.6, 37739, 1245.2, 12.2, 296.9, 4.9, 3.6
4, 05/01/2019 09:39:16, 129592, 32.3, 27.9, 6.2, 1848.6, 224.7, 32, 0.5, 2.1, 218.3, 71.5, 33498.2, 1119.7, 12.5, 324, 4.8, 3.7
4, 05/01/2019 09:59:16, 129593, 28.7, 21.4, 5.4, 17971.8, 267, 16.9, 0.4, 0, 85.8, 54.7, 32033, 1036.1, 11, 290, 5.4, 4.3
4, 05/01/2019 10:19:15, 129594, 35, 29, 6.2, 2561.3, 246.6, 30, 1.2, 2.8, 237.4, 74.1, 18169.7, 1089.4, 12.6, 338.8, 4.9, 2.2
4, 05/01/2019 10:39:16, 129595, 25.9, 27.3, 4.9, 8911.2, 163.9, 12, 0.3, 0, 278.1, 70, 22900.6, 1326, 9.8, 273.4, 5.6, 2.1
4, 05/01/2019 11:00:15, 129596, 56.3, 54.4, 8.3, 27102.2, 370.8, 25.1, 1, 5.2, 219.8, 139.2, 50113.9, 592.6, 13.8, 487.5, 3.8, 3.8
4, 05/01/2019 11:20:16, 129597, 31.3, 27.8, 5.4, 9529.8, 161.7, 10.5, 0.3, 0.1, 122.6, 71.1, 22800.3, 1124.8, 12.2, 390.9, 5, 2
4, 05/01/2019 11:39:15, 129598, 29.1, 24.2, 5.3, 6036.1, 92.4, 1.5, 0.3, 0, 102.3, 61.8, 34508.7, 1301, 15.1, 363.3, 5.4, 1.5
4, 05/01/2019 12:00:15, 129599, 31.5, 32.6, 4.7, 25678.8, 161.1, 2.3, 0.3, 0, 186.6, 83.5, 62228, 336.8, 14.3, 459.5, 3.1, 2.1
4, 05/01/2019 12:19:15, 129600, 34, 26.9, 4.5, 720.8, 310, 0.1, 0.3, 0, 88.4, 68.9, 24723, 275.7, 10.5, 315.8, 3.3, 1.5
4, 05/01/2019 12:39:15, 129601, 18.9, 12.4, 3.2, 958.6, 48.7, 3, 0.2, 0, 49.2, 31.9, 14219, 996.3, 8.2, 192.8, 7.4, 1.3
4, 05/01/2019 12:59:15, 129602, 24.1, 18.1, 4.3, 22958.7, 186, 1.8, 0.3, 0.1, 129.7, 46.4, 13703.3, 122.9, 8.2, 158.1, 7.3, 2.1
4, 05/01/2019 13:19:15, 129603, 11.4, 4.1, 2.1, 4533.8, 3.8, 0.2, 0.2, 0, 21.2, 10.6, 13826.8, 114.1, 7, 89.8, 7.5, 0.6
4, 05/01/2019 13:40:15, 129604, 11.1, 3.5, 2, 4684.2, 2.7, 0.3, 0.1, 0, 11.7, 9, 25607.3, 103.1, 6.8, 97.4, 6.7, 0.6
4, 05/01/2019 13:59:15, 129605, 33, 26.9, 4.6, 21464.6, 194.7, 0.1, 0.4, 1.2, 168.6, 68.9, 13942.3, 137.1, 8.8, 271.1, 1.9, 2.1
4, 05/01/2019 14:19:15, 129606, 15.9, 8.1, 2.5, 388.4, 28.7, 0.2, 0.2, 0, 48.7, 20.8, 14646.1, 109.1, 7.1, 174.8, 1.3, 0.6
4, 05/01/2019 14:39:15, 129607, 12.9, 6.3, 2.4, 2188, 44.1, 1.8, 0.2, 0, 72.7, 16.1, 13323.4, 142.1, 7.4, 185.1, 1, 0.4
4, 05/01/2019 15:00:15, 129608, 20.7, 14.6, 3.8, 12883.5, 201.9, 2.3, 0.2, 0.2, 126.6, 37.3, 11817.4, 137, 7.3, 205.7, 0.6, 1
4, 05/01/2019 15:20:14, 129609, 12.2, 6.2, 1.8, 4479.2, 44.1, 2.8, 0.2, 0, 79.9, 15.9, 11754.2, 111.1, 5.7, 120.8, 0.6, 0.5
4, 05/01/2019 15:40:15, 129610, 11.7, 4.5, 1.5, 2612.3, 32, 0, 0.1, 0, 15.7, 11.5, 9216.9, 95.1, 4.9, 71.6, 0.2, 0.2
4, 05/01/2019 16:00:14, 129611, 12.4, 5.3, 1.7, 12895.1, 34.3, 0.1, 0.1, 0, 20.6, 13.6, 11035.7, 95.9, 5.1, 74.4, 0.2, 0.5
4, 05/01/2019 16:20:14, 129612, 17, 11, 3, 4444.1, 102, 0.2, 0.2, 0, 78.2, 28.1, 12858.9, 138.8, 5.7, 127.1, 0.3, 0.7
4, 05/01/2019 16:39:14, 129613, 11.9, 5.6, 2, 4206.7, 30.1, 0.4, 0.2, 0, 57.4, 14.3, 13509.8, 102.8, 4.9, 110.1, 0.2, 0.8
4, 05/01/2019 16:59:14, 129614, 19, 12.4, 3.4, 20614.9, 178.4, 0.4, 0.2, 0.1, 106.9, 31.9, 11545.9, 126.1, 5.6, 140.4, 0.2, 1.6
4, 05/01/2019 17:19:15, 129615, 9.9, 3.5, 1.6, 1117.2, 3.6, 0.6, 0.1, 0, 15.3, 8.9, 12285.6, 88.4, 4.8, 100.7, 0.2, 0.4
4, 05/01/2019 17:40:14, 129616, 11.8, 6, 2.3, 4618.9, 6.5, 0.9, 0.2, 0, 24.3, 15.3, 13897.6, 103.2, 6.5, 154.9, 0.1, 0.6
4, 05/01/2019 17:59:14, 129617, 16.2, 9.3, 3, 18332.9, 22.1, 0.5, 0.2, 0, 53.3, 23.7, 13943.7, 126, 6.9, 179.2, 0.2, 1.7
4, 05/01/2019 18:19:14, 129618, 11.1, 5.1, 2.1, 1297.9, 20.9, 1, 0.2, 0, 43, 13.1, 12891.4, 112.5, 5, 80.8, 0.3, 0.7
4, 05/01/2019 18:40:14, 129619, 12.5, 4.8, 1.6, 1053.6, 10.3, 0.2, 0.1, 0, 39.3, 12.3, 12680.6, 73.9, 4.7, 76.5, 0.2, 0.3
4, 05/01/2019 18:59:14, 129620, 23.9, 17, 4.2, 23270, 193.2, 0.8, 0.3, 0, 87.3, 43.5, 16587.9, 141.9, 8.2, 207.8, 2.8, 1.9
4, 05/01/2019 19:19:14, 129621, 16.6, 9.4, 2.4, 2633.9, 209.2, 0.2, 0.2, 0, 57.7, 24.1, 13306.8, 121.9, 6.4, 157.5, 0.7, 0.8
4, 05/01/2019 19:40:13, 129622, 11.5, 4.8, 1.8, 2467, 32.9, 2.3, 0.1, 0, 50.4, 12.3, 13361.7, 114.9, 4.9, 100.8, 0.5, 0.4
4, 05/01/2019 20:00:13, 129623, 13.4, 6.9, 2.1, 15025.4, 36.4, 2.1, 0.2, 0, 61.9, 17.6, 10880.8, 147.2, 4.9, 92.9, 0.4, 0.4
4, 05/01/2019 20:20:13, 129624, 16.3, 10.7, 3.4, 2405.6, 99.7, 0.1, 0.2, 0, 66.6, 27.3, 12445.3, 119, 5.7, 113, 1, 0.8
4, 05/01/2019 20:40:14, 129625, 10.9, 3.8, 2, 4138.1, 14.3, 0.2, 0.2, 0, 24.2, 9.7, 21746.1, 116.2, 4.7, 80.9, 0.5, 0.8
4, 05/01/2019 21:00:13, 129626, 26.4, 25.3, 4.9, 36360.4, 53.9, 0.4, 0.3, 0, 109.5, 64.8, 24307.6, 319, 9.8, 285.7, 0.9, 4.7
4, 05/01/2019 21:19:13, 129627, 15.2, 7.2, 2.7, 3598.9, 72.3, 0.1, 0.2, 0, 27.6, 18.5, 12392.8, 106.7, 6.7, 105.4, 2, 0.6
4, 05/01/2019 21:40:13, 129628, 12, 4, 2.2, 4537, 69.8, 0.1, 0.2, 0, 15.8, 10.3, 12326.1, 101.1, 5.3, 79.1, 1.4, 0.4
4, 05/01/2019 21:59:13, 129629, 18.9, 10.8, 3.4, 21633.8, 41.5, 0.6, 0.3, 0, 62.4, 27.6, 14015.7, 168.9, 6.2, 109, 0.5, 1.3
4, 05/01/2019 22:19:13, 129630, 11.9, 5.6, 2.1, 4529.8, 10.7, 1.1, 0.2, 0, 57.7, 14.3, 12977.8, 118.9, 6.5, 170, 0.4, 0.4
4, 05/01/2019 22:39:12, 129631, 11.1, 3.3, 1.9, 1689, 5, 0.8, 0.2, 0, 12.3, 8.5, 12025.3, 81, 6.3, 155.6, 0.5, 0.3
4, 05/01/2019 22:59:13, 129632, 13.4, 6.6, 2.7, 18084.4, 4, 0.7, 0.2, 0, 45.7, 16.8, 12294, 130, 5.1, 76.5, 0.5, 1.6
4, 05/01/2019 23:19:13, 129633, 11.7, 3.5, 2.4, 1405.4, 4.2, 0.1, 0.2, 0, 13, 9, 12399.2, 96.2, 5, 74.3, 0.2, 0.6
4, 05/01/2019 23:40:13, 129634, 21.1, 12.8, 2.5, 1321.8, 15.7, 0.1, 0.2, 0, 73.1, 32.8, 12784.3, 80, 6.8, 155.1, 0.2, 0.4
