HOST, TIME, SNAP_ID, SYS_CPU, SYS_DBTIME, SYS_SYSPCT, SYS_READ, SYS_WRITE, SYS_REDO, SYS_OSWAIT, SYS_RMWAIT, SYS_ACTSESS_MAX, SYS_ACTSESS_AVG, SYS_PGA, SYS_PXRUNS, SYS_PXQCT, SYS_PXSRVT, SYS_UCALLS, SYS_IOWAIT
1, 19/01/2019 00:00:04, 130571, 61.4, 66.3, 17.3, 725.9, 507.8, 59.2, 1.6, 0, 203.5, 169.7, 36690.3, 186.5, 6.7, 145.2, 186, 18.1
1, 19/01/2019 00:20:05, 130572, 75.4, 107.9, 19.4, 6264.3, 381.8, 63.8, 8.5, 24.5, 409.1, 276.1, 54142.2, 248.1, 20.3, 324, 188.6, 20.7
1, 19/01/2019 00:40:04, 130573, 70.7, 121.4, 18.5, 8349.3, 450.4, 54.8, 6.7, 43.3, 372.9, 310.9, 50122.9, 196.8, 30.2, 364.1, 177.9, 7.3
1, 19/01/2019 01:00:04, 130574, 69.7, 105.5, 17.9, 1885.3, 441.9, 47.3, 2.4, 23.8, 390.2, 270.1, 48690.6, 731.7, 24.1, 296.1, 159.9, 9.8
1, 19/01/2019 01:20:04, 130575, 63.2, 99.4, 16.9, 1668.7, 389.5, 28.8, 3.3, 19.7, 382.1, 254.5, 71379.4, 420.1, 21.2, 294.7, 127.7, 17.3
1, 19/01/2019 01:40:04, 130576, 66.3, 67.6, 17.4, 1414.3, 480.9, 39.7, 1.4, 1.4, 326.5, 173, 73116, 713.3, 16.6, 202.8, 203, 6.7
1, 19/01/2019 02:00:04, 130577, 73, 80.8, 17.8, 1212.5, 455.5, 43.8, 1.8, 8.1, 236.1, 206.9, 74505.2, 675.4, 15.4, 199.3, 177.7, 7.2
1, 19/01/2019 02:20:04, 130578, 64.6, 56.9, 14.4, 1114.2, 512.1, 45.7, 1.2, 1.9, 200.7, 145.6, 65372, 872, 9.1, 132.5, 195.1, 2.9
1, 19/01/2019 02:40:03, 130579, 62.3, 53.7, 14.1, 1314.4, 296.2, 34.8, 1.1, 2, 162.9, 137.5, 35833.4, 187.4, 9.5, 142.1, 164.8, 3.9
1, 19/01/2019 03:00:03, 130580, 47.5, 44.3, 13, 1656.8, 252.8, 23.2, 1.1, 2.3, 147.6, 113.4, 37251.5, 151.2, 9.7, 145.2, 135, 7.9
1, 19/01/2019 03:20:03, 130581, 53.5, 62.7, 13.7, 1465.5, 287.6, 37.7, 1.1, 2.2, 276.9, 160.5, 35078.8, 145.7, 10.3, 163.7, 145.3, 9.2
1, 19/01/2019 03:40:03, 130582, 56.5, 48.9, 16, 897, 344.8, 48.8, 1.3, 0.3, 161.8, 125.2, 40393.2, 203.1, 9.5, 157.7, 194.4, 7.5
1, 19/01/2019 04:00:03, 130583, 55.2, 51.9, 17.1, 592.8, 361.2, 42.5, 1.4, 0, 180.8, 132.9, 49170, 4268.3, 9.2, 128.4, 170.3, 9.8
1, 19/01/2019 04:20:03, 130584, 54, 51.1, 14.4, 2088.7, 502, 30.2, 1.2, 0.3, 186.9, 130.8, 45866.7, 5104, 6.6, 74.4, 127.6, 12.6
1, 19/01/2019 04:40:03, 130585, 42.6, 41.7, 11, 489.8, 504.6, 39.4, 1, 0, 192.6, 106.7, 44531.7, 4996.4, 4, 33.8, 148.3, 7.2
1, 19/01/2019 05:00:03, 130586, 29.7, 58.4, 8.2, 665, 332.4, 38.1, 0.8, 0, 261.8, 149.4, 54222.5, 2996.6, 7.2, 145.3, 143.6, 35
1, 19/01/2019 05:20:03, 130587, 43.8, 50.9, 12.2, 1451.7, 421.7, 43.6, 1.1, 0, 223.5, 130.3, 44549.1, 1369.3, 4.9, 82.7, 131.2, 15.8
1, 19/01/2019 05:40:03, 130588, 36.6, 38.4, 11.5, 2161.8, 262, 28.4, 1.1, 0, 163.9, 98.2, 12325.4, 6965.7, 4.2, 39.4, 145.3, 9.2
1, 19/01/2019 06:00:03, 130589, 44.5, 52.7, 14.1, 306.4, 311.8, 41.9, 1.2, 0, 212.3, 135, 11765.8, 45, 2.7, 25.7, 150.8, 12.4
1, 19/01/2019 06:20:03, 130590, 45.2, 50.5, 14.3, 346.8, 317.8, 38, 1.3, 0, 203.9, 129.3, 12519.9, 29, 3.3, 32.7, 161, 10.2
1, 19/01/2019 06:40:03, 130591, 43.3, 47.4, 13.6, 1494.4, 292.8, 34.2, 1.2, 0.3, 195.2, 121.4, 10739.3, 127.8, 3.6, 61.6, 156.6, 10.8
1, 19/01/2019 07:00:03, 130592, 56.1, 57.7, 16, 6816.9, 351.3, 59.9, 1.4, 0, 193.6, 147.7, 28039.2, 38, 2.3, 37.1, 176.4, 10.1
1, 19/01/2019 07:20:03, 130593, 62.7, 73.2, 16.7, 1700.1, 384.9, 59.2, 1.5, 0.1, 254.2, 187.3, 14301.5, 85.4, 3.6, 87, 166.6, 8
1, 19/01/2019 07:41:03, 130594, 50.3, 61.6, 15.3, 410.7, 349.3, 50, 1.3, 0, 229.3, 157.7, 14044.4, 53, 2.6, 49.4, 147.4, 8
1, 19/01/2019 08:01:03, 130595, 50.7, 65.7, 14.4, 1307.6, 335.7, 47.1, 1.2, 0.1, 255.3, 168.2, 13936.6, 98.1, 3.3, 56.9, 160.1, 8.4
1, 19/01/2019 08:20:03, 130596, 46.1, 57.1, 14.1, 2774.1, 293.3, 44.9, 1.2, 0, 234.4, 146.2, 14218.7, 47, 2.7, 49.9, 171.4, 8.8
1, 19/01/2019 08:40:03, 130597, 30.7, 35.6, 9.6, 31387.5, 204.3, 31.3, 1, 0, 135.2, 91.1, 10897.9, 63, 1.8, 21.8, 169.1, 5.5
1, 19/01/2019 09:00:02, 130598, 33.8, 49.7, 10, 6748.6, 197.6, 31.4, 0.9, 0, 229.3, 127.2, 14013.2, 107.3, 3.6, 71.4, 138.6, 7.7
1, 19/01/2019 09:21:03, 130599, 32.7, 42.6, 9.8, 241.7, 210.2, 37.4, 1, 0, 229.4, 109.1, 9801.5, 41.1, 1.7, 24.9, 159.5, 6.1
1, 19/01/2019 09:40:02, 130600, 32.4, 32.4, 10, 1751.5, 217.5, 36.6, 0.9, 0.1, 129.8, 82.8, 13851.4, 153, 2.4, 37.9, 129.6, 7.7
1, 19/01/2019 10:00:02, 130601, 31.4, 36.5, 9, 366.6, 201.4, 37.5, 0.9, 0, 157.4, 93.4, 43492.2, 48.1, 2.2, 63, 105.9, 6.8
1, 19/01/2019 10:20:02, 130602, 33.8, 33.8, 9.6, 1417.4, 261.1, 44.1, 0.9, 0, 192.6, 86.5, 49680.9, 68.9, 3.6, 109.5, 107.8, 6.2
1, 19/01/2019 10:40:02, 130603, 33.4, 33.4, 9.6, 583.1, 298.4, 38, 0.9, 0, 125.2, 85.6, 47487.7, 28.1, 3.1, 99, 103, 9.7
1, 19/01/2019 11:00:02, 130604, 39.7, 42.2, 10.4, 1516.5, 254, 39.6, 0.9, 0.1, 186.2, 108.1, 55967, 55.8, 5.5, 148.5, 104.6, 9
1, 19/01/2019 11:19:01, 130605, 35.1, 35.7, 10.2, 595.6, 232.3, 40.8, 1, 0, 165.5, 91.4, 44830.1, 32.2, 4, 104.4, 110.3, 6.7
1, 19/01/2019 11:40:02, 130606, 34.7, 49.4, 10.2, 463.8, 707.4, 158.7, 1, 0, 260, 126.5, 44260.6, 56.8, 3.9, 97.4, 102.6, 8.4
1, 19/01/2019 12:00:02, 130607, 44.2, 46.9, 13, 2368.1, 701.4, 154.9, 1.1, 0, 178.2, 120.1, 47859.1, 211.7, 5.4, 148.9, 105.5, 12.8
1, 19/01/2019 12:20:01, 130608, 38.7, 37.3, 11.1, 698.5, 572.5, 105.1, 1, 0, 131.4, 95.4, 10233.4, 66, 2.7, 60.6, 104.4, 9.2
1, 19/01/2019 12:40:02, 130609, 30, 28.9, 8.9, 1483.9, 216, 37.8, 0.9, 0, 112.5, 74, 12326.8, 126.7, 2.6, 32.2, 106.7, 7.1
1, 19/01/2019 13:00:02, 130610, 29.6, 28.7, 8.9, 225, 208.5, 40.5, 0.9, 0, 132, 73.4, 11163.8, 52.1, 2.1, 20.6, 107.6, 6.7
1, 19/01/2019 13:20:01, 130611, 30.8, 28.3, 8.7, 1472.2, 207.8, 37.9, 0.9, 0.1, 119.1, 72.6, 15211.9, 83.8, 2.5, 35.4, 105.3, 6.1
1, 19/01/2019 13:40:01, 130612, 30.2, 26.5, 8.3, 558.7, 489.1, 34.4, 0.8, 0, 123.8, 67.7, 19701.4, 91, 1.7, 20.8, 97.3, 8.4
1, 19/01/2019 14:00:02, 130613, 31.8, 26.2, 8.5, 343.8, 1287.2, 34.8, 0.9, 0, 92.2, 67.1, 19430.9, 54.6, 1.2, 6.4, 98.4, 8.2
1, 19/01/2019 14:19:01, 130614, 36.5, 29.1, 9.2, 1408.8, 1000, 32.7, 0.9, 0, 111.6, 74.4, 20684.3, 101, 2.9, 39.3, 95.9, 6.6
1, 19/01/2019 14:40:01, 130615, 31.4, 27.8, 8.1, 180.5, 582.9, 31.6, 0.8, 0, 119.1, 71.1, 21162.8, 69, 2, 19.1, 88, 5.3
1, 19/01/2019 15:00:01, 130616, 31.1, 33.3, 7.8, 117.6, 573.2, 29.6, 0.8, 0, 174.1, 85.2, 19570.1, 56.1, 1.9, 15.9, 84.3, 7
1, 19/01/2019 15:20:01, 130617, 38.6, 33.4, 9.6, 2187.6, 594.3, 29.3, 0.9, 0, 119.5, 85.5, 23594.5, 115, 3, 51.8, 83.2, 6.1
1, 19/01/2019 15:40:01, 130618, 26.9, 26.6, 7, 84.4, 560.6, 24, 0.8, 0, 175, 68.1, 19852.8, 56.8, 1.2, 6.4, 75.4, 4.8
1, 19/01/2019 16:00:00, 130619, 39.6, 30.9, 9, 1115.5, 677.5, 25.6, 0.8, 0, 102.1, 79.1, 65409, 53.1, 2.7, 51.5, 74, 6.8
1, 19/01/2019 16:20:01, 130620, 49.2, 51.8, 10.2, 3215.5, 673.5, 22.7, 0.9, 12.7, 187.5, 132.7, 70274.6, 173.2, 8.2, 207.3, 52.6, 6.8
1, 19/01/2019 16:40:00, 130621, 44.7, 43.5, 8.5, 692.9, 722.1, 19.8, 0.8, 3.2, 243, 111.3, 74216.1, 54, 4.6, 102.2, 46.4, 6.7
1, 19/01/2019 17:00:00, 130622, 44.6, 40.4, 8.6, 1481.3, 801.1, 19.3, 0.8, 7.3, 206.3, 103.4, 75840.6, 139.1, 6, 138, 48.5, 5.1
1, 19/01/2019 17:20:00, 130623, 46.6, 42.2, 9.4, 1399.9, 745.2, 20.5, 0.8, 7.5, 157.6, 108, 66325.3, 91.9, 7, 164.8, 52.4, 5.7
1, 19/01/2019 17:40:00, 130624, 44.7, 35.9, 8.1, 622.1, 864.7, 17.5, 0.7, 2, 132.3, 92, 69386.8, 49, 4.3, 89.1, 43.1, 4.9
1, 19/01/2019 18:00:00, 130625, 49.6, 63, 10.1, 3636.9, 784.3, 17.4, 1, 10.6, 251.4, 161.2, 65784.5, 182.8, 14.5, 285, 45.4, 18.6
1, 19/01/2019 18:20:00, 130626, 47.4, 43.2, 9.2, 1221.3, 690.6, 17.4, 0.8, 4.2, 138.3, 110.6, 72928.9, 49, 12.7, 230.4, 49.2, 10
1, 19/01/2019 18:40:00, 130627, 48.2, 42.2, 8.9, 907, 726.8, 18.5, 0.8, 7.4, 128.9, 108.1, 77926.5, 52, 13.8, 244.7, 65.2, 3.8
1, 19/01/2019 19:00:00, 130628, 45.4, 49.5, 7.8, 1814.1, 562.9, 13.2, 0.7, 11.1, 239.1, 126.8, 74579.4, 80.1, 13.5, 262.6, 35.5, 8.5
1, 19/01/2019 19:20:00, 130629, 42.9, 44.6, 7.2, 1086.5, 511.2, 12.4, 0.7, 8.3, 190.2, 114.1, 81690.5, 41.9, 13.6, 245.3, 32.2, 6.8
1, 19/01/2019 19:40:00, 130630, 39, 27.7, 6.5, 745.7, 587.6, 11.7, 0.6, 0.1, 91.8, 71, 74299, 46.9, 12.2, 229.5, 33.5, 3.3
1, 19/01/2019 20:00:00, 130631, 37.9, 78, 7.8, 7726.6, 724.4, 12.1, 0.7, 2.3, 340.6, 199.8, 73855.9, 106.2, 17.9, 354.5, 34.1, 8.4
1, 19/01/2019 20:20:00, 130632, 43.9, 43.9, 9.4, 1220.6, 827, 11.9, 0.8, 3.6, 227.9, 112.5, 79381.5, 75.9, 15.7, 300.7, 32.5, 8
1, 19/01/2019 20:40:00, 130633, 34.2, 31.4, 6.6, 1440.9, 834.2, 8.5, 0.6, 2.2, 179.7, 80.4, 74077.1, 151.4, 13.7, 262.8, 24.4, 4.7
1, 19/01/2019 21:00:00, 130634, 41.7, 53.7, 7.3, 2741.1, 618.9, 8.4, 0.7, 0.9, 252.7, 137.6, 69115.3, 98.8, 15.4, 291.2, 28.5, 11.9
1, 19/01/2019 21:20:00, 130635, 34.7, 53, 5.7, 698.4, 493, 8.6, 0.6, 0.5, 271.7, 135.8, 63349, 67.9, 12.7, 239.1, 34.4, 2
1, 19/01/2019 21:39:59, 130636, 44.2, 43.1, 8.9, 2919.6, 449.8, 10.6, 0.8, 6.6, 173.7, 110.3, 69117.4, 163.2, 14.2, 295.9, 45.4, 5
1, 19/01/2019 22:00:00, 130637, 52.4, 78.7, 11, 2468.8, 701.6, 10.5, 0.9, 3.3, 301.1, 201.4, 74774.6, 93, 13.7, 270.4, 40.8, 21.5
1, 19/01/2019 22:20:00, 130638, 51.5, 58.3, 11, 3584.8, 701.7, 8.8, 0.9, 12.4, 220, 149.3, 76320.9, 204, 13, 280.8, 33.7, 7.6
1, 19/01/2019 22:40:00, 130639, 45.6, 61.1, 8.8, 2967.7, 736.6, 9.3, 0.8, 14.6, 251.2, 156.5, 73927.9, 67.1, 10.4, 240.8, 31.8, 5.5
1, 19/01/2019 22:59:59, 130640, 48.6, 57.3, 9.4, 887.7, 706.3, 15.5, 0.8, 13, 198.5, 146.7, 74050.6, 72.8, 8.6, 206.3, 35.6, 8.4
1, 19/01/2019 23:19:59, 130641, 49.3, 50.8, 9.6, 860.7, 861.7, 16.6, 0.8, 6.3, 172.8, 129.9, 33030.9, 67.2, 7.3, 181.5, 74.5, 10.2
1, 19/01/2019 23:39:59, 130642, 47.3, 42.1, 9.9, 1289.3, 704.7, 20.2, 0.9, 3.5, 179.4, 107.8, 49655.8, 120, 5.9, 139, 99.4, 6.3
2, 18/01/2019 23:59:27, 130571, 34, 36.6, 8.8, 452.1, 127.3, 28.1, 0.7, 0, 119.3, 93.7, 23275.7, 91.7, 7.9, 222, 62.8, 11.8
2, 19/01/2019 00:20:27, 130572, 44.2, 52.2, 9.8, 12878.1, 186.4, 33.3, 0.7, 5.2, 194.8, 133.6, 28782.7, 179.1, 12.2, 277.2, 77, 11.5
2, 19/01/2019 00:39:27, 130573, 53.4, 67.3, 11.5, 2898.9, 153.7, 31.3, 0.7, 9.3, 229.3, 172.4, 33567.1, 155, 17.6, 295.8, 86.1, 7.7
2, 19/01/2019 00:59:27, 130574, 51.1, 80.9, 11, 2250.1, 131.6, 22.3, 0.8, 6.1, 292.7, 207.1, 45085.7, 156.2, 18.2, 268.5, 77, 15
2, 19/01/2019 01:19:27, 130575, 50.9, 69.1, 10.6, 2970.3, 118.2, 13.4, 0.8, 3.6, 244.5, 176.8, 56015.8, 171.9, 19.8, 324.1, 60.4, 15.8
2, 19/01/2019 01:39:26, 130576, 46.3, 57.1, 8.7, 2071.6, 152.2, 5.7, 0.6, 1.6, 202.1, 146.2, 52562.8, 76.1, 16.3, 280.6, 22.2, 12.4
2, 19/01/2019 01:59:27, 130577, 38, 45.5, 7.9, 3637.5, 84.4, 6.4, 0.6, 0.6, 172, 116.4, 20908.8, 186.4, 13.9, 247.6, 27.4, 9
2, 19/01/2019 02:19:26, 130578, 37.5, 37.8, 8.2, 1183.1, 61.1, 7, 0.6, 0, 116.8, 96.7, 18829.5, 143.9, 9.7, 176.7, 47.9, 6
2, 19/01/2019 02:39:26, 130579, 24.8, 24.6, 4.6, 1044.2, 36.5, 4.9, 0.4, 0, 98.1, 62.9, 14393.6, 83, 7.5, 124.4, 25.7, 3.3
2, 19/01/2019 02:59:26, 130580, 24.6, 31.4, 3.9, 2557.2, 30.5, 5.8, 0.3, 8.5, 91.7, 80.3, 15379.6, 30.9, 7.9, 135.8, 22.7, 2.7
2, 19/01/2019 03:19:26, 130581, 24.1, 34.4, 5.3, 3640.1, 118.1, 9.4, 0.4, 5.6, 154.4, 88.2, 18612.9, 184.5, 9.6, 192, 39.6, 4.8
2, 19/01/2019 03:40:26, 130582, 14.1, 18.3, 4.1, 4212.7, 71.7, 7.6, 0.3, 2.3, 93.6, 46.9, 15333.6, 166.1, 7.6, 135.3, 37.8, 6.5
2, 19/01/2019 03:59:26, 130583, 12.1, 10.4, 3.4, 2325.9, 149, 7.6, 0.3, 0, 39.3, 26.6, 43467.7, 76, 6.8, 115.3, 30, 2.8
2, 19/01/2019 04:19:26, 130584, 20.5, 33.9, 4.7, 2587.3, 475.3, 6.2, 0.4, 0.8, 932.7, 86.8, 51875.5, 69.1, 7.6, 118.1, 28.6, 4.8
2, 19/01/2019 04:39:26, 130585, 18.9, 13, 3.8, 599.7, 505.6, 6.9, 0.3, 0, 55.4, 33.3, 46011.2, 28, 5.6, 98.6, 30.6, 2.2
2, 19/01/2019 04:59:26, 130586, 8.2, 20.5, 2.6, 206.2, 134.9, 5.4, 0.2, 0, 120.9, 52.4, 50279.4, 62.8, 7.1, 126.7, 15.9, 15.4
2, 19/01/2019 05:20:26, 130587, 13.4, 17.7, 3.4, 1250.3, 134.4, 6.2, 0.3, 0, 74.4, 45.2, 45586.1, 40, 7, 128.8, 20.4, 8.2
2, 19/01/2019 05:40:26, 130588, 13.6, 12.7, 3.6, 1718, 85.4, 7.1, 0.3, 0.4, 85.3, 32.5, 15017.3, 116.8, 3.7, 78.8, 23.9, 2.4
2, 19/01/2019 05:59:26, 130589, 17.3, 15.5, 3, 172.4, 52.3, 7.3, 0.3, 0, 67.1, 39.7, 10470, 238.2, 2.3, 43.2, 24.2, 1.4
2, 19/01/2019 06:19:26, 130590, 18, 16.4, 2.9, 18.8, 28.4, 6.3, 0.3, 0, 65.3, 41.9, 10388.3, 197.8, 2.1, 35.1, 19.8, 1.1
2, 19/01/2019 06:39:25, 130591, 24.8, 25.5, 4.5, 1966, 90.4, 7, 0.4, 0, 100, 65.3, 15530.3, 202.5, 4.6, 88.7, 23.4, 3.2
2, 19/01/2019 06:59:25, 130592, 22.6, 21.2, 3.5, 350.5, 94.2, 7.8, 0.3, 0, 67.2, 54.2, 12259.9, 219.6, 3.5, 63.9, 21.6, 2
2, 19/01/2019 07:19:26, 130593, 24.1, 26.3, 4.3, 1482, 86.1, 9.1, 0.4, 0, 130.2, 67.4, 12672.3, 286.6, 4.6, 84.8, 25, 2.2
2, 19/01/2019 07:40:25, 130594, 21.2, 21.1, 3.6, 150.6, 66.8, 9.9, 0.3, 0, 81.5, 54.1, 10372.7, 159.8, 2.9, 48, 30, 1.2
2, 19/01/2019 08:00:25, 130595, 25.3, 30.2, 5, 19230.6, 74.9, 12.6, 0.4, 0, 116.4, 77.3, 13316.8, 299.7, 4.5, 96.4, 44, 3.1
2, 19/01/2019 08:19:25, 130596, 30.4, 31.5, 5.5, 6423.9, 93.3, 13.7, 0.4, 0, 117.7, 80.8, 13521.8, 228.2, 4, 104.1, 35.2, 2.7
2, 19/01/2019 08:39:25, 130597, 29.5, 30.3, 5.1, 435.6, 91.5, 15.3, 0.4, 0, 158.7, 77.4, 10286.5, 140.6, 3.5, 90.3, 43.1, 2
2, 19/01/2019 08:59:25, 130598, 29.3, 35.1, 6, 18692.1, 120.7, 17.8, 0.5, 0, 140.1, 89.7, 11267.3, 263.9, 4.9, 91.8, 49.5, 5.2
2, 19/01/2019 09:20:25, 130599, 27.4, 31.2, 5.8, 155.4, 152, 25.6, 0.5, 0, 157.5, 80, 12191.2, 196.8, 3, 51.1, 68.2, 4.5
2, 19/01/2019 09:39:25, 130600, 32.1, 29.8, 6.6, 1576.9, 151.1, 23.3, 0.5, 0.2, 134.1, 76.3, 11692.2, 198.5, 4.4, 83.2, 63.2, 3.7
2, 19/01/2019 09:59:25, 130601, 27.8, 26.9, 5.8, 447.2, 144.5, 27.1, 0.5, 0, 105.5, 68.8, 13088.4, 215.9, 3.3, 57.1, 64.4, 4.2
2, 19/01/2019 10:20:24, 130602, 31, 27.2, 5.9, 1038.2, 136.1, 19.3, 0.5, 0.1, 107.7, 69.6, 11488.2, 293.3, 3.8, 72.2, 50.9, 3.1
2, 19/01/2019 10:39:24, 130603, 28.3, 25.7, 5.6, 188.7, 151.5, 27.7, 0.4, 0, 118.5, 65.7, 12839.2, 422.3, 2.7, 41.5, 50, 4.2
2, 19/01/2019 10:59:24, 130604, 29.1, 27.8, 6, 1825.4, 157.9, 23.9, 0.4, 0, 122.8, 71.2, 18387.4, 449, 2.8, 40, 43.2, 4.7
2, 19/01/2019 11:19:25, 130605, 27.8, 25.4, 6.7, 512.9, 142.3, 26.4, 0.5, 0, 87.7, 65, 9630.5, 443, 2, 33.5, 46.2, 3.4
2, 19/01/2019 11:39:25, 130606, 22.3, 24.6, 4.4, 33.5, 102.8, 21.3, 0.4, 0, 163.3, 63, 10137.3, 179, 1.1, 3.2, 43.4, 2.5
2, 19/01/2019 11:59:25, 130607, 47.1, 56, 9.6, 7334.6, 185.8, 33.6, 0.7, 0, 198.5, 143.4, 11438, 286.5, 3.7, 56.7, 78.8, 5.5
2, 19/01/2019 12:19:24, 130608, 36.1, 45.8, 8.9, 185.3, 169.8, 32.5, 0.7, 0, 143.4, 117.2, 12869.5, 204.4, 2, 19.1, 91.9, 4
2, 19/01/2019 12:39:25, 130609, 48, 62.4, 12.8, 1380.5, 215.5, 43.4, 0.8, 0.5, 227.8, 159.8, 15662, 233, 3.3, 61.6, 96.9, 3.9
2, 19/01/2019 12:59:24, 130610, 47.3, 62.2, 13.3, 382.2, 265.5, 56, 0.8, 0, 188.5, 159.2, 11387.8, 223.2, 2, 35.1, 105.1, 4.3
2, 19/01/2019 13:19:24, 130611, 42.5, 58.3, 12.6, 674.1, 213.4, 46.7, 0.8, 0, 216.3, 149.3, 16192.5, 228.7, 2, 24.1, 104.4, 3.6
2, 19/01/2019 13:39:24, 130612, 56.5, 79.4, 14.2, 9385.5, 445.6, 42.4, 0.9, 0, 239.7, 203.3, 25366.7, 157.9, 4.8, 93.6, 99.4, 7.3
2, 19/01/2019 13:59:24, 130613, 49.2, 66.7, 12.5, 176.1, 466.6, 40.9, 0.8, 0, 208.2, 170.7, 21994.5, 236.1, 3.2, 56, 106.2, 4.2
2, 19/01/2019 14:19:24, 130614, 49.2, 70.9, 12.6, 1598.1, 439.7, 33.5, 0.7, 0.2, 223.4, 181.5, 23642.6, 362.6, 3.7, 81.7, 90.9, 3.3
2, 19/01/2019 14:40:24, 130615, 50, 64.4, 13.1, 288.3, 424.6, 36.7, 0.8, 0, 196.2, 164.8, 19688.5, 151, 2.9, 63.7, 117.3, 3.4
2, 19/01/2019 14:59:24, 130616, 47, 59.4, 12.7, 35.2, 436.6, 41.7, 0.8, 0, 187.1, 152.1, 19516.1, 213, 2, 35.1, 134, 4.2
2, 19/01/2019 15:19:23, 130617, 59.6, 68.5, 15.4, 1113.5, 453.3, 45.3, 0.9, 0.2, 233.6, 175.3, 20497.7, 229.7, 4.7, 96.8, 143.4, 3.7
2, 19/01/2019 15:39:24, 130618, 54.3, 63.1, 14.3, 167.7, 478.9, 48.2, 0.9, 0, 228.3, 161.7, 20624.6, 157.5, 3, 51.2, 147.8, 3.2
2, 19/01/2019 15:59:24, 130619, 76.6, 71.3, 18, 929.2, 563.7, 51.4, 1.1, 0.6, 213, 182.4, 49452.4, 235.5, 7.1, 180.9, 174.4, 4.1
2, 19/01/2019 16:19:24, 130620, 71.5, 68.8, 17.5, 1053.2, 647.4, 60.2, 1.1, 0.1, 188.5, 176, 56519, 209.6, 9.9, 266.7, 156.2, 4.2
2, 19/01/2019 16:39:23, 130621, 68.1, 72, 16.6, 225.3, 603.9, 55.5, 1, 0.1, 241.8, 184.3, 70435.6, 160.2, 9.9, 287.9, 133.2, 6.5
2, 19/01/2019 16:59:24, 130622, 69.4, 61.7, 17.2, 839.2, 553, 56, 1, 0.1, 193.9, 157.9, 73746.9, 208.3, 12, 352.1, 167.8, 5.8
2, 19/01/2019 17:19:24, 130623, 67.5, 51.7, 16.4, 240.3, 539.7, 66.2, 1, 0, 146.9, 132.3, 67797, 177.5, 12.8, 369.8, 173.8, 3.7
2, 19/01/2019 17:40:23, 130624, 66.2, 53, 15.5, 183.3, 602.6, 68.3, 0.9, 0.1, 155, 135.7, 69098.1, 160.7, 10.7, 308.6, 175, 2.6
2, 19/01/2019 18:00:23, 130625, 64, 52.2, 14.9, 1235.8, 551.2, 67.1, 0.9, 0.4, 156.1, 133.7, 72774, 237.5, 10.2, 277.6, 190, 3.9
2, 19/01/2019 18:19:23, 130626, 58.4, 46.6, 14.7, 370, 447.2, 42.8, 0.9, 0.1, 158.1, 119.2, 29193.2, 188.7, 6.1, 161.6, 203, 2.8
2, 19/01/2019 18:39:23, 130627, 48.9, 36.2, 12.9, 52.5, 442.8, 45.3, 0.8, 0, 106.1, 92.6, 24564, 162.1, 3.9, 92.2, 214, 2
2, 19/01/2019 18:59:23, 130628, 54.3, 43.5, 14, 1557.6, 466.2, 49.7, 0.9, 0.2, 157.7, 111.3, 31703, 304.3, 5.4, 124.8, 178.6, 3.1
2, 19/01/2019 19:19:23, 130629, 55.8, 44.6, 14, 798.3, 513.7, 54.9, 0.9, 0, 148.5, 114.2, 25778.1, 200.1, 5.3, 117.4, 151.4, 3.5
2, 19/01/2019 19:39:23, 130630, 45.1, 32.3, 11.6, 87.5, 473.3, 45.1, 0.7, 0, 101.6, 82.7, 24518.9, 137.5, 3.8, 80, 144.4, 1.5
2, 19/01/2019 19:59:23, 130631, 47.2, 73.6, 12.4, 1809.9, 463, 30.8, 0.7, 0.7, 276, 188.4, 47342.7, 395.8, 9.5, 240.6, 99.4, 4.7
2, 19/01/2019 20:19:23, 130632, 76.1, 83.5, 22, 1116.7, 455.1, 32.8, 1.6, 11.5, 279.2, 213.8, 62355.8, 184.6, 11, 324.6, 121.2, 14.5
2, 19/01/2019 20:40:22, 130633, 76.2, 74.1, 21.9, 1005, 450.1, 32, 1.3, 4.8, 219.3, 189.7, 59546.3, 142.8, 9.7, 274.3, 125, 16.5
2, 19/01/2019 21:00:23, 130634, 69.3, 78, 20.1, 1105.6, 401.9, 28.5, 1.2, 2.5, 244.7, 199.7, 58242.1, 217.8, 10.5, 282.6, 113.2, 22
2, 19/01/2019 21:19:23, 130635, 57.2, 64.3, 17.1, 813.2, 413.6, 12.2, 1, 0.5, 224.4, 164.6, 58109.7, 154.9, 8.1, 228.6, 48, 15.3
2, 19/01/2019 21:39:23, 130636, 63.8, 59.4, 18.7, 1415.6, 321, 15.5, 1, 2.4, 177.1, 152.1, 31144.3, 156.8, 9.6, 259.1, 71.7, 15.2
2, 19/01/2019 21:59:22, 130637, 59.2, 57.7, 17.8, 841.8, 299.4, 19.9, 1, 0.1, 175.9, 147.8, 31035.4, 228.7, 8.1, 227.8, 76.9, 15.6
2, 19/01/2019 22:19:22, 130638, 63, 59.1, 18.9, 1743, 287.1, 13.8, 1, 0.9, 205.3, 151.2, 37079.2, 206.1, 9.2, 258.7, 63.4, 15.7
2, 19/01/2019 22:39:23, 130639, 58.8, 65.3, 18.1, 1061.4, 302.2, 14.6, 1, 0.3, 259.5, 167.1, 28088.5, 164, 10.3, 289, 58, 16
2, 19/01/2019 22:59:22, 130640, 56.7, 55, 17.8, 690.9, 331.4, 21.9, 1, 0, 217.7, 140.8, 28334.2, 226.1, 8.3, 236.6, 92.7, 17.1
2, 19/01/2019 23:19:22, 130641, 61.6, 57.3, 19.3, 761, 404.3, 30.4, 1.1, 0, 174.1, 146.6, 27111, 165.8, 8.5, 239.1, 111.6, 16.7
2, 19/01/2019 23:39:22, 130642, 57.2, 52.3, 18, 797.3, 431.6, 24.1, 1.1, 0, 152.4, 133.9, 30002.4, 144, 7.3, 199.7, 80.4, 16.1
3, 19/01/2019 00:00:11, 130571, 26.4, 37.1, 5.5, 22882.9, 150.6, 0.3, 0.4, 0.1, 249.3, 95, 47517.7, 473.5, 27.4, 291.6, 18.2, 16.6
3, 19/01/2019 00:20:10, 130572, 30, 55.6, 5.7, 11335.7, 119.5, 0.5, 0.4, 1.5, 233.5, 142.3, 49233.9, 427, 39, 345.6, 16.7, 24.7
3, 19/01/2019 00:39:11, 130573, 32.5, 34, 5.6, 4297.6, 84.4, 0, 0.4, 0.5, 115.7, 86.9, 21294.4, 258.8, 29.4, 364, 17.5, 2.5
3, 19/01/2019 01:00:10, 130574, 27.8, 33.6, 5.1, 26092.4, 157.6, 0.7, 0.4, 0.2, 139.6, 86.1, 23161.7, 346.3, 24.7, 305.7, 17, 3.8
3, 19/01/2019 01:19:10, 130575, 18.7, 22.8, 4.4, 5882, 181.1, 0.1, 0.4, 0.2, 74.3, 58.4, 22032.1, 320.1, 21.5, 214.1, 18.3, 3.2
3, 19/01/2019 01:40:10, 130576, 13.3, 16.7, 3.4, 1797.6, 147, 0.9, 0.3, 0, 62.8, 42.7, 19397.8, 288.8, 20.2, 191.5, 27.6, 2.4
3, 19/01/2019 02:00:10, 130577, 28.4, 35.1, 6.4, 12842.9, 359.9, 3, 0.4, 0.9, 192.9, 89.9, 23752, 349.2, 26.7, 350.8, 26.5, 4.7
3, 19/01/2019 02:20:11, 130578, 14.3, 17.3, 4.2, 2554, 84.9, 3.8, 0.3, 0, 59.6, 44.4, 21585, 415, 21.9, 209.9, 36.3, 3.3
3, 19/01/2019 02:39:10, 130579, 15, 16.7, 4.2, 7233.6, 124.6, 5.4, 0.3, 0, 69.5, 42.7, 18117.1, 338.9, 22.4, 191, 34.9, 3.1
3, 19/01/2019 02:59:10, 130580, 26.7, 29.1, 6.4, 23741.1, 215.9, 5.8, 0.4, 0.8, 167.9, 74.5, 28016.2, 475, 26, 275.6, 26.1, 5.7
3, 19/01/2019 03:20:10, 130581, 18.1, 21.8, 4.2, 9020.2, 48.1, 1.9, 0.3, 0.4, 79.4, 55.7, 26665.8, 377.7, 23.6, 226.6, 28.9, 3.2
3, 19/01/2019 03:40:10, 130582, 15.6, 17.8, 4.3, 5734.8, 99.1, 2.6, 0.3, 0.1, 75.8, 45.5, 17317.5, 346.3, 22.8, 240.6, 34, 3.8
3, 19/01/2019 03:59:10, 130583, 46.7, 53.2, 9.9, 40047.7, 370.2, 9.5, 0.9, 5.2, 248.6, 136.1, 72812.2, 340, 26.8, 472.4, 22.4, 7.5
3, 19/01/2019 04:20:10, 130584, 59.7, 60.9, 12.2, 7998.3, 854.2, 14.7, 1, 2, 223.2, 155.9, 56595.6, 461.5, 29.3, 618.7, 22.6, 9.3
3, 19/01/2019 04:40:05, 130585, 30.6, 29.2, 6.2, 5406.4, 436.5, 9.9, 0.5, 0, 116.6, 74.7, 48002.9, 359.4, 26.9, 342.6, 21.7, 3.8
3, 19/01/2019 05:00:05, 130586, 28.5, 71.8, 6.4, 118077.1, 250.4, 11.5, 0.5, 0.6, 268.1, 183.8, 78509.3, 303, 26.5, 559.4, 6.2, 46.7
3, 19/01/2019 05:20:05, 130587, 30.5, 41.9, 6.7, 20947.6, 470.7, 5, 0.4, 0.1, 235.3, 107.3, 51867.6, 396.8, 21.8, 435.5, 8.1, 13.8
3, 19/01/2019 05:40:04, 130588, 16.2, 23.3, 4.3, 2639, 126.7, 7.2, 0.4, 0, 281, 59.7, 23076.5, 229.3, 17.8, 265.4, 10.6, 4.4
3, 19/01/2019 06:00:05, 130589, 33.1, 44.9, 7.8, 24120.5, 199.7, 12.1, 0.6, 0.5, 268.6, 114.9, 68777, 452.8, 24, 557.1, 8.4, 6.7
3, 19/01/2019 06:20:05, 130590, 22.8, 25.8, 5.5, 4071.2, 270.8, 12.6, 0.4, 0.1, 104.5, 66.2, 90442.3, 283.2, 19.6, 456.7, 4.6, 5.3
3, 19/01/2019 06:40:04, 130591, 15.6, 21.1, 4.3, 3393, 228.2, 11, 0.3, 0, 70.2, 53.9, 48742.4, 296.8, 18.4, 409.8, 4.1, 5.5
3, 19/01/2019 07:00:05, 130592, 25.3, 30.5, 6.9, 23822.3, 348.5, 18.7, 0.5, 0, 124.6, 78, 28172.9, 385.2, 17.2, 326.2, 5.8, 6.2
3, 19/01/2019 07:20:04, 130593, 21.8, 30.9, 5.6, 5296.4, 163.4, 13.2, 0.4, 0, 118.1, 79.1, 48462.1, 346.3, 18.1, 311.6, 4.8, 5.2
3, 19/01/2019 07:40:04, 130594, 34.7, 43, 6.2, 11179.6, 214.4, 7.6, 0.5, 0.3, 233.2, 110.2, 65212, 455.3, 22.5, 623, 3.4, 5
3, 19/01/2019 08:01:04, 130595, 46.2, 58.3, 8.2, 27644.1, 415.8, 7, 0.5, 1.8, 203.1, 149.2, 49051.9, 361.5, 24.1, 692.2, 2.5, 6.7
3, 19/01/2019 08:20:04, 130596, 34.3, 42.9, 6, 22397.8, 103.6, 6.3, 0.4, 0.3, 157.3, 109.9, 27871.7, 332.6, 19.2, 443.5, 2.8, 4.5
3, 19/01/2019 08:40:04, 130597, 32.8, 38.7, 6.7, 5924.3, 115.5, 4.8, 0.5, 0.2, 150, 99.2, 39414, 329.5, 21.7, 466.7, 4.7, 4.4
3, 19/01/2019 09:00:04, 130598, 33.8, 40.4, 7.1, 26011.9, 262.6, 9.9, 0.5, 0.7, 134, 103.4, 61211.9, 249.4, 21.8, 514.1, 2.9, 5.7
3, 19/01/2019 09:20:04, 130599, 38, 42.9, 7.2, 6925.4, 274, 19.2, 0.5, 1.2, 133.3, 109.9, 54079.6, 449.1, 20, 386.3, 3.2, 6.3
3, 19/01/2019 09:40:09, 130600, 32.7, 35.1, 6.3, 2983.1, 257.6, 33.3, 0.5, 0.1, 131, 89.8, 31543.6, 330.5, 18.3, 408.5, 0.8, 6.6
3, 19/01/2019 10:00:08, 130601, 36, 42.7, 7, 23549, 286, 29.6, 0.5, 0.1, 139.7, 109.3, 31278, 1222.3, 19.3, 477.4, 1.4, 6.7
3, 19/01/2019 10:20:08, 130602, 32.8, 38, 6.6, 3690.3, 133.7, 7.4, 0.5, 0.1, 144.1, 97.3, 47883.4, 11696.7, 18.2, 399.8, 1.7, 5.8
3, 19/01/2019 10:39:08, 130603, 27.7, 31.1, 5.8, 2663.3, 102.2, 6.1, 0.4, 0.2, 110.4, 79.7, 35492.8, 1486.1, 15, 332.4, 2.1, 5.8
3, 19/01/2019 11:00:08, 130604, 37.6, 40, 6.6, 7532, 220.9, 8.4, 0.5, 1.4, 188, 102.5, 55990.6, 1029.3, 18.4, 583.5, 3.9, 4.8
3, 19/01/2019 11:19:08, 130605, 37.3, 37.1, 7.5, 4537.7, 375, 9.3, 0.5, 0.1, 138, 95, 66818.8, 2601.2, 20, 564.5, 6.8, 6.1
3, 19/01/2019 11:40:08, 130606, 42.8, 47.1, 8, 5445.7, 264, 3.2, 0.5, 0, 174.3, 120.6, 75877.1, 1018.4, 21.1, 461.8, 11.9, 5.1
3, 19/01/2019 11:59:08, 130607, 51.3, 55.1, 9.7, 23176.1, 492.8, 15.4, 0.9, 1.7, 234.4, 141, 76772.9, 1293.5, 19.5, 460.4, 10.4, 9.2
3, 19/01/2019 12:20:08, 130608, 36.9, 38.9, 6.6, 1475.4, 255.7, 6.8, 0.5, 0, 116.1, 99.7, 60530.6, 1348.3, 15.6, 353.9, 9.7, 7.2
3, 19/01/2019 12:39:08, 130609, 31.3, 31.4, 5.8, 740.6, 195.6, 33.1, 0.4, 0, 109.6, 80.5, 49544.6, 1828.6, 14.9, 313.5, 7.5, 5.8
3, 19/01/2019 13:00:07, 130610, 21.8, 23.1, 4.5, 19951, 63.1, 2.2, 0.3, 0, 114.4, 59, 48326.2, 1471.9, 13.2, 293.4, 6.8, 5.1
3, 19/01/2019 13:20:08, 130611, 25.9, 26.4, 5.2, 4673.3, 106.5, 3, 0.4, 0, 98.1, 67.5, 50167.6, 1900.2, 13.9, 280.3, 7.6, 4.7
3, 19/01/2019 13:39:08, 130612, 25.8, 27.4, 5.2, 5570.7, 316.6, 2.4, 0.4, 0, 94.3, 70.2, 77521.6, 7365.3, 15.4, 261, 3.7, 6.2
3, 19/01/2019 14:00:08, 130613, 26.5, 23.4, 5, 21648.9, 594.6, 16.9, 0.4, 0, 144.8, 59.8, 65190.3, 11792.8, 12.7, 281.1, 2.5, 4.3
3, 19/01/2019 14:19:07, 130614, 24.5, 18, 4.5, 2951.4, 482.5, 5.4, 0.4, 0.1, 132, 46.1, 55056.6, 10643.2, 11.1, 244, 1.1, 2.5
3, 19/01/2019 14:40:08, 130615, 30.7, 27.1, 5.5, 7885.4, 501.7, 11, 0.4, 0, 105.5, 69.5, 53984.1, 11300.2, 12, 287.6, 1.2, 5.1
3, 19/01/2019 14:59:07, 130616, 30.6, 29.5, 5.2, 25587, 582.2, 4.8, 0.4, 0, 118.2, 75.4, 58584.9, 10873.8, 12, 234.7, 0.5, 6.5
3, 19/01/2019 15:19:08, 130617, 27.8, 26.3, 4.8, 5669.5, 536.3, 1.8, 0.3, 0, 108.9, 67.2, 43113.1, 9172.6, 12.7, 224.6, 0.5, 6.7
3, 19/01/2019 15:40:07, 130618, 19.9, 15.3, 3.4, 2258.2, 583.6, 0.3, 0.3, 0, 79.9, 39.3, 32017.4, 11014.1, 11.4, 182.7, 1.8, 3.4
3, 19/01/2019 16:00:07, 130619, 28.8, 27.7, 5.1, 32225.4, 509.8, 3.1, 0.4, 0.1, 101.4, 71, 33979.9, 10630.5, 13.2, 213.8, 4.8, 8.7
3, 19/01/2019 16:19:07, 130620, 34.4, 30.1, 4.6, 7122.8, 378.8, 1, 0.4, 0, 127.4, 77.1, 36388.5, 10203.5, 15.9, 334, 4.5, 5.1
3, 19/01/2019 16:40:07, 130621, 39.7, 34.8, 4.1, 2744.8, 361.8, 0.2, 0.3, 0, 139.4, 89, 37241.7, 10554.3, 20.1, 444.2, 4.9, 1.4
3, 19/01/2019 17:00:07, 130622, 37.4, 29.4, 5.4, 20534, 555.8, 1.5, 0.4, 0, 119.7, 75.3, 31680.3, 9311.5, 14.2, 314.7, 4.5, 3.5
3, 19/01/2019 17:20:11, 130623, 21.4, 13.2, 3.3, 1189.1, 464.9, 0.6, 0.3, 0, 47, 33.8, 30348.5, 10306.3, 12.5, 197.3, 5.2, 2
3, 19/01/2019 17:40:11, 130624, 23.9, 15.4, 2.9, 2542.9, 413, 0.2, 0.2, 0, 85.8, 39.5, 31256.8, 11340.2, 10.6, 181.5, 5.1, 1.5
3, 19/01/2019 18:00:12, 130625, 36.3, 26.4, 4.1, 17170.1, 471.6, 0.3, 0.3, 0, 109.8, 67.7, 27167.3, 8989.9, 11.9, 266.4, 4.7, 1.7
3, 19/01/2019 18:20:12, 130626, 27, 17.8, 3.3, 5151.8, 530.5, 0.1, 0.3, 0, 86.7, 45.5, 26466.7, 12372, 11.4, 289.7, 5.2, 1.8
3, 19/01/2019 18:39:12, 130627, 20.8, 14.3, 3.2, 10796.3, 523.1, 0.2, 0.3, 0, 51.1, 36.6, 24752.7, 10878.6, 10.1, 194.9, 5.1, 4.2
3, 19/01/2019 19:00:12, 130628, 24.8, 17.4, 3.7, 18247.7, 510.6, 0.2, 0.3, 0, 87, 44.5, 38914.2, 13775.3, 10.8, 173.3, 6.9, 1.8
3, 19/01/2019 19:19:12, 130629, 18.2, 11.2, 3.5, 3299.8, 721.7, 4.7, 0.3, 0, 83.6, 28.6, 24477.8, 14297.7, 10.3, 186, 4.9, 2.1
3, 19/01/2019 19:40:12, 130630, 14, 7, 2.6, 1846.7, 562, 0.5, 0.2, 0, 93.1, 18, 23927.4, 13780.6, 7.4, 75.7, 5, 1.7
3, 19/01/2019 19:59:11, 130631, 17.5, 11.9, 3.2, 17212.7, 542.8, 0.1, 0.2, 0, 92.6, 30.4, 44494.6, 15705, 8.8, 131.2, 5.4, 2.3
3, 19/01/2019 20:19:11, 130632, 15.2, 8.6, 3, 6326.8, 654.8, 0.1, 0.3, 0, 80, 21.9, 23362.7, 11500.4, 8.7, 89.8, 8.1, 1.8
3, 19/01/2019 20:40:11, 130633, 11, 3.1, 2, 1567.2, 593.9, 0.1, 0.2, 0, 13.7, 7.9, 23349.3, 12996.7, 8.2, 71.9, 7.4, 1.2
3, 19/01/2019 21:00:11, 130634, 26.5, 31.4, 5.3, 32365.2, 486.5, 0.1, 0.3, 0.1, 122.3, 80.5, 29954.8, 11223.1, 10.8, 198.7, 5.6, 3.8
3, 19/01/2019 21:19:11, 130635, 19.1, 17.2, 3.6, 5054.5, 514.4, 0.1, 0.3, 0, 79.6, 44.1, 25385.9, 12498.6, 9.1, 135, 4, 1.4
3, 19/01/2019 21:39:11, 130636, 18.1, 11, 3.5, 3193.8, 486.3, 0.2, 0.3, 0, 66.2, 28.3, 28477, 17133, 9.2, 135.8, 5.9, 1.6
3, 19/01/2019 21:59:11, 130637, 15, 8.5, 2.7, 15074.7, 430.6, 0.1, 0.2, 0, 53, 21.8, 24640.9, 17848.7, 9.5, 112.7, 6.1, 1.6
3, 19/01/2019 22:19:11, 130638, 25.5, 16.5, 4, 4038.3, 861.9, 3.1, 0.3, 0, 80.7, 42.2, 36648.9, 16483.3, 10.9, 150.7, 1.5, 2.2
3, 19/01/2019 22:40:10, 130639, 23.2, 15.2, 3.7, 4905.9, 820.9, 55.3, 0.3, 0, 62.3, 39, 36706.1, 16140.1, 10, 106.2, 1.4, 2.8
3, 19/01/2019 23:00:11, 130640, 24.5, 18.6, 4.6, 31596.8, 809.1, 32.1, 0.4, 0, 78.1, 47.7, 28689.7, 14345.7, 9.1, 115.2, 0.9, 4.6
3, 19/01/2019 23:19:11, 130641, 20.6, 13.8, 3.8, 2274.4, 810.4, 59.3, 0.3, 0, 45.7, 35.4, 29283.1, 15318.1, 9, 150.7, 0.5, 4.4
3, 19/01/2019 23:39:11, 130642, 24.8, 17.7, 4.9, 5184.5, 840.6, 60, 0.4, 0, 67.8, 45.4, 30844, 17601.7, 10.5, 226, 0.4, 4.6
4, 19/01/2019 00:00:03, 130571, 25.7, 39.6, 5.9, 58622.5, 285.6, 1.3, 0.4, 4.4, 191.6, 101.3, 32064, 503.2, 20.3, 232, 4, 14
4, 19/01/2019 00:20:02, 130572, 29.9, 51.3, 6.3, 40609.3, 298.5, 0.6, 0.4, 4.6, 198.4, 131.2, 32730.6, 658, 32, 286.6, 6.8, 18.7
4, 19/01/2019 00:40:02, 130573, 39.3, 50.7, 6.9, 3909.9, 264.4, 0.7, 0.5, 7.9, 176.2, 129.9, 53660.3, 585.2, 24, 279, 2.9, 3.7
4, 19/01/2019 01:00:02, 130574, 29, 46.7, 4.5, 14349.5, 313.5, 1.3, 0.4, 8.9, 170.7, 119.6, 57953.9, 210.2, 21.4, 301.6, 2.5, 3.4
4, 19/01/2019 01:20:02, 130575, 19.7, 32.8, 3.7, 927.2, 207.5, 0.2, 0.3, 2.3, 112.3, 83.9, 33222, 127.9, 16.5, 228.2, 3.5, 4.6
4, 19/01/2019 01:40:02, 130576, 18.1, 29.1, 3.5, 3755.8, 233, 0.1, 0.3, 2.4, 100.7, 74.4, 33826.4, 128.9, 15.8, 214.8, 9.1, 3.6
4, 19/01/2019 02:00:02, 130577, 29, 44.8, 5.2, 29141.3, 157.9, 2.9, 0.4, 0.8, 164.8, 114.8, 52008.4, 213.4, 20.1, 315.8, 3.4, 6.3
4, 19/01/2019 02:20:02, 130578, 22.6, 35.8, 3.7, 3420.4, 266.8, 0.1, 0.3, 12, 119.6, 91.7, 51122.1, 104, 18.5, 270.1, 1.9, 2.5
4, 19/01/2019 02:40:02, 130579, 22.5, 29.6, 4.1, 668.1, 301, 0.3, 0.3, 5.1, 106.8, 75.7, 39821.4, 174.9, 16.7, 238.3, 2.8, 3.9
4, 19/01/2019 03:00:02, 130580, 31, 55.1, 7.2, 12115.3, 172.2, 2.9, 0.5, 19.3, 191.2, 141, 42402.3, 140, 16.8, 293, 3.2, 5
4, 19/01/2019 03:20:01, 130581, 22.9, 41.8, 5.3, 481.4, 205.4, 4.4, 0.3, 16.8, 124.2, 107.1, 41905.7, 94, 15.8, 260.9, 3.3, 2.9
4, 19/01/2019 03:40:02, 130582, 21.3, 29.4, 5.3, 557.4, 137.7, 11.5, 0.3, 4.1, 111.2, 75.2, 36238.7, 88.9, 14.5, 244.3, 3.5, 3.7
4, 19/01/2019 04:00:02, 130583, 38.2, 56.9, 8.2, 3702.6, 170.5, 8.3, 0.5, 14.3, 214.5, 145.7, 74260.2, 234.5, 17.7, 342.3, 2.4, 4.1
4, 19/01/2019 04:20:01, 130584, 59, 80.8, 11.1, 9709.6, 475.2, 3.1, 4.1, 24.5, 308.6, 206.8, 99205, 216.2, 26.1, 368.8, 2.2, 4.5
4, 19/01/2019 04:40:02, 130585, 57, 75.6, 8.8, 5044.8, 448.6, 5.4, 0.6, 27.8, 225, 193.5, 69906.6, 186.2, 24.6, 323.7, 1.3, 1.8
4, 19/01/2019 05:00:01, 130586, 50.6, 113.1, 9.4, 120665.8, 289.8, 10.2, 0.7, 23.7, 543.6, 289.6, 78198.6, 340.6, 27.5, 471.4, 2.3, 42.6
4, 19/01/2019 05:20:02, 130587, 48, 86.4, 9, 52398.2, 448.9, 11.9, 0.5, 24.8, 394.4, 221.1, 80567.7, 264.4, 25.1, 424.1, 1.9, 18.8
4, 19/01/2019 05:40:01, 130588, 37.5, 57.1, 7.2, 4403.7, 201.7, 3.7, 0.4, 19.1, 175.4, 146.1, 37943.7, 183.8, 19.7, 337.6, 2.3, 2.4
4, 19/01/2019 06:00:02, 130589, 48.7, 76.5, 10.6, 13209.5, 328.5, 5.9, 0.9, 22.5, 263.8, 195.7, 94726.6, 320.7, 19, 437.6, 2.1, 4.4
4, 19/01/2019 06:20:06, 130590, 38.5, 54.2, 9.2, 2886.1, 214.7, 5, 0.5, 6.9, 170.3, 138.6, 83320.3, 171.6, 16.5, 372.9, 3.3, 5
4, 19/01/2019 06:40:06, 130591, 50.1, 74.2, 9.5, 2702.9, 577.6, 4.1, 0.9, 22.4, 281.5, 189.9, 73978.7, 136.7, 19.2, 437.6, 1.9, 6.1
4, 19/01/2019 06:59:06, 130592, 38.4, 53.2, 8.6, 14268.8, 336.1, 4.1, 0.4, 9.3, 176.7, 136.3, 53902.3, 140.9, 16, 355, 3.6, 6
4, 19/01/2019 07:20:05, 130593, 43.2, 58.6, 10.3, 1940.8, 209.4, 22.6, 0.6, 2.9, 258.9, 150.1, 74488.7, 186.2, 18.7, 440.5, 3, 5.5
4, 19/01/2019 07:41:06, 130594, 60.6, 128.1, 15.3, 8965.1, 507.9, 28.5, 13.1, 33.8, 644.4, 328, 117067.2, 216.2, 35.1, 1349.4, 1.8, 7.9
4, 19/01/2019 08:01:05, 130595, 52, 81.5, 12.3, 6315.8, 441.5, 32, 2.8, 13.3, 312.8, 208.6, 68387.2, 265.7, 31.4, 1069.3, 2, 8.1
4, 19/01/2019 08:20:06, 130596, 39.4, 62.4, 9, 1106.2, 388.6, 41.6, 0.5, 14.1, 221.3, 159.7, 42714.9, 366.5, 27.2, 740.9, 3.1, 3.8
4, 19/01/2019 08:40:05, 130597, 46, 68.9, 10.6, 1609.5, 410.1, 32.5, 1.3, 17.9, 269.8, 176.5, 66235.2, 274.9, 23.7, 715.2, 2.1, 4.2
4, 19/01/2019 09:00:06, 130598, 34.3, 50.3, 9.4, 11956.5, 325.4, 16.6, 0.6, 14.8, 202.5, 128.9, 41887.4, 165.1, 17.1, 557, 1.7, 5.1
4, 19/01/2019 09:21:05, 130599, 45.8, 73.1, 10.3, 2346.6, 432.2, 25, 1.1, 19.1, 345.9, 187.1, 32472.1, 186.2, 19, 542.8, 1.5, 3.4
4, 19/01/2019 09:40:06, 130600, 39.3, 55.1, 9, 5126.8, 449.7, 26.9, 0.5, 19.3, 214.7, 141.2, 44842.6, 179.1, 17.9, 451.3, 1.7, 3.6
4, 19/01/2019 10:00:05, 130601, 47.5, 66.5, 10.1, 14447.6, 497.1, 18.3, 0.9, 20.9, 268.6, 170.3, 40594, 156.9, 17, 440, 1.7, 3.6
4, 19/01/2019 10:20:06, 130602, 43.8, 62.6, 9.6, 5249.5, 274.5, 18.3, 1.9, 20.4, 292.9, 160.3, 29835.4, 521.9, 17.1, 318.4, 2.4, 3.4
4, 19/01/2019 10:39:06, 130603, 32.9, 41.1, 8, 4814.5, 299.7, 14.4, 0.5, 13.1, 120.9, 105.3, 32116.9, 205.4, 13.2, 234.1, 2.6, 3.4
4, 19/01/2019 11:00:05, 130604, 71.7, 90.5, 13.1, 64711.9, 487.8, 6.9, 3.7, 20.9, 300.3, 231.6, 64950.6, 177.7, 18.3, 454.1, 1.7, 7.2
4, 19/01/2019 11:19:05, 130605, 62.2, 74.1, 10.6, 6727, 389.6, 18.5, 0.7, 17.3, 272, 189.6, 70794.7, 381.8, 19, 393.7, 1.6, 3.7
4, 19/01/2019 11:39:04, 130606, 75.5, 100.9, 12.3, 5580.2, 506, 15.7, 4.2, 18.9, 430.4, 258.2, 69519.2, 278.4, 28.6, 591.7, 7, 4.2
4, 19/01/2019 12:00:05, 130607, 47.6, 48, 8.7, 15061.1, 579.1, 4.5, 0.5, 2.8, 184.2, 122.9, 50935.8, 554.7, 18, 360.9, 15.5, 4
4, 19/01/2019 12:20:05, 130608, 46.4, 44.8, 8.6, 5838.1, 698.2, 55.1, 0.6, 1.2, 136.8, 114.8, 42019.6, 285.3, 15.1, 284.1, 8.7, 5
4, 19/01/2019 12:39:04, 130609, 35.5, 33.3, 5.7, 6359.3, 543.4, 3.1, 0.4, 0.4, 109.3, 85.2, 49340.3, 310.6, 11.7, 221.8, 9.7, 4.7
4, 19/01/2019 13:00:05, 130610, 57.8, 63.2, 9.4, 15890.2, 597.3, 18.7, 2.8, 5.5, 337.2, 161.8, 75511.2, 257, 15.8, 388.5, 7.8, 6.1
4, 19/01/2019 13:20:05, 130611, 39.2, 37, 6.4, 2666, 521.8, 10, 0.4, 0.1, 138.1, 94.7, 51027.2, 257.3, 11.9, 263.7, 9.7, 4.6
4, 19/01/2019 13:40:04, 130612, 50, 45.5, 8, 1210.7, 785, 10.2, 0.5, 0.1, 259.7, 116.4, 59188.5, 386.2, 12.1, 324.7, 9.2, 4.2
4, 19/01/2019 14:00:04, 130613, 54.6, 53.8, 8.1, 15766.9, 689.9, 3.5, 7.1, 10.2, 375.6, 137.9, 104473.6, 199.5, 14.7, 415.1, 6.9, 2.7
4, 19/01/2019 14:19:09, 130614, 64, 69.4, 9.6, 6571.3, 759.5, 14.8, 4.1, 6.3, 314.5, 177.8, 45883, 229.4, 16, 505.2, 13.3, 3.5
4, 19/01/2019 14:40:09, 130615, 45.8, 38.1, 7.3, 1893.6, 708.6, 6.5, 0.5, 0.1, 168.2, 97.5, 53048.3, 213.7, 10.9, 306.7, 8.8, 2.7
4, 19/01/2019 14:59:09, 130616, 54.9, 47.5, 8.7, 12523.5, 857.2, 11.8, 0.6, 0.4, 174.3, 121.6, 72410.9, 207, 11.5, 359.9, 8.4, 3.5
4, 19/01/2019 15:19:19, 130617, 41.6, 37, 5.9, 2198.3, 599.6, 10, 1.2, 1.9, 239, 94.7, 44232, 236.5, 12.4, 245, 8.7, 2.8
4, 19/01/2019 15:39:19, 130618, 35.9, 30, 5.3, 4319.4, 660.8, 10.7, 0.4, 0.1, 118.6, 76.8, 49107, 279.1, 10.8, 246.3, 10.8, 2.5
4, 19/01/2019 15:59:19, 130619, 40.4, 31.6, 5.4, 12531.2, 733.1, 14.7, 0.4, 0.1, 128.4, 81, 50048.2, 252, 10.6, 239.7, 9.6, 2.9
4, 19/01/2019 16:19:19, 130620, 36.2, 30.1, 5.3, 4742.2, 629, 4.2, 0.4, 1.4, 105.9, 76.9, 61161.3, 331, 10.8, 176.9, 10.6, 3.3
4, 19/01/2019 16:39:19, 130621, 28.2, 23.5, 4.1, 4959.9, 554.7, 0.3, 0.3, 0.9, 106.4, 60.1, 39381.7, 302.8, 10.8, 212.7, 11.1, 2.6
4, 19/01/2019 17:00:19, 130622, 30.8, 24.7, 5.2, 18577.2, 359.4, 0.7, 0.4, 1.2, 111.1, 63.2, 44840.5, 300.8, 11.4, 218.1, 10.9, 3.5
4, 19/01/2019 17:19:19, 130623, 29.9, 22.6, 5.5, 5251.9, 359.1, 0.9, 0.4, 1.4, 80.8, 58, 45173, 335.1, 10.3, 146.7, 13.1, 3
4, 19/01/2019 17:40:18, 130624, 32.1, 27.4, 4.9, 3985.9, 355.3, 0.8, 0.4, 1, 91.4, 70.3, 45712.4, 270.2, 11.6, 206.7, 12.8, 3.1
4, 19/01/2019 18:00:18, 130625, 34.4, 28.7, 4.8, 20587.1, 451.1, 1.7, 0.3, 1.7, 105.3, 73.5, 48339.7, 251.8, 13.3, 288.6, 12.3, 2.5
4, 19/01/2019 18:19:18, 130626, 28.6, 20.8, 3.6, 3100.8, 367.6, 0.3, 0.3, 1.6, 68.9, 53.3, 44371.5, 191.1, 11, 197.4, 4.8, 1.3
4, 19/01/2019 18:39:18, 130627, 29.1, 22.7, 3.5, 4600.7, 371.6, 0.9, 0.3, 0.5, 135.9, 58, 32634.9, 126.1, 9.9, 191.1, 4.2, 1.5
4, 19/01/2019 18:59:18, 130628, 33.5, 25.9, 4.6, 18930.9, 498.8, 1.4, 0.3, 0, 153.8, 66.3, 32628.4, 134.1, 10.6, 214.5, 3.9, 2.2
4, 19/01/2019 19:19:19, 130629, 23.8, 17.4, 3.3, 3859.7, 359.7, 0.2, 0.3, 0, 55.1, 44.4, 21025.1, 168.3, 12.9, 162.3, 3.7, 1.9
4, 19/01/2019 19:39:18, 130630, 23.2, 16.6, 3, 3780.6, 389.6, 1.4, 0.3, 0, 81.8, 42.4, 20453.2, 132.6, 10.7, 153.9, 2, 1.7
4, 19/01/2019 19:59:18, 130631, 22.9, 21.2, 3.2, 33709.2, 507.2, 4.2, 0.3, 0, 115.5, 54.4, 59216.4, 105.4, 9.1, 238.9, 0.9, 3
4, 19/01/2019 20:19:18, 130632, 17.9, 12.5, 2.5, 257, 547.7, 1.3, 0.2, 0, 76, 32.1, 19228.5, 122.1, 6, 126, 3.4, 0.8
4, 19/01/2019 20:40:18, 130633, 17.7, 11.3, 2.7, 4454.6, 487.4, 0.1, 0.2, 0, 41.1, 29, 25722.8, 152, 5.2, 72, 2.6, 1.8
4, 19/01/2019 21:00:18, 130634, 32.3, 27.4, 5.1, 15899, 589.9, 2, 0.4, 0, 129.5, 70.1, 30719.2, 156.2, 9.5, 189.8, 3, 3.1
4, 19/01/2019 21:19:18, 130635, 23.2, 18.9, 3.7, 2376.5, 466.3, 1.8, 0.3, 0, 111.5, 48.3, 30189.5, 115.8, 7.9, 149.7, 2.3, 2.1
4, 19/01/2019 21:39:18, 130636, 23.6, 16.2, 4.3, 4035.6, 397.6, 0.2, 0.3, 0, 98.1, 41.5, 22076.3, 106.1, 7.7, 150.6, 3.9, 3.1
4, 19/01/2019 21:59:17, 130637, 29.8, 24, 4.4, 19286.5, 463, 1.3, 0.3, 0, 119.6, 61.5, 20834.9, 99.8, 6.8, 125.3, 2.9, 3.4
4, 19/01/2019 22:19:18, 130638, 20.1, 13.5, 3.2, 1698.8, 384.9, 0.6, 0.3, 0, 72.2, 34.7, 21358.5, 93.3, 7.2, 146.3, 4.2, 2.1
4, 19/01/2019 22:39:17, 130639, 18.1, 11.1, 2.5, 121.2, 391.8, 1, 0.2, 0, 36.3, 28.4, 20970.1, 136.2, 5.2, 73.2, 1.8, 1.5
4, 19/01/2019 23:00:17, 130640, 24.4, 18, 3.5, 4730.7, 461.1, 0.9, 0.3, 0, 91.2, 46.1, 20610.8, 112.5, 6.1, 120.7, 1.2, 1.6
4, 19/01/2019 23:19:18, 130641, 18.3, 10.4, 2.6, 2845.2, 479.5, 1.1, 0.2, 0, 40.6, 26.6, 23968.3, 165.9, 5.8, 122.9, 0.6, 1.3
4, 19/01/2019 23:39:18, 130642, 16.9, 9, 2.3, 144.2, 544.2, 0.8, 0.2, 0, 49.1, 23.1, 23342.5, 97.5, 7.6, 233.2, 0.3, 0.8
