HOST, SNAP_ID, TIME, SYS_CPU, SYS_DBTIME, SYS_SYSPCT, SYS_READ, SYS_WRITE, SYS_REDO, SYS_OSWAIT, SYS_RMWAIT, SYS_ACTSESS_MAX, SYS_ACTSESS_AVG, SYS_PGA, SYS_PXRUNS, SYS_PXQCT, SYS_PXSRVT, SYS_UCALLS, SYS_IOWAIT
1, 127587, 04/12/2018 23:59:54, 52.4, 59.1, 16.8, 771, 278.7, 69.4, 1.3, 0, 185, 151.4, 12328.5, 170.4, 6, 137.6, 175.7, 20.8
1, 127588, 05/12/2018 00:19:54, 54.8, 73.7, 16.8, 3892.2, 322.4, 59.5, 1.3, 8.8, 281.6, 188.8, 23721.1, 211, 12.7, 214.8, 170.5, 21.4
1, 127589, 05/12/2018 00:39:54, 58.6, 90.9, 16.6, 6340.8, 309.3, 44.4, 1.7, 12.7, 313.8, 232.6, 16702, 307.9, 22.9, 257.8, 142.1, 18.2
1, 127590, 05/12/2018 00:59:54, 54.8, 105.5, 16, 2734.4, 285.2, 43.5, 1.2, 5.1, 316.7, 270, 21149.3, 831, 25.5, 321.5, 128.2, 25.2
1, 127591, 05/12/2018 01:19:54, 57, 96.1, 17, 2653.3, 268.1, 42.9, 1.3, 0.1, 279.2, 246, 18970.7, 450.5, 24, 312.1, 131.3, 32.6
1, 127592, 05/12/2018 01:39:53, 39.3, 62.7, 12.8, 1292.9, 216.6, 42.3, 1.1, 0, 205.8, 160.5, 13577.2, 535.8, 17, 221.9, 145.9, 28
1, 127593, 05/12/2018 01:59:54, 37.6, 59.5, 10.7, 3518.1, 210.1, 45.2, 0.8, 0, 222.5, 152.2, 20606.3, 783.1, 15.4, 195.4, 81.4, 20
1, 127594, 05/12/2018 02:19:54, 39.4, 49.4, 10.1, 2808.6, 180.9, 32.3, 0.8, 0.5, 167.7, 126.5, 14242, 781.6, 12.6, 192.7, 56.7, 6.2
1, 127595, 05/12/2018 02:39:53, 25.5, 87.6, 6.7, 1943.4, 95.5, 14.8, 0.6, 0.2, 316.2, 224.2, 13891.7, 492.8, 9.9, 131.4, 29.7, 5.5
1, 127596, 05/12/2018 02:59:54, 25.3, 46.6, 7.8, 1013.2, 153.5, 31.2, 0.7, 0, 298.1, 119.3, 12108.3, 196.3, 8.1, 96.8, 90, 7.1
1, 127597, 05/12/2018 03:19:54, 16.9, 38.3, 5.2, 436.3, 172.8, 35, 0.5, 0, 234.7, 97.9, 11439.7, 169.2, 6.2, 66, 67.8, 13.4
1, 127598, 05/12/2018 03:39:53, 28.8, 49.9, 8.3, 1605.6, 237.7, 40.3, 0.7, 0, 208.8, 127.8, 11555.4, 217.2, 7.6, 106.1, 85.3, 14.2
1, 127599, 05/12/2018 03:59:53, 23.5, 56, 6.8, 328.5, 257.5, 34, 0.6, 0, 226.2, 143.4, 43114, 245.9, 4.8, 58.3, 90.6, 4.2
1, 127600, 05/12/2018 04:19:53, 29.7, 29, 7.5, 133.8, 535.1, 35.9, 0.7, 0, 111.9, 74.3, 42571, 149, 3.3, 37.5, 85.8, 3.6
1, 127601, 05/12/2018 04:39:53, 31.6, 37.8, 7.5, 1618.8, 507.7, 26.6, 0.6, 1.2, 190.6, 96.7, 45979.3, 256.6, 7.1, 104.9, 70.2, 3.9
1, 127602, 05/12/2018 04:59:53, 23.4, 35.5, 6.5, 180.4, 326.7, 29.3, 0.6, 0, 201.3, 90.9, 42501.4, 149.1, 3.3, 37.4, 80.5, 3.8
1, 127603, 05/12/2018 05:19:53, 27.1, 36.6, 7.9, 1851.2, 208.1, 34.9, 0.7, 0, 176.3, 93.6, 47099, 297.9, 2.7, 43.4, 85.4, 4.1
1, 127604, 05/12/2018 05:39:53, 23.4, 46.9, 6.8, 368.1, 181.5, 31.8, 0.6, 0, 235.2, 120, 42535.5, 166, 2.4, 37.4, 77.6, 4.1
1, 127605, 05/12/2018 05:59:53, 35.8, 52.5, 10, 622.1, 275.8, 44.5, 0.8, 0, 203.1, 134.3, 53022.9, 165.1, 2.3, 62.8, 101.7, 7.7
1, 127606, 05/12/2018 06:19:53, 29.7, 46, 8.5, 2672.8, 250.8, 38.8, 0.7, 0, 226.6, 117.7, 11135, 269.8, 3.4, 56.9, 102, 4.7
1, 127607, 05/12/2018 06:39:53, 18.4, 45.6, 6, 83, 180.4, 33.8, 0.6, 0, 241.4, 116.7, 10331.4, 154.7, 1.6, 9.4, 91.8, 3
1, 127608, 05/12/2018 06:59:53, 26.9, 57.8, 8.5, 71.8, 254.4, 48.8, 0.8, 0, 275, 147.9, 10756.1, 180.2, 1.1, 2.2, 116, 5.9
1, 127609, 05/12/2018 07:19:53, 38.1, 53.9, 11.5, 1361.6, 306.1, 55.5, 1, 0.1, 212.6, 137.9, 16109, 266.8, 2.8, 45.8, 133, 6.4
1, 127610, 05/12/2018 07:39:53, 47.2, 53.1, 14.6, 877.1, 358.2, 65.2, 1.2, 0, 185.3, 136, 10262.8, 205, 1.9, 23, 160.2, 8.3
1, 127611, 05/12/2018 07:59:52, 54.2, 72.3, 15.8, 111.8, 411.2, 80.8, 1.2, 0.1, 249.9, 185.1, 12503.7, 160.5, 2.5, 17.3, 170.2, 12.5
1, 127612, 05/12/2018 08:19:52, 49, 96.2, 13.7, 2352.5, 351.3, 72.3, 1.1, 0, 409.7, 246.4, 11413.7, 251.3, 3.7, 52.7, 132.8, 10
1, 127613, 05/12/2018 08:39:52, 53.6, 85.4, 15.6, 295, 369.5, 80.7, 1.2, 0, 353.9, 218.5, 11193.7, 230.7, 2.8, 31.2, 173.8, 13.9
1, 127614, 05/12/2018 08:59:52, 39.4, 61.1, 11.9, 197.2, 372.2, 64.6, 1, 0, 225.4, 156.4, 19294.7, 163.2, 2.3, 21.4, 142.2, 15.8
1, 127615, 05/12/2018 09:19:52, 41, 69.3, 12.3, 1884.4, 332, 56.3, 1, 0.6, 271.7, 177.4, 12421.6, 289.2, 5.1, 98.7, 131.1, 13.3
1, 127616, 05/12/2018 09:39:52, 32.4, 82, 10, 317.4, 269, 51.7, 0.9, 0, 302.1, 209.8, 11441.5, 174.8, 4.2, 69.5, 124.7, 9.6
1, 127617, 05/12/2018 09:59:52, 31.1, 66.2, 10.1, 201.5, 267.7, 53.5, 0.9, 0, 254.8, 169.5, 11142.8, 161.4, 3, 22.1, 128.3, 13
1, 127618, 05/12/2018 10:19:52, 36, 54.8, 11.3, 334.3, 303.7, 55.9, 0.9, 0, 176.5, 140.2, 10286.8, 174.5, 2.7, 28.1, 148.5, 13.6
1, 127619, 05/12/2018 10:39:51, 39, 73.4, 11.4, 1211.7, 298, 52, 0.9, 0.1, 321.5, 187.8, 15778.5, 210.8, 4, 75.9, 134.3, 11.7
1, 127620, 05/12/2018 10:59:51, 30.2, 65.8, 9.5, 272.9, 278.9, 61.3, 0.8, 0, 305.6, 168.4, 14363.5, 164.8, 2.3, 40.6, 127.4, 14
1, 127621, 05/12/2018 11:19:51, 28.3, 61.5, 9, 157.6, 256.7, 52.9, 0.8, 0, 298.2, 157.4, 10152.6, 152.7, 1.3, 10.3, 124.3, 11.7
1, 127622, 05/12/2018 11:39:52, 28.2, 51.8, 9.5, 73.4, 250.8, 53.7, 0.9, 0, 287.3, 132.6, 10351.7, 148, 1.2, 4.3, 135.5, 13.8
1, 127623, 05/12/2018 11:59:52, 37.5, 64, 11.5, 1243.1, 263.9, 53.9, 1, 0.1, 270.6, 163.7, 11719.7, 281.8, 4.7, 66.8, 131.5, 13.2
1, 127624, 05/12/2018 12:19:52, 35.9, 50.3, 11.3, 231.2, 290.6, 58.3, 1, 0, 197.9, 128.8, 10687.4, 150.6, 3.8, 37.4, 155.4, 14.6
1, 127625, 05/12/2018 12:39:51, 38.9, 87.7, 10.3, 4359.9, 245.9, 45.6, 0.8, 0, 352.7, 224.6, 24202.9, 162.7, 9.1, 112.3, 111.6, 15.3
1, 127626, 05/12/2018 12:59:52, 33.5, 61, 9.4, 407.9, 245, 53.3, 0.8, 0, 252.1, 156.1, 12184.3, 142.2, 5.7, 61.6, 131.2, 14.8
1, 127627, 05/12/2018 13:19:51, 71.9, 107, 16.1, 7911.4, 286.8, 50.8, 3.4, 0.8, 382.5, 273.9, 27462.3, 259.8, 17, 280.5, 123, 12.5
1, 127628, 05/12/2018 13:39:51, 65.6, 85.1, 15.5, 3303.5, 300, 61, 1.7, 0.1, 360, 217.8, 35288.5, 203.8, 11, 167.3, 158.2, 6.9
1, 127629, 05/12/2018 14:00:51, 51.6, 95.1, 12.2, 1835.3, 279.2, 51.9, 2.1, 0.1, 404.6, 243.6, 31890.8, 259.9, 13.9, 236.8, 138.3, 6.6
1, 127630, 05/12/2018 14:19:51, 51.3, 96, 12.3, 3349.2, 227.8, 49.9, 1.5, 0.1, 370.5, 245.8, 30855.7, 204.9, 16.3, 244.5, 135.4, 5.8
1, 127631, 05/12/2018 14:39:51, 32.1, 67.5, 9.2, 356.7, 292.2, 50.4, 0.8, 0, 282.1, 172.8, 23213.4, 185.1, 7, 71.2, 138.4, 4.1
1, 127632, 05/12/2018 14:59:51, 34.3, 69.9, 9.7, 573.3, 275.9, 51.5, 0.9, 0, 315.9, 179, 11341, 223.9, 5.7, 53, 148.8, 5.7
1, 127633, 05/12/2018 15:19:51, 37.4, 51.5, 10.3, 477.1, 325.7, 56.8, 0.9, 0, 234.9, 131.7, 30431.5, 159.5, 3.7, 42.8, 161.4, 4.5
1, 127634, 05/12/2018 15:39:51, 37.6, 55.5, 10.3, 406.2, 286.4, 62.2, 0.9, 0, 284.3, 142.1, 12423.7, 273.3, 2.8, 29.7, 165.5, 4.7
1, 127635, 05/12/2018 15:59:50, 40.2, 66.1, 10.9, 1611.8, 346.6, 60.9, 1, 0, 318.1, 169.2, 18691.2, 228.4, 11, 220.3, 151.4, 5.1
1, 127636, 05/12/2018 16:19:51, 38.9, 65.9, 11, 390, 367.4, 77.5, 0.9, 0, 282.2, 168.8, 20902.4, 184.6, 9.2, 213.1, 155.2, 4.9
1, 127637, 05/12/2018 16:39:50, 43.2, 70.8, 11.3, 191.6, 418.2, 85.9, 1, 0, 344.9, 181.3, 31438, 173.4, 9.8, 250.5, 157, 3.6
1, 127638, 05/12/2018 16:59:50, 39, 54.4, 10.2, 295.7, 515, 95.1, 0.9, 0, 221.1, 139.4, 32563.4, 203.1, 10.9, 286, 145.7, 3.9
1, 127639, 05/12/2018 17:19:51, 35.6, 51.2, 10.2, 657.5, 445.3, 93, 0.9, 0, 229, 131.2, 21976.1, 168.1, 8.6, 221.5, 155.9, 3.3
1, 127640, 05/12/2018 17:39:50, 32.8, 44.1, 9.6, 1299.8, 395.7, 76.1, 0.8, 0, 180.3, 112.8, 17626.4, 275.9, 7.2, 164.1, 146.6, 3.4
1, 127641, 05/12/2018 17:59:50, 43.6, 94.4, 12.7, 1910.4, 352.1, 73, 1.1, 0, 361, 241.6, 29137.3, 242.9, 12.2, 210, 157, 45.1
1, 127642, 05/12/2018 18:19:50, 36.5, 51.9, 9.9, 2169.5, 287.5, 62.3, 0.8, 0, 269.5, 132.9, 19726.1, 224.3, 12, 204.3, 146.6, 6.2
1, 127643, 05/12/2018 18:39:50, 34.6, 43.4, 9.9, 408.6, 299.8, 65.5, 0.9, 0, 208, 111.1, 19189.3, 217.1, 12.1, 202.9, 162.5, 6.3
1, 127644, 05/12/2018 18:59:50, 31.3, 43.6, 9.4, 184.7, 311.5, 68.4, 0.8, 0, 234.1, 111.5, 19067.1, 162, 12.1, 202.8, 173.5, 4.9
1, 127645, 05/12/2018 19:19:50, 33.2, 39, 9.8, 1476.1, 321.6, 65.9, 0.8, 0, 185.4, 99.9, 16627.6, 166, 11.4, 188.3, 157.2, 4
1, 127646, 05/12/2018 19:39:50, 50.7, 74.8, 14.7, 1210.4, 282.6, 54.6, 1.6, 0.3, 277.6, 191.6, 17940, 230.1, 10.3, 170.9, 139.9, 15.4
1, 127647, 05/12/2018 19:59:50, 60.5, 120.1, 14.4, 3224.7, 392, 48.9, 1.8, 0.1, 459.3, 307.5, 30115.2, 258.8, 17.2, 354.4, 91.9, 20.9
1, 127648, 05/12/2018 20:20:50, 71.7, 117.4, 17.8, 3279.1, 629.1, 49, 3.1, 0.9, 413.3, 300.6, 43493.7, 276.8, 17.7, 415.6, 108.1, 9.7
1, 127649, 05/12/2018 20:39:50, 54, 81.3, 14, 4153.3, 567.2, 46.5, 1, 0, 317.6, 208.1, 53489.2, 175.9, 12.1, 294.5, 109.8, 8.8
1, 127650, 05/12/2018 20:59:50, 44.8, 97.8, 8.3, 1063.8, 356.2, 35, 0.6, 0, 388.5, 250.3, 62381.8, 143.3, 11.6, 279.9, 64.5, 9
1, 127651, 05/12/2018 21:19:49, 47.5, 61.5, 9.7, 1716.8, 401.1, 39.8, 0.7, 0, 261.3, 157.3, 21422.8, 156.1, 10.2, 236.2, 74.3, 3.8
1, 127652, 05/12/2018 21:39:49, 48, 51.6, 9.8, 1592.7, 453.4, 40.8, 0.7, 0, 165.4, 132.1, 23338.6, 203.1, 9.6, 233.5, 68.5, 5
1, 127653, 05/12/2018 21:59:49, 42.5, 58.5, 8.1, 788.8, 313, 38.2, 0.6, 0, 290, 149.8, 58051.5, 149.2, 7.9, 188.1, 57, 4.6
1, 127654, 05/12/2018 22:19:49, 40.7, 59.6, 9.1, 2711.9, 256.8, 37.2, 0.7, 0.4, 267.1, 152.6, 32260.2, 239.7, 8.9, 215.7, 54.5, 6
1, 127655, 05/12/2018 22:40:49, 32.7, 44.8, 9, 1054.5, 212.8, 41.9, 0.7, 0, 229.3, 114.7, 17190.7, 164.4, 7.5, 173.2, 68.8, 6.4
1, 127656, 05/12/2018 22:59:49, 29.5, 50.2, 8.9, 939.5, 244.2, 49.9, 0.7, 0, 251.9, 128.6, 21049.9, 156.2, 6.4, 142.4, 93.5, 6.8
1, 127657, 05/12/2018 23:19:49, 27.3, 64.2, 8.4, 979.8, 199.1, 47.8, 0.7, 0, 327.5, 164.3, 22381.3, 127.2, 6.1, 150, 88.9, 4.8
1, 127658, 05/12/2018 23:39:49, 36.1, 42.1, 10.1, 3853.4, 261.4, 50.2, 0.8, 0.3, 179.5, 107.7, 28642.2, 287.2, 7.4, 189.3, 100, 6.8
2, 127587, 05/12/2018 00:00:05, 28.4, 35.1, 8.4, 1562.1, 289.9, 49.4, 0.7, 0, 133.8, 89.8, 35498, 318.4, 6.4, 137.4, 156.7, 10.9
2, 127588, 05/12/2018 00:20:05, 35.2, 67.4, 9.6, 9988.3, 286.2, 44.9, 0.7, 13.7, 330.3, 172.6, 43452.2, 483, 12.8, 229.9, 148.6, 21.9
2, 127589, 05/12/2018 00:39:05, 46, 116.6, 12.7, 10602.2, 260.4, 48.2, 1, 26.5, 363.9, 298.6, 41527.9, 291.2, 23.4, 340.1, 130.8, 12.9
2, 127590, 05/12/2018 01:00:05, 44.6, 95.6, 12, 1135.8, 315.9, 53.6, 0.9, 7.6, 286.5, 244.8, 37258.7, 329.5, 19.8, 255.4, 131.4, 11.8
2, 127591, 05/12/2018 01:20:04, 44, 73.4, 11.5, 27055.9, 227.7, 41.6, 0.9, 1.3, 281.8, 187.9, 43196.7, 425.7, 17.5, 247.2, 137.7, 15.7
2, 127592, 05/12/2018 01:40:04, 75.4, 86.3, 16.4, 72312.8, 218.4, 42.5, 1.4, 3.4, 261.5, 220.9, 54834, 379.8, 19.2, 331.2, 141.2, 13.4
2, 127593, 05/12/2018 02:00:04, 69.4, 79.7, 15.5, 46767.4, 285.2, 34.7, 1.5, 2.8, 294.8, 204, 32386.3, 440.7, 17.1, 287.4, 148.2, 12.7
2, 127594, 05/12/2018 02:20:04, 37.9, 43.7, 10.7, 687.8, 214, 40.5, 0.9, 0, 154.3, 111.8, 31699.8, 404.5, 10.3, 134.3, 216.9, 5.9
2, 127595, 05/12/2018 02:40:04, 22, 69.4, 6.4, 389.3, 179.9, 30.5, 0.6, 0, 291.4, 177.7, 29538.6, 309, 6.8, 84.3, 163.5, 2.8
2, 127596, 05/12/2018 03:00:04, 29.3, 38.6, 9.4, 57, 200.5, 42.2, 0.8, 0, 267.2, 98.8, 14640.2, 264.1, 4.3, 55.3, 296.9, 2.5
2, 127597, 05/12/2018 03:20:04, 23.7, 27.7, 8, 54.2, 203.6, 43.2, 0.7, 0, 128.5, 70.9, 11717.5, 370.6, 2.9, 32.8, 243.2, 6.3
2, 127598, 05/12/2018 03:40:04, 29.1, 36.1, 9, 1846.6, 261, 35.8, 0.8, 0, 127.9, 92.5, 15745.9, 349.9, 4.8, 96.5, 199.4, 8.8
2, 127599, 05/12/2018 04:00:04, 17.5, 33.7, 5.5, 214.5, 230.8, 27.1, 0.5, 0, 140.1, 86.3, 41066.3, 278.8, 2, 29.5, 120.4, 2.2
2, 127600, 05/12/2018 04:19:04, 22.6, 13.6, 6.1, 123.5, 486.2, 24.2, 0.5, 0.1, 90.5, 34.8, 66687.5, 359.3, 2.1, 21.2, 110.2, 1.5
2, 127601, 05/12/2018 04:39:03, 27.7, 23.3, 6.6, 1521, 555.5, 22.4, 0.5, 0, 100, 59.7, 50547.5, 288.2, 3.7, 75.7, 103, 2.2
2, 127602, 05/12/2018 05:00:04, 18.7, 24.3, 5.8, 317.4, 258.3, 26.2, 0.5, 0, 111, 62.1, 50451.6, 239.6, 3, 67.9, 113.9, 3.2
2, 127603, 05/12/2018 05:20:04, 16.6, 18.9, 5.4, 1065.6, 162.4, 29.9, 0.5, 0, 90.1, 48.4, 49542, 351.8, 3.1, 76.7, 86.2, 2.3
2, 127604, 05/12/2018 05:40:04, 16.6, 28.8, 5.2, 352.7, 136.2, 25.8, 0.5, 0, 168.8, 73.8, 53285.2, 270.6, 2.6, 66.1, 83.4, 2.8
2, 127605, 05/12/2018 05:59:03, 54.2, 54.8, 10.7, 1949.6, 512.9, 23.3, 0.7, 0.2, 243.7, 140.2, 93922.3, 265, 9, 228.5, 89.4, 6
2, 127606, 05/12/2018 06:20:03, 64.9, 70.3, 11.4, 1252.3, 318.6, 22.9, 0.8, 0.1, 254.9, 179.9, 74383.5, 356.4, 10.9, 287.6, 89.6, 6.6
2, 127607, 05/12/2018 06:40:04, 61.7, 76.8, 10.1, 1002.1, 276.1, 25.6, 0.7, 0.1, 356.8, 196.5, 75563.5, 246.7, 10.4, 280.2, 86.1, 4.3
2, 127608, 05/12/2018 07:00:04, 70.3, 89.1, 11.9, 7219.1, 475.7, 33.1, 0.9, 0.1, 383.4, 228, 55467.1, 259.3, 10.8, 298.6, 100.5, 5
2, 127609, 05/12/2018 07:20:03, 53.8, 59.5, 11.4, 1914.9, 473.4, 35.4, 0.8, 0, 215.6, 152.3, 55163.9, 357, 9.8, 263.4, 111.7, 6.3
2, 127610, 05/12/2018 07:40:03, 43.6, 43, 9.7, 1147.7, 312.7, 36, 0.7, 0, 149, 110, 35328.8, 262.1, 7.6, 189.8, 111.6, 5.5
2, 127611, 05/12/2018 08:00:03, 55.8, 62.5, 13.4, 16941.1, 401, 47, 1, 0, 256.1, 159.9, 56187.2, 233.7, 8.9, 213.7, 153.5, 8.1
2, 127612, 05/12/2018 08:20:03, 40, 77.4, 10.6, 1088.9, 252.3, 38.5, 0.8, 0, 382.3, 198.2, 37239, 341.4, 7.8, 229.8, 109.1, 7.8
2, 127613, 05/12/2018 08:40:02, 57.3, 74.8, 14.3, 17109.4, 260.4, 56.7, 1.1, 0, 329, 191.6, 33101.7, 286.7, 5.2, 216.2, 156.7, 8.3
2, 127614, 05/12/2018 09:00:03, 37.2, 45.5, 10.7, 423.4, 251.1, 56.1, 0.8, 0, 248.8, 116.4, 23778.6, 246.7, 3.5, 142.1, 155.1, 8
2, 127615, 05/12/2018 09:20:02, 32.3, 43.8, 9.3, 16564.5, 298.9, 55.3, 0.8, 0, 283.6, 112, 21863.6, 356.8, 3.9, 108.3, 154.3, 4.4
2, 127616, 05/12/2018 09:41:02, 32.5, 63.4, 9.2, 355, 308.6, 59.4, 0.8, 0, 235.3, 162.3, 15709.2, 292.8, 3.3, 102.6, 161.7, 4.2
2, 127617, 05/12/2018 09:59:03, 33.3, 49.8, 10.4, 1190.6, 313.7, 63.8, 0.8, 0, 234.1, 127.6, 11012.9, 245.4, 1.1, 32.4, 184.5, 5.8
2, 127618, 05/12/2018 10:20:03, 29.9, 31.9, 9.7, 1015.2, 310.2, 68.5, 0.9, 0, 111.9, 81.7, 11036.7, 366, 0.5, 5.1, 200, 3.9
2, 127619, 05/12/2018 10:40:03, 34.7, 50.7, 10.6, 2969, 290.2, 62.7, 0.9, 0, 249.4, 129.9, 13030.5, 363.1, 3.7, 92.4, 192.2, 4.3
2, 127620, 05/12/2018 11:00:02, 33.3, 45.6, 10.2, 1693.6, 410.8, 63.5, 0.9, 0, 206, 116.6, 15306, 277.9, 2.8, 56.8, 196.4, 5.3
2, 127621, 05/12/2018 11:20:02, 39.1, 56.9, 10.7, 1379.8, 333.9, 66, 0.9, 0, 262.7, 145.6, 13249.4, 415.3, 3.3, 62.5, 182.4, 3.8
2, 127622, 05/12/2018 11:40:03, 40.4, 51, 11.6, 2270.5, 336.2, 70.7, 1, 0, 297.3, 130.5, 14563.3, 316.2, 2.5, 56.7, 219.7, 4.4
2, 127623, 05/12/2018 12:00:02, 46.5, 55.3, 12.8, 3413.4, 378.6, 69.3, 1, 0.2, 213.9, 141.5, 19290.6, 353, 3.6, 98.2, 219.9, 4.7
2, 127624, 05/12/2018 12:20:03, 37.2, 35.1, 11.1, 2129.5, 317.2, 65.7, 0.9, 0, 115.8, 89.9, 11711.6, 387.7, 2.1, 54.2, 189.2, 3.8
2, 127625, 05/12/2018 12:41:02, 29.6, 58.9, 9, 588.4, 286, 63.4, 0.8, 0, 295.9, 150.7, 11068.4, 304.4, 0.9, 19.6, 192.9, 3.6
2, 127626, 05/12/2018 13:00:02, 30.4, 37.6, 9.7, 559.3, 300.6, 66.6, 0.9, 0, 186, 96.3, 12393.1, 355.1, 0.7, 9, 214.1, 3.8
2, 127627, 05/12/2018 13:20:02, 30.4, 43.9, 9.2, 1451.7, 331.1, 62.9, 0.8, 0, 258.2, 112.4, 15247.6, 367, 2.1, 55.5, 176.8, 3.5
2, 127628, 05/12/2018 13:40:02, 31.4, 43.6, 9.7, 545.6, 298.1, 67.5, 0.9, 0, 284, 111.7, 15218.9, 294.5, 1.2, 35.7, 181.9, 4.6
2, 127629, 05/12/2018 14:00:01, 27.6, 49.5, 8.7, 1051.3, 311.7, 64.9, 0.8, 0, 244.8, 126.8, 11758.2, 274.9, 0.8, 20.2, 188.9, 3.3
2, 127630, 05/12/2018 14:20:02, 27, 50.2, 8.7, 1497.3, 294.5, 64.6, 0.8, 0, 242.4, 128.4, 11158.2, 368.7, 1.4, 20.8, 192.9, 2.9
2, 127631, 05/12/2018 14:40:01, 25.7, 46.6, 8.2, 1141.8, 280.1, 62.7, 0.7, 0, 247.6, 119.2, 11261, 289.7, 1.2, 20.3, 175.6, 2.6
2, 127632, 05/12/2018 15:00:02, 24.4, 40.5, 8, 1449.2, 261.8, 59.4, 0.7, 0, 205.2, 103.7, 11156.2, 326.4, 1.1, 19.2, 168.4, 3.3
2, 127633, 05/12/2018 15:20:02, 24.8, 29.1, 8.2, 2030.7, 262.7, 58.5, 0.7, 0, 151.6, 74.4, 12026.3, 382.2, 1.2, 18.3, 168.5, 2.8
2, 127634, 05/12/2018 15:40:01, 25.2, 36, 8.1, 1712.7, 265.9, 60.5, 0.7, 0, 196.1, 92.2, 11337.8, 311.5, 0.4, 6.8, 160.3, 3.1
2, 127635, 05/12/2018 16:00:02, 37.6, 58.6, 10.5, 3248.5, 315.3, 58, 0.8, 0.7, 297.6, 149.9, 18793.8, 386.6, 5.2, 148.2, 156.5, 4.2
2, 127636, 05/12/2018 16:20:01, 29.7, 48, 9.4, 1725.1, 280.9, 59.9, 0.8, 0, 245.6, 122.8, 15356.3, 403.9, 3.1, 74.5, 152.4, 3.6
2, 127637, 05/12/2018 16:40:02, 26.2, 47.9, 8.4, 2525.1, 257.8, 57, 0.7, 0, 279.3, 122.5, 11470.2, 284.1, 1.4, 25.6, 153.8, 3.5
2, 127638, 05/12/2018 17:00:02, 25, 34.4, 8.3, 37.4, 268.6, 60.9, 0.7, 0, 174.8, 88.1, 11353.2, 274.4, 1.2, 19.2, 163.7, 4
2, 127639, 05/12/2018 17:20:01, 22.1, 33.3, 7.4, 73.1, 241.6, 53.4, 0.7, 0, 237.4, 85.2, 12249.9, 459.8, 1.4, 19.9, 143.7, 2.9
2, 127640, 05/12/2018 17:40:01, 34.2, 48.2, 9.6, 1310.6, 264.2, 53.5, 0.7, 1.5, 178.9, 123.5, 16941.4, 575.1, 5.5, 127, 120.4, 3.9
2, 127641, 05/12/2018 18:00:01, 34.2, 51.9, 9.1, 418.8, 259.6, 55.2, 0.8, 0, 232.8, 133, 16721.2, 443.3, 4.1, 84.9, 126.9, 6.2
2, 127642, 05/12/2018 18:20:01, 32.8, 43.7, 8, 412.3, 268.6, 49.9, 0.6, 0, 311.5, 111.9, 13627.2, 439.6, 3.6, 56.4, 109.5, 3.5
2, 127643, 05/12/2018 18:40:01, 26.5, 29.3, 6.9, 2952, 217.7, 47.2, 0.6, 0, 159.6, 74.9, 11552, 414.7, 2.5, 31.7, 102.2, 2.9
2, 127644, 05/12/2018 19:00:01, 24.7, 33.6, 6.3, 1583.1, 196.1, 43.1, 0.6, 0, 161.8, 85.9, 11549.1, 441, 2.4, 34.4, 91.4, 3.7
2, 127645, 05/12/2018 19:20:00, 18.4, 21.5, 5.7, 1499.9, 192.2, 43.3, 0.5, 0, 116.4, 55, 11652, 531.2, 2.4, 32.4, 85.5, 2.7
2, 127646, 05/12/2018 19:41:01, 14.4, 16.7, 5.2, 2008.2, 172.5, 37.8, 0.5, 0, 123.4, 42.6, 11694.9, 446.2, 1.8, 23.2, 73.6, 2.5
2, 127647, 05/12/2018 20:00:01, 20.1, 40.4, 6.6, 1894.1, 198.3, 45.2, 0.6, 0, 247.8, 103.5, 15235.5, 359.7, 6.9, 112.6, 97, 4.5
2, 127648, 05/12/2018 20:20:01, 30, 68.9, 10.3, 1811.8, 201.1, 43.6, 0.8, 0, 283, 176.3, 20209.5, 455.8, 11.7, 315.7, 77.8, 6.7
2, 127649, 05/12/2018 20:40:01, 38.3, 63.2, 13.7, 970, 177.3, 38.6, 1, 0.2, 235.9, 161.7, 15878, 595.9, 7.4, 209.2, 57.3, 15
2, 127650, 05/12/2018 21:00:01, 37.9, 85.8, 13.9, 886.1, 158.2, 33.4, 1.1, 0.1, 349.9, 219.8, 16536.7, 274.9, 6.4, 179.7, 83.9, 20.5
2, 127651, 05/12/2018 21:20:00, 36.2, 54.7, 14.2, 893.6, 106.8, 23, 1.1, 0, 246.8, 140, 14555.6, 363.7, 5.7, 169.7, 67.2, 19.5
2, 127652, 05/12/2018 21:40:01, 30, 37.7, 12.2, 737.9, 100.4, 22.4, 1, 0, 124.1, 96.5, 13787.5, 325.1, 4.4, 140.8, 60.7, 17.1
2, 127653, 05/12/2018 22:00:00, 27.4, 41.1, 10.1, 584.3, 118.6, 26.5, 0.8, 0, 164.8, 105.3, 14939.3, 281.6, 4.2, 132.7, 49, 14.4
2, 127654, 05/12/2018 22:20:00, 36.3, 58, 13.4, 2515, 122.7, 26.5, 1, 0.1, 263.5, 148.6, 16800.1, 400, 6.7, 200.4, 42.8, 17.4
2, 127655, 05/12/2018 22:41:00, 34.6, 47.4, 13.4, 1085.1, 129.4, 24.8, 1, 0, 206.3, 121.3, 16333.4, 303.3, 5.7, 168.1, 42.4, 17.6
2, 127656, 05/12/2018 23:00:00, 48.8, 69.8, 14.9, 2074.8, 423.5, 26.2, 1.1, 3.5, 326.3, 178.6, 23425.6, 302.5, 11.1, 245.4, 56.8, 17.4
2, 127657, 05/12/2018 23:20:00, 52.2, 88.7, 16.7, 1478.1, 459.8, 33.2, 1.2, 5.7, 374.9, 227, 23722.6, 379.6, 11, 243.9, 75.9, 17.8
2, 127658, 05/12/2018 23:40:00, 47.9, 56.1, 13.9, 2782.7, 465.1, 27.8, 1, 4.4, 202.7, 143.7, 34064.5, 406, 11.2, 253.9, 47.1, 14.6
3, 127587, 05/12/2018 00:00:02, 44.4, 51.6, 7.7, 22353, 118.5, 8.8, 0.5, 0, 231.7, 132, 59240.6, 549.2, 33.2, 563.4, 4.1, 14.2
3, 127588, 05/12/2018 00:20:02, 46.3, 73.8, 7.8, 10807.6, 85, 5.5, 0.6, 3.6, 249.1, 188.9, 92450.2, 1766, 45.7, 648.3, 6.2, 24.7
3, 127589, 05/12/2018 00:40:01, 73.5, 100.4, 11.3, 6090, 291.9, 2.8, 1.7, 16.3, 282.5, 257, 76706.3, 567.9, 53.4, 852.2, 3.9, 8.9
3, 127590, 05/12/2018 01:00:02, 78.1, 117.7, 13.3, 24804.6, 456.7, 3.4, 2.3, 13.4, 384.7, 301.2, 93366.1, 248.8, 51.4, 850.5, 5.5, 12
3, 127591, 05/12/2018 01:20:01, 81.6, 113.5, 14.1, 11974.2, 674.8, 2.7, 2.2, 12, 527.7, 290.7, 93575.6, 190.7, 49.4, 743.9, 7.5, 11.6
3, 127592, 05/12/2018 01:40:01, 76.2, 95.3, 13.2, 6737.3, 653.5, 1, 1.8, 15.5, 289.7, 244, 88274.1, 76, 47.3, 670.4, 9.5, 9.1
3, 127593, 05/12/2018 02:00:01, 80, 120.4, 14.5, 25587.1, 389.1, 2.2, 9.8, 24.5, 446, 308.1, 86928.6, 154, 58.4, 897.4, 13.5, 12.6
3, 127594, 05/12/2018 02:20:01, 75.4, 94.5, 13.5, 11427.7, 463.9, 1.5, 2.1, 14.8, 284, 242, 91513.2, 152.9, 48.7, 743.4, 13.8, 8.7
3, 127595, 05/12/2018 02:40:01, 56.5, 85.7, 8.8, 14345.8, 528.9, 0.8, 0.6, 3.7, 258.1, 219.3, 82945.1, 75.3, 42.5, 621.4, 8.2, 9.7
3, 127596, 05/12/2018 03:00:01, 77.8, 120.3, 13.3, 26490.8, 392.9, 3.9, 6.4, 25.1, 385, 307.9, 87955.4, 150, 48.6, 780.5, 6.7, 14.1
3, 127597, 05/12/2018 03:20:01, 83.6, 157, 13.4, 109763.5, 263.8, 5.5, 11.6, 15.6, 511.2, 402, 90584.3, 144.5, 50.3, 987.2, 4.5, 50.9
3, 127598, 05/12/2018 03:40:01, 78.7, 117.5, 13.5, 56800.8, 469.5, 10.9, 3.3, 14.4, 460.2, 300.8, 102494, 68.1, 48.3, 939.1, 3.6, 28
3, 127599, 05/12/2018 04:00:01, 74.8, 100.4, 12.5, 5538.1, 404.7, 5.9, 1.4, 5.7, 290.6, 257.1, 112296.7, 4924.2, 49.5, 899.1, 3.5, 14.3
3, 127600, 05/12/2018 04:19:01, 86, 118.3, 14.7, 10320.1, 573.1, 5.7, 7.9, 6.6, 383.2, 302.9, 102323.8, 5290.8, 45.7, 842.1, 5.1, 31.1
3, 127601, 05/12/2018 04:40:01, 87.4, 100.7, 13.7, 11283.9, 500.5, 4.3, 2.7, 1.7, 385.4, 257.9, 98397.5, 5405, 46.5, 683.8, 5.9, 13.2
3, 127602, 05/12/2018 05:00:01, 81, 108.3, 14.1, 42432.5, 395.4, 3.8, 5.4, 8.1, 379.4, 277.2, 105767.3, 2057.2, 49.3, 768.1, 9.1, 16.1
3, 127603, 05/12/2018 05:20:00, 66.9, 67.4, 12.1, 7403.4, 457.1, 3.4, 0.8, 0.3, 246.1, 172.6, 81172.1, 2618.5, 36.4, 544.7, 16.6, 5.3
3, 127604, 05/12/2018 05:40:00, 59, 64.2, 9.5, 4931.3, 414.3, 4.9, 0.6, 0.1, 193.3, 164.3, 103659.3, 1561.3, 39.9, 626.1, 15.2, 3.7
3, 127605, 05/12/2018 06:00:00, 64.7, 96.2, 12.3, 20900.1, 414.8, 6.8, 3.9, 7.5, 461.2, 246.3, 94164.4, 1669, 48, 818.4, 6.5, 9
3, 127606, 05/12/2018 06:20:00, 75.5, 103.3, 12.7, 3425.4, 430.3, 6.9, 2, 14.2, 336.5, 264.5, 107181.2, 6069.7, 43.8, 933.5, 5.8, 8.5
3, 127607, 05/12/2018 06:40:00, 78, 124.6, 15.1, 4714.1, 501.9, 7.4, 3, 13.3, 422.8, 319.1, 119762.1, 89.9, 46.6, 1001, 4.1, 14.2
3, 127608, 05/12/2018 07:00:00, 85.2, 129.2, 16, 20900.7, 426, 6.6, 10.6, 14.8, 383.9, 330.7, 94283.6, 53, 44.5, 993.5, 3.5, 18.3
3, 127609, 05/12/2018 07:20:00, 80.4, 106.4, 13.7, 2307.1, 320.1, 4.3, 1.3, 4.2, 311.5, 272.4, 99119.8, 155.5, 38.8, 922.8, 2.9, 16
3, 127610, 05/12/2018 07:40:00, 72.2, 86.6, 13.7, 2825.8, 550.1, 4.6, 1.1, 0.9, 269.9, 221.7, 74842.4, 70.2, 29, 820.1, 2.5, 17.9
3, 127611, 05/12/2018 08:00:00, 60.9, 98.1, 14.8, 28492.6, 210.2, 13.4, 1.1, 0.6, 326.9, 251.2, 83560.3, 277, 34, 845.1, 5.6, 22
3, 127612, 05/12/2018 08:20:00, 45.9, 75.1, 8.5, 27819.8, 118.7, 6.7, 0.5, 2, 261.9, 192.4, 82593.9, 104.3, 28.8, 745.6, 5.2, 9.4
3, 127613, 05/12/2018 08:40:00, 42.9, 64.8, 8.6, 8278.2, 126.3, 7, 0.6, 0.1, 260.5, 165.9, 66281.8, 118, 23.2, 641.3, 0.8, 11.7
3, 127614, 05/12/2018 08:59:59, 51.5, 70.9, 10.3, 25423.3, 208.9, 19.6, 0.7, 0.5, 248.4, 181.4, 90123.6, 161.1, 26.6, 685.4, 1.1, 15
3, 127615, 05/12/2018 09:19:59, 67.5, 90.3, 13.5, 5377.2, 445.2, 14.8, 1.5, 1.6, 293.2, 231.1, 95438.7, 113.9, 31.4, 818.4, 1.5, 13.6
3, 127616, 05/12/2018 09:39:59, 74.3, 142.5, 15.3, 3955.2, 390.9, 10.5, 10.2, 10.3, 533.6, 364.9, 102230.6, 245.8, 44.9, 1077.9, 0.9, 19.2
3, 127617, 05/12/2018 09:59:59, 69.1, 141.4, 16.8, 21472.6, 517.3, 19.9, 4.1, 4.5, 514.7, 362, 110479.9, 228.2, 44, 913.2, 1.4, 20.4
3, 127618, 05/12/2018 10:19:59, 80.2, 132, 18.1, 4942.1, 398.9, 23.6, 5.3, 13.7, 464.6, 338, 87982.3, 158, 46.4, 954, 1.9, 19.6
3, 127619, 05/12/2018 10:39:59, 65.4, 128.2, 16.2, 2780.5, 282.5, 12.1, 1.7, 20.1, 375.8, 328.1, 85563.7, 59.9, 44.1, 975.2, 2.1, 16.8
3, 127620, 05/12/2018 10:59:59, 58.1, 93, 14, 14479.1, 180.7, 8.7, 0.9, 1.5, 334.9, 238, 103387.4, 469.4, 36.4, 856.5, 1.3, 20.8
3, 127621, 05/12/2018 11:19:59, 42.4, 69.3, 10.9, 3373.9, 141.1, 10.9, 0.7, 1.2, 250.4, 177.5, 95529.8, 67.9, 29.8, 788.6, 1.1, 15.8
3, 127622, 05/12/2018 11:39:59, 50, 75.7, 11.8, 7954.6, 100.9, 9.2, 0.8, 0.2, 392.1, 193.9, 91745.8, 137.1, 27.3, 736, 0.6, 16.6
3, 127623, 05/12/2018 11:59:59, 54.8, 90, 14, 29459.1, 237.8, 9.4, 1, 0.9, 343.1, 230.3, 75292.9, 141.1, 30.9, 801.9, 1.7, 19.3
3, 127624, 05/12/2018 12:19:59, 66.3, 109, 15.8, 5459.8, 151, 7.9, 1.2, 20.8, 358.5, 279, 91717.4, 179.1, 36, 881.5, 10.8, 14.3
3, 127625, 05/12/2018 12:39:59, 75.4, 143.4, 14.6, 8417, 212.5, 3.3, 12.5, 21.8, 448, 367.1, 109384.4, 98, 43.1, 1104, 13.3, 11.3
3, 127626, 05/12/2018 12:59:59, 78.2, 116.5, 14.3, 19546.4, 204.9, 17.4, 4.8, 22.1, 343.8, 298.3, 96427, 95.9, 40.8, 1005.4, 15.4, 11.7
3, 127627, 05/12/2018 13:19:58, 75.3, 124.7, 14.6, 4306, 156.9, 11, 5.9, 21.9, 419.6, 319.3, 111863.2, 121, 43.1, 1046, 15.9, 10.2
3, 127628, 05/12/2018 13:39:59, 85.6, 134.4, 14.4, 2297.9, 301.4, 19.6, 9.4, 15.7, 527, 344, 108801, 141.3, 45.5, 1290.9, 13.5, 12.3
3, 127629, 05/12/2018 13:59:58, 57, 117.2, 11.4, 23072.7, 204.2, 14.2, 1.3, 0.8, 1114.9, 300, 116650.9, 225.9, 48.1, 1147.7, 13.9, 12.8
3, 127630, 05/12/2018 14:19:58, 83.7, 150.6, 16.7, 13029.5, 331.2, 12.4, 10.9, 4.3, 486.5, 385.6, 127961.9, 243.7, 47.3, 1133.9, 14.4, 14.7
3, 127631, 05/12/2018 14:39:58, 66.1, 121.2, 15.2, 8737.6, 194.7, 10.4, 3.7, 4.5, 442.1, 310.3, 96766.7, 140.1, 47.6, 1210.9, 14.4, 13.4
3, 127632, 05/12/2018 14:59:58, 56.3, 107.1, 12.5, 8359.2, 264.4, 26, 1.1, 0.2, 502.4, 274.2, 75755.7, 156.6, 47.9, 1273.8, 17, 13.2
3, 127633, 05/12/2018 15:19:58, 68.4, 109.6, 15.1, 6281.8, 151, 3.3, 2.7, 0.8, 387.7, 280.6, 118131.5, 276.2, 44.8, 1196.6, 14.4, 15.3
3, 127634, 05/12/2018 15:39:58, 79.1, 125.7, 17.1, 8868.3, 254.1, 8.3, 2.8, 2.6, 386.6, 321.9, 85424.9, 284.7, 47.7, 1359.1, 10.6, 13.9
3, 127635, 05/12/2018 15:59:58, 54.6, 98.1, 12.7, 17097.4, 175.1, 4.7, 0.9, 0.7, 377.1, 251.1, 76735.3, 136.3, 46.6, 1270.1, 15.8, 12.1
3, 127636, 05/12/2018 16:20:58, 52.1, 94.9, 12.4, 8119.5, 118.3, 3.1, 0.8, 0.1, 325.3, 243, 87511.7, 119, 44.1, 1255.6, 16.4, 11.9
3, 127637, 05/12/2018 16:40:58, 53.1, 85.3, 11.7, 3988.8, 194.9, 7.6, 0.7, 0.1, 345.9, 218.4, 73477.5, 196.9, 38.9, 1005.9, 14.9, 9.8
3, 127638, 05/12/2018 16:59:58, 52.3, 89.9, 11.5, 24941.9, 235.1, 8.6, 0.7, 0.4, 311.1, 230.3, 96625, 162.8, 38.3, 999.6, 14.3, 11
3, 127639, 05/12/2018 17:19:58, 58.4, 83.6, 10.9, 5463.9, 175.9, 7.3, 0.8, 0.3, 266.4, 213.9, 100141.1, 119.3, 39.8, 1129.7, 16.2, 9.3
3, 127640, 05/12/2018 17:39:57, 64.1, 87.8, 12, 5942.8, 157.4, 3.4, 1, 0.2, 326, 224.7, 107859.8, 108.9, 40.1, 998.2, 16.6, 10.9
3, 127641, 05/12/2018 17:59:58, 56.9, 85.7, 11.4, 23065.5, 235.5, 17.2, 0.7, 0.3, 270.2, 219.5, 99071.1, 201.6, 39.9, 1055.9, 15.9, 18.8
3, 127642, 05/12/2018 18:19:57, 55.1, 77.6, 11.8, 7114.4, 149, 9, 0.7, 0.1, 226.7, 198.7, 73696.8, 187.8, 36.7, 1008.5, 15.5, 17.6
3, 127643, 05/12/2018 18:39:58, 46.8, 58.2, 9.2, 6846.3, 186.9, 3.9, 0.6, 0, 207.5, 148.9, 56366.2, 155.1, 33.5, 908.7, 18, 8.5
3, 127644, 05/12/2018 18:59:58, 49.9, 69.6, 9.5, 33253.2, 118.4, 7.3, 0.7, 0, 267.1, 178.3, 67221.9, 177, 29.6, 763.9, 19.4, 11.7
3, 127645, 05/12/2018 19:19:57, 43.8, 50.9, 8, 21766.2, 109, 3.8, 0.5, 0, 180.5, 130.3, 48009, 97.9, 26.3, 663.7, 18.6, 7.7
3, 127646, 05/12/2018 19:39:57, 30.9, 39.4, 6.8, 6058.8, 65, 4.4, 0.5, 0, 149, 100.8, 49513.9, 147.9, 25.3, 564.3, 21.3, 7
3, 127647, 05/12/2018 19:59:57, 35.8, 52.6, 7.8, 41027.9, 411.8, 5.8, 0.5, 0, 330.2, 134.6, 70860.3, 169.8, 26.4, 610.1, 20.7, 9.6
3, 127648, 05/12/2018 20:19:57, 27.1, 39.6, 6.1, 3145.3, 149.2, 8.7, 0.4, 0, 144.1, 101.3, 74948.3, 81.2, 27.6, 533.1, 27.7, 6.7
3, 127649, 05/12/2018 20:39:57, 22.1, 32.8, 5.7, 3374.8, 96.7, 4.5, 0.4, 0, 99.1, 84, 46785.2, 100.7, 26, 516, 21.6, 7.1
3, 127650, 05/12/2018 20:59:57, 35.4, 75.8, 7.8, 20242.3, 191.8, 0.5, 0.5, 0.2, 380.9, 194.1, 48637.6, 117, 29.7, 707.8, 16.3, 7.9
3, 127651, 05/12/2018 21:19:57, 40.4, 66, 9.9, 4282.2, 98, 1.1, 0.9, 0.2, 224.8, 169, 45955.5, 196.2, 28.2, 605.6, 22.3, 9.8
3, 127652, 05/12/2018 21:39:57, 35.4, 65.7, 9.6, 6627.7, 54.9, 1, 0.6, 0, 415.7, 168.3, 52389, 151.8, 23.8, 444.4, 22.3, 9.4
3, 127653, 05/12/2018 21:59:57, 39.6, 58.8, 9, 22334.4, 231.8, 0.4, 0.6, 0.1, 357.2, 150.5, 48695.5, 126.4, 22.9, 425.1, 20.3, 8.9
3, 127654, 05/12/2018 22:19:57, 27.7, 44, 7.4, 4821.8, 41.4, 0.6, 0.5, 0, 144.2, 112.6, 66391.4, 116.3, 22.3, 394.5, 17.9, 7.3
3, 127655, 05/12/2018 22:39:57, 42.1, 54.8, 11.4, 3539.6, 100.4, 2, 0.7, 0.1, 173.4, 140.4, 48139.5, 72, 22.9, 481.2, 18.8, 13
3, 127656, 05/12/2018 22:59:57, 36.6, 56.1, 8.2, 17667.1, 214.9, 2.7, 0.5, 0.1, 306.1, 143.7, 40326.2, 254.5, 22.8, 469.5, 19.7, 11.1
3, 127657, 05/12/2018 23:19:57, 23.1, 41.7, 5.1, 1831.9, 58, 3.5, 0.4, 0, 325.1, 106.8, 21907.5, 82.9, 21.5, 435.4, 19.2, 8.3
3, 127658, 05/12/2018 23:39:56, 24.7, 33.9, 5.8, 5340.6, 77.1, 0.7, 0.4, 0, 180.2, 86.8, 40352.3, 134.7, 20.4, 329.5, 23.6, 10.9
4, 127587, 05/12/2018 00:00:06, 43.2, 53.1, 8.5, 29835.8, 220.9, 7.5, 0.6, 0, 238.5, 135.9, 55454.9, 276.9, 23.4, 430.5, 0.9, 17
4, 127588, 05/12/2018 00:20:05, 54.3, 84.8, 10, 41276.7, 209.9, 6.2, 2.2, 4.9, 313, 217, 88959.8, 707, 45, 592.8, 5.2, 30.4
4, 127589, 05/12/2018 00:40:05, 84.4, 119.2, 13.4, 43078.6, 209.5, 2.7, 7.8, 19.3, 353.1, 305.1, 87246, 888.2, 47.9, 760.8, 1.5, 12.9
4, 127590, 05/12/2018 01:00:05, 72.9, 115, 13.6, 40880.1, 293.8, 2.4, 3.7, 24, 338.5, 294.3, 94409.1, 621.4, 44.9, 752.4, 4, 12.2
4, 127591, 05/12/2018 01:20:05, 76.9, 116, 15, 14559.7, 495.7, 2.8, 5.5, 23.9, 360.8, 297.1, 95251.1, 201.1, 39.5, 718.9, 4, 14.3
4, 127592, 05/12/2018 01:40:05, 69.5, 94, 13.7, 2768.3, 371.3, 4.4, 1.1, 23.6, 282.8, 240.6, 91890.6, 124.3, 36.8, 631.2, 4.1, 9.8
4, 127593, 05/12/2018 02:00:04, 78.1, 119.2, 15.4, 19329.6, 351.8, 4.9, 5.8, 26.9, 412, 305.1, 97678.6, 190.8, 40.7, 854.1, 4.7, 14
4, 127594, 05/12/2018 02:20:05, 85.4, 107.5, 13.6, 1242.4, 462.8, 6.4, 4.4, 14.6, 350.8, 275.2, 88906.9, 112, 36.2, 823.2, 1.7, 12
4, 127595, 05/12/2018 02:40:05, 51.9, 84.2, 8, 1179.3, 248.4, 3, 0.5, 3.5, 399.1, 215.6, 72473.2, 131.9, 32.7, 602.4, 3, 11.3
4, 127596, 05/12/2018 03:00:05, 67.6, 82.4, 11.4, 15104, 339.6, 6.5, 0.6, 7.1, 282.7, 211.1, 73612, 257.2, 30.2, 585.3, 5.8, 10.1
4, 127597, 05/12/2018 03:20:05, 87.4, 128.9, 15.4, 60588, 328.2, 7.4, 5.9, 6.9, 480.6, 329.9, 104410.7, 228, 36.6, 837, 4.5, 34.6
4, 127598, 05/12/2018 03:40:04, 82.1, 109.3, 16.5, 42571.6, 288.2, 10.3, 3.5, 7.9, 385.2, 279.8, 93970.6, 143.8, 37.9, 884.9, 4.9, 22.1
4, 127599, 05/12/2018 04:00:04, 72.2, 107.5, 15.3, 32523.6, 199.8, 8, 1.5, 4.9, 350.5, 275.2, 107644.1, 137.2, 36.5, 806.5, 2.9, 15.9
4, 127600, 05/12/2018 04:19:04, 86.9, 101.1, 16.5, 6908.3, 439.7, 5.5, 9.4, 2.1, 367, 258.8, 138647.7, 200, 39.1, 839.2, 2.3, 16.2
4, 127601, 05/12/2018 04:39:03, 89.6, 117.3, 19.9, 4814.6, 334.8, 3.4, 6.4, 0.6, 339.1, 300.2, 160335.7, 189.5, 42, 829, 3.1, 19.8
4, 127602, 05/12/2018 05:00:04, 87.2, 102, 17.6, 14501.8, 359.5, 8.3, 4.4, 0.8, 309.3, 261.2, 109629.8, 213, 37.5, 852.7, 2.5, 21.2
4, 127603, 05/12/2018 05:20:05, 78.5, 80.8, 15.2, 4164.3, 439.8, 5.6, 1, 0.1, 234.6, 206.8, 115201.8, 135.1, 33, 666.9, 3.6, 14.2
4, 127604, 05/12/2018 05:40:04, 82.5, 86.9, 15.3, 2197.2, 405.1, 6.3, 1.4, 0.2, 252.4, 222.5, 104251.7, 153.4, 33.4, 648, 3, 15.7
4, 127605, 05/12/2018 05:59:04, 89.2, 116.3, 18.1, 15941.9, 222.2, 8.7, 5.6, 12.1, 358.6, 297.8, 154319, 193.3, 37.8, 809.7, 9.1, 16.5
4, 127606, 05/12/2018 06:20:04, 77.2, 123.8, 14.6, 6443.3, 313.1, 10.4, 4.6, 27.6, 420.7, 316.9, 104852.6, 146.8, 33.3, 841.3, 6.4, 14.6
4, 127607, 05/12/2018 06:40:04, 65.2, 97.7, 13.3, 3677.3, 186.1, 4.5, 1, 13, 394.3, 250, 108177.3, 130.1, 30.6, 1142.4, 10.3, 11.7
4, 127608, 05/12/2018 07:00:04, 64.6, 98.4, 12.9, 16257.3, 122.7, 3.2, 1, 13, 313.1, 252, 78900, 117.9, 30.4, 778.9, 10.9, 12.4
4, 127609, 05/12/2018 07:20:04, 78, 92.2, 15.4, 7420.8, 333.5, 4.6, 1.9, 5.1, 285.1, 236.1, 127843.3, 201.2, 34.5, 811.6, 14.9, 12.5
4, 127610, 05/12/2018 07:40:03, 77, 89.7, 15, 7617.2, 364.6, 7.1, 1, 4.3, 300.9, 229.6, 95284.4, 143.7, 39.8, 816.5, 12.5, 13.5
4, 127611, 05/12/2018 08:00:04, 77.1, 91.6, 12.1, 14449.1, 321.3, 7.2, 1.5, 2.4, 283.5, 234.6, 112688.8, 139.9, 38.6, 804.2, 8, 13.7
4, 127612, 05/12/2018 08:20:04, 77.9, 107.5, 10.7, 1340.7, 371.3, 9.2, 4.4, 6.5, 315, 275.1, 94721.1, 144, 45.4, 990.6, 7.5, 11.2
4, 127613, 05/12/2018 08:40:03, 72.7, 108.5, 12.3, 1609.7, 246.5, 10.4, 3.5, 20.9, 356.7, 277.7, 139385.9, 167.7, 42.7, 827.9, 10.6, 11.9
4, 127614, 05/12/2018 09:00:04, 67.8, 98.7, 14.3, 36483.9, 275.2, 14.7, 2.6, 14.4, 307.3, 252.7, 103209.2, 241, 43, 780.8, 12.6, 13.3
4, 127615, 05/12/2018 09:20:03, 65.5, 99.4, 13.3, 3012.9, 325.3, 15.9, 1.9, 13.8, 309.3, 254.5, 103658.7, 279.9, 43.7, 782.3, 7.1, 10.6
4, 127616, 05/12/2018 09:40:04, 78.1, 139.3, 15, 8493.9, 336.2, 10.5, 4.7, 5.3, 490.7, 356.7, 113294.7, 373.2, 55.8, 1093.2, 3.3, 14.7
4, 127617, 05/12/2018 10:00:03, 76.7, 104.6, 14.2, 14047.4, 397.8, 14.4, 3.6, 3.1, 513.8, 267.7, 124206.1, 218.9, 53.7, 958.5, 4.3, 15.2
4, 127618, 05/12/2018 10:20:03, 65.5, 113.5, 12.6, 17554.1, 304.5, 16.3, 4.1, 26.4, 505, 290.5, 104083.7, 340.8, 53.5, 845.3, 8.9, 10.7
4, 127619, 05/12/2018 10:40:03, 60.8, 107.7, 12.1, 21258.9, 206.6, 15.2, 2.1, 22.7, 386.3, 275.8, 106250.6, 264.9, 53.2, 779.4, 11.3, 8.4
4, 127620, 05/12/2018 11:00:03, 73, 121.6, 13.2, 53318.2, 279.1, 23.9, 2.6, 8.4, 425.1, 311.3, 134882.3, 190.5, 54, 906.6, 8.3, 12.6
4, 127621, 05/12/2018 11:19:03, 61.7, 96.1, 12, 8546.5, 508.3, 10.1, 1.9, 11.6, 331, 246.1, 108993.5, 303, 50.5, 831.5, 5.7, 11.1
4, 127622, 05/12/2018 11:40:03, 56.2, 99.6, 9.7, 6627.9, 338.9, 9.2, 1.5, 35, 296, 255, 130311.2, 366.8, 49, 809.9, 5.5, 8.4
4, 127623, 05/12/2018 12:00:03, 54.9, 115, 8.6, 22658.2, 249.9, 21.1, 4, 50, 336.9, 294.4, 152189.5, 142, 50.5, 898.1, 5, 6.8
4, 127624, 05/12/2018 12:20:03, 73.6, 146.2, 11.2, 8262.2, 159.6, 8.2, 12.4, 58.7, 489.9, 374.3, 139618.6, 150.8, 57.1, 1125.7, 4.1, 8.7
4, 127625, 05/12/2018 12:41:02, 73.6, 153.4, 10.5, 15298.4, 275.8, 14.7, 10.9, 40.3, 446.2, 392.8, 136732.2, 306.1, 56.8, 1169.9, 6.2, 9.3
4, 127626, 05/12/2018 13:00:02, 74.3, 153.5, 11.3, 20442.4, 437.5, 5.1, 13.7, 45.9, 440.6, 392.9, 160247.2, 264.5, 53.2, 1097.7, 4.6, 10.7
4, 127627, 05/12/2018 13:20:02, 78, 150.8, 12.8, 5700.4, 408.3, 10.1, 15, 30.6, 514, 386.1, 137854.9, 157.7, 55.4, 1212.1, 5, 11.3
4, 127628, 05/12/2018 13:40:07, 77.8, 132.2, 12.9, 20587.3, 334.1, 20.2, 6.6, 16.8, 683.1, 338.5, 135384.1, 445.2, 57.2, 1249, 4.8, 11.9
4, 127629, 05/12/2018 14:00:08, 71.8, 123.5, 12.5, 14848.4, 408.9, 13.3, 1.9, 4.3, 441, 316.1, 132306, 199.9, 57.7, 1243.5, 2.5, 10.9
4, 127630, 05/12/2018 14:19:07, 68.5, 114.1, 10.6, 2042.8, 365, 22.2, 0.9, 3.6, 400.1, 292.2, 105912.4, 159.5, 53.7, 1215.6, 2.2, 7.9
4, 127631, 05/12/2018 14:40:07, 69.9, 287.8, 10.8, 3569.1, 377.5, 17.4, 1.5, 7.8, 7178.2, 736.8, 135541.8, 458.6, 55.8, 1178.5, 2.7, 9.9
4, 127632, 05/12/2018 15:00:07, 76.6, 161.4, 12.5, 35655.6, 343.3, 11.2, 5.8, 18.7, 716.3, 413.1, 98225.3, 215.1, 60, 1215.4, 0.7, 10.2
4, 127633, 05/12/2018 15:20:07, 79.3, 153.7, 13.5, 5239.6, 403.5, 9.9, 12.4, 27.5, 601.7, 393.5, 182869.8, 209, 58.9, 1231.6, 0.3, 7.6
4, 127634, 05/12/2018 15:40:07, 69.2, 123.4, 12.7, 2993.9, 275.1, 12, 4.1, 26.4, 401.2, 316, 94136.5, 198.5, 60.3, 1270.5, 0.4, 8.5
4, 127635, 05/12/2018 16:00:07, 69.6, 123.5, 12.5, 23425.3, 268.9, 14.6, 3.6, 21.6, 421.5, 316.1, 135069.2, 137.9, 54.9, 1291.9, 0.3, 9.4
4, 127636, 05/12/2018 16:20:06, 66.7, 115.2, 11.4, 8163.3, 295.5, 6.3, 3.2, 8.9, 405.6, 294.9, 78036.6, 212.8, 51.2, 1282.1, 0.7, 7.6
4, 127637, 05/12/2018 16:40:07, 78.1, 117.4, 12.8, 5135.9, 275.8, 20.2, 3.8, 6.8, 551, 300.7, 96295.5, 153.3, 53.1, 1279.1, 0.7, 8.5
4, 127638, 05/12/2018 17:00:07, 85.9, 114.9, 14, 16323.7, 416.2, 9.7, 6, 8.6, 371.3, 294, 86912.8, 131.6, 54.9, 1294.4, 0.3, 9.5
4, 127639, 05/12/2018 17:19:06, 80.3, 106.3, 13.5, 5145.3, 273.3, 13.4, 3.3, 11, 326, 272.2, 78172.4, 200.3, 49.5, 1168.2, 7.1, 7.2
4, 127640, 05/12/2018 17:40:06, 79, 112.9, 12.1, 3458.7, 439.6, 18.5, 5, 14.1, 582.6, 289.1, 77400.5, 247.2, 45.1, 951, 3.7, 6
4, 127641, 05/12/2018 18:00:06, 76, 112, 12, 15871.1, 377.8, 18.5, 3.2, 23.3, 331.2, 286.6, 86237.4, 518, 44.7, 1033.4, 9.4, 7.3
4, 127642, 05/12/2018 18:20:06, 75.9, 95.7, 11, 2814.2, 276.9, 14.8, 2.1, 6.9, 327.6, 245, 111324.5, 496.4, 46.9, 1138, 0.7, 5.6
4, 127643, 05/12/2018 18:40:06, 74.6, 91.8, 11.8, 1239.6, 512.1, 21.4, 2.2, 1.1, 367, 235.1, 98480.8, 604.6, 47.8, 1265.2, 0.9, 7.1
4, 127644, 05/12/2018 19:00:11, 52.2, 64.8, 8.4, 13148, 281.8, 8.7, 0.5, 0, 212.1, 165.9, 78354.4, 589.2, 40.8, 949.6, 1.7, 8
4, 127645, 05/12/2018 19:20:11, 51.2, 59.8, 8.3, 2854, 265.3, 18.5, 0.5, 0, 206.4, 153, 72620.7, 794.2, 35.4, 693, 1.5, 6.3
4, 127646, 05/12/2018 19:40:11, 51.6, 59.9, 9.1, 5316.3, 242.7, 14.3, 0.6, 0.4, 202.1, 153.4, 69103.1, 627.6, 32, 634, 0.9, 5.9
4, 127647, 05/12/2018 20:00:10, 55, 70, 8.5, 15756.7, 247.3, 22, 1.9, 1.5, 309.7, 179.1, 74540.1, 596.4, 31.3, 673, 0.6, 8
4, 127648, 05/12/2018 20:21:11, 39.2, 44.8, 5.9, 4487.6, 202.3, 6.4, 0.4, 0, 136, 114.6, 74100.5, 871.5, 27.2, 526.9, 1.5, 5
4, 127649, 05/12/2018 20:40:11, 39.2, 47.6, 6.5, 4137.5, 224.7, 18, 0.5, 0, 274.9, 121.9, 77442, 704.5, 30.2, 609.4, 0.8, 5.5
4, 127650, 05/12/2018 21:00:10, 43.7, 57.3, 6.1, 23848.8, 118.9, 5.4, 0.4, 0.1, 205.3, 146.6, 85054.3, 407.6, 32.7, 696.5, 0.7, 8.4
4, 127651, 05/12/2018 21:19:10, 52.1, 57.9, 8.6, 5172.2, 182.8, 11.9, 1.2, 0.7, 275.6, 148.3, 91244.3, 627.5, 34, 719.6, 1.5, 5.6
4, 127652, 05/12/2018 21:39:10, 42.6, 58.3, 7.9, 2437.6, 223.7, 14.9, 0.5, 0, 335.5, 149.1, 87436.9, 730.3, 30.9, 654.1, 2.8, 6
4, 127653, 05/12/2018 22:00:11, 43.8, 52.2, 7.3, 12802.5, 201.8, 20.8, 0.5, 0, 191.3, 133.6, 80385.9, 878.9, 26.3, 513.4, 1.2, 5.9
4, 127654, 05/12/2018 22:20:11, 33.4, 37.9, 5, 2363, 161.8, 7.2, 0.4, 0, 144.9, 97, 81688.9, 811.1, 24.2, 441.7, 1.3, 3.8
4, 127655, 05/12/2018 22:40:10, 30.7, 32.7, 5, 4640.9, 124.1, 6.1, 0.4, 0, 103.5, 83.7, 66379.9, 914.4, 23.1, 425.8, 1.1, 3.9
4, 127656, 05/12/2018 23:00:10, 42.6, 61.8, 7.2, 17034.5, 158.2, 7.3, 0.5, 0.3, 327.3, 158.3, 63249.4, 923.9, 26.6, 600.5, 1.3, 6.6
4, 127657, 05/12/2018 23:19:10, 26.5, 32.3, 4.3, 5162.1, 112.9, 3.6, 0.3, 0, 122.1, 82.6, 63153.9, 853.5, 22.1, 448.5, 0.9, 4.8
4, 127658, 05/12/2018 23:40:10, 24.1, 23.8, 3.6, 2753.3, 114.4, 5.7, 0.3, 0, 74.7, 61, 58940.2, 390.1, 21.6, 419.1, 0.9, 3.8
