HOST, TIME, SNAP_ID, SYS_CPU, SYS_DBTIME, SYS_SYSPCT, SYS_READ, SYS_WRITE, SYS_REDO, SYS_OSWAIT, SYS_RMWAIT, SYS_ACTSESS_MAX, SYS_ACTSESS_AVG, SYS_PGA, SYS_PXRUNS, SYS_PXQCT, SYS_PXSRVT, SYS_UCALLS, SYS_IOWAIT
1, 27/12/2018 00:00:02, 128915, 69.5, 70.4, 17.8, 627.6, 353.8, 63.2, 1.7, 0.1, 237.7, 180.3, 28489.7, 368.2, 9.6, 201.5, 177.8, 12
1, 27/12/2018 00:20:02, 128916, 47.4, 73.6, 12.1, 7663.4, 270, 52.5, 1, 6.7, 373.3, 188.4, 25192.3, 725.3, 12.6, 213, 154.7, 7.8
1, 27/12/2018 00:40:01, 128917, 61.4, 105.4, 14.8, 7316.6, 266.3, 53.1, 4.2, 22, 329.5, 269.8, 25856.8, 414.4, 19.6, 273.4, 132, 8
1, 27/12/2018 01:00:01, 128918, 51.4, 121.7, 13.1, 2878.4, 188.5, 33, 2.6, 15.8, 406.7, 311.6, 23817.3, 994.5, 26.7, 391.6, 89.7, 10.3
1, 27/12/2018 01:20:01, 128919, 57.6, 86.4, 15.5, 4179.4, 206.8, 44, 1.1, 0.1, 409.5, 221.1, 23115.9, 746.3, 19.5, 285.6, 134.7, 12.2
1, 27/12/2018 01:40:02, 128920, 52.1, 106.3, 13.3, 1753.8, 273.5, 52.1, 1.1, 0.5, 367.3, 272.2, 23905.6, 725.2, 20.5, 287.9, 121.2, 12
1, 27/12/2018 02:00:01, 128921, 63.5, 105.9, 15.6, 6766.5, 279.3, 60.5, 1.4, 3.7, 383.4, 271, 25563, 854.2, 22.1, 277.2, 132.2, 18
1, 27/12/2018 02:20:02, 128922, 69.8, 95.5, 17, 4949.1, 240.5, 48, 2.1, 0.4, 314.1, 244.5, 32017.6, 798.6, 22.7, 280.9, 138.7, 18.2
1, 27/12/2018 02:40:01, 128923, 95.5, 117.5, 19.4, 6110.4, 221.8, 35.6, 12.9, 1.7, 390.9, 300.8, 49761.2, 931, 30.6, 469.9, 118.4, 17.6
1, 27/12/2018 03:00:01, 128924, 83.3, 126.9, 17.4, 5134.7, 183, 33.9, 13.5, 7.9, 394.1, 325, 48794.2, 1016.8, 26.3, 395.5, 93.7, 16.4
1, 27/12/2018 03:20:01, 128925, 67.8, 83.1, 15.3, 2592.3, 287.5, 37.3, 7.8, 4, 300.7, 212.7, 33828.9, 527, 22.2, 313.7, 118.4, 13.8
1, 27/12/2018 03:40:01, 128926, 34.1, 66, 9.7, 539.5, 234.3, 40.4, 0.8, 0, 270.8, 169, 28664.9, 358.9, 14.3, 151.1, 113.5, 32
1, 27/12/2018 04:00:01, 128927, 53, 81.9, 13, 2973.1, 258.4, 37.9, 1, 4.3, 297.7, 209.6, 54029.3, 494, 17.8, 251.7, 117, 9.2
1, 27/12/2018 04:20:01, 128928, 52.6, 56.9, 13.5, 1208.5, 437.6, 39, 1, 3.3, 202.4, 145.6, 47744.4, 329.6, 14.4, 171.9, 133.6, 9.2
1, 27/12/2018 04:40:01, 128929, 37.9, 58.1, 9.2, 808.6, 469.5, 30.4, 0.7, 1.8, 252.8, 148.7, 46823.5, 340.7, 11, 139.3, 86.1, 11.4
1, 27/12/2018 05:00:01, 128930, 45, 60.8, 10.6, 1226.4, 466.9, 35.5, 0.8, 0.6, 240, 155.6, 68889.8, 465.9, 10.4, 149.8, 105.1, 7.8
1, 27/12/2018 05:20:00, 128931, 49.4, 63.1, 12.2, 971.3, 504.2, 39.6, 0.9, 0, 282.3, 161.6, 71509.6, 372.9, 9.2, 113.8, 108.2, 6.5
1, 27/12/2018 05:40:01, 128932, 39.3, 52.5, 9.8, 723.5, 371.2, 32.2, 0.8, 0.9, 212.2, 134.4, 73965.1, 386.3, 9.3, 126.3, 123.8, 7
1, 27/12/2018 06:00:00, 128933, 56.5, 90.3, 13.7, 1143.7, 329, 43, 1, 0, 297.1, 231.1, 32092.9, 446, 10.3, 182.9, 117.2, 9.6
1, 27/12/2018 06:20:00, 128934, 65.5, 75.4, 16.6, 586.2, 367.6, 63.4, 1.2, 0.1, 294, 193.1, 25695.7, 328.4, 8.9, 127.7, 181.5, 6.8
1, 27/12/2018 06:40:00, 128935, 43.6, 49.1, 12.2, 261.5, 339.2, 63.9, 1, 0, 188.5, 125.7, 12778, 338.2, 5.3, 57, 168.4, 6.1
1, 27/12/2018 07:00:00, 128936, 38.3, 58.2, 11.4, 1297.6, 317.9, 53.7, 0.9, 0.3, 256.8, 149.1, 11273.6, 467.9, 5.3, 75.5, 144.6, 7.8
1, 27/12/2018 07:20:00, 128937, 42.8, 62, 13.2, 681.3, 383.7, 68.1, 1.1, 0, 253.3, 158.8, 10495.9, 396, 3.9, 37.8, 166.3, 7.2
1, 27/12/2018 07:40:00, 128938, 42.7, 53.5, 12.8, 128.8, 371.4, 73.2, 1, 0, 250, 137.1, 10478.7, 383.4, 3.2, 26.3, 174.9, 6.3
1, 27/12/2018 08:00:00, 128939, 64.2, 73, 18.2, 18463.4, 415.1, 85.6, 1.3, 0.1, 300.7, 187, 14543.1, 494.6, 6.8, 95.9, 192.3, 11
1, 27/12/2018 08:20:00, 128940, 63.9, 75.6, 18.6, 740.7, 431.5, 83.3, 1.4, 0, 324.1, 193.6, 13345.3, 382.6, 6.9, 126.3, 191.3, 11.7
1, 27/12/2018 08:40:00, 128941, 61.9, 62.1, 18.4, 351.9, 431.3, 81.2, 1.4, 0, 229.3, 159.1, 13568.7, 380.1, 5.1, 81, 197.6, 8.9
1, 27/12/2018 08:59:59, 128942, 62.4, 86.2, 17.1, 449.6, 382.9, 72.1, 1.4, 0, 364.8, 220.7, 21491.5, 400.1, 5.3, 105.9, 177.2, 7.3
1, 27/12/2018 09:20:00, 128943, 63, 90.6, 17.1, 2026.5, 364.4, 68.3, 1.7, 0.1, 379.6, 231.8, 18185.2, 361.7, 7.2, 156.2, 172.5, 8.9
1, 27/12/2018 09:39:59, 128944, 44.6, 68.3, 13.1, 1030.8, 366.7, 73.5, 1.1, 0, 298.7, 174.9, 10770.8, 282.4, 4.7, 78.3, 207.3, 4.9
1, 27/12/2018 09:59:59, 128945, 47.2, 61.3, 14.5, 1291.6, 329.1, 67.7, 1.2, 0.5, 257.5, 157, 16643.2, 374.4, 4.9, 64.4, 200.4, 8.4
1, 27/12/2018 10:19:59, 128946, 46.9, 59.2, 14, 1120.7, 361.7, 70.7, 1.1, 0, 225.4, 151.5, 11597.4, 213.5, 6.7, 108.8, 210.3, 6.1
1, 27/12/2018 10:40:00, 128947, 43.6, 51.4, 13.8, 163.8, 365.6, 66.9, 1.1, 0, 269.6, 131.5, 12191.6, 195.4, 4.2, 39.9, 209.2, 7.1
1, 27/12/2018 11:00:00, 128948, 39.1, 54, 12.6, 157.9, 355.2, 60.3, 1, 0, 189.6, 138.3, 10562.9, 205.6, 4, 38.3, 184.8, 11.4
1, 27/12/2018 11:19:59, 128949, 50.5, 70.9, 14.3, 2279.3, 367.3, 78.1, 1.1, 1.5, 336.9, 181.5, 11656.8, 276.9, 7.8, 129.8, 194.1, 6.9
1, 27/12/2018 11:39:59, 128950, 39, 57.9, 12.6, 239.6, 311.6, 60.3, 1, 0, 234, 148.3, 12834, 207.2, 5, 60.5, 181.6, 10.6
1, 27/12/2018 12:00:00, 128951, 46.1, 69.9, 13.3, 240.8, 313.9, 61.4, 1, 0, 312, 179.1, 12428.1, 153, 6.7, 65.1, 178.2, 9.8
1, 27/12/2018 12:19:59, 128952, 49.6, 59.8, 14.4, 640.5, 334.7, 64.7, 1.1, 0, 229.3, 153, 16481.9, 158, 6.7, 71.8, 173.8, 9.1
1, 27/12/2018 12:39:59, 128953, 39.3, 76.1, 11.7, 883.3, 338.8, 61.3, 1, 0, 307.4, 194.8, 18040.8, 206.5, 7.9, 119.9, 143.5, 13
1, 27/12/2018 12:59:59, 128954, 42.1, 59.6, 12.9, 407.2, 343, 61.1, 1, 0, 262.5, 152.5, 13335.1, 128.8, 5.5, 67.4, 150.3, 17.5
1, 27/12/2018 13:19:59, 128955, 39.6, 63.5, 12.2, 396.1, 341.1, 57.8, 1, 0, 288.7, 162.5, 13411.9, 143.2, 5.3, 67, 134.1, 16.2
1, 27/12/2018 13:39:59, 128956, 49.8, 66.3, 14.4, 1532.9, 380.1, 56.3, 1.1, 0.2, 257, 169.8, 14732.3, 198.7, 7.1, 132.6, 139, 18.6
1, 27/12/2018 13:59:58, 128957, 43.2, 72.2, 12.4, 272.9, 400.7, 60.2, 1, 0, 272.2, 184.8, 13431.5, 123.1, 4.4, 66.2, 138.6, 17.1
1, 27/12/2018 14:19:58, 128958, 48.2, 59.6, 13.8, 479.8, 375.9, 60.2, 1.1, 0.4, 253.5, 152.6, 39984.2, 202.2, 4.2, 64.6, 148.4, 17.9
1, 27/12/2018 14:39:58, 128959, 50.5, 70.2, 14.2, 1468.4, 335.5, 54.7, 1, 0.6, 284.4, 179.7, 52697.7, 236.7, 5.4, 89.5, 138.5, 17.4
1, 27/12/2018 14:59:58, 128960, 56.2, 74.8, 15.1, 567.9, 323, 59, 1.1, 0.2, 290.7, 191.5, 38303.7, 200.9, 5.9, 86.7, 143.7, 21.2
1, 27/12/2018 15:19:58, 128961, 51.6, 68.7, 13.8, 1029.5, 338.7, 61.7, 1.1, 0, 246.8, 175.9, 24581.6, 262.7, 5.6, 85.4, 143.6, 19.8
1, 27/12/2018 15:39:59, 128962, 50.5, 78.1, 14.3, 1099.6, 370.5, 62.8, 1.1, 0.1, 347.3, 200, 16893.4, 207.4, 6.2, 103.1, 136.9, 23.3
1, 27/12/2018 15:59:58, 128963, 59.5, 67, 16.1, 853.9, 417.9, 66.6, 1.3, 0.1, 277.6, 171.5, 14012.5, 150.2, 5.5, 98.1, 176.6, 16.7
1, 27/12/2018 16:19:58, 128964, 45.3, 55.5, 13.1, 1432.1, 376.7, 65.4, 1, 0.2, 210.8, 142, 17807.8, 265.5, 4.4, 62.2, 171.7, 9.6
1, 27/12/2018 16:39:58, 128965, 55.8, 64.3, 15.3, 1866.1, 488.8, 67.3, 1.1, 0.1, 255.6, 164.6, 33382.2, 235.2, 6.1, 120.8, 187.2, 9.4
1, 27/12/2018 16:59:58, 128966, 75.8, 103.3, 16.1, 6405.5, 378.4, 52.8, 3.3, 0.6, 423, 264.4, 64623.6, 183.9, 13.7, 216.9, 138.9, 7.5
1, 27/12/2018 17:19:58, 128967, 93.1, 98.7, 20.4, 10389.1, 414.3, 55.2, 10.5, 1.6, 298.6, 252.6, 50047.9, 216.7, 13, 246.1, 147.2, 11.3
1, 27/12/2018 17:39:58, 128968, 90.3, 106, 20.4, 12035.2, 452.9, 61.4, 16.4, 6.6, 361.9, 271.3, 51539.2, 298.7, 15.2, 281.6, 150.8, 11.2
1, 27/12/2018 17:59:58, 128969, 89.9, 150.6, 20.5, 5653.1, 376.1, 57.2, 21.4, 5.2, 545.7, 385.7, 62471.7, 238.8, 25.9, 467, 129.9, 37.4
1, 27/12/2018 18:19:58, 128970, 68.9, 131.7, 16.1, 1650.4, 422.7, 48.7, 5.8, 0, 472.2, 337.2, 54640.3, 281.7, 16.7, 262.3, 124.3, 21.4
1, 27/12/2018 18:39:57, 128971, 68.2, 80.7, 16.6, 1774.5, 588.7, 65.4, 1.4, 0.1, 375.2, 206.5, 58981.8, 260.8, 13.9, 223.4, 167.6, 10.4
1, 27/12/2018 18:59:57, 128972, 62.9, 87.7, 15.3, 1240.8, 515, 60.1, 1.6, 7.3, 338.1, 224.4, 69314.6, 157.8, 14.8, 258.2, 160.1, 12.7
1, 27/12/2018 19:19:57, 128973, 66.6, 73.5, 16.2, 1674, 395.7, 61.5, 1.2, 1.3, 234.3, 188.2, 65840.7, 199.4, 14.5, 251, 175.5, 13
1, 27/12/2018 19:39:58, 128974, 53.8, 87.6, 12.1, 636.3, 411.9, 48, 1, 0.5, 410.9, 224.3, 71258.1, 204.3, 13, 214.1, 130.7, 10.6
1, 27/12/2018 19:59:58, 128975, 78.4, 108.1, 16.5, 1219, 449.1, 54.3, 3.9, 1, 426.6, 276.7, 70806.8, 188.4, 18.9, 354.4, 130.3, 12.4
1, 27/12/2018 20:19:57, 128976, 59.1, 112.8, 13.8, 2498.2, 470.8, 37.7, 1.8, 14.3, 386.4, 288.8, 64124.2, 226.2, 25.3, 633.4, 56.6, 11.6
1, 27/12/2018 20:39:57, 128977, 72.9, 134, 19.5, 2974.3, 335.7, 34, 6.9, 7.2, 1686.5, 343.1, 62738.1, 248.3, 21.3, 520.5, 47.2, 20.2
1, 27/12/2018 20:59:57, 128978, 82.5, 208.1, 20.6, 2256.2, 465.7, 31.9, 4.7, 1.3, 4477.9, 532.6, 66243, 194.2, 22.6, 526.2, 50.1, 42.3
1, 27/12/2018 21:19:57, 128979, 95.9, 140.5, 22.4, 3290.8, 433, 47.2, 27.9, 10.3, 433.7, 359.7, 74025, 258.1, 21.3, 514.2, 104.7, 19.8
1, 27/12/2018 21:39:58, 128980, 94.4, 125.8, 20.8, 1510.1, 568.5, 36.1, 14.6, 1.1, 430.6, 322.1, 65634.1, 251.4, 17.7, 467.1, 89.1, 19.1
1, 27/12/2018 21:59:57, 128981, 86.9, 108.8, 19.6, 3105.5, 468.9, 37.7, 5.6, 2.5, 334.8, 278.4, 56842.1, 145.7, 13.8, 357.4, 112.4, 18.4
1, 27/12/2018 22:19:57, 128982, 77.9, 106.4, 17.8, 1299.2, 523.6, 31.8, 2, 4, 388.7, 272.3, 63632.9, 167.7, 13.7, 348.5, 95.9, 13.6
1, 27/12/2018 22:39:56, 128983, 69.2, 131, 17, 837.5, 425.2, 34.7, 1.3, 0, 1770.9, 335.4, 73807.9, 215.5, 11.7, 315.5, 126.9, 13.8
1, 27/12/2018 22:59:57, 128984, 80.6, 103.7, 18.8, 871.9, 267.2, 44.4, 2.6, 0.1, 355.8, 265.4, 74504.6, 177.6, 9.8, 291.5, 142.2, 13.1
1, 27/12/2018 23:19:57, 128985, 74.8, 114.7, 18.1, 1440.4, 217.3, 32.6, 2.8, 4.8, 423.1, 293.6, 53290.4, 145.5, 12.8, 379.9, 97.8, 14.2
1, 27/12/2018 23:39:56, 128986, 81.5, 98.2, 21.2, 1310.3, 229.5, 39.1, 2.9, 2.9, 301.6, 251.3, 58540.3, 208.5, 10.4, 334.7, 140.5, 15.6
2, 26/12/2018 23:59:19, 128915, 53, 71.5, 16.6, 3093.1, 293.4, 22.9, 1.1, 5, 235.2, 182.9, 39788.6, 114.3, 13.9, 309.9, 69.9, 23.7
2, 27/12/2018 00:19:18, 128916, 50.5, 93.9, 15.9, 8363.8, 320.3, 36.8, 1.5, 13.2, 412.4, 240.5, 41060.9, 71.5, 16.8, 318.5, 72.5, 24.1
2, 27/12/2018 00:40:18, 128917, 57.8, 118.6, 16.7, 6389.9, 442.2, 35.9, 1.3, 22.7, 398.7, 303.7, 66488.8, 77, 27, 377.6, 114.1, 16.9
2, 27/12/2018 01:00:17, 128918, 52.2, 124, 14.3, 2444.8, 380, 27, 1.1, 5.1, 409.6, 317.4, 73802.6, 53.9, 25.6, 367.5, 79.9, 18.6
2, 27/12/2018 01:20:18, 128919, 70.5, 109.7, 18, 28426.3, 480.9, 41.5, 3.6, 3.3, 430.6, 280.9, 76187.3, 67, 22.3, 383.2, 153.8, 23.7
2, 27/12/2018 01:40:18, 128920, 81.2, 124.7, 17.4, 77884.8, 365.6, 26.2, 3.7, 1, 415.7, 319.2, 61024.3, 131.4, 25.9, 527.7, 112, 20.5
2, 27/12/2018 01:59:18, 128921, 72.1, 96.8, 16.2, 34767.8, 344.2, 28.5, 1.4, 1.3, 292.6, 247.9, 53008.4, 161.1, 22.9, 423.6, 125.8, 19.4
2, 27/12/2018 02:19:18, 128922, 51.7, 72.2, 12.9, 12654.3, 296, 32.4, 1, 6.4, 250, 184.9, 49970.7, 118.2, 17, 245.3, 163.4, 12.6
2, 27/12/2018 02:39:17, 128923, 64.2, 83, 16.8, 2354.8, 201.9, 35.8, 1.3, 7.6, 249.2, 212.4, 55470.2, 123.7, 19, 301.7, 199.6, 16.7
2, 27/12/2018 03:00:18, 128924, 50.2, 84.5, 13.9, 1283.3, 177.8, 35.4, 1, 3.2, 326.7, 216.4, 38651.6, 41, 15.1, 270.4, 183.4, 18.5
2, 27/12/2018 03:20:17, 128925, 49.3, 58.8, 13.7, 1071.4, 235.3, 40.1, 1, 3.1, 203.9, 150.5, 34601.2, 44.2, 13.1, 230.2, 213.5, 17.6
2, 27/12/2018 03:39:17, 128926, 32.1, 59.4, 9.9, 389.5, 163.9, 33.9, 0.9, 1.5, 240, 152, 33727.1, 29.1, 11.4, 205.7, 211.3, 31.1
2, 27/12/2018 03:59:18, 128927, 33.5, 50.9, 10.2, 1392, 200.1, 26.8, 0.8, 0, 224.9, 130.2, 72053.4, 69.4, 13.2, 232, 120, 15.3
2, 27/12/2018 04:20:18, 128928, 38.3, 40.6, 11.7, 703, 477.5, 22.8, 0.8, 0, 137.4, 103.9, 59216.2, 56.9, 10.8, 205.9, 86.9, 14.9
2, 27/12/2018 04:39:17, 128929, 24.8, 29.6, 7.1, 1054.9, 487.3, 21.7, 0.6, 0.1, 152.9, 75.9, 52705.8, 70.1, 7.9, 146.1, 68.8, 13.4
2, 27/12/2018 04:59:17, 128930, 32, 47.2, 8.7, 5529.2, 388.7, 22, 0.7, 1.5, 251, 120.9, 59496.8, 117.8, 9.7, 175.4, 106.3, 14.9
2, 27/12/2018 05:19:17, 128931, 22.8, 35.6, 7.3, 1706, 151.1, 23.7, 0.6, 0.7, 167.4, 91.1, 51317.5, 79.1, 6.7, 121.1, 87.4, 6.5
2, 27/12/2018 05:39:17, 128932, 19.4, 28.1, 6.7, 2621.8, 121, 21.7, 0.5, 0.2, 129.4, 72, 57942.2, 171.3, 4.9, 94.9, 68.8, 4
2, 27/12/2018 06:00:17, 128933, 62.8, 98.9, 13.7, 2534, 503, 22.9, 1.1, 1, 371.2, 253.1, 101559.4, 93.1, 12.6, 318.6, 70.8, 7.9
2, 27/12/2018 06:20:16, 128934, 63.8, 73.2, 11.8, 1191.7, 267.2, 20.1, 0.8, 1.1, 292.7, 187.3, 76987.6, 80, 11.9, 301.9, 63.2, 6.4
2, 27/12/2018 06:40:17, 128935, 56.6, 59.2, 10.9, 753.5, 239.4, 22.4, 0.8, 0.2, 212.6, 151.5, 78722.4, 58.9, 10.1, 249.9, 63.3, 8.2
2, 27/12/2018 07:00:16, 128936, 61.4, 80.7, 11.8, 1631.3, 445.9, 25.6, 1.1, 0.3, 520.2, 206.5, 74113.6, 43.1, 13, 321.7, 78.6, 7.2
2, 27/12/2018 07:20:17, 128937, 73.5, 101.9, 14.2, 1084.9, 411.9, 27.2, 1.2, 0.7, 365.9, 260.8, 48360.6, 31.6, 14.4, 358, 82.3, 10.2
2, 27/12/2018 07:39:17, 128938, 45.1, 62.6, 11, 1092.4, 280.9, 32.6, 0.8, 0, 250.7, 160.4, 57629.1, 32.3, 10, 230.8, 99, 6.6
2, 27/12/2018 08:00:17, 128939, 57.2, 69.4, 14.2, 6790.7, 362.2, 44.9, 1.1, 0.4, 226.5, 177.5, 37812.6, 47.5, 11.6, 251.8, 140, 9.8
2, 27/12/2018 08:19:16, 128940, 46.7, 60.3, 11.7, 17561.8, 264.2, 41.7, 0.9, 0.1, 279.6, 154.4, 34864.6, 35, 9.9, 215.4, 115.7, 9.2
2, 27/12/2018 08:39:17, 128941, 42.3, 51.8, 11.9, 724.5, 360.4, 53.1, 0.9, 0, 228.6, 132.5, 27646.5, 42.8, 6.7, 170.1, 119.3, 10.1
2, 27/12/2018 08:59:16, 128942, 39.1, 66.9, 11.5, 322.3, 289.4, 65.6, 0.9, 0, 343.8, 171.3, 27883.4, 90, 4.4, 119.9, 150.1, 9.1
2, 27/12/2018 09:19:16, 128943, 44.2, 68.7, 12.7, 17027.2, 315.9, 65.3, 1, 0, 299.8, 175.9, 38400.9, 87, 6.5, 180.1, 151.2, 9.1
2, 27/12/2018 09:39:16, 128944, 48, 74.5, 12.6, 1632.4, 362.3, 66.5, 1, 0, 294.9, 190.7, 34796.6, 51.5, 6.6, 193.8, 154.3, 7.3
2, 27/12/2018 10:00:16, 128945, 41.6, 55.8, 12.3, 1245.7, 330.9, 68.4, 1, 0, 235.5, 142.9, 41117.8, 78.8, 6.1, 175.5, 177.6, 8.6
2, 27/12/2018 10:19:16, 128946, 47, 64.1, 13.9, 987.9, 386.6, 70.8, 1.2, 0, 239.4, 164.2, 26262.3, 53.8, 6.6, 189.7, 177, 7.8
2, 27/12/2018 10:39:16, 128947, 53.4, 73.1, 15.1, 487.9, 397.7, 74.6, 1.2, 0, 343, 187.1, 20913, 30.4, 5.8, 144.8, 187.4, 8.8
2, 27/12/2018 11:00:16, 128948, 34.6, 50.3, 11.4, 150.4, 322.2, 73.5, 1, 0, 225, 128.7, 17096, 38.8, 3.6, 91.6, 183.6, 9
2, 27/12/2018 11:20:16, 128949, 41.4, 54.8, 12.5, 970.5, 376.3, 74.8, 1, 0, 284.4, 140.3, 21685.4, 79.1, 5.8, 152.3, 180.6, 6.7
2, 27/12/2018 11:40:16, 128950, 40.6, 61.5, 11.9, 388.7, 296.9, 56.5, 1, 0, 246.4, 157.5, 17519.1, 62, 4.1, 106.9, 179.2, 7.1
2, 27/12/2018 11:59:16, 128951, 31.9, 53.4, 10, 6148.7, 259.2, 50.9, 0.8, 0, 282.5, 136.6, 11869.7, 44.1, 1.9, 28.6, 181.9, 6
2, 27/12/2018 12:19:15, 128952, 31.7, 37.1, 10.1, 638.4, 266.6, 51.7, 0.9, 0.2, 167.2, 94.9, 17699.5, 125.1, 2.3, 35.9, 186, 4.6
2, 27/12/2018 12:40:15, 128953, 38.3, 64, 11.4, 1523.6, 279.8, 58.6, 1, 0, 264, 163.9, 14459.7, 95.6, 3.4, 65.2, 192.4, 5.1
2, 27/12/2018 12:59:15, 128954, 36.9, 41.7, 11.9, 62.3, 372.3, 79, 1, 0, 231.2, 106.8, 11592.9, 59.9, 2, 29.6, 216.7, 5.6
2, 27/12/2018 13:19:15, 128955, 32.1, 39.4, 10.5, 47.8, 330.5, 74.8, 1, 0, 211.4, 100.9, 11483.5, 57, 1.1, 7.1, 190.1, 4.8
2, 27/12/2018 13:39:15, 128956, 47.8, 50, 14.2, 1928.9, 383, 77.2, 1.1, 0.1, 225, 127.9, 17292.2, 160.3, 4.4, 94.8, 186.2, 6.2
2, 27/12/2018 13:59:15, 128957, 38.2, 49.6, 11.6, 545.3, 370.4, 71.4, 1, 0, 229.9, 126.9, 12689.6, 48.2, 3.1, 49.9, 195.2, 5.9
2, 27/12/2018 14:19:15, 128958, 38.7, 41, 11.8, 1120, 333.3, 66.9, 1, 0, 206.7, 104.9, 14971.1, 103.8, 2.7, 40.1, 190.7, 5.2
2, 27/12/2018 14:40:15, 128959, 37.8, 43.5, 11.5, 1546.9, 326.8, 62.5, 0.9, 0, 212.7, 111.4, 15305.2, 61.1, 3.4, 75.2, 177.7, 5.1
2, 27/12/2018 14:59:15, 128960, 31.1, 34.1, 9.9, 546.8, 273.9, 54.3, 0.9, 0, 208.7, 87.3, 11147.4, 53.3, 2.1, 18.6, 178.1, 5
2, 27/12/2018 15:20:15, 128961, 35.7, 39.6, 11, 1649.8, 267.4, 52.7, 0.9, 0.4, 225.6, 101.2, 19806.3, 103.2, 3.2, 46, 172.5, 4.2
2, 27/12/2018 15:39:15, 128962, 35.4, 49.8, 10.9, 1176, 266.3, 53, 0.9, 0.1, 299.5, 127.4, 13400.4, 87.5, 5, 90.7, 166.7, 5.1
2, 27/12/2018 16:00:15, 128963, 53.6, 61, 13.2, 2012.8, 471.4, 50.9, 1, 0.5, 205.6, 156.2, 70710.4, 54.1, 6.6, 140.5, 158.8, 7
2, 27/12/2018 16:20:15, 128964, 59.2, 78, 14.4, 5998, 514.5, 62.9, 1.2, 2.3, 276.7, 199.8, 84572.5, 37.9, 6.2, 135.6, 164.6, 6.9
2, 27/12/2018 16:39:15, 128965, 66.8, 88.9, 16.5, 4387.3, 452.6, 73.9, 1.5, 4.9, 355.1, 227.6, 83809.4, 51.1, 7.5, 179.7, 177, 9.5
2, 27/12/2018 16:59:15, 128966, 58.6, 92.6, 14.5, 640.9, 498.5, 71, 1.2, 0.3, 367.1, 237.1, 80502.6, 302, 6.1, 129.2, 177.7, 6.5
2, 27/12/2018 17:19:15, 128967, 61.6, 67.6, 15.2, 574.1, 518, 77.6, 1.3, 0.1, 229.4, 173, 73811.3, 195.5, 6.3, 127.8, 168, 5.6
2, 27/12/2018 17:40:14, 128968, 50.3, 54.4, 12.6, 1087.6, 410.4, 73.1, 1.1, 0.1, 195, 139.3, 72591.8, 189.8, 7, 143.2, 155.4, 7.1
2, 27/12/2018 18:00:15, 128969, 52.4, 68.1, 12.9, 1429.4, 717.7, 65.1, 1.1, 1.3, 289.2, 174.3, 72866, 143.1, 8.9, 168.2, 141.6, 8.5
2, 27/12/2018 18:20:14, 128970, 45.4, 97.5, 11.8, 1090.6, 593.7, 54.7, 1, 0.5, 394.6, 249.6, 48984.7, 170.9, 7.1, 134, 125.2, 5.6
2, 27/12/2018 18:40:14, 128971, 45.4, 48.7, 11.6, 599.6, 568.7, 69.5, 0.9, 0.1, 182.9, 124.7, 46937.3, 144, 5.9, 84.4, 137, 5.7
2, 27/12/2018 19:00:15, 128972, 49.3, 61.8, 13.3, 3080.6, 503.8, 61.4, 1, 0.7, 226.1, 158.3, 50375.2, 222.6, 8.7, 148.7, 140.3, 7.8
2, 27/12/2018 19:20:14, 128973, 41.4, 48.8, 10.9, 1380.4, 302.8, 48.7, 0.8, 0, 190.9, 125, 48631.9, 208.9, 6, 93.2, 111.1, 6.4
2, 27/12/2018 19:40:14, 128974, 29.3, 52.3, 7.5, 590, 219.7, 40, 0.6, 0, 300.7, 133.9, 48866.2, 142.1, 4.9, 54.8, 87.8, 3.4
2, 27/12/2018 20:00:14, 128975, 34.7, 59, 10.1, 6925.2, 321.8, 64.7, 0.8, 0.3, 267.9, 151.1, 14949.9, 134.4, 7.4, 90.4, 141, 7.2
2, 27/12/2018 20:19:14, 128976, 43.5, 80, 12.1, 3224, 308.8, 43.4, 0.9, 3.2, 338.9, 204.9, 44918.1, 348.2, 13.6, 260.5, 85.8, 7.6
2, 27/12/2018 20:40:14, 128977, 38.2, 59.2, 9.6, 1626.3, 326.3, 43.3, 0.7, 0.2, 256.7, 151.6, 61392.3, 63.1, 9, 150.3, 72.8, 5.4
2, 27/12/2018 20:59:14, 128978, 32.7, 58.5, 9.5, 615.5, 299.3, 40.5, 0.7, 0, 268.6, 149.9, 44294.5, 39.9, 7.3, 124.7, 86, 10.3
2, 27/12/2018 21:20:14, 128979, 37.1, 54.3, 9.8, 3127.9, 275.8, 37.4, 0.7, 4, 226.2, 138.9, 43426.4, 324.8, 9.8, 186.4, 72.1, 5.2
2, 27/12/2018 21:40:14, 128980, 30.1, 50.2, 8, 900.1, 293.2, 32.1, 0.6, 0, 193.6, 128.6, 44786.9, 140.7, 6.8, 107.9, 82.5, 7.1
2, 27/12/2018 22:00:13, 128981, 32.8, 45.1, 7.6, 743.9, 222.4, 20.8, 0.6, 0, 175.7, 115.3, 45106.4, 69.6, 6.2, 115.3, 75.7, 6.1
2, 27/12/2018 22:19:14, 128982, 38, 62.4, 8, 3444.5, 118.8, 14.5, 0.6, 0.2, 268.3, 159.8, 19677, 167.8, 8.1, 186.6, 52.4, 3.8
2, 27/12/2018 22:40:14, 128983, 34.3, 62.7, 7.5, 1024.2, 129.5, 12.8, 0.5, 0, 251, 160.6, 15406.3, 50, 6.7, 144.4, 46.7, 4.1
2, 27/12/2018 23:00:13, 128984, 51.6, 87.7, 11.2, 2142.8, 332.8, 14, 0.9, 6.7, 283.1, 224.5, 28136.6, 131.8, 13.2, 240.7, 53.1, 6.6
2, 27/12/2018 23:19:13, 128985, 52, 79.6, 11.8, 2675.5, 369.5, 15.7, 0.9, 7.8, 275.9, 203.7, 25362.8, 154.8, 12.9, 266.9, 61.8, 8
2, 27/12/2018 23:39:13, 128986, 46.4, 59.9, 10.7, 1079.2, 410, 16.6, 0.9, 7.9, 199.9, 153.3, 25226.6, 78, 10.4, 190.3, 58.4, 6.6
3, 26/12/2018 23:59:39, 128915, 23.3, 31.4, 5, 19915.4, 110.2, 1.5, 0.4, 0, 233.1, 80.5, 28400.6, 435.2, 24.1, 263.9, 0.9, 3.9
3, 27/12/2018 00:19:39, 128916, 34.8, 123.4, 6.4, 10840.9, 51.1, 2.7, 0.5, 0.2, 396.1, 316, 69516.8, 558.4, 71.4, 549.6, 4.4, 5.2
3, 27/12/2018 00:39:39, 128917, 45.6, 142.8, 8.9, 4302, 141.2, 1.2, 0.6, 0.5, 473.3, 365.6, 82086.3, 314.7, 75.5, 671.4, 3.2, 6.1
3, 27/12/2018 01:00:38, 128918, 33.8, 126.5, 6.8, 15508.3, 377.7, 0.7, 0.5, 0.3, 467.3, 323.7, 53499, 313.5, 70.5, 734.3, 2.8, 3.5
3, 27/12/2018 01:21:39, 128919, 38.5, 130.3, 8.2, 4758.6, 297.9, 0.9, 0.6, 0.1, 778.5, 333.6, 68907.4, 350.2, 72, 743.6, 3.9, 7
3, 27/12/2018 01:39:38, 128920, 40, 117.3, 7.9, 6954.8, 429.3, 0.7, 0.6, 0.7, 485.2, 300.4, 71638.2, 324, 69.1, 705.9, 3.8, 7.2
3, 27/12/2018 01:59:39, 128921, 58.7, 128.3, 11.2, 18693.5, 342.6, 3.8, 0.7, 1.2, 577.7, 328.5, 68285.2, 658.7, 69.3, 780.3, 3.7, 10.7
3, 27/12/2018 02:19:39, 128922, 60.2, 113.3, 11.1, 7627.7, 245.2, 2.2, 0.7, 1.1, 348.9, 290, 73584.5, 324.1, 68.7, 736.8, 4, 7.3
3, 27/12/2018 02:39:38, 128923, 50.6, 90.3, 10.4, 24639, 390.8, 1.8, 0.7, 3, 286, 231.1, 73437.3, 319.5, 54.4, 661, 4.8, 8.7
3, 27/12/2018 02:59:39, 128924, 49.3, 77.8, 9.8, 24775.6, 409.9, 2.9, 0.7, 8.9, 313.6, 199.2, 54728.6, 351, 37.3, 620, 3.2, 9.6
3, 27/12/2018 03:19:38, 128925, 55.5, 72.4, 11.1, 13944.6, 395.4, 8.4, 0.7, 5.8, 234.2, 185.4, 49827.4, 377.5, 30.5, 518.2, 2.6, 17
3, 27/12/2018 03:39:38, 128926, 42.4, 90.4, 8.9, 65967, 220.8, 9.6, 0.7, 3.3, 320.5, 231.4, 70081.8, 307.7, 34.7, 636.7, 1.5, 47.7
3, 27/12/2018 03:59:38, 128927, 62.6, 100.3, 11.7, 24447.8, 487.9, 4.9, 1.4, 20.3, 397.3, 256.8, 93385.6, 380, 41.6, 784.6, 1.7, 17.8
3, 27/12/2018 04:20:38, 128928, 55.1, 80.2, 9.4, 7515.5, 582.1, 4.5, 0.8, 25.6, 229.6, 205.3, 93718.5, 393.4, 37.9, 632.3, 2.3, 15
3, 27/12/2018 04:39:38, 128929, 71.8, 98, 11.6, 10148.2, 441.8, 2.7, 2, 22.3, 382.5, 251, 78378, 316.9, 45.8, 677.6, 3.6, 14.7
3, 27/12/2018 04:59:38, 128930, 73.8, 115.9, 13.1, 29023.1, 682.8, 4, 4.8, 29.6, 399.3, 296.8, 106604.3, 261, 47.8, 964, 4.3, 16.4
3, 27/12/2018 05:19:37, 128931, 54.5, 73.1, 10.7, 7328.9, 630.6, 9.7, 0.9, 11.3, 265.9, 187.1, 96971.1, 282.8, 35.5, 943.5, 3.2, 10.7
3, 27/12/2018 05:39:38, 128932, 35.5, 46.6, 7.3, 2226, 216, 4.5, 0.5, 1.5, 193.3, 119.3, 100902, 218.8, 30.3, 719.6, 5, 9.9
3, 27/12/2018 06:00:37, 128933, 40.1, 65, 7.7, 34829.6, 252.4, 6.3, 0.6, 5, 302.3, 166.5, 49141.2, 260.9, 32.1, 663, 4, 10.1
3, 27/12/2018 06:19:38, 128934, 29.7, 50.5, 6.2, 4932.4, 176.7, 9.7, 0.5, 10.2, 180.7, 129.3, 72212.1, 229.4, 33.2, 526.9, 6.1, 9.1
3, 27/12/2018 06:39:37, 128935, 40.1, 55.9, 9.2, 4971.2, 163.6, 13.7, 0.7, 8.3, 214.7, 143.2, 76304.7, 183.1, 35.6, 626.1, 6.7, 12.4
3, 27/12/2018 06:59:38, 128936, 62.8, 80.9, 12.6, 14752.5, 519.5, 10.9, 0.8, 3.5, 262, 207.1, 76287.3, 276.7, 38.4, 813.9, 8.1, 11.8
3, 27/12/2018 07:20:33, 128937, 39.8, 59.9, 9.4, 3339.7, 255.7, 11.7, 0.7, 5.3, 203.8, 153.3, 84328.7, 231.4, 36.5, 616.9, 8, 8.5
3, 27/12/2018 07:39:32, 128938, 53.1, 77.2, 12, 4452.8, 305.4, 10.2, 0.8, 7.9, 273.3, 197.7, 99374.8, 245.6, 40.3, 754, 5.5, 10.5
3, 27/12/2018 07:59:32, 128939, 49.3, 60, 9.5, 20034, 410.7, 24.3, 0.7, 0.3, 217.8, 153.6, 78696.2, 396.9, 34.5, 700.4, 5.8, 10.7
3, 27/12/2018 08:19:32, 128940, 34.1, 44.8, 6.1, 8181.1, 282.9, 25.8, 0.4, 0.8, 225.6, 114.7, 72700.9, 302, 26.4, 555.4, 4.6, 7.1
3, 27/12/2018 08:39:32, 128941, 36.1, 53.2, 6.4, 4498.8, 359.9, 22.1, 0.8, 1.7, 434.8, 136.3, 45559, 305.3, 27.5, 567.5, 4.4, 7.8
3, 27/12/2018 08:59:32, 128942, 52.1, 91.1, 9.9, 24363.7, 214.3, 22.5, 1.5, 9.8, 455.5, 233.3, 141244.8, 404.7, 38.3, 979.7, 4.5, 11.3
3, 27/12/2018 09:19:32, 128943, 62.4, 96.5, 11.7, 4537.7, 669.2, 15.1, 1.1, 16.8, 389.7, 247, 101115.5, 363.2, 45.4, 1098.8, 7.5, 8.9
3, 27/12/2018 09:39:32, 128944, 55.3, 94.3, 9.4, 7602.3, 287.7, 20.9, 2.4, 21.5, 384.1, 241.3, 197252, 330.5, 44.1, 981.9, 7.3, 7
3, 27/12/2018 09:59:31, 128945, 58.2, 99.7, 10.7, 27836.5, 391.2, 17.3, 1.8, 28.6, 382.3, 255.2, 111528, 514, 47.2, 991.5, 7.1, 7
3, 27/12/2018 10:19:32, 128946, 49.6, 103.8, 9.1, 10314.5, 417, 6.2, 0.9, 43.9, 333, 265.6, 77165.8, 551.5, 49.1, 950.8, 6.4, 8
3, 27/12/2018 10:39:31, 128947, 39, 100.2, 7.9, 8560.7, 322.3, 4.4, 0.8, 49.9, 304, 256.4, 75561.5, 431.2, 49.2, 930.3, 7.1, 11.8
3, 27/12/2018 10:59:31, 128948, 43.9, 94.1, 8.7, 39594.1, 297.2, 14.6, 0.6, 38.9, 302.6, 240.9, 78145.5, 466.1, 45.2, 836.7, 7.2, 9.9
3, 27/12/2018 11:20:32, 128949, 38.1, 74.8, 7.1, 1953.3, 179.1, 16.5, 0.5, 28.7, 237, 191.5, 64983.8, 445.5, 43.1, 771.8, 8.1, 7
3, 27/12/2018 11:39:31, 128950, 32.8, 55.3, 6.8, 1566.6, 130.9, 5.4, 0.5, 12.5, 195.2, 141.6, 71844.2, 392.2, 37.8, 738, 10, 9.4
3, 27/12/2018 11:59:31, 128951, 43.8, 66.8, 9.3, 15426.8, 301.7, 9.1, 0.6, 13.4, 227.9, 171.1, 74597.9, 606.9, 38.4, 779.5, 9, 8.4
3, 27/12/2018 12:19:31, 128952, 47.5, 71.4, 8.7, 15069.5, 81.7, 3.8, 0.5, 7.6, 356.5, 182.7, 53968.5, 635.5, 36.3, 673, 10.8, 8.2
3, 27/12/2018 12:40:31, 128953, 27.8, 57.8, 7, 6897.7, 93.9, 4.4, 0.5, 0.8, 232.1, 147.9, 44895.9, 585.8, 38.9, 679.4, 14.6, 7.2
3, 27/12/2018 12:59:30, 128954, 37.7, 47.5, 8.8, 16593.3, 279.4, 6.5, 0.5, 0.5, 184.8, 121.6, 38796.4, 629.2, 33, 557.7, 10.1, 10
3, 27/12/2018 13:19:31, 128955, 21.8, 28.6, 5.9, 5172.9, 125, 3.4, 0.4, 0.5, 99.5, 73.3, 34802.3, 635, 26, 361.3, 10, 7.9
3, 27/12/2018 13:39:30, 128956, 28.1, 34.1, 6.9, 3257.3, 132.3, 1.8, 0.5, 2.9, 179.4, 87.2, 61435.1, 435.5, 26.9, 416, 9, 8.1
3, 27/12/2018 13:59:31, 128957, 49.6, 81.9, 9.6, 19261.8, 363.2, 3.6, 0.6, 20.5, 295.3, 209.8, 84122.3, 491, 39.1, 691.5, 6.2, 8.9
3, 27/12/2018 14:19:31, 128958, 37.5, 72.5, 7.5, 6019.6, 338.5, 2, 0.6, 30.2, 247.1, 185.7, 46016.2, 456.1, 35.1, 585.9, 5, 8.7
3, 27/12/2018 14:39:30, 128959, 26.2, 54.3, 5.9, 5893.2, 158.2, 1.3, 0.4, 26, 193.9, 139, 40176.6, 409, 35, 479.4, 6.1, 5
3, 27/12/2018 14:59:30, 128960, 39.2, 62.2, 8.1, 16781.8, 257.7, 6.3, 0.5, 18.9, 239.2, 159.3, 38330.7, 441.6, 34.2, 540.5, 6.3, 7.3
3, 27/12/2018 15:19:30, 128961, 23.8, 29.4, 5.5, 5537.2, 91.2, 1.9, 0.4, 2.8, 104.7, 75.3, 41798.8, 537.4, 26.2, 361, 9.4, 8.6
3, 27/12/2018 15:39:30, 128962, 19.2, 25.2, 5.3, 11490.2, 33.3, 1.7, 0.4, 0.1, 102.3, 64.5, 26754.4, 422.3, 23.9, 271.2, 10.5, 8.8
3, 27/12/2018 16:00:30, 128963, 27.4, 33, 6.7, 11690.2, 235.2, 1.8, 0.4, 0.3, 223.7, 84.4, 69145.7, 503.6, 26, 303.5, 13.3, 8.4
3, 27/12/2018 16:19:30, 128964, 24.9, 31.5, 6, 6916.3, 122.2, 2.4, 0.4, 1, 112.4, 80.6, 22184, 340.6, 26.2, 310, 13.1, 8.5
3, 27/12/2018 16:39:30, 128965, 22.5, 28.8, 6.2, 7302.2, 94.1, 2.9, 0.5, 1.2, 119.9, 73.6, 26227.7, 431.2, 24.7, 294, 11, 7.5
3, 27/12/2018 16:59:30, 128966, 27.3, 44.7, 6.4, 19272.7, 79.6, 4.9, 0.4, 6.8, 147.6, 114.5, 34926.4, 510.2, 30.5, 363.8, 9.5, 6.1
3, 27/12/2018 17:19:30, 128967, 29.6, 33.9, 8.7, 6898.1, 83.8, 1.9, 0.5, 2.5, 152, 86.9, 33041.5, 460, 29.2, 360.4, 13.4, 7.6
3, 27/12/2018 17:39:29, 128968, 26.9, 42.2, 6.8, 6850.4, 78.6, 1.7, 0.5, 16, 134.5, 108, 53156.9, 444.6, 30.8, 375.8, 8, 5.8
3, 27/12/2018 17:59:30, 128969, 33.7, 45.8, 7, 16036.8, 351.7, 4.2, 0.5, 8.9, 166.7, 117.2, 59957.6, 485.3, 30.2, 441.8, 6.7, 4.6
3, 27/12/2018 18:19:30, 128970, 21.6, 42.9, 4.5, 5257.8, 172, 1.9, 0.3, 2.2, 170, 109.9, 41381.4, 431.3, 25.5, 384.1, 7.1, 2.9
3, 27/12/2018 18:39:30, 128971, 22.9, 32, 4.3, 18536.8, 115.4, 2, 0.3, 10.4, 100.9, 81.9, 35966, 436, 24.6, 310, 6.9, 3.4
3, 27/12/2018 18:59:30, 128972, 35.8, 42.3, 6.4, 42541.2, 231.7, 4.9, 0.4, 8.1, 161.8, 108.4, 32842.4, 466.7, 26, 402.9, 8.2, 3.7
3, 27/12/2018 19:20:29, 128973, 20.7, 20.9, 4.5, 4620.6, 127.5, 5.3, 0.3, 0, 105.9, 53.6, 23693, 404.7, 26.1, 336.9, 10.5, 3.1
3, 27/12/2018 19:39:30, 128974, 16.4, 18.4, 3.3, 4882, 73.4, 4.5, 0.3, 0, 117.2, 47.2, 24220.3, 333.3, 24.9, 302.5, 8.8, 2.6
3, 27/12/2018 20:00:30, 128975, 21.4, 26.1, 4.2, 36561.6, 183.7, 13.3, 0.3, 0, 101.6, 66.8, 25741.3, 554.2, 24.9, 356.7, 10.5, 4.9
3, 27/12/2018 20:19:29, 128976, 20, 26, 4, 3590.2, 261.3, 13, 0.3, 0, 126, 66.5, 26119.4, 382.5, 25.1, 390.1, 9.8, 3.6
3, 27/12/2018 20:39:29, 128977, 19.1, 22.4, 4.2, 5645, 99.9, 5.2, 0.3, 0, 77.4, 57.3, 52772.3, 441.6, 25, 394.3, 9.7, 4.6
3, 27/12/2018 20:59:29, 128978, 31, 47, 6, 26712.6, 88.2, 7.1, 0.4, 0.2, 164.1, 120.2, 55589.9, 532.9, 26.2, 456.4, 9.7, 6.7
3, 27/12/2018 21:19:29, 128979, 27.5, 34.8, 5.8, 4642.4, 90.7, 4.3, 0.4, 0, 120.3, 89.1, 60347, 450, 22.4, 400.3, 12.3, 4.5
3, 27/12/2018 21:40:29, 128980, 27.8, 36.3, 5.6, 4422.5, 94.6, 9.4, 0.4, 0, 352, 93, 53122.4, 419.1, 22.6, 423.5, 8.8, 4.4
3, 27/12/2018 21:59:29, 128981, 46, 58.1, 8.6, 22592.6, 274.3, 8.2, 0.7, 2, 257.7, 148.7, 63700.7, 514.3, 28, 628.6, 8.9, 8.1
3, 27/12/2018 22:19:29, 128982, 24.5, 49.3, 6.4, 6827.2, 115.8, 5.8, 0.5, 0, 190.4, 126.1, 73935.2, 458.1, 27.4, 526.4, 9.6, 11.3
3, 27/12/2018 22:39:28, 128983, 22.4, 42.3, 5.7, 6264.8, 77.8, 4.5, 0.4, 0.1, 154.7, 108.2, 39366.8, 438.5, 27, 590.7, 9.3, 10.5
3, 27/12/2018 23:00:28, 128984, 23.7, 35.9, 5.2, 16869.2, 123.3, 9.5, 0.4, 0, 140.1, 92, 44085.8, 629.4, 22.4, 469.7, 10, 11.4
3, 27/12/2018 23:19:29, 128985, 17.8, 28.7, 3.7, 1644.9, 79.3, 7.7, 0.3, 0, 97.9, 73.6, 42977, 392, 20.3, 374.2, 9.9, 10.2
3, 27/12/2018 23:39:28, 128986, 20.3, 30.8, 4.6, 6122.4, 107.3, 10, 0.3, 0, 117.6, 78.8, 34652.2, 410, 21.3, 462.4, 10.7, 9.3
4, 26/12/2018 23:59:17, 128915, 29.6, 44.8, 7, 19026, 156.9, 6.5, 0.4, 0, 220.3, 114.8, 26413.1, 177.8, 25, 462.1, 5.8, 8
4, 27/12/2018 00:19:17, 128916, 40.4, 75.5, 9.7, 19252.2, 170.7, 3.2, 0.6, 0.9, 275.5, 193.4, 65817.5, 417.3, 41.2, 601, 5.8, 9
4, 27/12/2018 00:40:17, 128917, 70.8, 125.1, 14.6, 10989.1, 220.3, 2.7, 1.2, 15.9, 379.8, 320.3, 81082.1, 358.2, 58.3, 897.7, 2.6, 9.4
4, 27/12/2018 01:00:16, 128918, 68.2, 124.1, 12.3, 23598.8, 408.4, 3.5, 1.6, 21.5, 378.3, 317.8, 72898.5, 202.9, 53.6, 950, 1.1, 7.2
4, 27/12/2018 01:21:16, 128919, 56.8, 92.9, 12.8, 9979.2, 381.2, 2.9, 0.8, 9, 365, 237.9, 54766.7, 263.2, 49.7, 896.9, 2.5, 10.9
4, 27/12/2018 01:40:16, 128920, 35.6, 70.4, 7.3, 5067.7, 285, 2.2, 0.5, 1, 321.2, 180.3, 50112.6, 127.6, 43.5, 842.6, 2.2, 8.9
4, 27/12/2018 01:59:17, 128921, 55.5, 104.2, 13, 29484.8, 250.8, 1.6, 0.8, 13.1, 674.7, 266.8, 73130.9, 383.3, 47.8, 850.5, 3, 14.2
4, 27/12/2018 02:19:16, 128922, 48, 83.8, 11.5, 4385.3, 228.8, 1.4, 0.7, 13.1, 327.6, 214.6, 64086.5, 287.9, 40, 675.1, 2.9, 8.2
4, 27/12/2018 02:39:16, 128923, 50.5, 79.3, 12.9, 4823, 488.4, 1.6, 0.8, 12.9, 309.3, 203, 67244.2, 207.4, 38, 636.3, 2.8, 11.7
4, 27/12/2018 03:00:16, 128924, 69.2, 124.2, 14.3, 23533.9, 616.8, 3.8, 2.9, 23.9, 436, 318, 51102.6, 175.9, 43.2, 816.6, 1.8, 13.5
4, 27/12/2018 03:20:15, 128925, 64.5, 100.9, 13.4, 27207.3, 278.4, 1.1, 1.1, 17.6, 351, 258.4, 67412.2, 175, 37.4, 634.4, 1.6, 20.1
4, 27/12/2018 03:39:15, 128926, 62.1, 154, 13.7, 164410.9, 194, 12.7, 0.9, 5.3, 558.2, 394.1, 73610.2, 118.9, 45.1, 945.2, 1, 73.3
4, 27/12/2018 03:59:16, 128927, 66, 95.1, 14.6, 16984.3, 494.4, 12, 1.1, 8.3, 288.5, 243.3, 99501, 3845.7, 43.4, 878.6, 1.1, 18
4, 27/12/2018 04:20:15, 128928, 79.3, 89.6, 15.4, 8646.9, 461.2, 9, 2.2, 6.1, 307.5, 229.5, 75623.9, 4934, 37.8, 677.7, 2.1, 12.9
4, 27/12/2018 04:39:16, 128929, 70.2, 76.9, 14.9, 7502.2, 377.3, 6.4, 1.1, 0.4, 240.1, 196.8, 65166.5, 5217.9, 34.3, 696.3, 2.1, 17.7
4, 27/12/2018 05:00:15, 128930, 59.7, 74.2, 12.8, 30762.2, 296.3, 9.7, 0.8, 0.7, 279.1, 189.9, 69008.6, 3293.9, 38.6, 768.4, 9.8, 16.5
4, 27/12/2018 05:19:15, 128931, 52.4, 57.8, 10.5, 7771.8, 352.2, 10.5, 0.7, 2.1, 191.2, 148.1, 77174.2, 1867.2, 34.9, 606.5, 9.9, 11.1
4, 27/12/2018 05:39:16, 128932, 44.9, 55.7, 10.1, 8569.4, 164.2, 5.7, 0.7, 2.7, 214.8, 142.6, 78648.9, 3245.9, 36, 658.1, 6, 12.7
4, 27/12/2018 06:00:15, 128933, 36.7, 53.2, 8.9, 3520, 307.2, 2.5, 0.6, 2.3, 180.7, 136.3, 44371.9, 4173.8, 31.4, 639.9, 4.1, 8.2
4, 27/12/2018 06:20:15, 128934, 59.7, 73.9, 11.4, 4153.1, 471.5, 12.4, 2, 4.7, 266.4, 189.1, 58954.8, 173.2, 32.4, 692.4, 4.8, 10.9
4, 27/12/2018 06:40:16, 128935, 43.3, 57.9, 11.1, 12049.3, 410.7, 9.1, 0.7, 1.4, 218.8, 148.3, 82277.2, 171.6, 29.3, 494, 6.6, 14.3
4, 27/12/2018 07:00:15, 128936, 67.2, 116.5, 14.7, 35043.4, 398, 9.7, 1.9, 10.9, 420.8, 298.1, 73983.9, 161.8, 33.9, 814.4, 4.8, 16
4, 27/12/2018 07:19:20, 128937, 55.2, 80.8, 13.3, 8671.4, 592.9, 8.6, 1.1, 6.9, 280.9, 206.8, 99087.1, 105.4, 30.7, 626.2, 5.9, 11.4
4, 27/12/2018 07:39:25, 128938, 52.2, 71.5, 12.4, 9868.3, 226.2, 8, 0.7, 4.7, 242.7, 183.1, 94066.5, 393.4, 32.2, 577, 8.1, 11
4, 27/12/2018 07:59:24, 128939, 55.1, 78.3, 12.8, 22623.1, 220.8, 6.6, 0.8, 15.1, 260.1, 200.4, 107452.6, 185.7, 33.3, 576.8, 6.1, 12.9
4, 27/12/2018 08:19:25, 128940, 40.2, 56.8, 10, 21936.3, 144.5, 1.8, 0.7, 7.6, 206.7, 145.4, 43040.9, 130, 29.5, 467.3, 6.9, 11.6
4, 27/12/2018 08:39:25, 128941, 40.8, 52.4, 10.9, 20529.2, 148, 6.9, 0.7, 8, 163.7, 134.2, 34887, 87.2, 30, 497, 2.6, 13.9
4, 27/12/2018 08:59:25, 128942, 60.4, 109.9, 14.7, 32802.5, 182, 5.2, 3.6, 8.4, 460.9, 281.4, 63261.3, 168.4, 38.7, 1078.7, 2.6, 17.5
4, 27/12/2018 09:19:24, 128943, 52.3, 71.2, 12.5, 20646.6, 160.3, 14.6, 0.9, 0.6, 243.5, 182.3, 42678.9, 120.1, 38.6, 1152.7, 2.5, 16.1
4, 27/12/2018 09:39:25, 128944, 44, 62.8, 11.6, 6272.3, 113.1, 7, 0.7, 8.8, 210.5, 160.7, 39364.8, 178.4, 38, 866.2, 4, 11.6
4, 27/12/2018 10:00:24, 128945, 64.6, 87.6, 17.2, 30917.4, 121.6, 10.5, 1.9, 2.3, 332, 224.3, 77324.4, 184.2, 45.1, 1017.1, 3.7, 17.9
4, 27/12/2018 10:19:24, 128946, 69.3, 93, 16.5, 4828.6, 233.6, 7.9, 2.9, 9.9, 373.9, 238, 60482.2, 159.2, 44.2, 1091, 3.9, 12.8
4, 27/12/2018 10:39:24, 128947, 52.5, 77, 13, 7499.1, 162.9, 16.7, 0.9, 11.9, 332.8, 197.2, 48062.3, 192, 41, 952.4, 3.5, 10.9
4, 27/12/2018 11:00:24, 128948, 63, 79.3, 14.1, 23975.5, 258.4, 7.7, 0.9, 5.5, 281.1, 202.9, 79040.5, 311.1, 34.6, 742.9, 4, 11.5
4, 27/12/2018 11:20:24, 128949, 57.2, 67.7, 13.2, 6862, 218.6, 26.3, 0.7, 0.1, 250.9, 173.2, 43798.5, 748, 34.4, 746.5, 6.5, 9.3
4, 27/12/2018 11:39:24, 128950, 60.7, 78.1, 12.9, 15105.6, 179.9, 10.7, 0.7, 5.3, 246.9, 199.9, 42545.4, 956.1, 33.1, 716.8, 3.7, 8.8
4, 27/12/2018 11:59:24, 128951, 60.5, 77.9, 12.6, 22223, 143.7, 12.3, 2.2, 3.8, 261.1, 199.4, 75441, 617, 32.2, 723.2, 3.7, 9.7
4, 27/12/2018 12:19:24, 128952, 75.7, 104.3, 16.7, 2860.4, 306.8, 31, 3.5, 15.5, 371.5, 267.1, 96750, 705.5, 37.1, 780.6, 4.4, 12.2
4, 27/12/2018 12:40:23, 128953, 85.9, 108.8, 19.2, 4916.5, 462.5, 9.3, 5.6, 4.9, 324.2, 278.5, 65221, 508.5, 42, 854.6, 3.2, 18.1
4, 27/12/2018 12:59:23, 128954, 60.3, 75.7, 12.1, 19288.8, 303, 20.7, 0.8, 7.4, 258.6, 193.7, 52985.1, 862.3, 33, 711.3, 3.5, 10.4
4, 27/12/2018 13:19:24, 128955, 48.7, 53.9, 9.8, 1307.9, 231.1, 14.4, 0.7, 1.9, 175.1, 138.1, 37230.5, 970.1, 27, 544.8, 5.6, 8
4, 27/12/2018 13:39:24, 128956, 52.4, 58.6, 10.2, 5669.9, 171.3, 15.7, 3.1, 6.4, 275.7, 150, 70748.8, 1017, 25.8, 546.3, 5.5, 6.5
4, 27/12/2018 13:59:23, 128957, 71.9, 84.2, 12.2, 21976.1, 280.7, 22.9, 1, 4.3, 306.3, 215.5, 64661.7, 546.1, 30.9, 795.8, 4, 7.9
4, 27/12/2018 14:19:24, 128958, 62.2, 64.9, 10.3, 3501.3, 137.2, 8.4, 0.7, 0.8, 210.8, 166.1, 59589.8, 724.3, 25.9, 643.7, 4.1, 7
4, 27/12/2018 14:39:23, 128959, 63.3, 66.1, 11, 4409.3, 253.4, 21.4, 0.6, 0.7, 224.7, 169.3, 61199.5, 617.2, 22.9, 526.2, 3.5, 7.2
4, 27/12/2018 14:59:23, 128960, 58.7, 64.8, 9.9, 23596.5, 209, 6, 0.8, 1.7, 245.9, 165.9, 74506.9, 725.8, 23, 549.9, 4.2, 6.2
4, 27/12/2018 15:20:23, 128961, 51.7, 70.2, 9.8, 2261.6, 256.1, 20.6, 0.8, 8.3, 382.8, 179.6, 81335.1, 735.2, 28.6, 776.4, 5.7, 7.5
4, 27/12/2018 15:39:23, 128962, 51.3, 55.1, 8.9, 1440, 300.6, 12.5, 0.6, 0.2, 201.4, 141.1, 38578, 838.2, 22, 594.9, 7.3, 7.8
4, 27/12/2018 16:00:23, 128963, 42.9, 49.3, 8, 20050.3, 188.9, 23.5, 0.5, 0, 154.3, 126.2, 33441.5, 812, 19.3, 442, 4.7, 10.4
4, 27/12/2018 16:19:23, 128964, 46.1, 60.1, 9.1, 2681, 140.7, 13.3, 2.3, 6.8, 359.6, 153.8, 46217.9, 891.8, 22.8, 520, 2, 12
4, 27/12/2018 16:39:22, 128965, 48.2, 55.8, 9.5, 2391.6, 342.2, 12, 0.6, 0.8, 223.7, 142.8, 36122.3, 1220, 19.9, 544.1, 1.4, 11.5
4, 27/12/2018 16:59:23, 128966, 39.6, 49.8, 7.6, 18504.5, 340.2, 15.5, 0.7, 0.7, 153.9, 127.5, 86699.2, 291.8, 19.9, 536.3, 0.4, 10.9
4, 27/12/2018 17:19:23, 128967, 54.6, 67, 10.5, 1510.6, 350.4, 8.6, 0.7, 0.8, 272.5, 171.6, 64071.9, 310.9, 21.5, 573.7, 0.8, 11.3
4, 27/12/2018 17:39:22, 128968, 51.6, 62.5, 9.7, 3551.5, 249.5, 17.8, 1, 2, 310, 160, 74307.7, 267.9, 23.7, 549.3, 1.4, 10.4
4, 27/12/2018 18:00:22, 128969, 37.9, 50, 8, 23401.9, 226.4, 0.7, 0.5, 1.6, 147.9, 128, 29388.6, 881.2, 20.7, 431.7, 1.5, 11.5
4, 27/12/2018 18:19:23, 128970, 34.4, 54.6, 7, 2300.9, 108.8, 12.4, 0.5, 3.8, 189.6, 139.8, 33755.2, 1102.5, 21.1, 407, 1.3, 8.9
4, 27/12/2018 18:39:22, 128971, 32.4, 41.9, 7.3, 4392.7, 117.7, 7.1, 0.5, 1, 144, 107.4, 22126.7, 772.7, 17.1, 313.5, 1, 10.3
4, 27/12/2018 19:00:22, 128972, 31.8, 46.7, 7.7, 21432.2, 94, 1.6, 0.5, 0, 163.1, 119.6, 55368.1, 145, 23.6, 462.4, 3.4, 10.6
4, 27/12/2018 19:20:22, 128973, 41.5, 80.2, 8.5, 2611.5, 399.2, 48.2, 3.4, 10.2, 469.5, 205.3, 24759, 104.8, 25.8, 629, 1.8, 15
4, 27/12/2018 19:40:23, 128974, 24.6, 38.5, 5.7, 1373.9, 117.8, 23.1, 0.5, 0, 175.9, 98.6, 28984.9, 176.3, 14.9, 263.4, 1.3, 11.5
4, 27/12/2018 20:00:22, 128975, 34, 55, 7.1, 17147.3, 273, 18.5, 0.5, 0.1, 291.5, 140.9, 31666.3, 159.1, 15.1, 289.7, 1.5, 12
4, 27/12/2018 20:19:22, 128976, 49.1, 110.1, 7.7, 3274.9, 365.3, 84, 3.7, 23.8, 488.9, 281.8, 52716.9, 88.2, 22.9, 846.2, 1.2, 12.6
4, 27/12/2018 20:39:22, 128977, 50.9, 107, 7.3, 693, 368.3, 85.4, 5.1, 26.9, 464.2, 273.8, 35399.3, 81.8, 23.4, 894, 2.3, 12.6
4, 27/12/2018 20:59:22, 128978, 35.9, 157, 7.4, 17054.3, 351, 42.8, 1, 8.5, 594.7, 401.9, 22508.1, 98.8, 24.1, 958.7, 3.2, 18.6
4, 27/12/2018 21:19:27, 128979, 21.9, 134.3, 4.9, 2168, 170, 38.1, 0.5, 1.1, 556.9, 343.8, 41511.4, 97.7, 22, 841.6, 4.4, 5.5
4, 27/12/2018 21:40:26, 128980, 22, 119.4, 4.4, 4226.5, 139.1, 32.4, 0.5, 1.2, 496.9, 305.7, 29178.8, 99.2, 19.7, 799.2, 1.9, 7.2
4, 27/12/2018 21:59:27, 128981, 48.2, 108.2, 7.1, 16205.8, 266.9, 57.2, 3.2, 29.7, 512.6, 276.9, 28298.1, 156.2, 22.2, 915.6, 1.4, 10.7
4, 27/12/2018 22:19:26, 128982, 43.8, 116, 6.8, 1684.6, 363.1, 81.1, 5, 22.9, 528.2, 296.9, 35398.4, 121.4, 22.4, 918, 1.2, 8.8
4, 27/12/2018 22:39:26, 128983, 32.4, 76.9, 7.3, 814.9, 214.9, 38, 3, 9.6, 522, 196.9, 47118.7, 127.5, 17.7, 569.8, 0.9, 9.6
4, 27/12/2018 23:00:26, 128984, 27.4, 46.5, 7.3, 22069.5, 96.9, 17.6, 0.5, 0, 193.9, 119.1, 25874.9, 178.9, 12.9, 290.9, 0.3, 11.9
4, 27/12/2018 23:19:26, 128985, 21, 38.5, 5.9, 4869.6, 85.6, 17.9, 0.4, 0, 161.2, 98.5, 20515.2, 157.3, 11.5, 187.1, 0.4, 10.8
4, 27/12/2018 23:39:26, 128986, 28.8, 122.2, 7.2, 950.4, 140.2, 28.9, 0.6, 1.3, 539.5, 312.7, 27016.2, 127, 22.7, 932.9, 0.3, 9
