HOST, TIME, SNAP_ID, SYS_CPU, SYS_DBTIME, SYS_SYSPCT, SYS_READ, SYS_WRITE, SYS_REDO, SYS_OSWAIT, SYS_RMWAIT, SYS_ACTSESS_MAX, SYS_ACTSESS_AVG, SYS_PGA, SYS_PXRUNS, SYS_PXQCT, SYS_PXSRVT, SYS_UCALLS, SYS_IOWAIT
1, 29/12/2018 23:59:47, 129131, 45.8, 43.6, 12.6, 634.2, 609.9, 30.2, 0.9, 0, 134.4, 111.6, 26605.1, 400, 6.3, 168.4, 108.6, 8.2
1, 30/12/2018 00:19:46, 129132, 51, 74.1, 12, 14473.2, 633.5, 40.4, 0.9, 13, 341.2, 189.7, 31063.9, 507.3, 12.6, 238.7, 113.4, 8.5
1, 30/12/2018 00:40:46, 129133, 59.3, 98.9, 13.9, 5571.3, 591.8, 46.6, 1.6, 26.9, 331.4, 253.3, 30050.6, 393, 20.2, 285.6, 103.1, 5.9
1, 30/12/2018 00:59:46, 129134, 56.5, 85.2, 13.3, 2175.7, 580, 31.5, 1.2, 23.2, 264.3, 218, 46297.8, 917, 20.3, 280.8, 70, 11.1
1, 30/12/2018 01:19:46, 129135, 55.3, 72, 12.4, 2646.6, 511.8, 23.7, 1.3, 9.9, 276.1, 184.4, 50581.6, 844.8, 15.1, 226.5, 59.9, 16
1, 30/12/2018 01:39:46, 129136, 53.9, 66.6, 12.6, 1724.9, 523.8, 29.7, 0.9, 3.7, 240.6, 170.4, 24076.2, 911.2, 14.5, 212.3, 66.3, 15.8
1, 30/12/2018 01:59:46, 129137, 51.6, 60.1, 11.8, 821.7, 539.9, 40.8, 0.9, 2, 218.9, 153.8, 24399.1, 879.2, 11, 144.7, 66.9, 11.8
1, 30/12/2018 02:19:46, 129138, 56.1, 66.1, 11.9, 1380, 557.2, 35.5, 0.9, 9.1, 232.1, 169.2, 31553.6, 876.9, 12.3, 196.4, 57.4, 7.5
1, 30/12/2018 02:39:46, 129139, 57.8, 63.8, 12.8, 2145.7, 641.4, 23.3, 0.9, 6.3, 217.7, 163.3, 25412.3, 646.5, 13, 202.6, 57.3, 9.8
1, 30/12/2018 02:59:46, 129140, 44.5, 57.3, 10.1, 968.2, 669.7, 26.4, 0.8, 3.3, 198.5, 146.8, 25008.2, 344.7, 11, 167.1, 52.8, 16.9
1, 30/12/2018 03:19:45, 129141, 41.9, 55.9, 10.4, 1090.4, 665.3, 28.9, 0.8, 0, 169.9, 143, 33056.8, 397, 11.5, 184, 50.8, 24.7
1, 30/12/2018 03:39:45, 129142, 48.3, 47.4, 12, 669.4, 624.3, 29.3, 0.9, 0, 190.7, 121.3, 28155.8, 379.3, 8.7, 152.3, 59.7, 7.9
1, 30/12/2018 03:59:45, 129143, 35.8, 44.9, 8.3, 992, 617.5, 20.4, 0.6, 0, 162.3, 114.9, 57329.7, 345.2, 7.7, 146.1, 28.8, 5.8
1, 30/12/2018 04:19:46, 129144, 45.4, 62.8, 10.5, 2037.2, 741.6, 28.6, 0.7, 0.1, 248.8, 160.7, 53709.6, 355.1, 6.9, 145.4, 64.5, 4.7
1, 30/12/2018 04:39:45, 129145, 52.3, 74.8, 12.4, 1823, 841.6, 35.4, 0.9, 3.1, 252.2, 191.5, 49306.9, 377.9, 7.3, 128.5, 75.8, 13.9
1, 30/12/2018 04:59:45, 129146, 51.5, 65.2, 12.8, 1225.8, 752.3, 28.1, 0.9, 0.5, 267.2, 166.9, 55053.4, 368.5, 6.5, 134.4, 96.3, 19.1
1, 30/12/2018 05:19:45, 129147, 49.1, 64.6, 12.1, 1847, 688.7, 11.1, 0.9, 0.7, 245.1, 165.3, 50433.5, 356.4, 7.2, 157.6, 58.1, 16.9
1, 30/12/2018 05:39:45, 129148, 30.4, 43.3, 8.6, 282.7, 571.4, 8.2, 0.7, 0, 163.3, 110.7, 48497, 395.2, 3.9, 82.7, 45.7, 15.9
1, 30/12/2018 05:59:45, 129149, 54.1, 65.6, 13.3, 1733.9, 558.6, 10.2, 0.9, 0.7, 203.1, 168, 28368.7, 369.6, 7.4, 202.2, 51.7, 20.5
1, 30/12/2018 06:19:45, 129150, 37.2, 45.7, 10.5, 414.8, 572.8, 12.6, 0.8, 0, 157.8, 117.1, 21981.3, 361, 4.1, 89, 63.1, 18.1
1, 30/12/2018 06:39:45, 129151, 49.4, 60.7, 12.6, 1091.6, 593.6, 22.8, 0.9, 0.5, 199, 155.5, 26409.5, 426.3, 5, 123.5, 66.7, 16.2
1, 30/12/2018 06:59:45, 129152, 39.1, 53.6, 10.1, 629.5, 643.3, 37, 0.8, 0, 173.2, 137.2, 24444.5, 363.6, 3.7, 80.3, 74.8, 20
1, 30/12/2018 07:19:44, 129153, 32.1, 64.6, 7.6, 102.3, 641.3, 35.4, 0.6, 0, 259.7, 165.4, 22323, 349.3, 4.1, 58.4, 62.4, 16.6
1, 30/12/2018 07:39:44, 129154, 54.5, 53.9, 13.8, 961.6, 631.4, 41.9, 1, 0, 179.2, 138, 30107.9, 406.3, 5.6, 92.1, 104.6, 7.1
1, 30/12/2018 07:59:45, 129155, 44.9, 68.3, 11.9, 6136, 656.7, 36.2, 0.9, 0, 277.9, 175, 26736.2, 341.2, 5.9, 122.5, 70, 9
1, 30/12/2018 08:19:45, 129156, 34.5, 33, 9.6, 338.6, 604.6, 17.5, 0.8, 0, 109.1, 84.6, 22290, 323.5, 3.8, 69.7, 77, 6.9
1, 30/12/2018 08:39:44, 129157, 32.9, 35.8, 8.9, 16972.1, 593.5, 17.4, 0.7, 0, 135.9, 91.6, 28344, 405, 4.1, 75.8, 71.4, 6.7
1, 30/12/2018 08:59:44, 129158, 32.9, 35.2, 9.2, 651.3, 594, 19.8, 0.7, 0, 122.6, 90.2, 23016, 322.9, 4.5, 83.3, 71, 8.2
1, 30/12/2018 09:19:44, 129159, 30.4, 29.8, 7.9, 1100.9, 635.8, 22.1, 0.6, 0, 131, 76.3, 23288.6, 327.2, 3.7, 56.1, 76.3, 4.8
1, 30/12/2018 09:39:45, 129160, 33.4, 33.6, 8.3, 2415.7, 638.4, 27.2, 0.7, 0, 123.3, 86, 25710, 475.8, 3.7, 64.9, 73.6, 4.4
1, 30/12/2018 09:59:44, 129161, 33.5, 39.9, 8.5, 876.9, 631.4, 28.6, 0.7, 0, 279.4, 102, 21234.7, 326.8, 2.9, 54.3, 70, 5.8
1, 30/12/2018 10:19:44, 129162, 23.2, 36.6, 5.9, 32.5, 686, 23.7, 0.5, 0, 208.8, 93.6, 21057.1, 372.4, 1.1, 5.6, 67.1, 2.7
1, 30/12/2018 10:39:44, 129163, 28.6, 25.7, 7, 1653.2, 656.5, 21.4, 0.6, 0, 131.6, 65.8, 21337.2, 507.4, 2.8, 38.3, 76.5, 3.9
1, 30/12/2018 10:59:44, 129164, 19.7, 25.5, 4.9, 22.6, 645, 18.8, 0.5, 0, 144.1, 65.4, 21187, 395.9, 1.1, 9.7, 60.5, 3
1, 30/12/2018 11:20:44, 129165, 38.5, 38.3, 9.8, 1539.2, 545.1, 28.3, 0.8, 0, 191.4, 98, 29925.3, 433.6, 3.4, 61.9, 75.4, 5.2
1, 30/12/2018 11:39:43, 129166, 47.9, 45.1, 11.7, 589.4, 662.9, 42.9, 0.9, 0, 180.4, 115.5, 22640.2, 388.7, 2.8, 45, 85.3, 6.7
1, 30/12/2018 11:59:43, 129167, 46.9, 48.7, 11.6, 1243.3, 684.6, 46, 0.9, 0, 221.6, 124.6, 26277.7, 377.5, 2.8, 39.5, 94.3, 7
1, 30/12/2018 12:19:44, 129168, 37.3, 37.8, 8.4, 813.5, 689.9, 28.9, 0.6, 0, 199.1, 96.8, 22529.4, 356.4, 3.3, 54.1, 68, 4.3
1, 30/12/2018 12:39:44, 129169, 24.6, 27, 5.1, 1052.3, 604.7, 15.9, 0.4, 0, 189.3, 69.2, 21655.5, 444.6, 2.7, 44.5, 55.3, 1.9
1, 30/12/2018 12:59:44, 129170, 20.1, 19.5, 4.8, 101.4, 582.1, 17.7, 0.4, 0, 104.9, 50, 21043.7, 356.7, 1.2, 9.9, 58.7, 2.4
1, 30/12/2018 13:19:43, 129171, 24.7, 19.8, 5.7, 882.6, 613, 15.7, 0.5, 0, 107.7, 50.6, 22345.7, 441.3, 2.4, 34, 58.4, 2.3
1, 30/12/2018 13:39:44, 129172, 33.8, 26.8, 8.2, 227.6, 678.3, 31.1, 0.7, 0, 139.7, 68.5, 22500.3, 387.6, 2, 20.3, 74.2, 4.8
1, 30/12/2018 13:59:43, 129173, 41.4, 43.3, 10.3, 1742.4, 681.5, 42.3, 0.8, 0, 225, 110.8, 24254.6, 439.6, 2.6, 34.7, 77.8, 6.1
1, 30/12/2018 14:19:43, 129174, 37.1, 43, 9.6, 269.7, 700.7, 44.1, 0.8, 0, 212.3, 110, 21065.2, 377.7, 1.4, 11.6, 81.1, 4.8
1, 30/12/2018 14:39:43, 129175, 33.4, 31.7, 8.6, 53.2, 662, 39.7, 0.7, 0, 104, 81.2, 21062.7, 382.3, 1, 5, 88.8, 11.4
1, 30/12/2018 14:59:43, 129176, 44.1, 35.3, 11, 1075.4, 650.7, 43.3, 0.8, 0, 146.6, 90.4, 21490.9, 424.8, 2.2, 32.2, 78.4, 7.8
1, 30/12/2018 15:19:43, 129177, 34.9, 35.7, 8.7, 49.8, 693.7, 41.8, 0.7, 0, 185.2, 91.5, 21173.3, 365, 1, 5.1, 82.6, 3.4
1, 30/12/2018 15:39:43, 129178, 43.4, 38.1, 10.7, 963.7, 684.7, 50.2, 0.9, 0, 209.1, 97.5, 22815.8, 438, 2.5, 35.9, 106.5, 3.4
1, 30/12/2018 15:59:43, 129179, 46.7, 39.1, 9.4, 1571.2, 720.2, 32.9, 0.7, 0, 177.5, 100, 68374.2, 216.8, 4.6, 82, 66.4, 4.6
1, 30/12/2018 16:19:43, 129180, 60.2, 55.9, 11.6, 873.6, 734.2, 37, 0.9, 0, 298.2, 143.2, 74237.3, 346.2, 4, 85.1, 73.5, 3.9
1, 30/12/2018 16:39:43, 129181, 65.4, 59.7, 11.9, 2210.1, 820.6, 37.2, 1.1, 0, 211.4, 152.7, 68632.6, 361.6, 6.4, 153, 65.4, 4.8
1, 30/12/2018 17:00:42, 129182, 54.9, 47.1, 9.7, 725.2, 882.8, 30.1, 0.8, 0, 171.7, 120.6, 64479.3, 184.4, 4.7, 108.7, 66.4, 4.1
1, 30/12/2018 17:19:42, 129183, 56.2, 46.6, 10, 2384.6, 789.5, 26.1, 0.9, 2.4, 206.4, 119.4, 70586, 406.2, 6.5, 139.7, 54.9, 3.8
1, 30/12/2018 17:39:42, 129184, 49.5, 39.5, 8.6, 616.5, 1011.9, 25.9, 0.6, 0, 189.8, 101.1, 79143.9, 522.7, 5, 95.8, 44.4, 2.7
1, 30/12/2018 17:59:42, 129185, 84.2, 105.9, 14, 1956.6, 717.7, 34.1, 3.5, 0, 334.1, 271, 73941.8, 296, 13.5, 244.9, 53.5, 35.6
1, 30/12/2018 18:19:42, 129186, 82.5, 85.3, 13.8, 3715.9, 709.6, 30.9, 1.7, 0.5, 279.5, 218.3, 75004.6, 254.3, 14.5, 266.1, 51.8, 20
1, 30/12/2018 18:39:42, 129187, 72.6, 66.3, 12.6, 778.6, 648, 31.7, 0.9, 0, 219.9, 169.7, 82956.6, 322.6, 13.9, 271, 63.7, 6.7
1, 30/12/2018 18:59:42, 129188, 62.9, 57.4, 11.2, 1265.5, 746.7, 31.2, 0.8, 0.1, 221.6, 146.9, 87663.4, 321, 13.4, 251.3, 66.9, 5.5
1, 30/12/2018 19:19:42, 129189, 46.6, 39.5, 8.4, 1195.9, 795, 18.5, 0.6, 0, 220.4, 101.1, 74548.7, 312.9, 14.6, 279.3, 42.1, 3.2
1, 30/12/2018 19:39:42, 129190, 45.2, 45.2, 8.1, 2050, 729.7, 11.9, 1.3, 4.6, 245.7, 115.7, 68658.9, 474.6, 12.6, 238.6, 29.4, 3.3
1, 30/12/2018 19:59:42, 129191, 58.7, 116.6, 11.4, 7926.5, 745.8, 13.5, 5.3, 5.2, 421.9, 298.5, 69417.6, 261, 19.8, 407.9, 27.6, 25
1, 30/12/2018 20:19:42, 129192, 71.5, 103.2, 16.2, 2095.8, 865.6, 13.2, 2.9, 1.7, 361, 264.3, 75700.5, 247.5, 20.8, 467.8, 26.2, 23.5
1, 30/12/2018 20:39:42, 129193, 66.4, 83.8, 13.1, 3788.1, 920.3, 10.7, 1.1, 9.8, 332.2, 214.5, 96517.9, 403.8, 15.9, 384.7, 19.7, 8.1
1, 30/12/2018 20:59:42, 129194, 69.6, 77, 10.5, 3611.1, 793.7, 9.6, 1.2, 3.9, 239.8, 197.2, 72887.4, 214.7, 15.7, 422.2, 23.5, 14.5
1, 30/12/2018 21:19:41, 129195, 72.1, 67.8, 11.6, 1795.3, 705.4, 8.5, 0.7, 2.3, 196.9, 173.6, 67926, 522.2, 11.5, 305.1, 26.7, 5.7
1, 30/12/2018 21:40:42, 129196, 70.9, 78.1, 11.8, 2135.1, 620.4, 9.2, 1, 12.1, 240.1, 199.8, 68238.9, 298.7, 13.7, 348.5, 30.1, 5
1, 30/12/2018 21:59:42, 129197, 58, 62.1, 9.8, 1077.5, 557.6, 8, 0.6, 0.3, 221.9, 158.9, 50271.2, 179.7, 9, 257.9, 22.2, 9.1
1, 30/12/2018 22:19:42, 129198, 57.4, 56.6, 10.6, 2188.1, 549.6, 13.6, 0.7, 1.7, 203.1, 145, 68698.8, 294.3, 8.8, 236.8, 49, 7.2
1, 30/12/2018 22:39:42, 129199, 54.3, 48.1, 11.3, 983, 802, 15.1, 0.8, 0.1, 166.5, 123, 56335.6, 245.4, 7, 195.1, 71.8, 7.8
1, 30/12/2018 22:59:41, 129200, 60.2, 62.3, 13.2, 2064.5, 709.1, 16.3, 1, 2.9, 231.6, 159.4, 73692.6, 262.3, 7.9, 225.8, 67, 10.5
1, 30/12/2018 23:19:42, 129201, 56.2, 54.7, 13.9, 1760, 618.4, 13.9, 0.9, 2.6, 199.2, 140.1, 53292.8, 238.9, 8.1, 261.9, 72.6, 11.2
1, 30/12/2018 23:39:42, 129202, 42, 35.5, 10.7, 1017.7, 735.6, 14.7, 0.8, 0, 141.4, 90.9, 48183.2, 248.8, 4.7, 131.6, 94.2, 6.9
2, 30/12/2018 00:00:03, 129131, 74, 86.4, 15.6, 1025.9, 619.7, 23.9, 2.4, 9.3, 255.7, 221.2, 73704.4, 51.8, 14.8, 308.4, 96.1, 10.6
2, 30/12/2018 00:20:04, 129132, 63.4, 104.6, 13.1, 3015.7, 503.6, 38.9, 2.3, 14.2, 356.9, 267.7, 70229.9, 92, 20.3, 372.3, 89, 20.9
2, 30/12/2018 00:40:04, 129133, 71.2, 136.2, 14.7, 7343.7, 574.1, 42.6, 3.2, 36.5, 417.2, 348.6, 70639.2, 63, 30.8, 462.9, 91.1, 11.8
2, 30/12/2018 01:00:03, 129134, 69, 117, 15, 785.9, 512.2, 38.1, 5.1, 32.2, 356.4, 299.4, 54118.2, 50, 31.2, 452.2, 89.7, 10.6
2, 30/12/2018 01:20:03, 129135, 67.9, 102.2, 14.5, 700.6, 404.8, 30.6, 3.5, 27.2, 295.5, 261.6, 52563.3, 113.6, 25.8, 396, 105.5, 5.8
2, 30/12/2018 01:39:03, 129136, 56.4, 72.9, 11.3, 1480.3, 384.9, 11, 0.9, 16.2, 266.7, 186.5, 47790.4, 110.6, 23.5, 356.3, 47.8, 7.7
2, 30/12/2018 02:00:03, 129137, 56.5, 61.5, 12.5, 668.9, 387.3, 27.5, 1.2, 1, 183.9, 157.5, 43893.4, 32, 18.3, 249.9, 118.8, 11.7
2, 30/12/2018 02:20:03, 129138, 60, 67.6, 13.5, 2226.6, 342.4, 26.4, 1.3, 3.1, 248.4, 172.9, 43473.3, 185, 18.6, 258.8, 124.4, 10.8
2, 30/12/2018 02:40:03, 129139, 44.9, 48.5, 10, 945.4, 404.1, 15.5, 1.1, 0.2, 157.1, 124.1, 42878.8, 112.8, 16, 218.2, 71.6, 11.3
2, 30/12/2018 03:00:03, 129140, 51.2, 61.7, 11.5, 1021.3, 389.9, 28.3, 1.2, 3.7, 183.7, 158, 39609.2, 53.8, 15.3, 228.9, 134.7, 15.9
2, 30/12/2018 03:20:03, 129141, 56, 68.5, 11.8, 2562.7, 349.2, 22.8, 0.9, 5.5, 252.7, 175.4, 40486.4, 141.1, 16.9, 292.3, 113.9, 18
2, 30/12/2018 03:40:02, 129142, 53.8, 50, 12.7, 363.1, 358.1, 32, 1.1, 0.8, 182.6, 127.9, 35186.2, 64.2, 11, 182.8, 179.7, 6.8
2, 30/12/2018 03:59:03, 129143, 51.8, 49.3, 12.1, 2136.7, 357.2, 25.9, 1.1, 1.4, 216.4, 126.1, 58340.6, 171.3, 12.8, 193.8, 136.6, 5.6
2, 30/12/2018 04:20:03, 129144, 51.3, 51.3, 13.2, 389.8, 443.7, 23.8, 1.6, 0, 182.4, 131.3, 57835.1, 65.1, 12.1, 176.1, 151.1, 3.4
2, 30/12/2018 04:39:03, 129145, 43.6, 43.1, 9, 350.7, 520.1, 21.8, 0.8, 0, 154.4, 110.2, 59165.4, 68.6, 10.5, 167, 81.5, 3.7
2, 30/12/2018 05:00:03, 129146, 48.9, 49.2, 10.4, 1774.2, 476.7, 21.1, 1, 0.7, 184.2, 126, 58716.7, 123, 12.3, 228.3, 93.2, 6.5
2, 30/12/2018 05:20:02, 129147, 38.5, 34.7, 8.6, 662.9, 452.5, 17.4, 0.8, 0, 138.3, 88.8, 40767.9, 68.9, 8.8, 145.9, 56.4, 3.8
2, 30/12/2018 05:40:03, 129148, 30.7, 28.2, 8, 275.1, 364.8, 23.9, 0.7, 0, 140, 72.1, 40632.8, 19, 6.2, 112.7, 64.5, 4.1
2, 30/12/2018 06:00:02, 129149, 75, 73.1, 15, 3559.2, 606.7, 21, 2.9, 3.3, 255.1, 187.2, 93374.3, 118, 13.8, 343.7, 58.5, 6.7
2, 30/12/2018 06:20:02, 129150, 75.3, 65.7, 12.1, 718.5, 406.7, 18.6, 1.1, 2.4, 203.3, 168.3, 79075.3, 14, 13, 327.3, 78.4, 4.5
2, 30/12/2018 06:40:02, 129151, 77.9, 74.8, 12.8, 2438.3, 353.1, 14.3, 1.1, 0.3, 244.1, 191.4, 86381.3, 125.1, 15.5, 369.6, 39.6, 5.9
2, 30/12/2018 06:59:03, 129152, 77.5, 69.4, 12.5, 826.9, 383.3, 14.3, 1.1, 0, 313.4, 177.6, 74393.9, 19, 13, 320.2, 46.8, 6.3
2, 30/12/2018 07:20:03, 129153, 64, 85.6, 9.3, 610.4, 473.7, 12.3, 0.8, 0, 404, 219.2, 67068, 49, 13, 316.9, 33.2, 3.2
2, 30/12/2018 07:40:02, 129154, 56.3, 55.4, 12.2, 1572.4, 405.6, 21.8, 1.1, 0, 217.4, 141.8, 66706.1, 122.1, 12.5, 293.1, 42.8, 6.5
2, 30/12/2018 07:59:02, 129155, 45.9, 59.6, 10.5, 1202.1, 420, 24.7, 0.9, 0, 223.8, 152.6, 49621.9, 58, 11.7, 249.7, 72.1, 7.2
2, 30/12/2018 08:20:02, 129156, 52.1, 46.9, 11.4, 6227.3, 377.7, 22.3, 1, 0, 155.6, 120, 61255.6, 69, 9.3, 221, 63.6, 6.9
2, 30/12/2018 08:40:02, 129157, 49.3, 52.7, 11.5, 2408.3, 429.2, 19.3, 1, 0, 178.4, 134.8, 49383.2, 100, 9.1, 225.7, 49.6, 9.2
2, 30/12/2018 09:00:01, 129158, 53.7, 54.7, 12.9, 17405.2, 371.2, 26.9, 1.2, 0, 190.4, 140.1, 54890.8, 59, 9.1, 254.5, 76.9, 10.2
2, 30/12/2018 09:20:02, 129159, 46.9, 48, 11.3, 667.8, 353.1, 24.4, 1, 0, 186.5, 122.9, 41704.4, 57, 7.3, 201.4, 61.5, 8.4
2, 30/12/2018 09:40:02, 129160, 48, 48.3, 11, 901.1, 348.2, 23.5, 0.9, 0, 163, 123.8, 34897.2, 47, 8.3, 193.2, 70.9, 7.3
2, 30/12/2018 10:00:01, 129161, 45.6, 46.8, 11.5, 514.7, 491.7, 30.9, 1, 0, 221.7, 119.8, 38080.6, 43.9, 6.4, 137.2, 101.8, 8.2
2, 30/12/2018 10:20:02, 129162, 41.8, 50.5, 10, 1040.1, 432.8, 26.2, 0.9, 0, 232, 129.4, 35938, 16.9, 7, 157.4, 79.2, 5.9
2, 30/12/2018 10:40:02, 129163, 48, 43.7, 10.7, 1197.3, 440.8, 26.4, 1, 0, 158.7, 111.9, 31072.8, 28, 7.4, 160.5, 61.3, 7.4
2, 30/12/2018 11:00:02, 129164, 40.5, 47.5, 9.4, 707.2, 418, 24.8, 0.8, 0, 170.9, 121.5, 20636.2, 21.9, 6.6, 139.8, 62, 7.9
2, 30/12/2018 11:21:02, 129165, 38.5, 33.4, 8.9, 1026.9, 338.7, 22.7, 0.8, 0, 142.7, 85.6, 20024.2, 49.7, 5.9, 114.7, 56.1, 4.9
2, 30/12/2018 11:40:02, 129166, 26.8, 18.7, 5.8, 57.4, 361.7, 20.1, 0.5, 0, 65.4, 47.9, 17908.8, 35.1, 3.6, 60.6, 47.7, 1.8
2, 30/12/2018 12:00:01, 129167, 30.9, 25.7, 7, 6470.3, 409, 23.2, 0.5, 0, 102.3, 65.7, 20445, 84, 4.4, 74.3, 69.9, 2.2
2, 30/12/2018 12:20:02, 129168, 23.8, 21.4, 6.4, 330.9, 456.6, 34.7, 0.6, 0, 132.1, 54.8, 17867.1, 58.2, 3.3, 52.1, 56.8, 2.3
2, 30/12/2018 12:39:01, 129169, 25.6, 28.6, 7.2, 1025.8, 492.4, 38.9, 0.6, 0, 188.1, 73.1, 24231.1, 73.2, 4.8, 84.7, 58.1, 2.7
2, 30/12/2018 13:00:01, 129170, 31.1, 27.8, 8.3, 593.6, 516.9, 40.8, 0.7, 0, 123.1, 71.2, 19725.8, 18.9, 4.8, 84.5, 75.5, 4.1
2, 30/12/2018 13:20:01, 129171, 29.7, 23.1, 8.1, 1405.2, 511, 39.7, 0.6, 0, 113.6, 59.2, 23494.4, 68, 4.8, 88.8, 74.8, 2.5
2, 30/12/2018 13:40:01, 129172, 28.4, 19.4, 6.5, 300.6, 424.4, 24.3, 0.5, 0, 67.6, 49.8, 17785.7, 16.1, 3.7, 64.5, 52.3, 2
2, 30/12/2018 14:00:01, 129173, 30.9, 24.5, 6.6, 343.1, 401.5, 19.7, 0.6, 0, 116.3, 62.7, 26154.8, 25.9, 3.9, 68.5, 71, 1.5
2, 30/12/2018 14:20:01, 129174, 35.7, 36.4, 7.7, 601.8, 367.7, 16.7, 0.7, 0, 138.8, 93.2, 22786.5, 19.9, 5.6, 102.8, 63.2, 2.5
2, 30/12/2018 14:40:01, 129175, 29.1, 20.7, 5.5, 216.6, 354, 12.3, 0.4, 0, 67.5, 53.1, 18840.7, 17, 4.5, 75.6, 37.5, 2.7
2, 30/12/2018 15:00:01, 129176, 34.8, 25.6, 7, 1234.6, 359.4, 15.4, 0.7, 0, 106.6, 65.6, 24394, 50.9, 5.3, 97.5, 49.3, 2.3
2, 30/12/2018 15:20:01, 129177, 35, 29.7, 6.9, 513.3, 381.8, 17.4, 0.6, 0, 131.5, 76, 19660.8, 15.1, 4.6, 79.5, 55.7, 2.2
2, 30/12/2018 15:40:01, 129178, 34.7, 28.3, 6.7, 1339.4, 374.9, 16, 0.6, 0, 139.4, 72.5, 23268.8, 79.6, 4.7, 86, 54.7, 1.7
2, 30/12/2018 16:00:00, 129179, 51.6, 44.1, 9.9, 1331.9, 500.3, 27.2, 0.8, 0, 142.8, 112.9, 49221.6, 73.8, 8.4, 214.1, 80.5, 3.1
2, 30/12/2018 16:20:01, 129180, 43.6, 36.5, 8.1, 406, 525.1, 39.3, 0.7, 0, 183.6, 93.5, 74821.5, 40.1, 10.5, 284.5, 60, 1.9
2, 30/12/2018 16:40:00, 129181, 48.7, 40.4, 9.7, 422.7, 531.9, 47, 0.9, 0, 158.6, 103.4, 76490.9, 23, 13.3, 361.3, 81.2, 2
2, 30/12/2018 17:00:00, 129182, 49.8, 42.5, 10, 142.1, 557.9, 64.4, 1, 0, 263.6, 108.8, 74844.3, 40, 12.9, 355.7, 101.1, 2
2, 30/12/2018 17:20:00, 129183, 48.5, 37.3, 9.5, 424.4, 558.5, 55.9, 0.8, 0, 123.8, 95.4, 73748, 43, 11.3, 301.2, 91.3, 1.9
2, 30/12/2018 17:40:00, 129184, 42.2, 34.4, 8.2, 461.9, 450.4, 38.1, 0.8, 0, 131.5, 87.9, 23508.9, 57.1, 8.4, 210, 75.9, 2.6
2, 30/12/2018 18:00:00, 129185, 30.1, 23.4, 6.6, 312.8, 395.8, 28.8, 0.6, 0, 76.4, 59.9, 22014.8, 33.9, 5, 101.9, 75.8, 2.1
2, 30/12/2018 18:20:00, 129186, 35.1, 27.7, 7.3, 1743.7, 390.8, 19.8, 0.7, 1.5, 173.6, 70.8, 23946.5, 143.1, 6.2, 133.7, 68.9, 1.8
2, 30/12/2018 18:40:00, 129187, 28.4, 20.6, 5.6, 209.4, 408.1, 13.7, 0.6, 0, 66.7, 52.7, 23194.7, 27.1, 5, 93.2, 47, 1.7
2, 30/12/2018 19:00:00, 129188, 30.9, 25.5, 5.8, 1789.6, 431.9, 11.6, 0.6, 0.9, 145.8, 65.3, 28013.6, 147.1, 6.6, 129.9, 46.2, 2
2, 30/12/2018 19:19:59, 129189, 30.5, 22.4, 5.9, 536, 421.5, 16.8, 0.5, 0, 85, 57.4, 23209.5, 51.7, 5.1, 97.1, 39.7, 1.7
2, 30/12/2018 19:39:59, 129190, 36, 30.5, 6.3, 981.1, 467.5, 16.3, 0.5, 0, 104.4, 78, 56770.4, 44.9, 6.2, 129.9, 38.7, 1.7
2, 30/12/2018 19:59:59, 129191, 49.5, 65.9, 10, 1330.4, 407.3, 19.5, 0.7, 1.6, 246, 168.7, 60939.4, 107.9, 11.7, 277.6, 53, 4.9
2, 30/12/2018 20:19:59, 129192, 47.2, 52.1, 9.6, 746, 420.9, 17.4, 0.8, 1.3, 197.5, 133.3, 44028.5, 59.9, 10.3, 251.4, 59.9, 5.4
2, 30/12/2018 20:39:59, 129193, 49.4, 50.4, 11.6, 1394.5, 431.3, 18.3, 0.9, 0.2, 160.1, 129, 57094.1, 47.1, 9.4, 228.3, 44.5, 9.9
2, 30/12/2018 21:00:00, 129194, 52.2, 61.6, 11.8, 965.7, 393.2, 19, 1, 2.5, 191, 157.6, 58135.1, 41.1, 10.2, 242.2, 50.5, 16
2, 30/12/2018 21:19:59, 129195, 60.1, 62.9, 14.1, 722.5, 503.9, 24.8, 1.2, 2.6, 194.9, 161.1, 54606.3, 17, 8.5, 205.4, 115, 8.8
2, 30/12/2018 21:40:00, 129196, 55.5, 57.9, 12.4, 1308.9, 358.4, 17.1, 1, 3.7, 160.5, 148.2, 60687.1, 34, 10.1, 235.8, 91.1, 7.4
2, 30/12/2018 22:00:00, 129197, 45.6, 48.2, 10, 619, 343.7, 12.5, 0.8, 0.2, 180.6, 123.5, 26395.2, 22.9, 8.4, 197.2, 58.4, 6.5
2, 30/12/2018 22:19:59, 129198, 56.1, 59.2, 13.8, 1257.1, 339.2, 19.3, 1.1, 2.2, 189.3, 151.7, 38311.7, 40, 9.7, 233.3, 83.2, 8
2, 30/12/2018 22:39:59, 129199, 64.3, 62.8, 15.3, 923.5, 386.7, 19.6, 1.1, 0.4, 189.5, 160.7, 40815.6, 25, 9.5, 232.3, 114.3, 10
2, 30/12/2018 22:59:59, 129200, 62.1, 68.4, 15.6, 1149.2, 360.1, 23.1, 1.3, 0.1, 245.5, 175.2, 31400, 97.8, 10.2, 240.3, 114.9, 10.5
2, 30/12/2018 23:19:58, 129201, 63.6, 61.8, 16.3, 1166.4, 392.5, 32.8, 1.3, 0.4, 188.4, 158.3, 30813.9, 32.1, 10.3, 245.2, 140.6, 10
2, 30/12/2018 23:39:59, 129202, 55.6, 53.7, 14.4, 580.9, 348.5, 25.4, 1.3, 0.1, 179.4, 137.4, 25552.2, 14, 8.3, 197.1, 135.4, 8.6
3, 29/12/2018 23:59:58, 129131, 28.5, 29.4, 4.7, 19435.3, 440.1, 4.4, 0.4, 0, 202.6, 75.3, 26743.6, 350.3, 13.1, 229.2, 4.2, 3.1
3, 30/12/2018 00:19:58, 129132, 43.5, 77.7, 7.9, 24851.4, 510.9, 3.1, 0.6, 2.9, 327.5, 198.9, 73673.3, 637.5, 46.9, 449.2, 5.9, 11.5
3, 30/12/2018 00:39:57, 129133, 77.3, 114.9, 13, 5648.4, 484.5, 1.8, 1.2, 11.8, 332.1, 294.1, 100730.8, 506.6, 55.4, 637.7, 1.8, 7.2
3, 30/12/2018 00:59:58, 129134, 76.2, 117.5, 12.3, 19267.8, 508.9, 1.6, 1.2, 13.6, 427.4, 300.8, 89990.3, 592, 54, 636.3, 1.3, 6.7
3, 30/12/2018 01:19:57, 129135, 74, 97.9, 10.8, 7056.5, 663, 0.2, 1.1, 8.9, 439.6, 250.7, 80070, 290.8, 44.1, 560.1, 1.4, 4.3
3, 30/12/2018 01:39:57, 129136, 67.6, 75.9, 11.3, 7185, 702.2, 0.2, 0.7, 6.4, 245.2, 194.4, 67032.4, 361.5, 32.9, 497.5, 6.7, 7.4
3, 30/12/2018 01:59:57, 129137, 68.7, 86.6, 12, 18575, 795.3, 3.3, 0.8, 13.1, 250.5, 221.6, 82423, 285.2, 31.8, 641.2, 6.8, 8.7
3, 30/12/2018 02:19:57, 129138, 71.2, 83.2, 11.3, 3370, 830.1, 0.8, 1.3, 10.8, 291.6, 213, 42736.7, 315.1, 25.4, 522, 5.5, 6.8
3, 30/12/2018 02:39:57, 129139, 45.5, 48.7, 7.6, 6646.5, 1071.3, 0.7, 0.5, 9.1, 154, 124.6, 43626.7, 340.2, 20, 331.5, 4.3, 7.6
3, 30/12/2018 02:59:57, 129140, 61, 78.9, 10.2, 82181.7, 853.8, 6.2, 1.4, 4.9, 299.4, 202.1, 76600.1, 432.7, 26.7, 575.5, 3.5, 25
3, 30/12/2018 03:19:57, 129141, 50.1, 74.2, 8.1, 64531.3, 659.6, 14.3, 0.6, 1, 283.9, 189.9, 38222.9, 229.1, 28.6, 657.2, 2.9, 34.2
3, 30/12/2018 03:39:57, 129142, 45.3, 44.8, 8.1, 4900.8, 764.5, 9.6, 0.6, 1.2, 201.4, 114.7, 30547.7, 405, 22.8, 447.6, 3.5, 10.2
3, 30/12/2018 03:59:57, 129143, 57.5, 58.1, 10.1, 40922.3, 705.6, 8.3, 1, 1.5, 206.2, 148.7, 125755.6, 1095.6, 23.6, 370.8, 5.3, 9.7
3, 30/12/2018 04:19:57, 129144, 85.1, 99.7, 12.6, 13978.6, 562.9, 6.6, 6.2, 3.4, 474.1, 255.1, 104934.3, 3234.5, 39.8, 604.5, 6.3, 8.2
3, 30/12/2018 04:39:57, 129145, 78.5, 95.9, 13.6, 4662.9, 508.6, 2.9, 1.2, 2.1, 362.6, 245.5, 105314.5, 333.5, 37.8, 614.2, 5.5, 12
3, 30/12/2018 04:59:57, 129146, 80.3, 79.3, 13.5, 21620.3, 679.2, 7.7, 2.4, 1.4, 267.1, 203.1, 130669.1, 465, 32.7, 575.1, 6.4, 11.3
3, 30/12/2018 05:20:21, 129147, 59.2, 50.2, 8.9, 6410.5, 619.4, 3.6, 0.6, 1.2, 159.7, 128.6, 79513.3, 316.9, 25.4, 437.3, 5.5, 6.6
3, 30/12/2018 05:39:22, 129148, 51.8, 40.9, 8.4, 4618.7, 656.4, 1.9, 0.5, 1.1, 179.8, 104.6, 80378.8, 333.4, 26.1, 479.4, 5.2, 6.7
3, 30/12/2018 05:59:21, 129149, 44.5, 33.8, 7.4, 12361.7, 630.4, 12.6, 0.5, 1.1, 141.9, 86.5, 28723.3, 277, 21.9, 472.5, 5.7, 3
3, 30/12/2018 06:20:22, 129150, 32.5, 24.2, 6.1, 5580, 832, 11.2, 0.5, 0.5, 95, 61.9, 51097.2, 255.8, 15.5, 296, 5.4, 3.8
3, 30/12/2018 06:39:21, 129151, 48.5, 50.7, 9.4, 7009.3, 626.3, 3.3, 0.6, 0.3, 193.8, 129.7, 81793.3, 305.2, 17, 369.4, 4, 8
3, 30/12/2018 06:59:21, 129152, 62.3, 56.6, 11.4, 28891, 817.5, 9.1, 0.7, 0, 203.1, 144.8, 62580.5, 316.6, 19.1, 408.2, 4.9, 8.4
3, 30/12/2018 07:20:21, 129153, 30.6, 36.4, 6.9, 5285.5, 498.4, 10.1, 0.5, 0, 118.3, 93.3, 23251.6, 185.4, 17.2, 302.2, 6.3, 4.9
3, 30/12/2018 07:39:21, 129154, 33.1, 30, 7.4, 5410, 482.1, 9.1, 0.5, 0, 140.3, 76.8, 53902.7, 392.5, 15.9, 265.1, 7.5, 4.7
3, 30/12/2018 07:59:21, 129155, 78.3, 74.5, 12.5, 19557.8, 768.8, 11.4, 1.7, 0, 236.5, 190.7, 115166.7, 349.6, 26, 564, 7.6, 6.2
3, 30/12/2018 08:20:21, 129156, 68.3, 57, 11.6, 19838.9, 949.2, 9.3, 2.3, 0.1, 262.4, 146, 65044.8, 147, 19, 542.5, 6.3, 5.7
3, 30/12/2018 08:39:15, 129157, 42.2, 31.3, 5.9, 1451.6, 760, 4.5, 0.4, 0, 121.2, 80, 48287.2, 211.4, 14, 535.8, 6.6, 2.8
3, 30/12/2018 09:00:15, 129158, 55, 45.9, 8.4, 22452.4, 690.8, 3.2, 0.7, 0, 198.1, 117.6, 74399.7, 222.1, 14.1, 351.9, 5.7, 5.7
3, 30/12/2018 09:19:15, 129159, 60, 56.4, 9.9, 6936.3, 454.3, 1.1, 0.9, 0, 235, 144.5, 105864.6, 205.7, 17.5, 397.2, 6.3, 6.4
3, 30/12/2018 09:39:15, 129160, 64.2, 58.5, 10.6, 3376.8, 627.3, 2.3, 0.6, 0, 210.9, 149.7, 63268.7, 254.8, 19, 504.2, 3.6, 6.4
3, 30/12/2018 10:00:16, 129161, 76.1, 68.6, 10.4, 26832.7, 630.2, 4.5, 1.4, 0.1, 204, 175.7, 86871.5, 231.9, 21.1, 571.1, 4, 6.1
3, 30/12/2018 10:20:15, 129162, 87, 97.7, 15.1, 2611.2, 1050.8, 10.5, 7.9, 1, 339.3, 250.2, 129594.9, 270.3, 28.3, 1092.5, 3.7, 5.9
3, 30/12/2018 10:40:16, 129163, 83.8, 77.8, 13.5, 2450.6, 806.6, 14.6, 3.3, 0.3, 293.3, 199, 90011.5, 246.4, 30.2, 1133.6, 3.1, 7
3, 30/12/2018 10:59:15, 129164, 81.1, 84.9, 11.5, 20151.5, 520.7, 5.4, 4.6, 0.1, 271.7, 217.4, 78813.6, 335.5, 29.8, 939.6, 3.8, 5.8
3, 30/12/2018 11:20:16, 129165, 82.1, 83.1, 12.4, 6247.7, 662.6, 3.9, 7.2, 0.8, 287.4, 212.8, 59180.7, 314.7, 29, 928.2, 5.3, 5.3
3, 30/12/2018 11:39:15, 129166, 50.4, 45.9, 8, 5690.9, 568.7, 7, 0.7, 0, 172.1, 117.6, 56933.8, 328.6, 22.3, 624, 3.4, 6
3, 30/12/2018 11:59:20, 129167, 58.5, 52.3, 9, 17801.7, 571.8, 8.4, 1.1, 0, 223.4, 133.9, 103278.1, 252.6, 22.9, 605.8, 1.8, 5.8
3, 30/12/2018 12:19:20, 129168, 33.1, 31.2, 5.6, 5579, 583.5, 9.3, 0.5, 0, 198.3, 79.8, 69792.9, 205.7, 19.8, 568.3, 3.2, 3.7
3, 30/12/2018 12:39:20, 129169, 37.6, 39, 5.8, 5137, 452.1, 13.2, 0.4, 0, 161.6, 99.9, 69784.9, 330.9, 21.5, 629.9, 3.3, 4.3
3, 30/12/2018 12:59:20, 129170, 39.1, 38.6, 6.1, 15367, 547.5, 7, 0.6, 0, 210.5, 98.8, 69145.3, 273.9, 19, 565.4, 3.8, 4.8
3, 30/12/2018 13:19:19, 129171, 38.3, 32.1, 6.2, 6611, 504.7, 9.5, 0.4, 0, 154, 82.1, 58999.5, 191.2, 17.4, 505.7, 3.3, 4.1
3, 30/12/2018 13:39:20, 129172, 30.3, 27, 6, 6818, 494.3, 6.6, 0.4, 0, 156.3, 69, 36074.8, 244.1, 15.5, 413.8, 2.2, 6.2
3, 30/12/2018 14:00:19, 129173, 27.5, 21.7, 4.9, 15037.4, 628.6, 4.5, 0.4, 0, 122.1, 55.5, 32681.8, 212.8, 13.2, 376.9, 4, 3.7
3, 30/12/2018 14:19:20, 129174, 32, 35.5, 7.1, 5001.4, 474.3, 5.4, 0.5, 0, 178.6, 91, 30994.3, 208.3, 16.8, 431.1, 5.6, 6.1
3, 30/12/2018 14:39:19, 129175, 21.6, 16.1, 4.2, 6052.4, 432.8, 4.5, 0.3, 0, 75.2, 41.2, 36527, 256.9, 12.4, 285.4, 3.6, 4.5
3, 30/12/2018 15:00:19, 129176, 38.8, 32.7, 6, 18810.4, 556.7, 4.1, 0.4, 0, 214.7, 83.8, 44405.1, 238.3, 11.8, 280.2, 0.9, 3.7
3, 30/12/2018 15:19:20, 129177, 19.8, 14.1, 3.7, 5482.7, 474.3, 3.5, 0.3, 0, 76, 36.2, 22893.5, 214.5, 9.2, 119.9, 0.9, 3.5
3, 30/12/2018 15:39:19, 129178, 19.4, 14.3, 4, 5915.7, 444.1, 1.2, 0.3, 0, 69.4, 36.6, 22539.1, 237.7, 8.8, 109.1, 0.7, 4.3
3, 30/12/2018 15:59:19, 129179, 29.6, 22.1, 4.8, 17420.6, 541.8, 3.3, 0.3, 0, 126.8, 56.7, 25784.3, 267.7, 9.6, 171.9, 0.8, 3.6
3, 30/12/2018 16:19:19, 129180, 24.8, 17.4, 3.7, 4865, 556.2, 2.5, 0.3, 0, 69.1, 44.4, 24241.9, 277.8, 8.5, 120.7, 0.6, 2.7
3, 30/12/2018 16:40:19, 129181, 35.5, 26.3, 4.3, 5154.9, 508.9, 0.1, 0.3, 0, 115, 67.5, 47144.8, 472.5, 9.5, 174.7, 0.7, 2.8
3, 30/12/2018 17:00:19, 129182, 42.3, 35.8, 7.4, 18159.2, 601.3, 0.7, 0.5, 0.2, 159.5, 91.7, 32341.3, 344.2, 12.9, 286.8, 0.7, 4.5
3, 30/12/2018 17:19:19, 129183, 24.5, 15.3, 4.8, 4902, 421.3, 0.9, 0.4, 0, 57.4, 39.1, 27857.8, 287.5, 10, 154.2, 1.9, 3.1
3, 30/12/2018 17:39:19, 129184, 19.7, 12.3, 3.5, 6010.8, 425.5, 0.8, 0.3, 0, 42.9, 31.4, 24178.2, 306.8, 9.4, 104.5, 2, 2.7
3, 30/12/2018 17:59:18, 129185, 37.5, 52.5, 7, 40229.7, 435.3, 6.6, 0.5, 18.1, 208.1, 134.4, 50388.8, 373.6, 25, 336.1, 1.9, 5.6
3, 30/12/2018 18:19:19, 129186, 29.7, 26.2, 6.3, 6278.9, 480, 5, 0.5, 1.1, 90.6, 67, 43928.5, 203.1, 21.1, 282, 2.1, 4.7
3, 30/12/2018 18:39:18, 129187, 26, 26.2, 5.9, 3190.2, 547.7, 2.5, 0.5, 0, 155.8, 67, 42058.6, 387.7, 17.4, 284.3, 1.6, 5.5
3, 30/12/2018 19:00:19, 129188, 40.7, 42.2, 8.1, 14664.8, 679.1, 4.5, 0.5, 0.2, 170.5, 108, 43950.6, 451.5, 17.2, 317.2, 2.4, 9.3
3, 30/12/2018 19:19:18, 129189, 30.7, 45.1, 6.8, 7836.2, 689.9, 5.6, 0.5, 0, 580, 115.5, 50832.5, 440.8, 17.2, 361.5, 2.1, 12.8
3, 30/12/2018 19:39:18, 129190, 27.7, 33.8, 6.1, 3747.1, 481.4, 6.6, 0.4, 0, 119.4, 86.6, 35571.9, 429, 16.8, 352.9, 2.3, 14.6
3, 30/12/2018 19:59:18, 129191, 21.9, 19.7, 3.8, 17536.1, 505.4, 6.4, 0.3, 0, 97.2, 50.6, 30915.1, 431.2, 13.7, 247.1, 4.1, 4.3
3, 30/12/2018 20:19:18, 129192, 18.2, 10.3, 3.2, 2497.2, 539.1, 5.3, 0.3, 0, 47.3, 26.3, 31801.6, 312.9, 12.3, 222.8, 5.2, 2.4
3, 30/12/2018 20:39:18, 129193, 23.2, 18.2, 3.5, 9695.6, 465.1, 4.7, 0.3, 0, 84.5, 46.7, 35176.7, 346.9, 14, 317.7, 1.9, 6.8
3, 30/12/2018 21:00:18, 129194, 40.7, 33.7, 6, 16663.9, 604.4, 4, 0.4, 0, 141.8, 86.2, 32081.7, 394.4, 15.6, 375.2, 1.6, 5.2
3, 30/12/2018 21:19:18, 129195, 32, 24.5, 4.2, 6348.6, 455.8, 4.4, 0.4, 0, 106.5, 62.7, 28675.9, 362.9, 13.2, 227.8, 1.7, 2.1
3, 30/12/2018 21:40:17, 129196, 20.1, 11.7, 3.3, 8064.8, 575.4, 5.5, 0.3, 0, 53.9, 30, 27969.6, 378.6, 12.2, 193.9, 4.3, 2.5
3, 30/12/2018 21:59:18, 129197, 35.6, 27, 4.5, 17710, 444.9, 3.8, 0.3, 0.1, 123.4, 69.1, 28382.9, 380.1, 15.2, 288.1, 4, 2.3
3, 30/12/2018 22:19:18, 129198, 22.9, 13.7, 3.5, 5065.3, 448.1, 4.4, 0.3, 0, 52.2, 35.2, 26786.7, 297.2, 12.5, 238.9, 5.1, 2.5
3, 30/12/2018 22:39:18, 129199, 23.3, 15.9, 3.7, 10799.6, 557.8, 4.9, 0.3, 0, 62.6, 40.8, 22964.2, 314.5, 11.8, 220.3, 6, 3.9
3, 30/12/2018 22:59:18, 129200, 26.5, 19.5, 4.7, 13456.3, 654.5, 5.8, 0.4, 0, 100.8, 49.9, 23490, 354.4, 11.7, 209.5, 3.7, 2.7
3, 30/12/2018 23:19:17, 129201, 21.4, 16.1, 4.3, 2986.4, 465.3, 7.9, 0.3, 0, 87.9, 41.2, 48695.7, 382, 11.7, 222.8, 4.3, 2.7
3, 30/12/2018 23:40:17, 129202, 22.1, 17.2, 5, 5504, 487.3, 8.9, 0.4, 0, 99.6, 44.1, 38520, 377.6, 12.6, 234.4, 3.7, 3.5
4, 29/12/2018 23:59:31, 129131, 36.2, 33.4, 7.1, 20451.8, 502, 4.4, 0.5, 0, 211, 85.5, 34879.3, 13937, 20, 309.2, 2.9, 4.7
4, 30/12/2018 00:19:30, 129132, 34, 85.1, 5.8, 9771.7, 407.1, 2.4, 0.4, 0.3, 299, 217.8, 56973.8, 12944.2, 53.9, 464, 2.8, 3.7
4, 30/12/2018 00:41:30, 129133, 58.5, 102.3, 8.9, 6265.8, 379.6, 1, 0.5, 0.3, 296.8, 262, 70671.8, 12623.8, 60.7, 592.6, 3, 4
4, 30/12/2018 01:00:30, 129134, 52.7, 82.3, 8.8, 23799.1, 623.6, 3.6, 0.6, 0, 328.6, 210.6, 82009, 12536.8, 50.6, 575.9, 2.6, 4.6
4, 30/12/2018 01:19:30, 129135, 55.8, 68.2, 8.5, 3709.5, 534.1, 2.2, 0.6, 0.1, 488.6, 174.6, 62937.7, 13850.9, 36, 527.6, 4.2, 4
4, 30/12/2018 01:39:30, 129136, 46.1, 41.7, 8, 2979.3, 420.5, 3.3, 0.5, 0.2, 183.9, 106.7, 45600.6, 13762.9, 30, 473.8, 4, 6.6
4, 30/12/2018 01:59:29, 129137, 64.2, 61.9, 11.2, 28371.2, 472.3, 2, 0.7, 1.8, 206.3, 158.6, 66324.8, 13653, 34.5, 526.7, 2.8, 8
4, 30/12/2018 02:19:30, 129138, 52.5, 50.7, 10.5, 5749, 593.1, 1.8, 0.7, 0.5, 232.2, 129.9, 53326.4, 13223.7, 30.8, 490.1, 4.4, 7.7
4, 30/12/2018 02:39:29, 129139, 45.1, 38, 9, 4167.2, 569.8, 2.3, 0.6, 0.7, 149.8, 97.2, 46574.9, 13400.7, 21.1, 377.2, 3.2, 8.4
4, 30/12/2018 02:59:30, 129140, 60.8, 76.6, 10.9, 63760.8, 551.9, 8.9, 1, 0.6, 343.5, 196.1, 72264.5, 17277.3, 25, 542, 1.2, 29
4, 30/12/2018 03:20:29, 129141, 47.1, 71.2, 8.8, 91059.1, 543.8, 15.7, 0.6, 2.1, 304.7, 182.3, 74205, 13682.2, 29.2, 608, 3, 35.9
4, 30/12/2018 03:39:30, 129142, 41.4, 35.5, 7.6, 4268.8, 539.6, 6, 0.5, 0.1, 160.2, 90.8, 63953.2, 15354, 23.7, 458.8, 9.3, 6.9
4, 30/12/2018 03:59:30, 129143, 43.6, 36, 7.6, 4480.5, 522.7, 5.4, 0.5, 0, 141, 92.1, 110715.1, 20195.8, 20.8, 427.4, 1.3, 7.7
4, 30/12/2018 04:19:30, 129144, 50.7, 59.8, 9.3, 6358.3, 718.9, 3.2, 0.6, 1.6, 250.1, 153.1, 107963.6, 16154.1, 28.7, 715.5, 4, 9.1
4, 30/12/2018 04:39:29, 129145, 58.7, 52, 10, 6988.1, 874.6, 6.6, 0.7, 1.4, 218.8, 133.2, 118912.1, 17722.9, 32, 606.5, 9.2, 8.4
4, 30/12/2018 04:59:29, 129146, 43, 31.7, 7.7, 28178.6, 890.3, 11.8, 0.5, 0, 199.2, 81.1, 102033.1, 19764.4, 25.4, 599.5, 9.3, 5.3
4, 30/12/2018 05:19:30, 129147, 38.4, 25.5, 6.4, 2843.6, 864.1, 13.3, 0.4, 0, 150.3, 65.2, 98167, 17198.5, 23.1, 619.6, 9.6, 5.1
4, 30/12/2018 05:39:29, 129148, 36.5, 25.3, 6.6, 3885.7, 607.8, 9.9, 0.5, 0, 103, 64.8, 88793.7, 14694.1, 22.9, 557.9, 10, 4.3
4, 30/12/2018 05:59:29, 129149, 32.3, 22.2, 6.1, 22673.8, 527.3, 17.3, 0.4, 0.1, 107.7, 57, 47727.1, 21514.9, 22.3, 430.7, 10.2, 5.2
4, 30/12/2018 06:20:29, 129150, 32.8, 22.8, 6, 1039.4, 490.2, 14.8, 0.4, 0, 114.3, 58.3, 73748.5, 15706.4, 18.8, 403.7, 5.1, 4.7
4, 30/12/2018 06:39:29, 129151, 66.7, 68.1, 11.8, 4964.4, 708.8, 11.4, 1.4, 6.9, 251.6, 174.4, 94265.4, 13676.9, 22.5, 666.3, 3.8, 4.8
4, 30/12/2018 06:59:29, 129152, 48.9, 42.4, 8.9, 15171.3, 729.5, 12.5, 0.6, 0, 187.7, 108.5, 59966.7, 11584.6, 19.9, 511.6, 4.1, 6.3
4, 30/12/2018 07:19:29, 129153, 43, 41.8, 8.7, 3299.2, 398, 8.9, 0.5, 0, 144.9, 107.1, 72999, 13931.5, 21.9, 551.7, 4.2, 5.6
4, 30/12/2018 07:40:29, 129154, 36.5, 29.1, 8, 883.7, 443.8, 12.9, 0.6, 0, 143, 74.6, 72084.4, 12191.5, 22.1, 480.3, 6.1, 4.8
4, 30/12/2018 07:59:28, 129155, 52.9, 56.8, 8.7, 35578.4, 705, 13.6, 0.5, 0, 196.6, 145.4, 75053.2, 13064.6, 26.1, 607, 4.8, 5.9
4, 30/12/2018 08:19:28, 129156, 54, 45.1, 8.7, 3744.2, 578.5, 13.9, 0.9, 0, 180.7, 115.4, 63854.7, 13695.8, 22.9, 574.4, 5, 4.5
4, 30/12/2018 08:39:28, 129157, 51.5, 45.3, 7.8, 13703.3, 567.8, 19, 0.8, 0, 227.2, 115.9, 50896, 13000.5, 22.4, 584.2, 4.3, 2.7
4, 30/12/2018 08:59:28, 129158, 78.2, 67.3, 10.6, 23680.1, 428.7, 10, 2.6, 0.6, 292.5, 172.3, 73652, 12196.1, 23.7, 739.7, 3.5, 3.8
4, 30/12/2018 09:19:28, 129159, 73.4, 66.2, 11.9, 1298.6, 681.5, 11.5, 2.5, 0.6, 269.3, 169.5, 66742.7, 12549.2, 22.3, 678.1, 3.6, 5.7
4, 30/12/2018 09:39:28, 129160, 50.8, 55.1, 9.1, 4511.8, 517, 19.7, 0.9, 0, 391.8, 141, 74082.6, 13461.4, 24.6, 662.4, 5.8, 6.9
4, 30/12/2018 10:00:28, 129161, 57, 59.6, 11.5, 23528.7, 580.1, 16.4, 0.8, 0, 224.4, 152.6, 56933.1, 13445.3, 27.9, 568.6, 5.2, 8.4
4, 30/12/2018 10:20:28, 129162, 50.4, 71.4, 9.9, 5110.2, 511, 22.8, 0.8, 0, 259.5, 182.9, 79073.6, 14168.2, 33.4, 1139.8, 5.1, 5.2
4, 30/12/2018 10:39:28, 129163, 44.1, 38.4, 7.9, 7495.8, 478.1, 23.7, 0.5, 0, 151.3, 98.4, 69599.5, 12588.6, 24.6, 861.2, 2, 4.9
4, 30/12/2018 10:59:27, 129164, 70.4, 84.4, 11, 46297.2, 481.1, 26.7, 4.9, 0.3, 299.7, 216, 73771.1, 15192.7, 29.9, 990.1, 1.3, 6.1
4, 30/12/2018 11:20:28, 129165, 64.9, 60.1, 10.8, 3961.6, 420.2, 25.8, 1, 0, 195.7, 153.9, 48024.2, 14522.1, 25.3, 891.8, 2.8, 5.3
4, 30/12/2018 11:39:27, 129166, 66.8, 66.1, 11.9, 2464.8, 490.4, 16.1, 2.2, 0, 261, 169.3, 65228.9, 17657.2, 25.8, 896.3, 1, 6.5
4, 30/12/2018 11:59:27, 129167, 67.8, 62.2, 10.1, 21976.1, 474.8, 21.7, 0.9, 0, 220.4, 159.4, 56429.2, 14190.6, 23.7, 774.3, 1.1, 5.5
4, 30/12/2018 12:19:28, 129168, 58.1, 54.6, 9.8, 4806, 384.1, 9.8, 0.6, 0, 228.4, 139.9, 67809.3, 13610.5, 20, 711.9, 1.3, 4.7
4, 30/12/2018 12:39:28, 129169, 67.3, 85, 11, 2634.1, 623.8, 23.9, 4.6, 0.2, 358.3, 217.5, 71822.8, 13992.9, 24.3, 749.6, 1.3, 6.4
4, 30/12/2018 12:59:28, 129170, 59.4, 60.3, 9.4, 20341.8, 468.4, 11.1, 0.6, 0, 197.9, 154.4, 44285.8, 16816.1, 19.3, 620.5, 3.1, 6.4
4, 30/12/2018 13:19:27, 129171, 44.1, 36.1, 7.6, 1678.7, 489.8, 34.9, 0.5, 0, 130.1, 92.5, 29809.6, 15943, 17.6, 559.1, 2.6, 3.9
4, 30/12/2018 13:39:28, 129172, 53.2, 42.9, 8.9, 1572.7, 611, 10.1, 0.5, 0, 167.9, 109.8, 30206.1, 16056.5, 15.6, 582.9, 3.6, 3.6
4, 30/12/2018 14:00:22, 129173, 57.1, 56.2, 10.1, 21867.2, 495, 23.7, 1.7, 0, 243.8, 143.8, 42148.9, 14889.7, 20.1, 590.9, 5.4, 5.2
4, 30/12/2018 14:19:22, 129174, 39.3, 30.6, 7.4, 3650.5, 616.9, 2.7, 0.5, 0, 97.4, 78.4, 43955.5, 17061.1, 12.9, 403.4, 3.8, 3.7
4, 30/12/2018 14:39:27, 129175, 36.1, 27.9, 6.7, 1452.9, 487.3, 15.1, 0.4, 0, 101.1, 71.4, 61518.8, 17348.7, 12.1, 377.6, 2, 6
4, 30/12/2018 15:00:27, 129176, 43.9, 33.5, 7.7, 18518.7, 528.4, 5.3, 0.9, 0, 209.2, 85.8, 71999.5, 15164.9, 13.7, 383.1, 1.3, 4.9
4, 30/12/2018 15:19:37, 129177, 30.6, 23, 5.1, 1012.7, 456.6, 15.1, 0.4, 0, 168.6, 59, 49325.8, 15432.4, 12.6, 308.7, 1.9, 2.3
4, 30/12/2018 15:39:36, 129178, 27, 15.8, 4.3, 772.2, 469.3, 20, 0.3, 0, 55.2, 40.3, 41874.4, 17377, 11.7, 295.9, 2.1, 1.7
4, 30/12/2018 15:59:37, 129179, 37.7, 28.2, 5.7, 18316.9, 388.1, 19.8, 0.7, 0, 187.1, 72.3, 31981.6, 18032.1, 13.6, 367.1, 2.2, 3.3
4, 30/12/2018 16:19:36, 129180, 31.6, 21.1, 4.3, 403.2, 435.1, 20.3, 0.3, 0, 93.6, 54.1, 31308.4, 16064.4, 10.7, 324.8, 1.9, 1.9
4, 30/12/2018 16:40:36, 129181, 26.3, 18.4, 4.1, 2618.1, 417, 3.9, 0.3, 0, 179.6, 47.1, 26328.8, 15858.8, 9.3, 283.6, 2.5, 1.9
4, 30/12/2018 17:00:37, 129182, 26.2, 19.3, 3.8, 16538.9, 395.5, 3, 0.3, 0, 80.9, 49.4, 22594.8, 15755.7, 15, 370.6, 2, 2
4, 30/12/2018 17:19:37, 129183, 21.1, 9.1, 3.1, 699.3, 377.4, 0.9, 0.3, 0, 34.4, 23.2, 22088.6, 14491.7, 8.5, 235.3, 3.3, 1.1
4, 30/12/2018 17:39:36, 129184, 20.2, 8.4, 3.5, 353.4, 393.1, 4.3, 0.3, 0, 46.4, 21.6, 19964.9, 15227.9, 7.8, 211, 9.4, 1.3
4, 30/12/2018 17:59:37, 129185, 28.3, 19.4, 5.1, 17246.6, 523.4, 2.4, 0.4, 0, 110.4, 49.7, 20010.7, 14028.5, 8.3, 220.7, 7.3, 3.3
4, 30/12/2018 18:19:51, 129186, 16.6, 4.7, 2.9, 3640.7, 409.4, 1.4, 0.2, 0, 17.6, 12, 18548.7, 12082.8, 6.4, 134.9, 4, 1.3
4, 30/12/2018 18:39:52, 129187, 27, 18.5, 4.5, 7552.1, 420.1, 1.2, 0.3, 0, 80.3, 47.4, 20948.1, 13343.1, 9, 224.3, 3.2, 3.5
4, 30/12/2018 18:59:52, 129188, 32, 21.7, 6, 40370.7, 532.7, 4.4, 0.4, 0, 100.5, 55.6, 40893.7, 16461.2, 13.5, 323.8, 6.5, 3.7
4, 30/12/2018 19:19:51, 129189, 29.8, 19.7, 5.9, 3159.3, 493.8, 4, 0.4, 0.2, 89.5, 50.6, 23301.8, 14461.2, 15.7, 274.4, 5.6, 3.6
4, 30/12/2018 19:39:51, 129190, 26.1, 18.4, 5.4, 5219, 412.7, 5.5, 0.4, 0, 79.1, 47, 35959.5, 15994.8, 15, 281.2, 3.9, 3.4
4, 30/12/2018 19:59:51, 129191, 30.9, 24.1, 5.9, 17375.7, 542.7, 1.3, 0.4, 0, 162.3, 61.8, 24183, 14368.1, 11.2, 267.7, 1.8, 3.2
4, 30/12/2018 20:20:11, 129192, 19.4, 8.2, 3.2, 4030.3, 448.2, 3.4, 0.3, 0, 44.5, 20.9, 23412.4, 16686.7, 10.9, 188.5, 4.2, 1.2
4, 30/12/2018 20:40:11, 129193, 18.5, 6.8, 3.2, 5530.5, 391.7, 2, 0.2, 0, 36.3, 17.4, 25762.6, 14718.9, 9.3, 169.6, 3, 1.3
4, 30/12/2018 21:00:11, 129194, 42, 32.7, 6.4, 31691.5, 364.6, 1.1, 0.4, 0.1, 125.1, 83.8, 52511.8, 14064, 13.9, 377.1, 2.7, 4.1
4, 30/12/2018 21:20:11, 129195, 33.9, 22.3, 5.2, 2108.9, 378, 0.3, 0.4, 0, 90.1, 57, 41968.3, 13141, 14, 447.7, 2.3, 1.5
4, 30/12/2018 21:40:11, 129196, 29, 18.8, 4.5, 1553.9, 391.8, 0.5, 0.4, 0, 120.9, 48.1, 35510.6, 15292.2, 12.6, 365.8, 2.4, 1.1
4, 30/12/2018 21:59:10, 129197, 31.3, 19.3, 5.1, 18899.1, 493.9, 0.7, 0.3, 0.1, 101.1, 49.3, 19799.9, 15246.1, 11.3, 290.1, 2.1, 2.3
4, 30/12/2018 22:20:10, 129198, 18.8, 6.9, 3.4, 4886.9, 372.5, 0.8, 0.3, 0, 43.4, 17.6, 20457.4, 18110.1, 8.5, 178, 2.5, 1
4, 30/12/2018 22:39:10, 129199, 17.5, 5.5, 3, 4595.9, 492, 1.2, 0.3, 0, 24.6, 14.1, 19773.4, 15310.9, 8.2, 166.4, 1.9, 1.2
4, 30/12/2018 22:59:10, 129200, 23.9, 13.5, 3.8, 20241.1, 386.3, 0.7, 0.3, 0, 56.9, 34.5, 21643, 14469.8, 9.5, 212.3, 2.1, 2.2
4, 30/12/2018 23:20:10, 129201, 33.8, 23.7, 4.7, 2469.7, 300.1, 0.4, 0.3, 0, 82.7, 60.7, 29719.1, 14378.1, 11.5, 297.8, 2.1, 1.5
4, 30/12/2018 23:40:10, 129202, 29.9, 17.8, 4.2, 373.3, 373.4, 0.4, 0.3, 0, 59.7, 45.6, 29635.9, 13853, 11.1, 284.2, 1.7, 1.3
