INSTANCE_NUMBER, SNAP_ID, T_BEG, USR_GROUP, CPU, DBTIME, PGA, OTH_WAIT, PXENQ, PXQTIME, PXQRY, PXREL, REQS, YIELDS, IOWAIT, READ, WRITE
1, 127875, 09/12/2018 00:00:07, ADW_UNLOAD_GROUP, 0, 0, 4.5, 0, 0, 0, 0, 0, 779, 0, 0, 0, 0
1, 127876, 09/12/2018 00:20:11, ADW_UNLOAD_GROUP, 0, 0, 4, 0, 0, 0, 0, 0, 744, 0, 0, 0, 0
1, 127877, 09/12/2018 00:40:08, ADW_UNLOAD_GROUP, 0, 0.6, 37, 0.6, 0, 0, 0, 0, 773, 0, 0, 0, 0
1, 127878, 09/12/2018 01:00:20, ADW_UNLOAD_GROUP, 7.5, 22.4, 2795.4, 8.7, 0, 0, 13, 176, 1573, 3661, 6.2, 3363.6, 9957.2
1, 127879, 09/12/2018 01:20:20, ADW_UNLOAD_GROUP, 2.9, 6.2, 1483.7, 2.3, 1, 0, 7, 56, 943, 1030, 1, 1505.5, 4030.3
1, 127880, 09/12/2018 01:40:13, ADW_UNLOAD_GROUP, 1.8, 5.3, 629.8, 3, 8, 0.1, 13, 76, 952, 451, 0.5, 411.3, 3166.2
1, 127881, 09/12/2018 02:00:36, ADW_UNLOAD_GROUP, 0.5, 3.6, 441.4, 2.7, 0, 0, 6, 40, 833, 65, 0.4, 62.5, 1121.5
1, 127882, 09/12/2018 02:20:15, ADW_UNLOAD_GROUP, 10.7, 16.9, 5677.2, 5.2, 0, 0, 28, 280, 1696, 11066, 1, 3473.4, 1978.6
1, 127883, 09/12/2018 02:40:33, ADW_UNLOAD_GROUP, 28.4, 37.6, 24995.7, 8, 0, 0, 14, 216, 1046, 31701, 1.2, 4634.2, 2198.3
1, 127884, 09/12/2018 03:00:01, ADW_UNLOAD_GROUP, 20.6, 58.7, 8709.7, 36.9, 17, 1.4, 21, 336, 1209, 25212, 1.2, 2585.4, 1493.9
1, 127885, 09/12/2018 03:20:35, ADW_UNLOAD_GROUP, 4.1, 14.3, 8321.8, 4.6, 6, 0.1, 44, 408, 1439, 1423, 5.6, 2253.9, 6594.9
1, 127886, 09/12/2018 03:40:01, ADW_UNLOAD_GROUP, 5.1, 11.2, 16625.1, 2.6, 0, 0, 18, 217, 1051, 1088, 3.5, 470.7, 1735
1, 127887, 09/12/2018 04:00:19, ADW_UNLOAD_GROUP, 1.4, 2.4, 4729.1, 0.9, 0, 0, 12, 84, 840, 294, 0.1, 221.1, 348.5
1, 127888, 09/12/2018 04:20:09, ADW_UNLOAD_GROUP, 0, 0.1, 5.4, 0.1, 0, 0, 0, 0, 729, 0, 0, 0, 0
1, 127889, 09/12/2018 04:40:13, ADW_UNLOAD_GROUP, 0, 0, 4.7, 0, 0, 0, 0, 0, 764, 0, 0, 0, 0
1, 127890, 09/12/2018 05:00:06, ADW_UNLOAD_GROUP, 0, 0, 5.4, 0, 0, 0, 0, 0, 761, 0, 0, 0, 0
1, 127891, 09/12/2018 05:20:37, ADW_UNLOAD_GROUP, 0, 0, 2.7, 0, 0, 0, 0, 0, 707, 0, 0, 0, 0
1, 127892, 09/12/2018 05:40:06, ADW_UNLOAD_GROUP, 0, 0, 4.9, 0, 0, 0, 0, 0, 765, 0, 0, 0, 0
1, 127893, 09/12/2018 06:00:23, ADW_UNLOAD_GROUP, 0, 0, 4.8, 0, 0, 0, 0, 0, 753, 0, 0, 0, 0
1, 127894, 09/12/2018 06:20:40, ADW_UNLOAD_GROUP, 0, 0.1, 5.4, 0.1, 0, 0, 0, 0, 695, 0, 0, 0, 0
1, 127895, 09/12/2018 06:40:09, ADW_UNLOAD_GROUP, 0, 0, 3.7, 0, 0, 0, 0, 0, 40, 0, 0, 0, 0
1, 127926, 09/12/2018 17:00:15, ADW_UNLOAD_GROUP, 27.2, 32.1, 13518.6, 3.1, 1, 0, 39, 484, 1949, 29451, 1.8, 6711.1, 2248.9
1, 127927, 09/12/2018 17:20:30, ADW_UNLOAD_GROUP, 35.5, 43.9, 11879.1, 6.6, 9, 0.6, 217, 1985, 2985, 46775, 1.8, 5684.7, 3456.3
1, 127928, 09/12/2018 17:40:06, ADW_UNLOAD_GROUP, 6.2, 6.5, 11494.2, 0.1, 1, 0, 394, 3088, 3656, 1521, 0.2, 1039.3, 436.5
1, 127929, 09/12/2018 18:00:38, ADW_UNLOAD_GROUP, 0.4, 0.5, 1.6, 0, 0, 0, 43, 328, 578, 30, 0.1, 26.1, 32.8
1, 127930, 09/12/2018 18:20:03, ADW_UNLOAD_GROUP, 0.7, 0.8, 2.6, 0, 0, 0, 253, 1920, 2310, 28, 0.1, 62.1, 192.3
1, 127931, 09/12/2018 18:40:07, ADW_UNLOAD_GROUP, 0.9, 1, 4.9, 0, 0, 0, 302, 2348, 2651, 59, 0.1, 111.3, 96.5
1, 127932, 09/12/2018 19:00:05, ADW_UNLOAD_GROUP, 0.9, 1, 3.8, 0, 0, 0, 8, 56, 329, 59, 0.1, 126.9, 43
1, 127934, 09/12/2018 19:40:09, ADW_UNLOAD_GROUP, 0, 0, 4.6, 0, 0, 0, 0, 0, 812, 0, 0, 0, 0
1, 127935, 09/12/2018 20:00:20, ADW_UNLOAD_GROUP, 11.7, 15.3, 2842.8, 1.7, 0, 0, 9, 99, 2368, 8105, 1.9, 1692.6, 4854
1, 127936, 09/12/2018 20:20:13, ADW_UNLOAD_GROUP, 10.1, 13.4, 9440.1, 2.5, 0, 0, 1, 32, 1098, 6717, 0.8, 1035, 5039.8
1, 127937, 09/12/2018 20:40:36, ADW_UNLOAD_GROUP, 10.7, 15.4, 11631, 4.4, 0, 0, 3, 80, 1236, 4887, 0.3, 727.3, 1182.9
1, 127938, 09/12/2018 21:00:27, ADW_UNLOAD_GROUP, 17.6, 18.5, 3681.2, 0, 0, 0, 3, 80, 1172, 6858, 0.9, 1325.1, 2415.6
1, 127939, 09/12/2018 21:20:16, ADW_UNLOAD_GROUP, 24, 28.3, 6693.9, 1.2, 0, 0, 2, 48, 894, 12663, 3.1, 594.8, 8932.2
1, 127940, 09/12/2018 21:40:25, ADW_UNLOAD_GROUP, 18.8, 20.7, 5555.3, 0, 0, 0, 2, 64, 806, 6908, 1.9, 331.9, 5230.8
1, 127941, 09/12/2018 22:00:03, ADW_UNLOAD_GROUP, 15.6, 16.1, 6721.5, 0.2, 0, 0, 2, 64, 598, 5575, 0.3, 401, 434.4
1, 127942, 09/12/2018 22:20:20, ADW_UNLOAD_GROUP, 17, 17.8, 9893.7, 0.7, 0, 0, 0, 0, 635, 6897, 0.1, 250.1, 78.1
1, 127943, 09/12/2018 22:40:04, ADW_UNLOAD_GROUP, 13.9, 14.1, 9097.1, 0.1, 0, 0, 3, 72, 867, 6382, 0.1, 303.3, 122.2
1, 127944, 09/12/2018 23:00:09, ADW_UNLOAD_GROUP, 8.8, 9.4, 7716.9, 0.4, 0, 0, 26, 204, 1350, 2979, 0.2, 448.9, 187.9
1, 127945, 09/12/2018 23:20:05, ADW_UNLOAD_GROUP, 1.9, 2.4, 696, 0.3, 0, 0, 0, 0, 1037, 449, 0.2, 151.9, 252.2
1, 127946, 09/12/2018 23:40:16, ADW_UNLOAD_GROUP, 0.1, 0.1, 5, 0, 0, 0, 1, 32, 834, 28, 0, 5.4, 37.8
1, 127875, 09/12/2018 00:00:07, FP_DM_PRIOR, 4.7, 6.5, 1077.4, 1.3, 0, 0, 101, 2592, 2444, 3274, 0.5, 1403.1, 1515.8
1, 127876, 09/12/2018 00:20:11, FP_DM_PRIOR, 1.8, 3.8, 838.9, 1.9, 0, 0, 5, 80, 48, 259, 0.1, 152.3, 628.7
1, 127877, 09/12/2018 00:40:08, FP_DM_PRIOR, 4.8, 8.2, 1512.2, 2.9, 0, 0, 51, 1432, 1710, 2028, 0.5, 882.4, 1315.8
1, 127878, 09/12/2018 01:00:20, FP_DM_PRIOR, 3.6, 5.1, 1269, 0.9, 0, 0, 4, 64, 36, 1159, 0.6, 321.8, 1792
1, 127879, 09/12/2018 01:20:20, FP_DM_PRIOR, 3.2, 4.6, 851.3, 1, 0, 0, 67, 1405, 1533, 1001, 0.4, 947.9, 823.5
1, 127880, 09/12/2018 01:40:13, FP_DM_PRIOR, 2.1, 4.3, 977.4, 2, 0, 0, 2, 48, 32, 470, 0.2, 258.4, 1420.5
1, 127881, 09/12/2018 02:00:36, FP_DM_PRIOR, 4.7, 7.6, 1056.7, 2.6, 0, 0, 22, 528, 663, 1571, 0.3, 812.3, 1321.1
1, 127882, 09/12/2018 02:20:15, FP_DM_PRIOR, 3.6, 7, 1284.7, 3.2, 0, 0, 2, 19, 32, 1061, 0.2, 469.1, 2640.7
1, 127883, 09/12/2018 02:40:33, FP_DM_PRIOR, 3.8, 4.5, 866.8, 0.4, 0, 0, 104, 2521, 2556, 2098, 0.3, 1134.2, 393.5
1, 127884, 09/12/2018 03:00:01, FP_DM_PRIOR, 3.3, 9.1, 1253.8, 5, 0, 0, 19, 424, 510, 1802, 0.8, 541.9, 2133
1, 127885, 09/12/2018 03:20:35, FP_DM_PRIOR, 0.8, 1, 296.3, 0, 0, 0, 0, 0, 4, 216, 0.2, 86.4, 5.8
1, 127886, 09/12/2018 03:40:01, FP_DM_PRIOR, 3.9, 5.5, 820.8, 1.1, 0, 0, 119, 2932, 3352, 3398, 0.5, 1400.9, 923.9
1, 127887, 09/12/2018 04:00:19, FP_DM_PRIOR, 1.5, 4.1, 746.3, 2.2, 0, 0, 2, 48, 148, 214, 0.4, 252.3, 1618.1
1, 127888, 09/12/2018 04:20:09, FP_DM_PRIOR, 2.2, 2.7, 1066.1, 0.5, 4, 0, 8, 116, 217, 318, 0, 106.5, 60.1
1, 127889, 09/12/2018 04:40:13, FP_DM_PRIOR, 4, 10, 1101.4, 5.1, 8, 2.5, 119, 3021, 2826, 3654, 0.9, 1685.3, 837.3
1, 127890, 09/12/2018 05:00:06, FP_DM_PRIOR, 0.8, 3.1, 515.6, 2.1, 0, 0, 6, 112, 82, 93, 0.2, 110.7, 755.7
1, 127891, 09/12/2018 05:20:37, FP_DM_PRIOR, 3.5, 4.4, 1512.1, 0.5, 0, 0, 9, 256, 356, 685, 0.4, 490.5, 737.1
1, 127892, 09/12/2018 05:40:06, FP_DM_PRIOR, 4.7, 6.3, 6604.9, 1.2, 0, 0, 75, 1772, 1831, 1460, 0.4, 1039.5, 1909.1
1, 127893, 09/12/2018 06:00:23, FP_DM_PRIOR, 3.4, 4.2, 6345.2, 0.6, 0, 0, 1, 16, 76, 624, 0.2, 108.1, 235.8
1, 127894, 09/12/2018 06:20:40, FP_DM_PRIOR, 5.2, 5.5, 5166.7, 0, 0, 0, 72, 1612, 1706, 1503, 0.3, 1213.6, 358.2
1, 127895, 09/12/2018 06:40:09, FP_DM_PRIOR, 1.1, 1.6, 3162.8, 0.3, 0, 0, 4, 128, 104, 221, 0.2, 35.7, 26.6
1, 127926, 09/12/2018 17:00:15, FP_DM_PRIOR, 1, 1.1, 229.9, 0, 0, 0, 16, 400, 352, 325, 0.1, 36.8, 36.4
1, 127927, 09/12/2018 17:20:30, FP_DM_PRIOR, 2.1, 4.5, 361.3, 2.1, 0, 0, 90, 2264, 2345, 1268, 0.3, 1185, 415.7
1, 127928, 09/12/2018 17:40:06, FP_DM_PRIOR, 3.4, 5.6, 1399.6, 1.8, 0, 0, 24, 560, 638, 992, 0.4, 485.5, 2129.3
1, 127929, 09/12/2018 18:00:38, FP_DM_PRIOR, 1.7, 2.2, 238, 0.3, 0, 0, 71, 1688, 1764, 950, 0.2, 1706.5, 304.7
1, 127930, 09/12/2018 18:20:03, FP_DM_PRIOR, 1.2, 1.6, 660.4, 0.3, 0, 0, 32, 696, 714, 409, 0.1, 477.1, 225.8
1, 127931, 09/12/2018 18:40:07, FP_DM_PRIOR, 3.5, 4.1, 674.6, 0.2, 0, 0, 124, 2984, 3063, 1819, 0.4, 1605.6, 1519.9
1, 127932, 09/12/2018 19:00:05, FP_DM_PRIOR, 1.6, 2.9, 995, 1, 0, 0, 0, 0, 4, 473, 0.3, 200.4, 821.2
1, 127934, 09/12/2018 19:40:09, FP_DM_PRIOR, 2.9, 3.5, 1219.8, 0.5, 0, 0, 3, 48, 277, 707, 0.1, 238.2, 509.1
1, 127935, 09/12/2018 20:00:20, FP_DM_PRIOR, 10.5, 29.6, 6893.4, 14.8, 0, 0, 170, 4649, 4595, 9746, 4.3, 2203.9, 13457
1, 127936, 09/12/2018 20:20:13, FP_DM_PRIOR, 8.4, 15.9, 8800.4, 5.3, 0, 0, 48, 1036, 1285, 4078, 2.2, 422.5, 12025.5
1, 127937, 09/12/2018 20:40:36, FP_DM_PRIOR, 9.8, 24.8, 2499.6, 11.7, 0, 0, 123, 3155, 2923, 10432, 3.3, 1772.7, 13956.1
1, 127938, 09/12/2018 21:00:27, FP_DM_PRIOR, 4.5, 12.1, 1442.8, 4.6, 0, 0, 2, 32, 16, 1762, 3, 221, 8111.6
1, 127939, 09/12/2018 21:20:16, FP_DM_PRIOR, 9.1, 21.4, 2196, 7.2, 0, 0, 89, 2200, 2206, 7190, 5.1, 1360.4, 14454.2
1, 127940, 09/12/2018 21:40:25, FP_DM_PRIOR, 10.8, 23.4, 2793.9, 5.5, 0, 0, 16, 448, 515, 7751, 7.1, 876.5, 19968.9
1, 127941, 09/12/2018 22:00:03, FP_DM_PRIOR, 8.5, 18.1, 2048.6, 4.6, 0, 0, 1, 16, 39, 4126, 5, 348.4, 12018.7
1, 127942, 09/12/2018 22:20:20, FP_DM_PRIOR, 10.4, 19.3, 2611.3, 4.5, 0, 0, 129, 3256, 3252, 6938, 4.4, 2126.8, 10028.4
1, 127943, 09/12/2018 22:40:04, FP_DM_PRIOR, 11.2, 21.7, 3323.2, 5.2, 0, 0, 5, 80, 34, 7806, 5.3, 723, 14400.4
1, 127944, 09/12/2018 23:00:09, FP_DM_PRIOR, 17.8, 28, 16958.3, 6.7, 0, 0, 3, 64, 205, 18644, 3.5, 842.8, 6143.2
1, 127945, 09/12/2018 23:20:05, FP_DM_PRIOR, 17.4, 27.9, 48217.7, 7.8, 0, 0, 4, 64, 322, 19282, 2.7, 1088.4, 4740.1
1, 127946, 09/12/2018 23:40:16, FP_DM_PRIOR, 19, 28.2, 49001.4, 6.7, 0, 0, 21, 544, 466, 16050, 2.5, 530.1, 5630.9
1, 127884, 09/12/2018 03:00:01, HDP_UNLOAD_GROUP, 0.3, 0.4, 20.6, 0.1, 0, 0, 3, 24, 39, 299, 0, 270.6, 17.1
1, 127894, 09/12/2018 06:20:40, HDP_UNLOAD_GROUP, 2, 14.3, 653.9, 11.1, 0, 0, 7, 64, 541, 5535, 1.2, 2350.9, 769.7
1, 127895, 09/12/2018 06:40:09, HDP_UNLOAD_GROUP, 10.8, 59, 2947.6, 40.3, 0, 0, 10, 112, 0, 28211, 7.9, 13212.3, 1272.5
1, 127875, 09/12/2018 00:00:07, ODS_SUPPORT_GROUP, 0, 0, 0.8, 0, 0, 0, 0, 0, 10, 5, 0, 0, 0
1, 127876, 09/12/2018 00:20:11, ODS_SUPPORT_GROUP, 0, 0, 1.3, 0, 0, 0, 0, 0, 10, 1, 0, 0, 0
1, 127877, 09/12/2018 00:40:08, ODS_SUPPORT_GROUP, 0, 0, 3.6, 0, 0, 0, 0, 0, 10, 0, 0, 0, 0
1, 127878, 09/12/2018 01:00:20, ODS_SUPPORT_GROUP, 0, 0, 3.4, 0, 0, 0, 0, 0, 10, 2, 0, 0, 0
1, 127879, 09/12/2018 01:20:20, ODS_SUPPORT_GROUP, 0, 0, 1.6, 0, 0, 0, 0, 0, 10, 3, 0, 0, 0
1, 127880, 09/12/2018 01:40:13, ODS_SUPPORT_GROUP, 0, 0, 1.7, 0, 0, 0, 0, 0, 10, 0, 0, 0, 0
1, 127881, 09/12/2018 02:00:36, ODS_SUPPORT_GROUP, 0, 0, 0.2, 0, 0, 0, 0, 0, 10, 1, 0, 0, 0
1, 127882, 09/12/2018 02:20:15, ODS_SUPPORT_GROUP, 0, 0, 2.2, 0, 0, 0, 0, 0, 10, 5, 0, 0, 0
1, 127883, 09/12/2018 02:40:33, ODS_SUPPORT_GROUP, 0, 0, 1, 0, 0, 0, 0, 0, 9, 0, 0, 0, 0
1, 127884, 09/12/2018 03:00:01, ODS_SUPPORT_GROUP, 0, 0.1, 6.5, 0.1, 0, 0, 0, 0, 9, 5, 0, 0, 0
1, 127885, 09/12/2018 03:20:35, ODS_SUPPORT_GROUP, 0, 0, 0.4, 0, 0, 0, 0, 0, 10, 0, 0, 0, 0
1, 127886, 09/12/2018 03:40:01, ODS_SUPPORT_GROUP, 0, 0, 1.9, 0, 0, 0, 0, 0, 10, 0, 0, 0, 0
1, 127887, 09/12/2018 04:00:19, ODS_SUPPORT_GROUP, 0, 0, 0.9, 0, 0, 0, 0, 0, 10, 0, 0, 0, 0
1, 127888, 09/12/2018 04:20:09, ODS_SUPPORT_GROUP, 0, 0, 2.2, 0, 0, 0, 0, 0, 10, 1, 0, 0, 0
1, 127889, 09/12/2018 04:40:13, ODS_SUPPORT_GROUP, 0, 0, 2.6, 0, 0, 0, 0, 0, 10, 0, 0, 0, 0
1, 127890, 09/12/2018 05:00:06, ODS_SUPPORT_GROUP, 0, 0, 1.8, 0, 0, 0, 0, 0, 10, 2, 0, 0, 0
1, 127891, 09/12/2018 05:20:37, ODS_SUPPORT_GROUP, 0, 0, 0.6, 0, 0, 0, 0, 0, 10, 2, 0, 0, 0
1, 127892, 09/12/2018 05:40:06, ODS_SUPPORT_GROUP, 0, 0, 0.8, 0, 0, 0, 0, 0, 10, 0, 0, 0, 0
1, 127893, 09/12/2018 06:00:23, ODS_SUPPORT_GROUP, 0, 0, 2.8, 0, 0, 0, 0, 0, 10, 1, 0, 0, 0
1, 127894, 09/12/2018 06:20:40, ODS_SUPPORT_GROUP, 0, 0, 1.3, 0, 0, 0, 0, 0, 8, 1, 0, 0, 0
1, 127926, 09/12/2018 17:00:15, ODS_SUPPORT_GROUP, 0, 0, 1.3, 0, 0, 0, 0, 0, 9, 1, 0, 0, 0
1, 127930, 09/12/2018 18:20:03, ODS_SUPPORT_GROUP, 0, 0, 0.2, 0, 0, 0, 0, 0, 9, 0, 0, 0, 0
1, 127931, 09/12/2018 18:40:07, ODS_SUPPORT_GROUP, 0, 0, 0.1, 0, 0, 0, 0, 0, 7, 0, 0, 0, 0
1, 127935, 09/12/2018 20:00:20, ODS_SUPPORT_GROUP, 0, 0, 0.7, 0, 0, 0, 0, 0, 9, 2, 0, 0, 0
1, 127937, 09/12/2018 20:40:36, ODS_SUPPORT_GROUP, 0, 0, 0, 0, 0, 0, 0, 0, 7, 0, 0, 0, 0
1, 127938, 09/12/2018 21:00:27, ODS_SUPPORT_GROUP, 0, 0, 0, 0, 0, 0, 0, 0, 9, 1, 0, 0, 0
1, 127939, 09/12/2018 21:20:16, ODS_SUPPORT_GROUP, 0, 0, 2.4, 0, 0, 0, 0, 0, 10, 2, 0, 0, 0
1, 127941, 09/12/2018 22:00:03, ODS_SUPPORT_GROUP, 0, 0, 1.5, 0, 0, 0, 0, 0, 8, 1, 0, 0, 0
1, 127942, 09/12/2018 22:20:20, ODS_SUPPORT_GROUP, 0, 0, 3.6, 0, 0, 0, 0, 0, 10, 9, 0, 0, 0
1, 127943, 09/12/2018 22:40:04, ODS_SUPPORT_GROUP, 0, 0, 1.2, 0, 0, 0, 0, 0, 10, 7, 0, 0, 0
1, 127944, 09/12/2018 23:00:09, ODS_SUPPORT_GROUP, 0, 0, 1.8, 0, 0, 0, 0, 0, 9, 3, 0, 0, 0
1, 127945, 09/12/2018 23:20:05, ODS_SUPPORT_GROUP, 0, 0, 1.4, 0, 0, 0, 0, 0, 10, 2, 0, 0, 0
1, 127946, 09/12/2018 23:40:16, ODS_SUPPORT_GROUP, 0, 0, 1.2, 0, 0, 0, 0, 0, 10, 0, 0, 0, 0
1, 127875, 09/12/2018 00:00:07, OTHER_GROUPS, 14.1, 23.5, 16175.4, 7.4, 0, 0, 0, 0, 6607, 9568, 2, 1377.4, 1362.6
1, 127876, 09/12/2018 00:20:11, OTHER_GROUPS, 13.1, 26, 15194.9, 8.6, 0, 0, 0, 0, 5471, 8856, 4.3, 1413.7, 2006.5
1, 127877, 09/12/2018 00:40:08, OTHER_GROUPS, 15.5, 32.8, 17403.7, 15.3, 0, 0, 2, 46, 5869, 12782, 2, 1448.2, 2201.5
1, 127878, 09/12/2018 01:00:20, OTHER_GROUPS, 18, 32.7, 14551.8, 11.8, 0, 0, 0, 0, 6280, 16587, 2.9, 1121.6, 2850.3
1, 127879, 09/12/2018 01:20:20, OTHER_GROUPS, 11.7, 17.3, 14506.7, 3.7, 0, 0, 0, 0, 5861, 6789, 1.9, 1239.9, 2388.2
1, 127880, 09/12/2018 01:40:13, OTHER_GROUPS, 7.6, 10.6, 15132.9, 1.9, 0, 0, 0, 0, 6230, 731, 1.1, 1341.5, 519.9
1, 127881, 09/12/2018 02:00:36, OTHER_GROUPS, 9.4, 16.1, 17035, 5.2, 0, 0, 0, 0, 6797, 2347, 1.5, 1179.3, 842.1
1, 127882, 09/12/2018 02:20:15, OTHER_GROUPS, 8.8, 12.1, 15931.1, 2.3, 0, 0, 0, 0, 6258, 2059, 1, 1191.6, 434.9
1, 127883, 09/12/2018 02:40:33, OTHER_GROUPS, 7.4, 11.1, 14823.7, 2.7, 0, 0, 0, 0, 4669, 2217, 1, 737.1, 729.6
1, 127884, 09/12/2018 03:00:01, OTHER_GROUPS, 7.7, 44.6, 15867.1, 36.1, 0, 0, 0, 0, 4564, 2442, 0.8, 953.2, 289.8
1, 127885, 09/12/2018 03:20:35, OTHER_GROUPS, 6.5, 23.1, 13762.9, 12.3, 0, 0, 0, 0, 4455, 1423, 4.3, 961, 1095.7
1, 127886, 09/12/2018 03:40:01, OTHER_GROUPS, 11.9, 34.3, 15083.3, 17.5, 0, 0, 0, 0, 5710, 6011, 4.9, 1108.1, 2874.2
1, 127887, 09/12/2018 04:00:19, OTHER_GROUPS, 13.1, 25.4, 38423.7, 9.6, 0, 0, 0, 0, 7897, 4675, 2.7, 1740.9, 1755.6
1, 127888, 09/12/2018 04:20:09, OTHER_GROUPS, 18.5, 29.7, 51636.5, 7.6, 0, 0, 0, 0, 7165, 8340, 3.6, 2334.2, 2707.1
1, 127889, 09/12/2018 04:40:13, OTHER_GROUPS, 16, 35.8, 29435.5, 16.2, 0, 0, 0, 0, 6883, 8691, 3.6, 1964.3, 2978.9
1, 127890, 09/12/2018 05:00:06, OTHER_GROUPS, 12, 32, 14253.8, 17.3, 0, 0, 0, 0, 7566, 6197, 2.7, 1495.7, 3280.9
1, 127891, 09/12/2018 05:20:37, OTHER_GROUPS, 16, 31.6, 16904.4, 12.6, 0, 0, 0, 0, 9878, 11101, 3, 2055.3, 4443.7
1, 127892, 09/12/2018 05:40:06, OTHER_GROUPS, 12.8, 24.3, 14737, 9.1, 0, 0, 0, 0, 5837, 6857, 2.4, 1397.5, 3024.7
1, 127893, 09/12/2018 06:00:23, OTHER_GROUPS, 25.2, 64.7, 21548.6, 33.8, 0, 0, 0, 0, 6371, 26183, 5.7, 1637.7, 8292.5
1, 127894, 09/12/2018 06:20:40, OTHER_GROUPS, 24.6, 53.6, 18926, 24.9, 0, 0, 1, 64, 5546, 18844, 4.1, 1325.6, 5776.1
1, 127895, 09/12/2018 06:40:09, OTHER_GROUPS, 17.5, 40.5, 14283.8, 20.6, 0, 0, 2, 32, 6014, 10738, 2.4, 2709.8, 2720.6
1, 127896, 09/12/2018 07:00:10, OTHER_GROUPS, 48.1, 83.4, 8053, 17.8, 0, 0, 57, 536, 5887, 74648, 17.5, 2430.2, 9193.3
1, 127897, 09/12/2018 07:20:26, OTHER_GROUPS, 25.9, 62.3, 5497.7, 19.7, 0, 0, 30, 336, 5374, 25420, 16.7, 1659.4, 7348.7
1, 127898, 09/12/2018 07:40:30, OTHER_GROUPS, 25.7, 48.3, 3105.2, 14.7, 0, 0, 41, 344, 6519, 24577, 7.9, 1776.2, 5955.9
1, 127899, 09/12/2018 08:00:11, OTHER_GROUPS, 24.2, 63.6, 5322.6, 32.6, 0, 0, 143, 2316, 9909, 21876, 6.8, 3059.4, 6325.3
1, 127900, 09/12/2018 08:20:51, OTHER_GROUPS, 17.4, 32.6, 5286, 12.4, 0, 0, 41, 376, 5704, 10202, 2.8, 1938.4, 4567.1
1, 127901, 09/12/2018 08:40:05, OTHER_GROUPS, 19.2, 27.6, 3353.4, 6.4, 0, 0, 4, 56, 4850, 12011, 2, 2191.8, 1851.4
1, 127902, 09/12/2018 09:00:15, OTHER_GROUPS, 29.6, 45.4, 5809.1, 13.3, 0, 0, 83, 2140, 7935, 28792, 2.5, 3641.5, 2130.4
1, 127903, 09/12/2018 09:20:16, OTHER_GROUPS, 15.4, 28.2, 6691.6, 9.9, 0, 0, 2, 25, 5298, 8895, 2.9, 3763.8, 4519.3
1, 127904, 09/12/2018 09:40:18, OTHER_GROUPS, 14.9, 17.9, 8477.9, 0.8, 0, 0, 7, 104, 6386, 6833, 2.2, 1616.2, 1637.2
1, 127905, 09/12/2018 10:00:20, OTHER_GROUPS, 19.8, 36.5, 11450.1, 13.6, 0, 0, 69, 1618, 8020, 10979, 3.1, 2790, 4970.1
1, 127906, 09/12/2018 10:20:33, OTHER_GROUPS, 22.2, 25.8, 5355.6, 1.7, 0, 0, 8, 176, 7258, 15297, 1.9, 2680.9, 1556.4
1, 127907, 09/12/2018 10:40:01, OTHER_GROUPS, 21.6, 40.2, 6471.5, 16.1, 0, 0, 54, 1288, 7806, 17279, 2.5, 3132.1, 4024.3
1, 127908, 09/12/2018 11:00:11, OTHER_GROUPS, 16, 19.6, 3176.6, 0, 0, 0, 5, 80, 6920, 8701, 3.6, 1846.9, 3406.1
1, 127909, 09/12/2018 11:20:19, OTHER_GROUPS, 14, 16.2, 2897.2, 0, 0, 0, 4, 64, 6146, 7442, 2.2, 969.7, 1510.5
1, 127910, 09/12/2018 11:40:08, OTHER_GROUPS, 20, 23.7, 4216.2, 0, 0, 0, 134, 3240, 9021, 12666, 3.7, 2509.2, 3979
1, 127911, 09/12/2018 12:00:28, OTHER_GROUPS, 15.7, 24, 3943, 3.8, 0, 0, 109, 2804, 8766, 8922, 4.5, 3249.2, 3053.8
1, 127912, 09/12/2018 12:20:01, OTHER_GROUPS, 16.5, 23.4, 4868.5, 1.9, 0, 0, 11, 192, 5918, 8507, 5, 1504.2, 5005.6
1, 127913, 09/12/2018 12:40:09, OTHER_GROUPS, 16.4, 21.6, 3656.9, 0.7, 0, 0, 126, 3120, 9570, 8620, 4.5, 2773.1, 2982.3
1, 127914, 09/12/2018 13:00:06, OTHER_GROUPS, 13, 20, 4509.5, 2.4, 0, 0, 0, 0, 6632, 5859, 4.6, 1102.4, 3447.4
1, 127915, 09/12/2018 13:20:06, OTHER_GROUPS, 13.6, 18.8, 3172.6, 0, 0, 0, 114, 2792, 8497, 6187, 5.2, 1809.1, 2023.7
1, 127916, 09/12/2018 13:40:10, OTHER_GROUPS, 13.6, 18.9, 3091.3, 0, 0, 0, 5, 96, 6325, 6119, 5.3, 1194.7, 3946.3
1, 127917, 09/12/2018 14:00:03, OTHER_GROUPS, 12.9, 19.8, 3911, 1.9, 0, 0, 29, 848, 7444, 5723, 5, 1258.8, 2170.6
1, 127918, 09/12/2018 14:20:19, OTHER_GROUPS, 16.6, 21.2, 3770.5, 0, 0, 0, 7, 192, 6330, 8884, 4.6, 1515.7, 4783.2
1, 127919, 09/12/2018 14:40:24, OTHER_GROUPS, 11, 15.3, 2565.2, 0, 0, 0, 1, 16, 6118, 3226, 4.3, 961, 1641.8
1, 127920, 09/12/2018 15:00:08, OTHER_GROUPS, 13.1, 17.4, 3401.4, 0, 0, 0, 66, 1792, 8229, 4835, 4.3, 2309.9, 3332.1
1, 127921, 09/12/2018 15:20:10, OTHER_GROUPS, 13.5, 18, 4211.2, 0, 0, 0, 75, 1768, 8000, 4504, 4.5, 1893.2, 2758.9
1, 127922, 09/12/2018 15:40:24, OTHER_GROUPS, 12.9, 29.3, 8014.5, 10, 0, 0, 6, 112, 7005, 2697, 6.4, 1203.6, 2467.7
1, 127923, 09/12/2018 16:00:48, OTHER_GROUPS, 14.1, 18, 2832.9, 0, 0, 0, 141, 3600, 9209, 6848, 3.9, 2932.3, 3304.8
1, 127924, 09/12/2018 16:20:10, OTHER_GROUPS, 13.4, 16.9, 5186.2, 0, 0, 0, 4, 84, 7017, 4494, 3.5, 1344.9, 2955.3
1, 127925, 09/12/2018 16:40:05, OTHER_GROUPS, 13.4, 19.4, 4489.2, 3.4, 0, 0, 138, 3368, 12726, 5218, 2.6, 3184.7, 2214.5
1, 127926, 09/12/2018 17:00:15, OTHER_GROUPS, 11.3, 27.4, 15904.6, 13.5, 0, 0, 0, 0, 7444, 6223, 2.6, 1431.8, 1815.1
1, 127927, 09/12/2018 17:20:30, OTHER_GROUPS, 11.5, 25.5, 17123.3, 11.5, 0, 0, 0, 0, 6664, 7289, 2.5, 953.8, 2135.8
1, 127928, 09/12/2018 17:40:06, OTHER_GROUPS, 10.3, 42.8, 19758.4, 29.7, 0, 0, 0, 0, 8227, 2735, 2.8, 1621, 2332.2
1, 127929, 09/12/2018 18:00:38, OTHER_GROUPS, 7.7, 19.3, 11414.2, 9.4, 0, 0, 0, 0, 4927, 2176, 2.2, 1121.3, 1752.8
1, 127930, 09/12/2018 18:20:03, OTHER_GROUPS, 8.7, 16.9, 14719.6, 5.8, 0, 0, 0, 0, 6790, 1981, 2.4, 1187.5, 2037
1, 127931, 09/12/2018 18:40:07, OTHER_GROUPS, 9.2, 14, 14845.5, 2.4, 0, 0, 0, 0, 7634, 2223, 2.4, 1566.8, 1908.5
1, 127932, 09/12/2018 19:00:05, OTHER_GROUPS, 9.2, 16.6, 15560.6, 4.6, 0, 0, 0, 0, 7120, 2494, 2.8, 1543.5, 2197.6
1, 127933, 09/12/2018 19:20:20, OTHER_GROUPS, 9.3, 23.7, 16432.9, 12.5, 0, 0, 0, 0, 8177, 2460, 1.9, 1460.1, 1807.4
1, 127934, 09/12/2018 19:40:09, OTHER_GROUPS, 9, 12.1, 14011.2, 0.4, 0, 0, 0, 0, 7694, 2251, 2.7, 1774.4, 2013
1, 127935, 09/12/2018 20:00:20, OTHER_GROUPS, 10.1, 22.6, 16595.3, 10, 0, 0, 0, 0, 6436, 3604, 2.5, 1143.9, 1729.9
1, 127936, 09/12/2018 20:20:13, OTHER_GROUPS, 9.6, 17.6, 15120, 6.2, 0, 0, 0, 0, 6698, 3236, 1.8, 1147.9, 1583.4
1, 127937, 09/12/2018 20:40:36, OTHER_GROUPS, 10.3, 34.7, 20251.3, 22.7, 0, 0, 1, 22, 8300, 3297, 1.7, 1533.7, 1307.4
1, 127938, 09/12/2018 21:00:27, OTHER_GROUPS, 8.6, 18.2, 12356.3, 7.5, 1, 0, 3, 66, 5656, 2373, 2.1, 1241.2, 1056.1
1, 127939, 09/12/2018 21:20:16, OTHER_GROUPS, 13.4, 23.1, 18380.1, 7.9, 0, 0, 0, 0, 5973, 6718, 1.8, 766.9, 1582
1, 127940, 09/12/2018 21:40:25, OTHER_GROUPS, 17.6, 29, 18650.3, 8.9, 0, 0, 0, 0, 7440, 11323, 2.5, 1030.3, 1805
1, 127941, 09/12/2018 22:00:03, OTHER_GROUPS, 30.7, 53.8, 29619.6, 18, 0, 0, 2, 128, 5771, 26353, 5.1, 2037.4, 7286.8
1, 127942, 09/12/2018 22:20:20, OTHER_GROUPS, 38.2, 53.2, 31290.9, 10.6, 0, 0, 5, 320, 6651, 39902, 4.4, 1842.1, 7015.4
1, 127943, 09/12/2018 22:40:04, OTHER_GROUPS, 22.6, 34.9, 22278.2, 9, 0, 0, 2, 128, 6862, 21803, 3.3, 1248.2, 4824.9
1, 127944, 09/12/2018 23:00:09, OTHER_GROUPS, 19.3, 32.9, 18022.8, 10.3, 0, 0, 0, 0, 6431, 16328, 3.3, 993.2, 3329.2
1, 127945, 09/12/2018 23:20:05, OTHER_GROUPS, 20.2, 39.9, 20817.7, 13.7, 0, 0, 0, 0, 6701, 20436, 6, 1540, 13505.3
1, 127946, 09/12/2018 23:40:16, OTHER_GROUPS, 18.8, 28, 17451.3, 6, 0, 0, 1, 64, 6730, 14710, 3.2, 1166.7, 5465.5
2, 127875, 09/12/2018 00:00:07, ADW_UNLOAD_GROUP, 0.1, 0.8, 98.8, 0.4, 0, 0, 0, 0, 63, 0, 0.3, 4.3, 552.8
2, 127876, 09/12/2018 00:20:11, ADW_UNLOAD_GROUP, 0.1, 0.8, 98.2, 0.4, 0, 0, 0, 0, 74, 0, 0.3, 4.4, 559.1
2, 127877, 09/12/2018 00:40:08, ADW_UNLOAD_GROUP, 0.1, 0.8, 97.9, 0.4, 0, 0, 0, 0, 64, 0, 0.3, 4.9, 630
2, 127878, 09/12/2018 01:00:20, ADW_UNLOAD_GROUP, 0.1, 0.8, 96.1, 0.4, 0, 0, 0, 0, 65, 0, 0.3, 4.5, 580.1
2, 127879, 09/12/2018 01:20:20, ADW_UNLOAD_GROUP, 12, 15, 2741.4, 2.2, 72, 0.8, 73, 2118, 3325, 8747, 0.8, 7884.3, 983.5
2, 127880, 09/12/2018 01:40:13, ADW_UNLOAD_GROUP, 25.6, 27.1, 8995.4, 0, 49, 0.5, 93, 2458, 20179, 18805, 1.5, 15680.1, 2172
2, 127881, 09/12/2018 02:00:36, ADW_UNLOAD_GROUP, 0.4, 1.3, 73.9, 0, 0, 0, 20, 520, 760, 54, 0.9, 1477, 358.4
2, 127882, 09/12/2018 02:20:15, ADW_UNLOAD_GROUP, 3.5, 6.4, 8147.9, 0, 0, 0, 0, 0, 104, 227, 2.9, 273.5, 758.8
2, 127883, 09/12/2018 02:40:33, ADW_UNLOAD_GROUP, 4.2, 8.3, 16989.5, 0, 0, 0, 0, 0, 67, 302, 4.1, 350, 1109.9
2, 127884, 09/12/2018 03:00:01, ADW_UNLOAD_GROUP, 1.4, 3.1, 11488.1, 0, 0, 0, 0, 0, 195, 89, 1.7, 125.7, 465.5
2, 127885, 09/12/2018 03:20:27, ADW_UNLOAD_GROUP, 0.4, 1.2, 3360, 0.6, 0, 0, 0, 0, 74, 5, 0.2, 1.2, 82.3
2, 127886, 09/12/2018 03:40:01, ADW_UNLOAD_GROUP, 0.6, 1, 896.6, 0.1, 0, 0, 0, 0, 72, 11, 0.3, 9.7, 132.9
2, 127887, 09/12/2018 04:00:18, ADW_UNLOAD_GROUP, 0.6, 1, 150.8, 0.2, 0, 0, 0, 0, 85, 9, 0.2, 8.3, 106.8
2, 127888, 09/12/2018 04:20:09, ADW_UNLOAD_GROUP, 0.6, 0.8, 153.8, 0, 0, 0, 0, 0, 86, 6, 0.2, 8, 89.3
2, 127889, 09/12/2018 04:40:13, ADW_UNLOAD_GROUP, 0.4, 0.5, 141.3, 0.1, 0, 0, 0, 0, 77, 4, 0, 8.1, 0
2, 127890, 09/12/2018 05:00:06, ADW_UNLOAD_GROUP, 0.4, 0.5, 121.4, 0.1, 0, 0, 0, 0, 77, 11, 0, 8.7, 0
2, 127891, 09/12/2018 05:20:37, ADW_UNLOAD_GROUP, 0.4, 0.5, 134.1, 0.1, 0, 0, 0, 0, 86, 8, 0, 8.7, 0
2, 127892, 09/12/2018 05:40:06, ADW_UNLOAD_GROUP, 0.4, 0.5, 192.3, 0.1, 0, 0, 0, 0, 88, 11, 0, 8.6, 0
2, 127893, 09/12/2018 06:00:23, ADW_UNLOAD_GROUP, 32.3, 43.6, 59974.2, 9.6, 0, 0, 0, 0, 508, 22587, 1.7, 1912.4, 4287.6
2, 127894, 09/12/2018 06:20:40, ADW_UNLOAD_GROUP, 41.4, 43.8, 61766.1, 0, 0, 0, 2, 56, 314, 26302, 2.4, 783.5, 5335.8
2, 127895, 09/12/2018 06:40:01, ADW_UNLOAD_GROUP, 25.8, 30.5, 49865.8, 3.1, 0, 0, 1, 32, 613, 17185, 1.6, 339.3, 3415.1
2, 127926, 09/12/2018 17:00:15, ADW_UNLOAD_GROUP, 0.3, 0.4, 9.3, 0.1, 0, 0, 0, 0, 70, 9, 0, 0.3, 0
2, 127927, 09/12/2018 17:20:30, ADW_UNLOAD_GROUP, 0.3, 0.4, 9.4, 0.1, 0, 0, 0, 0, 318, 10, 0, 1.9, 207.4
2, 127928, 09/12/2018 17:40:02, ADW_UNLOAD_GROUP, 0.3, 1, 13.9, 0.6, 0, 0, 0, 0, 640, 7, 0.1, 5.5, 688.3
2, 127929, 09/12/2018 18:00:39, ADW_UNLOAD_GROUP, 0.2, 0.3, 6, 0, 0, 0, 0, 0, 388, 3, 0.1, 3, 372.7
2, 127930, 09/12/2018 18:20:08, ADW_UNLOAD_GROUP, 0.2, 0.4, 9.4, 0.2, 0, 0, 0, 0, 377, 7, 0, 4, 500
2, 127931, 09/12/2018 18:40:07, ADW_UNLOAD_GROUP, 0.3, 0.4, 9.3, 0, 0, 0, 0, 0, 547, 9, 0.1, 4.5, 554.4
2, 127932, 09/12/2018 19:00:05, ADW_UNLOAD_GROUP, 0.9, 1, 40.4, 0, 0, 0, 2, 32, 718, 29, 0.1, 620, 514.1
2, 127934, 09/12/2018 19:40:09, ADW_UNLOAD_GROUP, 0.3, 0.4, 9.3, 0, 0, 0, 0, 0, 69, 10, 0.1, 4.6, 569.2
2, 127935, 09/12/2018 20:00:20, ADW_UNLOAD_GROUP, 0.2, 0.4, 9.4, 0.1, 0, 0, 0, 0, 51, 16, 0.1, 3, 371.1
2, 127936, 09/12/2018 20:20:13, ADW_UNLOAD_GROUP, 0.3, 0.4, 9.3, 0.1, 0, 0, 0, 0, 58, 6, 0, 3.6, 442.8
2, 127937, 09/12/2018 20:40:36, ADW_UNLOAD_GROUP, 0.3, 0.6, 12, 0.2, 0, 0, 0, 0, 94, 18, 0.1, 4.1, 511
2, 127938, 09/12/2018 21:00:27, ADW_UNLOAD_GROUP, 0.2, 0.3, 7, 0, 0, 0, 0, 0, 43, 12, 0.1, 2.4, 295.1
2, 127939, 09/12/2018 21:20:16, ADW_UNLOAD_GROUP, 0.3, 0.4, 9.3, 0.1, 0, 0, 0, 0, 56, 15, 0, 3.6, 445.6
2, 127940, 09/12/2018 21:40:25, ADW_UNLOAD_GROUP, 0.3, 0.4, 9.4, 0.1, 0, 0, 0, 0, 171, 29, 0, 3.1, 384.1
2, 127941, 09/12/2018 22:00:03, ADW_UNLOAD_GROUP, 0.9, 1.1, 410.3, 0.1, 0, 0, 0, 0, 410, 85, 0.1, 3.3, 329.9
2, 127942, 09/12/2018 22:20:20, ADW_UNLOAD_GROUP, 3.7, 4.6, 1041.8, 0, 0, 0, 29, 888, 1253, 932, 0.9, 818.6, 403.9
2, 127943, 09/12/2018 22:40:04, ADW_UNLOAD_GROUP, 1.9, 2.8, 667.3, 0, 0, 0, 7, 208, 295, 382, 0.9, 1736.8, 213.3
2, 127944, 09/12/2018 23:00:09, ADW_UNLOAD_GROUP, 0.6, 0.6, 150.9, 0, 0, 0, 15, 464, 503, 76, 0, 5.9, 0.8
2, 127945, 09/12/2018 23:20:05, ADW_UNLOAD_GROUP, 0.1, 0.1, 0.9, 0, 0, 0, 1, 8, 87, 2, 0, 1, 1.2
2, 127946, 09/12/2018 23:40:16, ADW_UNLOAD_GROUP, 0, 0, 0, 0, 0, 0, 0, 0, 75, 3, 0, 0.1, 3.2
2, 127875, 09/12/2018 00:00:07, FP_DM_PRIOR, 6.5, 13.2, 1513.5, 3.8, 0, 0, 38, 812, 1140, 4154, 2.9, 986.3, 14689.7
2, 127876, 09/12/2018 00:20:11, FP_DM_PRIOR, 3.6, 9, 1790.8, 4.2, 0, 0, 1, 16, 44, 1515, 1.2, 452.5, 14867.5
2, 127877, 09/12/2018 00:40:08, FP_DM_PRIOR, 5.3, 10.5, 1274.4, 3.8, 0, 0, 86, 1952, 1836, 3548, 1.4, 1374.5, 14893.5
2, 127878, 09/12/2018 01:00:20, FP_DM_PRIOR, 4.4, 9.6, 1366.5, 3.4, 0, 0, 3, 48, 89, 1567, 1.8, 494.1, 14523.9
2, 127879, 09/12/2018 01:20:20, FP_DM_PRIOR, 7.3, 10.2, 1795.4, 0.9, 0, 0, 94, 2163, 2236, 6118, 2, 1290.5, 4716.4
2, 127880, 09/12/2018 01:40:13, FP_DM_PRIOR, 2.5, 3.5, 578.2, 0.5, 0, 0, 11, 184, 158, 622, 0.5, 224.4, 1066.4
2, 127881, 09/12/2018 02:00:36, FP_DM_PRIOR, 4.5, 5.1, 1178.8, 0.3, 0, 0, 131, 3196, 3303, 2303, 0.3, 1543.9, 473.2
2, 127882, 09/12/2018 02:20:15, FP_DM_PRIOR, 0.9, 1.2, 204.3, 0.3, 0, 0, 0, 0, 3, 51, 0, 20.4, 4.5
2, 127883, 09/12/2018 02:40:33, FP_DM_PRIOR, 3.4, 3.7, 1113.5, 0.1, 0, 0, 3, 64, 281, 1654, 0.2, 290.5, 418.7
2, 127884, 09/12/2018 03:00:01, FP_DM_PRIOR, 2.9, 6.2, 2012.4, 2.8, 0, 0, 17, 413, 374, 749, 0.5, 643.7, 1666
2, 127885, 09/12/2018 03:20:27, FP_DM_PRIOR, 2.6, 4.3, 1201.3, 1.4, 0, 0, 2, 18, 50, 842, 0.3, 124.1, 26.2
2, 127886, 09/12/2018 03:40:01, FP_DM_PRIOR, 6.5, 9.1, 2732.3, 2.1, 0, 0, 24, 476, 625, 3323, 0.5, 761.8, 510.9
2, 127887, 09/12/2018 04:00:18, FP_DM_PRIOR, 7.9, 11.7, 2223.7, 3.5, 0, 0, 3, 20, 2, 3417, 0.3, 415.8, 1881.5
2, 127888, 09/12/2018 04:20:09, FP_DM_PRIOR, 5.5, 6.3, 9939.4, 0.8, 1, 0, 0, 0, 2, 1848, 0, 69.4, 0
2, 127889, 09/12/2018 04:40:13, FP_DM_PRIOR, 7.7, 9.6, 17994.7, 1.7, 0, 0.2, 19, 328, 462, 1376, 0.2, 389.1, 201.3
2, 127890, 09/12/2018 05:00:06, FP_DM_PRIOR, 4.8, 9, 15484.9, 3.6, 0, 0, 2, 48, 32, 1100, 0.6, 349.9, 1912.7
2, 127891, 09/12/2018 05:20:37, FP_DM_PRIOR, 2.8, 3.1, 1737.2, 0.3, 0, 0, 7, 208, 258, 452, 0, 262.1, 0.6
2, 127892, 09/12/2018 05:40:06, FP_DM_PRIOR, 4, 6.2, 807.9, 1.8, 0, 0, 68, 1680, 1931, 2153, 0.4, 1381.6, 1492.5
2, 127893, 09/12/2018 06:00:23, FP_DM_PRIOR, 2.7, 3.6, 1775.1, 0.6, 0, 0, 0, 0, 78, 1138, 0.3, 163.1, 605.1
2, 127894, 09/12/2018 06:20:40, FP_DM_PRIOR, 7, 12.3, 3426, 4, 0, 0, 71, 1840, 2080, 7517, 1.3, 1076.6, 1587.6
2, 127895, 09/12/2018 06:40:01, FP_DM_PRIOR, 2.5, 8.5, 1704.1, 5.1, 0, 0, 1, 32, 0, 1533, 0.9, 193.7, 1897.5
2, 127926, 09/12/2018 17:00:15, FP_DM_PRIOR, 0.6, 10.5, 4482.1, 9.9, 0, 0, 12, 336, 272, 99, 0, 10.4, 11.1
2, 127927, 09/12/2018 17:20:30, FP_DM_PRIOR, 4.4, 5.9, 5590.2, 1.4, 0, 0, 20, 424, 650, 1281, 0.1, 1090.2, 387.7
2, 127928, 09/12/2018 17:40:02, FP_DM_PRIOR, 3.3, 5.6, 4881.8, 2.1, 0, 0, 11, 264, 203, 667, 0.2, 670.2, 1828.7
2, 127929, 09/12/2018 18:00:39, FP_DM_PRIOR, 2.7, 4.3, 4502.4, 1.4, 0, 0, 34, 920, 1079, 1136, 0.2, 513.7, 383.3
2, 127930, 09/12/2018 18:20:08, FP_DM_PRIOR, 4.7, 9.5, 4694.8, 4.5, 0, 0, 6, 176, 224, 1595, 0.3, 652.5, 3254.5
2, 127931, 09/12/2018 18:40:07, FP_DM_PRIOR, 5.1, 5.8, 4510.7, 0.5, 0, 0, 20, 512, 682, 1987, 0.2, 1456.1, 1291.8
2, 127932, 09/12/2018 19:00:05, FP_DM_PRIOR, 2.4, 3.4, 3279, 0.8, 0, 0, 1, 16, 16, 353, 0.2, 169, 901
2, 127934, 09/12/2018 19:40:09, FP_DM_PRIOR, 0.6, 0.8, 3465.8, 0.2, 0, 0, 6, 96, 142, 32, 0, 33, 6.5
2, 127935, 09/12/2018 20:00:20, FP_DM_PRIOR, 8.2, 22.9, 5870, 12, 0, 0, 89, 2344, 2626, 4169, 2.7, 1491.2, 10546.1
2, 127936, 09/12/2018 20:20:13, FP_DM_PRIOR, 7.3, 17.6, 4043.7, 7.9, 0, 0, 9, 184, 173, 4496, 2.4, 612.1, 31328.2
2, 127937, 09/12/2018 20:40:36, FP_DM_PRIOR, 10.5, 27.7, 7732.2, 14.1, 0, 0, 11, 248, 314, 6649, 3.1, 1804.2, 28789
2, 127938, 09/12/2018 21:00:27, FP_DM_PRIOR, 2.6, 11.9, 2470.3, 7.5, 0, 0, 2, 64, 64, 1070, 1.8, 150.6, 9596.4
2, 127939, 09/12/2018 21:20:16, FP_DM_PRIOR, 7.1, 20.9, 4258, 10.9, 0, 0, 13, 280, 410, 3913, 2.9, 1246.7, 23239.2
2, 127940, 09/12/2018 21:40:25, FP_DM_PRIOR, 7.3, 20.9, 4276.7, 10.1, 0, 0, 24, 536, 490, 4376, 3.5, 726.6, 23816.3
2, 127941, 09/12/2018 22:00:03, FP_DM_PRIOR, 5.1, 20.9, 4294.2, 10.5, 0, 0, 0, 0, 121, 2317, 5.3, 346, 17581.2
2, 127942, 09/12/2018 22:20:20, FP_DM_PRIOR, 9.9, 24.1, 3464.8, 8.2, 0, 0, 16, 284, 437, 7301, 6, 668.5, 20330.2
2, 127943, 09/12/2018 22:40:04, FP_DM_PRIOR, 6.5, 18.5, 2399, 6.9, 0, 0, 2, 48, 46, 3420, 5.1, 420.3, 22624.3
2, 127944, 09/12/2018 23:00:09, FP_DM_PRIOR, 5.2, 17.9, 2388, 9.2, 0, 0, 4, 105, 188, 2534, 3.5, 424.6, 19903.9
2, 127945, 09/12/2018 23:20:05, FP_DM_PRIOR, 8.1, 18.7, 2209.7, 7.5, 0, 0, 114, 2824, 2842, 6213, 3.1, 1674.5, 13437.9
2, 127946, 09/12/2018 23:40:16, FP_DM_PRIOR, 9.4, 19.7, 2887.6, 6.8, 0, 0, 2, 21, 44, 5353, 3.5, 630.9, 16328.5
2, 127875, 09/12/2018 00:00:07, HDP_UNLOAD_GROUP, 2.6, 7.2, 7256.9, 3.9, 0, 0, 0, 0, 0, 709, 0.7, 219.1, 963.3
2, 127876, 09/12/2018 00:20:11, HDP_UNLOAD_GROUP, 1.3, 5.8, 7420.2, 4.4, 0, 0, 0, 0, 0, 294, 0.1, 91.2, 396.3
2, 127877, 09/12/2018 00:40:08, HDP_UNLOAD_GROUP, 2, 5.6, 7765.2, 3.5, 0, 0, 0, 0, 0, 425, 0.1, 188.8, 440.8
2, 127878, 09/12/2018 01:00:20, HDP_UNLOAD_GROUP, 2.7, 7, 7442.4, 4.2, 0, 0, 0, 0, 0, 450, 0.1, 164, 408.8
2, 127879, 09/12/2018 01:20:20, HDP_UNLOAD_GROUP, 3.8, 9.1, 10998.5, 4.7, 0, 0, 0, 0, 0, 755, 0.6, 151.8, 921.4
2, 127880, 09/12/2018 01:40:13, HDP_UNLOAD_GROUP, 4.2, 7, 7901.8, 1.9, 0, 0, 1, 16, 0, 861, 0.9, 65.1, 1445.4
2, 127881, 09/12/2018 02:00:36, HDP_UNLOAD_GROUP, 2.9, 6.4, 7288.9, 2.7, 0, 0, 0, 0, 0, 245, 0.8, 59.3, 1529.7
2, 127882, 09/12/2018 02:20:15, HDP_UNLOAD_GROUP, 1.4, 1.9, 2223.3, 0.3, 0, 0, 1, 16, 18, 197, 0.2, 33.7, 520.3
2, 127883, 09/12/2018 02:40:33, HDP_UNLOAD_GROUP, 0.3, 1.1, 97.6, 0.6, 0, 0, 0, 0, 0, 13, 0.2, 4.1, 509.6
2, 127884, 09/12/2018 03:00:01, HDP_UNLOAD_GROUP, 0.1, 0.6, 23.1, 0.4, 0, 0, 3, 24, 19, 9, 0.1, 182.4, 106.6
2, 127894, 09/12/2018 06:20:40, HDP_UNLOAD_GROUP, 2.4, 5.3, 249.6, 1.9, 0, 0, 6, 56, 291, 1357, 1, 366.3, 1910.6
2, 127895, 09/12/2018 06:40:01, HDP_UNLOAD_GROUP, 8.9, 20.9, 1405.5, 8.9, 1, 0, 96, 928, 1700, 8351, 3.1, 721, 1820.9
2, 127941, 09/12/2018 22:00:03, HDP_UNLOAD_GROUP, 0.3, 0.4, 43.6, 0.1, 0, 0, 0, 0, 12, 31, 0, 2.7, 2.7
2, 127942, 09/12/2018 22:20:20, HDP_UNLOAD_GROUP, 0.3, 0.3, 40, 0, 0, 0, 0, 0, 0, 47, 0, 1.6, 0.3
2, 127883, 09/12/2018 02:40:33, ODS_SUPPORT_GROUP, 0, 0, 0.6, 0, 0, 0, 0, 0, 7, 1, 0, 0, 0
2, 127894, 09/12/2018 06:20:40, ODS_SUPPORT_GROUP, 0, 0, 2.6, 0, 0, 0, 0, 0, 8, 5, 0, 0, 0
2, 127895, 09/12/2018 06:40:01, ODS_SUPPORT_GROUP, 0, 0.1, 11.4, 0.1, 0, 0, 0, 0, 6, 9, 0, 0, 0
2, 127928, 09/12/2018 17:40:02, ODS_SUPPORT_GROUP, 0, 0, 0, 0, 0, 0, 0, 0, 9, 0, 0, 0, 0
2, 127930, 09/12/2018 18:20:08, ODS_SUPPORT_GROUP, 0, 0, 0.7, 0, 0, 0, 0, 0, 7, 0, 0, 0, 0
2, 127932, 09/12/2018 19:00:05, ODS_SUPPORT_GROUP, 0, 0, 0.3, 0, 0, 0, 0, 0, 8, 0, 0, 0, 0
2, 127941, 09/12/2018 22:00:03, ODS_SUPPORT_GROUP, 0, 0, 1.1, 0, 0, 0, 0, 0, 8, 0, 0, 0, 0
2, 127875, 09/12/2018 00:00:07, OTHER_GROUPS, 13.4, 21.8, 17801, 6.3, 0, 0, 0, 0, 6637, 9637, 2.1, 1253.4, 1005.9
2, 127876, 09/12/2018 00:20:11, OTHER_GROUPS, 9.4, 17.2, 14594.5, 4.3, 0, 0, 0, 0, 5402, 4551, 3.5, 1401.5, 580.9
2, 127877, 09/12/2018 00:40:08, OTHER_GROUPS, 9.9, 17.3, 15231, 5.6, 0, 0, 0, 0, 5713, 5220, 1.8, 1305.4, 535.7
2, 127878, 09/12/2018 01:00:20, OTHER_GROUPS, 11, 21.7, 16022.7, 7, 0, 0, 0, 0, 6319, 6864, 3.7, 1210.7, 1058
2, 127879, 09/12/2018 01:20:20, OTHER_GROUPS, 11.5, 18.9, 16085.8, 4.7, 0, 0, 0, 0, 5846, 7754, 2.7, 1075.7, 1149
2, 127880, 09/12/2018 01:40:13, OTHER_GROUPS, 9.6, 14.3, 13564.3, 3.3, 0, 0, 1, 16, 6209, 4231, 1.4, 2233, 607
2, 127881, 09/12/2018 02:00:36, OTHER_GROUPS, 9, 14.4, 15766.3, 3.4, 0, 0, 1, 16, 6806, 3321, 2, 1102, 741.8
2, 127882, 09/12/2018 02:20:15, OTHER_GROUPS, 10.2, 13.5, 14296.4, 1.8, 0, 0, 0, 0, 6190, 4412, 1.5, 1269.6, 687.3
2, 127883, 09/12/2018 02:40:33, OTHER_GROUPS, 8.6, 13.7, 15167.4, 3.3, 0, 0, 0, 0, 4647, 2575, 1.8, 1037.8, 663.5
2, 127884, 09/12/2018 03:00:01, OTHER_GROUPS, 8, 33.2, 16838, 23.8, 0, 0, 0, 0, 4451, 1591, 1.4, 1224.9, 427.2
2, 127885, 09/12/2018 03:20:27, OTHER_GROUPS, 6.1, 14.3, 14960.3, 4.3, 0, 0, 0, 0, 4425, 1500, 3.9, 937.4, 590.9
2, 127886, 09/12/2018 03:40:01, OTHER_GROUPS, 8.3, 13.9, 15135.8, 2.6, 0, 0, 0, 0, 5632, 2659, 3, 1188, 783.4
2, 127887, 09/12/2018 04:00:18, OTHER_GROUPS, 11.6, 16.2, 37061.4, 2.5, 0, 0, 0, 0, 6184, 3374, 2.1, 1514.9, 831.6
2, 127888, 09/12/2018 04:20:09, OTHER_GROUPS, 15.3, 18.4, 46533.4, 0, 0, 0, 0, 0, 5354, 4833, 3.1, 2426.5, 958.5
2, 127889, 09/12/2018 04:40:13, OTHER_GROUPS, 11.2, 14.6, 27251.3, 1.6, 0, 0, 0, 0, 6193, 3131, 1.8, 1921.1, 763.5
2, 127890, 09/12/2018 05:00:06, OTHER_GROUPS, 8.5, 25.9, 15655.8, 15.6, 0, 0, 0, 0, 7768, 2111, 1.8, 1601, 1004.3
2, 127891, 09/12/2018 05:20:37, OTHER_GROUPS, 9.3, 13.1, 16009.3, 2.2, 0, 0, 0, 0, 7291, 3415, 1.6, 2390.9, 980.9
2, 127892, 09/12/2018 05:40:06, OTHER_GROUPS, 9.9, 13.3, 15312, 1.8, 0, 0, 0, 0, 5741, 4541, 1.6, 1363.1, 1025.3
2, 127893, 09/12/2018 06:00:23, OTHER_GROUPS, 19, 32.6, 18185.5, 11.4, 0, 0, 0, 0, 6385, 19102, 2.2, 890.2, 911.6
2, 127894, 09/12/2018 06:20:40, OTHER_GROUPS, 27.3, 72.2, 19930.2, 42.2, 0, 0, 0, 0, 5909, 23513, 2.7, 823.8, 1828.6
2, 127895, 09/12/2018 06:40:01, OTHER_GROUPS, 22.1, 56.2, 15275.5, 31.3, 0, 0, 5, 44, 6110, 20238, 2.8, 485.3, 1604
2, 127896, 09/12/2018 07:00:11, OTHER_GROUPS, 78.9, 121.4, 59838.3, 27, 0, 0, 134, 1268, 7498, 125647, 15.5, 2593.7, 6821.3
2, 127897, 09/12/2018 07:20:22, OTHER_GROUPS, 72.7, 116.9, 27416.8, 31.2, 0, 0, 45, 456, 5953, 123999, 13, 1586.8, 5670.9
2, 127898, 09/12/2018 07:40:30, OTHER_GROUPS, 60, 97.5, 22780.5, 23.6, 0, 0, 30, 314, 6427, 98659, 13.9, 2032.4, 9398.4
2, 127899, 09/12/2018 08:00:11, OTHER_GROUPS, 48.4, 85.1, 18862.1, 20.9, 0, 0, 81, 1760, 7988, 80539, 15.8, 2816.5, 9834.3
2, 127900, 09/12/2018 08:20:51, OTHER_GROUPS, 27.7, 39.8, 13126.5, 7.9, 0, 0, 38, 412, 5626, 33367, 4.2, 1562.5, 6643.3
2, 127901, 09/12/2018 08:40:05, OTHER_GROUPS, 25.6, 33.3, 14265.4, 3.9, 0, 0, 24, 235, 5341, 31174, 3.8, 5454.4, 7923.8
2, 127902, 09/12/2018 09:00:10, OTHER_GROUPS, 29.7, 47.1, 10234.7, 11.5, 1, 0.1, 53, 1185, 7669, 40675, 5.9, 6592.8, 11984.8
2, 127903, 09/12/2018 09:20:16, OTHER_GROUPS, 25.7, 39.9, 10482.1, 6.5, 0, 0, 28, 576, 6677, 27479, 7.7, 1653.1, 10756.2
2, 127904, 09/12/2018 09:40:18, OTHER_GROUPS, 57.6, 65.2, 25949.6, 0, 1, 0, 150, 3950, 13960, 73285, 7.6, 20481.8, 9573.8
2, 127905, 09/12/2018 10:00:20, OTHER_GROUPS, 27.6, 33.7, 12917.2, 0, 0, 0, 100, 2634, 10239, 24776, 6.1, 11252.9, 10829.8
2, 127906, 09/12/2018 10:20:33, OTHER_GROUPS, 18.7, 21.2, 6846.5, 0, 0, 0, 3, 80, 7602, 12027, 2.5, 2202.8, 2684.6
2, 127907, 09/12/2018 10:40:02, OTHER_GROUPS, 13.6, 18.6, 6043.6, 2.8, 0, 0, 106, 2456, 9000, 6366, 2.2, 2774.8, 2517.1
2, 127908, 09/12/2018 11:00:13, OTHER_GROUPS, 10.8, 13.4, 3073.5, 0, 0, 0, 2, 64, 6217, 4120, 2.6, 2754.7, 2010.2
2, 127909, 09/12/2018 11:20:19, OTHER_GROUPS, 11, 13.3, 4208.7, 0, 0, 0, 6, 176, 5535, 4751, 2.3, 1081.3, 1916.1
2, 127910, 09/12/2018 11:40:08, OTHER_GROUPS, 21.7, 25.3, 14025.5, 0, 0, 0, 21, 608, 5452, 13548, 3.6, 1875.3, 3653.4
2, 127911, 09/12/2018 12:00:28, OTHER_GROUPS, 22.8, 26.8, 12681.1, 0, 0, 0, 85, 2262, 8712, 18765, 4, 5871.4, 1613.2
2, 127912, 09/12/2018 12:20:00, OTHER_GROUPS, 42.4, 45.9, 18118.2, 0, 0, 0, 105, 2818, 10530, 43022, 3.5, 15508.9, 2429.6
2, 127913, 09/12/2018 12:40:04, OTHER_GROUPS, 20.5, 27.8, 24500.9, 0, 0, 0, 38, 944, 7277, 9870, 7.3, 4625.3, 3522.1
2, 127914, 09/12/2018 13:00:04, OTHER_GROUPS, 16.4, 24.1, 25138.7, 0, 0, 0, 3, 96, 6009, 8011, 7.7, 1343, 4377.5
2, 127915, 09/12/2018 13:20:06, OTHER_GROUPS, 15, 20.1, 9376, 0, 0, 0, 25, 624, 5646, 7096, 5.1, 2147.2, 2302.4
2, 127916, 09/12/2018 13:40:10, OTHER_GROUPS, 13.1, 17.8, 4634.9, 0, 0, 0, 2, 48, 5559, 6780, 4.7, 1274.2, 3340.2
2, 127917, 09/12/2018 14:00:03, OTHER_GROUPS, 13.4, 18.4, 5755.3, 0, 0, 0, 80, 1856, 7449, 6317, 5, 2426.7, 1838.3
2, 127918, 09/12/2018 14:20:19, OTHER_GROUPS, 11.1, 15.2, 2877.2, 0, 0, 0, 24, 536, 5811, 4794, 4.1, 1035.3, 2316.6
2, 127919, 09/12/2018 14:40:24, OTHER_GROUPS, 11.3, 17.8, 2948.9, 0, 0, 0, 13, 192, 5509, 4619, 6.5, 1702.4, 2428.4
2, 127920, 09/12/2018 15:00:05, OTHER_GROUPS, 17, 26.3, 4519.9, 0, 0, 0, 69, 1592, 7221, 11513, 9.3, 2444.5, 4816.1
2, 127921, 09/12/2018 15:20:10, OTHER_GROUPS, 14.7, 20.6, 3672, 0, 0, 0, 64, 1648, 7000, 8862, 5.9, 2606.6, 2658.7
2, 127922, 09/12/2018 15:40:24, OTHER_GROUPS, 17, 30.9, 6974.3, 8.6, 0, 0, 10, 208, 6206, 9483, 5.3, 1661.4, 4954.3
2, 127923, 09/12/2018 16:00:48, OTHER_GROUPS, 15.4, 19, 4086.4, 0, 0, 0, 57, 1576, 6252, 9350, 3.6, 2403.8, 1690.8
2, 127924, 09/12/2018 16:20:10, OTHER_GROUPS, 14.7, 17.8, 6081.1, 0, 0, 0, 11, 320, 6298, 8008, 3.1, 1548, 3081.6
2, 127925, 09/12/2018 16:40:05, OTHER_GROUPS, 15, 17.2, 6927.8, 0, 0, 0, 50, 1360, 9931, 5852, 2.2, 2470.2, 1797
2, 127926, 09/12/2018 17:00:15, OTHER_GROUPS, 12.8, 16.9, 17176.9, 0.9, 0, 0, 0, 0, 7335, 6004, 3.2, 2434.5, 5066.9
2, 127927, 09/12/2018 17:20:30, OTHER_GROUPS, 10.5, 13.9, 16580.6, 1.3, 0, 0, 0, 0, 6520, 3139, 2.1, 1497.1, 1323.4
2, 127928, 09/12/2018 17:40:02, OTHER_GROUPS, 11.4, 36.5, 22163.5, 22.7, 0, 0, 0, 0, 9100, 2616, 2.4, 1939.4, 1332.5
2, 127929, 09/12/2018 18:00:39, OTHER_GROUPS, 5.8, 8.4, 10291.4, 1.3, 0, 0, 0, 0, 4223, 1173, 1.3, 956.3, 685.4
2, 127930, 09/12/2018 18:20:08, OTHER_GROUPS, 8.7, 12.9, 14997.8, 2.6, 0, 0, 0, 0, 6565, 2114, 1.6, 1113.4, 962.3
2, 127931, 09/12/2018 18:40:07, OTHER_GROUPS, 8.8, 10.7, 14515.2, 0.2, 0, 0, 0, 0, 7482, 2082, 1.7, 1581.1, 939.9
2, 127932, 09/12/2018 19:00:05, OTHER_GROUPS, 9, 11.6, 15372, 0.8, 0, 0, 0, 0, 7114, 2592, 1.8, 1503.8, 898.4
2, 127933, 09/12/2018 19:20:20, OTHER_GROUPS, 9.5, 16.9, 18550.5, 5.6, 0, 0, 0, 0, 8037, 2268, 1.8, 1493.9, 1252.6
2, 127934, 09/12/2018 19:40:09, OTHER_GROUPS, 9.9, 12.1, 14774.8, 0.3, 0, 0, 0, 0, 7679, 2734, 1.9, 1696.1, 1181.3
2, 127935, 09/12/2018 20:00:20, OTHER_GROUPS, 12.1, 20, 17150.1, 6, 0, 0, 0, 0, 6397, 4811, 1.9, 1398.2, 979.4
2, 127936, 09/12/2018 20:20:13, OTHER_GROUPS, 11.1, 15.4, 15458.7, 3.1, 0, 0, 0, 0, 6678, 3229, 1.2, 1421.1, 890.4
2, 127937, 09/12/2018 20:40:36, OTHER_GROUPS, 12.9, 28.3, 21497.8, 13.9, 0, 0, 0, 0, 9018, 3370, 1.5, 2012.8, 1128.5
2, 127938, 09/12/2018 21:00:27, OTHER_GROUPS, 7.7, 14.7, 11406.5, 5.1, 0, 0, 0, 0, 4835, 2979, 1.9, 842.2, 806.4
2, 127939, 09/12/2018 21:20:16, OTHER_GROUPS, 13, 18.6, 15794.6, 4, 0, 0, 0, 0, 5972, 7489, 1.6, 1293.3, 909.5
2, 127940, 09/12/2018 21:40:25, OTHER_GROUPS, 15.3, 22.8, 16035.6, 5.5, 0, 0, 0, 0, 7204, 9587, 2, 1262.2, 1220.5
2, 127941, 09/12/2018 22:00:03, OTHER_GROUPS, 30.6, 53.7, 30964.7, 19.5, 0, 0, 3, 192, 5824, 26887, 3.6, 2272.2, 5238.2
2, 127942, 09/12/2018 22:20:20, OTHER_GROUPS, 27.4, 42.5, 26729.3, 11.4, 0, 0, 2, 128, 6395, 22757, 3.7, 2127.5, 6799.1
2, 127943, 09/12/2018 22:40:04, OTHER_GROUPS, 23.7, 34.3, 20919.8, 7.4, 0, 0, 4, 256, 7154, 21479, 3.2, 2020.9, 4503.7
2, 127944, 09/12/2018 23:00:09, OTHER_GROUPS, 12.9, 20, 16850.1, 4.5, 0, 0, 0, 0, 6428, 9818, 2.6, 1406, 2905.2
2, 127945, 09/12/2018 23:20:05, OTHER_GROUPS, 13.6, 22.2, 17214.7, 6.5, 0, 0, 0, 0, 6634, 11300, 2.1, 1324.1, 1826.7
2, 127946, 09/12/2018 23:40:16, OTHER_GROUPS, 14.7, 19.9, 17013.3, 3, 0, 0, 0, 0, 6824, 11976, 2.2, 1220.7, 1589.6
3, 127875, 09/12/2018 00:00:08, ADW_UNLOAD_GROUP, 0.3, 0.3, 0, 0, 0, 0, 0, 0, 51, 27, 0, 0.5, 14.5
3, 127877, 09/12/2018 00:40:08, ADW_UNLOAD_GROUP, 0.3, 0.3, 0, 0, 0, 0, 0, 0, 56, 44, 0, 0.3, 13.5
3, 127880, 09/12/2018 01:40:13, ADW_UNLOAD_GROUP, 0.3, 0.3, 0, 0, 0, 0, 0, 0, 57, 46, 0, 0.3, 4.5
3, 127882, 09/12/2018 02:20:15, ADW_UNLOAD_GROUP, 0.3, 0.3, 0, 0, 0, 0, 0, 0, 58, 46, 0, 0.4, 6.2
3, 127883, 09/12/2018 02:40:33, ADW_UNLOAD_GROUP, 0.3, 0.3, 0, 0, 0, 0, 0, 0, 45, 60, 0, 0.3, 4
3, 127885, 09/12/2018 03:20:27, ADW_UNLOAD_GROUP, 0.3, 0.3, 0, 0, 0, 0, 0, 0, 47, 50, 0, 0.3, 8.1
3, 127886, 09/12/2018 03:40:01, ADW_UNLOAD_GROUP, 0.3, 0.3, 0, 0, 0, 0, 0, 0, 59, 69, 0, 0.3, 8
3, 127888, 09/12/2018 04:20:10, ADW_UNLOAD_GROUP, 0.3, 0.3, 0, 0, 0, 0, 0, 0, 50, 60, 0, 0.2, 6.8
3, 127891, 09/12/2018 05:20:39, ADW_UNLOAD_GROUP, 0, 0, 0, 0, 0, 0, 0, 0, 47, 1, 0, 0, 0
3, 127892, 09/12/2018 05:40:06, ADW_UNLOAD_GROUP, 0, 0, 0, 0, 0, 0, 0, 0, 59, 0, 0, 0, 0
3, 127893, 09/12/2018 06:00:23, ADW_UNLOAD_GROUP, 0, 0, 0, 0, 0, 0, 0, 0, 54, 1, 0, 0, 0
3, 127926, 09/12/2018 17:00:15, ADW_UNLOAD_GROUP, 0, 0, 0, 0, 0, 0, 0, 0, 66, 0, 0, 0, 0.1
3, 127930, 09/12/2018 18:20:08, ADW_UNLOAD_GROUP, 0, 0, 0, 0, 0, 0, 0, 0, 64, 0, 0, 0, 0
3, 127931, 09/12/2018 18:40:07, ADW_UNLOAD_GROUP, 0, 0, 0, 0, 0, 0, 0, 0, 89, 1, 0, 0, 0
3, 127932, 09/12/2018 19:00:05, ADW_UNLOAD_GROUP, 0, 0, 1.1, 0, 0, 0, 0, 0, 151, 2, 0, 4.1, 5
3, 127934, 09/12/2018 19:40:09, ADW_UNLOAD_GROUP, 0, 0, 0, 0, 0, 0, 0, 0, 75, 0, 0, 0, 0
3, 127936, 09/12/2018 20:20:13, ADW_UNLOAD_GROUP, 0, 0, 0, 0, 0, 0, 0, 0, 61, 0, 0, 0, 0
3, 127944, 09/12/2018 23:00:09, ADW_UNLOAD_GROUP, 5.7, 5.7, 220.2, 0, 0, 0, 0, 0, 90, 887, 0, 678.4, 6.5
3, 127945, 09/12/2018 23:20:05, ADW_UNLOAD_GROUP, 6.1, 6.1, 0, 0, 0, 0, 0, 0, 52, 1692, 0, 259.9, 0
3, 127946, 09/12/2018 23:40:16, ADW_UNLOAD_GROUP, 6.4, 6.4, 0, 0, 0, 0, 0, 0, 54, 904, 0, 186.5, 3.2
3, 127875, 09/12/2018 00:00:08, DM_TECH_GROUP, 1.3, 6.7, 739.6, 5.2, 0, 0, 1, 16, 41, 258, 0.2, 135.9, 484.8
3, 127876, 09/12/2018 00:20:11, DM_TECH_GROUP, 7.4, 31.3, 13275.5, 21.9, 0, 0, 81, 1204, 1962, 11655, 2, 1848.4, 624.2
3, 127877, 09/12/2018 00:40:08, DM_TECH_GROUP, 19.8, 77.4, 67880.4, 50.4, 0, 0, 99, 1508, 1847, 48853, 7.2, 2755.1, 2417.3
3, 127878, 09/12/2018 01:00:20, DM_TECH_GROUP, 19.9, 65.8, 58709.1, 34.6, 0, 0, 41, 644, 732, 41627, 11.3, 1265.8, 4755.7
3, 127879, 09/12/2018 01:20:20, DM_TECH_GROUP, 20.1, 48.7, 43540, 23.9, 0, 0, 90, 1340, 1638, 26948, 4.7, 1181.2, 1165.9
3, 127880, 09/12/2018 01:40:13, DM_TECH_GROUP, 20.1, 44.4, 31402.6, 21.4, 0, 0, 68, 960, 1238, 19623, 2.9, 1516.3, 1941.4
3, 127881, 09/12/2018 02:00:36, DM_TECH_GROUP, 19.9, 43, 26452.5, 21.2, 0, 0, 34, 488, 622, 27540, 1.9, 1298.2, 1401.4
3, 127882, 09/12/2018 02:20:15, DM_TECH_GROUP, 21.2, 51, 32268.9, 25.2, 0, 0, 3, 32, 0, 36987, 4.6, 1080.8, 4339.8
3, 127883, 09/12/2018 02:40:33, DM_TECH_GROUP, 18.6, 41.7, 27475.7, 21.5, 0, 0, 0, 0, 0, 21329, 1.6, 984.8, 1536.6
3, 127884, 09/12/2018 03:00:01, DM_TECH_GROUP, 19.1, 40.1, 17641.4, 20.2, 0, 0, 2, 48, 17, 12901, 0.8, 1008.3, 524.7
3, 127885, 09/12/2018 03:20:27, DM_TECH_GROUP, 13.6, 32.9, 11611.2, 17.4, 0, 0, 14, 180, 156, 5281, 1.9, 356.9, 1464.5
3, 127886, 09/12/2018 03:40:01, DM_TECH_GROUP, 15.7, 33.5, 14452.3, 15.5, 0, 0, 0, 0, 48, 7804, 2.3, 375.8, 1866
3, 127887, 09/12/2018 04:00:19, DM_TECH_GROUP, 19.4, 37.3, 22739.8, 15.3, 0, 0, 0, 0, 122, 13072, 2.6, 654.9, 2783.8
3, 127888, 09/12/2018 04:20:10, DM_TECH_GROUP, 16.9, 29.6, 15697.1, 11, 0, 0, 2, 22, 0, 14135, 1.7, 510.1, 2334.2
3, 127889, 09/12/2018 04:40:13, DM_TECH_GROUP, 9.4, 26.2, 15004, 15.5, 0, 0, 1, 20, 0, 3385, 1.3, 537.3, 2425.8
3, 127890, 09/12/2018 05:00:09, DM_TECH_GROUP, 9.4, 21.4, 26468, 11.9, 0, 0, 11, 152, 192, 3459, 0.1, 749.6, 56.6
3, 127891, 09/12/2018 05:20:39, DM_TECH_GROUP, 6.9, 16.3, 17864.6, 9.3, 0, 0, 23, 352, 393, 2008, 0.1, 654.4, 156.7
3, 127892, 09/12/2018 05:40:06, DM_TECH_GROUP, 5.1, 11.2, 8043.3, 5.9, 0, 0, 33, 528, 603, 1124, 0.2, 652.8, 238.2
3, 127893, 09/12/2018 06:00:23, DM_TECH_GROUP, 5.5, 13.7, 3073.6, 7.5, 0, 0, 1, 16, 106, 794, 0.7, 677.6, 1095.8
3, 127894, 09/12/2018 06:20:39, DM_TECH_GROUP, 7.1, 15.8, 5946.7, 8.2, 0, 0, 11, 113, 247, 2517, 0.5, 471.5, 804.1
3, 127895, 09/12/2018 06:40:09, DM_TECH_GROUP, 2.3, 13.7, 3685.9, 10, 0, 0, 34, 440, 487, 677, 1.4, 376, 1571.8
3, 127926, 09/12/2018 17:00:15, DM_TECH_GROUP, 2.4, 10.3, 558.3, 6.4, 0, 0, 769, 10960, 10944, 750, 1.5, 1680, 3284.1
3, 127927, 09/12/2018 17:20:30, DM_TECH_GROUP, 4, 12.4, 3833.6, 6.8, 0, 0, 8, 152, 329, 1549, 1.6, 681.4, 9685.9
3, 127928, 09/12/2018 17:40:06, DM_TECH_GROUP, 2.3, 12.1, 10606.6, 9.3, 0, 0, 75, 1076, 1077, 605, 0.5, 604.4, 4281.9
3, 127929, 09/12/2018 18:00:38, DM_TECH_GROUP, 1.9, 6.3, 2398.8, 3.9, 0, 0, 54, 864, 872, 337, 0.5, 266.4, 709.6
3, 127930, 09/12/2018 18:20:08, DM_TECH_GROUP, 1, 5.4, 277.3, 4.3, 0, 0, 218, 2992, 2960, 245, 0.1, 75.2, 488.1
3, 127931, 09/12/2018 18:40:07, DM_TECH_GROUP, 0.9, 5.4, 333.7, 4.4, 0, 0, 0, 0, 0, 222, 0.1, 48.6, 322.4
3, 127932, 09/12/2018 19:00:05, DM_TECH_GROUP, 0.7, 5.2, 314.7, 4.4, 0, 0, 0, 0, 6, 213, 0.1, 47.6, 192.1
3, 127934, 09/12/2018 19:40:09, DM_TECH_GROUP, 0.8, 5.1, 334, 4.2, 0, 0, 0, 0, 3, 298, 0.1, 60.9, 214.1
3, 127935, 09/12/2018 20:00:20, DM_TECH_GROUP, 0.6, 5.2, 352.8, 4.5, 0, 0, 0, 0, 5, 187, 0.1, 40.7, 114.1
3, 127936, 09/12/2018 20:20:13, DM_TECH_GROUP, 0.6, 5, 859.8, 4.3, 0, 0, 3, 39, 19, 268, 0.1, 58.3, 113.8
3, 127937, 09/12/2018 20:40:36, DM_TECH_GROUP, 0.4, 6.4, 355.2, 6, 0, 0, 1, 12, 67, 219, 0, 59.3, 58.4
3, 127938, 09/12/2018 21:00:27, DM_TECH_GROUP, 1.3, 5, 3201.1, 3.6, 0, 0, 6, 102, 282, 209, 0.1, 110.1, 146.6
3, 127939, 09/12/2018 21:20:16, DM_TECH_GROUP, 0.4, 4.9, 269.6, 4.4, 0, 0, 0, 0, 45, 198, 0.1, 61.1, 68.5
3, 127940, 09/12/2018 21:40:25, DM_TECH_GROUP, 0.3, 4.7, 269.6, 4.4, 0, 0, 0, 0, 1, 223, 0, 48.1, 48.6
3, 127941, 09/12/2018 22:00:03, DM_TECH_GROUP, 0.3, 4.8, 326.8, 4.4, 0, 0, 3, 48, 61, 161, 0.1, 38.7, 50.6
3, 127942, 09/12/2018 22:20:20, DM_TECH_GROUP, 0.6, 7.3, 830.1, 6.6, 0, 0, 5, 120, 219, 223, 0.1, 80.2, 706.6
3, 127943, 09/12/2018 22:40:08, DM_TECH_GROUP, 1.9, 9.6, 5762, 7.4, 0, 0, 2, 24, 62, 781, 0.3, 217, 3260.3
3, 127944, 09/12/2018 23:00:09, DM_TECH_GROUP, 1.9, 7.7, 13049.1, 5, 0, 0, 1, 24, 11, 490, 0.8, 122.8, 2634
3, 127945, 09/12/2018 23:20:05, DM_TECH_GROUP, 0.4, 4.8, 311, 4.4, 0, 0, 0, 0, 1, 214, 0, 47.2, 43.7
3, 127946, 09/12/2018 23:40:16, DM_TECH_GROUP, 0.5, 4.9, 319.6, 4.4, 0, 0, 0, 0, 0, 231, 0, 52.4, 49.1
3, 127875, 09/12/2018 00:00:08, OTHER_GROUPS, 7.2, 28.7, 28309.4, 21, 0, 0, 34, 196, 1036, 1797, 0.5, 3951.9, 284.7
3, 127876, 09/12/2018 00:20:11, OTHER_GROUPS, 21.9, 78.4, 26398, 53.7, 0, 0, 597, 3244, 6493, 16304, 2.8, 13880.3, 2042.1
3, 127877, 09/12/2018 00:40:08, OTHER_GROUPS, 21.9, 39.2, 17285.2, 15.3, 0, 0, 802, 5804, 8017, 14365, 2, 2999, 2983.1
3, 127878, 09/12/2018 01:00:20, OTHER_GROUPS, 9.3, 35.2, 14903.5, 25.2, 0, 0, 34, 280, 1300, 8023, 0.7, 716.6, 410.6
3, 127879, 09/12/2018 01:20:20, OTHER_GROUPS, 5.5, 21.6, 14156.7, 15.8, 0, 0, 3, 24, 1115, 1548, 0.3, 544.2, 68.7
3, 127880, 09/12/2018 01:40:13, OTHER_GROUPS, 5.5, 21.6, 16282, 15.7, 0, 0, 0, 0, 1244, 1572, 0.4, 515.5, 70.5
3, 127881, 09/12/2018 02:00:36, OTHER_GROUPS, 5.5, 31.3, 28167.3, 25.5, 0, 0, 5, 44, 1314, 3286, 0.3, 373.6, 63.2
3, 127882, 09/12/2018 02:20:15, OTHER_GROUPS, 5.8, 28.1, 18319.6, 21.9, 0, 0, 0, 0, 802, 1752, 0.4, 495.7, 67.9
3, 127883, 09/12/2018 02:40:33, OTHER_GROUPS, 5.1, 27.7, 41677.8, 22.3, 0, 0, 0, 0, 411, 1279, 0.3, 411.6, 57.1
3, 127884, 09/12/2018 03:00:01, OTHER_GROUPS, 5.6, 42.9, 45376.4, 37, 0, 0, 0, 0, 562, 2904, 0.3, 385.4, 61.4
3, 127885, 09/12/2018 03:20:27, OTHER_GROUPS, 4.8, 45.8, 43597.1, 40.7, 0, 0, 0, 0, 394, 2466, 0.3, 321.9, 57.6
3, 127886, 09/12/2018 03:40:01, OTHER_GROUPS, 5.1, 32.2, 30658.5, 26.8, 0, 0, 0, 0, 608, 1775, 0.3, 386.7, 62.6
3, 127887, 09/12/2018 04:00:19, OTHER_GROUPS, 6.9, 28.1, 35510.2, 20.8, 0, 0, 0, 0, 1512, 2415, 0.4, 533, 80
3, 127888, 09/12/2018 04:20:10, OTHER_GROUPS, 12.8, 29.8, 30441.4, 16.3, 3, 0, 7, 56, 1380, 9144, 0.7, 1020.2, 91.4
3, 127889, 09/12/2018 04:40:13, OTHER_GROUPS, 20.1, 34.8, 34119.4, 14, 1, 0.8, 17, 136, 1653, 11724, 0.7, 1476.8, 133.5
3, 127890, 09/12/2018 05:00:09, OTHER_GROUPS, 14.9, 35.8, 23487.9, 20.4, 0, 0, 9, 72, 886, 12535, 0.5, 1030.8, 95.9
3, 127891, 09/12/2018 05:20:39, OTHER_GROUPS, 5.4, 17.1, 13311.7, 11.3, 0, 0, 0, 0, 1948, 802, 0.4, 957.7, 92.6
3, 127892, 09/12/2018 05:40:06, OTHER_GROUPS, 5.5, 14.1, 13384.3, 8.1, 0, 0, 0, 0, 585, 775, 0.5, 745.3, 105.3
3, 127893, 09/12/2018 06:00:23, OTHER_GROUPS, 5.5, 48.6, 42886.6, 42.7, 0, 0, 0, 0, 763, 1506, 0.4, 633, 88.4
3, 127894, 09/12/2018 06:20:39, OTHER_GROUPS, 6, 43.7, 44656, 37.3, 0, 0, 0, 0, 537, 1348, 0.4, 624.8, 88.4
3, 127895, 09/12/2018 06:40:09, OTHER_GROUPS, 6, 35.2, 30151.6, 28.8, 0, 0, 3, 24, 1505, 2013, 0.4, 585.8, 73.9
3, 127896, 09/12/2018 07:00:09, OTHER_GROUPS, 44.3, 69.8, 51413.4, 11.3, 0, 0, 55, 1468, 2651, 30480, 14.2, 6717.4, 7421.7
3, 127897, 09/12/2018 07:20:26, OTHER_GROUPS, 28.9, 70.8, 39536.4, 30.7, 0, 0, 116, 2036, 5086, 19538, 11.2, 4302.5, 5806.2
3, 127898, 09/12/2018 07:40:31, OTHER_GROUPS, 42.5, 81.2, 81862.1, 27.6, 0, 0, 123, 2176, 3809, 33410, 11.1, 2580.2, 10445.5
3, 127899, 09/12/2018 08:00:11, OTHER_GROUPS, 44, 97.7, 100968.7, 42.9, 0, 0, 86, 1898, 6294, 38290, 10.8, 8145.9, 12122.3
3, 127900, 09/12/2018 08:20:51, OTHER_GROUPS, 36.6, 82.7, 38303.8, 36.8, 27, 4.1, 21, 436, 2470, 29347, 9.3, 3133.6, 11069.1
3, 127901, 09/12/2018 08:40:04, OTHER_GROUPS, 59.9, 93.8, 77645.1, 21.4, 33, 3.7, 55, 1235, 3230, 95188, 12.5, 3893, 15063.2
3, 127902, 09/12/2018 09:00:11, OTHER_GROUPS, 54.3, 72.5, 55408.7, 9.1, 20, 3.5, 119, 3572, 6264, 66116, 9.1, 11369.7, 8992
3, 127903, 09/12/2018 09:20:16, OTHER_GROUPS, 53.6, 82.5, 65026.2, 20.9, 2, 0, 132, 3854, 57686, 66300, 8, 2844.9, 4572.5
3, 127904, 09/12/2018 09:40:18, OTHER_GROUPS, 34.1, 50.9, 39686.9, 6.4, 0, 0, 101, 3104, 4355, 28858, 10.4, 3015.1, 11299.2
3, 127905, 09/12/2018 10:00:20, OTHER_GROUPS, 51.6, 78.1, 40535, 12.1, 0, 0, 550, 9952, 11516, 66122, 14.4, 10166.4, 14565.3
3, 127906, 09/12/2018 10:20:33, OTHER_GROUPS, 32.9, 44.4, 25023.4, 3.3, 0, 0, 451, 8152, 10488, 38472, 8.2, 5293.7, 6328.3
3, 127907, 09/12/2018 10:40:02, OTHER_GROUPS, 23.2, 43.1, 31374.4, 13.9, 4, 0.1, 187, 5044, 6213, 14845, 6, 4549.1, 5089.8
3, 127908, 09/12/2018 11:00:13, OTHER_GROUPS, 36.3, 46.3, 53209.4, 1.9, 8, 0, 202, 5128, 7158, 47518, 8.1, 1768.9, 3342.1
3, 127909, 09/12/2018 11:20:20, OTHER_GROUPS, 39.6, 47.5, 56470.6, 0, 0, 0, 269, 8654, 10417, 44123, 7.9, 1895, 3617.6
3, 127910, 09/12/2018 11:40:08, OTHER_GROUPS, 34.6, 46.9, 50058.3, 5.5, 0, 0, 43, 1360, 2898, 21740, 6.8, 2983.3, 2791.6
3, 127911, 09/12/2018 12:00:28, OTHER_GROUPS, 43, 56.6, 48298.6, 5, 0, 0, 139, 3469, 14828, 24045, 8.6, 7062.2, 4594.6
3, 127912, 09/12/2018 12:20:00, OTHER_GROUPS, 26.5, 37.3, 24140.5, 2.5, 0, 0, 93, 2690, 6179, 14572, 8.3, 4041.2, 5063.2
3, 127913, 09/12/2018 12:40:13, OTHER_GROUPS, 49.6, 59.2, 58284.2, 2.2, 0, 0, 59, 1616, 7027, 46021, 7.4, 6038.5, 5121.9
3, 127914, 09/12/2018 13:00:04, OTHER_GROUPS, 33.7, 45.6, 38034.7, 4.9, 0, 0, 84, 1988, 7507, 22748, 7, 3423.8, 7642.6
3, 127915, 09/12/2018 13:20:06, OTHER_GROUPS, 25.5, 37.7, 16593.1, 5, 0, 0, 88, 1648, 6247, 17614, 7.2, 2099.1, 6413.8
3, 127916, 09/12/2018 13:40:10, OTHER_GROUPS, 29.7, 36.1, 19927.2, 0, 0, 0, 126, 3342, 24354, 18326, 6.4, 5028.3, 3167.3
3, 127917, 09/12/2018 14:00:03, OTHER_GROUPS, 26.2, 34.7, 18989.5, 2.3, 0, 0, 87, 2587, 5050, 53162, 6.2, 4183.7, 3552.3
3, 127918, 09/12/2018 14:20:19, OTHER_GROUPS, 20.6, 27, 10195.6, 0, 0, 0, 88, 2740, 21864, 74917, 6.4, 5134.6, 4034.4
3, 127919, 09/12/2018 14:40:24, OTHER_GROUPS, 28, 38.2, 13578.8, 4.3, 0, 0, 120, 4044, 14487, 21937, 5.9, 6628.5, 4269.9
3, 127920, 09/12/2018 15:00:05, OTHER_GROUPS, 32.1, 38.5, 24749.7, 1, 0, 0, 784, 12680, 14778, 21297, 5.4, 9467.2, 6067.1
3, 127921, 09/12/2018 15:20:10, OTHER_GROUPS, 19.8, 27.1, 15772.3, 2.7, 0, 0, 132, 3082, 5043, 11000, 4.6, 6497.8, 4439.2
3, 127922, 09/12/2018 15:40:24, OTHER_GROUPS, 23.2, 32.6, 10460.8, 3.4, 0, 0, 144, 3439, 5847, 14088, 6, 9126.1, 3747.6
3, 127923, 09/12/2018 16:00:48, OTHER_GROUPS, 23.2, 29.5, 15771.7, 0, 0, 0, 810, 13734, 15347, 9110, 6.3, 5187.5, 5844.3
3, 127924, 09/12/2018 16:20:10, OTHER_GROUPS, 22.4, 27.4, 9650.5, 0, 0, 0, 89, 2132, 5111, 12754, 5, 4850.4, 3744.8
3, 127925, 09/12/2018 16:40:05, OTHER_GROUPS, 21.7, 30.2, 7989.9, 0.1, 0, 0, 56, 2658, 14573, 10803, 8.4, 5409.7, 9557.3
3, 127926, 09/12/2018 17:00:15, OTHER_GROUPS, 5.6, 14.3, 16834.1, 7.9, 0, 0, 0, 0, 1033, 869, 0.8, 1070, 399
3, 127927, 09/12/2018 17:20:30, OTHER_GROUPS, 5.6, 13, 17249.4, 6.8, 0, 0, 0, 0, 1151, 571, 0.6, 776.2, 93.5
3, 127928, 09/12/2018 17:40:06, OTHER_GROUPS, 6.7, 18.9, 17692.4, 11.5, 0, 0, 0, 0, 1246, 743, 0.7, 1133.1, 129.9
3, 127929, 09/12/2018 18:00:38, OTHER_GROUPS, 4.2, 36.5, 31651.7, 32, 0, 0, 0, 0, 806, 900, 0.3, 481.4, 61.3
3, 127930, 09/12/2018 18:20:08, OTHER_GROUPS, 5.4, 19.9, 33198.4, 14, 0, 0, 0, 0, 1071, 653, 0.5, 636.3, 92.8
3, 127931, 09/12/2018 18:40:07, OTHER_GROUPS, 5.4, 9.7, 17602.7, 3.8, 0, 0, 0, 0, 1057, 725, 0.5, 862.3, 91.9
3, 127932, 09/12/2018 19:00:05, OTHER_GROUPS, 5.4, 8.9, 11894.8, 2.9, 0, 0, 0, 0, 1089, 532, 0.6, 846.9, 103
3, 127933, 09/12/2018 19:20:20, OTHER_GROUPS, 5.5, 21.1, 21503.7, 15, 0, 0, 0, 0, 1220, 432, 0.6, 886.5, 104.2
3, 127934, 09/12/2018 19:40:09, OTHER_GROUPS, 5.5, 7.2, 11982.7, 1.1, 0, 0, 0, 0, 1208, 521, 0.6, 996, 112.9
3, 127935, 09/12/2018 20:00:20, OTHER_GROUPS, 5.4, 8.6, 12110, 2.6, 0, 0, 0, 0, 1060, 468, 0.6, 953.1, 111.6
3, 127936, 09/12/2018 20:20:13, OTHER_GROUPS, 5.4, 7.7, 11685.2, 1.8, 0, 0, 0, 0, 977, 379, 0.5, 1031.5, 102.6
3, 127937, 09/12/2018 20:40:36, OTHER_GROUPS, 6.8, 12.7, 15704.7, 5.3, 0, 0, 0, 0, 1205, 412, 0.6, 1502.3, 125.4
3, 127938, 09/12/2018 21:00:27, OTHER_GROUPS, 4, 6.8, 8387.2, 2.4, 0, 0, 0, 0, 958, 306, 0.4, 605.2, 68.6
3, 127939, 09/12/2018 21:20:16, OTHER_GROUPS, 5.4, 8.6, 11222.4, 2.6, 0, 0, 0, 0, 1293, 347, 0.6, 907, 108
3, 127940, 09/12/2018 21:40:25, OTHER_GROUPS, 5.4, 8.4, 11265.7, 2.4, 0, 0, 0, 0, 1127, 354, 0.6, 992.6, 127.9
3, 127941, 09/12/2018 22:00:03, OTHER_GROUPS, 5.4, 7.8, 10981.6, 1.7, 0, 0, 0, 0, 1083, 489, 0.7, 832.3, 118.7
3, 127942, 09/12/2018 22:20:20, OTHER_GROUPS, 5.6, 9.1, 10889.2, 2.8, 0, 0, 0, 0, 1036, 315, 0.7, 1065.9, 189
3, 127943, 09/12/2018 22:40:08, OTHER_GROUPS, 5.4, 8.7, 11243.8, 2.8, 0, 0, 0, 0, 828, 324, 0.5, 963.9, 119
3, 127944, 09/12/2018 23:00:09, OTHER_GROUPS, 5.4, 15.3, 22033.1, 9.5, 0, 0, 0, 0, 671, 573, 0.4, 685.4, 86.4
3, 127945, 09/12/2018 23:20:05, OTHER_GROUPS, 5.4, 15.9, 23295.8, 10, 0, 0, 0, 0, 681, 359, 0.5, 876.4, 97.3
3, 127946, 09/12/2018 23:40:16, OTHER_GROUPS, 5.5, 14.9, 29529.8, 8.9, 0, 0, 0, 0, 745, 478, 0.5, 846.2, 94.3
3, 127928, 09/12/2018 17:40:06, SANDBOX_GROUP, 3.7, 4.9, 38.1, 0, 0, 0, 36, 874, 984, 346, 1.2, 5410.2, 2746.7
3, 127929, 09/12/2018 18:00:38, SANDBOX_GROUP, 12.9, 16.9, 4379.7, 0, 0, 0, 22, 523, 791, 13098, 4, 7871.4, 2555.3
3, 127930, 09/12/2018 18:20:08, SANDBOX_GROUP, 9.4, 11.1, 2022, 0, 0, 0, 12, 302, 233, 3656, 1.7, 1905.1, 6788.2
3, 127931, 09/12/2018 18:40:07, SANDBOX_GROUP, 2.8, 3.2, 5012.9, 0, 0, 0, 6, 148, 132, 392, 0.4, 482.7, 2321.1
3, 127932, 09/12/2018 19:00:05, SANDBOX_GROUP, 2.2, 2.4, 7748.9, 0, 0, 0, 3, 72, 126, 181, 0.2, 1822.7, 444.8
3, 127934, 09/12/2018 19:40:09, SANDBOX_GROUP, 1.9, 1.9, 4872.9, 0, 0, 0, 8, 200, 220, 142, 0, 1325.3, 24.8
3, 127935, 09/12/2018 20:00:20, SANDBOX_GROUP, 2.1, 2.2, 3894.4, 0, 0, 0, 43, 800, 873, 148, 0.1, 5780.7, 76.6
3, 127936, 09/12/2018 20:20:13, SANDBOX_GROUP, 2, 2, 5661.4, 0, 0, 0, 22, 624, 689, 112, 0, 4921.8, 36.5
3, 127937, 09/12/2018 20:40:36, SANDBOX_GROUP, 3, 3.2, 7791.3, 0, 0, 0, 37, 814, 889, 280, 0.2, 4565.8, 1422.5
3, 127938, 09/12/2018 21:00:27, SANDBOX_GROUP, 1.7, 1.7, 1653.3, 0, 0, 0, 9, 234, 206, 129, 0, 2476.7, 10.1
3, 127939, 09/12/2018 21:20:16, SANDBOX_GROUP, 1.8, 1.8, 269, 0, 0, 0, 18, 512, 508, 141, 0, 3883.1, 12
3, 127875, 09/12/2018 00:00:08, SZB_SANDBOX_GROUP, 13.7, 14.4, 9821.6, 0.3, 0, 0, 23, 984, 2252, 2419, 0.4, 3689.1, 436.2
3, 127876, 09/12/2018 00:20:11, SZB_SANDBOX_GROUP, 4.5, 5.5, 1694.7, 0, 0, 0, 26, 816, 1060, 863, 1, 370.4, 593.7
3, 127877, 09/12/2018 00:40:08, SZB_SANDBOX_GROUP, 2.8, 5.7, 1055.1, 2.5, 0, 0, 7, 296, 687, 678, 0.4, 42.2, 421.3
3, 127878, 09/12/2018 01:00:20, SZB_SANDBOX_GROUP, 17, 18.3, 16634, 0.8, 0, 0, 13, 648, 1383, 6483, 0.5, 1970.8, 597.7
3, 127879, 09/12/2018 01:20:20, SZB_SANDBOX_GROUP, 2.9, 3.7, 1427.9, 0, 0, 0, 18, 696, 1246, 549, 0.8, 97.9, 1236
3, 127880, 09/12/2018 01:40:13, SZB_SANDBOX_GROUP, 2.6, 3.8, 1409.9, 0.8, 0, 0, 12, 373, 684, 489, 0.4, 174, 760.7
3, 127881, 09/12/2018 02:00:36, SZB_SANDBOX_GROUP, 20.1, 26.2, 3667.8, 4.9, 0, 0, 13, 680, 2706, 9380, 1.2, 3799.3, 1585.7
3, 127882, 09/12/2018 02:20:15, SZB_SANDBOX_GROUP, 6.3, 8.6, 2895.7, 1.5, 0, 0, 18, 658, 1857, 1421, 0.8, 188.2, 1291.5
3, 127883, 09/12/2018 02:40:33, SZB_SANDBOX_GROUP, 5.4, 7.1, 2309.7, 1.1, 0, 0, 20, 861, 1550, 1068, 0.6, 301.8, 1020.8
3, 127884, 09/12/2018 03:00:01, SZB_SANDBOX_GROUP, 16.3, 52.9, 12949.3, 36, 0, 0, 12, 462, 3290, 10954, 0.6, 7678.4, 529.4
3, 127885, 09/12/2018 03:20:27, SZB_SANDBOX_GROUP, 21.5, 71.5, 9188.8, 47.1, 0, 0, 19, 724, 3373, 12443, 2.9, 11220.8, 822.9
3, 127886, 09/12/2018 03:40:01, SZB_SANDBOX_GROUP, 19, 38.1, 16578.2, 17, 0, 0, 24, 1064, 4201, 8419, 2.1, 10204.2, 1139.1
3, 127887, 09/12/2018 04:00:19, SZB_SANDBOX_GROUP, 16.5, 26.9, 7102, 7.9, 0, 0, 30, 1416, 5777, 5267, 2.5, 6041.4, 2221.5
3, 127888, 09/12/2018 04:20:10, SZB_SANDBOX_GROUP, 23.3, 28.9, 6334.7, 3.6, 0, 0, 14, 696, 5688, 18050, 2, 5705.1, 1885.2
3, 127889, 09/12/2018 04:40:13, SZB_SANDBOX_GROUP, 12.8, 28, 15997.1, 11.5, 0, 0, 41, 1912, 5916, 4736, 3.7, 5335.2, 3236
3, 127890, 09/12/2018 05:00:09, SZB_SANDBOX_GROUP, 16.8, 29.4, 18986.5, 10, 0, 0, 28, 1248, 2352, 8764, 2.6, 2346.8, 3427.3
3, 127891, 09/12/2018 05:20:39, SZB_SANDBOX_GROUP, 12.3, 13, 7429.9, 0, 0, 0, 63, 2508, 5057, 2668, 0.7, 2545.7, 1038.4
3, 127892, 09/12/2018 05:40:06, SZB_SANDBOX_GROUP, 9.7, 11.9, 13136.7, 1.3, 0, 0, 47, 1928, 3641, 2590, 0.9, 814.7, 1635
3, 127893, 09/12/2018 06:00:23, SZB_SANDBOX_GROUP, 8.6, 12.1, 18086.2, 2.4, 0, 0, 20, 797, 2672, 2408, 1.1, 2051.9, 1408.8
3, 127894, 09/12/2018 06:20:39, SZB_SANDBOX_GROUP, 12.9, 13.5, 29851.1, 0, 0, 0, 6, 232, 2034, 4838, 0.6, 728.6, 1202.5
3, 127895, 09/12/2018 06:40:09, SZB_SANDBOX_GROUP, 11.8, 14.7, 23733.3, 2.1, 0, 0, 8, 360, 1333, 2864, 0.8, 226.4, 1007
3, 127926, 09/12/2018 17:00:15, SZB_SANDBOX_GROUP, 12.3, 17.1, 2591.1, 0.3, 0, 0, 18, 992, 13602, 5793, 4.5, 4264.3, 5870.3
3, 127927, 09/12/2018 17:20:30, SZB_SANDBOX_GROUP, 7.9, 9.4, 4597.5, 0, 0, 0, 9, 384, 14213, 2165, 1.5, 2629.5, 2376.7
3, 127928, 09/12/2018 17:40:06, SZB_SANDBOX_GROUP, 4.1, 8.1, 2153, 3.4, 0, 0, 28, 1376, 38179, 1448, 0.6, 5597.4, 918.2
3, 127929, 09/12/2018 18:00:38, SZB_SANDBOX_GROUP, 4.9, 7.4, 1264.5, 1.4, 0, 0, 9, 480, 1256, 1480, 1.1, 4397.3, 1241.4
3, 127930, 09/12/2018 18:20:08, SZB_SANDBOX_GROUP, 10.3, 12.2, 1512.1, 1.7, 0, 0, 6, 320, 548, 1538, 0.2, 3639.5, 462.1
3, 127931, 09/12/2018 18:40:07, SZB_SANDBOX_GROUP, 16.9, 17.6, 2061.9, 0.4, 0, 0, 36, 1472, 2097, 3041, 0.3, 1896.9, 408.3
3, 127932, 09/12/2018 19:00:05, SZB_SANDBOX_GROUP, 14.5, 15, 10632.7, 0, 0, 0, 33, 1856, 5875, 2689, 0.5, 3130, 629.9
3, 127934, 09/12/2018 19:40:09, SZB_SANDBOX_GROUP, 5.8, 7.7, 1579.4, 1.6, 0, 0, 4, 192, 22529, 1948, 0.3, 10640.6, 446.9
3, 127935, 09/12/2018 20:00:20, SZB_SANDBOX_GROUP, 6.4, 9, 2047.5, 1.6, 0, 0, 22, 1056, 3051, 1854, 1, 7844, 2464.3
3, 127936, 09/12/2018 20:20:13, SZB_SANDBOX_GROUP, 2.9, 3.4, 203.2, 0.1, 0, 0, 46, 2240, 2303, 441, 0.4, 134.3, 573.2
3, 127937, 09/12/2018 20:40:36, SZB_SANDBOX_GROUP, 2.6, 4.1, 179.2, 1.1, 0, 0, 38, 1568, 2346, 493, 0.4, 659.1, 653.3
3, 127938, 09/12/2018 21:00:27, SZB_SANDBOX_GROUP, 9.5, 11.1, 8146.5, 0.8, 0, 0, 23, 1376, 2093, 1489, 0.8, 3840, 450.7
3, 127939, 09/12/2018 21:20:16, SZB_SANDBOX_GROUP, 5.3, 5.7, 1533.1, 0, 0, 0, 63, 2976, 4650, 507, 0.4, 437.9, 553.4
3, 127940, 09/12/2018 21:40:25, SZB_SANDBOX_GROUP, 4.1, 4.9, 10259.7, 0, 0, 0, 31, 1728, 2286, 1247, 0.8, 883.3, 1429.9
3, 127941, 09/12/2018 22:00:03, SZB_SANDBOX_GROUP, 10.1, 10.9, 8010.9, 0.4, 0, 0, 24, 1248, 1970, 1488, 0.4, 3112.2, 614.6
3, 127942, 09/12/2018 22:20:20, SZB_SANDBOX_GROUP, 2, 2.3, 466.7, 0, 0, 0, 7, 416, 533, 168, 0.3, 58.6, 465.1
3, 127943, 09/12/2018 22:40:08, SZB_SANDBOX_GROUP, 1.6, 2.2, 605.3, 0.4, 0, 0, 6, 384, 662, 111, 0.2, 67.9, 473.4
3, 127944, 09/12/2018 23:00:09, SZB_SANDBOX_GROUP, 12.8, 13.2, 9944.9, 0, 0, 0, 10, 576, 1428, 1868, 0.4, 3682.8, 486.3
3, 127945, 09/12/2018 23:20:05, SZB_SANDBOX_GROUP, 1.6, 2, 1399.8, 0.1, 0, 0, 6, 352, 482, 328, 0.3, 51.3, 649.9
3, 127946, 09/12/2018 23:40:16, SZB_SANDBOX_GROUP, 5, 5.7, 2025.4, 0, 0, 0, 30, 1472, 2812, 973, 0.7, 283.8, 1110.5
4, 127877, 09/12/2018 00:40:08, ADW_UNLOAD_GROUP, 0, 0, 0, 0, 0, 0, 0, 0, 51, 0, 0, 0, 0
4, 127879, 09/12/2018 01:20:20, ADW_UNLOAD_GROUP, 0, 0, 0, 0, 0, 0, 0, 0, 46, 4, 0, 0, 0
4, 127880, 09/12/2018 01:40:13, ADW_UNLOAD_GROUP, 0, 0, 0, 0, 0, 0, 0, 0, 57, 3, 0, 0, 0
4, 127883, 09/12/2018 02:40:31, ADW_UNLOAD_GROUP, 0, 0, 0, 0, 0, 0, 0, 0, 45, 0, 0, 0, 0
4, 127884, 09/12/2018 03:00:01, ADW_UNLOAD_GROUP, 0, 0, 0, 0, 0, 0, 0, 0, 58, 0, 0, 0, 0
4, 127887, 09/12/2018 04:00:19, ADW_UNLOAD_GROUP, 0, 0, 0, 0, 0, 0, 0, 0, 57, 7, 0, 0, 0
4, 127888, 09/12/2018 04:20:09, ADW_UNLOAD_GROUP, 0, 0, 0, 0, 0, 0, 0, 0, 53, 5, 0, 0, 0
4, 127889, 09/12/2018 04:40:13, ADW_UNLOAD_GROUP, 0, 0, 0, 0, 0, 0, 0, 0, 51, 2, 0, 0, 0
4, 127890, 09/12/2018 05:00:05, ADW_UNLOAD_GROUP, 0, 0, 0, 0, 0, 0, 0, 0, 55, 2, 0, 0, 0
4, 127891, 09/12/2018 05:20:37, ADW_UNLOAD_GROUP, 0, 0, 0, 0, 0, 0, 0, 0, 45, 2, 0, 0, 0
4, 127927, 09/12/2018 17:20:30, ADW_UNLOAD_GROUP, 0, 0, 0, 0, 0, 0, 0, 0, 59, 0, 0, 0, 0
4, 127928, 09/12/2018 17:40:23, ADW_UNLOAD_GROUP, 0, 0, 0, 0, 0, 0, 0, 0, 81, 0, 0, 0, 1
4, 127930, 09/12/2018 18:20:08, ADW_UNLOAD_GROUP, 0, 0, 0, 0, 0, 0, 0, 0, 62, 0, 0, 0, 0
4, 127932, 09/12/2018 19:00:05, ADW_UNLOAD_GROUP, 0.5, 1.2, 211.2, 0.3, 0, 0, 4, 78, 179, 125, 0.4, 218.5, 406.9
4, 127935, 09/12/2018 20:00:20, ADW_UNLOAD_GROUP, 0, 0, 0, 0, 0, 0, 0, 0, 47, 1, 0, 0, 0
4, 127936, 09/12/2018 20:20:13, ADW_UNLOAD_GROUP, 0, 0, 0, 0, 0, 0, 0, 0, 58, 0, 0, 0, 0
4, 127937, 09/12/2018 20:40:36, ADW_UNLOAD_GROUP, 0, 0, 0, 0, 0, 0, 0, 0, 61, 0, 0, 0, 0
4, 127941, 09/12/2018 22:00:03, ADW_UNLOAD_GROUP, 0, 1.1, 63.6, 1.1, 0, 0, 0, 0, 58, 2, 0, 3.4, 7.4
4, 127942, 09/12/2018 22:20:20, ADW_UNLOAD_GROUP, 0, 0, 5.5, 0, 0, 0, 0, 0, 52, 0, 0, 0, 0
4, 127944, 09/12/2018 23:00:09, ADW_UNLOAD_GROUP, 0, 0.7, 7.7, 0.7, 0, 0, 0, 0, 53, 0, 0, 0, 0.1
4, 127945, 09/12/2018 23:20:05, ADW_UNLOAD_GROUP, 0, 0, 0, 0, 0, 0, 0, 0, 51, 0, 0, 0, 0
4, 127875, 09/12/2018 00:00:07, DM_TECH_GROUP, 3.5, 7.8, 324.3, 2.2, 0, 0, 760, 10816, 10739, 1057, 2.1, 1756.9, 5018.4
4, 127876, 09/12/2018 00:20:11, DM_TECH_GROUP, 8, 25.9, 12571.5, 14.5, 0, 0, 237, 3576, 4219, 6807, 3.4, 1236.1, 4154.2
4, 127877, 09/12/2018 00:40:08, DM_TECH_GROUP, 19.8, 60.8, 33671.7, 18.5, 0, 0, 130, 1932, 2220, 32656, 22.5, 2726.7, 21383.6
4, 127878, 09/12/2018 01:00:20, DM_TECH_GROUP, 20.3, 60.7, 37093.1, 24.8, 0, 0, 271, 4092, 4537, 33381, 15.6, 2641, 11731.6
4, 127879, 09/12/2018 01:20:20, DM_TECH_GROUP, 19.4, 37.8, 28429.9, 10.3, 0, 0, 83, 1264, 1427, 16429, 8.1, 1130.7, 9812.7
4, 127880, 09/12/2018 01:40:13, DM_TECH_GROUP, 19.8, 34.6, 30923.2, 9.8, 1, 0, 88, 1350, 1618, 13412, 5, 1224.2, 5728.1
4, 127881, 09/12/2018 02:00:37, DM_TECH_GROUP, 19.2, 34.5, 21637.8, 9.8, 0, 0, 770, 10966, 10958, 16210, 5.5, 2443.8, 7878.6
4, 127882, 09/12/2018 02:20:15, DM_TECH_GROUP, 14, 24.7, 19606.6, 8.6, 0, 0, 43, 684, 736, 5588, 2.1, 902.7, 5068.4
4, 127883, 09/12/2018 02:40:31, DM_TECH_GROUP, 8, 18.3, 11249.8, 8.5, 0, 0, 137, 1992, 2201, 2260, 1.8, 1057.2, 5551.3
4, 127884, 09/12/2018 03:00:01, DM_TECH_GROUP, 8.4, 24.9, 9154.7, 10.9, 15, 0.1, 388, 5610, 5657, 3351, 5.6, 1786.1, 12211.8
4, 127885, 09/12/2018 03:21:03, DM_TECH_GROUP, 8.2, 17.1, 8096.1, 5.2, 0, 0, 425, 6060, 5986, 1752, 3.7, 950.7, 5029.3
4, 127886, 09/12/2018 03:40:01, DM_TECH_GROUP, 10.7, 17.7, 10820.3, 2.3, 0, 0, 63, 892, 878, 2161, 4.7, 1281.9, 6522.7
4, 127887, 09/12/2018 04:00:19, DM_TECH_GROUP, 11, 26.8, 15547.3, 10.6, 1, 0, 196, 2808, 3042, 3029, 5.2, 1661.5, 2391.5
4, 127888, 09/12/2018 04:20:09, DM_TECH_GROUP, 7.8, 12.6, 8254.9, 3, 27, 0.1, 604, 8572, 8524, 3001, 1.8, 1136.4, 3713.5
4, 127889, 09/12/2018 04:40:13, DM_TECH_GROUP, 5.9, 9.3, 7839.2, 2.3, 7, 0.4, 41, 564, 573, 1904, 1.1, 268.6, 587.1
4, 127890, 09/12/2018 05:00:05, DM_TECH_GROUP, 5, 9.5, 2628.8, 3.5, 0, 0, 9, 144, 127, 1305, 1, 248.6, 1542.5
4, 127891, 09/12/2018 05:20:37, DM_TECH_GROUP, 8, 10.2, 3245.1, 0.8, 0, 0, 136, 1964, 2128, 1551, 1.4, 483.6, 1186.7
4, 127892, 09/12/2018 05:40:08, DM_TECH_GROUP, 7.6, 9.1, 4879.7, 0.9, 0, 0, 48, 706, 873, 1603, 0.6, 362, 528.5
4, 127893, 09/12/2018 06:00:23, DM_TECH_GROUP, 6.9, 11.2, 3206.2, 1.9, 1, 0, 697, 9920, 9979, 1920, 2.4, 1699.4, 3817.4
4, 127894, 09/12/2018 06:20:40, DM_TECH_GROUP, 11, 16, 9992, 2.3, 0, 0, 93, 1359, 1538, 3976, 2.7, 895.1, 10435.1
4, 127895, 09/12/2018 06:40:09, DM_TECH_GROUP, 8, 15.2, 5323.3, 5.1, 0, 0, 32, 438, 552, 3279, 2.1, 530.2, 5029.1
4, 127926, 09/12/2018 17:00:14, DM_TECH_GROUP, 0.1, 6.2, 3726.4, 6.1, 0, 0, 1, 16, 27, 8, 0, 2, 4.5
4, 127927, 09/12/2018 17:20:30, DM_TECH_GROUP, 2.5, 8.5, 3258.2, 5.2, 0, 0, 10, 226, 323, 1012, 0.8, 338.9, 3021
4, 127928, 09/12/2018 17:40:23, DM_TECH_GROUP, 3.4, 12.9, 24617.9, 8.2, 0, 0, 49, 732, 796, 704, 1.3, 392.6, 9758.6
4, 127929, 09/12/2018 18:00:00, DM_TECH_GROUP, 1.8, 6, 615.6, 3.1, 1, 0, 393, 5592, 5521, 465, 1.1, 975.7, 3071.2
4, 127930, 09/12/2018 18:20:08, DM_TECH_GROUP, 1.2, 3.9, 193.6, 1.8, 0, 0, 69, 1036, 1013, 221, 0.9, 511.7, 3811.1
4, 127931, 09/12/2018 18:40:07, DM_TECH_GROUP, 0.4, 0.8, 48.2, 0.3, 0, 0, 59, 832, 824, 18, 0.1, 128.8, 582
4, 127932, 09/12/2018 19:00:05, DM_TECH_GROUP, 3.1, 6.1, 228.9, 1.3, 0, 0, 786, 11232, 11252, 899, 1.7, 1738.8, 5108.2
4, 127934, 09/12/2018 19:40:09, DM_TECH_GROUP, 0.7, 0.8, 12.9, 0, 0, 0, 79, 1168, 1275, 146, 0.1, 3.9, 470.5
4, 127935, 09/12/2018 20:00:20, DM_TECH_GROUP, 2.3, 6.6, 267.2, 1.9, 0, 0, 706, 10048, 9970, 681, 2.4, 1665.6, 3446.5
4, 127936, 09/12/2018 20:20:13, DM_TECH_GROUP, 1.1, 2.8, 146.2, 1.4, 0, 0, 5, 80, 90, 119, 0.3, 322.8, 2488.1
4, 127937, 09/12/2018 20:40:36, DM_TECH_GROUP, 1.1, 4.8, 206.1, 3.5, 0, 0, 85, 1236, 1319, 103, 0.2, 547.4, 1737.1
4, 127938, 09/12/2018 21:00:09, DM_TECH_GROUP, 3.2, 6.9, 241.9, 1.8, 1, 0, 757, 10784, 10706, 1229, 1.9, 1330.5, 3393
4, 127939, 09/12/2018 21:20:16, DM_TECH_GROUP, 1.4, 2.9, 174.8, 0.6, 0, 0, 55, 776, 764, 264, 0.9, 521.8, 2942.4
4, 127940, 09/12/2018 21:40:25, DM_TECH_GROUP, 0.4, 0.6, 17.6, 0.1, 0, 0, 20, 304, 478, 26, 0.1, 12.1, 186
4, 127941, 09/12/2018 22:00:03, DM_TECH_GROUP, 2.2, 6.4, 289, 2.8, 0, 0, 773, 11024, 10896, 524, 1.4, 1649.1, 3404.7
4, 127942, 09/12/2018 22:20:20, DM_TECH_GROUP, 2.9, 15.8, 2226.7, 12, 0, 0, 9, 152, 359, 933, 0.9, 494.1, 3631.2
4, 127943, 09/12/2018 22:40:04, DM_TECH_GROUP, 4.8, 12.6, 16649.1, 5.9, 0, 0, 65, 968, 894, 1563, 1.9, 712.1, 9361
4, 127944, 09/12/2018 23:00:09, DM_TECH_GROUP, 4.2, 9.8, 7800.8, 3.3, 0, 0, 790, 11296, 11250, 1329, 2.3, 2137.7, 9694.7
4, 127945, 09/12/2018 23:20:05, DM_TECH_GROUP, 0.8, 1.5, 9406.9, 0.4, 0, 0, 60, 842, 761, 74, 0.3, 171.9, 1616.8
4, 127946, 09/12/2018 23:40:16, DM_TECH_GROUP, 0.3, 0.3, 3.6, 0, 0, 0, 23, 352, 523, 27, 0, 1.7, 216.2
4, 127875, 09/12/2018 00:00:07, OTHER_GROUPS, 8, 32.9, 39585.3, 24.3, 0, 0, 51, 216, 6674, 1473, 0.6, 1450.3, 349.5
4, 127876, 09/12/2018 00:20:11, OTHER_GROUPS, 16.2, 58.3, 34336.7, 40.5, 0, 0, 255, 1400, 7767, 8096, 1.6, 11289, 509.9
4, 127877, 09/12/2018 00:40:08, OTHER_GROUPS, 20.8, 40.2, 21373.1, 18.5, 0, 0, 318, 2300, 8116, 12294, 0.9, 1907.1, 291.1
4, 127878, 09/12/2018 01:00:20, OTHER_GROUPS, 17.6, 39.5, 22364.5, 20.9, 0, 0, 224, 1704, 7410, 7228, 1, 1095.7, 954.5
4, 127879, 09/12/2018 01:20:20, OTHER_GROUPS, 20.6, 41.5, 22924.1, 19.5, 0, 0, 0, 0, 5291, 10342, 1.4, 1111, 2131.2
4, 127880, 09/12/2018 01:40:13, OTHER_GROUPS, 18.8, 39.9, 22481.1, 19.7, 0, 0, 3, 24, 5760, 9418, 1.4, 1165.6, 2648.8
4, 127881, 09/12/2018 02:00:37, OTHER_GROUPS, 11.2, 33.7, 24123.4, 21.4, 0, 0, 5, 24, 6089, 5723, 1.1, 730.8, 1627.6
4, 127882, 09/12/2018 02:20:15, OTHER_GROUPS, 7.8, 27.7, 24143.4, 19.4, 0, 0, 0, 0, 5665, 1638, 0.5, 660.8, 315.3
4, 127883, 09/12/2018 02:40:31, OTHER_GROUPS, 6.9, 27.6, 26818.9, 20.1, 0, 0, 0, 0, 4334, 1200, 0.6, 620.6, 258.8
4, 127884, 09/12/2018 03:00:01, OTHER_GROUPS, 7.3, 41.7, 27516, 33.9, 0, 0, 0, 0, 4176, 2534, 0.5, 582.6, 103.1
4, 127885, 09/12/2018 03:21:03, OTHER_GROUPS, 6.2, 38.6, 30905.8, 32, 0, 0, 0, 0, 3791, 1764, 0.4, 495, 143.9
4, 127886, 09/12/2018 03:40:01, OTHER_GROUPS, 6.9, 34.8, 38566.2, 27.5, 0, 0, 0, 0, 5060, 1474, 0.4, 607.9, 83.8
4, 127887, 09/12/2018 04:00:19, OTHER_GROUPS, 9.4, 39.8, 55502, 29.6, 0, 0, 0, 0, 7266, 3263, 0.8, 808, 186.5
4, 127888, 09/12/2018 04:20:09, OTHER_GROUPS, 19.6, 63.9, 59906.5, 43.2, 0, 0, 11, 84, 6700, 15177, 1.1, 3407.8, 355.7
4, 127889, 09/12/2018 04:40:13, OTHER_GROUPS, 28, 57.6, 54214.2, 28.7, 4, 0.4, 20, 128, 7058, 19765, 0.9, 1607.1, 245.1
4, 127890, 09/12/2018 05:00:05, OTHER_GROUPS, 24.2, 47.3, 49613.2, 22.4, 0, 0, 6, 44, 8214, 14894, 0.7, 1462.8, 226.4
4, 127891, 09/12/2018 05:20:37, OTHER_GROUPS, 20.1, 38.6, 26364.7, 18, 0, 0, 0, 0, 9266, 10063, 0.5, 1603.7, 180.8
4, 127892, 09/12/2018 05:40:08, OTHER_GROUPS, 19.5, 37.8, 23178.5, 17.9, 0, 0, 0, 0, 5098, 10693, 0.4, 1341.5, 89.1
4, 127893, 09/12/2018 06:00:23, OTHER_GROUPS, 15.3, 37.1, 26937.2, 21.3, 0, 0, 5, 40, 4897, 4936, 0.5, 998, 227
4, 127894, 09/12/2018 06:20:40, OTHER_GROUPS, 8.5, 32.7, 28680.5, 23.5, 0, 0, 0, 0, 5087, 1109, 0.7, 885, 388.3
4, 127895, 09/12/2018 06:40:09, OTHER_GROUPS, 7.3, 30.3, 24595, 22.5, 0, 0, 7, 108, 5151, 1476, 0.5, 634.7, 215.4
4, 127896, 09/12/2018 07:00:11, OTHER_GROUPS, 47.1, 58.1, 40011.9, 4.5, 0, 0, 72, 1366, 6709, 24536, 6.5, 7408.7, 6878
4, 127897, 09/12/2018 07:20:26, OTHER_GROUPS, 62.1, 72.2, 39841.7, 4.7, 1, 0, 147, 2944, 8963, 56769, 5.4, 7472, 6323.5
4, 127898, 09/12/2018 07:40:31, OTHER_GROUPS, 49.2, 60.6, 43114.6, 5.3, 0, 0, 317, 5279, 10539, 77705, 6.1, 7091.9, 9481.7
4, 127899, 09/12/2018 08:00:11, OTHER_GROUPS, 52.3, 106.8, 39579.5, 43.9, 4, 0, 622, 9614, 16532, 64462, 10.6, 8329.2, 13513
4, 127900, 09/12/2018 08:20:47, OTHER_GROUPS, 68.2, 79.1, 31489.5, 5.5, 12, 1.1, 215, 3847, 8459, 62373, 5.4, 3798, 5114.1
4, 127901, 09/12/2018 08:40:05, OTHER_GROUPS, 60.4, 74.9, 33229.4, 8.9, 19, 1.4, 114, 2682, 7818, 45989, 5.6, 3681.2, 7236.9
4, 127902, 09/12/2018 09:00:11, OTHER_GROUPS, 62.8, 82, 30749.1, 13.7, 16, 4.1, 97, 2308, 10323, 169470, 5.5, 8555.4, 6001.7
4, 127903, 09/12/2018 09:20:16, OTHER_GROUPS, 70.3, 78.3, 41978.2, 3.5, 2, 0, 112, 3856, 9418, 50205, 4.5, 8900.5, 3227.5
4, 127904, 09/12/2018 09:40:18, OTHER_GROUPS, 72.9, 84.7, 55221.1, 6, 0, 0, 50, 1632, 7807, 106294, 5.8, 8237.9, 6687
4, 127905, 09/12/2018 10:00:19, OTHER_GROUPS, 59.6, 70.3, 48652.5, 5.5, 0, 0, 138, 7674, 14513, 36984, 5.2, 6445.4, 6068.8
4, 127906, 09/12/2018 10:20:33, OTHER_GROUPS, 65.9, 69.9, 37170.6, 0, 3, 0, 587, 36714, 42928, 39471, 4, 2699.5, 5562.7
4, 127907, 09/12/2018 10:40:02, OTHER_GROUPS, 56.7, 58.8, 33461.9, 0, 1, 0, 514, 31487, 37672, 24599, 2.1, 2894.2, 2806.5
4, 127908, 09/12/2018 11:00:13, OTHER_GROUPS, 63.4, 66.6, 37197.6, 0, 0, 0, 401, 23502, 30676, 39149, 3.2, 9204, 3181
4, 127909, 09/12/2018 11:20:20, OTHER_GROUPS, 44.9, 47.6, 31198.3, 0, 1, 0, 812, 50021, 58956, 21325, 2.7, 5870.6, 3649.5
4, 127910, 09/12/2018 11:40:09, OTHER_GROUPS, 58.3, 61.4, 29024, 0, 0, 0, 754, 43127, 48150, 31398, 3.1, 6533.8, 3627.3
4, 127911, 09/12/2018 12:00:29, OTHER_GROUPS, 63.8, 72.6, 45192.4, 0, 0, 0, 1131, 39123, 51677, 87789, 8.8, 8544, 6966
4, 127912, 09/12/2018 12:20:00, OTHER_GROUPS, 45.6, 51.6, 40616.8, 0.2, 0, 0, 769, 42436, 48239, 25786, 5.8, 6901.7, 7135.2
4, 127913, 09/12/2018 12:40:06, OTHER_GROUPS, 53, 61.8, 49872.2, 0, 0, 0, 732, 40013, 49102, 36619, 8.8, 7906.7, 11893.7
4, 127914, 09/12/2018 13:00:04, OTHER_GROUPS, 51.3, 58, 33524.4, 0, 4, 0, 1305, 43563, 49938, 24247, 6.7, 7090.9, 6714.2
4, 127915, 09/12/2018 13:20:06, OTHER_GROUPS, 45.2, 51.8, 30331.1, 0, 0, 0, 665, 37942, 42735, 18754, 6.6, 8174.3, 3410.8
4, 127916, 09/12/2018 13:40:10, OTHER_GROUPS, 42.1, 48.4, 32912.2, 0, 0, 0, 886, 50784, 56148, 19349, 6.3, 5904.5, 3360.2
4, 127917, 09/12/2018 14:00:03, OTHER_GROUPS, 50.1, 57.4, 49404.1, 0, 1, 0, 1479, 58005, 63509, 25381, 7.3, 8574.8, 5561.7
4, 127918, 09/12/2018 14:20:19, OTHER_GROUPS, 35.9, 41.2, 24475.4, 0, 0, 0, 859, 50626, 55597, 12252, 5.3, 4122.9, 4234.9
4, 127919, 09/12/2018 14:40:25, OTHER_GROUPS, 34, 38.8, 18598.6, 0, 0, 0, 865, 54566, 59660, 13684, 4.8, 1025.7, 2283
4, 127920, 09/12/2018 15:00:05, OTHER_GROUPS, 49.4, 54, 34840.2, 0, 0, 0, 1054, 66399, 72873, 25658, 4.6, 3086.6, 1629.4
4, 127921, 09/12/2018 15:20:10, OTHER_GROUPS, 28.2, 32.7, 20561.4, 0, 0, 0, 301, 18040, 23374, 7564, 4.5, 1187.1, 979.4
4, 127922, 09/12/2018 15:40:24, OTHER_GROUPS, 29.3, 34.4, 23214.5, 0, 0, 0, 270, 15610, 22821, 4571, 5.1, 1282.7, 768.1
4, 127923, 09/12/2018 16:01:31, OTHER_GROUPS, 29.6, 34.8, 17510.9, 0, 0, 0, 1213, 76462, 81553, 7503, 5.2, 1974.1, 3561.3
4, 127924, 09/12/2018 16:20:10, OTHER_GROUPS, 31.5, 37, 35516.2, 0, 1, 0, 717, 44059, 46770, 6222, 5.5, 3189.3, 7523
4, 127925, 09/12/2018 16:40:05, OTHER_GROUPS, 28.6, 31.7, 17628, 0, 0, 0, 93, 3452, 11409, 7344, 3.1, 5615.4, 2581.6
4, 127926, 09/12/2018 17:00:14, OTHER_GROUPS, 16.3, 17.3, 24542.1, 0.1, 0, 0, 0, 0, 6745, 4533, 0.9, 1333.6, 321.9
4, 127927, 09/12/2018 17:20:30, OTHER_GROUPS, 10, 16.5, 24903.5, 5.6, 0, 0, 0, 0, 5908, 1515, 0.9, 1082.4, 422.4
4, 127928, 09/12/2018 17:40:23, OTHER_GROUPS, 9.4, 27.6, 33454.4, 17.2, 0, 0, 0, 0, 7825, 1088, 1, 1281.6, 282.3
4, 127929, 09/12/2018 18:00:00, OTHER_GROUPS, 5.1, 16.3, 17982.5, 10.7, 0, 0, 0, 0, 4239, 752, 0.5, 607.1, 213.8
4, 127930, 09/12/2018 18:20:08, OTHER_GROUPS, 7.2, 18.3, 22075.9, 10.4, 0, 0, 0, 0, 5939, 1085, 0.7, 677.9, 384.7
4, 127931, 09/12/2018 18:40:07, OTHER_GROUPS, 7.2, 16.5, 24954.7, 8.5, 0, 0, 0, 0, 6748, 707, 0.8, 1089.2, 255.6
4, 127932, 09/12/2018 19:00:05, OTHER_GROUPS, 7.3, 17.5, 24539.2, 9.5, 0, 0, 0, 0, 6612, 1114, 0.7, 955.2, 391
4, 127933, 09/12/2018 19:20:20, OTHER_GROUPS, 7.3, 24.6, 27011.2, 16.5, 0, 0, 0, 0, 6441, 926, 0.8, 944.7, 384.4
4, 127934, 09/12/2018 19:40:09, OTHER_GROUPS, 7.2, 15.7, 24371.1, 7.8, 0, 0, 0, 0, 6932, 552, 0.7, 1096.1, 123.7
4, 127935, 09/12/2018 20:00:20, OTHER_GROUPS, 7.2, 17.2, 23833.9, 9.3, 0, 0, 0, 0, 5761, 1137, 0.7, 918.2, 278.6
4, 127936, 09/12/2018 20:20:13, OTHER_GROUPS, 7.3, 16.5, 24501.3, 8.5, 0, 0, 0, 0, 6166, 584, 0.7, 991.2, 446.9
4, 127937, 09/12/2018 20:40:36, OTHER_GROUPS, 8.6, 24.6, 31685.8, 15.2, 0, 0, 0, 0, 7625, 641, 0.8, 1486.9, 193.2
4, 127938, 09/12/2018 21:00:09, OTHER_GROUPS, 5.9, 19.3, 26334.8, 12.8, 0, 0, 0, 0, 4986, 1114, 0.6, 804.8, 266.1
4, 127939, 09/12/2018 21:20:16, OTHER_GROUPS, 7.4, 22.9, 37339.3, 14.9, 0, 0, 0, 0, 5359, 1343, 0.6, 840.5, 349.7
4, 127940, 09/12/2018 21:40:25, OTHER_GROUPS, 7.3, 17.9, 25581.8, 9.9, 0, 0, 0, 0, 6435, 722, 0.7, 1013.3, 235.3
4, 127941, 09/12/2018 22:00:03, OTHER_GROUPS, 8.2, 20.4, 24696.2, 11.1, 0, 0, 1, 3, 5191, 1035, 1.1, 1090.9, 526.2
4, 127942, 09/12/2018 22:20:20, OTHER_GROUPS, 7.8, 19.3, 26293.1, 10.8, 0, 0, 1, 5, 5809, 849, 0.7, 918.5, 497
4, 127943, 09/12/2018 22:40:04, OTHER_GROUPS, 7.2, 16.5, 22738.3, 8.5, 0, 0, 0, 0, 6186, 735, 0.8, 963.5, 632.4
4, 127944, 09/12/2018 23:00:09, OTHER_GROUPS, 7.3, 17.1, 23726, 9.2, 0, 0, 0, 0, 5698, 798, 0.6, 818.8, 363.2
4, 127945, 09/12/2018 23:20:05, OTHER_GROUPS, 7.3, 16.6, 23845.7, 8.7, 0, 0, 0, 0, 6067, 559, 0.6, 972.9, 358.2
4, 127946, 09/12/2018 23:40:16, OTHER_GROUPS, 7.2, 16.3, 24474.1, 8.5, 0, 0, 0, 0, 6042, 458, 0.6, 1073.8, 115.9
4, 127875, 09/12/2018 00:00:07, SZB_SANDBOX_GROUP, 4, 4.3, 521.9, 0, 0, 0, 11, 527, 1543, 747, 0.3, 1593.2, 443.7
4, 127876, 09/12/2018 00:20:11, SZB_SANDBOX_GROUP, 2.6, 2.8, 389.4, 0, 0, 0, 15, 719, 689, 362, 0.2, 78.1, 160.6
4, 127877, 09/12/2018 00:40:08, SZB_SANDBOX_GROUP, 2.3, 2.8, 633.9, 0.3, 0, 0, 14, 672, 812, 555, 0.2, 77.2, 134.6
4, 127878, 09/12/2018 01:00:20, SZB_SANDBOX_GROUP, 2.5, 3, 643.9, 0.2, 0, 0, 6, 271, 630, 506, 0.3, 1770.5, 217.5
4, 127879, 09/12/2018 01:20:20, SZB_SANDBOX_GROUP, 2.6, 2.9, 746.4, 0, 0, 0, 28, 1327, 1595, 581, 0.3, 161.6, 196.5
4, 127880, 09/12/2018 01:40:13, SZB_SANDBOX_GROUP, 1.7, 2.2, 653.8, 0.4, 0, 0, 6, 239, 442, 325, 0.1, 147.9, 116.8
4, 127881, 09/12/2018 02:00:37, SZB_SANDBOX_GROUP, 14.6, 20.2, 5801.9, 3.4, 0, 0, 5, 256, 1927, 5915, 2.2, 1817.6, 4459.8
4, 127882, 09/12/2018 02:20:15, SZB_SANDBOX_GROUP, 11.3, 12.2, 2352.9, 0.4, 0, 0, 11, 465, 1188, 4000, 0.5, 378.3, 869.9
4, 127883, 09/12/2018 02:40:31, SZB_SANDBOX_GROUP, 5.9, 7.7, 1284.8, 1.3, 0, 0, 15, 687, 1651, 1460, 0.5, 317.7, 754.5
4, 127884, 09/12/2018 03:00:01, SZB_SANDBOX_GROUP, 5.9, 24.5, 649.7, 17.8, 2, 0, 15, 783, 2833, 2525, 0.8, 2549.6, 1057.5
4, 127885, 09/12/2018 03:21:03, SZB_SANDBOX_GROUP, 10.9, 27.9, 4661.2, 16, 0, 0, 23, 1071, 2903, 3122, 1, 10947.7, 311.5
4, 127886, 09/12/2018 03:40:01, SZB_SANDBOX_GROUP, 6.7, 10.1, 1434.5, 2.4, 0, 0, 19, 911, 3084, 1614, 1, 3840, 321.2
4, 127887, 09/12/2018 04:00:19, SZB_SANDBOX_GROUP, 8.2, 21.7, 1792.4, 9.8, 0, 0, 13, 463, 2623, 4253, 3.7, 5732.8, 891.6
4, 127888, 09/12/2018 04:20:09, SZB_SANDBOX_GROUP, 12.7, 22.1, 1882.8, 6.8, 1, 0, 5, 110, 1712, 7580, 2.6, 779.4, 1713.8
4, 127889, 09/12/2018 04:40:13, SZB_SANDBOX_GROUP, 20.8, 41.7, 8964.4, 13.5, 4, 0.6, 11, 576, 3678, 10526, 7.4, 1173.7, 5609.9
4, 127890, 09/12/2018 05:00:05, SZB_SANDBOX_GROUP, 21.4, 40, 20608.9, 16.3, 0, 0, 26, 1147, 2628, 8480, 2.3, 1595, 2826.2
4, 127891, 09/12/2018 05:20:37, SZB_SANDBOX_GROUP, 12.9, 15.5, 5179.7, 1, 0, 0, 45, 2192, 3263, 4933, 1.6, 371.4, 3110.6
4, 127892, 09/12/2018 05:40:08, SZB_SANDBOX_GROUP, 22.2, 25.3, 10462.1, 1.3, 0, 0, 34, 1231, 2886, 14604, 1.8, 1308.9, 2763.3
4, 127893, 09/12/2018 06:00:23, SZB_SANDBOX_GROUP, 16.4, 24.7, 9982.7, 7.8, 0, 0, 9, 495, 1862, 3029, 0.5, 2080.6, 549.5
4, 127894, 09/12/2018 06:20:40, SZB_SANDBOX_GROUP, 6.5, 9.5, 3557.5, 2.5, 1, 0, 3, 143, 844, 1145, 0.5, 365.8, 510.2
4, 127895, 09/12/2018 06:40:09, SZB_SANDBOX_GROUP, 8.2, 17.9, 7533.4, 7.3, 0, 0, 3, 160, 311, 5520, 2.4, 409.2, 3331.6
4, 127926, 09/12/2018 17:00:14, SZB_SANDBOX_GROUP, 11.5, 15.1, 6963.4, 2.8, 0, 0, 28, 1568, 2247, 2667, 0.8, 2897, 859.4
4, 127927, 09/12/2018 17:20:30, SZB_SANDBOX_GROUP, 5.9, 6.8, 2018.2, 0.2, 0, 0, 17, 960, 19640, 1427, 0.7, 175, 642.9
4, 127928, 09/12/2018 17:40:23, SZB_SANDBOX_GROUP, 7, 8.1, 619.8, 0.7, 0, 0, 11, 640, 1579, 1677, 0.4, 139.1, 259.7
4, 127929, 09/12/2018 18:00:00, SZB_SANDBOX_GROUP, 6.3, 14, 4614.5, 7.4, 0, 0, 6, 352, 1443, 1636, 0.3, 75.9, 296.8
4, 127930, 09/12/2018 18:20:08, SZB_SANDBOX_GROUP, 13.2, 13.4, 5091.3, 0, 0, 0, 8, 512, 1581, 3052, 0.2, 1707.2, 341.9
4, 127931, 09/12/2018 18:40:07, SZB_SANDBOX_GROUP, 2.2, 2.4, 449.9, 0, 0, 0, 6, 352, 433, 134, 0.2, 72.9, 448.5
4, 127932, 09/12/2018 19:00:05, SZB_SANDBOX_GROUP, 5.5, 6, 1954.6, 0, 0, 0, 21, 960, 2061, 1092, 0.5, 3504.9, 852.9
4, 127934, 09/12/2018 19:40:09, SZB_SANDBOX_GROUP, 4.1, 4.4, 1121.3, 0, 0, 0, 56, 3008, 3913, 548, 0.3, 272.3, 466.8
4, 127935, 09/12/2018 20:00:20, SZB_SANDBOX_GROUP, 15.3, 16.9, 9518.1, 0.8, 0, 0, 16, 928, 2090, 4148, 0.8, 2223.1, 579.5
4, 127936, 09/12/2018 20:20:13, SZB_SANDBOX_GROUP, 3.3, 3.5, 793.6, 0, 0, 0, 43, 2272, 2797, 351, 0.2, 162.9, 221.2
4, 127937, 09/12/2018 20:40:36, SZB_SANDBOX_GROUP, 2.7, 5.3, 851.8, 2.5, 0, 0, 29, 1312, 1867, 283, 0.1, 207.7, 176.7
4, 127938, 09/12/2018 21:00:09, SZB_SANDBOX_GROUP, 10.3, 10.7, 4920.1, 0, 0, 0, 88, 5232, 6272, 1207, 0.4, 1146.7, 167.8
4, 127939, 09/12/2018 21:20:16, SZB_SANDBOX_GROUP, 20.1, 20.6, 8322.6, 0, 0, 0, 90, 4592, 6788, 2609, 0.5, 2005.2, 561.9
4, 127940, 09/12/2018 21:40:25, SZB_SANDBOX_GROUP, 10, 10.7, 2684.3, 0, 0, 0, 57, 2944, 4142, 2496, 0.7, 2205.8, 1021.6
4, 127941, 09/12/2018 22:00:03, SZB_SANDBOX_GROUP, 8, 9.5, 1315.1, 1.2, 0, 0, 7, 343, 966, 2055, 0.3, 1406.5, 1431.7
4, 127942, 09/12/2018 22:20:20, SZB_SANDBOX_GROUP, 9.7, 12.4, 2687.1, 2, 0, 0, 17, 983, 1003, 2025, 0.7, 148.3, 2338.5
4, 127943, 09/12/2018 22:40:04, SZB_SANDBOX_GROUP, 9.9, 10, 3149, 0, 0, 0, 5, 256, 529, 1187, 0.1, 120.1, 302
4, 127944, 09/12/2018 23:00:09, SZB_SANDBOX_GROUP, 12.2, 12.5, 3643.6, 0, 0, 0, 13, 687, 1691, 1741, 0.3, 1733.7, 478.4
4, 127945, 09/12/2018 23:20:05, SZB_SANDBOX_GROUP, 9.6, 9.8, 2110.7, 0.2, 0, 0, 4, 175, 410, 832, 0, 132.6, 21.9
4, 127946, 09/12/2018 23:40:16, SZB_SANDBOX_GROUP, 2.6, 2.6, 494.2, 0, 0, 0, 4, 175, 229, 81, 0, 39.9, 3.3
