HOST, SNAP_ID, TIME, SYS_CPU, SYS_DBTIME, SYS_SYSPCT, SYS_READ, SYS_WRITE, SYS_REDO, SYS_OSWAIT, SYS_RMWAIT, SYS_ACTSESS_MAX, SYS_ACTSESS_AVG, SYS_PGA, SYS_PXRUNS, SYS_PXQCT, SYS_PXSRVT, SYS_UCALLS, SYS_IOWAIT
1, 126075, 14/11/2018 00:00:32, 39.2, 60.3, 11.6, 1031.3, 279.3, 50.3, 1, 0.1, 257.2, 154.4, 16336.4, 391.4, 6.5, 128.6, 163.3, 11.5
1, 126076, 14/11/2018 00:19:32, 40.8, 78.6, 11.8, 12194.8, 218.5, 41.5, 1, 6.1, 301.7, 201.2, 16801.5, 424.3, 9.6, 134.7, 177, 14.7
1, 126077, 14/11/2018 00:39:32, 42.3, 75.4, 12.4, 12032.4, 209.1, 39, 1, 3.2, 266.7, 193, 12442.7, 465.3, 16.5, 153.2, 161.3, 13.4
1, 126078, 14/11/2018 01:01:31, 52.1, 97.6, 14.5, 2236.8, 223.1, 46, 1.1, 4, 381.5, 249.8, 20934.5, 1085.4, 24.1, 281.3, 158, 16.2
1, 126079, 14/11/2018 01:19:32, 65.6, 98.4, 19.3, 2929.4, 236, 35.4, 1.5, 6.8, 335.1, 251.9, 18259.6, 627.5, 25.9, 317.5, 136.9, 21
1, 126080, 14/11/2018 01:39:31, 54.4, 76.3, 16.2, 1546.4, 245.2, 41.8, 1.3, 2.6, 269.1, 195.3, 19910.4, 588.3, 21.9, 279.8, 190.3, 15.4
1, 126081, 14/11/2018 01:59:31, 42.8, 74.5, 12.2, 1232.3, 255.3, 43.8, 1, 0.2, 237.1, 190.6, 16059.7, 738.2, 18.2, 245.8, 159.8, 8.9
1, 126082, 14/11/2018 02:19:31, 43.5, 60.4, 13.2, 2615.1, 224.5, 38.1, 1.1, 0, 286.5, 154.6, 22236.1, 979.5, 15.9, 212.5, 161.5, 10.2
1, 126083, 14/11/2018 02:39:31, 50.4, 110.8, 10.9, 7652.3, 149.4, 13.9, 0.9, 0, 408.6, 283.7, 40271.6, 849.4, 20.5, 293.3, 84.9, 9.4
1, 126084, 14/11/2018 02:59:31, 64.4, 73.7, 15.6, 4591.8, 240.4, 26.2, 1.2, 0.1, 232.1, 188.7, 38705.9, 844.4, 18.8, 254.5, 139.8, 12.2
1, 126085, 14/11/2018 03:19:31, 57.8, 79.8, 15.6, 1773.1, 251.2, 27.6, 1.2, 0, 254.4, 204.4, 33323.3, 361.4, 19.5, 273.2, 143.3, 11.3
1, 126086, 14/11/2018 03:39:31, 54.6, 90.7, 15.1, 3640, 302.1, 34.1, 1.3, 0.2, 392.2, 232.2, 21944.9, 449.3, 18.6, 341.7, 125.4, 17.8
1, 126087, 14/11/2018 03:59:31, 32.9, 60.4, 10.1, 619.4, 282.3, 29.5, 0.9, 0, 190.6, 154.6, 32750.1, 347, 11.8, 128, 138.6, 28.3
1, 126088, 14/11/2018 04:19:30, 38.3, 54, 9.8, 872.7, 369.8, 23.1, 0.8, 0.2, 211.6, 138.3, 50295.7, 331.6, 10, 109.3, 112.8, 17.4
1, 126089, 14/11/2018 04:39:31, 46.5, 49.6, 10.8, 1423.3, 379.9, 28.8, 0.9, 0.5, 170.9, 127, 36670.2, 306, 8.4, 89, 111.5, 5.4
1, 126090, 14/11/2018 05:00:30, 22.1, 50.3, 5.7, 389.9, 426.1, 21.2, 0.5, 0, 264.5, 128.8, 37087.5, 304.7, 4.5, 42.1, 64.7, 11.8
1, 126091, 14/11/2018 05:19:31, 32.4, 54.8, 9.1, 1981.3, 341.8, 32.1, 0.8, 0.1, 223, 140.3, 46524.9, 469.6, 5.8, 97.5, 76.3, 8.7
1, 126092, 14/11/2018 05:39:31, 19.4, 33.8, 5.9, 384.8, 141.7, 23.5, 0.6, 0, 172.9, 86.6, 35793.2, 367.8, 3.5, 45.1, 74.3, 4.7
1, 126093, 14/11/2018 05:59:30, 35.4, 57.6, 9.8, 675.2, 316.3, 43.3, 0.8, 0, 250.8, 147.6, 12167.1, 406.6, 2.7, 56.2, 96.4, 8.1
1, 126094, 14/11/2018 06:19:31, 32.8, 55.2, 9.3, 1421.1, 271.8, 43.4, 0.8, 0, 236.9, 141.3, 13274.7, 416.9, 3.4, 48.9, 96.6, 6.9
1, 126095, 14/11/2018 06:39:31, 18.9, 26.1, 6.5, 126.5, 193.1, 33, 0.6, 0, 148.1, 66.8, 10106.1, 307.1, 2.1, 18.7, 100.6, 5.1
1, 126096, 14/11/2018 06:59:30, 37.2, 50.8, 10.1, 5997.8, 310.8, 61, 0.8, 0, 230.7, 130, 10187.5, 314.6, 2.9, 44.6, 122.9, 6
1, 126097, 14/11/2018 07:20:30, 37.9, 62.6, 10.7, 278.4, 333.5, 68.7, 0.9, 0, 276.2, 160.2, 10093.4, 353.1, 2.8, 35.5, 123.1, 7.9
1, 126098, 14/11/2018 07:39:31, 46.8, 72.4, 13.6, 757.5, 367.2, 71.1, 1.2, 0.1, 343.9, 185.4, 17200.3, 373.4, 3.5, 59.3, 136.1, 6.9
1, 126099, 14/11/2018 07:59:30, 55.4, 80.1, 16.5, 628.5, 389.2, 63.1, 1.3, 0, 275.5, 205, 12057.6, 323.2, 5.6, 83.4, 152.7, 12.8
1, 126100, 14/11/2018 08:19:30, 38.3, 67, 12.1, 195.2, 343.5, 65.9, 1.1, 0, 260.4, 171.6, 11070.7, 327.1, 2.9, 33.4, 161.2, 26.2
1, 126101, 14/11/2018 08:40:30, 53.1, 67.5, 16.2, 16407.1, 404.5, 69.6, 1.3, 0, 223.4, 172.9, 16151.9, 387, 3, 55, 173.8, 17.9
1, 126102, 14/11/2018 09:01:30, 32.8, 63.9, 10.8, 18251.4, 280.6, 54.1, 0.9, 0, 257.6, 163.6, 14121.7, 339.9, 3.5, 59.3, 130.8, 17.6
1, 126103, 14/11/2018 09:19:30, 31.5, 57.4, 10.3, 965, 283.2, 54.9, 0.9, 0, 254.9, 146.9, 10246.7, 373.2, 2.4, 28.2, 142.6, 14
1, 126104, 14/11/2018 09:39:30, 35.8, 53.7, 11.6, 1567.8, 306.4, 53.6, 1, 0, 174.5, 137.5, 17401.6, 412.2, 3.2, 60.2, 145.8, 15.9
1, 126105, 14/11/2018 09:59:30, 36.9, 60, 11.5, 492.3, 316.2, 52.6, 1, 0, 240.6, 153.6, 10048.5, 300.1, 3.6, 84.3, 138.6, 16.3
1, 126106, 14/11/2018 10:19:30, 28.7, 55.4, 9.8, 249.3, 263.7, 52.6, 0.9, 0, 258.2, 141.8, 9836.6, 302.4, 1.3, 5.8, 138.2, 13.2
1, 126107, 14/11/2018 10:39:30, 33, 50.1, 11, 85, 308.9, 66.4, 1, 0, 191.8, 128.2, 9962.8, 293.6, 1, 1.3, 154.6, 16.4
1, 126108, 14/11/2018 10:59:29, 38.1, 69.5, 11.9, 1426.3, 321.6, 59.6, 1, 0, 310.4, 177.8, 15676.3, 409.4, 4.4, 88.9, 142.4, 17.3
1, 126109, 14/11/2018 11:19:29, 35.4, 62.9, 11.5, 363.7, 305.1, 57.6, 1, 0, 284.5, 161.1, 11776.4, 290.5, 3.3, 55.5, 139.2, 13.4
1, 126110, 14/11/2018 11:39:29, 31.5, 71.7, 9.9, 136.5, 274.5, 51.1, 0.8, 0, 321, 183.7, 10503.6, 303.6, 2.3, 26.6, 126.6, 12.8
1, 126111, 14/11/2018 11:59:29, 39.5, 67.3, 11.9, 7539, 306.9, 62.3, 1, 0, 278.2, 172.4, 12335.1, 376.3, 4.2, 78.4, 149.4, 16.7
1, 126112, 14/11/2018 12:19:29, 33.2, 67.4, 10.2, 2378.3, 275.3, 54.9, 0.9, 0, 322.2, 172.6, 10638, 320.8, 3.1, 51, 133.1, 13.4
1, 126113, 14/11/2018 12:40:29, 29.7, 60.6, 9, 2214.2, 274.7, 58.9, 0.8, 0, 290.1, 155.2, 11110.6, 284.8, 3.1, 40.7, 134.9, 18.7
1, 126114, 14/11/2018 13:00:29, 33.4, 61.5, 10.1, 2464.9, 283.2, 61.8, 0.9, 0, 297.5, 157.5, 12175.3, 278.7, 2.9, 40.2, 155.5, 20.3
1, 126115, 14/11/2018 13:19:29, 36.7, 57.8, 11.3, 2355.1, 315.7, 68, 1, 0, 213.7, 148, 11275.5, 323, 2.9, 39, 160.6, 19.1
1, 126116, 14/11/2018 13:39:29, 35.8, 49.2, 11.1, 2107, 302.6, 64.4, 1, 0, 221.5, 125.9, 10215.4, 336.9, 2.1, 25.1, 173.3, 8.3
1, 126117, 14/11/2018 13:59:29, 37, 41.4, 11.2, 1883.6, 284.7, 64.4, 1, 0, 223.4, 106, 11137.7, 343.8, 2.1, 24.9, 198.6, 6.3
1, 126118, 14/11/2018 14:19:29, 35.7, 39.1, 10.5, 1988.9, 311.9, 67.3, 0.9, 0, 167.1, 100.2, 11318.1, 283.4, 2, 24.7, 195.8, 5.7
1, 126119, 14/11/2018 14:39:29, 34.2, 41, 9.9, 2040.2, 301.5, 67.3, 0.9, 0, 248.9, 104.9, 10727.7, 267.4, 2, 24.3, 190.4, 5.6
1, 126120, 14/11/2018 15:00:28, 34.5, 35.1, 10.2, 1852.5, 287.3, 65.2, 1, 0, 115.7, 89.9, 10295.1, 334.9, 2, 25, 199.8, 6.2
1, 126121, 14/11/2018 15:20:29, 37.7, 36.9, 11.4, 1957.6, 320.5, 67.7, 1, 0, 146.6, 94.5, 10371.3, 300.2, 2.1, 25.9, 208.1, 5.4
1, 126122, 14/11/2018 15:39:28, 35.9, 30.8, 11.1, 1567.3, 335.7, 68.8, 1, 0, 110.1, 78.8, 10381, 292.6, 2.2, 27.4, 202.1, 5.2
1, 126123, 14/11/2018 16:00:28, 37.1, 47.2, 10.8, 1900.9, 394.8, 65.9, 0.9, 0, 238.2, 120.8, 17719.2, 316.7, 4.7, 105.1, 172, 5.1
1, 126124, 14/11/2018 16:19:28, 41, 40.1, 12.2, 1451.5, 470.2, 89.5, 1, 0, 141.8, 102.8, 41820.7, 401.4, 8.5, 222.6, 187.4, 4.3
1, 126125, 14/11/2018 16:39:28, 46, 47.7, 13, 2564.9, 716.3, 105.5, 1.1, 0, 245.2, 122.2, 30637.8, 322.4, 9.9, 264.3, 175.4, 4.6
1, 126126, 14/11/2018 16:59:28, 46.7, 66.3, 13.1, 2320.6, 770.4, 110.3, 1.1, 0, 300.9, 169.7, 28458.2, 319.6, 10.8, 290.7, 156.9, 5.5
1, 126127, 14/11/2018 17:19:28, 53.6, 66.1, 15.2, 2743.7, 665.5, 89.3, 1.2, 0, 301.9, 169.2, 35167.6, 370.4, 9.3, 237.9, 181.9, 4.9
1, 126128, 14/11/2018 17:39:28, 59, 61, 15.9, 2586.4, 747.9, 112.3, 1.3, 0, 271.7, 156.1, 33874.1, 305.8, 8, 200.3, 185.3, 4.8
1, 126129, 14/11/2018 18:00:28, 61.1, 104.8, 14.3, 1947.9, 453.4, 92, 1.3, 0, 325.6, 268.2, 38969.2, 307.1, 13.2, 265.1, 151, 29.8
1, 126130, 14/11/2018 18:19:27, 65.2, 85.7, 16, 1613.6, 489.7, 102.1, 1.5, 0, 334.2, 219.4, 36280.4, 324.6, 13.7, 269.8, 171.8, 20.8
1, 126131, 14/11/2018 18:39:28, 44.1, 63.4, 12, 2192.7, 451.2, 94.8, 1, 0, 257.8, 162.2, 20018.7, 305.8, 12.4, 235.4, 159.8, 8
1, 126132, 14/11/2018 19:00:28, 46.9, 52.1, 11.9, 1487.8, 379.4, 75.8, 1, 0, 206.2, 133.3, 36558.9, 278.4, 13, 244.2, 169.3, 7
1, 126133, 14/11/2018 19:20:27, 56.3, 72.2, 13.6, 2745, 418.3, 85.7, 2, 0, 388.9, 184.9, 38746.7, 323.4, 12.9, 254.2, 147.9, 6.1
1, 126134, 14/11/2018 19:39:28, 65.5, 108.2, 16.2, 1984.6, 425.7, 82.5, 2.2, 0, 409.7, 277.1, 20657.8, 352, 12.6, 238.9, 122.1, 25.2
1, 126135, 14/11/2018 19:59:27, 72.9, 127.8, 17.3, 1980.3, 461.1, 71.2, 4.9, 0.2, 497.8, 327.2, 41837.3, 466.5, 17.3, 386.1, 100.1, 19.3
1, 126136, 14/11/2018 20:19:27, 66, 119.4, 15.7, 2072.3, 680.7, 47.7, 2.7, 0.1, 431, 305.7, 61132.2, 403.2, 16.4, 394.2, 85.8, 9.5
1, 126137, 14/11/2018 20:39:27, 64.6, 68.2, 15.3, 3219.6, 594.6, 95.1, 1.1, 0, 248.3, 174.5, 57641.8, 304.7, 11.8, 297.1, 97.1, 9.5
1, 126138, 14/11/2018 20:59:27, 56.7, 85.3, 11.1, 892.7, 495, 41.4, 0.8, 0, 403.1, 218.3, 73989.9, 288, 12, 321.5, 86.5, 15.6
1, 126139, 14/11/2018 21:19:28, 61.2, 67.7, 11.2, 957.1, 426.1, 42.9, 0.8, 0, 251.3, 173.3, 37006.9, 286.1, 11.4, 310, 112.9, 5
1, 126140, 14/11/2018 21:39:28, 55.4, 89.5, 11.1, 1302, 527.7, 79.4, 0.8, 0, 359.1, 229.1, 26754.3, 330.2, 11.2, 289.3, 90.1, 5.2
1, 126141, 14/11/2018 21:59:27, 45.8, 81.1, 9.4, 748.7, 283.1, 27.3, 0.7, 0, 319.7, 207.6, 27680.1, 349.6, 9.3, 248.6, 73.1, 9.3
1, 126142, 14/11/2018 22:19:27, 37.5, 50.7, 7.1, 597.9, 193.2, 28.3, 0.5, 0, 235.8, 129.9, 42407.4, 283.2, 8.1, 217.2, 44.4, 7.5
1, 126143, 14/11/2018 22:40:27, 25.1, 32.3, 6.7, 426.9, 177.8, 30.7, 0.6, 0, 190.9, 82.7, 20786.1, 298.4, 6.4, 161.8, 54.1, 8.6
1, 126144, 14/11/2018 22:59:27, 28.5, 42.7, 7.3, 561.4, 204.8, 34.8, 0.6, 0, 196.6, 109.3, 41263.8, 331.5, 6.8, 180.1, 66.3, 9.3
1, 126145, 14/11/2018 23:19:27, 29.1, 69.1, 8.2, 594.3, 126.4, 26.6, 0.7, 0, 301.8, 177, 24040.6, 371.7, 7.8, 227.9, 70.2, 10.9
1, 126146, 14/11/2018 23:39:27, 28.7, 38.1, 8.4, 640.3, 159.3, 27.2, 0.7, 0, 135.4, 97.6, 26442.2, 307.8, 6.9, 210.7, 87.4, 9.5
2, 126075, 13/11/2018 23:59:51, 58.9, 81.7, 17.5, 2517.4, 458.2, 45.9, 1.3, 0.1, 294.6, 209.2, 37173.5, 179.6, 15.2, 288.5, 151.4, 9.9
2, 126076, 14/11/2018 00:19:51, 49.3, 91.8, 15.1, 1969, 398.3, 37.4, 1.2, 1.6, 381.1, 235.1, 43971.5, 51, 16.2, 251.7, 126.7, 10.7
2, 126077, 14/11/2018 00:39:51, 65.1, 117.4, 18.7, 1121.8, 372.4, 43.6, 1.8, 12, 369.7, 300.5, 36828.6, 18.1, 23.6, 296.9, 159.6, 9.7
2, 126078, 14/11/2018 01:00:52, 64.7, 112.1, 18.1, 1156.6, 343.9, 50.9, 1.5, 8.3, 354, 287, 41057.4, 48.4, 22.7, 292.5, 164.7, 9.1
2, 126079, 14/11/2018 01:19:52, 58.5, 93.8, 17.2, 19867.5, 341.5, 44.2, 1.3, 0.3, 285.8, 240, 40485.3, 96, 19, 255, 165, 10.5
2, 126080, 14/11/2018 01:39:51, 61.7, 89, 16.9, 24827.6, 303.6, 34.8, 2.2, 0.2, 304.2, 227.7, 45858.7, 207.7, 22.1, 334.7, 122.1, 9.1
2, 126081, 14/11/2018 01:59:51, 81.5, 118.2, 19.6, 35230.2, 270.5, 33.3, 2.2, 0.8, 374.8, 302.6, 47578.2, 161.9, 25.8, 439.1, 142.1, 11.3
2, 126082, 14/11/2018 02:19:52, 78, 94.8, 19.7, 63509.8, 346.6, 37.3, 1.6, 0, 349.8, 242.8, 45465.2, 117.1, 20.9, 380.1, 151.2, 13.7
2, 126083, 14/11/2018 02:39:50, 40.1, 93.5, 12.3, 2118.4, 240, 31.3, 1, 0, 335.8, 239.4, 35295.6, 36.1, 15.2, 233.4, 128.3, 12.4
2, 126084, 14/11/2018 02:59:51, 56.6, 62.3, 16.8, 541.9, 356.4, 55.5, 1.3, 0, 197.1, 159.4, 41444.4, 52.9, 11, 173.6, 229.3, 13.9
2, 126085, 14/11/2018 03:19:51, 52.7, 59.7, 16.6, 260.8, 327.6, 45.9, 1.2, 0, 204.5, 152.7, 38076.4, 31, 10.1, 179.5, 226.2, 10.8
2, 126086, 14/11/2018 03:39:51, 51.8, 63.7, 16.2, 649.7, 326.8, 39.8, 1.2, 0, 220.9, 163, 42036.7, 34, 10.7, 212.8, 190.9, 11.4
2, 126087, 14/11/2018 03:59:51, 48.5, 63, 15.4, 399, 329, 39.1, 1.2, 0, 180.8, 161.2, 34883.8, 2896.2, 9.6, 183.2, 177.5, 15.8
2, 126088, 14/11/2018 04:19:51, 50.7, 45.4, 14.6, 363.7, 624.2, 34.9, 1.1, 0, 158.8, 116.3, 67515.7, 3232.6, 8.6, 160.8, 128.5, 13.3
2, 126089, 14/11/2018 04:39:51, 48, 36.3, 13.6, 726.5, 727.2, 34.1, 1, 0, 179.6, 93, 70949, 4178.8, 7.8, 138.2, 106.2, 7.2
2, 126090, 14/11/2018 05:00:50, 46.5, 49.8, 12.6, 409.6, 675.2, 30.9, 0.9, 0, 247, 127.5, 56346, 4172.1, 6.8, 122.4, 88.1, 9.3
2, 126091, 14/11/2018 05:19:50, 49.1, 45.9, 14, 697, 663.5, 32, 1.1, 0, 172.9, 117.5, 59099.1, 863.7, 7.7, 158, 96.7, 7.5
2, 126092, 14/11/2018 05:39:50, 34.3, 31.8, 11.5, 668.2, 374.9, 33, 0.9, 0, 150.6, 81.4, 56409.6, 455, 5.8, 65.3, 98.5, 3.9
2, 126093, 14/11/2018 05:59:51, 76.2, 93.5, 17.5, 2006.5, 638.4, 29.8, 1.6, 0.2, 325, 239.5, 73986.8, 6072.2, 12.5, 250.7, 89.5, 6.7
2, 126094, 14/11/2018 06:19:50, 86.2, 95.9, 17.2, 1721.1, 346.2, 27.7, 2.4, 0.2, 326.5, 245.6, 74406.1, 75.1, 16.7, 364.2, 80.9, 7.9
2, 126095, 14/11/2018 06:39:51, 87.5, 91.3, 18.4, 966.6, 342.2, 30.9, 1.7, 0.1, 265.7, 233.7, 74586.4, 35.1, 13.5, 294.7, 90.8, 8.8
2, 126096, 14/11/2018 06:59:50, 81.6, 98.5, 16.3, 906.6, 458, 32.3, 1.3, 0.1, 440.2, 252, 69962.3, 33.3, 13, 282.7, 93.6, 5.7
2, 126097, 14/11/2018 07:20:50, 80.4, 105.6, 16.3, 522.1, 524.8, 34.9, 1.3, 0.1, 409.4, 270.4, 54369.2, 29.4, 12.3, 280, 99.4, 6.9
2, 126098, 14/11/2018 07:39:50, 60.8, 88, 15.9, 1405.3, 433, 38, 1.1, 0, 314.1, 225.2, 64184.2, 67, 12.2, 260.9, 110.8, 7.8
2, 126099, 14/11/2018 07:59:50, 72.5, 96.3, 18.7, 17029.8, 386.3, 44.5, 1.4, 0, 272.3, 246.4, 44629.7, 70.9, 12.9, 257.2, 143.1, 10
2, 126100, 14/11/2018 08:19:50, 58.8, 76.7, 15.8, 320, 406.2, 46.8, 1.1, 0, 269.9, 196.4, 40018.9, 42.9, 9.3, 202.9, 142.4, 12.9
2, 126101, 14/11/2018 08:39:50, 71.7, 91.6, 19.3, 973.5, 377.4, 50, 1.6, 0, 320.1, 234.5, 60638.2, 55.2, 10.3, 249.3, 148.5, 11.6
2, 126102, 14/11/2018 09:00:50, 74.9, 106.3, 19.8, 1230.7, 393.3, 54.1, 1.5, 0, 322.6, 272.1, 35931.6, 56.8, 9.7, 253.9, 163.5, 14
2, 126103, 14/11/2018 09:19:50, 64.4, 91.4, 17.9, 555.4, 363.1, 56, 1.3, 0, 295.6, 233.9, 46257.3, 19.9, 7.9, 213, 160.4, 9.2
2, 126104, 14/11/2018 09:39:49, 61.1, 79.2, 18.1, 870.1, 356.5, 54.7, 1.3, 0, 265.2, 202.7, 34853.7, 71, 7.1, 172, 171.9, 9.7
2, 126105, 14/11/2018 09:59:49, 50.5, 73, 16.3, 477.1, 629.6, 56.1, 1.3, 0, 245.9, 186.9, 16300, 86, 5.3, 111.5, 175.2, 8.5
2, 126106, 14/11/2018 10:19:49, 56.3, 82.6, 16, 656.7, 502.5, 54.9, 1.2, 0, 302.3, 211.3, 13065.2, 52.1, 5.9, 125.8, 168.6, 7
2, 126107, 14/11/2018 10:39:49, 49.3, 65.3, 15.7, 738.4, 394, 56.5, 1.2, 0, 215, 167.1, 8658, 69.1, 4.2, 78.6, 175.3, 6.3
2, 126108, 14/11/2018 10:59:49, 49, 72.9, 15.6, 1018.7, 394.2, 60.5, 1.2, 0, 303.3, 186.7, 8999.6, 77.9, 4.8, 116.1, 179.8, 7.4
2, 126109, 14/11/2018 11:19:50, 41.7, 62.2, 14.2, 46.3, 383.1, 60.4, 1.2, 0, 248.6, 159.1, 8749.4, 57.1, 2.8, 45, 181.1, 5.4
2, 126110, 14/11/2018 11:39:50, 39.9, 74.4, 13.1, 1275.1, 385.2, 53.8, 1, 0, 271.9, 190.4, 9330.9, 38, 3.7, 66.1, 161.9, 5.3
2, 126111, 14/11/2018 11:59:49, 52.4, 75, 16.3, 675.9, 408.5, 63.5, 1.3, 0.1, 252.4, 192.1, 12646, 92.9, 4.5, 90.2, 193.1, 6.7
2, 126112, 14/11/2018 12:19:49, 46.6, 79.1, 14.8, 684.3, 387.7, 56.3, 1.1, 0, 282.4, 202.4, 14519.6, 64.9, 4.1, 82.1, 172.6, 5.6
2, 126113, 14/11/2018 12:39:49, 44.2, 68.1, 14.3, 191.5, 410.3, 62.4, 1.1, 0, 211.2, 174.3, 14088.6, 53, 3.1, 53.3, 183.8, 4.7
2, 126114, 14/11/2018 12:59:49, 44.4, 62.5, 15.2, 58.1, 383, 60.7, 1.2, 0, 252.6, 160.1, 8750.1, 51, 2.4, 36.1, 205.2, 5.4
2, 126115, 14/11/2018 13:19:49, 47.3, 65.2, 15.2, 58.8, 391.2, 62.9, 1.2, 0, 235.9, 167, 9056.7, 38, 3, 41.1, 190.9, 5
2, 126116, 14/11/2018 13:39:49, 48.1, 67.2, 15.1, 122.1, 452.8, 64.7, 1.3, 0, 236.9, 172.1, 9491.9, 104.2, 3.2, 43.8, 193.2, 5
2, 126117, 14/11/2018 13:59:49, 53, 72.7, 15.8, 535.9, 803, 59.1, 1.2, 0, 249.8, 186.1, 9445.3, 66.1, 4.1, 58.6, 190.3, 5
2, 126118, 14/11/2018 14:19:49, 52.1, 67.4, 15.7, 514.2, 783.4, 63, 1.3, 0, 228.4, 172.5, 9244.6, 65.1, 3.9, 51.9, 198.1, 4.8
2, 126119, 14/11/2018 14:39:49, 49.7, 67.5, 15.6, 427, 715.3, 64.5, 1.3, 0, 251.6, 172.8, 8911.1, 55, 3.5, 41.6, 199.7, 4.7
2, 126120, 14/11/2018 14:59:49, 48.6, 61.8, 15.5, 333.7, 406.2, 63.2, 1.3, 0, 195.8, 158.1, 8993.8, 46, 3.8, 41, 205.6, 4.9
2, 126121, 14/11/2018 15:19:48, 48.3, 60.6, 15.4, 146.6, 390.3, 65.2, 1.2, 0, 180.6, 155.1, 9015.4, 59.1, 3.2, 39.2, 201.9, 4.3
2, 126122, 14/11/2018 15:39:48, 47.9, 54.2, 15.3, 164, 407.9, 67, 1.3, 0, 167.5, 138.8, 8869.5, 52.9, 2.4, 28, 192, 3.5
2, 126123, 14/11/2018 15:59:49, 46.6, 70.3, 14.8, 394.9, 388.3, 63.8, 1.2, 0, 243.1, 180.1, 10664.9, 53.1, 2.7, 31.6, 183, 3.7
2, 126124, 14/11/2018 16:19:48, 50.2, 61.8, 15.6, 315, 431, 67.9, 1.2, 0, 197.5, 158.3, 10459.4, 32, 3, 50.7, 197.7, 3.4
2, 126125, 14/11/2018 16:39:48, 48.6, 61.1, 15.3, 175.7, 420.6, 69, 1.2, 0, 223.6, 156.3, 11043.6, 59.9, 3.2, 68.4, 191, 3.4
2, 126126, 14/11/2018 16:59:48, 40.7, 70.7, 13.5, 116.3, 399.4, 66.4, 1.2, 0, 274, 180.9, 9444.3, 66.4, 3.3, 75.6, 170.4, 3.8
2, 126127, 14/11/2018 17:20:49, 41.9, 62.9, 14.2, 88, 441.6, 77.2, 1.2, 0, 231.7, 161.1, 9033.1, 100.9, 2.8, 66.8, 184.5, 3.8
2, 126128, 14/11/2018 17:39:48, 43.8, 59, 14.7, 522.6, 442.3, 70.2, 1.3, 0, 211.9, 150.9, 8603.9, 144.1, 2.2, 31.3, 182.8, 3.5
2, 126129, 14/11/2018 17:59:48, 39.6, 57.3, 13.7, 104.5, 410.8, 59.9, 1.1, 0, 195.4, 146.6, 8577.1, 214, 2.4, 20, 159.8, 3.6
2, 126130, 14/11/2018 18:19:48, 38.5, 51, 13.4, 135.3, 412.1, 58.6, 1.1, 0, 185.6, 130.7, 8663.3, 319.3, 2.1, 18.2, 154.4, 2.7
2, 126131, 14/11/2018 18:39:48, 37.7, 56.5, 12.9, 118.7, 398.3, 59.5, 1.1, 0, 213.4, 144.5, 8854.4, 614.1, 2.9, 22.1, 155.3, 2.4
2, 126132, 14/11/2018 18:59:48, 47.9, 58.8, 14.4, 171.9, 382.8, 59.8, 1.2, 0, 196.8, 150.5, 9832.7, 410.1, 3.9, 36.5, 160, 3.2
2, 126133, 14/11/2018 19:19:47, 49.1, 62, 14.7, 405.4, 391.3, 61.8, 1.2, 0, 191.2, 158.8, 9200.7, 431.6, 4.1, 39.6, 162.3, 3.1
2, 126134, 14/11/2018 19:39:48, 46.2, 63.2, 14, 88.8, 368.9, 56.6, 1.2, 0, 248.1, 161.7, 9087, 455.1, 4.1, 38.5, 153.7, 2.5
2, 126135, 14/11/2018 19:59:48, 54.1, 92.5, 15.6, 605.9, 324.1, 49, 1.2, 0, 352.3, 236.7, 11919.3, 540.1, 9.8, 188.3, 151.2, 5
2, 126136, 14/11/2018 20:19:47, 64.2, 109.4, 19.7, 634.2, 352.9, 60.6, 1.6, 0, 389.7, 280, 17440.5, 447.8, 12.1, 285.2, 149.5, 9.2
2, 126137, 14/11/2018 20:39:48, 79.8, 95, 25.2, 920.4, 323.5, 59.7, 2, 0.8, 292.9, 243.2, 12758.7, 458.4, 10, 230.9, 162.8, 18.9
2, 126138, 14/11/2018 20:59:48, 73.3, 103.2, 23.4, 705.8, 314, 57.3, 1.7, 0, 353.1, 264.3, 12822.5, 377, 9.2, 202.6, 170, 24.3
2, 126139, 14/11/2018 21:19:47, 72.8, 87.8, 23.2, 629.1, 312.4, 55.5, 1.6, 0, 289.9, 224.8, 11933.4, 390.2, 8.4, 181.1, 195.5, 18.6
2, 126140, 14/11/2018 21:39:47, 60.9, 91.9, 19.2, 686.5, 241.4, 35.4, 1.4, 0, 305.5, 235.3, 12153.5, 373.8, 8.4, 168, 127.8, 18.5
2, 126141, 14/11/2018 21:59:47, 56.4, 92.7, 18, 968, 253, 33.9, 1.3, 0, 306.5, 237.3, 12546.3, 414.8, 8.1, 166.2, 105, 20.5
2, 126142, 14/11/2018 22:19:47, 57.3, 77.7, 18, 1595.5, 292.7, 34.3, 1.3, 0, 254.1, 198.9, 13010.2, 441, 9.3, 191.6, 90.2, 19.9
2, 126143, 14/11/2018 22:40:47, 54.4, 68.7, 18.2, 663.6, 262.4, 28.3, 1.3, 0, 219.6, 175.9, 13931.2, 345, 9.8, 198.6, 79.4, 22.6
2, 126144, 14/11/2018 22:59:47, 67.6, 83.5, 19.7, 1690.4, 452.1, 28.7, 1.4, 3.1, 284.8, 213.9, 28535.9, 353.2, 14.7, 269.9, 87.6, 22
2, 126145, 14/11/2018 23:19:47, 64.3, 91.5, 18.8, 1315, 462.2, 26.6, 1.3, 3.6, 313.3, 234.1, 29977.7, 468, 15.6, 289, 78.1, 23
2, 126146, 14/11/2018 23:39:47, 65.8, 73.5, 19.6, 2274.6, 503.8, 32.7, 1.3, 4.3, 217, 188.2, 34377.4, 640.2, 14.5, 272, 84.8, 22.5
3, 126075, 14/11/2018 00:00:14, 62.9, 85.5, 11.4, 20078.3, 191, 4, 1.5, 0.7, 419.9, 218.8, 74850, 895.2, 22.3, 597.1, 18.1, 11.5
3, 126076, 14/11/2018 00:19:15, 44.7, 168.9, 9.6, 12615.6, 88.1, 1, 0.6, 5.8, 608.4, 432.4, 113102.9, 1046.9, 78.1, 811.9, 17.4, 15.8
3, 126077, 14/11/2018 00:40:14, 67.6, 227.5, 14.3, 6266.7, 201, 1.3, 1.1, 13.9, 621, 582.5, 131382.2, 910.8, 99.7, 1132.1, 21.4, 10.5
3, 126078, 14/11/2018 01:00:14, 71.8, 216.9, 14.2, 8100.5, 217, 1.4, 1.1, 19.3, 624.6, 555.4, 121058.8, 885.7, 92.1, 1171.1, 20.1, 12
3, 126079, 14/11/2018 01:19:14, 68.9, 177.9, 15.3, 4616.6, 324.7, 1.5, 0.9, 15.2, 501.2, 455.4, 137040.6, 735.5, 81.8, 1090, 20.7, 12.3
3, 126080, 14/11/2018 01:40:14, 64.7, 171.1, 13.7, 3431.9, 346.7, 2, 0.8, 18, 467.3, 438, 126801.1, 1100.5, 71.2, 1007.1, 22.8, 11.8
3, 126081, 14/11/2018 01:59:14, 75.8, 191.1, 17.2, 9069.9, 432.6, 2.6, 2, 11.2, 566.5, 489.1, 110112.9, 700.3, 68.4, 1068.7, 20.1, 13.3
3, 126082, 14/11/2018 02:20:13, 78.3, 170.4, 18.9, 4709.9, 304.7, 2.4, 1.8, 11.6, 481.5, 436.3, 104913.7, 823.6, 66.8, 1086.3, 21.9, 15.1
3, 126083, 14/11/2018 02:40:14, 52.6, 135.7, 11.4, 5425, 473.8, 2.2, 0.7, 2.5, 413.2, 347.5, 94246.4, 574.3, 51.3, 956.2, 14.7, 15.9
3, 126084, 14/11/2018 02:59:14, 62.4, 117.1, 14, 15849.1, 311.3, 3.3, 0.8, 0.3, 384.8, 299.8, 67305.9, 1163.8, 41.4, 801, 14.2, 19.7
3, 126085, 14/11/2018 03:20:13, 51.9, 86.4, 10.9, 12786.9, 214.2, 3.4, 0.7, 1.1, 238.3, 221.3, 58269.8, 934, 31.9, 690.9, 12.3, 9.9
3, 126086, 14/11/2018 03:39:14, 43.8, 74.5, 9.5, 33374.3, 242.4, 4.8, 0.7, 0.1, 303.9, 190.6, 70184.7, 444.1, 27.3, 657.8, 6.3, 13.5
3, 126087, 14/11/2018 04:00:13, 56.6, 112.2, 11.9, 64026.9, 309.3, 5.3, 0.8, 0.3, 473.9, 287.1, 75583.2, 329.3, 30.6, 934.5, 1.9, 39.5
3, 126088, 14/11/2018 04:20:14, 69.5, 113.1, 14.1, 57725.5, 551.2, 8.2, 1.8, 0.8, 388.7, 289.6, 86251.2, 896.8, 33.3, 997.5, 2.4, 27.1
3, 126089, 14/11/2018 04:40:13, 77.6, 100.2, 14.7, 4835.2, 594.7, 6.9, 2, 4.6, 526.4, 256.4, 82788.4, 1271.3, 33, 974.4, 2.1, 13.9
3, 126090, 14/11/2018 05:01:13, 46, 72.7, 9.9, 3265.3, 431, 7.3, 0.8, 0, 383, 186.2, 88439.6, 771.6, 29.1, 891.2, 7, 20.1
3, 126091, 14/11/2018 05:19:13, 49.6, 67.7, 10.6, 6586.1, 318.9, 5.1, 0.8, 0.1, 261.1, 173.2, 84202.8, 605.8, 28.4, 866, 3.6, 16.1
3, 126092, 14/11/2018 05:39:12, 49.8, 62.7, 10.3, 6126.4, 415, 8.1, 0.7, 0.2, 239, 160.5, 100377.5, 696.5, 25.7, 751.5, 9.4, 13
3, 126093, 14/11/2018 06:00:13, 56.5, 69.9, 10.5, 7955.2, 555.3, 5.3, 0.7, 2.8, 263.3, 178.9, 83450.1, 652.2, 28.9, 840.7, 5.2, 11.5
3, 126094, 14/11/2018 06:20:13, 48, 67.9, 10, 8085.9, 421.8, 0.8, 0.6, 0.2, 261.1, 173.8, 92227.2, 639.2, 26.3, 822.8, 5.4, 11.3
3, 126095, 14/11/2018 06:40:13, 36.4, 51, 8.5, 8417.3, 319.6, 6.2, 0.6, 0.1, 227.6, 130.7, 80639, 298.2, 21.9, 699.7, 2.9, 9.2
3, 126096, 14/11/2018 07:00:13, 52.6, 71, 12, 6263, 187, 8.1, 1.1, 0.1, 274.7, 181.7, 76454.1, 405.2, 23.1, 620.7, 4.7, 13.4
3, 126097, 14/11/2018 07:20:13, 80.5, 111, 16.2, 20424.7, 668.8, 15.8, 3.4, 3, 506, 284.1, 93566.1, 333.1, 32.6, 956.2, 2.2, 13.5
3, 126098, 14/11/2018 07:40:12, 49.6, 92.8, 12.3, 7884.3, 230.3, 9.6, 0.8, 0.5, 445.7, 237.7, 60412.7, 264.9, 30.9, 888.4, 2.9, 13.1
3, 126099, 14/11/2018 07:59:13, 65.7, 86.3, 16, 20409, 212, 9.9, 1.1, 0.9, 294.8, 221, 65769.2, 322, 28.2, 734.9, 5.8, 15.8
3, 126100, 14/11/2018 08:20:12, 58.7, 81.7, 14, 14667.5, 274.2, 22.8, 1.2, 1.8, 252, 209.1, 39326.3, 461.6, 28.3, 693, 12.9, 19.7
3, 126101, 14/11/2018 08:40:12, 40.9, 55.7, 8.3, 5689.7, 380.1, 15.3, 0.6, 0.1, 219.9, 142.5, 65377.5, 282, 22.8, 581.3, 1.6, 11.1
3, 126102, 14/11/2018 09:01:12, 64.6, 117.3, 12.4, 36399, 393.3, 13.4, 4.6, 16.8, 505.1, 300.3, 74983.7, 326.7, 39.4, 903.3, 0.8, 14.2
3, 126103, 14/11/2018 09:19:12, 59.4, 101.5, 13.4, 12203.6, 247.2, 20.1, 0.9, 12.4, 319.4, 259.8, 56493, 296, 33, 792.4, 0.8, 16.2
3, 126104, 14/11/2018 09:39:12, 47.7, 64, 12, 4343.8, 307.4, 25.3, 1, 1.4, 237.6, 163.9, 31486.6, 358.6, 24.6, 601.1, 0.9, 11.8
3, 126105, 14/11/2018 10:00:12, 48.3, 62.5, 12.2, 15649.4, 300.3, 23.9, 2.1, 0.5, 282.9, 160.1, 70913.5, 306.8, 25.5, 626.8, 1, 14
3, 126106, 14/11/2018 10:19:12, 54.3, 62.3, 13, 3677.7, 391, 26.2, 0.8, 0.1, 291.5, 159.4, 65432, 300.8, 26.3, 701.2, 0.8, 9.7
3, 126107, 14/11/2018 10:39:12, 53.3, 58.3, 12.5, 5338.4, 414.8, 11.1, 0.8, 1.5, 203.7, 149.3, 83965.1, 508, 28.5, 683.1, 2.4, 8.4
3, 126108, 14/11/2018 11:00:12, 71.3, 101.2, 13.4, 15368.1, 347, 29.5, 3.4, 11.9, 385.2, 259.1, 67711.7, 280.1, 34.1, 879.7, 12.1, 8.6
3, 126109, 14/11/2018 11:19:12, 71.8, 87.3, 14.4, 5415.5, 511.1, 10.4, 1.1, 8.7, 317.2, 223.4, 48319.3, 237.5, 27.4, 727.9, 13.1, 7.8
3, 126110, 14/11/2018 11:39:11, 60.2, 77, 12.1, 4936.2, 365.3, 12.2, 0.6, 6.7, 241.6, 197.2, 75318.1, 276.9, 23.8, 565.6, 14.7, 7.7
3, 126111, 14/11/2018 11:59:11, 70.9, 108.7, 13.4, 16833.5, 485.6, 27.7, 1, 16, 304.9, 278.3, 71629.1, 162.2, 26.9, 720.6, 9.7, 8.4
3, 126112, 14/11/2018 12:19:12, 75.4, 95.7, 13, 6381.5, 536.2, 5, 5.5, 11.9, 361.5, 245.1, 111291.7, 152.5, 24.1, 753.3, 10.4, 6.1
3, 126113, 14/11/2018 12:40:12, 84.7, 122.1, 15.8, 5218.3, 462.6, 17.2, 9.5, 19.8, 476.1, 312.6, 180039.2, 104.4, 32.9, 1008, 8.7, 8.2
3, 126114, 14/11/2018 13:00:11, 92.7, 122.8, 15.9, 34476.1, 382.9, 16, 9.6, 8.9, 370.5, 314.3, 90775.7, 175.1, 34.2, 984.3, 9.7, 11.1
3, 126115, 14/11/2018 13:19:11, 94.1, 111.6, 15.4, 7645.5, 362.1, 5.4, 10.1, 6, 323.5, 285.6, 134506.7, 99.7, 29, 845.7, 10.3, 9.1
3, 126116, 14/11/2018 13:39:12, 89, 94.1, 16.7, 4056.1, 293.6, 7, 3.2, 1.4, 272.8, 241, 113635.1, 178.4, 28.3, 842.9, 13.9, 8.5
3, 126117, 14/11/2018 14:00:11, 81.2, 85.8, 12.4, 13620.7, 278.7, 19.5, 2.7, 4.9, 269.2, 219.6, 79582.6, 264.3, 25.4, 764.4, 11.2, 5.8
3, 126118, 14/11/2018 14:20:11, 78, 79.8, 11.3, 2166.9, 252, 4.9, 1.1, 4.3, 256.6, 204.4, 106980.9, 133.2, 20.5, 671.4, 13.1, 4.9
3, 126119, 14/11/2018 14:40:11, 79, 93.6, 11.8, 4711.6, 243.4, 2.6, 5.8, 13.8, 422.1, 239.6, 118257.7, 248.7, 21.9, 673.5, 7.7, 5.4
3, 126120, 14/11/2018 15:00:11, 76.3, 94.1, 12.4, 17306, 321.2, 20.5, 3.7, 14.2, 344, 240.9, 90110.1, 291.9, 23.8, 673, 8.6, 6.3
3, 126121, 14/11/2018 15:20:10, 68.9, 72.3, 11.2, 4816.8, 223.6, 4.1, 1.3, 3.6, 250.2, 185, 65876.5, 338.6, 20.8, 539.1, 9.1, 6.5
3, 126122, 14/11/2018 15:40:10, 56.3, 60.4, 9.1, 3390.5, 198.7, 19.6, 0.5, 9.9, 193.4, 154.7, 90133.3, 264.8, 19.9, 535.5, 6.1, 3.6
3, 126123, 14/11/2018 16:00:11, 56.9, 72.8, 9.1, 15594.7, 127.7, 8.5, 0.6, 13.6, 237.2, 186.3, 83467, 252.3, 23.4, 559.6, 4.3, 5.2
3, 126124, 14/11/2018 16:20:10, 64.4, 76.5, 10.5, 3535.5, 224.3, 19.2, 2.3, 5.2, 326.6, 195.7, 53790.4, 259, 27.8, 592.4, 8.4, 6.2
3, 126125, 14/11/2018 16:39:10, 51.1, 56.3, 8.4, 6228.7, 88.2, 6.2, 0.5, 3.6, 197.9, 144.1, 64784.3, 326, 26.4, 559.8, 10.3, 6.9
3, 126126, 14/11/2018 17:00:10, 56.1, 63.9, 9.1, 14382, 298.6, 19.1, 0.9, 0.2, 279.2, 163.5, 132500.4, 332.7, 27.2, 740.6, 6.5, 5.9
3, 126127, 14/11/2018 17:20:10, 70.1, 96.9, 12.7, 5715.3, 568.2, 15.4, 4.3, 6.9, 377.4, 248, 83641.7, 527.3, 32.9, 967.3, 3.8, 6.8
3, 126128, 14/11/2018 17:40:10, 60.7, 71.1, 13.2, 5356.8, 139.1, 16.9, 1.1, 1, 300.2, 181.9, 61935.4, 302.9, 28.4, 867.5, 3.2, 10.9
3, 126129, 14/11/2018 18:00:10, 59.5, 82.4, 10.6, 19451.9, 183, 22.4, 3.9, 4.7, 412.1, 210.9, 66401.5, 333.9, 26.9, 727.1, 3.8, 6.8
3, 126130, 14/11/2018 18:20:10, 66.3, 79.4, 11.4, 13081.1, 387.7, 3.7, 0.8, 4.5, 292.5, 203.3, 78943.3, 301.3, 24.5, 790.2, 2, 5.5
3, 126131, 14/11/2018 18:40:10, 71.8, 80.9, 12.8, 8883.8, 423.2, 6.1, 1.2, 1.6, 248.9, 207.1, 72324.5, 352.4, 21.7, 835.4, 1.5, 5.8
3, 126132, 14/11/2018 19:00:10, 54.7, 62.3, 9, 17218.6, 304.2, 14.6, 0.6, 0.2, 200.8, 159.5, 73911.4, 582.5, 23.5, 657.5, 16.9, 4
3, 126133, 14/11/2018 19:20:10, 52, 61.7, 9.7, 6364.5, 442.3, 10.2, 0.6, 0, 195.8, 158.1, 50937.6, 1074.1, 26.3, 754.3, 19.4, 4.7
3, 126134, 14/11/2018 19:39:10, 53.8, 69.5, 11.4, 5062.5, 392.1, 25.5, 1.3, 0.5, 293, 177.9, 29799.1, 792.1, 29.9, 776.5, 15.9, 7.1
3, 126135, 14/11/2018 20:00:10, 46.9, 58.8, 9.8, 31593.7, 441.3, 3.8, 0.6, 0.2, 178.7, 150.4, 60479.2, 1029, 26.5, 661.3, 26.5, 5.7
3, 126136, 14/11/2018 20:20:10, 32, 44.9, 6.6, 28654.3, 302.4, 13.3, 0.5, 0.1, 183.7, 115, 26505.3, 968.1, 21.2, 542.4, 20.5, 4.8
3, 126137, 14/11/2018 20:40:10, 30.9, 40, 6.3, 26710.1, 150.9, 9.2, 0.5, 0.1, 214.1, 102.4, 21615.1, 1299.7, 20.8, 444.8, 20.5, 4
3, 126138, 14/11/2018 20:59:10, 41, 65.9, 7.9, 36633.3, 163.5, 2.5, 0.5, 0.1, 258.3, 168.6, 46916.6, 897.8, 25.4, 578.2, 18.9, 7.3
3, 126139, 14/11/2018 21:20:10, 41, 59.8, 7.3, 29799.6, 190.9, 1.3, 0.5, 0, 190.4, 153, 21425, 1123.8, 22.9, 530.7, 19.9, 4.4
3, 126140, 14/11/2018 21:39:10, 35.8, 50.5, 6.5, 29362.2, 162.9, 0.6, 0.4, 0.1, 152.9, 129.4, 22825.6, 1146.7, 18.9, 389.7, 15.3, 3.9
3, 126141, 14/11/2018 22:00:10, 54.6, 79.4, 10.1, 48074.2, 107.4, 1.8, 0.7, 1.1, 249.9, 203.2, 30250.5, 710.9, 27.8, 544.7, 12.3, 7.2
3, 126142, 14/11/2018 22:20:10, 63.5, 81.7, 13.6, 64131.2, 242.7, 2.8, 1.7, 0.5, 280.8, 209.1, 24877.3, 747.9, 24.7, 559.9, 15.8, 15.3
3, 126143, 14/11/2018 22:41:09, 39.2, 52.4, 9.5, 75430.6, 117.6, 1.1, 0.6, 0.1, 164.1, 134.1, 21981.8, 1395.3, 20.3, 389.7, 19.2, 14.3
3, 126144, 14/11/2018 23:00:09, 38.7, 59.7, 8.5, 64879.6, 114.6, 3.6, 0.5, 0.1, 204.7, 152.9, 20581.5, 1080.2, 20.8, 482.3, 19.5, 11.4
3, 126145, 14/11/2018 23:20:09, 33.2, 58.3, 8.1, 64878, 111.7, 1.9, 0.5, 0.5, 204.8, 149.2, 36328, 480.8, 21.5, 452.7, 18.6, 10.2
3, 126146, 14/11/2018 23:40:09, 35.1, 56.3, 10.3, 76031.4, 105.8, 1.9, 0.7, 0.1, 187.3, 144.2, 33770.8, 1179.8, 21.9, 445.3, 27.2, 16.1
4, 126075, 13/11/2018 23:59:49, 34.8, 94.6, 9.6, 19274.5, 61.3, 5.5, 0.7, 0, 387.5, 242.2, 72200.5, 266.4, 37.6, 750.4, 3.5, 12.5
4, 126076, 14/11/2018 00:19:49, 43.5, 117.3, 9.9, 20190.4, 77.1, 6.6, 1.2, 2.3, 412.6, 300.3, 97062.8, 467.9, 52.7, 865.5, 6.8, 13.3
4, 126077, 14/11/2018 00:39:49, 63.4, 145.2, 13.5, 4986.3, 117.4, 4.7, 0.9, 4.1, 442.2, 371.7, 83281.3, 480.9, 59, 1068.6, 4.6, 13
4, 126078, 14/11/2018 00:59:48, 74.3, 171.5, 17.2, 24951.2, 109.1, 3.5, 1.4, 4.5, 540.8, 439.1, 117874.6, 423.3, 63.3, 1168.6, 5.8, 17.8
4, 126079, 14/11/2018 01:19:49, 71.9, 157.1, 16.9, 10843.7, 234.8, 1.5, 1.2, 3.9, 468, 402.2, 117675.1, 348.7, 57.9, 1169.7, 5.1, 18
4, 126080, 14/11/2018 01:39:49, 58.8, 146.1, 13.8, 9398.5, 184.6, 1.9, 1.1, 5.9, 426.9, 374, 96350.4, 289.1, 52.4, 1019.6, 6.6, 17.6
4, 126081, 14/11/2018 01:59:48, 62.1, 145.8, 14.7, 8831.8, 222.7, 2, 1, 2.4, 465.4, 373.4, 112598.5, 216.3, 57.9, 1075.8, 11.8, 19.1
4, 126082, 14/11/2018 02:19:49, 71.7, 134.1, 15.2, 3788.5, 177, 1.9, 1.6, 1.2, 427.6, 343.3, 66598.7, 196.1, 51.4, 969.4, 10.2, 17.2
4, 126083, 14/11/2018 02:39:48, 39.4, 113.7, 10.4, 15764.5, 81.9, 2.4, 0.7, 1.7, 406.4, 291.1, 61252.9, 256.3, 46.2, 884.2, 6.2, 20.6
4, 126084, 14/11/2018 02:59:48, 69.1, 133.3, 16.2, 33042.8, 152.8, 5.5, 1, 9.1, 405, 341.3, 88725.7, 173.9, 51.3, 998.4, 5, 26.3
4, 126085, 14/11/2018 03:19:49, 79.6, 134.3, 17, 8953.6, 250.4, 3, 2, 0.6, 420.9, 343.8, 103323.2, 156.2, 48.9, 986.5, 4.1, 17.4
4, 126086, 14/11/2018 03:39:48, 53.1, 101.3, 12, 31270.2, 346.5, 7.7, 0.8, 0, 309.3, 259.4, 87741, 119.9, 44.5, 933.8, 3.5, 15.4
4, 126087, 14/11/2018 03:59:48, 59.1, 111.2, 13.9, 43564.1, 161.7, 8.2, 1, 0.8, 423.7, 284.7, 87385.4, 292.5, 47.3, 862.6, 3.5, 32.4
4, 126088, 14/11/2018 04:19:48, 74.8, 120.3, 15.9, 53195.4, 366.1, 12.5, 1.3, 0.1, 355.8, 308, 100538.8, 402.9, 52.2, 952.3, 3.8, 28.1
4, 126089, 14/11/2018 04:39:48, 80.6, 116.6, 16.3, 27823.1, 387.8, 9.8, 2.9, 0.2, 415.1, 298.5, 109111.8, 465.6, 55.5, 1016.1, 4.2, 17.3
4, 126090, 14/11/2018 04:59:48, 68.2, 126.2, 14.6, 13474, 427, 10.1, 1, 0, 424.6, 323, 85142.7, 492.9, 50.9, 1090.8, 8.2, 23.4
4, 126091, 14/11/2018 05:19:48, 78.4, 121.6, 15, 4911.6, 421.2, 7.6, 2.8, 0.1, 562.5, 311.3, 94942.8, 551.9, 51.2, 1221.2, 7.7, 16
4, 126092, 14/11/2018 05:39:47, 66.4, 105.6, 13.1, 1870.4, 349.3, 11.2, 1.2, 0, 344.5, 270.4, 94822.7, 676, 52.1, 1160.1, 11.8, 13.9
4, 126093, 14/11/2018 05:59:47, 55.3, 101.1, 12, 4209.1, 142.4, 8.3, 0.9, 0, 296.8, 258.9, 68938.9, 536, 47.8, 1011.7, 4.9, 15.7
4, 126094, 14/11/2018 06:19:48, 36.4, 90.1, 8.6, 4072.8, 126.1, 8.5, 0.6, 0, 301, 230.5, 101296.5, 187.6, 36.5, 781.4, 7, 18.1
4, 126095, 14/11/2018 06:39:48, 30.5, 74.3, 7.8, 1673.6, 231.8, 7.3, 0.6, 0, 220.8, 190.1, 71895.3, 74.9, 33.7, 766.1, 4.7, 12.2
4, 126096, 14/11/2018 06:59:47, 65.6, 121.5, 15.6, 3823, 370.2, 13.7, 4.3, 1.6, 418.8, 311, 75266.4, 153.2, 45.2, 982.8, 9.5, 16.7
4, 126097, 14/11/2018 07:20:47, 56.2, 134.4, 15.2, 19977.2, 267.9, 25.7, 1.2, 0.1, 405.3, 344, 99290, 110.8, 44.6, 1050.9, 12, 19.8
4, 126098, 14/11/2018 07:39:47, 47, 99.7, 12.2, 2248.1, 432.8, 15.6, 0.8, 0, 325.3, 255.2, 66165, 177.8, 39.7, 895.8, 11.6, 16.8
4, 126099, 14/11/2018 07:59:47, 37.2, 84.1, 9.3, 20334.2, 152.2, 11.2, 0.6, 0, 297, 215.2, 74377.6, 162.2, 37.2, 821.3, 12.6, 15.8
4, 126100, 14/11/2018 08:19:47, 33.7, 94.7, 8.3, 21024.4, 197.6, 11.6, 0.6, 0, 497.3, 242.5, 68461.2, 171.2, 37.1, 798.8, 14, 19.6
4, 126101, 14/11/2018 08:39:47, 28.9, 75.1, 6.9, 19175.9, 213.7, 9.9, 0.5, 0, 220, 192.2, 73906.4, 98.3, 34.1, 703.1, 12.8, 12.4
4, 126102, 14/11/2018 09:00:47, 33.5, 93, 9.1, 23712.7, 194.5, 10.7, 0.6, 0, 324.1, 238.2, 105986.4, 176.1, 38.8, 795.3, 9.3, 18
4, 126103, 14/11/2018 09:19:47, 59.5, 109.6, 15.3, 10773.3, 411.7, 15.1, 1.1, 0.1, 353.5, 280.7, 73533.5, 179.8, 42.2, 891, 10.5, 16.4
4, 126104, 14/11/2018 09:39:47, 44.6, 97.1, 10.5, 10182.2, 257.5, 7.8, 0.7, 0.2, 286.9, 248.6, 54765.1, 150, 38, 811.7, 8.5, 16.1
4, 126105, 14/11/2018 09:59:47, 38.4, 90.7, 9.5, 37859.5, 184.9, 12.7, 0.6, 0, 276.3, 232.3, 44337.2, 183.9, 35.4, 662.9, 8.3, 16.9
4, 126106, 14/11/2018 10:19:47, 36.3, 84, 8.9, 10878.9, 196.6, 5.5, 0.6, 0, 247.1, 215, 76864.2, 167.9, 40.7, 754.9, 8.1, 13
4, 126107, 14/11/2018 10:39:47, 44.8, 91.5, 11.8, 5495, 273.2, 8.3, 0.8, 2.1, 288.6, 234.3, 74019.3, 257.8, 42.7, 770.1, 9.6, 14
4, 126108, 14/11/2018 10:59:46, 53.9, 135.1, 13.8, 53232.8, 176.2, 4.8, 0.8, 0.3, 408.5, 345.9, 80317.2, 175.4, 50.1, 965.8, 13.9, 21
4, 126109, 14/11/2018 11:19:52, 62.4, 118.1, 15.3, 5654.2, 99.3, 5.7, 0.9, 0.9, 349.9, 302.4, 74905.2, 203.9, 41.7, 755.7, 22.9, 23
4, 126110, 14/11/2018 11:39:52, 42.3, 103.3, 10.9, 4501.7, 127.1, 4.1, 0.8, 0.1, 338.7, 264.4, 73456.4, 185.1, 43, 782.7, 6.3, 16.3
4, 126111, 14/11/2018 11:59:51, 41.9, 91.5, 9.3, 28774.7, 177.7, 7.7, 0.6, 0, 267.1, 234.3, 68280.3, 213.6, 41, 816.3, 6.8, 10.5
4, 126112, 14/11/2018 12:19:52, 38.7, 87.4, 9.6, 4394.6, 96.6, 4.8, 0.7, 0, 273.1, 223.7, 71383.6, 130.2, 38.5, 801.1, 6.9, 8.9
4, 126113, 14/11/2018 12:39:51, 47.5, 90.5, 9.8, 7489.2, 379.5, 5, 0.7, 0.1, 301.9, 231.6, 66989.9, 184.5, 40.3, 915.2, 6.1, 8.6
4, 126114, 14/11/2018 13:00:51, 35.5, 89, 8.4, 4049.2, 394, 10, 0.6, 0, 266.7, 228, 51699.7, 123.8, 40.9, 1023.9, 4.8, 11.5
4, 126115, 14/11/2018 13:19:51, 37.5, 85.6, 9.4, 3402.9, 290.5, 11.7, 0.7, 0.4, 276.1, 219, 89292.5, 144.4, 37.6, 865.1, 5, 10.1
4, 126116, 14/11/2018 13:39:51, 24.7, 73.8, 6.9, 4905.5, 128.5, 9.5, 0.5, 0, 252.4, 188.9, 48456.1, 144.4, 37.6, 791.4, 6.2, 7.3
4, 126117, 14/11/2018 13:59:51, 40.9, 83.7, 9.4, 22778.7, 215, 8.2, 0.6, 0, 316.4, 214.3, 91230.3, 172.7, 36.7, 759.3, 3.5, 9.9
4, 126118, 14/11/2018 14:19:51, 27.6, 74.7, 7.1, 5791.6, 160.4, 5.6, 0.5, 0.1, 242.6, 191.2, 46663, 207.5, 33.9, 706.8, 5.5, 7.2
4, 126119, 14/11/2018 14:39:51, 30.6, 73, 6.5, 3950.5, 104.9, 3.5, 0.5, 0.1, 216.2, 187, 55454.9, 227, 35.2, 689, 3.3, 6.2
4, 126120, 14/11/2018 14:59:51, 43.4, 88.6, 8.9, 19773.7, 119.8, 9.8, 0.6, 1.2, 267.2, 226.8, 54080.3, 193, 38, 720.5, 3, 8
4, 126121, 14/11/2018 15:19:51, 29.2, 74.6, 7.1, 4698.5, 102.2, 9.6, 0.5, 0.1, 282.3, 191, 71957.2, 209.3, 36.1, 672.7, 3.3, 6.6
4, 126122, 14/11/2018 15:39:51, 19, 62.9, 5.1, 4601, 59.7, 5.4, 0.4, 0, 184.1, 161.2, 51211.7, 135.1, 35.2, 671.3, 3.4, 4.3
4, 126123, 14/11/2018 15:59:50, 32.3, 70.8, 8.3, 23270.4, 62.4, 10.3, 0.6, 0.1, 260.4, 181.3, 56270.9, 252.7, 39.5, 668, 3.5, 6.4
4, 126124, 14/11/2018 16:19:50, 23.3, 63.5, 6.4, 7336.9, 126, 7.4, 0.5, 0.1, 211.2, 162.7, 46565.9, 154.5, 38, 658.4, 6.3, 4.1
4, 126125, 14/11/2018 16:39:50, 22, 63.3, 5.8, 9892.3, 78, 2.7, 0.5, 0.1, 210.7, 162.1, 59819.2, 138, 36.2, 642.3, 4.3, 4.8
4, 126126, 14/11/2018 16:59:50, 38.3, 92.6, 9.9, 24727.6, 102.6, 10.9, 0.9, 0.5, 331.8, 237.2, 76480.6, 218.8, 44.3, 1018.5, 2.9, 10
4, 126127, 14/11/2018 17:20:51, 52.5, 99.9, 12.4, 5059.2, 454.5, 21.5, 0.9, 0.3, 330, 255.8, 61163.8, 140.8, 47.7, 1230.1, 2.5, 9.7
4, 126128, 14/11/2018 17:39:50, 42.2, 88.4, 9.1, 11393.1, 181.6, 14.3, 0.6, 0.7, 308.7, 226.4, 57900.6, 206.7, 42.6, 919.9, 3.2, 6.7
4, 126129, 14/11/2018 17:59:50, 65.9, 109.4, 13.2, 18226.9, 247.4, 9.3, 1.5, 0.8, 365.1, 280, 64362.4, 145.8, 44.1, 1084.5, 2.3, 9.9
4, 126130, 14/11/2018 18:19:50, 63.6, 112.4, 12.4, 2331.9, 115, 13.2, 1.3, 1.2, 345.9, 287.8, 60451.4, 185.9, 43.1, 1140.5, 2.2, 9
4, 126131, 14/11/2018 18:39:50, 44.4, 91.8, 9.3, 2470.8, 98.5, 10.9, 0.6, 0, 287.5, 234.9, 37622, 180.4, 40.1, 1058.6, 2.3, 7
4, 126132, 14/11/2018 18:59:49, 45.8, 79.5, 10.2, 20447.2, 144.1, 10.6, 0.7, 0.3, 281.2, 203.6, 87381.8, 170.2, 37.6, 852.9, 2.4, 8.9
4, 126133, 14/11/2018 19:19:50, 46.7, 91.6, 9.7, 21138.3, 273.5, 19.4, 0.6, 0.1, 333, 234.6, 41416.3, 296.3, 37.3, 757.1, 2.1, 7.9
4, 126134, 14/11/2018 19:39:49, 47.1, 92.9, 8.1, 3817.6, 164.3, 11.2, 1.4, 1.4, 365.7, 237.9, 51229.1, 245.2, 38.7, 847.7, 2.9, 5.3
4, 126135, 14/11/2018 19:59:50, 30.9, 79.7, 7.5, 31333.2, 89.9, 4, 0.5, 0, 272.1, 204.1, 63776.3, 228.4, 33.3, 669.8, 3, 8
4, 126136, 14/11/2018 20:19:50, 38.4, 81.5, 9.8, 5018.2, 182.4, 2.8, 0.6, 0.3, 261.3, 208.6, 43077.3, 189.6, 30.1, 548.3, 3.1, 6.5
4, 126137, 14/11/2018 20:39:55, 34.1, 77.1, 7.7, 5603.4, 86.1, 7.7, 0.6, 0, 278.6, 197.4, 24782.3, 169.9, 31, 565.6, 3.3, 6
4, 126138, 14/11/2018 20:59:54, 41.4, 90.7, 9, 49533, 205.8, 8.6, 0.6, 0.4, 295.5, 232.1, 80926.2, 189.8, 29.6, 604.1, 2.4, 12
4, 126139, 14/11/2018 21:19:54, 34.2, 77.8, 8.4, 34692.6, 141.4, 3.4, 0.6, 0.3, 253.9, 199.3, 54953.1, 284.9, 28.8, 544.8, 9.8, 6.8
4, 126140, 14/11/2018 21:39:55, 22.7, 71.9, 6.3, 25892.6, 27.1, 1.1, 0.4, 0, 227.4, 184.1, 53891.7, 152.4, 27.1, 490.9, 3.2, 6.2
4, 126141, 14/11/2018 21:59:54, 17.3, 62.4, 4.9, 42881.8, 25.9, 1.2, 0.4, 0, 212.2, 159.8, 54559.5, 180.8, 26.3, 499.5, 2.9, 7
4, 126142, 14/11/2018 22:19:54, 23.5, 70.4, 6.4, 37497, 11.4, 1.2, 0.5, 0.1, 210.9, 180.2, 52939.7, 187.7, 24.6, 481.9, 2.5, 8.4
4, 126143, 14/11/2018 22:40:54, 25.8, 69.7, 7.1, 44935.5, 17.5, 1.8, 0.5, 0, 214.1, 178.4, 47436.6, 221, 22.4, 409.1, 3.1, 9.4
4, 126144, 14/11/2018 22:59:54, 33.9, 79.9, 8.1, 64059.3, 103, 7.4, 0.6, 1.2, 283.4, 204.6, 70069.4, 250, 25.2, 551.2, 2.9, 9.3
4, 126145, 14/11/2018 23:19:54, 38.9, 95.3, 9, 46396.3, 191.1, 5, 0.6, 0.1, 318.6, 244, 64432.2, 183.9, 27, 604.3, 3.9, 10.3
4, 126146, 14/11/2018 23:39:54, 45.3, 91.1, 10.2, 40391.5, 59.6, 5.9, 0.7, 0.2, 286.1, 233.1, 57457.9, 143, 27.4, 596, 4.8, 9.5
