INSTANCE_NUMBER, SNAP_ID, T_BEG, USR_GROUP, CPU, DBTIME, PGA, OTH_WAIT, PXENQ, PXQTIME, PXQRY, PXREL, REQS, YIELDS, IOWAIT, READ, WRITE
1, 126867, 25/11/2018 00:00:02, ADW_UNLOAD_GROUP, 0, 0, 7.6, 0, 0, 0, 0, 0, 387, 1, 0, 0, 0
1, 126868, 25/11/2018 00:20:06, ADW_UNLOAD_GROUP, 0, 0, 8.8, 0, 0, 0, 0, 0, 327, 1, 0, 0, 0
1, 126869, 25/11/2018 00:40:10, ADW_UNLOAD_GROUP, 0, 0, 6.8, 0, 0, 0, 0, 0, 276, 0, 0, 0, 0
1, 126870, 25/11/2018 01:00:04, ADW_UNLOAD_GROUP, 7.4, 22.1, 1572.5, 8.8, 0, 0, 12, 134, 1153, 3710, 5.9, 2686.7, 7854.6
1, 126871, 25/11/2018 01:20:17, ADW_UNLOAD_GROUP, 3.2, 6.4, 1317.7, 1, 3, 0.1, 16, 140, 701, 1580, 2.2, 1496.5, 4479.6
1, 126872, 25/11/2018 01:40:25, ADW_UNLOAD_GROUP, 1.9, 4, 410.8, 0.5, 1, 0.2, 5, 34, 431, 835, 1.6, 302.9, 5629.2
1, 126873, 25/11/2018 02:00:01, ADW_UNLOAD_GROUP, 1.2, 2.4, 234.6, 0.4, 0, 0, 10, 80, 889, 550, 0.8, 237.2, 2481.1
1, 126874, 25/11/2018 02:20:09, ADW_UNLOAD_GROUP, 11.8, 15.8, 8312.2, 3.1, 0, 0, 29, 312, 1693, 10986, 0.9, 4894.1, 387.1
1, 126875, 25/11/2018 02:40:08, ADW_UNLOAD_GROUP, 33.4, 36, 24378.9, 1.7, 0, 0, 37, 400, 1577, 43911, 0.9, 4572.1, 1377.9
1, 126876, 25/11/2018 03:00:15, ADW_UNLOAD_GROUP, 34.9, 43.7, 13420.6, 4.6, 4, 0.3, 24, 368, 1198, 43188, 4.2, 4081.3, 6320.3
1, 126877, 25/11/2018 03:20:20, ADW_UNLOAD_GROUP, 4.7, 9, 6827.4, 2.6, 9, 1.8, 15, 160, 656, 1679, 1.7, 671.5, 4785.6
1, 126878, 25/11/2018 03:40:10, ADW_UNLOAD_GROUP, 3.8, 4.8, 8735.9, 0.8, 2, 0.1, 25, 233, 351, 622, 0.2, 528.1, 151.3
1, 126879, 25/11/2018 04:00:26, ADW_UNLOAD_GROUP, 1.4, 1.8, 4045, 0.4, 0, 0, 3, 28, 228, 295, 0, 135.7, 117
1, 126880, 25/11/2018 04:20:12, ADW_UNLOAD_GROUP, 0, 0, 7.8, 0, 0, 0, 0, 0, 393, 0, 0, 0, 0
1, 126881, 25/11/2018 04:40:30, ADW_UNLOAD_GROUP, 0, 0, 7.1, 0, 0, 0, 0, 0, 421, 0, 0, 0, 0
1, 126882, 25/11/2018 05:00:26, ADW_UNLOAD_GROUP, 0, 0, 5.5, 0, 0, 0, 0, 0, 398, 0, 0, 0, 0
1, 126883, 25/11/2018 05:20:06, ADW_UNLOAD_GROUP, 0, 0, 7.7, 0, 0, 0, 0, 0, 388, 0, 0, 0, 0
1, 126884, 25/11/2018 05:40:01, ADW_UNLOAD_GROUP, 0, 0, 5.4, 0, 0, 0, 0, 0, 409, 1, 0, 0, 0
1, 126885, 25/11/2018 06:00:03, ADW_UNLOAD_GROUP, 0, 0, 5.3, 0, 0, 0, 0, 0, 487, 0, 0, 0, 0
1, 126886, 25/11/2018 06:20:09, ADW_UNLOAD_GROUP, 0, 0, 7, 0, 0, 0, 0, 0, 479, 0, 0, 0, 0
1, 126887, 25/11/2018 06:40:17, ADW_UNLOAD_GROUP, 0, 0, 8.6, 0, 0, 0, 0, 0, 482, 1, 0, 0, 0
1, 126918, 25/11/2018 17:00:18, ADW_UNLOAD_GROUP, 28.9, 32.2, 12294, 2.3, 0, 0, 47, 508, 1759, 35116, 1, 5918.3, 754.8
1, 126919, 25/11/2018 17:20:05, ADW_UNLOAD_GROUP, 38.8, 43.4, 15148, 3.4, 0, 0, 55, 677, 1681, 50285, 1.2, 5293.6, 1931.4
1, 126920, 25/11/2018 17:40:13, ADW_UNLOAD_GROUP, 11.2, 14.6, 14190.9, 1.8, 0, 0, 17, 220, 1162, 5713, 1.6, 1506.7, 6698.6
1, 126921, 25/11/2018 18:00:25, ADW_UNLOAD_GROUP, 8.2, 50.6, 7992.8, 3.7, 0, 0, 13, 80, 953, 3389, 38.7, 1261.8, 8527.9
1, 126922, 25/11/2018 18:20:01, ADW_UNLOAD_GROUP, 6.2, 41.8, 2638.6, 0, 0, 0, 1, 16, 659, 2537, 35.6, 865.1, 8546.8
1, 126923, 25/11/2018 18:40:06, ADW_UNLOAD_GROUP, 1.1, 2.4, 279.6, 0.3, 0, 0, 16, 256, 970, 225, 1, 1656.5, 919.8
1, 126924, 25/11/2018 19:00:12, ADW_UNLOAD_GROUP, 18.5, 29.7, 1451.8, 1.2, 0, 0, 32, 576, 1399, 23877, 10, 1748.3, 22456.3
1, 126926, 25/11/2018 19:40:04, ADW_UNLOAD_GROUP, 9.7, 18.8, 866.4, 2.7, 0, 0, 75, 1264, 2312, 9274, 6.4, 1263.4, 16490.2
1, 126927, 25/11/2018 20:00:18, ADW_UNLOAD_GROUP, 13.5, 26.9, 2535.9, 10.2, 0, 0, 30, 451, 2023, 11465, 3.2, 2728, 4669.1
1, 126928, 25/11/2018 20:20:42, ADW_UNLOAD_GROUP, 13.8, 19.9, 13015.1, 3.7, 0, 0, 15, 256, 1121, 10426, 2.4, 897.5, 5864.1
1, 126929, 25/11/2018 20:40:05, ADW_UNLOAD_GROUP, 13, 18, 5618, 2.8, 0, 0, 7, 144, 781, 8539, 2.2, 1143.8, 6076.6
1, 126930, 25/11/2018 21:00:03, ADW_UNLOAD_GROUP, 20.7, 26.3, 12910.2, 5.2, 0, 0, 1, 16, 513, 13414, 0.4, 478.4, 778.7
1, 126931, 25/11/2018 21:20:15, ADW_UNLOAD_GROUP, 24.9, 25.7, 10141.6, 0.3, 0, 0, 2, 48, 765, 18405, 0.5, 1059.6, 1104.2
1, 126932, 25/11/2018 21:40:03, ADW_UNLOAD_GROUP, 25, 27.4, 7510.5, 0.5, 0, 0, 5, 128, 790, 19611, 1.9, 656, 4481.5
1, 126933, 25/11/2018 22:00:01, ADW_UNLOAD_GROUP, 21.1, 23.7, 5916, 0, 0, 0, 1, 32, 567, 12926, 2.6, 364.7, 6124.5
1, 126934, 25/11/2018 22:20:08, ADW_UNLOAD_GROUP, 18, 18.5, 7995.3, 0.1, 0, 0, 4, 128, 706, 8420, 0.4, 563.5, 1105.6
1, 126935, 25/11/2018 22:40:12, ADW_UNLOAD_GROUP, 16.2, 17.2, 12773.5, 0.9, 0, 0, 0, 0, 226, 8488, 0.1, 328.2, 213.2
1, 126936, 25/11/2018 23:00:01, ADW_UNLOAD_GROUP, 12.4, 12.7, 6128, 0, 0, 0, 28, 244, 985, 6018, 0.3, 462.8, 142.9
1, 126937, 25/11/2018 23:20:06, ADW_UNLOAD_GROUP, 4.4, 5.6, 5338, 0.9, 0, 0, 1, 32, 516, 1968, 0.3, 235.4, 449.6
1, 126938, 25/11/2018 23:40:13, ADW_UNLOAD_GROUP, 0.9, 1.3, 419, 0.3, 0, 0, 1, 32, 556, 260, 0.1, 71.2, 237.1
1, 126867, 25/11/2018 00:00:02, FP_DM_PRIOR, 3.2, 5.7, 1127, 1.9, 0, 0, 6, 112, 38, 1223, 0.6, 386.9, 1872.5
1, 126868, 25/11/2018 00:20:06, FP_DM_PRIOR, 1.5, 3.3, 525.5, 1.7, 0, 0, 37, 640, 884, 653, 0.1, 134.1, 188
1, 126869, 25/11/2018 00:40:10, FP_DM_PRIOR, 9.3, 12.4, 2964.3, 1.8, 0, 0, 13, 336, 270, 4493, 1.3, 878.7, 4237.3
1, 126870, 25/11/2018 01:00:04, FP_DM_PRIOR, 3.6, 4, 1027.8, 0.3, 0, 0, 1, 16, 16, 1560, 0.1, 93.9, 30.2
1, 126871, 25/11/2018 01:20:17, FP_DM_PRIOR, 5.7, 8.1, 1186.4, 1.4, 0, 0, 98, 2468, 2605, 3677, 1, 1401.6, 1594.6
1, 126872, 25/11/2018 01:40:25, FP_DM_PRIOR, 3.6, 5.3, 2305.6, 1.2, 0, 0, 4, 64, 49, 1598, 0.5, 278.7, 1369.4
1, 126873, 25/11/2018 02:00:01, FP_DM_PRIOR, 1.4, 3.2, 414.7, 1.8, 0, 0, 42, 888, 1255, 2327, 0, 149.8, 7.3
1, 126874, 25/11/2018 02:20:09, FP_DM_PRIOR, 5.8, 6.3, 1994.1, 0, 0, 0, 75, 2000, 1732, 4865, 0.5, 1473.2, 514.5
1, 126875, 25/11/2018 02:40:08, FP_DM_PRIOR, 7.5, 9.4, 977.2, 1.3, 0, 0, 49, 996, 991, 5697, 0.6, 281.1, 1007.9
1, 126876, 25/11/2018 03:00:15, FP_DM_PRIOR, 12.1, 18.6, 2243.9, 4.1, 0, 0, 2, 48, 0, 10309, 2.4, 625.7, 3431.1
1, 126877, 25/11/2018 03:20:20, FP_DM_PRIOR, 10.3, 11, 5339.9, 0.5, 0, 0, 1, 16, 16, 4780, 0.2, 321.2, 573.9
1, 126878, 25/11/2018 03:40:10, FP_DM_PRIOR, 10.7, 14.8, 20302.3, 3.4, 0, 0, 7, 144, 322, 5783, 0.7, 737.6, 2086.4
1, 126879, 25/11/2018 04:00:26, FP_DM_PRIOR, 9.2, 11.6, 16732.9, 2, 0, 0, 1, 16, 16, 2683, 0.4, 407.5, 1619.5
1, 126880, 25/11/2018 04:20:12, FP_DM_PRIOR, 5.1, 8.4, 4007.9, 2.7, 0, 0, 67, 1592, 1825, 2358, 0.6, 1711.7, 1546.2
1, 126881, 25/11/2018 04:40:30, FP_DM_PRIOR, 1.7, 3.9, 4908.9, 2, 0, 0, 0, 0, 3, 193, 0.2, 120.8, 816.8
1, 126882, 25/11/2018 05:00:26, FP_DM_PRIOR, 3.8, 4.4, 4571.1, 0.3, 0, 0, 21, 512, 709, 759, 0.3, 421.5, 67.3
1, 126883, 25/11/2018 05:20:06, FP_DM_PRIOR, 4.1, 8.9, 4086.8, 4.3, 0, 0, 31, 784, 799, 1144, 0.5, 1448.2, 1763.8
1, 126884, 25/11/2018 05:40:01, FP_DM_PRIOR, 1.6, 2.3, 1693.9, 0.7, 0, 0, 3, 72, 71, 355, 0, 129, 118.9
1, 126885, 25/11/2018 06:00:03, FP_DM_PRIOR, 5.4, 7.7, 1321.8, 1.9, 0, 0, 83, 2016, 2266, 2337, 0.4, 1517.4, 1044.2
1, 126886, 25/11/2018 06:20:09, FP_DM_PRIOR, 2.4, 4.4, 850, 1.7, 0, 0, 0, 0, 0, 1045, 0.3, 247.5, 1376.7
1, 126887, 25/11/2018 06:40:17, FP_DM_PRIOR, 1.9, 2.3, 208, 0.1, 0, 0, 75, 1744, 1973, 648, 0.3, 1399.7, 522.8
1, 126918, 25/11/2018 17:00:18, FP_DM_PRIOR, 2.5, 2.9, 1288.9, 0.3, 0, 0, 20, 488, 540, 1184, 0.1, 865, 36
1, 126919, 25/11/2018 17:20:05, FP_DM_PRIOR, 5.2, 8.8, 1704.5, 3, 0, 0, 18, 512, 480, 3946, 0.6, 270.9, 1143.1
1, 126920, 25/11/2018 17:40:13, FP_DM_PRIOR, 5.6, 6.2, 2591.3, 0, 0, 0, 32, 792, 814, 2489, 0.6, 668.9, 2208
1, 126921, 25/11/2018 18:00:25, FP_DM_PRIOR, 3.2, 4.1, 1599.7, 0.6, 0, 0, 2, 32, 16, 709, 0.3, 242.4, 808.1
1, 126922, 25/11/2018 18:20:01, FP_DM_PRIOR, 4, 4.4, 1839.3, 0.2, 1, 0, 25, 456, 708, 1573, 0.2, 1045.7, 515.5
1, 126923, 25/11/2018 18:40:06, FP_DM_PRIOR, 3.4, 5.2, 1833.5, 1.5, 0, 0, 5, 80, 36, 1226, 0.3, 303.9, 1624.2
1, 126924, 25/11/2018 19:00:12, FP_DM_PRIOR, 6, 8.2, 2353.6, 1.3, 0, 0, 21, 424, 587, 3692, 0.9, 1181, 1927.4
1, 126926, 25/11/2018 19:40:04, FP_DM_PRIOR, 6.9, 9, 3141.2, 1.5, 0, 0, 3, 64, 8, 3751, 0.6, 578, 1804.6
1, 126927, 25/11/2018 20:00:18, FP_DM_PRIOR, 7.8, 29.3, 3401.9, 18.2, 0, 0, 64, 1913, 2433, 6074, 3.3, 1245.9, 6571.3
1, 126928, 25/11/2018 20:20:42, FP_DM_PRIOR, 9.9, 24.2, 8935.7, 6.2, 0, 0, 22, 656, 569, 8873, 8.1, 1250.3, 25548.5
1, 126929, 25/11/2018 20:40:05, FP_DM_PRIOR, 10.6, 22.2, 3573.8, 0.5, 0, 0, 9, 256, 228, 10906, 11.1, 731, 33913.1
1, 126930, 25/11/2018 21:00:03, FP_DM_PRIOR, 11.8, 30.4, 3070.9, 1.6, 0, 0, 0, 0, 0, 12503, 17, 607.5, 44321.8
1, 126931, 25/11/2018 21:20:15, FP_DM_PRIOR, 13.4, 30, 3027.9, 0, 0, 0, 10, 256, 332, 12971, 16.6, 1349.7, 38483.2
1, 126932, 25/11/2018 21:40:03, FP_DM_PRIOR, 11.3, 26.9, 2489.8, 0, 0, 0, 1, 16, 0, 11448, 15.6, 507.7, 38447.3
1, 126933, 25/11/2018 22:00:01, FP_DM_PRIOR, 14.2, 29.6, 3375.8, 0.3, 0, 0, 12, 232, 383, 15491, 15.1, 904.2, 36590.9
1, 126934, 25/11/2018 22:20:08, FP_DM_PRIOR, 12, 26.6, 3314.5, 3.7, 0, 0, 0, 0, 0, 11803, 10.9, 810, 43794.9
1, 126935, 25/11/2018 22:40:12, FP_DM_PRIOR, 14.7, 31.1, 3696.4, 3.2, 0, 0, 15, 328, 448, 17361, 13.2, 1389.1, 49628.5
1, 126936, 25/11/2018 23:00:01, FP_DM_PRIOR, 12.1, 29.2, 4012.2, 6.6, 0, 0, 0, 0, 0, 12202, 10.5, 906, 48795
1, 126937, 25/11/2018 23:20:06, FP_DM_PRIOR, 15.7, 32.7, 3869, 5, 0, 0, 10, 168, 278, 19598, 12, 1257.4, 52200
1, 126938, 25/11/2018 23:40:13, FP_DM_PRIOR, 11.6, 27.5, 2877.6, 8.2, 0, 0, 7, 104, 221, 12752, 7.7, 1634.2, 52194.7
1, 126868, 25/11/2018 00:20:06, HDP_UNLOAD_GROUP, 3.9, 17.3, 797.4, 11.8, 0, 0, 16, 168, 505, 9828, 1.6, 3915.8, 884.3
1, 126869, 25/11/2018 00:40:10, HDP_UNLOAD_GROUP, 12.3, 41, 2143, 21.1, 0, 0, 21, 184, 246, 25172, 7.6, 1381, 3797.9
1, 126870, 25/11/2018 01:00:04, HDP_UNLOAD_GROUP, 11.8, 26.7, 1401.1, 12.9, 0, 0, 40, 384, 652, 17485, 2, 1008.8, 979
1, 126871, 25/11/2018 01:20:17, HDP_UNLOAD_GROUP, 11.8, 23.7, 1438.4, 2.9, 0, 0, 40, 344, 628, 10030, 9, 1014.3, 2418.1
1, 126872, 25/11/2018 01:40:25, HDP_UNLOAD_GROUP, 9.9, 19.3, 1140.8, 0, 0, 0, 12, 116, 159, 6797, 9.4, 722.9, 3637.4
1, 126873, 25/11/2018 02:00:01, HDP_UNLOAD_GROUP, 4.2, 9.5, 462.7, 0.7, 0, 0, 86, 720, 1296, 1913, 4.6, 403.8, 795.9
1, 126874, 25/11/2018 02:20:09, HDP_UNLOAD_GROUP, 1.6, 2.8, 159.1, 0.7, 0, 0, 15, 240, 320, 666, 0.5, 180.2, 1054.5
1, 126875, 25/11/2018 02:40:08, HDP_UNLOAD_GROUP, 0.3, 0.3, 19.5, 0, 0, 0, 2, 12, 16, 153, 0, 57.6, 67.4
1, 126876, 25/11/2018 03:00:15, HDP_UNLOAD_GROUP, 1.7, 1.9, 103.7, 0.1, 0, 0, 12, 112, 222, 732, 0.1, 143.5, 15
1, 126877, 25/11/2018 03:20:20, HDP_UNLOAD_GROUP, 1.2, 1.2, 72, 0, 0, 0, 23, 184, 295, 304, 0, 132.8, 14.5
1, 126878, 25/11/2018 03:40:10, HDP_UNLOAD_GROUP, 2.2, 2.3, 178.3, 0.1, 0, 0, 1, 8, 38, 523, 0, 173.5, 0.1
1, 126879, 25/11/2018 04:00:26, HDP_UNLOAD_GROUP, 1.4, 1.5, 129, 0.1, 0, 0, 7, 56, 92, 313, 0, 92.5, 0.3
1, 126933, 25/11/2018 22:00:01, HDP_UNLOAD_GROUP, 0.3, 0.3, 33.9, 0, 0, 0, 0, 0, 5, 75, 0, 2.1, 3.7
1, 126934, 25/11/2018 22:20:08, HDP_UNLOAD_GROUP, 0.3, 0.3, 36.8, 0, 0, 0, 0, 0, 0, 83, 0, 1.9, 0.4
1, 126869, 25/11/2018 00:40:10, ODS_SUPPORT_GROUP, 0, 0, 0, 0, 0, 0, 0, 0, 6, 1, 0, 0, 0
1, 126870, 25/11/2018 01:00:04, ODS_SUPPORT_GROUP, 0, 0, 5.8, 0, 0, 0, 0, 0, 10, 16, 0, 0, 0
1, 126871, 25/11/2018 01:20:17, ODS_SUPPORT_GROUP, 0, 0, 3.1, 0, 0, 0, 0, 0, 10, 16, 0, 0, 0
1, 126872, 25/11/2018 01:40:25, ODS_SUPPORT_GROUP, 0, 0, 1.3, 0, 0, 0, 0, 0, 9, 4, 0, 0, 0
1, 126873, 25/11/2018 02:00:01, ODS_SUPPORT_GROUP, 0, 0, 2.5, 0, 0, 0, 0, 0, 10, 4, 0, 0, 0
1, 126874, 25/11/2018 02:20:09, ODS_SUPPORT_GROUP, 0, 0, 1, 0, 0, 0, 0, 0, 10, 4, 0, 0, 0
1, 126875, 25/11/2018 02:40:08, ODS_SUPPORT_GROUP, 0, 0, 1.5, 0, 0, 0, 0, 0, 9, 8, 0, 0, 0
1, 126876, 25/11/2018 03:00:15, ODS_SUPPORT_GROUP, 0, 0, 3.9, 0, 0, 0, 0, 0, 10, 13, 0, 0, 0
1, 126880, 25/11/2018 04:20:12, ODS_SUPPORT_GROUP, 0, 0, 0.1, 0, 0, 0, 0, 0, 8, 0, 0, 0, 0
1, 126885, 25/11/2018 06:00:03, ODS_SUPPORT_GROUP, 0, 0, 0.8, 0, 0, 0, 0, 0, 7, 0, 0, 0, 0
1, 126886, 25/11/2018 06:20:09, ODS_SUPPORT_GROUP, 0, 0, 0.4, 0, 0, 0, 0, 0, 8, 1, 0, 0, 0
1, 126918, 25/11/2018 17:00:18, ODS_SUPPORT_GROUP, 0, 0, 1.4, 0, 0, 0, 0, 0, 8, 13, 0, 0, 0
1, 126919, 25/11/2018 17:20:05, ODS_SUPPORT_GROUP, 0, 0, 1.3, 0, 0, 0, 0, 0, 9, 4, 0, 0, 0
1, 126921, 25/11/2018 18:00:25, ODS_SUPPORT_GROUP, 0, 0, 0.8, 0, 0, 0, 0, 0, 9, 1, 0, 0, 0
1, 126924, 25/11/2018 19:00:12, ODS_SUPPORT_GROUP, 0, 0, 0, 0, 0, 0, 0, 0, 8, 0, 0, 0, 0
1, 126927, 25/11/2018 20:00:18, ODS_SUPPORT_GROUP, 0, 0, 0, 0, 0, 0, 0, 0, 6, 0, 0, 0, 0
1, 126930, 25/11/2018 21:00:03, ODS_SUPPORT_GROUP, 0, 0, 0.8, 0, 0, 0, 0, 0, 7, 0, 0, 0, 0
1, 126932, 25/11/2018 21:40:03, ODS_SUPPORT_GROUP, 0, 0, 0.9, 0, 0, 0, 0, 0, 9, 10, 0, 0, 0
1, 126934, 25/11/2018 22:20:08, ODS_SUPPORT_GROUP, 0, 0, 0.6, 0, 0, 0, 0, 0, 6, 0, 0, 0, 0
1, 126938, 25/11/2018 23:40:13, ODS_SUPPORT_GROUP, 0, 0, 0, 0, 0, 0, 0, 0, 7, 1, 0, 0, 0
1, 126867, 25/11/2018 00:00:02, OTHER_GROUPS, 12.7, 19.6, 15689.2, 2, 0, 0, 0, 0, 6942, 10499, 4.9, 1344.8, 1549.7
1, 126868, 25/11/2018 00:20:06, OTHER_GROUPS, 15.5, 34.6, 17046.4, 10.4, 0, 0, 0, 0, 5242, 14738, 8.7, 882.6, 2301.1
1, 126869, 25/11/2018 00:40:10, OTHER_GROUPS, 18.1, 37.3, 16184.3, 13.7, 0, 0, 0, 0, 4672, 12164, 5.5, 623.7, 5343.1
1, 126870, 25/11/2018 01:00:04, OTHER_GROUPS, 20.3, 50.5, 16266.6, 21.8, 0, 0, 0, 0, 5210, 16380, 8.4, 744.5, 4044.4
1, 126871, 25/11/2018 01:20:17, OTHER_GROUPS, 17.9, 35.8, 15371.9, 8.1, 0, 0, 0, 0, 5403, 18690, 9.8, 678.1, 5585.6
1, 126872, 25/11/2018 01:40:25, OTHER_GROUPS, 19.1, 42.5, 15104.1, 10.8, 0, 0, 2, 46, 5237, 17960, 12.6, 940.9, 4959.2
1, 126873, 25/11/2018 02:00:01, OTHER_GROUPS, 13.8, 28.8, 17369.3, 10.7, 0, 0, 0, 0, 6034, 9735, 4.3, 989.1, 2002.6
1, 126874, 25/11/2018 02:20:09, OTHER_GROUPS, 14.8, 42.3, 17667.8, 22.3, 0, 0, 0, 0, 6163, 10520, 5.2, 1005.3, 2495.9
1, 126875, 25/11/2018 02:40:08, OTHER_GROUPS, 19, 29.5, 13581.7, 5.1, 0, 0, 0, 0, 6060, 16976, 5.4, 618.7, 3669.4
1, 126876, 25/11/2018 03:00:15, OTHER_GROUPS, 16.1, 34.7, 16090.1, 12.7, 0, 0, 0, 0, 5023, 12077, 5.9, 637.8, 3761.9
1, 126877, 25/11/2018 03:20:20, OTHER_GROUPS, 13.7, 21.3, 15168.8, 2.4, 0, 0, 0, 0, 5425, 7727, 5.2, 822.1, 3759.5
1, 126878, 25/11/2018 03:40:10, OTHER_GROUPS, 9.1, 16.2, 15007, 2.8, 0, 0, 0, 0, 4801, 2391, 4.3, 597.2, 1727.3
1, 126879, 25/11/2018 04:00:26, OTHER_GROUPS, 15.9, 26.6, 33142, 3.5, 0, 0, 0, 0, 7893, 7546, 7.2, 579.2, 3243.5
1, 126880, 25/11/2018 04:20:12, OTHER_GROUPS, 14.6, 20.3, 41788.5, 0, 0, 0, 0, 0, 5124, 3933, 5.7, 1264.4, 1685.8
1, 126881, 25/11/2018 04:40:30, OTHER_GROUPS, 13.9, 21, 39715.3, 1, 0, 0, 0, 0, 5473, 3139, 6.1, 1239.8, 1502
1, 126882, 25/11/2018 05:00:26, OTHER_GROUPS, 8.8, 18.7, 15987.3, 3.8, 0, 0, 0, 0, 8388, 1836, 6.1, 1313.5, 1101.1
1, 126883, 25/11/2018 05:20:06, OTHER_GROUPS, 8.3, 12.3, 16940.7, 2.5, 0, 0, 0, 0, 6575, 1641, 1.5, 1333.2, 832.2
1, 126884, 25/11/2018 05:40:01, OTHER_GROUPS, 9.6, 22.5, 15824.5, 11.2, 0, 0, 0, 0, 6689, 2892, 1.7, 1426.2, 1271.6
1, 126885, 25/11/2018 06:00:03, OTHER_GROUPS, 19.1, 34.3, 18285.1, 12.2, 0, 0, 1, 64, 7068, 12771, 3, 1754.7, 6797
1, 126886, 25/11/2018 06:20:09, OTHER_GROUPS, 17.3, 41.2, 15952.4, 15.4, 0, 0, 0, 0, 6092, 10316, 8.5, 1250.4, 4197
1, 126887, 25/11/2018 06:40:17, OTHER_GROUPS, 17.3, 39, 16082.7, 9.6, 0, 0, 2, 32, 7729, 9556, 12.1, 1152.9, 6125.4
1, 126888, 25/11/2018 07:00:06, OTHER_GROUPS, 19.2, 41.3, 4675.7, 8.1, 0, 0, 15, 400, 6376, 13309, 14, 1515, 8178.5
1, 126889, 25/11/2018 07:20:17, OTHER_GROUPS, 12, 41.4, 4043.2, 17.8, 0, 0, 4, 64, 5898, 6882, 11.6, 1045.5, 5529.3
1, 126890, 25/11/2018 07:40:31, OTHER_GROUPS, 10.4, 38.9, 3248.3, 19.4, 0, 0, 99, 2468, 8111, 3355, 9.1, 2791.9, 4056.9
1, 126891, 25/11/2018 08:00:03, OTHER_GROUPS, 15.1, 30, 4896.6, 0.7, 0, 0, 19, 442, 5548, 7796, 14.2, 6248.4, 7223.1
1, 126892, 25/11/2018 08:20:05, OTHER_GROUPS, 20.9, 36, 4690.5, 0, 0, 0, 81, 2020, 7386, 14237, 15.1, 2501.5, 8946.1
1, 126893, 25/11/2018 08:40:19, OTHER_GROUPS, 12.5, 28.3, 5544.6, 4, 0, 0, 4, 64, 5926, 4094, 11.8, 1247.8, 5744.6
1, 126894, 25/11/2018 09:00:24, OTHER_GROUPS, 18, 37.6, 7288.1, 6.9, 0, 0, 54, 1161, 8072, 9840, 12.7, 6051.7, 5420.1
1, 126895, 25/11/2018 09:20:04, OTHER_GROUPS, 12.7, 28.7, 3949.5, 2.5, 0, 0, 1, 32, 7018, 6064, 13.5, 2072.9, 6586.2
1, 126896, 25/11/2018 09:40:04, OTHER_GROUPS, 21.5, 32.5, 11060.4, 1.8, 0, 0, 34, 888, 7406, 14656, 9.2, 2364.7, 5756.8
1, 126897, 25/11/2018 10:00:07, OTHER_GROUPS, 15.1, 23.8, 8687.3, 3.4, 0, 0, 1, 16, 5536, 10780, 5.3, 1352.6, 6399.4
1, 126898, 25/11/2018 10:20:01, OTHER_GROUPS, 16, 19.5, 8054.5, 0.7, 1, 0, 33, 600, 6777, 9175, 2.8, 2162.9, 4142
1, 126899, 25/11/2018 10:40:13, OTHER_GROUPS, 16.4, 20.5, 6102.2, 0.4, 0, 0, 0, 0, 6599, 11376, 3.7, 1520.5, 5809.1
1, 126900, 25/11/2018 11:00:03, OTHER_GROUPS, 21.5, 32.1, 9408.9, 6, 0, 0, 16, 384, 6393, 15247, 4.6, 2393.2, 4945.7
1, 126901, 25/11/2018 11:20:08, OTHER_GROUPS, 14.1, 19, 4184.7, 2.1, 0, 0, 1, 32, 7905, 8816, 2.8, 1771.2, 3719.6
1, 126902, 25/11/2018 11:40:15, OTHER_GROUPS, 13, 17.7, 2785, 2.4, 0, 0, 138, 3352, 10916, 6630, 2.3, 3033.5, 1930.3
1, 126903, 25/11/2018 12:00:06, OTHER_GROUPS, 10.4, 14.2, 3120.7, 1.7, 0, 0, 0, 0, 8892, 4535, 2.1, 1318, 1326.1
1, 126904, 25/11/2018 12:20:23, OTHER_GROUPS, 14.6, 16.5, 4381.3, 0, 0, 0, 120, 2992, 9405, 6829, 1.9, 2913.1, 3392.5
1, 126905, 25/11/2018 12:40:28, OTHER_GROUPS, 12.7, 14.2, 3536.3, 0, 0, 0, 115, 2992, 11655, 4581, 1.5, 3751, 3621.5
1, 126906, 25/11/2018 13:00:05, OTHER_GROUPS, 11.2, 12.7, 3029.9, 0, 0, 0, 51, 1432, 9512, 4008, 1.5, 3340.5, 1858.4
1, 126907, 25/11/2018 13:20:15, OTHER_GROUPS, 10.7, 11.9, 3304.7, 0, 0, 0, 11, 176, 6828, 2918, 1.2, 1839.1, 2166.7
1, 126908, 25/11/2018 13:40:30, OTHER_GROUPS, 15.1, 16.5, 4307.7, 0, 0, 0, 49, 1224, 8683, 6792, 1.4, 3061.1, 3133.7
1, 126909, 25/11/2018 14:00:41, OTHER_GROUPS, 10, 11.5, 2227.5, 0, 0, 0, 82, 2032, 9085, 2758, 1.5, 3112.3, 1411.1
1, 126910, 25/11/2018 14:20:15, OTHER_GROUPS, 8.2, 9.4, 1946.4, 0, 0, 0, 5, 80, 7410, 1476, 1.2, 1545.3, 972.9
1, 126911, 25/11/2018 14:40:11, OTHER_GROUPS, 10.6, 12, 2276.1, 0, 0, 0, 79, 1840, 9976, 3544, 1.4, 3034.3, 1658.6
1, 126912, 25/11/2018 15:00:23, OTHER_GROUPS, 16.5, 20.5, 3858.6, 1.5, 0, 0, 100, 2400, 9387, 10180, 2.5, 2701.6, 3771
1, 126913, 25/11/2018 15:20:02, OTHER_GROUPS, 13.9, 15.4, 2808, 0, 0, 0, 43, 1112, 9542, 5996, 1.5, 3011.2, 2440.8
1, 126914, 25/11/2018 15:40:02, OTHER_GROUPS, 12.7, 14.4, 4223.2, 0, 0, 0, 1, 14, 8994, 5720, 1.7, 2177.7, 3538.8
1, 126915, 25/11/2018 16:00:05, OTHER_GROUPS, 22.3, 26.1, 7236.7, 0, 0, 0, 135, 3832, 10470, 14681, 3.8, 2684.1, 5410.4
1, 126916, 25/11/2018 16:20:12, OTHER_GROUPS, 22.4, 25.8, 13228.2, 0, 0, 0, 17, 464, 7435, 13227, 3.4, 1401.1, 4589.6
1, 126917, 25/11/2018 16:40:15, OTHER_GROUPS, 19.3, 27.2, 7002.2, 1.1, 0, 0, 37, 992, 5983, 11477, 6.8, 945.6, 5967.6
1, 126918, 25/11/2018 17:00:18, OTHER_GROUPS, 22.3, 50.2, 17196.2, 22.2, 0, 0, 0, 0, 5406, 23122, 5.7, 573.9, 5315.1
1, 126919, 25/11/2018 17:20:05, OTHER_GROUPS, 24.8, 50.6, 16513.5, 20.8, 0, 0, 0, 0, 4247, 30853, 5, 508.1, 5749.2
1, 126920, 25/11/2018 17:40:13, OTHER_GROUPS, 14.6, 47, 15214.4, 28.1, 0, 0, 0, 0, 5974, 11436, 4.3, 768, 4356.8
1, 126921, 25/11/2018 18:00:25, OTHER_GROUPS, 18.6, 36.6, 16250.6, 11, 0, 0, 0, 0, 4677, 13770, 7, 870.7, 6345.6
1, 126922, 25/11/2018 18:20:01, OTHER_GROUPS, 19.2, 31.6, 15067, 6.7, 0, 0, 0, 0, 6141, 15300, 5.7, 814.3, 6819.2
1, 126923, 25/11/2018 18:40:06, OTHER_GROUPS, 17.3, 27, 15588.4, 4.6, 0, 0, 0, 0, 6141, 12336, 5.1, 1015.8, 6653.4
1, 126924, 25/11/2018 19:00:12, OTHER_GROUPS, 23.6, 41.3, 16610.9, 12.4, 0, 0, 0, 0, 6017, 25747, 5.3, 809.6, 6120.8
1, 126925, 25/11/2018 19:20:10, OTHER_GROUPS, 19.1, 75.6, 18373.6, 53.1, 0, 0, 0, 0, 7342, 15193, 3.4, 1020.1, 6111.1
1, 126926, 25/11/2018 19:40:04, OTHER_GROUPS, 21.4, 39, 16338.7, 14.2, 0, 0, 0, 0, 6652, 21680, 3.4, 1000.6, 5462.9
1, 126927, 25/11/2018 20:00:18, OTHER_GROUPS, 19.6, 63.9, 18089, 40.2, 0, 0, 2, 32, 6953, 18286, 4.1, 2544.5, 3894.8
1, 126928, 25/11/2018 20:20:42, OTHER_GROUPS, 26.5, 58.9, 15828.7, 27.6, 0, 0, 0, 0, 6035, 30567, 4.8, 703.9, 5737.2
1, 126929, 25/11/2018 20:40:05, OTHER_GROUPS, 28, 56.1, 15061, 22.2, 0, 0, 0, 0, 7386, 34020, 5.9, 680.3, 6985.7
1, 126930, 25/11/2018 21:00:03, OTHER_GROUPS, 24.6, 57.1, 17192.6, 24.8, 0, 0, 0, 0, 4374, 24536, 7.7, 620.3, 4365
1, 126931, 25/11/2018 21:20:15, OTHER_GROUPS, 30.7, 53.2, 16279.9, 16.9, 0, 0, 0, 0, 4891, 36074, 5.6, 587, 6920.9
1, 126932, 25/11/2018 21:40:03, OTHER_GROUPS, 27.9, 44.9, 15727, 12.3, 0, 0, 0, 0, 5698, 33593, 4.7, 562.6, 4548.2
1, 126933, 25/11/2018 22:00:01, OTHER_GROUPS, 20.5, 37.2, 16268.4, 11.5, 0, 0, 0, 0, 4350, 19685, 5.2, 568.6, 3725.9
1, 126934, 25/11/2018 22:20:08, OTHER_GROUPS, 11.3, 17, 16244.9, 1.6, 0, 0, 0, 0, 5804, 6240, 4.1, 577.7, 1684.1
1, 126935, 25/11/2018 22:40:12, OTHER_GROUPS, 12.2, 17.8, 15555.3, 2.5, 0, 0, 0, 0, 5854, 8840, 3.1, 699.1, 1534.4
1, 126936, 25/11/2018 23:00:01, OTHER_GROUPS, 12.7, 33.9, 18564.5, 18.1, 0, 0, 0, 0, 5934, 10474, 3.1, 960.1, 4097.3
1, 126937, 25/11/2018 23:20:06, OTHER_GROUPS, 18.4, 32.3, 20419.2, 9.2, 0, 0, 0, 0, 6737, 22743, 4.7, 1364.3, 13470.1
1, 126938, 25/11/2018 23:40:13, OTHER_GROUPS, 15.6, 23.4, 16615.8, 5.9, 0, 0, 1, 64, 6281, 13864, 1.9, 1009.6, 3457.9
2, 126867, 25/11/2018 00:00:02, ADW_UNLOAD_GROUP, 0, 0.1, 0.5, 0.1, 0, 0, 0, 0, 454, 0, 0, 0, 0
2, 126868, 25/11/2018 00:20:06, ADW_UNLOAD_GROUP, 0, 0, 0, 0, 0, 0, 0, 0, 495, 0, 0, 0, 0
2, 126869, 25/11/2018 00:40:09, ADW_UNLOAD_GROUP, 0, 0, 0, 0, 0, 0, 0, 0, 545, 1, 0, 0, 0
2, 126870, 25/11/2018 01:00:04, ADW_UNLOAD_GROUP, 0, 0, 0, 0, 0, 0, 0, 0, 467, 1, 0, 0, 0
2, 126871, 25/11/2018 01:20:17, ADW_UNLOAD_GROUP, 10.6, 12.4, 2711.8, 1.4, 60, 0.7, 73, 2086, 3820, 6901, 0.4, 3951.4, 498.8
2, 126872, 25/11/2018 01:40:25, ADW_UNLOAD_GROUP, 27.4, 28.5, 10229.4, 0.6, 39, 0.7, 88, 2408, 22721, 18622, 0.5, 12398.1, 734.9
2, 126873, 25/11/2018 02:00:01, ADW_UNLOAD_GROUP, 3, 3.6, 762.1, 0, 0, 0, 27, 666, 1022, 1204, 0.6, 4382, 326.6
2, 126874, 25/11/2018 02:20:09, ADW_UNLOAD_GROUP, 0, 0, 0, 0, 0, 0, 0, 0, 62, 0, 0, 0, 0
2, 126875, 25/11/2018 02:40:03, ADW_UNLOAD_GROUP, 0, 0, 0, 0, 0, 0, 0, 0, 46, 0, 0, 0, 0
2, 126876, 25/11/2018 03:00:15, ADW_UNLOAD_GROUP, 0, 0, 0, 0, 0, 0, 0, 0, 390, 0, 0, 0, 0
2, 126877, 25/11/2018 03:20:20, ADW_UNLOAD_GROUP, 0, 0, 0.2, 0, 0, 0, 0, 0, 563, 0, 0, 0, 0
2, 126878, 25/11/2018 03:40:10, ADW_UNLOAD_GROUP, 0, 0.1, 0.7, 0.1, 0, 0, 0, 0, 733, 3, 0, 0.3, 32.2
2, 126879, 25/11/2018 04:00:26, ADW_UNLOAD_GROUP, 0, 0, 0, 0, 0, 0, 0, 0, 657, 0, 0, 0, 0
2, 126880, 25/11/2018 04:20:12, ADW_UNLOAD_GROUP, 0, 0, 0, 0, 0, 0, 0, 0, 409, 0, 0, 0, 0
2, 126881, 25/11/2018 04:40:30, ADW_UNLOAD_GROUP, 0, 0, 0, 0, 0, 0, 0, 0, 419, 0, 0, 0, 0
2, 126882, 25/11/2018 05:00:26, ADW_UNLOAD_GROUP, 0, 0, 0, 0, 0, 0, 0, 0, 419, 0, 0, 0, 0
2, 126883, 25/11/2018 05:20:06, ADW_UNLOAD_GROUP, 0, 0, 0, 0, 0, 0, 0, 0, 427, 0, 0, 0, 0
2, 126884, 25/11/2018 05:40:01, ADW_UNLOAD_GROUP, 0, 0, 0, 0, 0, 0, 0, 0, 415, 0, 0, 0, 0
2, 126885, 25/11/2018 06:00:03, ADW_UNLOAD_GROUP, 28.8, 40.6, 54502.9, 10.2, 0, 0, 0, 0, 759, 22420, 1.6, 1739, 3591.7
2, 126886, 25/11/2018 06:20:09, ADW_UNLOAD_GROUP, 34.1, 36.5, 66193.3, 0, 0, 0, 2, 56, 413, 17952, 2.4, 846, 5201.2
2, 126887, 25/11/2018 06:40:17, ADW_UNLOAD_GROUP, 31.3, 35.5, 55548.5, 2.7, 0, 0, 0, 0, 324, 14557, 1.5, 618.7, 3693.7
2, 126918, 25/11/2018 17:00:18, ADW_UNLOAD_GROUP, 0, 0, 0.1, 0, 0, 0, 0, 0, 412, 0, 0, 0, 0
2, 126919, 25/11/2018 17:20:05, ADW_UNLOAD_GROUP, 0.1, 0.2, 4.1, 0.1, 0, 0, 94, 736, 1011, 9, 0, 12, 14.4
2, 126920, 25/11/2018 17:40:13, ADW_UNLOAD_GROUP, 0.3, 0.6, 10.4, 0.3, 1, 0.1, 199, 1548, 1731, 14, 0, 22.9, 31.9
2, 126921, 25/11/2018 18:00:25, ADW_UNLOAD_GROUP, 0.6, 0.7, 41.4, 0, 0, 0, 248, 1956, 2115, 48, 0.1, 76.3, 157.4
2, 126922, 25/11/2018 18:20:01, ADW_UNLOAD_GROUP, 0.6, 0.8, 19.1, 0, 0, 0, 226, 1688, 1787, 53, 0.2, 52.3, 195.4
2, 126923, 25/11/2018 18:40:06, ADW_UNLOAD_GROUP, 0.7, 0.8, 17.1, 0, 0, 0, 222, 1736, 1876, 60, 0.1, 107.8, 223.8
2, 126924, 25/11/2018 19:00:12, ADW_UNLOAD_GROUP, 1.6, 1.8, 244.5, 0.1, 0, 0, 134, 1052, 1186, 110, 0.1, 727.3, 50.2
2, 126926, 25/11/2018 19:40:04, ADW_UNLOAD_GROUP, 0.1, 0.3, 6.3, 0.2, 0, 0, 164, 1280, 1579, 6, 0, 3.7, 14.5
2, 126927, 25/11/2018 20:00:17, ADW_UNLOAD_GROUP, 0, 0, 0.2, 0, 0, 0, 0, 0, 492, 0, 0, 0, 0
2, 126928, 25/11/2018 20:20:42, ADW_UNLOAD_GROUP, 0, 0, 0, 0, 0, 0, 0, 0, 399, 0, 0, 0, 0
2, 126929, 25/11/2018 20:40:05, ADW_UNLOAD_GROUP, 0, 0, 0, 0, 0, 0, 0, 0, 422, 0, 0, 0, 0
2, 126930, 25/11/2018 21:00:03, ADW_UNLOAD_GROUP, 0, 0, 0, 0, 0, 0, 0, 0, 486, 0, 0, 0, 0
2, 126931, 25/11/2018 21:20:15, ADW_UNLOAD_GROUP, 0, 0, 0, 0, 0, 0, 0, 0, 483, 0, 0, 0, 0
2, 126932, 25/11/2018 21:40:02, ADW_UNLOAD_GROUP, 0, 0, 0, 0, 0, 0, 0, 0, 410, 1, 0, 0, 0
2, 126933, 25/11/2018 22:00:01, ADW_UNLOAD_GROUP, 0.5, 0.6, 468.4, 0.1, 0, 0, 0, 0, 452, 33, 0, 1.3, 1.5
2, 126934, 25/11/2018 22:20:08, ADW_UNLOAD_GROUP, 2.3, 3, 382.8, 0, 0, 0, 30, 920, 1491, 588, 0.7, 799.4, 145
2, 126935, 25/11/2018 22:40:12, ADW_UNLOAD_GROUP, 0.9, 0.9, 159.2, 0, 0, 0, 17, 528, 1105, 222, 0, 19.1, 26.7
2, 126936, 25/11/2018 23:00:01, ADW_UNLOAD_GROUP, 0.2, 0.3, 60, 0.1, 0, 0, 4, 88, 647, 24, 0, 1.4, 1.9
2, 126937, 25/11/2018 23:20:06, ADW_UNLOAD_GROUP, 0, 0, 0, 0, 0, 0, 0, 0, 497, 0, 0, 0, 0
2, 126938, 25/11/2018 23:40:13, ADW_UNLOAD_GROUP, 0, 0.1, 0.8, 0.1, 0, 0, 0, 0, 454, 4, 0, 0.1, 3.8
2, 126867, 25/11/2018 00:00:02, FP_DM_PRIOR, 4.2, 9.8, 1139.3, 3.9, 0, 0, 30, 712, 908, 1505, 1.7, 642.9, 15280.5
2, 126868, 25/11/2018 00:20:06, FP_DM_PRIOR, 5.1, 11.7, 1474.8, 5, 0, 0, 63, 1780, 1554, 3242, 1.6, 1380.9, 14763.3
2, 126869, 25/11/2018 00:40:09, FP_DM_PRIOR, 3.4, 7.4, 799, 2.2, 0, 0, 41, 1016, 1005, 1127, 1.8, 683.7, 14146.4
2, 126870, 25/11/2018 01:00:04, FP_DM_PRIOR, 2.3, 7.1, 519.1, 2.9, 0, 0, 0, 0, 11, 658, 1.9, 263.3, 12420.2
2, 126871, 25/11/2018 01:20:17, FP_DM_PRIOR, 5.8, 9.1, 1209.4, 1.5, 0, 0, 68, 1188, 1351, 3108, 1.8, 1020.3, 8080
2, 126872, 25/11/2018 01:40:25, FP_DM_PRIOR, 2, 3.7, 829.2, 1.2, 0, 0, 1, 16, 31, 456, 0.5, 132.7, 1141.6
2, 126873, 25/11/2018 02:00:01, FP_DM_PRIOR, 3, 3.5, 766.3, 0.4, 0, 0, 12, 216, 315, 638, 0.1, 252.5, 423.8
2, 126874, 25/11/2018 02:20:09, FP_DM_PRIOR, 5.6, 10, 2306.9, 3.9, 0, 0, 17, 384, 512, 1913, 0.5, 924.9, 3518.7
2, 126875, 25/11/2018 02:40:03, FP_DM_PRIOR, 3.7, 3.8, 974.4, 0, 0, 0, 61, 1744, 2035, 1434, 0.1, 1136.7, 268.6
2, 126876, 25/11/2018 03:00:15, FP_DM_PRIOR, 1, 1.5, 348.4, 0.3, 0, 0, 32, 680, 736, 246, 0.2, 539.6, 243.3
2, 126877, 25/11/2018 03:20:20, FP_DM_PRIOR, 0.2, 0.2, 45.8, 0, 0, 0, 2, 18, 6, 0, 0, 4.7, 6.2
2, 126878, 25/11/2018 03:40:10, FP_DM_PRIOR, 1.8, 2.7, 164.6, 0.4, 0, 0, 137, 3317, 3458, 937, 0.5, 1381.5, 637.8
2, 126879, 25/11/2018 04:00:26, FP_DM_PRIOR, 0.1, 0.3, 53.6, 0.2, 0, 0, 1, 3, 108, 3, 0, 3.7, 14.3
2, 126880, 25/11/2018 04:20:12, FP_DM_PRIOR, 6.4, 8.5, 1324.2, 1.6, 0, 0, 93, 2298, 2513, 2894, 0.5, 1728.4, 1125.9
2, 126881, 25/11/2018 04:40:30, FP_DM_PRIOR, 2.1, 3.7, 1449.8, 1.5, 0, 0, 6, 59, 52, 667, 0.1, 215.1, 767.9
2, 126882, 25/11/2018 05:00:26, FP_DM_PRIOR, 0.5, 1.1, 95.1, 0.5, 0, 0, 28, 536, 801, 260, 0.1, 43.6, 105.8
2, 126883, 25/11/2018 05:20:06, FP_DM_PRIOR, 2, 5.6, 689.9, 3, 0, 0, 68, 1764, 1397, 591, 0.6, 1136.9, 1299.2
2, 126884, 25/11/2018 05:40:01, FP_DM_PRIOR, 1.9, 2.9, 881.1, 0.9, 0, 0, 1, 16, 21, 233, 0.1, 148.8, 607.2
2, 126885, 25/11/2018 06:00:03, FP_DM_PRIOR, 4.9, 7.2, 1102.2, 1.4, 0, 0, 60, 1436, 1522, 2904, 0.9, 1378.3, 1962.4
2, 126886, 25/11/2018 06:20:09, FP_DM_PRIOR, 2.6, 3, 771.1, 0.2, 0, 0, 1, 16, 24, 696, 0.2, 101.6, 367
2, 126887, 25/11/2018 06:40:17, FP_DM_PRIOR, 5.1, 6.6, 1516.4, 1.3, 0, 0, 27, 756, 809, 6315, 0.2, 530.3, 338.8
2, 126918, 25/11/2018 17:00:18, FP_DM_PRIOR, 4.7, 7.4, 1407.8, 2.4, 0, 0, 111, 2856, 3020, 3780, 0.3, 1491.6, 1086.1
2, 126919, 25/11/2018 17:20:05, FP_DM_PRIOR, 2.8, 4, 1485.1, 1.1, 0, 0, 19, 328, 288, 693, 0.1, 406.5, 1153.6
2, 126920, 25/11/2018 17:40:13, FP_DM_PRIOR, 2.6, 2.8, 344.2, 0, 0, 0, 111, 2720, 3040, 1282, 0.2, 1949.8, 408.6
2, 126921, 25/11/2018 18:00:25, FP_DM_PRIOR, 2, 3.7, 600.7, 1.1, 0, 0, 4, 96, 98, 677, 0.6, 392.9, 2069.1
2, 126922, 25/11/2018 18:20:01, FP_DM_PRIOR, 3.6, 4.7, 652.9, 0.8, 0, 0, 112, 2928, 3054, 5172, 0.3, 1584.5, 1502.2
2, 126923, 25/11/2018 18:40:06, FP_DM_PRIOR, 1.9, 2.7, 1018, 0.7, 0, 0, 2, 32, 102, 313, 0.1, 183.8, 863.5
2, 126924, 25/11/2018 19:00:12, FP_DM_PRIOR, 4.6, 6.7, 1083.4, 1.2, 0, 0, 122, 3056, 2953, 5673, 0.9, 1695.5, 2337.8
2, 126926, 25/11/2018 19:40:04, FP_DM_PRIOR, 2.6, 3.7, 1109.8, 0.9, 0, 0, 29, 632, 586, 455, 0.2, 455.9, 1842.2
2, 126927, 25/11/2018 20:00:17, FP_DM_PRIOR, 8.4, 23.3, 2594.7, 12.3, 0, 0, 206, 5112, 5445, 5238, 2.6, 2218.6, 9045.3
2, 126928, 25/11/2018 20:20:42, FP_DM_PRIOR, 8.5, 15.8, 7186.2, 6.3, 0, 0, 109, 2644, 2463, 9189, 1, 1193.4, 6481.4
2, 126929, 25/11/2018 20:40:05, FP_DM_PRIOR, 8.9, 20.1, 11457.1, 9.7, 0, 0, 43, 988, 1134, 5702, 1.5, 1511.6, 6544.7
2, 126930, 25/11/2018 21:00:03, FP_DM_PRIOR, 3.2, 7, 10682.4, 3.1, 0, 0, 17, 107, 121, 697, 0.7, 189.6, 942.1
2, 126931, 25/11/2018 21:20:15, FP_DM_PRIOR, 8.9, 15.6, 1977.6, 4.9, 0, 0, 141, 3435, 3623, 8686, 1.8, 2083.2, 5410.5
2, 126932, 25/11/2018 21:40:02, FP_DM_PRIOR, 5.6, 11.7, 1922, 5.2, 0, 0, 1, 16, 57, 2122, 0.9, 356.9, 4287.3
2, 126933, 25/11/2018 22:00:01, FP_DM_PRIOR, 6.3, 15.9, 1608.2, 8.1, 0, 0, 134, 3316, 3545, 5145, 1.5, 1828.6, 4919.3
2, 126934, 25/11/2018 22:20:08, FP_DM_PRIOR, 5.1, 10, 1456.5, 3.9, 0, 0, 1, 16, 41, 1801, 1, 392, 12824.1
2, 126935, 25/11/2018 22:40:12, FP_DM_PRIOR, 8.4, 15.1, 1693.8, 4.1, 0, 0, 129, 3156, 3204, 9994, 2.6, 1822.3, 15380.4
2, 126936, 25/11/2018 23:00:01, FP_DM_PRIOR, 3.8, 7.4, 1256.8, 2.4, 0, 0, 5, 124, 164, 1204, 1.2, 589.2, 8031.3
2, 126937, 25/11/2018 23:20:06, FP_DM_PRIOR, 6.5, 12.2, 2653.4, 4.4, 0, 0, 134, 3344, 3278, 6260, 1.3, 1768.9, 7379.6
2, 126938, 25/11/2018 23:40:13, FP_DM_PRIOR, 5.8, 7.1, 1013.6, 0.7, 0, 0, 100, 2552, 2626, 8176, 0.6, 1403.2, 661
2, 126867, 25/11/2018 00:00:02, HDP_UNLOAD_GROUP, 1.8, 4.8, 6909.8, 3, 0, 0, 0, 0, 0, 450, 0, 208.9, 0
2, 126868, 25/11/2018 00:20:06, HDP_UNLOAD_GROUP, 5.5, 17.8, 8832.1, 10.9, 0, 0, 38, 372, 847, 7118, 1.4, 6809.7, 723.4
2, 126869, 25/11/2018 00:40:09, HDP_UNLOAD_GROUP, 12, 33.6, 12300, 12.5, 0, 0, 131, 1260, 2158, 13073, 9.1, 2544.9, 4011.5
2, 126870, 25/11/2018 01:00:04, HDP_UNLOAD_GROUP, 11.9, 36.7, 10138.3, 14.3, 0, 0, 95, 912, 1668, 9943, 10.5, 1113.3, 1571.8
2, 126871, 25/11/2018 01:20:17, HDP_UNLOAD_GROUP, 12.1, 30, 8216.5, 7, 0, 0, 53, 480, 900, 12926, 10.9, 1039.6, 1271.3
2, 126872, 25/11/2018 01:40:25, HDP_UNLOAD_GROUP, 10.1, 25.2, 13134.1, 4.4, 0, 0, 29, 288, 485, 10181, 10.7, 723.6, 1519.9
2, 126873, 25/11/2018 02:00:01, HDP_UNLOAD_GROUP, 5, 17.7, 10675, 1.8, 0, 0, 9, 80, 96, 993, 10.9, 296.6, 1883.9
2, 126874, 25/11/2018 02:20:09, HDP_UNLOAD_GROUP, 3.5, 17.2, 7654.8, 1.7, 0, 0, 1, 16, 16, 535, 12, 199.3, 2044.4
2, 126875, 25/11/2018 02:40:03, HDP_UNLOAD_GROUP, 0.5, 9.6, 521.4, 0.5, 0, 0, 1, 8, 2, 33, 8.6, 84.4, 1127.6
2, 126876, 25/11/2018 03:00:15, HDP_UNLOAD_GROUP, 1.3, 1.9, 116.2, 0, 0, 0, 21, 176, 306, 158, 0.6, 149.2, 88.8
2, 126877, 25/11/2018 03:20:20, HDP_UNLOAD_GROUP, 0, 0, 1.4, 0, 0, 0, 10, 96, 208, 0, 0, 3.5, 0.8
2, 126878, 25/11/2018 03:40:10, HDP_UNLOAD_GROUP, 0, 0, 0, 0, 0, 0, 2, 16, 27, 0, 0, 0.5, 0.8
2, 126879, 25/11/2018 04:00:26, HDP_UNLOAD_GROUP, 0, 0, 0.3, 0, 0, 0, 6, 48, 102, 0, 0, 2.1, 2.5
2, 126868, 25/11/2018 00:20:06, ODS_SUPPORT_GROUP, 0, 0, 2, 0, 0, 0, 0, 0, 9, 0, 0, 0, 0
2, 126869, 25/11/2018 00:40:09, ODS_SUPPORT_GROUP, 0, 0, 1.7, 0, 0, 0, 0, 0, 10, 5, 0, 0, 0
2, 126870, 25/11/2018 01:00:04, ODS_SUPPORT_GROUP, 0, 0, 1.5, 0, 0, 0, 0, 0, 6, 0, 0, 0, 0
2, 126877, 25/11/2018 03:20:20, ODS_SUPPORT_GROUP, 0, 0, 0, 0, 0, 0, 0, 0, 10, 0, 0, 0, 0
2, 126878, 25/11/2018 03:40:10, ODS_SUPPORT_GROUP, 0, 0, 0.9, 0, 0, 0, 0, 0, 10, 0, 0, 0, 0
2, 126879, 25/11/2018 04:00:26, ODS_SUPPORT_GROUP, 0, 0, 0.4, 0, 0, 0, 0, 0, 10, 0, 0, 0, 0
2, 126880, 25/11/2018 04:20:12, ODS_SUPPORT_GROUP, 0, 0, 0.3, 0, 0, 0, 0, 0, 8, 0, 0, 0, 0
2, 126881, 25/11/2018 04:40:30, ODS_SUPPORT_GROUP, 0, 0, 1, 0, 0, 0, 0, 0, 10, 0, 0, 0, 0
2, 126882, 25/11/2018 05:00:26, ODS_SUPPORT_GROUP, 0, 0, 0.5, 0, 0, 0, 0, 0, 9, 0, 0, 0, 0
2, 126883, 25/11/2018 05:20:06, ODS_SUPPORT_GROUP, 0, 0, 1.6, 0, 0, 0, 0, 0, 10, 0, 0, 0, 0
2, 126884, 25/11/2018 05:40:01, ODS_SUPPORT_GROUP, 0, 0, 0.4, 0, 0, 0, 0, 0, 7, 0, 0, 0, 0
2, 126885, 25/11/2018 06:00:03, ODS_SUPPORT_GROUP, 0, 0, 1.4, 0, 0, 0, 0, 0, 9, 8, 0, 0, 0
2, 126886, 25/11/2018 06:20:09, ODS_SUPPORT_GROUP, 0, 0, 0, 0, 0, 0, 0, 0, 8, 3, 0, 0, 0
2, 126887, 25/11/2018 06:40:17, ODS_SUPPORT_GROUP, 0, 0, 2, 0, 0, 0, 0, 0, 5, 0, 0, 0, 0
2, 126918, 25/11/2018 17:00:18, ODS_SUPPORT_GROUP, 0, 0, 0, 0, 0, 0, 0, 0, 8, 0, 0, 0, 0
2, 126919, 25/11/2018 17:20:05, ODS_SUPPORT_GROUP, 0, 0, 0.4, 0, 0, 0, 0, 0, 7, 1, 0, 0, 0
2, 126920, 25/11/2018 17:40:13, ODS_SUPPORT_GROUP, 0, 0, 0, 0, 0, 0, 0, 0, 5, 0, 0, 0, 0
2, 126927, 25/11/2018 20:00:17, ODS_SUPPORT_GROUP, 0, 0, 1, 0, 0, 0, 0, 0, 8, 0, 0, 0, 0
2, 126928, 25/11/2018 20:20:42, ODS_SUPPORT_GROUP, 0, 0, 0.2, 0, 0, 0, 0, 0, 10, 0, 0, 0, 0
2, 126929, 25/11/2018 20:40:05, ODS_SUPPORT_GROUP, 0, 0, 0.4, 0, 0, 0, 0, 0, 9, 0, 0, 0, 0
2, 126930, 25/11/2018 21:00:03, ODS_SUPPORT_GROUP, 0, 0, 1, 0, 0, 0, 0, 0, 9, 1, 0, 0, 0
2, 126931, 25/11/2018 21:20:15, ODS_SUPPORT_GROUP, 0, 0, 0.7, 0, 0, 0, 0, 0, 10, 1, 0, 0, 0
2, 126932, 25/11/2018 21:40:02, ODS_SUPPORT_GROUP, 0, 0, 0.5, 0, 0, 0, 0, 0, 7, 1, 0, 0, 0
2, 126933, 25/11/2018 22:00:01, ODS_SUPPORT_GROUP, 0, 0, 0.9, 0, 0, 0, 0, 0, 7, 0, 0, 0, 0
2, 126934, 25/11/2018 22:20:08, ODS_SUPPORT_GROUP, 0, 0, 0.2, 0, 0, 0, 0, 0, 10, 3, 0, 0, 0
2, 126935, 25/11/2018 22:40:12, ODS_SUPPORT_GROUP, 0, 0, 0.7, 0, 0, 0, 0, 0, 10, 0, 0, 0, 0
2, 126936, 25/11/2018 23:00:01, ODS_SUPPORT_GROUP, 0, 0, 0.3, 0, 0, 0, 0, 0, 10, 0, 0, 0, 0
2, 126937, 25/11/2018 23:20:06, ODS_SUPPORT_GROUP, 0, 0, 0.5, 0, 0, 0, 0, 0, 9, 2, 0, 0, 0
2, 126867, 25/11/2018 00:00:02, OTHER_GROUPS, 8.2, 11.4, 13816.5, 0, 0, 0, 0, 0, 6275, 2561, 3.2, 1147.7, 488.7
2, 126868, 25/11/2018 00:20:06, OTHER_GROUPS, 7.8, 12, 14827, 0, 0, 0, 0, 0, 4718, 2156, 4.2, 791.7, 420.5
2, 126869, 25/11/2018 00:40:09, OTHER_GROUPS, 8.2, 12.3, 12846.9, 0.6, 0, 0, 0, 0, 4202, 1985, 3.5, 609.3, 422.2
2, 126870, 25/11/2018 01:00:04, OTHER_GROUPS, 8.4, 16.5, 14671.2, 5.4, 0, 0, 0, 0, 4686, 2357, 2.7, 748.6, 379.4
2, 126871, 25/11/2018 01:20:17, OTHER_GROUPS, 9.8, 13.7, 12808.7, 0.8, 0, 0, 0, 0, 4994, 3312, 3.1, 602.1, 434.4
2, 126872, 25/11/2018 01:40:25, OTHER_GROUPS, 10, 15.4, 13878.2, 2.9, 0, 0, 0, 0, 4793, 3720, 2.5, 562.6, 382.2
2, 126873, 25/11/2018 02:00:01, OTHER_GROUPS, 9, 12.1, 12543, 0, 0, 0, 0, 0, 5385, 3569, 3.1, 851.4, 670.1
2, 126874, 25/11/2018 02:20:09, OTHER_GROUPS, 8.8, 14.1, 15000, 2.5, 0, 0, 0, 0, 5637, 2329, 2.8, 1098.2, 493.9
2, 126875, 25/11/2018 02:40:03, OTHER_GROUPS, 6.9, 10.5, 11107.6, 0, 0, 0, 0, 0, 5236, 1583, 3.6, 852.3, 843.2
2, 126876, 25/11/2018 03:00:15, OTHER_GROUPS, 7.4, 10.9, 12948.4, 0, 0, 0, 0, 0, 4357, 1798, 3.5, 1024.8, 720
2, 126877, 25/11/2018 03:20:20, OTHER_GROUPS, 7.4, 11.1, 13600.1, 0, 0, 0, 0, 0, 4834, 1686, 3.7, 948.8, 875.9
2, 126878, 25/11/2018 03:40:10, OTHER_GROUPS, 7, 10.9, 14131.9, 0, 0, 0, 0, 0, 4289, 1589, 3.9, 658.1, 762.3
2, 126879, 25/11/2018 04:00:26, OTHER_GROUPS, 8.9, 14.6, 41183.6, 0, 0, 0, 0, 0, 9213, 1546, 5.7, 668.7, 695.3
2, 126880, 25/11/2018 04:20:12, OTHER_GROUPS, 14.7, 20.8, 54165.8, 0, 0, 0, 0, 0, 6761, 3290, 6.1, 1412.1, 749.4
2, 126881, 25/11/2018 04:40:30, OTHER_GROUPS, 13, 19.6, 45962.7, 0, 0, 0, 0, 0, 6481, 2821, 6.6, 1294.7, 769.7
2, 126882, 25/11/2018 05:00:26, OTHER_GROUPS, 7, 11.5, 13565.2, 0.5, 0, 0, 0, 0, 7429, 2030, 4, 1236, 455.4
2, 126883, 25/11/2018 05:20:06, OTHER_GROUPS, 7.7, 11.4, 14254.8, 2.1, 0, 0, 0, 0, 8645, 2805, 1.6, 1266.6, 569.8
2, 126884, 25/11/2018 05:40:01, OTHER_GROUPS, 7.3, 12.8, 14269.7, 3.9, 0, 0, 0, 0, 6105, 2334, 1.6, 1337.5, 638.6
2, 126885, 25/11/2018 06:00:03, OTHER_GROUPS, 15, 24.7, 15007.4, 8.1, 0, 0, 0, 0, 6426, 12983, 1.6, 781.1, 795.3
2, 126886, 25/11/2018 06:20:09, OTHER_GROUPS, 20.5, 31.7, 14161.2, 9.8, 0, 0, 0, 0, 5563, 17049, 1.4, 665.7, 853
2, 126887, 25/11/2018 06:40:17, OTHER_GROUPS, 19.9, 33.6, 16306.3, 10.4, 0, 0, 1, 32, 7401, 16818, 3.3, 647, 3270
2, 126888, 25/11/2018 07:00:06, OTHER_GROUPS, 48.8, 61.7, 46627.8, 5.8, 2, 0, 19, 424, 5602, 50935, 7.1, 1734.9, 7382.6
2, 126889, 25/11/2018 07:20:18, OTHER_GROUPS, 30.9, 75, 18304.7, 40, 0, 0, 9, 215, 5428, 30007, 4.1, 1543.6, 4035
2, 126890, 25/11/2018 07:40:31, OTHER_GROUPS, 24.8, 48.1, 14321.5, 18.7, 0, 0, 30, 770, 5604, 22411, 4.6, 1667.2, 6587.6
2, 126891, 25/11/2018 08:00:03, OTHER_GROUPS, 28.8, 50.4, 17576.8, 14.9, 0, 0, 7, 176, 4728, 33117, 6.7, 3044.1, 9043.1
2, 126892, 25/11/2018 08:20:05, OTHER_GROUPS, 22.6, 30.4, 11657.8, 3.1, 0, 0, 74, 1618, 6563, 20610, 4.7, 2172.7, 11503.7
2, 126893, 25/11/2018 08:40:20, OTHER_GROUPS, 17.4, 25.1, 11267.7, 3, 0, 0, 3, 26, 5149, 12879, 4.7, 3147.7, 14375.3
2, 126894, 25/11/2018 09:00:24, OTHER_GROUPS, 19.4, 27.8, 14170.9, 3.5, 0, 0, 98, 2444, 8202, 16620, 4.9, 2632.9, 12993.5
2, 126895, 25/11/2018 09:20:04, OTHER_GROUPS, 15.1, 16.7, 9402.3, 0, 0, 0, 3, 80, 6207, 9526, 1.6, 1361.7, 4067.2
2, 126896, 25/11/2018 09:40:04, OTHER_GROUPS, 16.4, 19.4, 6209.7, 0, 0, 0, 121, 3072, 9107, 11160, 3, 2842.8, 3033.8
2, 126897, 25/11/2018 10:00:06, OTHER_GROUPS, 10.9, 14.2, 4725, 0.9, 0, 0, 7, 160, 5440, 5501, 2.4, 1233.8, 2547
2, 126898, 25/11/2018 10:20:01, OTHER_GROUPS, 13.4, 18, 5020.7, 0.7, 0, 0, 109, 2864, 8365, 7247, 3.9, 2773.2, 3326
2, 126899, 25/11/2018 10:40:13, OTHER_GROUPS, 11.7, 17.9, 4036.5, 0, 0, 0, 2, 32, 6290, 5279, 6.2, 1268.8, 2885.3
2, 126900, 25/11/2018 11:00:09, OTHER_GROUPS, 12.5, 18.6, 4246.5, 0, 0, 0, 131, 3224, 8351, 6674, 6.1, 2522, 3278.1
2, 126901, 25/11/2018 11:20:08, OTHER_GROUPS, 12.7, 15, 4110.1, 0, 0, 0, 1, 16, 7011, 6136, 2.3, 1604.1, 1930
2, 126902, 25/11/2018 11:40:15, OTHER_GROUPS, 16.4, 21.3, 6565.2, 2.5, 0, 0, 7, 176, 6610, 10324, 2.4, 3408.9, 3844.5
2, 126903, 25/11/2018 12:00:06, OTHER_GROUPS, 11.7, 13.8, 4499.5, 0, 0, 0, 2, 48, 7683, 5257, 2.1, 1370.4, 1713.5
2, 126904, 25/11/2018 12:20:23, OTHER_GROUPS, 12.4, 15.4, 4867.4, 1, 0, 0, 24, 504, 6250, 5437, 2, 2732.3, 3330.7
2, 126905, 25/11/2018 12:40:28, OTHER_GROUPS, 12.1, 13.7, 3484, 0, 0, 0, 28, 488, 7957, 4937, 1.6, 3169.7, 3235.3
2, 126906, 25/11/2018 13:00:05, OTHER_GROUPS, 13.1, 15, 4875.1, 0, 0, 0, 78, 1832, 8759, 5533, 1.9, 2522.4, 2095.9
2, 126907, 25/11/2018 13:20:15, OTHER_GROUPS, 11.4, 12.9, 3874.3, 0, 0, 0, 8, 136, 5984, 3205, 1.5, 2169.2, 2280.9
2, 126908, 25/11/2018 13:40:30, OTHER_GROUPS, 10.4, 12, 3720.6, 0, 0, 0, 95, 2272, 8879, 3111, 1.6, 2508.4, 3262.5
2, 126909, 25/11/2018 14:00:41, OTHER_GROUPS, 14, 15.9, 4018.7, 0, 0, 0, 56, 1368, 7641, 6307, 1.9, 2568.1, 2851
2, 126910, 25/11/2018 14:20:15, OTHER_GROUPS, 11.4, 12.9, 3443.7, 0, 0, 0, 1, 16, 6510, 3921, 1.5, 1766.2, 3659.5
2, 126911, 25/11/2018 14:40:11, OTHER_GROUPS, 14.6, 16.2, 4408, 0, 0, 0, 65, 1656, 8837, 5735, 1.6, 2990.4, 4754.9
2, 126912, 25/11/2018 15:00:23, OTHER_GROUPS, 11.5, 13.1, 4867.7, 0, 0, 0, 44, 1096, 7641, 3448, 1.6, 3106.2, 3056.9
2, 126913, 25/11/2018 15:20:02, OTHER_GROUPS, 10.3, 11.8, 2857.2, 0, 0, 0, 100, 2368, 10280, 3277, 1.5, 2237.9, 2425.9
2, 126914, 25/11/2018 15:40:03, OTHER_GROUPS, 10, 11.3, 3452.3, 0, 0, 0, 1, 16, 7836, 2613, 1.3, 2040.3, 2150.3
2, 126915, 25/11/2018 16:00:05, OTHER_GROUPS, 14, 16.1, 4095.2, 0, 0, 0, 70, 1488, 7429, 7371, 2.1, 3375.1, 3273.4
2, 126916, 25/11/2018 16:20:12, OTHER_GROUPS, 7.8, 10, 1831.7, 0, 0, 0, 0, 0, 6458, 1689, 2.2, 1194.8, 1116.5
2, 126917, 25/11/2018 16:40:14, OTHER_GROUPS, 16.3, 21.9, 5276.5, 0, 0, 0, 141, 3448, 8543, 8644, 5.6, 3547.2, 5955.5
2, 126918, 25/11/2018 17:00:18, OTHER_GROUPS, 7.5, 12.4, 14469.7, 1.5, 0, 0, 0, 0, 4884, 1513, 3.4, 577.6, 978.9
2, 126919, 25/11/2018 17:20:05, OTHER_GROUPS, 7.6, 10.8, 14545.3, 0, 0, 0, 0, 0, 3769, 1879, 3.2, 652.6, 1101.1
2, 126920, 25/11/2018 17:40:13, OTHER_GROUPS, 7.3, 18, 14638.4, 7.7, 0, 0, 0, 0, 5400, 1471, 3, 883.4, 822.2
2, 126921, 25/11/2018 18:00:25, OTHER_GROUPS, 7.1, 11.4, 13254.2, 0, 0, 0, 0, 0, 4045, 1008, 4.3, 730.9, 947.3
2, 126922, 25/11/2018 18:20:01, OTHER_GROUPS, 7.2, 11, 12746.5, 0, 0, 0, 0, 0, 5340, 1275, 3.8, 698.2, 756.1
2, 126923, 25/11/2018 18:40:06, OTHER_GROUPS, 7, 10.3, 13303.5, 0, 0, 0, 0, 0, 5464, 1443, 3.3, 845.8, 580.9
2, 126924, 25/11/2018 19:00:12, OTHER_GROUPS, 7.3, 9.6, 13254.9, 0, 0, 0, 0, 0, 5235, 2037, 2.3, 1101.4, 708.5
2, 126925, 25/11/2018 19:20:10, OTHER_GROUPS, 7.6, 15.2, 14545.9, 5.7, 0, 0, 0, 0, 6593, 2495, 1.9, 1161, 848.4
2, 126926, 25/11/2018 19:40:04, OTHER_GROUPS, 8.5, 12.8, 13228.5, 2.4, 0, 0, 0, 0, 5916, 3313, 1.9, 1288.3, 1320
2, 126927, 25/11/2018 20:00:17, OTHER_GROUPS, 8.5, 19.5, 14916, 9.4, 0, 0, 0, 0, 6049, 3070, 1.6, 1285.1, 836.6
2, 126928, 25/11/2018 20:20:42, OTHER_GROUPS, 8.7, 14.6, 13960.5, 3.6, 0, 0, 0, 0, 5400, 2989, 2.3, 922.9, 923.5
2, 126929, 25/11/2018 20:40:05, OTHER_GROUPS, 11.9, 19.8, 14124.9, 4.8, 0, 0, 0, 0, 6643, 8992, 3.1, 838, 1280.3
2, 126930, 25/11/2018 21:00:03, OTHER_GROUPS, 14.1, 30.8, 15852.4, 9.8, 0, 0, 0, 0, 3832, 14076, 6.9, 662.4, 1557.2
2, 126931, 25/11/2018 21:20:15, OTHER_GROUPS, 15.6, 19.9, 14142.5, 1.1, 0, 0, 0, 0, 4385, 17026, 3.2, 767.1, 1234.3
2, 126932, 25/11/2018 21:40:02, OTHER_GROUPS, 14, 17.9, 14563, 0.3, 0, 0, 0, 0, 5201, 14193, 3.6, 665.3, 943.8
2, 126933, 25/11/2018 22:00:01, OTHER_GROUPS, 11.5, 15.3, 14453.3, 0.5, 0, 0, 0, 0, 3907, 8272, 3.3, 651.6, 546.3
2, 126934, 25/11/2018 22:20:08, OTHER_GROUPS, 10.2, 13.4, 14474.4, 0, 0, 0, 0, 0, 5297, 5861, 3.2, 631.4, 987.6
2, 126935, 25/11/2018 22:40:12, OTHER_GROUPS, 12.2, 16.9, 14476, 2.2, 0, 0, 0, 0, 5311, 10933, 2.5, 835.1, 1469.8
2, 126936, 25/11/2018 23:00:01, OTHER_GROUPS, 10.6, 23.8, 14704.6, 10.7, 0, 0, 0, 0, 5125, 9166, 2.5, 1005.8, 3294.2
2, 126937, 25/11/2018 23:20:06, OTHER_GROUPS, 11.3, 17.1, 13976.9, 3.5, 0, 0, 0, 0, 5901, 9527, 2.3, 1139.5, 1609
2, 126938, 25/11/2018 23:40:13, OTHER_GROUPS, 10.5, 15.1, 15177.2, 2.7, 0, 0, 0, 0, 5460, 9510, 1.9, 1146.3, 1280
3, 126868, 25/11/2018 00:20:06, ADW_UNLOAD_GROUP, 0, 0, 0, 0, 0, 0, 0, 0, 52, 0, 0, 0, 0
3, 126869, 25/11/2018 00:40:10, ADW_UNLOAD_GROUP, 0, 0, 0, 0, 0, 0, 0, 0, 51, 2, 0, 0, 0
3, 126870, 25/11/2018 01:00:04, ADW_UNLOAD_GROUP, 0, 0, 0, 0, 0, 0, 0, 0, 57, 0, 0, 0, 0
3, 126871, 25/11/2018 01:20:17, ADW_UNLOAD_GROUP, 0, 0, 0, 0, 0, 0, 0, 0, 47, 2, 0, 0, 0
3, 126872, 25/11/2018 01:40:25, ADW_UNLOAD_GROUP, 0, 0, 0, 0, 0, 0, 0, 0, 51, 2, 0, 0, 0
3, 126873, 25/11/2018 02:00:01, ADW_UNLOAD_GROUP, 0, 0, 0, 0, 0, 0, 0, 0, 51, 0, 0, 0, 0
3, 126874, 25/11/2018 02:20:09, ADW_UNLOAD_GROUP, 0, 0, 0, 0, 0, 0, 0, 0, 59, 0, 0, 0, 0
3, 126877, 25/11/2018 03:20:22, ADW_UNLOAD_GROUP, 0, 0, 0, 0, 0, 0, 0, 0, 56, 0, 0, 0, 0
3, 126879, 25/11/2018 04:00:26, ADW_UNLOAD_GROUP, 0, 0, 0, 0, 0, 0, 0, 0, 53, 1, 0, 0, 0
3, 126880, 25/11/2018 04:20:12, ADW_UNLOAD_GROUP, 0, 0, 0, 0, 0, 0, 0, 0, 52, 4, 0, 0, 0
3, 126882, 25/11/2018 05:00:26, ADW_UNLOAD_GROUP, 0, 0, 0, 0, 0, 0, 0, 0, 47, 4, 0, 0, 0
3, 126883, 25/11/2018 05:20:06, ADW_UNLOAD_GROUP, 0, 0, 0, 0, 0, 0, 0, 0, 51, 3, 0, 0, 0
3, 126886, 25/11/2018 06:20:09, ADW_UNLOAD_GROUP, 0, 0, 0, 0, 0, 0, 0, 0, 52, 0, 0, 0, 0
3, 126887, 25/11/2018 06:40:17, ADW_UNLOAD_GROUP, 0, 0, 0, 0, 0, 0, 0, 0, 51, 0, 0, 0, 0
3, 126919, 25/11/2018 17:20:05, ADW_UNLOAD_GROUP, 0, 0, 0, 0, 0, 0, 0, 0, 51, 0, 0, 0, 0
3, 126924, 25/11/2018 19:00:14, ADW_UNLOAD_GROUP, 0.4, 1.1, 213.3, 0.4, 0, 0, 2, 34, 127, 45, 0.3, 154.5, 410.9
3, 126926, 25/11/2018 19:40:04, ADW_UNLOAD_GROUP, 0, 0, 0, 0, 0, 0, 0, 0, 52, 0, 0, 0, 0
3, 126929, 25/11/2018 20:40:05, ADW_UNLOAD_GROUP, 0.1, 0.3, 2.8, 0.2, 0, 0, 0, 0, 56, 5, 0, 17.5, 18.3
3, 126930, 25/11/2018 21:00:02, ADW_UNLOAD_GROUP, 0.2, 0.4, 3.7, 0.1, 0, 0, 0, 0, 55, 22, 0.1, 17.9, 18.5
3, 126931, 25/11/2018 21:20:15, ADW_UNLOAD_GROUP, 0.3, 0.5, 7.4, 0.1, 0, 0, 0, 0, 53, 7, 0.1, 41, 42.4
3, 126936, 25/11/2018 23:00:01, ADW_UNLOAD_GROUP, 0, 0, 0, 0, 0, 0, 0, 0, 52, 0, 0, 0, 0
3, 126937, 25/11/2018 23:20:06, ADW_UNLOAD_GROUP, 0, 0, 0, 0, 0, 0, 0, 0, 51, 0, 0, 0, 0
3, 126867, 25/11/2018 00:00:02, DM_TECH_GROUP, 2.9, 6.3, 459.8, 1.4, 0, 0, 760, 10816, 10826, 887, 2, 1901.2, 5140.6
3, 126868, 25/11/2018 00:20:06, DM_TECH_GROUP, 7.7, 20.1, 10343.7, 9.1, 0, 0, 268, 4012, 4676, 5589, 3.3, 1259, 5593.7
3, 126869, 25/11/2018 00:40:10, DM_TECH_GROUP, 21.1, 59.1, 34817.7, 31.5, 0, 0, 292, 4428, 5024, 37107, 6.5, 4255.4, 7450.8
3, 126870, 25/11/2018 01:00:04, DM_TECH_GROUP, 17.8, 45.3, 37992.1, 22.5, 0, 0, 752, 10912, 11172, 11527, 5, 3650.8, 8734
3, 126871, 25/11/2018 01:20:17, DM_TECH_GROUP, 20.4, 32.4, 53636.5, 4.2, 0, 0, 295, 4216, 4344, 16950, 7.8, 2156.7, 15264.1
3, 126872, 25/11/2018 01:40:25, DM_TECH_GROUP, 18, 27.4, 35819.5, 7.3, 0, 0, 36, 544, 570, 8685, 2.1, 1489.2, 4309.2
3, 126873, 25/11/2018 02:00:01, DM_TECH_GROUP, 15.2, 23.2, 8176.5, 4, 0, 0, 812, 11628, 11659, 7224, 4, 2584.7, 8270.4
3, 126874, 25/11/2018 02:20:09, DM_TECH_GROUP, 13.3, 26.1, 11886.2, 9.9, 0, 0, 71, 1000, 988, 4320, 2.9, 987.4, 7371.5
3, 126875, 25/11/2018 02:40:03, DM_TECH_GROUP, 12.1, 24.5, 10133.1, 9.6, 0, 0, 69, 1054, 1240, 4883, 2.8, 713.7, 8806.3
3, 126876, 25/11/2018 03:00:15, DM_TECH_GROUP, 9, 22.6, 8774.3, 8.7, 0, 0, 775, 11072, 11048, 3500, 4.9, 2449.5, 7057
3, 126877, 25/11/2018 03:20:22, DM_TECH_GROUP, 7.4, 18, 4665.9, 9.8, 0, 0, 48, 660, 838, 2245, 0.8, 869, 3388.8
3, 126878, 25/11/2018 03:40:08, DM_TECH_GROUP, 5.3, 12.8, 18463.5, 7.2, 0, 0, 181, 2668, 2762, 1181, 0.3, 700.4, 727.2
3, 126879, 25/11/2018 04:00:26, DM_TECH_GROUP, 7.1, 13.6, 9213.2, 4.3, 0, 0, 738, 10520, 10442, 1909, 2.2, 2261.7, 5276.3
3, 126880, 25/11/2018 04:20:12, DM_TECH_GROUP, 9, 12.1, 3772.6, 2.2, 0, 0, 79, 1124, 1118, 2645, 0.9, 1154.5, 2664.4
3, 126881, 25/11/2018 04:40:30, DM_TECH_GROUP, 13.9, 22.3, 8438.7, 5.6, 0, 0, 30, 431, 660, 11252, 2.8, 730.3, 5338.6
3, 126882, 25/11/2018 05:00:26, DM_TECH_GROUP, 3.8, 11.7, 9505.3, 5.4, 0, 0, 24, 350, 480, 1569, 2.5, 239.9, 965.1
3, 126883, 25/11/2018 05:20:06, DM_TECH_GROUP, 3.9, 6, 2136, 1.3, 0, 0, 40, 588, 762, 1417, 0.8, 109.9, 232.8
3, 126884, 25/11/2018 05:40:01, DM_TECH_GROUP, 1.9, 2.8, 1829.9, 0.5, 0, 0, 8, 128, 116, 438, 0.4, 104.5, 283.8
3, 126885, 25/11/2018 06:00:03, DM_TECH_GROUP, 4.2, 14.1, 4208, 7.8, 0, 0, 32, 440, 594, 2806, 2.1, 85.8, 4001.1
3, 126886, 25/11/2018 06:20:09, DM_TECH_GROUP, 2, 5.9, 733.2, 2.9, 0, 0, 24, 336, 327, 496, 1, 104.3, 3269.5
3, 126887, 25/11/2018 06:40:17, DM_TECH_GROUP, 2, 2.6, 2590.7, 0.4, 0, 0, 161, 2400, 2423, 394, 0.2, 280.1, 397.3
3, 126918, 25/11/2018 17:00:18, DM_TECH_GROUP, 3, 8.7, 8324.2, 4.1, 0, 0, 722, 10248, 10129, 637, 1.6, 1856.1, 4779.6
3, 126919, 25/11/2018 17:20:05, DM_TECH_GROUP, 0.8, 2.2, 116.9, 1, 0, 0, 85, 1248, 1252, 83, 0.4, 303.2, 2120.1
3, 126920, 25/11/2018 17:40:13, DM_TECH_GROUP, 0.3, 0.7, 24, 0.4, 0, 0, 11, 160, 134, 18, 0, 5, 323.3
3, 126921, 25/11/2018 18:00:24, DM_TECH_GROUP, 3.2, 7.8, 429.5, 1.9, 0, 0, 756, 10752, 10761, 703, 2.7, 1757.2, 5101.8
3, 126922, 25/11/2018 18:20:01, DM_TECH_GROUP, 1, 2, 187.2, 0.5, 0, 0, 92, 1360, 1317, 94, 0.5, 431.7, 2695.1
3, 126923, 25/11/2018 18:40:07, DM_TECH_GROUP, 0.5, 0.6, 16.8, 0.1, 0, 0, 4, 64, 75, 7, 0, 4, 512.1
3, 126924, 25/11/2018 19:00:14, DM_TECH_GROUP, 2.6, 5.3, 285.7, 0.9, 0, 0, 753, 10681, 10708, 473, 1.8, 1692.1, 4139.3
3, 126926, 25/11/2018 19:40:04, DM_TECH_GROUP, 1, 1.1, 1012.2, 0, 1, 0, 10, 148, 361, 93, 0.1, 62.8, 253.2
3, 126927, 25/11/2018 20:00:18, DM_TECH_GROUP, 1.4, 4.3, 930.2, 2, -1, 0, 55, 784, 825, 238, 0.9, 886, 3453.1
3, 126928, 25/11/2018 20:20:42, DM_TECH_GROUP, 2.5, 10.6, 3448, 7.7, 0, 0, 49, 704, 872, 995, 0.4, 693.8, 5531.3
3, 126929, 25/11/2018 20:40:05, DM_TECH_GROUP, 2.1, 10, 13957.5, 7.6, 0, 0, 3, 48, 40, 858, 0.3, 169.9, 5561.9
3, 126930, 25/11/2018 21:00:02, DM_TECH_GROUP, 1.4, 4.8, 21216.8, 2.8, 0, 0, 4, 76, 92, 336, 0.6, 90.6, 1810.6
3, 126931, 25/11/2018 21:20:15, DM_TECH_GROUP, 1.5, 4.7, 7924.6, 2.9, 0, 0, 2, 36, 0, 330, 0.3, 178.9, 5962.1
3, 126932, 25/11/2018 21:40:02, DM_TECH_GROUP, 0.1, 0.1, 76.9, 0, 0, 0, 16, 248, 402, 13, 0, 3.7, 0
3, 126933, 25/11/2018 22:00:01, DM_TECH_GROUP, 2.5, 7.4, 365.8, 3.6, 0, 0, 730, 10360, 10232, 697, 1.3, 1586.6, 3241.4
3, 126934, 25/11/2018 22:20:08, DM_TECH_GROUP, 0.7, 2.4, 536.7, 1.6, 0, 0, 82, 1216, 1217, 108, 0.1, 466.3, 2441.4
3, 126935, 25/11/2018 22:40:12, DM_TECH_GROUP, 0.2, 0.2, 45.6, 0, 0, 0, 16, 240, 219, 5, 0, 6.6, 4.6
3, 126936, 25/11/2018 23:00:01, DM_TECH_GROUP, 2, 3.9, 282.1, 0.6, 0, 0, 779, 11120, 11120, 638, 1.3, 1615.9, 2894.3
3, 126937, 25/11/2018 23:20:06, DM_TECH_GROUP, 0.7, 2.5, 223.1, 1.6, 0, 0, 63, 904, 854, 72, 0.2, 516.2, 2235.7
3, 126938, 25/11/2018 23:40:13, DM_TECH_GROUP, 0.3, 0.3, 41.9, 0, 0, 0, 23, 372, 723, 38, 0, 8.6, 12
3, 126867, 25/11/2018 00:00:02, OTHER_GROUPS, 4.9, 11.5, 9456.2, 5.1, 0, 0, 67, 268, 4928, 861, 1.5, 3307.8, 73.9
3, 126868, 25/11/2018 00:20:06, OTHER_GROUPS, 10.9, 30.5, 10914.3, 17.4, 0, 0, 323, 1700, 5867, 4176, 2.2, 12099.6, 891.2
3, 126869, 25/11/2018 00:40:10, OTHER_GROUPS, 13.1, 16.2, 9879.6, 1.2, 0, 0, 568, 4016, 8540, 7413, 1.9, 2313.8, 358
3, 126870, 25/11/2018 01:00:04, OTHER_GROUPS, 9.9, 12.9, 9750.4, 1.9, 0, 0, 28, 216, 3646, 4920, 1.1, 641.9, 65.6
3, 126871, 25/11/2018 01:20:17, OTHER_GROUPS, 7.5, 9.2, 8840, 0.5, 0, 0, 2, 16, 3548, 2691, 1.2, 490.8, 53.8
3, 126872, 25/11/2018 01:40:25, OTHER_GROUPS, 4.3, 5.6, 9680.4, 0, 0, 0, 2, 16, 3532, 762, 1.3, 464.8, 62.6
3, 126873, 25/11/2018 02:00:01, OTHER_GROUPS, 3.8, 4.8, 7794.9, 0, 0, 0, 2, 8, 4007, 882, 1, 421.1, 54.9
3, 126874, 25/11/2018 02:20:09, OTHER_GROUPS, 4.3, 5.9, 9935, 0.5, 0, 0, 0, 0, 4229, 650, 1.1, 575.9, 85
3, 126875, 25/11/2018 02:40:03, OTHER_GROUPS, 3.6, 4.7, 8511.9, 0, 0, 0, 0, 0, 3712, 626, 1.1, 436.7, 76.1
3, 126876, 25/11/2018 03:00:15, OTHER_GROUPS, 3.8, 4.9, 8239.9, 0, 0, 0, 0, 0, 3026, 411, 1.1, 496.1, 61.9
3, 126877, 25/11/2018 03:20:22, OTHER_GROUPS, 3.9, 5.3, 9051, 0, 0, 0, 0, 0, 3360, 362, 1.4, 498.9, 62.1
3, 126878, 25/11/2018 03:40:08, OTHER_GROUPS, 3.7, 5.4, 8715.7, 0, 0, 0, 0, 0, 3150, 467, 1.7, 357.6, 73.2
3, 126879, 25/11/2018 04:00:26, OTHER_GROUPS, 4.7, 7.1, 27966.3, 0, 0, 0, 0, 0, 6366, 443, 2.4, 310.9, 79.1
3, 126880, 25/11/2018 04:20:12, OTHER_GROUPS, 24.6, 27.6, 38336.1, 0, 0, 0, 41, 300, 5197, 19783, 3, 1988, 119.8
3, 126881, 25/11/2018 04:40:30, OTHER_GROUPS, 37.6, 40.8, 36866.4, 0.7, 0, 0, 8, 64, 4683, 38300, 2.5, 1856.8, 92
3, 126882, 25/11/2018 05:00:26, OTHER_GROUPS, 19.2, 22.2, 28566.6, 1.6, 0, 0, 10, 76, 5533, 11805, 1.4, 1282.6, 106.9
3, 126883, 25/11/2018 05:20:06, OTHER_GROUPS, 15.1, 19.4, 9647.3, 4, 0, 0, 0, 0, 6004, 8627, 0.3, 980.2, 64.9
3, 126884, 25/11/2018 05:40:01, OTHER_GROUPS, 14.4, 16.2, 8951.5, 1.4, 0, 0, 2, 16, 4018, 6133, 0.4, 1252.8, 75.1
3, 126885, 25/11/2018 06:00:03, OTHER_GROUPS, 7.5, 12.3, 9189.3, 4.4, 0, 0, 3, 24, 3744, 2524, 0.4, 633.5, 67.9
3, 126886, 25/11/2018 06:20:09, OTHER_GROUPS, 3.9, 6.5, 8950.2, 2.2, 0, 0, 0, 0, 3716, 380, 0.4, 684.8, 81.9
3, 126887, 25/11/2018 06:40:17, OTHER_GROUPS, 4.2, 6.1, 8751, 1.2, 0, 0, 5, 80, 5037, 844, 0.7, 534.5, 168
3, 126888, 25/11/2018 07:00:05, OTHER_GROUPS, 28.8, 35.4, 10673.1, 0, 0, 0, 857, 13095, 18777, 21138, 6.6, 4618.8, 13270.2
3, 126889, 25/11/2018 07:20:17, OTHER_GROUPS, 33.9, 55, 33577.4, 15.3, 0, 0, 187, 4011, 9849, 27568, 5.8, 4713.2, 14548.8
3, 126890, 25/11/2018 07:40:31, OTHER_GROUPS, 18.9, 42.2, 24303.6, 18.3, 0, 0, 201, 3932, 9264, 13077, 5, 1791, 12066.7
3, 126891, 25/11/2018 08:00:03, OTHER_GROUPS, 43.7, 50.9, 14210.5, 1.4, 0, 0, 134, 2939, 7654, 34374, 5.8, 5845.4, 6974
3, 126892, 25/11/2018 08:20:05, OTHER_GROUPS, 49.4, 54, 19358, 0, 0, 0, 130, 3016, 7112, 37527, 4.6, 1906.6, 4120.2
3, 126893, 25/11/2018 08:40:20, OTHER_GROUPS, 49.9, 59.4, 26830.5, 6.3, 0, 0, 84, 2044, 9469, 86028, 3.2, 4366, 1437.7
3, 126894, 25/11/2018 09:00:24, OTHER_GROUPS, 52.8, 56, 27126.9, 0, 0, 0, 155, 3885, 10404, 45896, 3.2, 5606.8, 2338.4
3, 126895, 25/11/2018 09:20:04, OTHER_GROUPS, 57.8, 68.2, 28695.7, 8.1, 0, 0, 131, 4240, 10786, 105878, 2.3, 3787.2, 2574.7
3, 126896, 25/11/2018 09:40:04, OTHER_GROUPS, 54.5, 61.5, 25801.6, 4, 0, 0, 37, 1595, 9146, 75717, 3, 3017.9, 4625.4
3, 126897, 25/11/2018 10:00:06, OTHER_GROUPS, 54.8, 62, 24044.6, 1.8, 0, 0, 55, 1854, 9557, 54992, 5.4, 4028, 8152.5
3, 126898, 25/11/2018 10:20:07, OTHER_GROUPS, 51.3, 53.5, 37050.6, 0.1, 0, 0, 56, 1879, 10397, 43910, 2.1, 1832.8, 3112.4
3, 126899, 25/11/2018 10:40:13, OTHER_GROUPS, 60.8, 62.9, 23872.7, 0, 0, 0, 595, 35595, 42221, 77726, 2.1, 2955.8, 1757.5
3, 126900, 25/11/2018 11:00:03, OTHER_GROUPS, 68.6, 74.9, 46385.5, 2, 0, 0, 575, 33576, 41353, 102938, 4.3, 6320.9, 2888
3, 126901, 25/11/2018 11:20:09, OTHER_GROUPS, 52.9, 56.1, 24273.8, 0.3, 0, 0, 843, 51022, 56303, 44354, 2.9, 7730.3, 4720.4
3, 126902, 25/11/2018 11:40:15, OTHER_GROUPS, 41.4, 43.2, 26256.8, 0, 0, 0, 872, 54347, 60365, 19401, 1.8, 3852.6, 2097.5
3, 126903, 25/11/2018 12:00:06, OTHER_GROUPS, 35.2, 47.7, 27466.3, 8.4, 0, 0, 527, 31892, 41065, 25382, 4.1, 5350.9, 6416.8
3, 126904, 25/11/2018 12:20:23, OTHER_GROUPS, 36.8, 46.3, 25324.7, 6.6, 0, 0, 983, 58415, 65711, 39723, 2.9, 4263.3, 4601.8
3, 126905, 25/11/2018 12:40:28, OTHER_GROUPS, 29, 31.5, 28642.7, 0, 0, 0, 815, 50844, 58019, 15949, 2.5, 1871.3, 8274.9
3, 126906, 25/11/2018 13:00:05, OTHER_GROUPS, 27.7, 29, 20902.8, 0, 0, 0, 838, 51775, 57601, 14858, 1.3, 6553.2, 855.7
3, 126907, 25/11/2018 13:20:15, OTHER_GROUPS, 32.5, 39.6, 9661.8, 5.4, 0, 0, 1150, 70659, 77704, 24393, 1.7, 3590.6, 1559.5
3, 126908, 25/11/2018 13:40:30, OTHER_GROUPS, 22, 23, 5357.5, 0, 0, 0, 1236, 72283, 80092, 8532, 1, 4641.1, 1436.5
3, 126909, 25/11/2018 14:00:41, OTHER_GROUPS, 30.2, 34.3, 7826.7, 0, 0, 0, 1753, 76847, 84001, 21092, 4.1, 6695.7, 6434.3
3, 126910, 25/11/2018 14:20:15, OTHER_GROUPS, 21.3, 22.5, 5681.4, 0, 0, 0, 853, 43904, 52558, 10432, 1.2, 5488.3, 2605.9
3, 126911, 25/11/2018 14:40:11, OTHER_GROUPS, 27.5, 28.8, 5910, 0, 0, 0, 373, 21375, 29642, 16101, 1.3, 2856.7, 1232.8
3, 126912, 25/11/2018 15:00:22, OTHER_GROUPS, 34.7, 36.4, 16121.2, 0, 0, 0, 1426, 89355, 92889, 14928, 1.7, 2867.6, 2080
3, 126913, 25/11/2018 15:20:02, OTHER_GROUPS, 25.8, 26.4, 8811.7, 0, 0, 0, 52, 1727, 7769, 11710, 0.6, 4660.6, 545.4
3, 126914, 25/11/2018 15:40:03, OTHER_GROUPS, 29.4, 34.5, 7596.9, 0, 0, 0, 122, 4489, 21993, 16947, 5.1, 7696.5, 8301.4
3, 126915, 25/11/2018 16:00:03, OTHER_GROUPS, 25.3, 28.9, 4666.8, 0, 0, 0, 77, 2966, 23324, 14689, 3.6, 6878.5, 3374
3, 126916, 25/11/2018 16:20:12, OTHER_GROUPS, 23.6, 27.4, 7202.6, 0, 0, 0, 70, 2135, 43432, 14486, 3.8, 4710.9, 10777
3, 126917, 25/11/2018 16:40:15, OTHER_GROUPS, 23.8, 28.8, 16891.4, 0, 0, 0, 299, 8919, 17346, 15305, 5, 12489.2, 9541.1
3, 126918, 25/11/2018 17:00:18, OTHER_GROUPS, 4.2, 6, 9202.3, 0, 0, 0, 0, 0, 3292, 388, 1.8, 402.9, 784.5
3, 126919, 25/11/2018 17:20:05, OTHER_GROUPS, 3.8, 5.2, 8668, 0, 0, 0, 0, 0, 2631, 165, 1.4, 369.7, 62.8
3, 126920, 25/11/2018 17:40:13, OTHER_GROUPS, 3.7, 5.1, 8713.4, 0, 0, 0, 0, 0, 3906, 101, 1.4, 559.4, 68.6
3, 126921, 25/11/2018 18:00:24, OTHER_GROUPS, 3.7, 5.4, 9048.2, 0, 0, 0, 0, 0, 3003, 263, 1.7, 425.9, 65.6
3, 126922, 25/11/2018 18:20:01, OTHER_GROUPS, 3.7, 5.5, 8913.5, 0, 0, 0, 0, 0, 3694, 133, 1.8, 429.1, 69.5
3, 126923, 25/11/2018 18:40:07, OTHER_GROUPS, 3.7, 5.4, 8750.9, 0, 0, 0, 0, 0, 3741, 110, 1.7, 532.3, 69.3
3, 126924, 25/11/2018 19:00:14, OTHER_GROUPS, 4.8, 6.1, 9580.7, 0.3, 0, 0, 0, 0, 3667, 612, 1, 965.3, 98.7
3, 126925, 25/11/2018 19:20:10, OTHER_GROUPS, 4.8, 15.3, 11567.4, 9.9, 0, 0, 2, 24, 4199, 1180, 0.6, 1098.8, 100.5
3, 126926, 25/11/2018 19:40:04, OTHER_GROUPS, 4.1, 5.5, 9235.4, 0.8, 0, 0, 3, 48, 4133, 405, 0.6, 868.3, 185
3, 126927, 25/11/2018 20:00:18, OTHER_GROUPS, 3.9, 6.1, 8890.8, 1.7, 0, 0, 0, 0, 4095, 229, 0.5, 872.5, 102.1
3, 126928, 25/11/2018 20:20:42, OTHER_GROUPS, 3.6, 4.8, 8485.9, 0, 0, 0, 0, 0, 3935, 155, 1.2, 684.1, 77
3, 126929, 25/11/2018 20:40:05, OTHER_GROUPS, 2.9, 4.4, 8899.9, 0, 0, 0, 0, 0, 4583, 99, 1.5, 672.2, 46.5
3, 126930, 25/11/2018 21:00:02, OTHER_GROUPS, 3.6, 5.7, 8591.5, 0, 0, 0, 0, 0, 2786, 258, 2.1, 389.8, 48.6
3, 126931, 25/11/2018 21:20:15, OTHER_GROUPS, 3.7, 5.5, 8807.4, 0, 0, 0, 0, 0, 3182, 181, 1.8, 576.8, 73
3, 126932, 25/11/2018 21:40:02, OTHER_GROUPS, 3.7, 5.7, 8455.2, 0, 0, 0, 0, 0, 3521, 87, 2, 554.9, 60.5
3, 126933, 25/11/2018 22:00:01, OTHER_GROUPS, 3.7, 5.6, 9017.6, 0, 0, 0, 0, 0, 2725, 349, 1.9, 392.6, 62
3, 126934, 25/11/2018 22:20:08, OTHER_GROUPS, 3.7, 5.6, 8909.4, 0, 0, 0, 0, 0, 3588, 151, 1.9, 436.9, 68.9
3, 126935, 25/11/2018 22:40:12, OTHER_GROUPS, 3.8, 5, 8689.1, 0, 0, 0, 0, 0, 3623, 164, 1.2, 653.3, 85.3
3, 126936, 25/11/2018 23:00:01, OTHER_GROUPS, 3.9, 5.6, 9128.4, 1.2, 0, 0, 0, 0, 3564, 406, 0.5, 597.3, 87.5
3, 126937, 25/11/2018 23:20:06, OTHER_GROUPS, 3.8, 5.3, 8707.3, 0.9, 0, 0, 0, 0, 4065, 201, 0.6, 966.5, 97.1
3, 126938, 25/11/2018 23:40:13, OTHER_GROUPS, 3.9, 4.5, 8782.5, 0, 0, 0, 0, 0, 3753, 217, 0.6, 924.2, 112.5
3, 126867, 25/11/2018 00:00:02, SANDBOX_GROUP, 1.4, 1.7, 496.3, 0.2, 0, 0, 1, 28, 40, 177, 0.1, 162.8, 59
3, 126868, 25/11/2018 00:20:06, SANDBOX_GROUP, 1.9, 2.1, 717.5, 0.1, 0, 0, 15, 384, 439, 358, 0.1, 2847.6, 18.6
3, 126869, 25/11/2018 00:40:10, SANDBOX_GROUP, 2.1, 2.5, 785.9, 0.3, 0, 0, 21, 532, 628, 559, 0.1, 3398.8, 102.4
3, 126870, 25/11/2018 01:00:04, SANDBOX_GROUP, 8.1, 12.4, 7080.4, 2.4, 0, 0, 19, 512, 569, 3086, 1.9, 3984.4, 3502.1
3, 126871, 25/11/2018 01:20:17, SANDBOX_GROUP, 8.4, 10.4, 14039.2, 1.8, 0, 0, 9, 240, 232, 3196, 0.2, 1947, 621.5
3, 126872, 25/11/2018 01:40:25, SANDBOX_GROUP, 2.8, 4.6, 3385.4, 1.7, 0, 0, 3, 72, 117, 455, 0.1, 286.3, 189.9
3, 126873, 25/11/2018 02:00:01, SANDBOX_GROUP, 5.3, 6.1, 2002.5, 0.5, 0, 0, 7, 170, 444, 1285, 0.3, 2936.9, 87.1
3, 126874, 25/11/2018 02:20:09, SANDBOX_GROUP, 4.4, 5.4, 1563.6, 0.9, 0, 0, 2, 40, 62, 921, 0.1, 1227.4, 119.9
3, 126875, 25/11/2018 02:40:03, SANDBOX_GROUP, 3.6, 6.4, 957.4, 2.2, 0, 0, 1, 8, 25, 842, 0.6, 6093.5, 1981.5
3, 126876, 25/11/2018 03:00:15, SANDBOX_GROUP, 3.6, 5.4, 997.6, 0.9, 0, 0, 8, 86, 122, 521, 0.9, 310.2, 1465.1
3, 126877, 25/11/2018 03:20:22, SANDBOX_GROUP, 7.2, 10.2, 5811.1, 2, 0, 0, 8, 144, 259, 1883, 1, 2206.5, 3316.3
3, 126878, 25/11/2018 03:40:08, SANDBOX_GROUP, 9.8, 15.5, 2505, 2.6, 0, 0, 42, 858, 911, 4317, 3.1, 6753, 6717.8
3, 126879, 25/11/2018 04:00:26, SANDBOX_GROUP, 4.4, 5.8, 3071.8, 1.2, 0, 0, 10, 140, 220, 905, 0.2, 1379.2, 209.5
3, 126880, 25/11/2018 04:20:12, SANDBOX_GROUP, 5.3, 7.3, 4777.8, 1.8, 0, 0, 16, 286, 619, 1652, 0.2, 2829.6, 475.1
3, 126881, 25/11/2018 04:40:30, SANDBOX_GROUP, 6.6, 7.4, 4036.4, 0.7, 0, 0, 8, 152, 242, 2752, 0.1, 1829.9, 91.1
3, 126882, 25/11/2018 05:00:26, SANDBOX_GROUP, 3.8, 8.5, 4041, 3.6, 0, 0, 17, 313, 428, 1055, 1.1, 2950.9, 264
3, 126883, 25/11/2018 05:20:06, SANDBOX_GROUP, 4.2, 4.7, 1416.4, 0.4, 0, 0, 24, 688, 1059, 1075, 0.1, 5065.1, 87.4
3, 126884, 25/11/2018 05:40:01, SANDBOX_GROUP, 3.3, 4.7, 2116.3, 1.2, 0, 0, 32, 758, 1358, 924, 0.2, 4205.7, 186.4
3, 126885, 25/11/2018 06:00:03, SANDBOX_GROUP, 10.1, 12.8, 4188.7, 2.1, 0, 0, 49, 1360, 2251, 2410, 0.6, 5065.8, 612.9
3, 126886, 25/11/2018 06:20:09, SANDBOX_GROUP, 5.8, 10, 12094.2, 4, 0, 0, 43, 1238, 1236, 1155, 0.2, 3656.8, 285.3
3, 126887, 25/11/2018 06:40:17, SANDBOX_GROUP, 3.7, 7.8, 1498.7, 2.1, 0, 0, 11, 324, 330, 1314, 2, 569.4, 8081.8
3, 126918, 25/11/2018 17:00:18, SANDBOX_GROUP, 0.9, 0.9, 279.7, 0, 0, 0, 0, 0, 27, 270, 0, 161.1, 0.8
3, 126919, 25/11/2018 17:20:05, SANDBOX_GROUP, 1.5, 2.5, 432.8, 0.7, 0, 0, 9, 244, 308, 263, 0.3, 2190.3, 1234.5
3, 126920, 25/11/2018 17:40:13, SANDBOX_GROUP, 2.7, 5, 530.6, 1.3, 0, 0, 21, 564, 537, 242, 1, 3115.1, 816.1
3, 126921, 25/11/2018 18:00:24, SANDBOX_GROUP, 3.3, 5, 543.1, 0, 0, 0, 15, 420, 477, 359, 1.7, 4248, 1110.5
3, 126922, 25/11/2018 18:20:01, SANDBOX_GROUP, 1.7, 2.1, 756.1, 0, 0, 0, 15, 396, 383, 175, 0.4, 2207.5, 442
3, 126923, 25/11/2018 18:40:07, SANDBOX_GROUP, 1.2, 1.3, 281.4, 0.1, 0, 0, 1, 32, 114, 121, 0, 830.6, 255.3
3, 126924, 25/11/2018 19:00:14, SANDBOX_GROUP, 1.9, 3.4, 453, 0.9, 0, 0, 3, 66, 177, 421, 0.6, 316.9, 1458.8
3, 126926, 25/11/2018 19:40:04, SANDBOX_GROUP, 1.6, 2.2, 571.3, 0.5, 0, 0, 13, 179, 166, 187, 0.1, 638.8, 367.6
3, 126927, 25/11/2018 20:00:18, SANDBOX_GROUP, 1.6, 1.9, 534.2, 0.3, 0, 0, 45, 808, 878, 221, 0, 5024.2, 9.7
3, 126928, 25/11/2018 20:20:42, SANDBOX_GROUP, 1.3, 1.6, 390, 0.3, 0, 0, 19, 372, 413, 266, 0, 2150.9, 35.7
3, 126929, 25/11/2018 20:40:05, SANDBOX_GROUP, 1.4, 1.7, 315.2, 0.3, 0, 0, 3, 48, 132, 172, 0, 855.7, 194.3
3, 126930, 25/11/2018 21:00:02, SANDBOX_GROUP, 7.2, 9.9, 11409.9, 2.7, 0, 0, 3, 20, 37, 2381, 0, 8856.6, 135.8
3, 126931, 25/11/2018 21:20:15, SANDBOX_GROUP, 1.5, 1.7, 2363.5, 0.2, 0, 0, 9, 256, 245, 195, 0, 1293.2, 114.2
3, 126932, 25/11/2018 21:40:02, SANDBOX_GROUP, 1.2, 1.3, 312.1, 0.1, 0, 0, 18, 504, 534, 164, 0, 2865.6, 6.5
3, 126933, 25/11/2018 22:00:01, SANDBOX_GROUP, 2, 2.1, 365.9, 0.1, 0, 0, 1, 16, 34, 754, 0, 613.5, 5.9
3, 126934, 25/11/2018 22:20:08, SANDBOX_GROUP, 1.1, 1.2, 351.7, 0.1, 0, 0, 6, 96, 121, 57, 0, 870.7, 0
3, 126935, 25/11/2018 22:40:12, SANDBOX_GROUP, 1.4, 1.4, 382.8, 0, 0, 0, 8, 128, 123, 61, 0, 1059.3, 0.1
3, 126936, 25/11/2018 23:00:01, SANDBOX_GROUP, 1.8, 2, 397.4, 0.2, 0, 0, 31, 700, 802, 211, 0, 4275.1, 5.4
3, 126937, 25/11/2018 23:20:06, SANDBOX_GROUP, 1.8, 2.2, 388, 0.4, 0, 0, 31, 752, 810, 154, 0, 5263.5, 295.2
3, 126938, 25/11/2018 23:40:13, SANDBOX_GROUP, 2.2, 3.3, 431.2, 0.8, 0, 0, 21, 592, 642, 134, 0.3, 3344.4, 774.7
3, 126867, 25/11/2018 00:00:02, SZB_SANDBOX_GROUP, 13.6, 14.5, 8706.1, 0, 0, 0, 73, 2899, 6669, 2813, 0.9, 2218.3, 687.7
3, 126868, 25/11/2018 00:20:06, SZB_SANDBOX_GROUP, 5.7, 6.9, 714.8, 0, 0, 0, 41, 1623, 2245, 1591, 1.2, 171.5, 174
3, 126869, 25/11/2018 00:40:10, SZB_SANDBOX_GROUP, 6.6, 6.9, 1504.5, 0, 0, 0, 43, 1395, 3625, 2210, 0.3, 216.5, 282.5
3, 126870, 25/11/2018 01:00:04, SZB_SANDBOX_GROUP, 7.5, 8.2, 1495, 0.5, 0, 0, 28, 1112, 1771, 3801, 0.2, 1882.8, 233
3, 126871, 25/11/2018 01:20:17, SZB_SANDBOX_GROUP, 6, 6.1, 630.7, 0, 0, 0, 23, 595, 2678, 1882, 0.1, 125.9, 90
3, 126872, 25/11/2018 01:40:25, SZB_SANDBOX_GROUP, 4.7, 4.9, 1199.9, 0.1, 0, 0, 109, 2323, 5331, 1215, 0.1, 294.4, 222.4
3, 126873, 25/11/2018 02:00:01, SZB_SANDBOX_GROUP, 15.6, 17.4, 6814.7, 0, 0, 0, 115, 2799, 8119, 9484, 1.8, 1619.5, 3951.2
3, 126874, 25/11/2018 02:20:09, SZB_SANDBOX_GROUP, 12, 12.4, 2724.9, 0, 0, 0, 27, 505, 3580, 3767, 0.4, 255.9, 694.3
3, 126875, 25/11/2018 02:40:03, SZB_SANDBOX_GROUP, 9.3, 10.6, 2276, 0.9, 0, 0, 26, 767, 1213, 4188, 0.4, 618.9, 591.9
3, 126876, 25/11/2018 03:00:15, SZB_SANDBOX_GROUP, 13.3, 14.3, 5869.3, 0, 0, 0, 11, 543, 3162, 3814, 1, 3810.1, 956.9
3, 126877, 25/11/2018 03:20:22, SZB_SANDBOX_GROUP, 7.1, 7.7, 1254.9, 0.3, 0, 0, 28, 611, 5605, 2895, 0.3, 5367.1, 171.1
3, 126878, 25/11/2018 03:40:08, SZB_SANDBOX_GROUP, 8.4, 9.2, 3490.2, 0.4, 0, 0, 21, 640, 22420, 3589, 0.4, 6870.8, 484.6
3, 126879, 25/11/2018 04:00:26, SZB_SANDBOX_GROUP, 16.7, 23.4, 7848.7, 5.1, 0, 0, 17, 815, 4936, 5933, 1.6, 7010.8, 2141.5
3, 126880, 25/11/2018 04:20:12, SZB_SANDBOX_GROUP, 4.9, 5.3, 2709.4, 0, 0, 0, 92, 2099, 20566, 2184, 0.4, 329.3, 637.6
3, 126881, 25/11/2018 04:40:30, SZB_SANDBOX_GROUP, 10.4, 15.4, 2140.8, 3.1, 0, 0, 88, 1855, 10404, 6788, 1.9, 550.2, 2558.6
3, 126882, 25/11/2018 05:00:26, SZB_SANDBOX_GROUP, 33.7, 62.5, 15026.3, 19.6, 0, 0, 85, 2436, 5974, 34022, 9.2, 13290.2, 4492.9
3, 126883, 25/11/2018 05:20:06, SZB_SANDBOX_GROUP, 34.6, 44.8, 22865.3, 6.5, 0, 0, 37, 1059, 3485, 29176, 3.7, 4704.4, 5609
3, 126884, 25/11/2018 05:40:01, SZB_SANDBOX_GROUP, 13.3, 17, 9686.1, 2.5, 0, 0, 109, 2736, 6094, 9624, 1.2, 620.4, 3456.9
3, 126885, 25/11/2018 06:00:03, SZB_SANDBOX_GROUP, 20.6, 23.3, 18135.1, 1.4, 0, 0, 12, 599, 4145, 11306, 1.3, 3709, 2095.6
3, 126886, 25/11/2018 06:20:09, SZB_SANDBOX_GROUP, 8.9, 12.6, 18119.1, 2.8, 0, 0, 26, 491, 3462, 4324, 0.9, 502.2, 2796.8
3, 126887, 25/11/2018 06:40:17, SZB_SANDBOX_GROUP, 18.6, 20.6, 10910.3, 0.8, 0, 0, 24, 1000, 2000, 12053, 1.2, 1061.9, 2948.8
3, 126918, 25/11/2018 17:00:18, SZB_SANDBOX_GROUP, 18.6, 20.6, 1768.1, 1.1, 0, 0, 93, 2635, 5455, 5223, 0.9, 6844.1, 812.8
3, 126919, 25/11/2018 17:20:05, SZB_SANDBOX_GROUP, 17.1, 19.1, 5359.7, 1.7, 0, 0, 45, 1492, 4711, 3148, 0.3, 2964.4, 401
3, 126920, 25/11/2018 17:40:13, SZB_SANDBOX_GROUP, 10.2, 11.6, 4244.4, 1.2, 0, 0, 11, 272, 1826, 1607, 0.2, 1193.1, 331.8
3, 126921, 25/11/2018 18:00:24, SZB_SANDBOX_GROUP, 22.2, 24.3, 17359.5, 1.1, 0, 0, 41, 1308, 27097, 6423, 1, 5575.2, 958
3, 126922, 25/11/2018 18:20:01, SZB_SANDBOX_GROUP, 12.1, 13.6, 2962.6, 0.9, 0, 0, 62, 3040, 36467, 3743, 0.6, 8711.5, 1755.9
3, 126923, 25/11/2018 18:40:07, SZB_SANDBOX_GROUP, 6, 6.4, 581.1, 0, 0, 0, 179, 4100, 5694, 1770, 0.4, 3156.4, 2748.7
3, 126924, 25/11/2018 19:00:14, SZB_SANDBOX_GROUP, 14.3, 15.2, 9068.5, 0.2, 0, 0, 119, 3892, 5555, 2810, 0.7, 4037.7, 736.6
3, 126926, 25/11/2018 19:40:04, SZB_SANDBOX_GROUP, 6.4, 6.8, 2456.8, 0, 0, 0, 115, 4340, 10062, 1068, 0.4, 252.1, 745.9
3, 126927, 25/11/2018 20:00:18, SZB_SANDBOX_GROUP, 5.4, 9.1, 2761.4, 2.7, 0, 0, 65, 2744, 6520, 1600, 1, 1549.4, 1305.7
3, 126928, 25/11/2018 20:20:42, SZB_SANDBOX_GROUP, 3.4, 5.9, 2437.8, 2.2, 0, 0, 51, 1780, 20853, 795, 0.3, 146.1, 1264
3, 126929, 25/11/2018 20:40:05, SZB_SANDBOX_GROUP, 3.2, 6.6, 1446.7, 3, 0, 0, 16, 704, 851, 535, 0.4, 129.9, 2403.2
3, 126930, 25/11/2018 21:00:02, SZB_SANDBOX_GROUP, 8.4, 12.3, 5573.6, 3.4, 0, 0, 10, 400, 879, 1647, 0.5, 3640.1, 1780.1
3, 126931, 25/11/2018 21:20:15, SZB_SANDBOX_GROUP, 3.3, 5.1, 600.9, 1.5, 0, 0, 16, 768, 1364, 704, 0.3, 183.1, 2911.2
3, 126932, 25/11/2018 21:40:02, SZB_SANDBOX_GROUP, 2.8, 4.9, 1029.6, 1.8, 0, 0, 32, 1520, 2228, 646, 0.3, 249.9, 3003.6
3, 126933, 25/11/2018 22:00:01, SZB_SANDBOX_GROUP, 15.6, 19.3, 8890.2, 2.7, 0, 0, 62, 3128, 13895, 6132, 1, 2083.4, 2386.3
3, 126934, 25/11/2018 22:20:08, SZB_SANDBOX_GROUP, 3.7, 4.1, 455.8, 0, 0, 0, 89, 3864, 6500, 802, 0.4, 227.8, 1228.8
3, 126935, 25/11/2018 22:40:12, SZB_SANDBOX_GROUP, 8.4, 9.1, 1286.3, 0, 0, 0, 84, 3648, 5090, 2047, 0.7, 415.8, 4058.1
3, 126936, 25/11/2018 23:00:01, SZB_SANDBOX_GROUP, 16, 17.7, 10170.9, 1.2, 0, 0, 19, 816, 1714, 4110, 0.5, 2076.1, 756.7
3, 126937, 25/11/2018 23:20:06, SZB_SANDBOX_GROUP, 1.8, 2, 430.4, 0, 0, 0, 29, 1096, 1932, 401, 0.2, 51.2, 1129.1
3, 126938, 25/11/2018 23:40:13, SZB_SANDBOX_GROUP, 1.3, 1.4, 482.1, 0, 0, 0, 20, 672, 1377, 216, 0.1, 26.9, 435.7
4, 126867, 25/11/2018 00:00:02, ADW_UNLOAD_GROUP, 0, 0, 0, 0, 0, 0, 0, 0, 51, 0, 0, 0, 0
4, 126868, 25/11/2018 00:20:06, ADW_UNLOAD_GROUP, 0, 0, 0, 0, 0, 0, 0, 0, 52, 1, 0, 0, 0
4, 126869, 25/11/2018 00:40:10, ADW_UNLOAD_GROUP, 0, 0, 0, 0, 0, 0, 0, 0, 51, 1, 0, 0, 0
4, 126870, 25/11/2018 01:00:04, ADW_UNLOAD_GROUP, 0, 0, 0, 0, 0, 0, 0, 0, 57, 1, 0, 0, 0
4, 126871, 25/11/2018 01:20:17, ADW_UNLOAD_GROUP, 0, 0, 0, 0, 0, 0, 0, 0, 51, 2, 0, 0, 0
4, 126872, 25/11/2018 01:40:25, ADW_UNLOAD_GROUP, 0, 0, 0, 0, 0, 0, 0, 0, 47, 0, 0, 0, 0
4, 126873, 25/11/2018 02:00:01, ADW_UNLOAD_GROUP, 0, 0, 0, 0, 0, 0, 0, 0, 51, 2, 0, 0, 0
4, 126876, 25/11/2018 03:00:15, ADW_UNLOAD_GROUP, 0, 0, 0, 0, 0, 0, 0, 0, 57, 6, 0, 0, 0
4, 126877, 25/11/2018 03:20:19, ADW_UNLOAD_GROUP, 0, 0, 0, 0, 0, 0, 0, 0, 46, 5, 0, 0, 0
4, 126878, 25/11/2018 03:40:10, ADW_UNLOAD_GROUP, 0, 0, 0, 0, 0, 0, 0, 0, 53, 0, 0, 0, 0
4, 126879, 25/11/2018 04:00:26, ADW_UNLOAD_GROUP, 0, 0, 0, 0, 0, 0, 0, 0, 55, 0, 0, 0, 0
4, 126880, 25/11/2018 04:20:12, ADW_UNLOAD_GROUP, 0, 0, 0, 0, 0, 0, 0, 0, 52, 0, 0, 0, 0
4, 126881, 25/11/2018 04:40:29, ADW_UNLOAD_GROUP, 0, 0, 0, 0, 0, 0, 0, 0, 51, 0, 0, 0, 0
4, 126882, 25/11/2018 05:00:26, ADW_UNLOAD_GROUP, 0, 0, 0, 0, 0, 0, 0, 0, 47, 0, 0, 0, 0
4, 126883, 25/11/2018 05:20:06, ADW_UNLOAD_GROUP, 0, 0, 0, 0, 0, 0, 0, 0, 51, 0, 0, 0, 0
4, 126884, 25/11/2018 05:40:01, ADW_UNLOAD_GROUP, 0, 0, 0, 0, 0, 0, 0, 0, 52, 0, 0, 0, 0
4, 126885, 25/11/2018 06:00:03, ADW_UNLOAD_GROUP, 0, 0, 0, 0, 0, 0, 0, 0, 53, 0, 0, 0, 0
4, 126924, 25/11/2018 19:00:12, ADW_UNLOAD_GROUP, 0, 0, 0.9, 0, 0, 0, 0, 0, 108, 1, 0, 3.9, 4.9
4, 126926, 25/11/2018 19:40:04, ADW_UNLOAD_GROUP, 0, 0, 0, 0, 0, 0, 0, 0, 55, 0, 0, 0, 0
4, 126927, 25/11/2018 20:00:17, ADW_UNLOAD_GROUP, 0.1, 0.4, 4.9, 0.3, 0, 0, 0, 0, 56, 11, 0, 10.9, 11.5
4, 126928, 25/11/2018 20:20:42, ADW_UNLOAD_GROUP, 0.2, 0.4, 3.5, 0.2, 0, 0, 0, 0, 49, 7, 0, 20.8, 21.6
4, 126929, 25/11/2018 20:40:05, ADW_UNLOAD_GROUP, 0.2, 0.4, 3.5, 0.1, 0, 0, 0, 0, 51, 6, 0.1, 24.9, 25.2
4, 126930, 25/11/2018 21:00:03, ADW_UNLOAD_GROUP, 0.2, 0.4, 5.7, 0.1, 0, 0, 0, 0, 52, 22, 0.1, 18.2, 21.3
4, 126931, 25/11/2018 21:20:15, ADW_UNLOAD_GROUP, 0.1, 0.2, 2.9, 0.1, 0, 0, 0, 0, 57, 4, 0, 0.3, 15.8
4, 126932, 25/11/2018 21:40:02, ADW_UNLOAD_GROUP, 0, 0, 0, 0, 0, 0, 0, 0, 52, 0, 0, 0, 0
4, 126933, 25/11/2018 22:00:01, ADW_UNLOAD_GROUP, 0, 0.1, 81.8, 0.1, 0, 0, 0, 0, 58, 1, 0, 3.4, 6.5
4, 126867, 25/11/2018 00:00:02, DM_TECH_GROUP, 1, 3.5, 512.5, 2.3, 0, 0, 1, 16, 42, 122, 0.2, 153.2, 496.6
4, 126868, 25/11/2018 00:20:06, DM_TECH_GROUP, 8.1, 31.2, 14972.8, 20.5, 0, 0, 86, 1252, 1931, 11383, 2.6, 1915.8, 2308.9
4, 126869, 25/11/2018 00:40:10, DM_TECH_GROUP, 22.2, 67.7, 44522.1, 35.2, 0, 0, 62, 988, 1262, 37889, 10.3, 2902.7, 9437.7
4, 126870, 25/11/2018 01:00:04, DM_TECH_GROUP, 22.2, 64.5, 44013.9, 31.9, 0, 0, 110, 1644, 2057, 24846, 10.4, 1604.7, 8015
4, 126871, 25/11/2018 01:20:17, DM_TECH_GROUP, 22.2, 51.3, 45259.1, 21.5, 0, 0, 25, 372, 384, 28454, 7.6, 1344.9, 5609.8
4, 126872, 25/11/2018 01:40:25, DM_TECH_GROUP, 23, 50.4, 45766.5, 25.2, 0, 0, 7, 88, 96, 14913, 2.2, 1166.6, 1510.4
4, 126873, 25/11/2018 02:00:01, DM_TECH_GROUP, 21.8, 44.8, 40647.4, 20.2, 0, 0, 14, 220, 192, 31269, 2.8, 1009.8, 2259.8
4, 126874, 25/11/2018 02:20:09, DM_TECH_GROUP, 21.5, 44, 37202.1, 22.1, 0, 0, 1, 24, 0, 20204, 0.4, 888.3, 374.2
4, 126875, 25/11/2018 02:40:03, DM_TECH_GROUP, 14.8, 29, 20933.8, 14, 0, 0, 26, 368, 403, 3009, 0.2, 631, 209.9
4, 126876, 25/11/2018 03:00:15, DM_TECH_GROUP, 18, 28.5, 16703.8, 10.3, 0, 0, 7, 112, 158, 14933, 0.2, 924.6, 114.3
4, 126877, 25/11/2018 03:20:19, DM_TECH_GROUP, 20.7, 27.6, 20687.6, 6.7, 0, 0, 5, 68, 137, 19079, 0.2, 795.8, 218.8
4, 126878, 25/11/2018 03:40:10, DM_TECH_GROUP, 13.3, 19.5, 16793.7, 6.1, 0, 0, 6, 96, 97, 4506, 0.1, 761.7, 159.9
4, 126879, 25/11/2018 04:00:26, DM_TECH_GROUP, 9, 17.7, 23924.3, 8.2, 0, 0, 12, 184, 157, 1614, 0.5, 936.2, 1100.1
4, 126880, 25/11/2018 04:20:12, DM_TECH_GROUP, 7.4, 14.5, 22161, 5.8, 0, 0, 1, 4, 0, 1278, 1.3, 431.9, 4144.1
4, 126881, 25/11/2018 04:40:29, DM_TECH_GROUP, 6.7, 14.5, 17329.5, 6.5, 0, 0, 67, 945, 1169, 1426, 1.3, 690.2, 4563.8
4, 126882, 25/11/2018 05:00:26, DM_TECH_GROUP, 7.2, 26.4, 16631.3, 7.3, 0, 0, 481, 6908, 6983, 1881, 11.9, 1527.3, 5170.4
4, 126883, 25/11/2018 05:20:06, DM_TECH_GROUP, 10.5, 18.7, 26461.2, 4, 0, 0, 291, 4072, 4050, 3053, 4.2, 1154.2, 7938.3
4, 126884, 25/11/2018 05:40:01, DM_TECH_GROUP, 7.2, 11.2, 18306.9, 3.2, 0, 0, 30, 432, 440, 1362, 0.8, 537.4, 1784
4, 126885, 25/11/2018 06:00:03, DM_TECH_GROUP, 8.3, 19.7, 17068.9, 8.6, 0, 0, 82, 1120, 1146, 3856, 2.8, 536, 3495.1
4, 126886, 25/11/2018 06:20:09, DM_TECH_GROUP, 3.7, 8.7, 14780.5, 4.2, 0, 0, 13, 168, 136, 536, 0.8, 191.6, 714.4
4, 126887, 25/11/2018 06:40:17, DM_TECH_GROUP, 15.8, 26.7, 29704.4, 10, 0, 0, 79, 1160, 1552, 10856, 0.9, 2909, 1055.6
4, 126918, 25/11/2018 17:00:18, DM_TECH_GROUP, 0.5, 2.8, 2224.1, 2.2, 0, 0, 1, 32, 17, 59, 0.1, 35.7, 146.9
4, 126919, 25/11/2018 17:20:05, DM_TECH_GROUP, 0.5, 2.4, 72.3, 1.8, 0, 0, 0, 0, 0, 66, 0.1, 43.5, 254.1
4, 126920, 25/11/2018 17:40:13, DM_TECH_GROUP, 0.4, 2.5, 93.3, 2, 0, 0, 0, 0, 0, 18, 0.1, 43, 288.1
4, 126921, 25/11/2018 18:00:25, DM_TECH_GROUP, 0.5, 2.5, 85.7, 1.9, 0, 0, 0, 0, 8, 61, 0.1, 43.1, 330.8
4, 126922, 25/11/2018 18:20:01, DM_TECH_GROUP, 0.6, 2.4, 78.7, 1.7, 0, 0, 0, 0, 0, 23, 0.1, 60.2, 386.5
4, 126923, 25/11/2018 18:40:08, DM_TECH_GROUP, 0.4, 2.1, 682.5, 1.6, 0, 0, 0, 0, 0, 15, 0.1, 64.4, 65.1
4, 126924, 25/11/2018 19:00:12, DM_TECH_GROUP, 0.4, 2.1, 71.2, 1.6, 0, 0, 0, 0, 6, 35, 0.1, 49, 49.5
4, 126926, 25/11/2018 19:40:04, DM_TECH_GROUP, 0.4, 2, 37, 1.6, 0, 0, 59, 860, 1010, 37, 0, 50.9, 68.4
4, 126927, 25/11/2018 20:00:17, DM_TECH_GROUP, 1.3, 5.7, 158.6, 3.6, 0, 0, 431, 6208, 6144, 188, 0.8, 986.7, 725.9
4, 126928, 25/11/2018 20:20:42, DM_TECH_GROUP, 1.3, 6.6, 2087.5, 5, 0, 0, 262, 3744, 3816, 309, 0.3, 195.5, 2124.7
4, 126929, 25/11/2018 20:40:05, DM_TECH_GROUP, 1.2, 6.8, 7389.9, 5.4, 1, 0, 21, 340, 450, 174, 0.2, 166, 2078.7
4, 126930, 25/11/2018 21:00:03, DM_TECH_GROUP, 3.7, 12.9, 14261.9, 7, -1, 0, 742, 10536, 10416, 1329, 2.2, 1960.3, 7099.4
4, 126931, 25/11/2018 21:20:15, DM_TECH_GROUP, 0.7, 2.9, 81.9, 1.9, 0, 0, 87, 1280, 1252, 108, 0.3, 276.7, 1470.4
4, 126932, 25/11/2018 21:40:02, DM_TECH_GROUP, 0.2, 2, 40.2, 1.8, 0, 0, 1, 16, 33, 10, 0, 49.2, 49.6
4, 126933, 25/11/2018 22:00:01, DM_TECH_GROUP, 0.3, 2.2, 83.4, 1.9, 0, 0, 10, 144, 138, 14, 0, 117.8, 76.1
4, 126934, 25/11/2018 22:20:08, DM_TECH_GROUP, 0.3, 2, 36.2, 1.7, 0, 0, 0, 0, 2, 8, 0, 60.3, 60.8
4, 126935, 25/11/2018 22:40:12, DM_TECH_GROUP, 0.3, 2, 36.6, 1.7, 0, 0, 0, 0, 1, 9, 0, 60.1, 60.7
4, 126936, 25/11/2018 23:00:01, DM_TECH_GROUP, 0.3, 2, 84.2, 1.6, 0, 0, 1, 16, 27, 37, 0.1, 44.1, 56.2
4, 126937, 25/11/2018 23:20:06, DM_TECH_GROUP, 0.3, 2, 38.8, 1.7, 0, 0, 1, 12, 0, 50, 0, 49, 49.2
4, 126938, 25/11/2018 23:40:13, DM_TECH_GROUP, 1, 2.7, 1428.3, 1.6, 0, 0, 2, 26, 93, 42, 0.1, 130.2, 75.6
4, 126867, 25/11/2018 00:00:02, OTHER_GROUPS, 10.3, 19.1, 15906.7, 5.4, 0, 0, 23, 152, 961, 1794, 3.4, 5551.5, 389.4
4, 126868, 25/11/2018 00:20:06, OTHER_GROUPS, 23.2, 46.4, 18383.9, 18.2, 0, 0, 431, 2304, 5490, 12636, 5, 12115.5, 2172.8
4, 126869, 25/11/2018 00:40:10, OTHER_GROUPS, 23.5, 27.7, 16066.2, 0, 0, 0, 528, 3792, 5668, 11706, 4.2, 1796.8, 1657.1
4, 126870, 25/11/2018 01:00:04, OTHER_GROUPS, 16.4, 20.2, 16512.3, 0.6, 0, 0, 318, 2464, 3479, 6734, 3.2, 1350.5, 1466.8
4, 126871, 25/11/2018 01:20:17, OTHER_GROUPS, 17.4, 21.3, 15756.5, 0, 0, 0, 29, 232, 1297, 6911, 3.9, 1381.2, 3042.3
4, 126872, 25/11/2018 01:40:25, OTHER_GROUPS, 15.4, 18.9, 15050, 0, 0, 0, 3, 32, 1395, 5381, 3.5, 1365.5, 3338.8
4, 126873, 25/11/2018 02:00:01, OTHER_GROUPS, 9.9, 12.6, 14757.5, 0, 0, 0, 6, 36, 1423, 3303, 2.7, 902.5, 875.4
4, 126874, 25/11/2018 02:20:09, OTHER_GROUPS, 9.7, 12.2, 17594.3, 0, 0, 0, 0, 0, 699, 1498, 2.5, 1212.6, 153.4
4, 126875, 25/11/2018 02:40:03, OTHER_GROUPS, 7.8, 10.4, 13881.7, 0, 0, 0, 0, 0, 1343, 684, 2.6, 962.4, 127.5
4, 126876, 25/11/2018 03:00:15, OTHER_GROUPS, 9.1, 11.4, 15589.2, 0, 0, 0, 0, 0, 561, 10098, 2.3, 851.6, 227.9
4, 126877, 25/11/2018 03:20:19, OTHER_GROUPS, 8.9, 11, 15366.9, 0, 0, 0, 0, 0, 728, 6238, 2.1, 603.8, 309.9
4, 126878, 25/11/2018 03:40:10, OTHER_GROUPS, 8.6, 12.3, 14757.9, 0, 0, 0, 0, 0, 625, 931, 3.7, 750.8, 312.1
4, 126879, 25/11/2018 04:00:26, OTHER_GROUPS, 9.9, 14.8, 39895.4, 0, 0, 0, 0, 0, 2353, 1359, 4.9, 563.6, 162.8
4, 126880, 25/11/2018 04:20:12, OTHER_GROUPS, 14.6, 19.9, 43071.2, 0, 0, 0, 9, 72, 2592, 1420, 5.3, 1343.1, 179.9
4, 126881, 25/11/2018 04:40:29, OTHER_GROUPS, 14.1, 19.7, 48781.4, 0, 0, 0, 2, 16, 2117, 1299, 5.6, 1323.8, 171.7
4, 126882, 25/11/2018 05:00:26, OTHER_GROUPS, 11.3, 13.7, 28303.7, 0, 0, 0, 0, 0, 795, 2021, 2.4, 1206.3, 234
4, 126883, 25/11/2018 05:20:06, OTHER_GROUPS, 9.1, 13, 15211.6, 3, 0, 0, 0, 0, 3020, 2292, 0.9, 1163.4, 336.6
4, 126884, 25/11/2018 05:40:01, OTHER_GROUPS, 8.7, 10.9, 14544.1, 1.2, 0, 0, 0, 0, 582, 1598, 1, 1170.9, 328.6
4, 126885, 25/11/2018 06:00:03, OTHER_GROUPS, 8.9, 12.3, 15513.4, 2.3, 0, 0, 0, 0, 744, 2077, 1.1, 1256.2, 238.3
4, 126886, 25/11/2018 06:20:09, OTHER_GROUPS, 8.6, 10.9, 15306.3, 1.4, 0, 0, 0, 0, 624, 1586, 0.9, 1376.5, 162.1
4, 126887, 25/11/2018 06:40:17, OTHER_GROUPS, 9.3, 10.8, 15543.5, 0, 0, 0, 7, 116, 1524, 2091, 1.5, 1202.8, 167.9
4, 126888, 25/11/2018 07:00:06, OTHER_GROUPS, 43.8, 49, 60045.1, 1.1, 1, 0, 72, 1826, 3596, 27136, 4.1, 7698.7, 2084.2
4, 126889, 25/11/2018 07:20:18, OTHER_GROUPS, 67.3, 89.1, 83161, 16.8, 2, 0, 196, 3548, 5547, 71312, 5, 9052.3, 4873.8
4, 126890, 25/11/2018 07:40:31, OTHER_GROUPS, 42.3, 52, 60140.9, 3.7, 2, 0, 53, 1322, 4379, 35414, 6, 7031.2, 5982.7
4, 126891, 25/11/2018 08:00:02, OTHER_GROUPS, 39.7, 46.9, 79336.1, 0, 0, 0, 32, 1025, 2581, 19934, 7.2, 7594.8, 11969
4, 126892, 25/11/2018 08:20:05, OTHER_GROUPS, 25.9, 31.1, 38477, 0, 0, 0, 27, 921, 1778, 8655, 5.2, 9698.1, 2939.3
4, 126893, 25/11/2018 08:40:21, OTHER_GROUPS, 32.4, 40.1, 46149, 2.1, 0, 0, 63, 1904, 4761, 22556, 5.6, 4667.4, 3083.6
4, 126894, 25/11/2018 09:00:24, OTHER_GROUPS, 49.4, 65.9, 60607.2, 7.5, 16, 0, 610, 10059, 12306, 53120, 9, 13337.6, 8762.1
4, 126895, 25/11/2018 09:20:05, OTHER_GROUPS, 24.2, 27.4, 40986.2, 0.4, 0, 0, 212, 4170, 96554, 10706, 2.8, 5777.6, 5649.4
4, 126896, 25/11/2018 09:40:04, OTHER_GROUPS, 26.9, 32.5, 34159, 2.4, 1, 0, 139, 3770, 17739, 13548, 3.2, 6849.3, 6214.4
4, 126897, 25/11/2018 10:00:06, OTHER_GROUPS, 33.2, 37.2, 55129.8, 0, 0, 0, 63, 1750, 3854, 12220, 4, 8924.9, 4061.8
4, 126898, 25/11/2018 10:20:01, OTHER_GROUPS, 35.3, 37.9, 45377.2, 0, 0, 0, 80, 2760, 4163, 14637, 2.6, 6587.8, 3365.7
4, 126899, 25/11/2018 10:40:17, OTHER_GROUPS, 23.4, 25.9, 53738.9, 0, 0, 0, 42, 1428, 4487, 6605, 2.5, 6895.3, 2773.5
4, 126900, 25/11/2018 11:00:03, OTHER_GROUPS, 45.5, 53.2, 46135.4, 2.8, 1, 0, 611, 8920, 11230, 35037, 4.9, 10274.5, 5408.4
4, 126901, 25/11/2018 11:20:09, OTHER_GROUPS, 42.3, 50.7, 31594.3, 5.1, 0, 0, 201, 3462, 4669, 28069, 3.3, 3645.5, 4186.8
4, 126902, 25/11/2018 11:40:17, OTHER_GROUPS, 27.5, 29.9, 52480.6, 0, 0, 0, 59, 1395, 3057, 15850, 2.4, 5761.1, 2763.8
4, 126903, 25/11/2018 12:00:06, OTHER_GROUPS, 34.7, 39, 31623, 0.4, 0, 0, 120, 2847, 7568, 17343, 3.9, 10525.3, 2165.6
4, 126904, 25/11/2018 12:20:23, OTHER_GROUPS, 32.9, 36.4, 38281.8, 0, 0, 0, 72, 3180, 4691, 19777, 3.5, 7515.8, 7593.4
4, 126905, 25/11/2018 12:40:28, OTHER_GROUPS, 17.9, 19.6, 18035, 0, 0, 0, 61, 1656, 2933, 4784, 1.7, 7494.9, 1676.9
4, 126906, 25/11/2018 13:00:05, OTHER_GROUPS, 23.1, 27.1, 21463.7, 0, 0, 0, 767, 11684, 12995, 8106, 4, 8909.7, 7905.2
4, 126907, 25/11/2018 13:20:15, OTHER_GROUPS, 29.6, 31.7, 22959.2, 0, 0, 0, 97, 1771, 3540, 16105, 2.1, 6071.9, 3591.4
4, 126908, 25/11/2018 13:40:30, OTHER_GROUPS, 20, 21.8, 16799, 0, 0, 0, 9, 366, 1452, 4951, 1.8, 3875.3, 1575.4
4, 126909, 25/11/2018 14:00:41, OTHER_GROUPS, 27.2, 29.9, 24547.5, 0, 0, 0, 34, 1695, 4619, 7802, 2.7, 5340.4, 2438.5
4, 126910, 25/11/2018 14:20:15, OTHER_GROUPS, 17.3, 19.2, 17008.2, 0, 0, 0, 40, 1394, 3512, 4850, 1.9, 3992.4, 3014.5
4, 126911, 25/11/2018 14:40:11, OTHER_GROUPS, 15, 16.5, 10202.9, 0, 0, 0, 100, 2608, 3820, 4853, 1.5, 7165.7, 1033.5
4, 126912, 25/11/2018 15:00:23, OTHER_GROUPS, 21.5, 25.7, 13328, 0, 0, 0, 787, 12039, 13393, 11511, 4.2, 9715.9, 6294.7
4, 126913, 25/11/2018 15:20:02, OTHER_GROUPS, 19.3, 22.2, 14251.9, 0, 0, 0, 120, 2654, 3556, 7536, 2.9, 6934.9, 11656.3
4, 126914, 25/11/2018 15:40:03, OTHER_GROUPS, 20.5, 23.4, 5251.3, 0, 0, 0, 125, 4232, 11180, 6626, 2.9, 3455.8, 4154.1
4, 126915, 25/11/2018 16:00:05, OTHER_GROUPS, 24.1, 29, 10122.9, 0, 0, 0, 787, 12516, 14246, 9084, 4.9, 8710.6, 6654.7
4, 126916, 25/11/2018 16:20:15, OTHER_GROUPS, 16.2, 19.9, 5573.2, 0, 0, 0, 50, 2088, 3186, 6730, 3.7, 5523.8, 9177.8
4, 126917, 25/11/2018 16:40:15, OTHER_GROUPS, 14.4, 20.1, 15561.2, 0, 0, 0, 111, 2784, 4320, 3550, 5.7, 8559.4, 3753.4
4, 126918, 25/11/2018 17:00:18, OTHER_GROUPS, 9.1, 12.3, 15332.6, 0, 0, 0, 0, 0, 540, 949, 3.2, 809.6, 325.7
4, 126919, 25/11/2018 17:20:05, OTHER_GROUPS, 8.8, 12.2, 15608.4, 0, 0, 0, 0, 0, 764, 485, 3.4, 977.1, 418.9
4, 126920, 25/11/2018 17:40:13, OTHER_GROUPS, 8.5, 12.1, 15317.1, 0, 0, 0, 0, 0, 591, 322, 3.6, 1240.5, 186.5
4, 126921, 25/11/2018 18:00:25, OTHER_GROUPS, 8.6, 13.1, 15713.9, 0, 0, 0, 0, 0, 551, 910, 4.5, 880.2, 370.7
4, 126922, 25/11/2018 18:20:01, OTHER_GROUPS, 8.7, 13.1, 15210.5, 0, 0, 0, 0, 0, 607, 406, 4.4, 1021.1, 431.2
4, 126923, 25/11/2018 18:40:08, OTHER_GROUPS, 8.4, 12.3, 15011.1, 0, 0, 0, 0, 0, 592, 431, 3.9, 1135.8, 155.5
4, 126924, 25/11/2018 19:00:12, OTHER_GROUPS, 12.9, 15.4, 22716.3, 0, 0, 0, 5, 88, 748, 2034, 2.5, 3087.9, 917.8
4, 126925, 25/11/2018 19:20:10, OTHER_GROUPS, 11.3, 17.9, 24334.8, 5, 0, 0, 3, 32, 907, 1697, 1.6, 2246.3, 441.6
4, 126926, 25/11/2018 19:40:04, OTHER_GROUPS, 8.9, 10.4, 15821, 0, 0, 0, 3, 48, 766, 823, 1.5, 1781.6, 325.6
4, 126927, 25/11/2018 20:00:17, OTHER_GROUPS, 8.7, 11.6, 15407.4, 1.8, 0, 0, 0, 0, 709, 1152, 1.1, 1694.9, 289.2
4, 126928, 25/11/2018 20:20:42, OTHER_GROUPS, 8.4, 11.1, 15220, 0, 0, 0, 0, 0, 618, 465, 2.7, 1405.3, 378.7
4, 126929, 25/11/2018 20:40:05, OTHER_GROUPS, 6.8, 10.5, 15422.5, 0, 0, 0, 0, 0, 750, 235, 3.7, 1281.2, 323.3
4, 126930, 25/11/2018 21:00:03, OTHER_GROUPS, 8.4, 13.1, 15297, 0, 0, 0, 0, 0, 546, 591, 4.7, 880, 189.5
4, 126931, 25/11/2018 21:20:15, OTHER_GROUPS, 8.6, 12.4, 15186.9, 0, 0, 0, 0, 0, 632, 496, 3.8, 1172.9, 155.8
4, 126932, 25/11/2018 21:40:02, OTHER_GROUPS, 8.3, 12.8, 15119.9, 0, 0, 0, 0, 0, 609, 216, 4.5, 1202.3, 140.5
4, 126933, 25/11/2018 22:00:01, OTHER_GROUPS, 9.3, 14.1, 15598, 0, 0, 0, 1, 3, 704, 481, 4.8, 1192.8, 563.3
4, 126934, 25/11/2018 22:20:08, OTHER_GROUPS, 8.9, 13.4, 15268.4, 0, 0, 0, 1, 5, 623, 355, 4.5, 1015.4, 652.5
4, 126935, 25/11/2018 22:40:12, OTHER_GROUPS, 8.7, 11.9, 15414.5, 0, 0, 0, 0, 0, 630, 394, 3.2, 1402.6, 673.7
4, 126936, 25/11/2018 23:00:01, OTHER_GROUPS, 8.8, 10.6, 15480.4, 0.1, 0, 0, 0, 0, 573, 672, 1.7, 1398.6, 451.4
4, 126937, 25/11/2018 23:20:06, OTHER_GROUPS, 8.8, 10.2, 15236.4, 0, 0, 0, 0, 0, 649, 672, 1.4, 1635.5, 478
4, 126938, 25/11/2018 23:40:13, OTHER_GROUPS, 8.7, 10.2, 15205.1, 0, 0, 0, 0, 0, 584, 607, 1.5, 1699.7, 223.8
4, 126867, 25/11/2018 00:00:02, SANDBOX_GROUP, 6, 6.5, 11903, 0.3, 0, 0, 20, 568, 680, 1859, 0.2, 5698.8, 230.9
4, 126868, 25/11/2018 00:20:06, SANDBOX_GROUP, 2.5, 4.8, 2925.8, 2.1, 0, 0, 14, 274, 330, 367, 0.2, 1256.5, 461.6
4, 126869, 25/11/2018 00:40:10, SANDBOX_GROUP, 4, 4.4, 1180.7, 0.2, 0, 0, 8, 132, 203, 941, 0.2, 1247.8, 507.6
4, 126870, 25/11/2018 01:00:04, SANDBOX_GROUP, 4.9, 7.1, 2599.1, 1.7, 0, 0, 14, 143, 288, 1132, 0.5, 1152.9, 692.5
4, 126871, 25/11/2018 01:20:17, SANDBOX_GROUP, 7.4, 8.6, 2911.9, 0.6, 0, 0, 19, 448, 584, 1772, 0.6, 3882.4, 739.1
4, 126872, 25/11/2018 01:40:25, SANDBOX_GROUP, 8.4, 9.3, 5406, 0.5, 0, 0, 28, 618, 1190, 2109, 0.4, 4600, 687.9
4, 126873, 25/11/2018 02:00:01, SANDBOX_GROUP, 9.6, 10.8, 7612.7, 0.7, 0, 0, 27, 610, 660, 3192, 0.5, 5336.7, 557.7
4, 126874, 25/11/2018 02:20:09, SANDBOX_GROUP, 8.9, 17, 5880.5, 7.6, 0, 0, 31, 768, 1307, 2609, 0.5, 6096.7, 383.6
4, 126875, 25/11/2018 02:40:03, SANDBOX_GROUP, 5.9, 7.2, 3424.2, 1, 0, 0, 30, 654, 891, 1242, 0.3, 4672.1, 396.7
4, 126876, 25/11/2018 03:00:15, SANDBOX_GROUP, 24.1, 40.9, 18316.9, 14.5, 0, 0, 32, 579, 724, 43266, 2.3, 7744.1, 620.6
4, 126877, 25/11/2018 03:20:19, SANDBOX_GROUP, 22.4, 29.9, 16739.4, 5.1, 0, 0, 26, 628, 566, 37503, 2.4, 4583.7, 1972.2
4, 126878, 25/11/2018 03:40:10, SANDBOX_GROUP, 6.7, 10.7, 9372.9, 1.4, 0, 0, 4, 40, 42, 1815, 2.6, 312.6, 7016.3
4, 126879, 25/11/2018 04:00:26, SANDBOX_GROUP, 6.3, 11.3, 1944.8, 1.4, 0, 0, 21, 512, 724, 2346, 3.6, 4258.3, 8817.3
4, 126880, 25/11/2018 04:20:12, SANDBOX_GROUP, 5, 7.3, 687.4, 0.2, 0, 0, 21, 528, 520, 1827, 2.1, 3015.4, 6198.7
4, 126881, 25/11/2018 04:40:29, SANDBOX_GROUP, 2.7, 3.7, 628.6, 0.8, 1, 0, 19, 436, 522, 365, 0.2, 2484.8, 265.8
4, 126882, 25/11/2018 05:00:26, SANDBOX_GROUP, 4, 8.5, 1276.5, 4.1, 0, 0, 22, 484, 689, 942, 0.4, 10085.5, 273.4
4, 126883, 25/11/2018 05:20:06, SANDBOX_GROUP, 1.8, 2.9, 609.1, 0.8, 0, 0, 1, 32, 150, 440, 0.3, 41.9, 390.2
4, 126884, 25/11/2018 05:40:01, SANDBOX_GROUP, 0.9, 1.4, 336.4, 0.3, 0, 0, 1, 0, 7, 99, 0.2, 13.7, 249.8
4, 126885, 25/11/2018 06:00:03, SANDBOX_GROUP, 3.5, 3.6, 1617.2, 0, 0, 0, 1, 8, 318, 1807, 0.1, 793.6, 126.6
4, 126886, 25/11/2018 06:20:09, SANDBOX_GROUP, 7.7, 11.9, 11735.9, 3.4, 0, 0, 4, 120, 413, 2813, 0.8, 1962.5, 4302.7
4, 126887, 25/11/2018 06:40:17, SANDBOX_GROUP, 5.6, 7.1, 3545.8, 0.5, 0, 0, 35, 974, 1368, 1560, 1, 4804, 3525.9
4, 126918, 25/11/2018 17:00:18, SANDBOX_GROUP, 5.7, 10.3, 5545.1, 1.1, 0, 0, 24, 680, 716, 1112, 3.5, 4373.3, 4641.7
4, 126919, 25/11/2018 17:20:05, SANDBOX_GROUP, 2.8, 7.1, 2009.6, 2.9, 0, 0, 14, 400, 422, 329, 1.4, 3663, 2392.3
4, 126920, 25/11/2018 17:40:13, SANDBOX_GROUP, 0.9, 2.4, 216, 1.3, 0, 0, 8, 128, 249, 140, 0.2, 991.3, 1044
4, 126921, 25/11/2018 18:00:25, SANDBOX_GROUP, 15.8, 30.5, 36442.7, 11, 0, 0, 17, 379, 540, 12758, 3.7, 8988.8, 6882.3
4, 126922, 25/11/2018 18:20:01, SANDBOX_GROUP, 2.7, 6.6, 11764, 3.3, 0, 0, 16, 406, 360, 583, 0.6, 3144.4, 4979.2
4, 126923, 25/11/2018 18:40:08, SANDBOX_GROUP, 1.2, 1.7, 6556.5, 0.3, 0, 0, 24, 616, 604, 91, 0.2, 3226.4, 307.5
4, 126924, 25/11/2018 19:00:12, SANDBOX_GROUP, 1.8, 2.2, 4094.2, 0.2, 0, 0, 23, 632, 774, 166, 0.2, 4882, 364.3
4, 126926, 25/11/2018 19:40:04, SANDBOX_GROUP, 0.8, 1.1, 4897, 0.2, 0, 0, 17, 460, 517, 87, 0.1, 3184.9, 211.3
4, 126927, 25/11/2018 20:00:17, SANDBOX_GROUP, 0.9, 2.1, 8561.4, 1, 0, 0, 0, 0, 53, 80, 0.2, 517.4, 341.8
4, 126928, 25/11/2018 20:20:42, SANDBOX_GROUP, 0.7, 1.5, 3515.2, 0.7, 0, 0, 10, 272, 310, 37, 0.1, 2238.7, 293.6
4, 126929, 25/11/2018 20:40:05, SANDBOX_GROUP, 0.5, 1, 1976.4, 0.4, 0, 0, 21, 576, 609, 23, 0.1, 3688.8, 225
4, 126930, 25/11/2018 21:00:03, SANDBOX_GROUP, 0.8, 1.6, 756, 0.5, 0, 0, 27, 734, 748, 53, 0.3, 5106.9, 273.6
4, 126931, 25/11/2018 21:20:15, SANDBOX_GROUP, 0.3, 0.8, 85.3, 0.3, 0, 0, 11, 308, 359, 20, 0.2, 1763, 441.8
4, 126932, 25/11/2018 21:40:02, SANDBOX_GROUP, 0.4, 0.9, 57.9, 0.2, 0, 0, 6, 142, 183, 8, 0.3, 1840.9, 778.4
4, 126933, 25/11/2018 22:00:01, SANDBOX_GROUP, 0.7, 1.5, 59.5, 0.5, 0, 0, 22, 608, 697, 32, 0.3, 4568.4, 731.9
4, 126934, 25/11/2018 22:20:08, SANDBOX_GROUP, 0.8, 1.4, 150.5, 0.4, 0, 0, 26, 696, 779, 28, 0.2, 6003.4, 755.1
4, 126935, 25/11/2018 22:40:12, SANDBOX_GROUP, 0.8, 1.3, 133.1, 0.3, 0, 0, 23, 608, 668, 16, 0.2, 3796.7, 746.9
4, 126936, 25/11/2018 23:00:01, SANDBOX_GROUP, 3.4, 7.4, 548.4, 2.4, 0, 0, 50, 866, 1255, 705, 1.6, 4437.6, 1226.5
4, 126937, 25/11/2018 23:20:06, SANDBOX_GROUP, 1, 2.2, 189.6, 0.8, 0, 0, 1, 16, 17, 20, 0.4, 179.5, 976.1
4, 126938, 25/11/2018 23:40:13, SANDBOX_GROUP, 0.8, 1.5, 141.2, 0.5, 0, 0, 2, 64, 168, 70, 0.2, 1658.1, 653.2
4, 126867, 25/11/2018 00:00:02, SZB_SANDBOX_GROUP, 2.3, 2.8, 407.4, 0.3, 0, 0, 11, 448, 983, 533, 0.2, 3329.3, 231.8
4, 126868, 25/11/2018 00:20:06, SZB_SANDBOX_GROUP, 1, 1.5, 67.5, 0, 0, 0, 20, 1152, 1383, 305, 0.5, 111.7, 163.1
4, 126869, 25/11/2018 00:40:10, SZB_SANDBOX_GROUP, 0.5, 0.8, 232.3, 0.3, 0, 0, 5, 256, 483, 77, 0, 5.7, 42
4, 126870, 25/11/2018 01:00:04, SZB_SANDBOX_GROUP, 9, 13.3, 14658.6, 4, 0, 0, 6, 320, 866, 1213, 0.3, 3515.2, 204
4, 126871, 25/11/2018 01:20:17, SZB_SANDBOX_GROUP, 0.4, 0.5, 41.9, 0, 0, 0, 7, 329, 359, 88, 0.1, 60.8, 76.4
4, 126872, 25/11/2018 01:40:25, SZB_SANDBOX_GROUP, 0.2, 0.5, 48.7, 0.3, 0, 0, 2, 128, 195, 33, 0, 44.8, 39.9
4, 126873, 25/11/2018 02:00:01, SZB_SANDBOX_GROUP, 17.4, 20.6, 12825.1, 1.9, 0, 0, 4, 256, 2551, 4889, 1.3, 1854.7, 1917
4, 126874, 25/11/2018 02:20:09, SZB_SANDBOX_GROUP, 1.6, 2.2, 342.5, 0.3, 0, 0, 6, 236, 643, 261, 0.3, 72.8, 379.1
4, 126875, 25/11/2018 02:40:03, SZB_SANDBOX_GROUP, 0.8, 1, 177.4, 0.1, 0, 0, 3, 192, 817, 114, 0.1, 46.2, 199.3
4, 126876, 25/11/2018 03:00:15, SZB_SANDBOX_GROUP, 14.9, 19.3, 13294.5, 2.3, 0, 0, 4, 256, 1496, 11515, 2.1, 1687.5, 1559.6
4, 126877, 25/11/2018 03:20:19, SZB_SANDBOX_GROUP, 20.9, 26.9, 10422.6, 4.3, 0, 0, 3, 192, 2564, 15031, 1.7, 4263.5, 2452.6
4, 126878, 25/11/2018 03:40:10, SZB_SANDBOX_GROUP, 10, 10.6, 6511.6, 0, 0, 0, 2, 128, 2466, 2285, 0.6, 2899.8, 549.9
4, 126879, 25/11/2018 04:00:26, SZB_SANDBOX_GROUP, 18.6, 25.1, 11652.8, 5.3, 0, 0, 1, 64, 7414, 14002, 1.2, 8343.6, 1883.5
4, 126880, 25/11/2018 04:20:12, SZB_SANDBOX_GROUP, 8.5, 9.3, 5774.9, 0, 0, 0, 0, 0, 39004, 2170, 0.8, 7440, 1284.4
4, 126881, 25/11/2018 04:40:29, SZB_SANDBOX_GROUP, 10.2, 14.6, 6454.2, 2.5, 0, 0, 3, 192, 25512, 3723, 1.9, 1567, 3950
4, 126882, 25/11/2018 05:00:26, SZB_SANDBOX_GROUP, 24.2, 59.1, 15248.8, 26.8, 0, 0, 1, 64, 23915, 13748, 8.1, 16944.5, 3035.1
4, 126883, 25/11/2018 05:20:06, SZB_SANDBOX_GROUP, 31, 54.1, 21278.9, 18.3, 0, 0, 0, 0, 17975, 19274, 4.8, 4675.6, 7521.5
4, 126884, 25/11/2018 05:40:01, SZB_SANDBOX_GROUP, 20.2, 23.2, 15034.4, 2.4, 0, 0, 4, 176, 13295, 11460, 0.6, 930.1, 1138
4, 126885, 25/11/2018 06:00:03, SZB_SANDBOX_GROUP, 15, 16.1, 19547.7, 0.6, 0, 0, 8, 448, 7272, 4110, 0.5, 2090.4, 725.6
4, 126886, 25/11/2018 06:20:09, SZB_SANDBOX_GROUP, 6, 8.2, 10144.2, 2, 0, 0, 6, 384, 674, 924, 0.2, 677, 255.7
4, 126887, 25/11/2018 06:40:17, SZB_SANDBOX_GROUP, 3.2, 6.3, 7217.4, 2.3, 0, 0, 6, 384, 559, 399, 0.8, 90.4, 1762.9
4, 126918, 25/11/2018 17:00:18, SZB_SANDBOX_GROUP, 9.8, 10.1, 7883.5, 0, 0, 0, 11, 640, 1638, 1687, 0.3, 789.8, 285.6
4, 126919, 25/11/2018 17:20:05, SZB_SANDBOX_GROUP, 2.4, 3.8, 294.3, 1, 0, 0, 29, 1440, 1933, 503, 0.4, 119.6, 616.3
4, 126920, 25/11/2018 17:40:13, SZB_SANDBOX_GROUP, 1.3, 3.9, 397.4, 2.5, 0, 0, 18, 736, 868, 112, 0.1, 40.2, 163.6
4, 126921, 25/11/2018 18:00:25, SZB_SANDBOX_GROUP, 2, 2.3, 134.1, 0, 0, 0, 22, 1184, 2077, 305, 0.3, 2691.1, 164.2
4, 126922, 25/11/2018 18:20:01, SZB_SANDBOX_GROUP, 1.1, 1.2, 257.1, 0, 0, 0, 9, 480, 686, 81, 0.1, 42.7, 215.8
4, 126923, 25/11/2018 18:40:08, SZB_SANDBOX_GROUP, 4, 4.4, 795.3, 0, 0, 0, 51, 3104, 4699, 864, 0.4, 285.4, 494.5
4, 126924, 25/11/2018 19:00:12, SZB_SANDBOX_GROUP, 1.5, 1.6, 65.1, 0, 0, 0, 15, 576, 1360, 242, 0.1, 1801.6, 124.6
4, 126926, 25/11/2018 19:40:04, SZB_SANDBOX_GROUP, 4.4, 4.7, 2503.3, 0, 0, 0, 55, 2752, 4030, 481, 0.3, 293.7, 345
4, 126927, 25/11/2018 20:00:17, SZB_SANDBOX_GROUP, 14.1, 18.8, 9629, 3.4, 0, 0, 28, 1600, 2517, 5070, 1.3, 9658.3, 1353.6
4, 126928, 25/11/2018 20:20:42, SZB_SANDBOX_GROUP, 1.9, 2.5, 764.4, 0.3, 0, 0, 11, 608, 923, 630, 0.3, 91, 630.8
4, 126929, 25/11/2018 20:40:05, SZB_SANDBOX_GROUP, 1.8, 3.7, 627.4, 1.7, 0, 0, 17, 896, 1039, 241, 0.2, 65.2, 405.3
4, 126930, 25/11/2018 21:00:03, SZB_SANDBOX_GROUP, 16.1, 16.7, 6619.3, 0, 0, 0, 113, 6544, 8469, 2435, 0.6, 2608.4, 408.2
4, 126931, 25/11/2018 21:20:15, SZB_SANDBOX_GROUP, 10.6, 10.9, 5087.4, 0, 0, 0, 75, 4176, 5913, 745, 0.3, 2228.5, 597.6
4, 126932, 25/11/2018 21:40:02, SZB_SANDBOX_GROUP, 2.7, 2.9, 332.2, 0, 0, 0, 45, 2223, 2840, 328, 0.2, 281.7, 504.4
4, 126933, 25/11/2018 22:00:01, SZB_SANDBOX_GROUP, 3.9, 4.3, 632.7, 0, 0, 0, 28, 1632, 2809, 712, 0.4, 1039.3, 382
4, 126934, 25/11/2018 22:20:08, SZB_SANDBOX_GROUP, 1.8, 1.9, 198.4, 0, 0, 0, 15, 847, 1009, 163, 0.1, 66.1, 66.7
4, 126935, 25/11/2018 22:40:12, SZB_SANDBOX_GROUP, 2, 2.2, 243.8, 0, 0, 0, 34, 1615, 2002, 274, 0.2, 234.6, 212.9
4, 126936, 25/11/2018 23:00:01, SZB_SANDBOX_GROUP, 2, 2.3, 294.3, 0.2, 0, 0, 7, 367, 1132, 370, 0.1, 690.9, 102.8
4, 126937, 25/11/2018 23:20:06, SZB_SANDBOX_GROUP, 11.3, 13.1, 1289.7, 1.7, 0, 0, 1, 32, 242, 1275, 0.1, 127.2, 266.5
4, 126938, 25/11/2018 23:40:13, SZB_SANDBOX_GROUP, 4.3, 4.4, 1832.2, 0, 0, 0, 27, 927, 1351, 749, 0.1, 459.3, 332
