INSTANCE_NUMBER, SNAP_ID, T_BEG, USR_GROUP, CPU, DBTIME, PGA, OTH_WAIT, PXENQ, PXQTIME, PXQRY, PXREL, REQS, YIELDS, IOWAIT, READ, WRITE
1, 128307, 15/12/2018 00:00:06, ADW_UNLOAD_GROUP, 0.8, 0.9, 0, 0, 0, 0, 18, 128, 272, 106, 0.1, 187.3, 75.1
1, 128308, 15/12/2018 00:20:02, ADW_UNLOAD_GROUP, 0.7, 0.8, 0, 0, 0, 0, 12, 92, 483, 117, 0.1, 107.4, 60.9
1, 128309, 15/12/2018 00:40:07, ADW_UNLOAD_GROUP, 0.7, 0.8, 0.1, 0, 0, 0, 9, 72, 768, 185, 0.1, 52, 53.5
1, 128310, 15/12/2018 01:00:14, ADW_UNLOAD_GROUP, 0.1, 0.1, 0, 0, 0, 0, 7, 40, 424, 24, 0, 85.9, 8
1, 128311, 15/12/2018 01:20:07, ADW_UNLOAD_GROUP, 0, 0, 0, 0, 0, 0, 0, 0, 331, 0, 0, 0, 0
1, 128312, 15/12/2018 01:40:20, ADW_UNLOAD_GROUP, 0, 0, 0, 0, 0, 0, 0, 0, 656, 0, 0, 0, 0
1, 128313, 15/12/2018 02:00:06, ADW_UNLOAD_GROUP, 0, 0, 0, 0, 0, 0, 0, 0, 758, 0, 0, 0, 0
1, 128314, 15/12/2018 02:20:19, ADW_UNLOAD_GROUP, 0, 0, 0, 0, 0, 0, 0, 0, 561, 1, 0, 0, 0
1, 128315, 15/12/2018 02:40:16, ADW_UNLOAD_GROUP, 0, 0, 0, 0, 0, 0, 0, 0, 747, 0, 0, 0, 0
1, 128316, 15/12/2018 03:00:27, ADW_UNLOAD_GROUP, 0, 0, 0, 0, 0, 0, 0, 0, 819, 0, 0, 0, 0
1, 128317, 15/12/2018 03:20:49, ADW_UNLOAD_GROUP, 0, 0, 0, 0, 0, 0, 0, 0, 559, 0, 0, 0, 0
1, 128318, 15/12/2018 03:40:21, ADW_UNLOAD_GROUP, 0, 0, 0.1, 0, 0, 0, 0, 0, 589, 1, 0, 0, 0
1, 128319, 15/12/2018 04:00:32, ADW_UNLOAD_GROUP, 0, 0, 0.1, 0, 0, 0, 0, 0, 537, 0, 0, 0, 0
1, 128320, 15/12/2018 04:20:02, ADW_UNLOAD_GROUP, 0, 0, 0, 0, 0, 0, 0, 0, 546, 1, 0, 0, 0
1, 128321, 15/12/2018 04:40:01, ADW_UNLOAD_GROUP, 0, 0, 0, 0, 0, 0, 0, 0, 449, 0, 0, 0, 0
1, 128322, 15/12/2018 05:00:06, ADW_UNLOAD_GROUP, 0, 0, 0, 0, 0, 0, 0, 0, 551, 0, 0, 0, 0
1, 128323, 15/12/2018 05:20:03, ADW_UNLOAD_GROUP, 0, 0, 0, 0, 0, 0, 0, 0, 587, 0, 0, 0, 0
1, 128324, 15/12/2018 05:40:14, ADW_UNLOAD_GROUP, 0, 0, 0, 0, 0, 0, 0, 0, 660, 0, 0, 0, 0
1, 128325, 15/12/2018 06:00:17, ADW_UNLOAD_GROUP, 0, 0, 0.1, 0, 0, 0, 0, 0, 5921, 4, 0, 0, 0.4
1, 128326, 15/12/2018 09:26:53, ADW_UNLOAD_GROUP, 0, 0, 0, 0, 0, 0, 0, 0, 407, 1, 0, 0, 0
1, 128327, 15/12/2018 09:42:00, ADW_UNLOAD_GROUP, 0.2, 0.3, 0, 0, 0, 0, 0, 0, 351, 47, 0.1, 1, 119.2
1, 128328, 15/12/2018 10:00:02, ADW_UNLOAD_GROUP, 0.3, 1.1, 0, 0, 0, 0, 0, 0, 314, 84, 0.8, 7.3, 931.1
1, 128329, 15/12/2018 10:20:05, ADW_UNLOAD_GROUP, 0.4, 1.3, 0, 0, 0, 0, 0, 0, 254, 76, 0.9, 9.6, 1231.6
1, 128330, 15/12/2018 10:40:26, ADW_UNLOAD_GROUP, 0.1, 0.3, 0, 0, 0, 0, 1, 8, 464, 7, 0.2, 2, 256
1, 128331, 15/12/2018 11:00:04, ADW_UNLOAD_GROUP, 0, 0, 0, 0, 0, 0, 0, 0, 460, 0, 0, 0, 0.2
1, 128332, 15/12/2018 11:20:32, ADW_UNLOAD_GROUP, 0.1, 0.2, 0, 0, 0, 0, 1, 8, 383, 15, 0.1, 1.7, 216.9
1, 128333, 15/12/2018 11:40:33, ADW_UNLOAD_GROUP, 0.5, 1.5, 0, 0, 0, 0, 0, 0, 258, 53, 1, 13.7, 1746.9
1, 128334, 15/12/2018 12:00:09, ADW_UNLOAD_GROUP, 1.7, 8.5, 4074, 6.4, 0, 0, 185, 1940, 39015, 126424, 0.4, 304.9, 688.4
1, 128307, 15/12/2018 00:00:06, FP_DM_PRIOR, 3, 7, 786.6, 1.8, 0, 0, 2, 64, 73, 1292, 2.2, 201.5, 8772.7
1, 128308, 15/12/2018 00:20:02, FP_DM_PRIOR, 1.7, 7.8, 1232.1, 4.9, 0, 0, 5, 80, 80, 654, 1.2, 122.2, 4712.9
1, 128309, 15/12/2018 00:40:07, FP_DM_PRIOR, 6.6, 18.5, 1929.1, 9, 1, 0, 96, 2248, 2015, 4405, 2.9, 1224.7, 9156.5
1, 128310, 15/12/2018 01:00:14, FP_DM_PRIOR, 6, 16, 2049.6, 5.3, 0, 0, 1, 32, 5, 3960, 4.7, 455.2, 13350.6
1, 128311, 15/12/2018 01:20:07, FP_DM_PRIOR, 3.3, 7.3, 727, 1.3, 0, 0, 10, 129, 148, 1929, 2.7, 331.8, 11576.3
1, 128312, 15/12/2018 01:40:20, FP_DM_PRIOR, 2.7, 6.4, 786.9, 1.5, 0, 0, 1, 16, 16, 1317, 2.2, 292, 12913.9
1, 128313, 15/12/2018 02:00:06, FP_DM_PRIOR, 2.5, 6.6, 822.3, 1.8, 0, 0, 5, 80, 64, 1104, 2.3, 253, 11623.4
1, 128314, 15/12/2018 02:20:19, FP_DM_PRIOR, 2.4, 6.3, 579.8, 2.7, 0, 0, 1, 16, 0, 965, 1.2, 297.9, 14091.5
1, 128315, 15/12/2018 02:40:16, FP_DM_PRIOR, 5, 7.9, 457.2, 1.1, 0, 0, 108, 2735, 3033, 2849, 1.8, 1638.7, 6871.6
1, 128316, 15/12/2018 03:00:27, FP_DM_PRIOR, 4.6, 12.3, 2023.4, 3.6, 0, 0, 6, 112, 22, 1354, 4.1, 220.5, 8797.9
1, 128317, 15/12/2018 03:20:49, FP_DM_PRIOR, 1.5, 1.8, 1476.4, 0, 0, 0, 9, 149, 137, 233, 0.3, 55.1, 304.6
1, 128318, 15/12/2018 03:40:21, FP_DM_PRIOR, 1.3, 1.4, 1692.7, 0, 0, 0, 3, 96, 96, 424, 0.1, 29.7, 11.7
1, 128319, 15/12/2018 04:00:32, FP_DM_PRIOR, 0.6, 0.6, 322.5, 0, 0, 0, 1, 32, 46, 149, 0, 10, 35
1, 128320, 15/12/2018 04:20:02, FP_DM_PRIOR, 0.3, 0.4, 73.3, 0.1, 0, 0, 1, 32, 22, 25, 0, 3.7, 54.1
1, 128321, 15/12/2018 04:40:01, FP_DM_PRIOR, 0.5, 0.5, 91.2, 0, 0, 0, 0, 0, 0, 43, 0, 1.4, 107.8
1, 128322, 15/12/2018 05:00:06, FP_DM_PRIOR, 0.4, 0.6, 101.3, 0.2, 0, 0, 0, 0, 0, 42, 0, 1.7, 104.2
1, 128323, 15/12/2018 05:20:03, FP_DM_PRIOR, 0.5, 0.6, 102.7, 0.1, 0, 0, 1, 16, 16, 48, 0, 2.8, 52.8
1, 128324, 15/12/2018 05:40:14, FP_DM_PRIOR, 0.6, 0.6, 94, 0, 0, 0, 1, 16, 9, 44, 0, 2.4, 9.4
1, 128325, 15/12/2018 06:00:17, FP_DM_PRIOR, 2.9, 4.7, 736.7, 1.1, 1, 0, 362, 8713, 9613, 13347, 0.7, 552.5, 1419.8
1, 128326, 15/12/2018 09:26:53, FP_DM_PRIOR, 2.5, 2.9, 1105, 0.4, 0, 0, 1, 16, 16, 414, 0, 70.6, 4.8
1, 128327, 15/12/2018 09:42:00, FP_DM_PRIOR, 4.7, 5.3, 1053.7, 0.3, 2, 0, 24, 616, 770, 2288, 0.3, 400.5, 343.3
1, 128328, 15/12/2018 10:00:02, FP_DM_PRIOR, 1.5, 1.8, 3.2, 0, 1, 0, 31, 904, 969, 564, 0.3, 463.5, 428.5
1, 128329, 15/12/2018 10:20:05, FP_DM_PRIOR, 0.2, 4.3, 962.2, 4.1, 0, 0, 0, 0, 4, 27, 0, 0, 3.6
1, 128330, 15/12/2018 10:40:26, FP_DM_PRIOR, 4.4, 4.9, 79.6, 0, 0, 0, 94, 2256, 2290, 2779, 0.5, 916.5, 1203
1, 128331, 15/12/2018 11:00:04, FP_DM_PRIOR, 0.1, 3.1, 529.4, 2.9, 0, 0, 0, 0, 4, 26, 0.1, 4.2, 537.8
1, 128332, 15/12/2018 11:20:32, FP_DM_PRIOR, 4.2, 4.7, 1068.6, 0, 0, 0, 58, 1520, 1527, 2175, 0.5, 1194.9, 1720.1
1, 128333, 15/12/2018 11:40:33, FP_DM_PRIOR, 2.3, 3.5, 725.4, 1, 0, 0, 7, 104, 102, 506, 0.2, 218.8, 1276.7
1, 128334, 15/12/2018 12:00:09, FP_DM_PRIOR, 4.2, 21.4, 10826.9, 16.7, 1, 0, 2326, 57653, 61312, 163800, 0.5, 703.3, 2601.7
1, 128308, 15/12/2018 00:20:02, HDP_UNLOAD_GROUP, 4.6, 15.4, 802, 8, 0, 0, 41, 420, 980, 5620, 2.8, 2374.7, 1299.6
1, 128309, 15/12/2018 00:40:07, HDP_UNLOAD_GROUP, 11.6, 31, 1901.4, 8.7, 2, 0, 125, 1144, 2028, 10924, 10.7, 1202.1, 4841.6
1, 128310, 15/12/2018 01:00:14, HDP_UNLOAD_GROUP, 11.2, 30.4, 2328.5, 6.8, 4, 0, 80, 784, 1412, 7688, 12.4, 817.7, 2687.9
1, 128311, 15/12/2018 01:20:07, HDP_UNLOAD_GROUP, 10.4, 28.2, 2007.6, 4.8, 0, 0, 27, 248, 408, 6155, 13, 834.8, 3498.3
1, 128312, 15/12/2018 01:40:20, HDP_UNLOAD_GROUP, 7.5, 18.4, 1047.5, 0, 0, 0, 41, 352, 613, 3212, 10.9, 827.7, 3100.2
1, 128313, 15/12/2018 02:00:06, HDP_UNLOAD_GROUP, 4.4, 8.3, 467.6, 0.4, 0, 0, 89, 752, 1362, 1651, 3.5, 492.6, 753.1
1, 128314, 15/12/2018 02:20:19, HDP_UNLOAD_GROUP, 3.1, 3.6, 219.3, 0.4, 0, 0, 31, 260, 510, 851, 0.1, 330.1, 1064.6
1, 128315, 15/12/2018 02:40:16, HDP_UNLOAD_GROUP, 0.8, 0.8, 67.8, 0, 0, 0, 22, 280, 404, 136, 0, 153.8, 6.7
1, 128316, 15/12/2018 03:00:27, HDP_UNLOAD_GROUP, 0, 0, 0.5, 0, 0, 0, 0, 0, 0, 0, 0, 0, 0
1, 128334, 15/12/2018 12:00:09, HDP_UNLOAD_GROUP, 0.8, 4.5, 276.5, 3.4, 0, 0, 539, 4960, 9049, 32167, 0.3, 124.2, 131.7
1, 128309, 15/12/2018 00:40:07, ODS_SUPPORT_GROUP, 0, 0, 0, 0, 0, 0, 0, 0, 8, 0, 0, 0, 0
1, 128311, 15/12/2018 01:20:07, ODS_SUPPORT_GROUP, 0, 0, 0.8, 0, 0, 0, 0, 0, 8, 0, 0, 0, 0
1, 128316, 15/12/2018 03:00:27, ODS_SUPPORT_GROUP, 0, 0, 1.3, 0, 0, 0, 0, 0, 9, 0, 0, 0, 0
1, 128318, 15/12/2018 03:40:21, ODS_SUPPORT_GROUP, 0, 0, 0.1, 0, 0, 0, 0, 0, 7, 0, 0, 0, 0
1, 128319, 15/12/2018 04:00:32, ODS_SUPPORT_GROUP, 0, 0, 0.4, 0, 0, 0, 0, 0, 8, 0, 0, 0, 0
1, 128320, 15/12/2018 04:20:02, ODS_SUPPORT_GROUP, 0, 0, 0, 0, 0, 0, 0, 0, 7, 0, 0, 0, 0
1, 128321, 15/12/2018 04:40:01, ODS_SUPPORT_GROUP, 0, 0, 0.1, 0, 0, 0, 0, 0, 9, 0, 0, 0, 0
1, 128322, 15/12/2018 05:00:06, ODS_SUPPORT_GROUP, 0, 0, 0.4, 0, 0, 0, 0, 0, 6, 0, 0, 0, 0
1, 128323, 15/12/2018 05:20:03, ODS_SUPPORT_GROUP, 0, 0, 0.8, 0, 0, 0, 0, 0, 10, 2, 0, 0, 0
1, 128324, 15/12/2018 05:40:14, ODS_SUPPORT_GROUP, 0, 0, 0.1, 0, 0, 0, 0, 0, 10, 0, 0, 0, 0
1, 128325, 15/12/2018 06:00:17, ODS_SUPPORT_GROUP, 0, 0, 0.6, 0, 0, 0, 0, 0, 76, 7, 0, 0, 0
1, 128327, 15/12/2018 09:42:00, ODS_SUPPORT_GROUP, 0, 0, 0, 0, 0, 0, 0, 0, 5, 0, 0, 0, 0
1, 128331, 15/12/2018 11:00:04, ODS_SUPPORT_GROUP, 0, 0, 0.1, 0, 0, 0, 0, 0, 8, 1, 0, 0, 0
1, 128334, 15/12/2018 12:00:09, ODS_SUPPORT_GROUP, 0.2, 0.6, 86.7, 0.4, 0, 0, 8, 192, 636, 1900, 0, 82.1, 0.1
1, 128307, 15/12/2018 00:00:06, OTHER_GROUPS, 16.8, 43, 12390.1, 21.1, 0, 0, 0, 0, 722, 18172, 5.1, 405.4, 6498
1, 128308, 15/12/2018 00:20:02, OTHER_GROUPS, 15.3, 49.3, 12465.4, 27.2, 0, 0, 1, 64, 650, 14413, 6.8, 178.5, 5840.3
1, 128309, 15/12/2018 00:40:07, OTHER_GROUPS, 12.1, 46.3, 7816.3, 32.3, 0, 0, 0, 0, 704, 8910, 1.9, 49.2, 2369.3
1, 128310, 15/12/2018 01:00:14, OTHER_GROUPS, 16.4, 52.1, 7893.6, 30, 0, 0, 1, 22, 1524, 14329, 5.7, 172.9, 4257.7
1, 128311, 15/12/2018 01:20:07, OTHER_GROUPS, 13, 42.5, 7667.4, 27.3, 0, 0, 1, 24, 962, 12755, 2.2, 115.4, 3177.8
1, 128312, 15/12/2018 01:40:20, OTHER_GROUPS, 12, 22.6, 6509.7, 8.8, 0, 0, 0, 0, 1449, 10071, 1.8, 63, 3107.8
1, 128313, 15/12/2018 02:00:06, OTHER_GROUPS, 12.3, 22.8, 9064, 8, 0, 0, 0, 0, 1578, 10145, 2.5, 79.1, 2364.9
1, 128314, 15/12/2018 02:20:19, OTHER_GROUPS, 7.9, 13.1, 6136.2, 4.4, 0, 0, 0, 0, 1320, 5611, 0.8, 61.4, 1572.6
1, 128315, 15/12/2018 02:40:16, OTHER_GROUPS, 4, 9, 7124, 4.5, 0, 0, 0, 0, 658, 1400, 0.5, 32.7, 1105.7
1, 128316, 15/12/2018 03:00:27, OTHER_GROUPS, 4.5, 34.9, 13151.2, 27.8, 0, 0, 0, 0, 633, 2045, 2.6, 48, 2250.4
1, 128317, 15/12/2018 03:20:49, OTHER_GROUPS, 6.2, 27.3, 7068.5, 10.6, 0, 0, 0, 0, 631, 3127, 10.5, 65.8, 3368.7
1, 128318, 15/12/2018 03:40:21, OTHER_GROUPS, 10.6, 24.7, 6678.1, 11.1, 0, 0, 0, 0, 629, 8099, 3, 86.2, 5162.7
1, 128319, 15/12/2018 04:00:32, OTHER_GROUPS, 11.7, 37, 34508.8, 22.1, 0, 0, 0, 0, 634, 8904, 3.2, 91.7, 5116.4
1, 128320, 15/12/2018 04:20:02, OTHER_GROUPS, 13, 27, 24358.6, 11.3, 0, 0, 0, 0, 619, 9088, 2.7, 601.3, 4433.6
1, 128321, 15/12/2018 04:40:01, OTHER_GROUPS, 12.6, 28.1, 26307.2, 13.1, 0, 0, 0, 0, 636, 8242, 2.4, 640.2, 3734.8
1, 128322, 15/12/2018 05:00:06, OTHER_GROUPS, 10.2, 26.6, 8316.9, 13.7, 0, 0, 0, 0, 643, 6792, 2.7, 353, 3810.1
1, 128323, 15/12/2018 05:20:03, OTHER_GROUPS, 10.6, 25.4, 7389.8, 12.5, 0, 0, 0, 0, 593, 8377, 2.3, 84, 5169.9
1, 128324, 15/12/2018 05:40:14, OTHER_GROUPS, 8.1, 43.8, 11515.4, 33.9, 0, 0, 0, 0, 595, 5859, 1.8, 64.2, 3465.3
1, 128325, 15/12/2018 06:00:17, OTHER_GROUPS, 21.7, 68.5, 8358.4, 38.2, 0, 0, 7, 157, 7724, 278420, 8.6, 758.2, 10270.3
1, 128326, 15/12/2018 09:26:53, OTHER_GROUPS, 28, 69.2, 8498.5, 26.3, 0, 0, 1, 16, 487, 30987, 14.9, 196.8, 14840.7
1, 128327, 15/12/2018 09:42:00, OTHER_GROUPS, 26.7, 82.7, 8573.4, 40.8, 0, 0, 0, 0, 624, 32041, 15.2, 198.6, 15679.1
1, 128328, 15/12/2018 10:00:02, OTHER_GROUPS, 21.5, 67.5, 8408.2, 32.4, 0, 0, 0, 0, 1177, 28420, 13.6, 168.2, 12939.8
1, 128329, 15/12/2018 10:20:05, OTHER_GROUPS, 25.1, 42.9, 7699.8, 3.2, 0, 0, 1, 32, 716, 29194, 14.6, 344.9, 14181.3
1, 128330, 15/12/2018 10:40:26, OTHER_GROUPS, 13.4, 43.3, 7673.3, 12.8, 0, 0, 0, 0, 605, 12469, 17.1, 767, 11783.8
1, 128331, 15/12/2018 11:00:04, OTHER_GROUPS, 8.4, 31, 7541.6, 9.3, 0, 0, 0, 0, 677, 7720, 13.3, 91.8, 8637.2
1, 128332, 15/12/2018 11:20:32, OTHER_GROUPS, 11.2, 29.9, 7354.7, 14.2, 0, 0, 0, 0, 572, 12310, 4.5, 84.3, 6067.3
1, 128333, 15/12/2018 11:40:33, OTHER_GROUPS, 11.3, 31.7, 7917.5, 17.2, 0, 0, 0, 0, 569, 12185, 3.2, 80.9, 5858.6
1, 128334, 15/12/2018 12:00:09, OTHER_GROUPS, 7.9, 21.9, 3431.1, 10.5, 0, 0, 100, 2318, 68933, 391965, 3.5, 254.7, 4600.8
2, 128307, 15/12/2018 00:00:06, ADW_UNLOAD_GROUP, 1.2, 1.8, 190.5, 0, 0, 0, 0, 0, 736, 89, 0.6, 8.4, 869.5
2, 128308, 15/12/2018 00:20:02, ADW_UNLOAD_GROUP, 1, 1.7, 198.2, 0, 0, 0, 0, 0, 491, 87, 0.7, 5.7, 586.3
2, 128309, 15/12/2018 00:40:07, ADW_UNLOAD_GROUP, 1, 1.6, 186.1, 0, 0, 0, 0, 0, 198, 154, 0.6, 5.7, 620
2, 128310, 15/12/2018 01:00:14, ADW_UNLOAD_GROUP, 1.1, 1.7, 186.6, 0, 0, 0, 0, 0, 490, 130, 0.6, 7.9, 891
2, 128311, 15/12/2018 01:20:07, ADW_UNLOAD_GROUP, 1, 1.7, 185.7, 0.2, 0, 0, 0, 0, 548, 147, 0.5, 7.9, 841.8
2, 128312, 15/12/2018 01:40:20, ADW_UNLOAD_GROUP, 1.1, 1.7, 182.4, 0, 0, 0, 0, 0, 227, 265, 0.6, 8, 888.8
2, 128313, 15/12/2018 02:00:06, ADW_UNLOAD_GROUP, 1.1, 1.7, 174.8, 0, 0, 0, 0, 0, 145, 218, 0.6, 8.3, 921.5
2, 128314, 15/12/2018 02:20:19, ADW_UNLOAD_GROUP, 1.1, 1.7, 185.3, 0, 0, 0, 0, 0, 317, 63, 0.6, 9.3, 991.6
2, 128315, 15/12/2018 02:40:16, ADW_UNLOAD_GROUP, 1.1, 1.7, 185.4, 0, 0, 0, 0, 0, 155, 96, 0.6, 8, 881.6
2, 128316, 15/12/2018 03:00:27, ADW_UNLOAD_GROUP, 1.1, 2.8, 317.5, 1.1, 0, 0, 0, 0, 85, 98, 0.6, 8.8, 964.7
2, 128317, 15/12/2018 03:20:46, ADW_UNLOAD_GROUP, 1, 1.6, 171.2, 0, 0, 0, 0, 0, 295, 40, 0.6, 9.6, 1040.2
2, 128318, 15/12/2018 03:40:15, ADW_UNLOAD_GROUP, 0.7, 1.3, 160, 0, 0, 0, 0, 0, 324, 24, 0.6, 8.9, 1032.4
2, 128319, 15/12/2018 04:00:32, ADW_UNLOAD_GROUP, 0.6, 1.3, 190.1, 0.1, 0, 0, 0, 0, 338, 16, 0.6, 9.5, 1114.3
2, 128320, 15/12/2018 04:20:03, ADW_UNLOAD_GROUP, 0.5, 1, 145.2, 0, 0, 0, 1, 32, 331, 5, 0.5, 8.8, 1061.2
2, 128321, 15/12/2018 04:40:01, ADW_UNLOAD_GROUP, 0.2, 0.8, 154.1, 0.1, 0, 0, 0, 0, 440, 1, 0.5, 10.1, 1296
2, 128322, 15/12/2018 05:00:04, ADW_UNLOAD_GROUP, 0.2, 0.7, 148.4, 0.1, 0, 0, 0, 0, 350, 0, 0.4, 10, 1284.5
2, 128323, 15/12/2018 05:20:02, ADW_UNLOAD_GROUP, 0.2, 0.8, 159.5, 0.2, 0, 0, 0, 0, 297, 0, 0.4, 11.9, 1520
2, 128324, 15/12/2018 05:40:15, ADW_UNLOAD_GROUP, 0.2, 0.9, 191.9, 0.4, 0, 0, 0, 0, 228, 0, 0.3, 10.9, 1398.5
2, 128325, 15/12/2018 06:00:17, ADW_UNLOAD_GROUP, 0.2, 0.8, 164.3, 0, 0, 0, 0, 0, 3332, 8, 0.6, 7.7, 980.7
2, 128326, 15/12/2018 09:26:53, ADW_UNLOAD_GROUP, 0.2, 0.9, 186.2, 0, 0, 0, 0, 0, 276, 0, 0.7, 7, 895.1
2, 128327, 15/12/2018 09:42:00, ADW_UNLOAD_GROUP, 0.2, 0.8, 164, 0, 0, 0, 0, 0, 453, 0, 0.6, 7, 900.4
2, 128328, 15/12/2018 10:00:01, ADW_UNLOAD_GROUP, 0.2, 0.8, 170, 0, 0, 0, 0, 0, 667, 1, 0.6, 6.4, 812.3
2, 128329, 15/12/2018 10:20:05, ADW_UNLOAD_GROUP, 0.3, 0.9, 162.9, 0, 0, 0, 0, 0, 730, 4, 0.6, 7.7, 979.1
2, 128330, 15/12/2018 10:40:26, ADW_UNLOAD_GROUP, 0.3, 0.9, 177.4, 0, 0, 0, 0, 0, 466, 0, 0.6, 9.6, 1222.5
2, 128331, 15/12/2018 11:00:04, ADW_UNLOAD_GROUP, 0.3, 0.9, 166.4, 0, 0, 0, 0, 0, 512, 0, 0.6, 8.2, 1053.4
2, 128332, 15/12/2018 11:20:32, ADW_UNLOAD_GROUP, 0.2, 0.8, 177.9, 0, 0, 0, 0, 0, 505, 0, 0.6, 8.5, 1086.7
2, 128333, 15/12/2018 11:40:33, ADW_UNLOAD_GROUP, 0.3, 0.9, 170.6, 0, 0, 0, 1, 16, 712, 5, 0.6, 8.7, 1091.7
2, 128334, 15/12/2018 12:00:09, ADW_UNLOAD_GROUP, 2.5, 17, 19223.3, 14.2, 0, 0, 252, 7088, 50860, 103231, 0.3, 539.5, 428.2
2, 128307, 15/12/2018 00:00:06, FP_DM_PRIOR, 4, 9.1, 1426.6, 3.4, 0, 0, 0, 0, 125, 1564, 1.7, 129.6, 4847.3
2, 128308, 15/12/2018 00:20:02, FP_DM_PRIOR, 2.4, 7.4, 922.8, 2.6, 0, 0, 1, 4, 0, 622, 2.4, 91.8, 7392.4
2, 128309, 15/12/2018 00:40:07, FP_DM_PRIOR, 9.4, 21.7, 2329.4, 7, 0, 0, 31, 832, 805, 6850, 5.3, 634.4, 8994
2, 128310, 15/12/2018 01:00:14, FP_DM_PRIOR, 5, 9.5, 1249.7, 3.1, 0, 0, 16, 136, 108, 1454, 1.4, 402, 1161.4
2, 128311, 15/12/2018 01:20:07, FP_DM_PRIOR, 3.2, 6.1, 844.2, 2.8, 0, 0, 4, 112, 148, 871, 0.1, 71.3, 149.8
2, 128312, 15/12/2018 01:40:20, FP_DM_PRIOR, 1.2, 1.3, 331.1, 0, 0, 0, 2, 64, 64, 223, 0.1, 15.3, 112.5
2, 128313, 15/12/2018 02:00:06, FP_DM_PRIOR, 1, 1.1, 120.2, 0, 0, 0, 1, 32, 30, 104, 0.1, 23.4, 135.8
2, 128314, 15/12/2018 02:20:19, FP_DM_PRIOR, 1.2, 1.3, 161.9, 0, 0, 0, 0, 0, 0, 52, 0.1, 51.6, 146
2, 128315, 15/12/2018 02:40:16, FP_DM_PRIOR, 6.6, 8.7, 1818.7, 1.3, 0, 0, 26, 331, 605, 3881, 0.8, 570.3, 1462.1
2, 128316, 15/12/2018 03:00:27, FP_DM_PRIOR, 6.3, 10.9, 2830.8, 3.6, 0, 0, 8, 168, 180, 2509, 1, 758.7, 1428.9
2, 128317, 15/12/2018 03:20:46, FP_DM_PRIOR, 1.3, 1.3, 33.4, 0, 0, 0, 1, 16, 60, 314, 0, 44, 28.9
2, 128318, 15/12/2018 03:40:15, FP_DM_PRIOR, 0.1, 0.2, 49.8, 0.1, 0, 0, 1, 2, 47, 1, 0, 3, 2.6
2, 128319, 15/12/2018 04:00:32, FP_DM_PRIOR, 0.2, 0.4, 160.9, 0.2, 0, 0, 1, 9, 140, 12, 0, 6.6, 26.7
2, 128320, 15/12/2018 04:20:03, FP_DM_PRIOR, 0.1, 0.1, 294.5, 0, 0, 0, 2, 6, 2, 2, 0, 3.2, 4.7
2, 128321, 15/12/2018 04:40:01, FP_DM_PRIOR, 0.1, 0.1, 133.9, 0, 0, 0, 2, 4, 2, 0, 0, 1.4, 1.7
2, 128322, 15/12/2018 05:00:04, FP_DM_PRIOR, 0, 0, 264.9, 0, 0, 0, 1, 2, 0, 0, 0, 0.1, 0.2
2, 128323, 15/12/2018 05:20:02, FP_DM_PRIOR, 0, 0, 1.7, 0, 0, 0, 0, 0, 0, 0, 0, 0, 0
2, 128324, 15/12/2018 05:40:15, FP_DM_PRIOR, 0, 0, 614, 0, 0, 0, 0, 0, 0, 0, 0, 0, 0
2, 128325, 15/12/2018 06:00:17, FP_DM_PRIOR, 2.9, 4.6, 1056.8, 1.3, 0, 0, 214, 5284, 6094, 10710, 0.4, 552.4, 1212.6
2, 128326, 15/12/2018 09:26:53, FP_DM_PRIOR, 0.3, 0.7, 382.3, 0.3, 0, 0, 0, 0, 4, 33, 0.1, 21.1, 684.7
2, 128327, 15/12/2018 09:42:00, FP_DM_PRIOR, 2.6, 11.1, 1712.7, 8.2, 0, 0, 72, 1672, 1672, 871, 0.3, 1164.8, 1309.3
2, 128328, 15/12/2018 10:00:01, FP_DM_PRIOR, 6, 7.3, 1281.1, 0, 1, 0, 15, 256, 275, 2228, 1.3, 697.6, 3942.5
2, 128329, 15/12/2018 10:20:05, FP_DM_PRIOR, 1.9, 4.6, 765.7, 2.7, 0, 0, 2, 48, 34, 418, 0, 94.5, 53.5
2, 128330, 15/12/2018 10:40:26, FP_DM_PRIOR, 5.9, 7.2, 1638.8, 0.6, 0, 0, 49, 1224, 1394, 2358, 0.7, 2172.3, 3106.7
2, 128331, 15/12/2018 11:00:04, FP_DM_PRIOR, 3.3, 3.6, 873.2, 0, 0, 0, 1, 16, 16, 673, 0.3, 202.5, 373.9
2, 128332, 15/12/2018 11:20:32, FP_DM_PRIOR, 4, 6.4, 1166.3, 2, 0, 0, 73, 1760, 2071, 1604, 0.4, 1746.5, 1458.1
2, 128333, 15/12/2018 11:40:33, FP_DM_PRIOR, 2.5, 2.8, 355.6, 0, 0, 0, 11, 192, 193, 846, 0.3, 314.2, 1240.2
2, 128334, 15/12/2018 12:00:09, FP_DM_PRIOR, 5.1, 33.3, 4998.4, 25.9, 1, 0, 2312, 54922, 58377, 265891, 2.3, 824, 10847.3
2, 128307, 15/12/2018 00:00:06, HDP_UNLOAD_GROUP, 0, 0, 0, 0, 0, 0, 0, 0, 17, 0, 0, 0, 0
2, 128308, 15/12/2018 00:20:02, HDP_UNLOAD_GROUP, 4.7, 30.1, 1349.2, 22.7, 0, 0, 9, 96, 469, 19259, 2.7, 3837.4, 697.9
2, 128309, 15/12/2018 00:40:07, HDP_UNLOAD_GROUP, 12.2, 42.5, 2236.9, 25.6, 1, 0, 17, 180, 171, 23209, 4.7, 3014.6, 3028.5
2, 128310, 15/12/2018 01:00:14, HDP_UNLOAD_GROUP, 11.7, 29.1, 1564.4, 14.4, 0, 0, 51, 496, 732, 14114, 3, 767.7, 1821.5
2, 128311, 15/12/2018 01:20:07, HDP_UNLOAD_GROUP, 9.3, 20.3, 1405.6, 8.2, 4, 0, 74, 640, 1236, 9851, 2.8, 1255.8, 1463.9
2, 128312, 15/12/2018 01:40:20, HDP_UNLOAD_GROUP, 12.2, 19.2, 1333.3, 3.4, 0, 0, 12, 104, 171, 13007, 3.6, 1041.2, 2030.3
2, 128313, 15/12/2018 02:00:06, HDP_UNLOAD_GROUP, 9.6, 13.2, 787.3, 0.4, 0, 0, 13, 136, 151, 7507, 3.2, 928.1, 1110.6
2, 128314, 15/12/2018 02:20:19, HDP_UNLOAD_GROUP, 1.7, 3.5, 2899.6, 0.6, 0, 0, 19, 224, 334, 227, 1.2, 178.7, 427.9
2, 128315, 15/12/2018 02:40:16, HDP_UNLOAD_GROUP, 3.1, 3.4, 419.7, 0.3, 0, 0, 7, 56, 124, 729, 0, 207.8, 0.4
2, 128316, 15/12/2018 03:00:27, HDP_UNLOAD_GROUP, 2.1, 2.8, 479.1, 0.7, 0, 0, 0, 0, 0, 354, 0, 119.4, 1.4
2, 128334, 15/12/2018 12:00:09, HDP_UNLOAD_GROUP, 1.9, 13.2, 4916.7, 10.3, 0, 0, 137, 1400, 2516, 225940, 1, 315.2, 246.8
2, 128310, 15/12/2018 01:00:14, ODS_SUPPORT_GROUP, 0, 0, 1, 0, 0, 0, 0, 0, 9, 2, 0, 0, 0
2, 128311, 15/12/2018 01:20:07, ODS_SUPPORT_GROUP, 0, 0, 0.6, 0, 0, 0, 0, 0, 8, 0, 0, 0, 0
2, 128317, 15/12/2018 03:20:46, ODS_SUPPORT_GROUP, 0, 0, 0.9, 0, 0, 0, 0, 0, 7, 0, 0, 0, 0
2, 128318, 15/12/2018 03:40:15, ODS_SUPPORT_GROUP, 0, 0, 0.3, 0, 0, 0, 0, 0, 9, 0, 0, 0, 0
2, 128320, 15/12/2018 04:20:03, ODS_SUPPORT_GROUP, 0, 0, 0, 0, 0, 0, 0, 0, 9, 0, 0, 0, 0
2, 128321, 15/12/2018 04:40:01, ODS_SUPPORT_GROUP, 0, 0, 0, 0, 0, 0, 0, 0, 7, 0, 0, 0, 0
2, 128322, 15/12/2018 05:00:04, ODS_SUPPORT_GROUP, 0, 0, 0, 0, 0, 0, 0, 0, 10, 0, 0, 0, 0
2, 128325, 15/12/2018 06:00:17, ODS_SUPPORT_GROUP, 0, 0, 0.1, 0, 0, 0, 0, 0, 64, 1, 0, 0, 0
2, 128330, 15/12/2018 10:40:26, ODS_SUPPORT_GROUP, 0, 0, 0.5, 0, 0, 0, 0, 0, 8, 0, 0, 0, 0
2, 128333, 15/12/2018 11:40:33, ODS_SUPPORT_GROUP, 0, 0, 0.1, 0, 0, 0, 0, 0, 6, 0, 0, 0, 0
2, 128334, 15/12/2018 12:00:09, ODS_SUPPORT_GROUP, 0.2, 0.6, 32.9, 0.4, 0, 0, 42, 963, 1444, 21235, 0, 411.4, 7.2
2, 128307, 15/12/2018 00:00:06, OTHER_GROUPS, 20.2, 40.9, 8139.7, 17.9, 0, 0, 0, 0, 728, 26576, 2.8, 49.2, 1535.8
2, 128308, 15/12/2018 00:20:02, OTHER_GROUPS, 22.1, 46.3, 8676.1, 19.3, 0, 0, 0, 0, 746, 26583, 4.9, 46.2, 1062.4
2, 128309, 15/12/2018 00:40:07, OTHER_GROUPS, 24.4, 57.5, 9755.6, 31.1, 0, 0, 0, 0, 760, 25414, 2, 48.2, 798.3
2, 128310, 15/12/2018 01:00:14, OTHER_GROUPS, 22.8, 40.5, 7867.2, 16.3, 0, 0, 0, 0, 1442, 23665, 1.4, 50.2, 726.1
2, 128311, 15/12/2018 01:20:07, OTHER_GROUPS, 15.7, 34.8, 8625.9, 17.9, 0, 0, 0, 0, 900, 17285, 1.2, 19.1, 891
2, 128312, 15/12/2018 01:40:20, OTHER_GROUPS, 20.8, 45.7, 7879.4, 20.7, 0, 0, 0, 0, 1310, 27131, 4.2, 67, 5284
2, 128313, 15/12/2018 02:00:06, OTHER_GROUPS, 20.1, 40.2, 6788.1, 15.2, 0, 0, 0, 0, 1558, 25507, 4.9, 69.1, 5683.3
2, 128314, 15/12/2018 02:20:19, OTHER_GROUPS, 17.2, 21.4, 7039, 3.3, 0, 0, 0, 0, 1270, 20645, 0.9, 25.7, 1059.6
2, 128315, 15/12/2018 02:40:16, OTHER_GROUPS, 23.4, 33.8, 8871.9, 9, 0, 0, 0, 0, 638, 35816, 1.4, 44.9, 1064.3
2, 128316, 15/12/2018 03:00:27, OTHER_GROUPS, 19.2, 51.3, 14034.2, 30.4, 0, 0, 0, 0, 618, 26927, 1.7, 28.5, 1072.6
2, 128317, 15/12/2018 03:20:46, OTHER_GROUPS, 17.4, 21.7, 6941, 0, 0, 0, 0, 0, 565, 21652, 4.3, 24.7, 1040.8
2, 128318, 15/12/2018 03:40:15, OTHER_GROUPS, 14.3, 18.7, 6791.9, 3.4, 0, 0, 0, 0, 589, 14360, 1, 22.8, 1239.8
2, 128319, 15/12/2018 04:00:32, OTHER_GROUPS, 14.5, 24.4, 47837.6, 8.8, 0, 0, 0, 0, 1554, 13649, 1.1, 27.9, 1480.9
2, 128320, 15/12/2018 04:20:03, OTHER_GROUPS, 13.6, 15, 34056.9, 0, 0, 0, 0, 0, 1951, 8761, 1.4, 801.7, 1552.8
2, 128321, 15/12/2018 04:40:01, OTHER_GROUPS, 9.4, 13.8, 29937.7, 2.7, 0, 0, 0, 0, 2166, 5051, 1.7, 979.4, 2075.7
2, 128322, 15/12/2018 05:00:04, OTHER_GROUPS, 5.5, 9, 6373.7, 1.3, 0, 0, 0, 0, 1063, 3356, 2.2, 356.5, 2211
2, 128323, 15/12/2018 05:20:02, OTHER_GROUPS, 2.4, 8.8, 8852.4, 5.5, 0, 0, 0, 0, 576, 1612, 0.9, 28.3, 2212.7
2, 128324, 15/12/2018 05:40:15, OTHER_GROUPS, 2, 17, 11186.1, 13.9, 0, 0, 0, 0, 612, 909, 1.1, 30.4, 2378.2
2, 128325, 15/12/2018 06:00:17, OTHER_GROUPS, 17.1, 36.6, 9989.7, 17.6, 0, 0, 14, 473, 9847, 196842, 1.9, 779, 2955.8
2, 128326, 15/12/2018 09:26:53, OTHER_GROUPS, 16.9, 32.3, 9979, 13.4, 0, 0, 0, 0, 432, 13056, 2, 97.7, 4045.9
2, 128327, 15/12/2018 09:42:00, OTHER_GROUPS, 17.7, 47.3, 9503.6, 27.8, 0, 0, 1, 32, 672, 15692, 1.8, 72.4, 3711.9
2, 128328, 15/12/2018 10:00:01, OTHER_GROUPS, 20.4, 30.2, 8479, 5.9, 0, 0, 0, 0, 601, 24960, 3.9, 84.1, 4978.9
2, 128329, 15/12/2018 10:20:05, OTHER_GROUPS, 16.7, 23.7, 8127.8, 4.5, 0, 0, 0, 0, 586, 16230, 2.5, 133.8, 4248.4
2, 128330, 15/12/2018 10:40:26, OTHER_GROUPS, 17.5, 36.3, 9653.2, 16.2, 0, 0, 0, 0, 607, 14603, 2.6, 210.4, 4521.4
2, 128331, 15/12/2018 11:00:04, OTHER_GROUPS, 20.9, 27.4, 8667.1, 3.1, 0, 0, 2, 46, 771, 23865, 3.4, 1169.3, 3379.5
2, 128332, 15/12/2018 11:20:32, OTHER_GROUPS, 16.7, 27.4, 8595.3, 8.3, 0, 0, 1, 32, 579, 17088, 2.4, 850, 3994
2, 128333, 15/12/2018 11:40:33, OTHER_GROUPS, 15.7, 28.2, 8759.2, 10.4, 0, 0, 0, 0, 574, 14152, 2.1, 639, 4600.3
2, 128334, 15/12/2018 12:00:09, OTHER_GROUPS, 16.3, 22.9, 3774.5, 4.9, 0, 0, 215, 5299, 51522, 1199477, 1.7, 442.7, 2848.4
3, 128308, 15/12/2018 00:20:02, ADW_UNLOAD_GROUP, 0, 0, 0, 0, 0, 0, 0, 0, 72, 0, 0, 0, 0
3, 128309, 15/12/2018 00:40:07, ADW_UNLOAD_GROUP, 0, 0, 0, 0, 0, 0, 0, 0, 72, 3, 0, 0, 0
3, 128310, 15/12/2018 01:00:14, ADW_UNLOAD_GROUP, 0, 0, 0, 0, 0, 0, 0, 0, 72, 0, 0, 0, 0
3, 128307, 15/12/2018 00:00:06, DM_TECH_GROUP, 1.7, 3.1, 1553.5, 1, 0, 0, 2, 32, 164, 303, 0.4, 240.8, 1326.9
3, 128308, 15/12/2018 00:20:02, DM_TECH_GROUP, 3.4, 4.3, 15090.6, 0.7, 0, 0, 0, 0, 0, 979, 0.2, 125.5, 419.9
3, 128309, 15/12/2018 00:40:07, DM_TECH_GROUP, 3.3, 3.7, 8217.2, 0.3, 0, 0, 0, 0, 0, 1060, 0.1, 27.7, 214.1
3, 128310, 15/12/2018 01:00:14, DM_TECH_GROUP, 0.9, 1.8, 604, 0.6, 0, 0, 2, 32, 65, 138, 0.3, 24, 480.6
3, 128311, 15/12/2018 01:20:07, DM_TECH_GROUP, 0.4, 0.9, 132.5, 0.5, 0, 0, 0, 0, 1, 31, 0, 2.9, 344.4
3, 128312, 15/12/2018 01:40:20, DM_TECH_GROUP, 0.4, 0.7, 146.5, 0.2, 0, 0, 0, 0, 0, 20, 0.1, 2.9, 350.6
3, 128313, 15/12/2018 02:00:06, DM_TECH_GROUP, 0.6, 0.8, 84.3, 0.1, 0, 0, 2, 19, 75, 56, 0.1, 11.7, 261.9
3, 128314, 15/12/2018 02:20:19, DM_TECH_GROUP, 0.5, 0.6, 64.9, 0.1, 0, 0, 0, 0, 0, 16, 0, 2.8, 326.4
3, 128315, 15/12/2018 02:40:16, DM_TECH_GROUP, 0.5, 0.6, 28.9, 0.1, 0, 0, 0, 0, 6, 12, 0, 1.9, 220.3
3, 128307, 15/12/2018 00:00:06, OTHER_GROUPS, 1.6, 34.4, 8022.9, 32.7, 0, 0, 16, 64, 1006, 465, 0.1, 3654.9, 192.3
3, 128308, 15/12/2018 00:20:02, OTHER_GROUPS, 14.2, 72.8, 10254.6, 56.8, 0, 0, 803, 4856, 20363, 11244, 1.8, 12230.2, 1284.6
3, 128309, 15/12/2018 00:40:07, OTHER_GROUPS, 21.4, 53, 8758.8, 30.5, 0, 0, 498, 3316, 4790, 23760, 1.1, 4102.9, 1335.3
3, 128310, 15/12/2018 01:00:14, OTHER_GROUPS, 5.7, 33.5, 9025, 27.8, 0, 0, 32, 252, 1584, 1569, 0, 228.1, 50.9
3, 128311, 15/12/2018 01:20:07, OTHER_GROUPS, 4, 24.5, 8171.5, 20.5, 0, 0, 4, 40, 842, 1092, 0, 199.5, 13.2
3, 128312, 15/12/2018 01:40:20, OTHER_GROUPS, 0, 25.4, 8744.2, 25.4, 0, 0, 0, 0, 1225, 2, 0, 1.5, 11
3, 128313, 15/12/2018 02:00:06, OTHER_GROUPS, 0, 14.5, 7666.4, 14.5, 0, 0, 0, 0, 1631, 1, 0, 5.5, 14
3, 128314, 15/12/2018 02:20:19, OTHER_GROUPS, 0, 17.8, 13770.2, 17.8, 0, 0, 0, 0, 1347, 2, 0, 1.3, 14
3, 128315, 15/12/2018 02:40:16, OTHER_GROUPS, 0, 17.4, 11102.5, 17.4, 0, 0, 0, 0, 555, 4, 0, 2.1, 22.6
3, 128307, 15/12/2018 00:00:06, SZB_SANDBOX_GROUP, 5, 5.5, 2188.6, 0, 0, 0, 12, 736, 1434, 1501, 0.5, 700.1, 246.8
3, 128308, 15/12/2018 00:20:02, SZB_SANDBOX_GROUP, 2, 3, 1240.3, 0, 0, 0, 13, 736, 1044, 472, 1, 87.8, 580.8
3, 128309, 15/12/2018 00:40:07, SZB_SANDBOX_GROUP, 1.2, 1.3, 578.2, 0.1, 0, 0, 2, 128, 358, 148, 0, 11.1, 41.5
3, 128310, 15/12/2018 01:00:14, SZB_SANDBOX_GROUP, 9.8, 10, 7689.4, 0, 0, 0, 6, 352, 1031, 1674, 0.2, 1762.7, 93.8
3, 128311, 15/12/2018 01:20:07, SZB_SANDBOX_GROUP, 1.3, 2, 463.5, 0.5, 0, 0, 10, 461, 272, 62, 0.2, 61.6, 56.9
3, 128312, 15/12/2018 01:40:20, SZB_SANDBOX_GROUP, 0.7, 1.4, 921.9, 0.5, 0, 0, 2, 128, 190, 45, 0.2, 99.7, 298.1
3, 128313, 15/12/2018 02:00:06, SZB_SANDBOX_GROUP, 8.8, 9.9, 2602.9, 0, 0, 0, 4, 224, 3169, 3470, 1.1, 1535.9, 2517.9
3, 128314, 15/12/2018 02:20:19, SZB_SANDBOX_GROUP, 0.9, 1.4, 1060.9, 0.4, 0, 0, 12, 481, 531, 60, 0.1, 113.1, 489.1
3, 128315, 15/12/2018 02:40:16, SZB_SANDBOX_GROUP, 7.5, 8.2, 1076.7, 0, 0, 0, 53, 3104, 5247, 1917, 0.7, 385.9, 1075.9
4, 128308, 15/12/2018 00:20:02, ADW_UNLOAD_GROUP, 0, 0, 0, 0, 0, 0, 0, 0, 73, 0, 0, 0, 0
4, 128310, 15/12/2018 01:00:13, ADW_UNLOAD_GROUP, 0, 0, 0, 0, 0, 0, 0, 0, 72, 1, 0, 0, 0
4, 128311, 15/12/2018 01:20:07, ADW_UNLOAD_GROUP, 0, 0, 0, 0, 0, 0, 0, 0, 71, 0, 0, 0, 0
4, 128312, 15/12/2018 01:40:20, ADW_UNLOAD_GROUP, 0, 0, 0, 0, 0, 0, 0, 0, 72, 0, 0, 0, 0
4, 128318, 15/12/2018 03:40:15, ADW_UNLOAD_GROUP, 0, 0, 0, 0, 0, 0, 0, 0, 77, 0, 0, 0, 0
4, 128319, 15/12/2018 04:00:32, ADW_UNLOAD_GROUP, 0, 0, 0, 0, 0, 0, 0, 0, 66, 0, 0, 0, 0
4, 128320, 15/12/2018 04:20:03, ADW_UNLOAD_GROUP, 0, 0, 0, 0, 0, 0, 0, 0, 72, 1, 0, 0, 0
4, 128321, 15/12/2018 04:40:01, ADW_UNLOAD_GROUP, 0, 0, 0, 0, 0, 0, 0, 0, 71, 0, 0, 0, 0
4, 128322, 15/12/2018 05:00:06, ADW_UNLOAD_GROUP, 0, 0, 0, 0, 0, 0, 0, 0, 73, 0, 0, 0, 0
4, 128325, 15/12/2018 06:00:17, ADW_UNLOAD_GROUP, 0, 0, 0, 0, 0, 0, 0, 0, 750, 5, 0, 0, 0
4, 128326, 15/12/2018 09:26:53, ADW_UNLOAD_GROUP, 0, 0, 0, 0, 0, 0, 0, 0, 59, 1, 0, 0, 0
4, 128327, 15/12/2018 09:42:00, ADW_UNLOAD_GROUP, 0, 0, 0, 0, 0, 0, 0, 0, 58, 1, 0, 0, 0
4, 128328, 15/12/2018 10:00:02, ADW_UNLOAD_GROUP, 0, 0, 0, 0, 0, 0, 0, 0, 103, 0, 0, 0, 0
4, 128329, 15/12/2018 10:20:05, ADW_UNLOAD_GROUP, 0, 0, 0, 0, 0, 0, 0, 0, 123, 0, 0, 0, 0
4, 128332, 15/12/2018 11:20:32, ADW_UNLOAD_GROUP, 0, 0, 0, 0, 0, 0, 0, 0, 71, 1, 0, 0, 0
4, 128333, 15/12/2018 11:40:33, ADW_UNLOAD_GROUP, 0, 0, 0, 0, 0, 0, 0, 0, 108, 0, 0, 0, 0
4, 128334, 15/12/2018 12:00:09, ADW_UNLOAD_GROUP, 0, 0, 0, 0, 0, 0, 0, 0, 4349, 80, 0, 1.4, 1.5
4, 128307, 15/12/2018 00:00:05, DM_TECH_GROUP, 0.3, 5, 98.7, 4.7, 0, 0, 0, 0, 16, 155, 0, 33.1, 34.9
4, 128308, 15/12/2018 00:20:02, DM_TECH_GROUP, 0.4, 5.1, 104.1, 4.7, 0, 0, 0, 0, 17, 204, 0, 39.7, 40.9
4, 128309, 15/12/2018 00:40:07, DM_TECH_GROUP, 2, 7.3, 3135.6, 5.2, 0, 0, 0, 0, 48, 349, 0.1, 390.5, 124.4
4, 128310, 15/12/2018 01:00:13, DM_TECH_GROUP, 3.2, 7.2, 15242.5, 4, 0, 0, 0, 0, 0, 821, 0, 33.9, 35.5
4, 128311, 15/12/2018 01:20:07, DM_TECH_GROUP, 3.2, 7.8, 10042.1, 4.6, 0, 0, 1, 16, 0, 633, 0, 63.2, 40.1
4, 128312, 15/12/2018 01:40:20, DM_TECH_GROUP, 0.3, 4.7, 94.7, 4.4, 0, 0, 0, 0, 0, 188, 0, 58.9, 55.1
4, 128313, 15/12/2018 02:00:06, DM_TECH_GROUP, 0.3, 4.7, 84.9, 4.4, 0, 0, 0, 0, 0, 155, 0, 33.5, 34.1
4, 128314, 15/12/2018 02:20:19, DM_TECH_GROUP, 0.4, 4.7, 86, 4.3, 0, 0, 0, 0, 0, 249, 0, 58, 58.7
4, 128315, 15/12/2018 02:40:16, DM_TECH_GROUP, 0.3, 4.7, 87.5, 4.4, 0, 0, 0, 0, 0, 226, 0, 54.7, 55.3
4, 128316, 15/12/2018 03:00:27, DM_TECH_GROUP, 0.2, 8, 156.7, 7.8, 0, 0, 0, 0, 0, 120, 0, 19, 20
4, 128317, 15/12/2018 03:20:46, DM_TECH_GROUP, 0.2, 4.5, 89.2, 4.2, 0, 0, 0, 0, 0, 100, 0.1, 18.5, 18.9
4, 128318, 15/12/2018 03:40:15, DM_TECH_GROUP, 0.3, 5, 100.2, 4.6, 0, 0, 0, 0, 0, 194, 0.1, 44, 44.4
4, 128319, 15/12/2018 04:00:32, DM_TECH_GROUP, 0.3, 4.7, 95.4, 4.3, 0, 0, 0, 0, 0, 171, 0.1, 28.2, 28.7
4, 128320, 15/12/2018 04:20:03, DM_TECH_GROUP, 0.3, 4.6, 93.6, 4.3, 0, 0, 0, 0, 0, 118, 0, 18.5, 18.7
4, 128321, 15/12/2018 04:40:01, DM_TECH_GROUP, 0.3, 4.8, 88.2, 4.5, 0, 0, 0, 0, 0, 165, 0, 29.3, 31
4, 128322, 15/12/2018 05:00:06, DM_TECH_GROUP, 0.3, 4.6, 81.8, 4.3, 0, 0, 0, 0, 0, 149, 0, 32.8, 33.2
4, 128323, 15/12/2018 05:20:02, DM_TECH_GROUP, 0.3, 4.6, 81.9, 4.3, 0, 0, 0, 0, 0, 141, 0, 24.3, 24.4
4, 128324, 15/12/2018 05:40:15, DM_TECH_GROUP, 0.3, 4.8, 86.4, 4.5, 0, 0, 0, 0, 0, 150, 0, 27.3, 27.4
4, 128325, 15/12/2018 06:00:17, DM_TECH_GROUP, 0.3, 4.7, 89.6, 4.4, 0, 0, 0, 0, 25, 1142, 0, 28.6, 29
4, 128326, 15/12/2018 09:26:53, DM_TECH_GROUP, 0.3, 4.4, 78.6, 4.1, 0, 0, 0, 0, 0, 108, 0, 29.1, 29.3
4, 128327, 15/12/2018 09:42:00, DM_TECH_GROUP, 0.3, 5, 91.8, 4.7, 0, 0, 0, 0, 0, 155, 0, 38.2, 38.8
4, 128328, 15/12/2018 10:00:02, DM_TECH_GROUP, 0.3, 4.8, 88.8, 4.5, 0, 0, 0, 0, 0, 132, 0, 28.2, 28.5
4, 128329, 15/12/2018 10:20:05, DM_TECH_GROUP, 0.3, 4.6, 86.4, 4.3, 0, 0, 0, 0, 0, 156, 0, 44.7, 45.2
4, 128330, 15/12/2018 10:40:26, DM_TECH_GROUP, 0.3, 4.7, 92.4, 4.4, 0, 0, 0, 0, 0, 241, 0, 51.8, 52.2
4, 128331, 15/12/2018 11:00:04, DM_TECH_GROUP, 0.3, 4.3, 84.8, 4, 0, 0, 0, 0, 0, 105, 0, 28.6, 29
4, 128332, 15/12/2018 11:20:32, DM_TECH_GROUP, 0.3, 5.2, 103.9, 4.9, 0, 0, 0, 0, 0, 139, 0, 45.1, 45.4
4, 128333, 15/12/2018 11:40:33, DM_TECH_GROUP, 0.3, 3.8, 76.4, 3.5, 0, 0, 0, 0, 0, 238, 0, 51.6, 51.8
4, 128334, 15/12/2018 12:00:09, DM_TECH_GROUP, 2.9, 31.1, 25449.5, 26.9, 4, 0, 3631, 52180, 55022, 172111, 1.3, 330.1, 2070.1
4, 128307, 15/12/2018 00:00:05, OTHER_GROUPS, 1.5, 31.4, 21242.6, 29.7, 0, 0, 56, 224, 1523, 469, 0.2, 1092.8, 254.3
4, 128308, 15/12/2018 00:20:02, OTHER_GROUPS, 11.2, 82.6, 15910.7, 70.7, 0, 0, 207, 1248, 2835, 6475, 0.7, 8927.6, 711.3
4, 128309, 15/12/2018 00:40:07, OTHER_GROUPS, 12.9, 50.4, 9090.2, 36.8, 0, 0, 431, 3172, 4022, 8537, 0.7, 4569.1, 1217.5
4, 128310, 15/12/2018 01:00:13, OTHER_GROUPS, 5.4, 24.2, 8544.6, 18.1, 0, 0, 276, 2036, 3544, 1941, 0.7, 1043.2, 2393.2
4, 128311, 15/12/2018 01:20:07, OTHER_GROUPS, 7, 25.9, 9968.6, 18, 0, 0, 1, 8, 1010, 3603, 0.9, 673.9, 3509.9
4, 128312, 15/12/2018 01:40:20, OTHER_GROUPS, 3.1, 13.8, 7622.1, 10.4, 0, 0, 8, 44, 1313, 1272, 0.3, 513.9, 3100.5
4, 128313, 15/12/2018 02:00:06, OTHER_GROUPS, 0.3, 16.5, 11140.3, 16.1, 0, 0, 0, 0, 1560, 63, 0.1, 4, 268.9
4, 128314, 15/12/2018 02:20:19, OTHER_GROUPS, 0.4, 10.2, 8976.2, 9.7, 0, 0, 0, 0, 1258, 29, 0.1, 9.1, 341.9
4, 128315, 15/12/2018 02:40:16, OTHER_GROUPS, 0.2, 8.2, 5830.2, 8, 0, 0, 0, 0, 728, 8, 0, 4, 43.5
4, 128316, 15/12/2018 03:00:27, OTHER_GROUPS, 0.4, 39.8, 16552.3, 39.3, 0, 0, 0, 0, 805, 78, 0.1, 6, 164.3
4, 128317, 15/12/2018 03:20:46, OTHER_GROUPS, 0.5, 21, 8650.3, 20.2, 0, 0, 0, 0, 604, 70, 0.3, 7.9, 160.7
4, 128318, 15/12/2018 03:40:15, OTHER_GROUPS, 0.4, 18.6, 11335.1, 17.9, 0, 0, 0, 0, 548, 35, 0.3, 14.8, 313.4
4, 128319, 15/12/2018 04:00:32, OTHER_GROUPS, 0.5, 26.5, 45852.6, 25.9, 0, 0, 0, 0, 2170, 67, 0.1, 9, 59.9
4, 128320, 15/12/2018 04:20:03, OTHER_GROUPS, 13.3, 34.5, 47033.7, 20.8, 0, 0, 8, 44, 2496, 7096, 0.4, 2211.8, 99
4, 128321, 15/12/2018 04:40:01, OTHER_GROUPS, 14.3, 30.6, 48546.6, 15.8, 0, 0, 0, 0, 2698, 5604, 0.5, 945.5, 97.4
4, 128322, 15/12/2018 05:00:06, OTHER_GROUPS, 14.4, 29.6, 46351.3, 14.6, 0, 0, 1, 8, 2540, 4732, 0.6, 1051.4, 317.7
4, 128323, 15/12/2018 05:20:02, OTHER_GROUPS, 14, 28.5, 31954.7, 14, 0, 0, 0, 0, 1951, 6943, 0.5, 903.1, 350.5
4, 128324, 15/12/2018 05:40:15, OTHER_GROUPS, 9.8, 31.8, 17956.1, 21.7, 0, 0, 0, 0, 1310, 3302, 0.3, 560.4, 126.7
4, 128325, 15/12/2018 06:00:17, OTHER_GROUPS, 0.9, 24.7, 12745.6, 23.6, 0, 0, 3, 24, 8888, 1227, 0.2, 43.9, 201.2
4, 128326, 15/12/2018 09:26:53, OTHER_GROUPS, 0.3, 18.5, 7778, 18, 0, 0, 0, 0, 445, 14, 0.2, 15.3, 62.8
4, 128327, 15/12/2018 09:42:00, OTHER_GROUPS, 0.2, 19.8, 7593.3, 19.5, 0, 0, 0, 0, 527, 8, 0.1, 22.9, 56.7
4, 128328, 15/12/2018 10:00:02, OTHER_GROUPS, 0.3, 21.3, 7439, 20.9, 0, 0, 0, 0, 616, 21, 0.1, 19.4, 189.7
4, 128329, 15/12/2018 10:20:05, OTHER_GROUPS, 0.4, 21, 7927.7, 20.5, 0, 0, 0, 0, 580, 10, 0.1, 11.1, 378.8
4, 128330, 15/12/2018 10:40:26, OTHER_GROUPS, 0.2, 21.2, 7583.1, 20.9, 0, 0, 0, 0, 567, 3, 0.1, 11.3, 96.7
4, 128331, 15/12/2018 11:00:04, OTHER_GROUPS, 0.4, 20.3, 6755.6, 19.8, 0, 0, 0, 0, 601, 47, 0.1, 12.3, 235
4, 128332, 15/12/2018 11:20:32, OTHER_GROUPS, 0.3, 14.5, 6071.6, 14, 0, 0, 0, 0, 582, 27, 0.2, 10.2, 354.5
4, 128333, 15/12/2018 11:40:33, OTHER_GROUPS, 0.2, 15.1, 5374.3, 14.8, 0, 0, 0, 0, 569, 1, 0.1, 7.6, 86.8
4, 128334, 15/12/2018 12:00:09, OTHER_GROUPS, 6.6, 15.8, 6569.9, 8.3, 14, 0, 3257, 43081, 210421, 304708, 0.9, 1243.9, 1646.7
4, 128307, 15/12/2018 00:00:05, SZB_SANDBOX_GROUP, 12.7, 15.2, 10192.9, 0.9, 0, 0, 34, 1343, 109017, 3300, 1.6, 4366.5, 1679.7
4, 128308, 15/12/2018 00:20:02, SZB_SANDBOX_GROUP, 4.3, 10.1, 2811.7, 5.1, 0, 0, 6, 271, 945, 1851, 0.7, 7569.3, 626
4, 128309, 15/12/2018 00:40:07, SZB_SANDBOX_GROUP, 4.1, 9.3, 1072.5, 4.9, 0, 0, 5, 271, 511, 959, 0.3, 5006.5, 271.7
4, 128310, 15/12/2018 01:00:13, SZB_SANDBOX_GROUP, 4.3, 5.7, 1324.9, 1.1, 0, 0, 7, 384, 889, 933, 0.3, 2121.9, 401.5
4, 128311, 15/12/2018 01:20:07, SZB_SANDBOX_GROUP, 2.8, 3, 1171.9, 0, 0, 0, 9, 399, 861, 552, 0.2, 193.7, 316.9
4, 128312, 15/12/2018 01:40:20, SZB_SANDBOX_GROUP, 2, 2.2, 651, 0, 0, 0, 29, 1359, 1314, 195, 0.2, 138.1, 548.6
4, 128313, 15/12/2018 02:00:06, SZB_SANDBOX_GROUP, 24.6, 28.7, 19347.3, 1.6, 0, 0, 24, 1007, 3266, 15044, 2.5, 4032.6, 4531
4, 128314, 15/12/2018 02:20:19, SZB_SANDBOX_GROUP, 6.3, 6.8, 1979, 0, 0, 0, 48, 2415, 3068, 1651, 0.5, 388.8, 1492.8
4, 128315, 15/12/2018 02:40:16, SZB_SANDBOX_GROUP, 4.1, 4.4, 701.4, 0, 0, 0, 14, 687, 2165, 694, 0.3, 302.3, 832.4
4, 128316, 15/12/2018 03:00:27, SZB_SANDBOX_GROUP, 26.7, 79.9, 37666.1, 49, 0, 0, 30, 1327, 6480, 20058, 4.2, 5596.5, 3720.4
4, 128317, 15/12/2018 03:20:46, SZB_SANDBOX_GROUP, 27.6, 29, 16315.9, 0, 0, 0, 19, 1024, 2493, 16923, 1.4, 12588.9, 825.8
4, 128318, 15/12/2018 03:40:15, SZB_SANDBOX_GROUP, 6.5, 16, 13275.5, 9, 0, 0, 21, 975, 3614, 1637, 0.5, 3119.4, 554.5
4, 128319, 15/12/2018 04:00:32, SZB_SANDBOX_GROUP, 17.7, 28.9, 10201.8, 9.2, 0, 0, 9, 463, 4105, 7612, 2, 6902.4, 1372.5
4, 128320, 15/12/2018 04:20:03, SZB_SANDBOX_GROUP, 22, 24.4, 17499, 0, 0, 0, 27, 1135, 4935, 14399, 2.4, 6086.9, 2924.2
4, 128321, 15/12/2018 04:40:01, SZB_SANDBOX_GROUP, 14.5, 15.3, 11813.9, 0, 0, 0, 12, 623, 2829, 3927, 0.8, 4403.8, 1162.5
4, 128322, 15/12/2018 05:00:06, SZB_SANDBOX_GROUP, 11.3, 21.1, 10462, 9, 0, 0, 12, 524, 1493, 2200, 0.8, 2154.9, 835.2
4, 128323, 15/12/2018 05:20:02, SZB_SANDBOX_GROUP, 27.9, 35, 22365.2, 2.8, 0, 0, 1, 15, 2519, 29612, 4.3, 2005.2, 8218.5
4, 128324, 15/12/2018 05:40:15, SZB_SANDBOX_GROUP, 18.2, 20, 18800.3, 0, 0, 0, 1, 32, 191, 12287, 1.8, 1012.6, 4233.3
4, 128325, 15/12/2018 06:00:17, SZB_SANDBOX_GROUP, 15.6, 25.8, 22181.5, 8.1, 0, 0, 186, 7473, 119870, 103013, 2.1, 2010, 3936.1
4, 128326, 15/12/2018 09:26:53, SZB_SANDBOX_GROUP, 19, 20.7, 9660.6, 0, 0, 0, 39, 1503, 2145, 5899, 1.7, 980.1, 3529.7
4, 128327, 15/12/2018 09:42:00, SZB_SANDBOX_GROUP, 8.1, 16.3, 11686.4, 7.4, 0, 0, 33, 1135, 2118, 1557, 0.8, 1263.9, 1315.5
4, 128328, 15/12/2018 10:00:02, SZB_SANDBOX_GROUP, 17, 17.8, 9830.6, 0, 0, 0, 31, 1152, 2203, 4859, 0.8, 2529.5, 617.9
4, 128329, 15/12/2018 10:20:05, SZB_SANDBOX_GROUP, 6.9, 7.4, 2358.6, 0, 0, 0, 36, 1295, 3464, 977, 0.5, 514.5, 901.1
4, 128330, 15/12/2018 10:40:26, SZB_SANDBOX_GROUP, 2.4, 33.7, 26862.3, 31.2, 0, 0, 16, 687, 2510, 416, 0.1, 92.2, 159.5
4, 128331, 15/12/2018 11:00:04, SZB_SANDBOX_GROUP, 30.1, 32.5, 11152.9, 0, 0, 0, 22, 1007, 2586, 24354, 2.4, 5284.1, 3098.6
4, 128332, 15/12/2018 11:20:32, SZB_SANDBOX_GROUP, 7.7, 8, 12194.8, 0, 0, 0, 68, 1951, 13785, 2862, 0.3, 1560.5, 735.8
4, 128333, 15/12/2018 11:40:33, SZB_SANDBOX_GROUP, 7.9, 17.4, 12997.7, 9.3, 0, 0, 13, 500, 786, 3141, 0.2, 1439.8, 659.6
4, 128334, 15/12/2018 12:00:09, SZB_SANDBOX_GROUP, 5.9, 34.5, 19972, 28, 3, 0, 1412, 71155, 155783, 154566, 0.6, 1398.2, 764.9
